GDC_Aliquot	Chromosome	Start	End	Num_Probes	Segment_Mean
70af31e6-44e2-4d2c-baab-d9a7ff07670b	1	62920	266187	17	-0.3105
70af31e6-44e2-4d2c-baab-d9a7ff07670b	1	462795	599171	3	0.9371
70af31e6-44e2-4d2c-baab-d9a7ff07670b	1	668210	1575421	190	-0.0547
70af31e6-44e2-4d2c-baab-d9a7ff07670b	1	1696479	1741164	16	-0.8065
70af31e6-44e2-4d2c-baab-d9a7ff07670b	1	1756148	16689764	8440	0.008
70af31e6-44e2-4d2c-baab-d9a7ff07670b	1	16718963	16719266	3	0.7353
70af31e6-44e2-4d2c-baab-d9a7ff07670b	1	16721701	16863509	18	0.1804
70af31e6-44e2-4d2c-baab-d9a7ff07670b	1	16864367	16898730	13	0.593
70af31e6-44e2-4d2c-baab-d9a7ff07670b	1	16898872	16902211	3	-0.5946
70af31e6-44e2-4d2c-baab-d9a7ff07670b	1	16909189	16935737	37	0.5434
70af31e6-44e2-4d2c-baab-d9a7ff07670b	1	16935752	17277122	248	-0.0238
70af31e6-44e2-4d2c-baab-d9a7ff07670b	1	17278206	17283656	3	-1.322
70af31e6-44e2-4d2c-baab-d9a7ff07670b	1	17284418	25256850	5007	0.0206
70af31e6-44e2-4d2c-baab-d9a7ff07670b	1	25266637	25320455	24	-0.38
70af31e6-44e2-4d2c-baab-d9a7ff07670b	1	25336819	72297687	28707	0.0177
70af31e6-44e2-4d2c-baab-d9a7ff07670b	1	72302735	72345465	48	-0.5771
70af31e6-44e2-4d2c-baab-d9a7ff07670b	1	72346221	102190128	19251	0.0212
70af31e6-44e2-4d2c-baab-d9a7ff07670b	1	102190637	102387294	157	-0.8419
70af31e6-44e2-4d2c-baab-d9a7ff07670b	1	102393290	105478597	1531	0.0205
70af31e6-44e2-4d2c-baab-d9a7ff07670b	1	105478759	105479753	10	0.6846
70af31e6-44e2-4d2c-baab-d9a7ff07670b	1	105481433	109684893	2636	0.0236
70af31e6-44e2-4d2c-baab-d9a7ff07670b	1	109690352	109697556	13	1.075
70af31e6-44e2-4d2c-baab-d9a7ff07670b	1	109702376	111215021	1114	0.0111
70af31e6-44e2-4d2c-baab-d9a7ff07670b	1	111215408	111215824	2	-0.919
70af31e6-44e2-4d2c-baab-d9a7ff07670b	1	111215896	111235846	20	0.124
70af31e6-44e2-4d2c-baab-d9a7ff07670b	1	111237508	111237737	3	1.0199
70af31e6-44e2-4d2c-baab-d9a7ff07670b	1	111237792	112147704	809	0.0222
70af31e6-44e2-4d2c-baab-d9a7ff07670b	1	112153343	112154768	25	0.4245
70af31e6-44e2-4d2c-baab-d9a7ff07670b	1	112163334	143567319	5180	0.0256
70af31e6-44e2-4d2c-baab-d9a7ff07670b	1	143568166	143754798	95	-0.727
70af31e6-44e2-4d2c-baab-d9a7ff07670b	1	143759680	143811517	5	-2.3071
70af31e6-44e2-4d2c-baab-d9a7ff07670b	1	143890323	144432083	8	-0.7559
70af31e6-44e2-4d2c-baab-d9a7ff07670b	1	144432313	152583051	2311	0.0015
70af31e6-44e2-4d2c-baab-d9a7ff07670b	1	152583230	152614118	35	-1.8287
70af31e6-44e2-4d2c-baab-d9a7ff07670b	1	152618018	152787202	166	-0.0118
70af31e6-44e2-4d2c-baab-d9a7ff07670b	1	152789447	152796224	37	0.4288
70af31e6-44e2-4d2c-baab-d9a7ff07670b	1	152801429	191754630	26071	0.0221
70af31e6-44e2-4d2c-baab-d9a7ff07670b	1	191755174	191757028	4	-2.8158
70af31e6-44e2-4d2c-baab-d9a7ff07670b	1	191758819	212826477	14154	0.0197
70af31e6-44e2-4d2c-baab-d9a7ff07670b	1	212831113	212837094	8	-0.6636
70af31e6-44e2-4d2c-baab-d9a7ff07670b	1	212841111	217536548	3424	0.0148
70af31e6-44e2-4d2c-baab-d9a7ff07670b	1	217537191	217537218	2	-1.5506
70af31e6-44e2-4d2c-baab-d9a7ff07670b	1	217546221	227238371	6276	0.0231
70af31e6-44e2-4d2c-baab-d9a7ff07670b	1	227238504	227238705	2	-1.689
70af31e6-44e2-4d2c-baab-d9a7ff07670b	1	227241477	236736803	6639	0.0157
70af31e6-44e2-4d2c-baab-d9a7ff07670b	1	236736917	236737237	5	0.843
70af31e6-44e2-4d2c-baab-d9a7ff07670b	1	236738518	248930189	8702	0.0157
70af31e6-44e2-4d2c-baab-d9a7ff07670b	2	12784	65489482	45353	0.0236
70af31e6-44e2-4d2c-baab-d9a7ff07670b	2	65490878	65492807	6	-1.3546
70af31e6-44e2-4d2c-baab-d9a7ff07670b	2	65496822	146107615	44957	0.0208
70af31e6-44e2-4d2c-baab-d9a7ff07670b	2	146107675	146120238	17	0.8511
70af31e6-44e2-4d2c-baab-d9a7ff07670b	2	146120827	152939554	4198	0.0306
70af31e6-44e2-4d2c-baab-d9a7ff07670b	2	152940256	152940270	2	-1.8473
70af31e6-44e2-4d2c-baab-d9a7ff07670b	2	152944055	183704342	18910	0.0306
70af31e6-44e2-4d2c-baab-d9a7ff07670b	2	183706582	183707062	5	0.9747
70af31e6-44e2-4d2c-baab-d9a7ff07670b	2	183709047	212316590	16863	0.0248
70af31e6-44e2-4d2c-baab-d9a7ff07670b	2	212316597	212327508	31	-0.6941
70af31e6-44e2-4d2c-baab-d9a7ff07670b	2	212328104	222020792	6255	0.0323
70af31e6-44e2-4d2c-baab-d9a7ff07670b	2	222020848	222022922	2	-1.897
70af31e6-44e2-4d2c-baab-d9a7ff07670b	2	222024251	241841244	12599	0.0261
70af31e6-44e2-4d2c-baab-d9a7ff07670b	2	241973315	242037189	63	-0.808
70af31e6-44e2-4d2c-baab-d9a7ff07670b	2	242037377	242049595	7	-1.5145
70af31e6-44e2-4d2c-baab-d9a7ff07670b	2	242052623	242092368	32	-0.822
70af31e6-44e2-4d2c-baab-d9a7ff07670b	2	242095460	242147305	24	-0.0208
70af31e6-44e2-4d2c-baab-d9a7ff07670b	3	20930	713395	591	0.0886
70af31e6-44e2-4d2c-baab-d9a7ff07670b	3	714404	719956	2	-1.6924
70af31e6-44e2-4d2c-baab-d9a7ff07670b	3	720023	3104616	2127	0.0592
70af31e6-44e2-4d2c-baab-d9a7ff07670b	3	3105992	3107642	2	-1.7676
70af31e6-44e2-4d2c-baab-d9a7ff07670b	3	3107884	52989195	32955	0.0218
70af31e6-44e2-4d2c-baab-d9a7ff07670b	3	52997720	53005473	41	-1.4503
70af31e6-44e2-4d2c-baab-d9a7ff07670b	3	53005661	53007503	5	-0.6686
70af31e6-44e2-4d2c-baab-d9a7ff07670b	3	53007838	61990872	6764	0.03
70af31e6-44e2-4d2c-baab-d9a7ff07670b	3	61991450	61991833	2	-1.5017
70af31e6-44e2-4d2c-baab-d9a7ff07670b	3	61991878	82059630	13865	0.0188
70af31e6-44e2-4d2c-baab-d9a7ff07670b	3	82062201	82064038	3	-1.7772
70af31e6-44e2-4d2c-baab-d9a7ff07670b	3	82064741	84649683	1296	0.0216
70af31e6-44e2-4d2c-baab-d9a7ff07670b	3	84649706	84653449	22	-0.5313
70af31e6-44e2-4d2c-baab-d9a7ff07670b	3	84657133	99225614	5963	0.0213
70af31e6-44e2-4d2c-baab-d9a7ff07670b	3	99225632	99230577	37	-0.511
70af31e6-44e2-4d2c-baab-d9a7ff07670b	3	99232120	130035506	18687	0.016
70af31e6-44e2-4d2c-baab-d9a7ff07670b	3	130035762	130087393	43	0.4335
70af31e6-44e2-4d2c-baab-d9a7ff07670b	3	130088081	162778121	20243	0.0241
70af31e6-44e2-4d2c-baab-d9a7ff07670b	3	162785334	162910826	81	0.3227
70af31e6-44e2-4d2c-baab-d9a7ff07670b	3	162910855	162996729	69	0.0143
70af31e6-44e2-4d2c-baab-d9a7ff07670b	3	162999939	163001774	2	1.6993
70af31e6-44e2-4d2c-baab-d9a7ff07670b	3	163008371	195656271	20577	0.0254
70af31e6-44e2-4d2c-baab-d9a7ff07670b	3	195663809	195720051	24	-1.0394
70af31e6-44e2-4d2c-baab-d9a7ff07670b	3	195728637	198169247	1182	-0.0336
70af31e6-44e2-4d2c-baab-d9a7ff07670b	4	68929	9455251	5152	0.0133
70af31e6-44e2-4d2c-baab-d9a7ff07670b	4	9459504	9477699	6	-1.0348
70af31e6-44e2-4d2c-baab-d9a7ff07670b	4	9484440	10208766	539	0.0094
70af31e6-44e2-4d2c-baab-d9a7ff07670b	4	10212536	10232642	31	-1.7592
70af31e6-44e2-4d2c-baab-d9a7ff07670b	4	10232984	34777432	16969	0.0152
70af31e6-44e2-4d2c-baab-d9a7ff07670b	4	34784878	34823103	38	-2.3134
70af31e6-44e2-4d2c-baab-d9a7ff07670b	4	34828250	40698556	3876	-0.0044
70af31e6-44e2-4d2c-baab-d9a7ff07670b	4	40701994	40702175	3	-1.5569
70af31e6-44e2-4d2c-baab-d9a7ff07670b	4	40702670	49508382	5091	0.0227
70af31e6-44e2-4d2c-baab-d9a7ff07670b	4	49509185	49656595	15	-0.4588
70af31e6-44e2-4d2c-baab-d9a7ff07670b	4	51819533	54631719	1817	0.0215
70af31e6-44e2-4d2c-baab-d9a7ff07670b	4	54635559	54635754	3	-1.681
70af31e6-44e2-4d2c-baab-d9a7ff07670b	4	54639193	68395346	8619	0.0221
70af31e6-44e2-4d2c-baab-d9a7ff07670b	4	68416487	68663241	87	0.3137
70af31e6-44e2-4d2c-baab-d9a7ff07670b	4	68671434	114252544	27660	0.0198
70af31e6-44e2-4d2c-baab-d9a7ff07670b	4	114254167	114263073	24	0.4613
70af31e6-44e2-4d2c-baab-d9a7ff07670b	4	114263096	137170949	13217	0.028
70af31e6-44e2-4d2c-baab-d9a7ff07670b	4	137171041	137173967	18	-0.7853
70af31e6-44e2-4d2c-baab-d9a7ff07670b	4	137187209	155964036	11560	0.0224
70af31e6-44e2-4d2c-baab-d9a7ff07670b	4	155966920	155967367	6	-0.9809
70af31e6-44e2-4d2c-baab-d9a7ff07670b	4	155969109	156046823	53	0.0785
70af31e6-44e2-4d2c-baab-d9a7ff07670b	4	156046936	156052053	15	-0.7953
70af31e6-44e2-4d2c-baab-d9a7ff07670b	4	156053545	171448195	9736	0.0214
70af31e6-44e2-4d2c-baab-d9a7ff07670b	4	171453733	171456559	10	0.6382
70af31e6-44e2-4d2c-baab-d9a7ff07670b	4	171456573	182075640	7064	0.0282
70af31e6-44e2-4d2c-baab-d9a7ff07670b	4	182075727	188752456	4655	-0.0061
70af31e6-44e2-4d2c-baab-d9a7ff07670b	4	188752599	189844248	677	0.0259
70af31e6-44e2-4d2c-baab-d9a7ff07670b	4	189847213	189847541	2	-2.9137
70af31e6-44e2-4d2c-baab-d9a7ff07670b	4	189850015	190106768	72	0.0693
70af31e6-44e2-4d2c-baab-d9a7ff07670b	5	15532	46271006	30620	0.0113
70af31e6-44e2-4d2c-baab-d9a7ff07670b	5	46271828	46273400	6	-2.2719
70af31e6-44e2-4d2c-baab-d9a7ff07670b	5	46278110	54064229	2343	0.0043
70af31e6-44e2-4d2c-baab-d9a7ff07670b	5	54064690	54065232	3	-1.279
70af31e6-44e2-4d2c-baab-d9a7ff07670b	5	54065280	58025819	2720	0.0009
70af31e6-44e2-4d2c-baab-d9a7ff07670b	5	58030200	58044246	34	-0.3694
70af31e6-44e2-4d2c-baab-d9a7ff07670b	5	58045187	66572090	5311	0.0079
70af31e6-44e2-4d2c-baab-d9a7ff07670b	5	66573762	66573956	2	-3.6725
70af31e6-44e2-4d2c-baab-d9a7ff07670b	5	66574645	176033084	68954	0.0185
70af31e6-44e2-4d2c-baab-d9a7ff07670b	5	176038686	176042504	2	-2.2283
70af31e6-44e2-4d2c-baab-d9a7ff07670b	5	176043321	177771448	723	0.0039
70af31e6-44e2-4d2c-baab-d9a7ff07670b	5	177800550	177833329	6	-0.915
70af31e6-44e2-4d2c-baab-d9a7ff07670b	5	177838979	180947523	1791	0.0011
70af31e6-44e2-4d2c-baab-d9a7ff07670b	5	180951710	180991103	19	-2.0671
70af31e6-44e2-4d2c-baab-d9a7ff07670b	5	181006225	181363319	170	-0.0372
70af31e6-44e2-4d2c-baab-d9a7ff07670b	6	149661	254283	101	0.0013
70af31e6-44e2-4d2c-baab-d9a7ff07670b	6	257353	294837	23	-0.4707
70af31e6-44e2-4d2c-baab-d9a7ff07670b	6	302306	328070	13	0.0671
70af31e6-44e2-4d2c-baab-d9a7ff07670b	6	328357	382559	65	0.3526
70af31e6-44e2-4d2c-baab-d9a7ff07670b	6	382897	29868964	21423	0.0174
70af31e6-44e2-4d2c-baab-d9a7ff07670b	6	29869295	29882419	18	-0.9768
70af31e6-44e2-4d2c-baab-d9a7ff07670b	6	29882497	29931900	15	0.2804
70af31e6-44e2-4d2c-baab-d9a7ff07670b	6	29933787	29949369	15	-0.5939
70af31e6-44e2-4d2c-baab-d9a7ff07670b	6	29950659	31318528	633	-0.0182
70af31e6-44e2-4d2c-baab-d9a7ff07670b	6	31318754	31328176	6	-1.4953
70af31e6-44e2-4d2c-baab-d9a7ff07670b	6	31328210	32463515	499	-0.0382
70af31e6-44e2-4d2c-baab-d9a7ff07670b	6	32463775	32602588	34	0.7956
70af31e6-44e2-4d2c-baab-d9a7ff07670b	6	32605994	32783837	124	0.1848
70af31e6-44e2-4d2c-baab-d9a7ff07670b	6	32784185	52759229	12611	0.0206
70af31e6-44e2-4d2c-baab-d9a7ff07670b	6	52759272	52766329	15	-0.449
70af31e6-44e2-4d2c-baab-d9a7ff07670b	6	52766390	54314242	1150	0.0265
70af31e6-44e2-4d2c-baab-d9a7ff07670b	6	54314606	54314633	2	-1.2293
70af31e6-44e2-4d2c-baab-d9a7ff07670b	6	54314740	73882142	10206	0.0269
70af31e6-44e2-4d2c-baab-d9a7ff07670b	6	73882509	73891694	10	0.7784
70af31e6-44e2-4d2c-baab-d9a7ff07670b	6	73893839	78259348	2764	0.0265
70af31e6-44e2-4d2c-baab-d9a7ff07670b	6	78259388	78331916	114	0.3937
70af31e6-44e2-4d2c-baab-d9a7ff07670b	6	78332002	93772923	9891	0.0192
70af31e6-44e2-4d2c-baab-d9a7ff07670b	6	93776524	94588780	531	0.1163
70af31e6-44e2-4d2c-baab-d9a7ff07670b	6	94588794	170741917	49174	0.0197
70af31e6-44e2-4d2c-baab-d9a7ff07670b	7	43355	54305455	38430	0.0134
70af31e6-44e2-4d2c-baab-d9a7ff07670b	7	54318812	54318824	6	-1.488
70af31e6-44e2-4d2c-baab-d9a7ff07670b	7	54325795	67172252	3729	-0.0131
70af31e6-44e2-4d2c-baab-d9a7ff07670b	7	67176387	67180245	5	-1.7263
70af31e6-44e2-4d2c-baab-d9a7ff07670b	7	67182652	70955452	2385	0.0108
70af31e6-44e2-4d2c-baab-d9a7ff07670b	7	70958264	70961155	2	1.2626
70af31e6-44e2-4d2c-baab-d9a7ff07670b	7	70963257	88508071	9732	0.0194
70af31e6-44e2-4d2c-baab-d9a7ff07670b	7	88509034	90082211	1052	0.0872
70af31e6-44e2-4d2c-baab-d9a7ff07670b	7	90082371	92083762	1341	0.0067
70af31e6-44e2-4d2c-baab-d9a7ff07670b	7	92084316	92089856	3	-0.9185
70af31e6-44e2-4d2c-baab-d9a7ff07670b	7	92090294	97756658	3553	0.0277
70af31e6-44e2-4d2c-baab-d9a7ff07670b	7	97766148	97773163	16	-0.7608
70af31e6-44e2-4d2c-baab-d9a7ff07670b	7	97774928	105512744	3769	0.0124
70af31e6-44e2-4d2c-baab-d9a7ff07670b	7	105512795	105530703	10	-0.7276
70af31e6-44e2-4d2c-baab-d9a7ff07670b	7	105531462	108161224	1730	0.0235
70af31e6-44e2-4d2c-baab-d9a7ff07670b	7	108161434	108162976	2	-1.1779
70af31e6-44e2-4d2c-baab-d9a7ff07670b	7	108162984	109797612	1090	0.0433
70af31e6-44e2-4d2c-baab-d9a7ff07670b	7	109797616	109801903	20	-0.3853
70af31e6-44e2-4d2c-baab-d9a7ff07670b	7	109813656	126405502	10027	0.0264
70af31e6-44e2-4d2c-baab-d9a7ff07670b	7	126405597	126406822	11	0.9929
70af31e6-44e2-4d2c-baab-d9a7ff07670b	7	126406823	154595415	17564	0.0149
70af31e6-44e2-4d2c-baab-d9a7ff07670b	7	154598185	154607903	5	-1.7832
70af31e6-44e2-4d2c-baab-d9a7ff07670b	7	154609120	158434098	2662	-0.0009
70af31e6-44e2-4d2c-baab-d9a7ff07670b	7	158434435	158434570	2	-1.4258
70af31e6-44e2-4d2c-baab-d9a7ff07670b	7	158434620	159334314	567	0.0178
70af31e6-44e2-4d2c-baab-d9a7ff07670b	8	81254	7329110	7713	0.0232
70af31e6-44e2-4d2c-baab-d9a7ff07670b	8	7329124	8214781	69	-0.424
70af31e6-44e2-4d2c-baab-d9a7ff07670b	8	8234503	12323772	3221	0.011
70af31e6-44e2-4d2c-baab-d9a7ff07670b	8	12358500	12359339	2	-1.4765
70af31e6-44e2-4d2c-baab-d9a7ff07670b	8	12374772	12685224	61	-0.2021
70af31e6-44e2-4d2c-baab-d9a7ff07670b	8	12691236	17326981	4242	0.0307
70af31e6-44e2-4d2c-baab-d9a7ff07670b	8	17328286	17365446	44	-0.0794
70af31e6-44e2-4d2c-baab-d9a7ff07670b	8	17367808	17380099	6	-0.9229
70af31e6-44e2-4d2c-baab-d9a7ff07670b	8	17381144	25042007	6027	0.0166
70af31e6-44e2-4d2c-baab-d9a7ff07670b	8	25042661	25043041	3	-1.2883
70af31e6-44e2-4d2c-baab-d9a7ff07670b	8	25043094	25117007	55	-0.0265
70af31e6-44e2-4d2c-baab-d9a7ff07670b	8	25117062	25126818	24	0.3751
70af31e6-44e2-4d2c-baab-d9a7ff07670b	8	25133589	39378084	9011	0.0113
70af31e6-44e2-4d2c-baab-d9a7ff07670b	8	39389156	39526605	54	0.4011
70af31e6-44e2-4d2c-baab-d9a7ff07670b	8	39527181	111279265	41958	0.016
70af31e6-44e2-4d2c-baab-d9a7ff07670b	8	111282050	111283031	10	1.2008
70af31e6-44e2-4d2c-baab-d9a7ff07670b	8	111288052	139591259	20230	0.0204
70af31e6-44e2-4d2c-baab-d9a7ff07670b	8	139592093	139593472	6	0.8306
70af31e6-44e2-4d2c-baab-d9a7ff07670b	8	139594788	141574857	1216	0.0117
70af31e6-44e2-4d2c-baab-d9a7ff07670b	8	141576010	141580496	2	-2.252
70af31e6-44e2-4d2c-baab-d9a7ff07670b	8	141585696	143222462	793	0.0324
70af31e6-44e2-4d2c-baab-d9a7ff07670b	8	143227585	143227622	2	-2.8034
70af31e6-44e2-4d2c-baab-d9a7ff07670b	8	143227655	145072769	637	-0.0051
70af31e6-44e2-4d2c-baab-d9a7ff07670b	9	46587	592306	478	-0.0204
70af31e6-44e2-4d2c-baab-d9a7ff07670b	9	592552	592567	2	-2.4956
70af31e6-44e2-4d2c-baab-d9a7ff07670b	9	592718	602903	28	0.0917
70af31e6-44e2-4d2c-baab-d9a7ff07670b	9	606699	606893	3	-1.6558
70af31e6-44e2-4d2c-baab-d9a7ff07670b	9	606961	23363117	19895	0.0157
70af31e6-44e2-4d2c-baab-d9a7ff07670b	9	23363935	23373486	7	-2.5424
70af31e6-44e2-4d2c-baab-d9a7ff07670b	9	23378490	24503818	796	-0.0042
70af31e6-44e2-4d2c-baab-d9a7ff07670b	9	24504127	24517684	19	-3.4691
70af31e6-44e2-4d2c-baab-d9a7ff07670b	9	24519686	27711199	2391	0.0029
70af31e6-44e2-4d2c-baab-d9a7ff07670b	9	27711272	27718519	2	-1.6283
70af31e6-44e2-4d2c-baab-d9a7ff07670b	9	27718918	28027317	313	-0.0519
70af31e6-44e2-4d2c-baab-d9a7ff07670b	9	28027696	28028551	3	-1.5476
70af31e6-44e2-4d2c-baab-d9a7ff07670b	9	28029610	39588611	7206	0.0067
70af31e6-44e2-4d2c-baab-d9a7ff07670b	9	39747848	39833357	4	-1.462
70af31e6-44e2-4d2c-baab-d9a7ff07670b	9	39840169	42501791	135	0.0822
70af31e6-44e2-4d2c-baab-d9a7ff07670b	9	42524983	42791002	33	-0.3771
70af31e6-44e2-4d2c-baab-d9a7ff07670b	9	42794323	61372857	23	-0.0132
70af31e6-44e2-4d2c-baab-d9a7ff07670b	9	61374282	61629689	31	0.6581
70af31e6-44e2-4d2c-baab-d9a7ff07670b	9	61633080	63580418	40	0.0256
70af31e6-44e2-4d2c-baab-d9a7ff07670b	9	63590317	63590325	5	1.6125
70af31e6-44e2-4d2c-baab-d9a7ff07670b	9	63592670	64503154	58	-0.1106
70af31e6-44e2-4d2c-baab-d9a7ff07670b	9	64507211	64510407	2	-2.2055
70af31e6-44e2-4d2c-baab-d9a7ff07670b	9	64520620	104598641	25477	0.0105
70af31e6-44e2-4d2c-baab-d9a7ff07670b	9	104599429	104604239	27	-0.7779
70af31e6-44e2-4d2c-baab-d9a7ff07670b	9	104607598	138200944	22416	0.0114
70af31e6-44e2-4d2c-baab-d9a7ff07670b	10	45792	9578133	8234	0.0131
70af31e6-44e2-4d2c-baab-d9a7ff07670b	10	9578188	9579283	3	-1.1995
70af31e6-44e2-4d2c-baab-d9a7ff07670b	10	9580012	24088745	10930	0.0154
70af31e6-44e2-4d2c-baab-d9a7ff07670b	10	24088746	24089125	10	-2.1743
70af31e6-44e2-4d2c-baab-d9a7ff07670b	10	24089979	44308477	11241	0.015
70af31e6-44e2-4d2c-baab-d9a7ff07670b	10	44310594	44310606	2	-1.7548
70af31e6-44e2-4d2c-baab-d9a7ff07670b	10	44313749	46522571	1212	-0.0027
70af31e6-44e2-4d2c-baab-d9a7ff07670b	10	46525652	46526280	14	-0.8235
70af31e6-44e2-4d2c-baab-d9a7ff07670b	10	46526920	65546518	12709	0.0201
70af31e6-44e2-4d2c-baab-d9a7ff07670b	10	65548165	65554688	28	-1.8418
70af31e6-44e2-4d2c-baab-d9a7ff07670b	10	65563037	78831073	8700	0.0175
70af31e6-44e2-4d2c-baab-d9a7ff07670b	10	78831307	78832740	3	-1.7906
70af31e6-44e2-4d2c-baab-d9a7ff07670b	10	78833186	122574497	29578	0.0176
70af31e6-44e2-4d2c-baab-d9a7ff07670b	10	122584593	122597296	7	-0.802
70af31e6-44e2-4d2c-baab-d9a7ff07670b	10	122598210	133420688	7744	0.0184
70af31e6-44e2-4d2c-baab-d9a7ff07670b	10	133429369	133563774	109	0.5342
70af31e6-44e2-4d2c-baab-d9a7ff07670b	10	133573736	133654968	34	-0.017
70af31e6-44e2-4d2c-baab-d9a7ff07670b	11	198510	3503582	1303	0.0116
70af31e6-44e2-4d2c-baab-d9a7ff07670b	11	3506921	3508708	2	-1.3281
70af31e6-44e2-4d2c-baab-d9a7ff07670b	11	3509441	5762693	1922	0.0261
70af31e6-44e2-4d2c-baab-d9a7ff07670b	11	5766175	5787909	33	-0.4831
70af31e6-44e2-4d2c-baab-d9a7ff07670b	11	5788108	18913287	9385	0.0168
70af31e6-44e2-4d2c-baab-d9a7ff07670b	11	18914707	18919323	8	-0.2905
70af31e6-44e2-4d2c-baab-d9a7ff07670b	11	18927525	18939631	35	0.503
70af31e6-44e2-4d2c-baab-d9a7ff07670b	11	18939734	37064955	13381	0.0112
70af31e6-44e2-4d2c-baab-d9a7ff07670b	11	37068219	37339900	234	0.1251
70af31e6-44e2-4d2c-baab-d9a7ff07670b	11	37340270	42791601	3555	0.02
70af31e6-44e2-4d2c-baab-d9a7ff07670b	11	42794936	42796489	2	-3.0424
70af31e6-44e2-4d2c-baab-d9a7ff07670b	11	42799053	48576870	3397	0.0199
70af31e6-44e2-4d2c-baab-d9a7ff07670b	11	48579882	48581124	2	-1.2637
70af31e6-44e2-4d2c-baab-d9a7ff07670b	11	48584766	55593934	1174	-0.007
70af31e6-44e2-4d2c-baab-d9a7ff07670b	11	55593955	55685533	61	-0.2712
70af31e6-44e2-4d2c-baab-d9a7ff07670b	11	55686100	88662995	19218	0.0185
70af31e6-44e2-4d2c-baab-d9a7ff07670b	11	88663110	88663299	2	-2.167
70af31e6-44e2-4d2c-baab-d9a7ff07670b	11	88663782	95451191	4470	0.0127
70af31e6-44e2-4d2c-baab-d9a7ff07670b	11	95452865	95452936	2	-2.0758
70af31e6-44e2-4d2c-baab-d9a7ff07670b	11	95453143	135074876	28531	0.0209
70af31e6-44e2-4d2c-baab-d9a7ff07670b	12	51460	760032	417	-0.0005
70af31e6-44e2-4d2c-baab-d9a7ff07670b	12	760097	764863	16	-0.7223
70af31e6-44e2-4d2c-baab-d9a7ff07670b	12	766188	9477960	5728	0.0152
70af31e6-44e2-4d2c-baab-d9a7ff07670b	12	9481274	9575696	24	-1.7375
70af31e6-44e2-4d2c-baab-d9a7ff07670b	12	9582373	11060192	1032	0.0078
70af31e6-44e2-4d2c-baab-d9a7ff07670b	12	11061546	11088933	14	0.633
70af31e6-44e2-4d2c-baab-d9a7ff07670b	12	11099275	11373355	152	0.0012
70af31e6-44e2-4d2c-baab-d9a7ff07670b	12	11383179	11388095	8	-0.6015
70af31e6-44e2-4d2c-baab-d9a7ff07670b	12	11390452	33141710	15344	0.0167
70af31e6-44e2-4d2c-baab-d9a7ff07670b	12	33141726	33154440	28	-0.5892
70af31e6-44e2-4d2c-baab-d9a7ff07670b	12	33155426	50970402	8524	0.0267
70af31e6-44e2-4d2c-baab-d9a7ff07670b	12	50971181	50971223	2	-2.1865
70af31e6-44e2-4d2c-baab-d9a7ff07670b	12	50971529	72729816	13670	0.0199
70af31e6-44e2-4d2c-baab-d9a7ff07670b	12	72730644	72992372	163	-0.9082
70af31e6-44e2-4d2c-baab-d9a7ff07670b	12	72995909	131636170	39010	0.0121
70af31e6-44e2-4d2c-baab-d9a7ff07670b	12	131648039	131648790	13	-1.9446
70af31e6-44e2-4d2c-baab-d9a7ff07670b	12	131657925	133201603	559	-0.008
70af31e6-44e2-4d2c-baab-d9a7ff07670b	13	18452809	23055048	2854	0.0158
70af31e6-44e2-4d2c-baab-d9a7ff07670b	13	23055071	23059376	13	-1.9978
70af31e6-44e2-4d2c-baab-d9a7ff07670b	13	23064056	83527056	40062	0.0209
70af31e6-44e2-4d2c-baab-d9a7ff07670b	13	83531714	83581877	45	-0.8129
70af31e6-44e2-4d2c-baab-d9a7ff07670b	13	83586994	91718836	4901	0.016
70af31e6-44e2-4d2c-baab-d9a7ff07670b	13	91719190	91719452	3	-0.9449
70af31e6-44e2-4d2c-baab-d9a7ff07670b	13	91722118	95334764	2603	0.02
70af31e6-44e2-4d2c-baab-d9a7ff07670b	13	95336936	95346928	10	-1.4438
70af31e6-44e2-4d2c-baab-d9a7ff07670b	13	95348495	97875020	1468	0.0251
70af31e6-44e2-4d2c-baab-d9a7ff07670b	13	97877870	97879211	6	-1.1049
70af31e6-44e2-4d2c-baab-d9a7ff07670b	13	97881576	105923892	6195	0.017
70af31e6-44e2-4d2c-baab-d9a7ff07670b	13	105924147	105930330	4	-1.5621
70af31e6-44e2-4d2c-baab-d9a7ff07670b	13	105930442	114342922	5927	0.0225
70af31e6-44e2-4d2c-baab-d9a7ff07670b	14	18239283	18976793	27	-0.1473
70af31e6-44e2-4d2c-baab-d9a7ff07670b	14	19011729	19955213	140	-0.436
70af31e6-44e2-4d2c-baab-d9a7ff07670b	14	19956767	41139155	13576	0.0206
70af31e6-44e2-4d2c-baab-d9a7ff07670b	14	41141293	41188046	14	-0.5955
70af31e6-44e2-4d2c-baab-d9a7ff07670b	14	41188146	69547262	17815	0.0213
70af31e6-44e2-4d2c-baab-d9a7ff07670b	14	69551330	69555750	9	-2.5059
70af31e6-44e2-4d2c-baab-d9a7ff07670b	14	69555996	106877229	23764	0.0184
70af31e6-44e2-4d2c-baab-d9a7ff07670b	15	19811075	19989485	43	-0.0372
70af31e6-44e2-4d2c-baab-d9a7ff07670b	15	19998708	22395047	165	-0.3563
70af31e6-44e2-4d2c-baab-d9a7ff07670b	15	22413894	24225955	910	0.0135
70af31e6-44e2-4d2c-baab-d9a7ff07670b	15	24226855	24259010	15	-0.8142
70af31e6-44e2-4d2c-baab-d9a7ff07670b	15	24263561	53902792	18264	0.0142
70af31e6-44e2-4d2c-baab-d9a7ff07670b	15	53908153	53910302	3	-2.346
70af31e6-44e2-4d2c-baab-d9a7ff07670b	15	53912031	54774636	644	0.0112
70af31e6-44e2-4d2c-baab-d9a7ff07670b	15	54774787	54776011	3	-1.275
70af31e6-44e2-4d2c-baab-d9a7ff07670b	15	54776932	101900719	31435	0.0176
70af31e6-44e2-4d2c-baab-d9a7ff07670b	15	101905038	101928837	3	-1.5369
70af31e6-44e2-4d2c-baab-d9a7ff07670b	16	10777	18104860	12737	0.0037
70af31e6-44e2-4d2c-baab-d9a7ff07670b	16	18134261	18168316	7	-0.9556
70af31e6-44e2-4d2c-baab-d9a7ff07670b	16	18172683	18714714	23	-0.0924
70af31e6-44e2-4d2c-baab-d9a7ff07670b	16	18730788	18754907	5	-0.8429
70af31e6-44e2-4d2c-baab-d9a7ff07670b	16	18756796	21340717	1583	0.0315
70af31e6-44e2-4d2c-baab-d9a7ff07670b	16	21348993	21609226	45	-0.3289
70af31e6-44e2-4d2c-baab-d9a7ff07670b	16	21609547	22430653	346	-0.0224
70af31e6-44e2-4d2c-baab-d9a7ff07670b	16	22430699	22714893	88	-0.3739
70af31e6-44e2-4d2c-baab-d9a7ff07670b	16	22714914	28587591	4025	0.0135
70af31e6-44e2-4d2c-baab-d9a7ff07670b	16	28588956	46706970	1669	-0.0365
70af31e6-44e2-4d2c-baab-d9a7ff07670b	16	46707687	69942130	15097	0.0162
70af31e6-44e2-4d2c-baab-d9a7ff07670b	16	69942576	70164493	52	-0.2799
70af31e6-44e2-4d2c-baab-d9a7ff07670b	16	70177541	75191124	2763	0.0167
70af31e6-44e2-4d2c-baab-d9a7ff07670b	16	75194071	75194085	2	1.5656
70af31e6-44e2-4d2c-baab-d9a7ff07670b	16	75195731	78337711	2738	0.015
70af31e6-44e2-4d2c-baab-d9a7ff07670b	16	78338543	78350868	17	0.7143
70af31e6-44e2-4d2c-baab-d9a7ff07670b	16	78351104	81213509	3296	0.0018
70af31e6-44e2-4d2c-baab-d9a7ff07670b	16	81218190	81218241	2	-1.9729
70af31e6-44e2-4d2c-baab-d9a7ff07670b	16	81219110	90096867	7304	0.0122
70af31e6-44e2-4d2c-baab-d9a7ff07670b	17	150733	15579201	9979	0.0099
70af31e6-44e2-4d2c-baab-d9a7ff07670b	17	15580307	15581557	2	-1.3557
70af31e6-44e2-4d2c-baab-d9a7ff07670b	17	15586786	16750987	475	0.0022
70af31e6-44e2-4d2c-baab-d9a7ff07670b	17	16754017	16834846	11	0.646
70af31e6-44e2-4d2c-baab-d9a7ff07670b	17	16838201	18455632	909	-0.0072
70af31e6-44e2-4d2c-baab-d9a7ff07670b	17	18455635	18550123	23	-1.7183
70af31e6-44e2-4d2c-baab-d9a7ff07670b	17	18561272	39692350	8479	0.006
70af31e6-44e2-4d2c-baab-d9a7ff07670b	17	39694457	39694986	6	-1.119
70af31e6-44e2-4d2c-baab-d9a7ff07670b	17	39695391	41266825	901	-0.0032
70af31e6-44e2-4d2c-baab-d9a7ff07670b	17	41266838	41274279	20	-0.8693
70af31e6-44e2-4d2c-baab-d9a7ff07670b	17	41276472	46135838	2529	0.0034
70af31e6-44e2-4d2c-baab-d9a7ff07670b	17	46136346	46286804	89	-0.4299
70af31e6-44e2-4d2c-baab-d9a7ff07670b	17	46323701	71571669	15052	0.0166
70af31e6-44e2-4d2c-baab-d9a7ff07670b	17	71572547	71574471	2	-1.3903
70af31e6-44e2-4d2c-baab-d9a7ff07670b	17	71574662	78285287	4172	0.0049
70af31e6-44e2-4d2c-baab-d9a7ff07670b	17	78286051	78286887	2	-2.0922
70af31e6-44e2-4d2c-baab-d9a7ff07670b	17	78290662	79493331	780	0.0065
70af31e6-44e2-4d2c-baab-d9a7ff07670b	17	79493863	79513733	4	-1.5835
70af31e6-44e2-4d2c-baab-d9a7ff07670b	17	79532109	83091923	1531	-0.0003
70af31e6-44e2-4d2c-baab-d9a7ff07670b	18	48133	78900693	49978	0.0184
70af31e6-44e2-4d2c-baab-d9a7ff07670b	18	78902714	78904863	5	-1.28
70af31e6-44e2-4d2c-baab-d9a7ff07670b	18	78906449	80257174	704	0.0092
70af31e6-44e2-4d2c-baab-d9a7ff07670b	19	90910	6909554	2266	-0.0052
70af31e6-44e2-4d2c-baab-d9a7ff07670b	19	6912061	6942924	22	-0.3689
70af31e6-44e2-4d2c-baab-d9a7ff07670b	19	6943527	11758702	2308	0.0093
70af31e6-44e2-4d2c-baab-d9a7ff07670b	19	11759746	11762735	4	-1.2552
70af31e6-44e2-4d2c-baab-d9a7ff07670b	19	11763643	35364451	12092	0.0074
70af31e6-44e2-4d2c-baab-d9a7ff07670b	19	35364547	35370946	20	-0.6827
70af31e6-44e2-4d2c-baab-d9a7ff07670b	19	35375842	36267995	431	0.0216
70af31e6-44e2-4d2c-baab-d9a7ff07670b	19	36314803	36316398	3	-1.1339
70af31e6-44e2-4d2c-baab-d9a7ff07670b	19	36334346	54772476	9619	0.006
70af31e6-44e2-4d2c-baab-d9a7ff07670b	19	54786431	54835675	25	-0.8386
70af31e6-44e2-4d2c-baab-d9a7ff07670b	19	54835722	55766684	446	-0.0223
70af31e6-44e2-4d2c-baab-d9a7ff07670b	19	55770704	55774927	6	0.7704
70af31e6-44e2-4d2c-baab-d9a7ff07670b	19	55777575	57136129	992	0.0182
70af31e6-44e2-4d2c-baab-d9a7ff07670b	19	57136792	57168247	12	-0.4967
70af31e6-44e2-4d2c-baab-d9a7ff07670b	19	57168248	58586487	833	-0.0199
70af31e6-44e2-4d2c-baab-d9a7ff07670b	20	80664	1580934	1203	0.0131
70af31e6-44e2-4d2c-baab-d9a7ff07670b	20	1581021	1613247	40	0.7362
70af31e6-44e2-4d2c-baab-d9a7ff07670b	20	1617300	4040298	1673	0.0153
70af31e6-44e2-4d2c-baab-d9a7ff07670b	20	4040488	4041763	2	-2.0328
70af31e6-44e2-4d2c-baab-d9a7ff07670b	20	4043008	4066890	30	-0.1512
70af31e6-44e2-4d2c-baab-d9a7ff07670b	20	4067990	4068009	2	-1.6005
70af31e6-44e2-4d2c-baab-d9a7ff07670b	20	4068092	23575861	15391	0.0153
70af31e6-44e2-4d2c-baab-d9a7ff07670b	20	23579398	23579636	2	1.3996
70af31e6-44e2-4d2c-baab-d9a7ff07670b	20	23583627	64324800	23974	0.0153
70af31e6-44e2-4d2c-baab-d9a7ff07670b	21	10354168	12996886	91	-0.2833
70af31e6-44e2-4d2c-baab-d9a7ff07670b	21	13004391	44602612	22521	0.0099
70af31e6-44e2-4d2c-baab-d9a7ff07670b	21	44603656	44603840	5	-1.4819
70af31e6-44e2-4d2c-baab-d9a7ff07670b	21	44604749	46677045	1215	-0.0042
70af31e6-44e2-4d2c-baab-d9a7ff07670b	22	15294547	22354061	3415	-0.0245
70af31e6-44e2-4d2c-baab-d9a7ff07670b	22	22364313	22386123	27	0.515
70af31e6-44e2-4d2c-baab-d9a7ff07670b	22	22395207	50796027	19807	0.0083
70af31e6-44e2-4d2c-baab-d9a7ff07670b	X	251810	16301535	9971	0.0143
70af31e6-44e2-4d2c-baab-d9a7ff07670b	X	16307401	16393519	56	0.5006
70af31e6-44e2-4d2c-baab-d9a7ff07670b	X	16395391	155156881	73350	0.0187
70af31e6-44e2-4d2c-baab-d9a7ff07670b	X	155164107	155189126	10	-0.7239
70af31e6-44e2-4d2c-baab-d9a7ff07670b	X	155190019	155952689	224	0.0164
70af31e6-44e2-4d2c-baab-d9a7ff07670b	Y	2782397	3326047	192	-2.8553
70af31e6-44e2-4d2c-baab-d9a7ff07670b	Y	3327226	6081903	529	-2.4863
70af31e6-44e2-4d2c-baab-d9a7ff07670b	Y	6082843	56872112	5915	-2.9481
