GDC_Aliquot	Chromosome	Start	End	Num_Probes	Segment_Mean
ec4242c5-4c16-43d6-9fe3-0fc2766928a1	1	62920	3036276	628	0.0199
ec4242c5-4c16-43d6-9fe3-0fc2766928a1	1	3040102	3040551	2	-1.8808
ec4242c5-4c16-43d6-9fe3-0fc2766928a1	1	3041036	8116566	3382	0.0012
ec4242c5-4c16-43d6-9fe3-0fc2766928a1	1	8122528	8129225	9	-1.334
ec4242c5-4c16-43d6-9fe3-0fc2766928a1	1	8131732	25256850	9937	0.0054
ec4242c5-4c16-43d6-9fe3-0fc2766928a1	1	25266637	25319167	20	-1.7278
ec4242c5-4c16-43d6-9fe3-0fc2766928a1	1	25319693	34626037	4936	0.0031
ec4242c5-4c16-43d6-9fe3-0fc2766928a1	1	34626073	34638890	21	-0.6398
ec4242c5-4c16-43d6-9fe3-0fc2766928a1	1	34648667	72303233	23619	-0.0056
ec4242c5-4c16-43d6-9fe3-0fc2766928a1	1	72303253	72345465	45	0.857
ec4242c5-4c16-43d6-9fe3-0fc2766928a1	1	72346221	89009572	10841	-0.0126
ec4242c5-4c16-43d6-9fe3-0fc2766928a1	1	89012275	89012522	2	-2.7512
ec4242c5-4c16-43d6-9fe3-0fc2766928a1	1	89015841	107111598	11029	-0.0141
ec4242c5-4c16-43d6-9fe3-0fc2766928a1	1	107112980	107120873	11	-0.8581
ec4242c5-4c16-43d6-9fe3-0fc2766928a1	1	107122811	112147704	3484	0.0045
ec4242c5-4c16-43d6-9fe3-0fc2766928a1	1	112153343	112154552	19	0.5615
ec4242c5-4c16-43d6-9fe3-0fc2766928a1	1	112154566	152494491	7484	-0.0012
ec4242c5-4c16-43d6-9fe3-0fc2766928a1	1	152495537	152496610	2	-1.5223
ec4242c5-4c16-43d6-9fe3-0fc2766928a1	1	152499001	152583051	80	-0.0449
ec4242c5-4c16-43d6-9fe3-0fc2766928a1	1	152583230	152614118	35	1.1128
ec4242c5-4c16-43d6-9fe3-0fc2766928a1	1	152618018	178689682	17412	-0.0077
ec4242c5-4c16-43d6-9fe3-0fc2766928a1	1	178690798	178704912	51	-0.7325
ec4242c5-4c16-43d6-9fe3-0fc2766928a1	1	178704926	189679027	7276	-0.0115
ec4242c5-4c16-43d6-9fe3-0fc2766928a1	1	189679353	189679397	2	-1.6353
ec4242c5-4c16-43d6-9fe3-0fc2766928a1	1	189682917	199142298	6107	-0.0181
ec4242c5-4c16-43d6-9fe3-0fc2766928a1	1	199142393	199143883	6	-1.1509
ec4242c5-4c16-43d6-9fe3-0fc2766928a1	1	199144712	212826477	9282	-0.0016
ec4242c5-4c16-43d6-9fe3-0fc2766928a1	1	212831113	212847437	10	-0.6981
ec4242c5-4c16-43d6-9fe3-0fc2766928a1	1	212847534	245930755	23105	-0.0083
ec4242c5-4c16-43d6-9fe3-0fc2766928a1	1	245941074	246432680	348	0.5128
ec4242c5-4c16-43d6-9fe3-0fc2766928a1	1	246435044	247780537	833	0.0047
ec4242c5-4c16-43d6-9fe3-0fc2766928a1	1	247780934	247785470	5	-1.3705
ec4242c5-4c16-43d6-9fe3-0fc2766928a1	1	247786501	248703602	506	0.0014
ec4242c5-4c16-43d6-9fe3-0fc2766928a1	1	248703943	248714098	7	-0.7973
ec4242c5-4c16-43d6-9fe3-0fc2766928a1	1	248715146	248930189	97	0.0253
ec4242c5-4c16-43d6-9fe3-0fc2766928a1	2	12784	6160061	4667	-0.0041
ec4242c5-4c16-43d6-9fe3-0fc2766928a1	2	6160351	6167718	29	-0.9015
ec4242c5-4c16-43d6-9fe3-0fc2766928a1	2	6167743	14562225	6287	-0.0027
ec4242c5-4c16-43d6-9fe3-0fc2766928a1	2	14563383	14563399	2	1.5947
ec4242c5-4c16-43d6-9fe3-0fc2766928a1	2	14563508	34466002	12975	-0.0049
ec4242c5-4c16-43d6-9fe3-0fc2766928a1	2	34476327	34511990	45	0.3396
ec4242c5-4c16-43d6-9fe3-0fc2766928a1	2	34512096	52516787	12897	-0.0076
ec4242c5-4c16-43d6-9fe3-0fc2766928a1	2	52527330	52554022	29	0.5554
ec4242c5-4c16-43d6-9fe3-0fc2766928a1	2	52554053	146106875	52954	-0.0094
ec4242c5-4c16-43d6-9fe3-0fc2766928a1	2	146106889	146109366	21	0.7689
ec4242c5-4c16-43d6-9fe3-0fc2766928a1	2	146120238	150831084	2666	-0.0185
ec4242c5-4c16-43d6-9fe3-0fc2766928a1	2	150831357	150832532	2	-1.9298
ec4242c5-4c16-43d6-9fe3-0fc2766928a1	2	150837220	242147305	55971	-0.0121
ec4242c5-4c16-43d6-9fe3-0fc2766928a1	3	20930	1875292	1649	-0.0173
ec4242c5-4c16-43d6-9fe3-0fc2766928a1	3	1876465	1881281	6	-1.1175
ec4242c5-4c16-43d6-9fe3-0fc2766928a1	3	1883380	46760327	31295	-0.005
ec4242c5-4c16-43d6-9fe3-0fc2766928a1	3	46760374	46806126	37	-0.6348
ec4242c5-4c16-43d6-9fe3-0fc2766928a1	3	46807689	107506831	35184	-0.0068
ec4242c5-4c16-43d6-9fe3-0fc2766928a1	3	107507158	108736984	795	-0.1027
ec4242c5-4c16-43d6-9fe3-0fc2766928a1	3	108737407	119302682	6657	-0.0125
ec4242c5-4c16-43d6-9fe3-0fc2766928a1	3	119302742	119631498	213	-0.0613
ec4242c5-4c16-43d6-9fe3-0fc2766928a1	3	119632551	119635091	5	-1.1565
ec4242c5-4c16-43d6-9fe3-0fc2766928a1	3	119636564	122662929	1631	-0.0961
ec4242c5-4c16-43d6-9fe3-0fc2766928a1	3	122663141	130067531	4433	-0.0144
ec4242c5-4c16-43d6-9fe3-0fc2766928a1	3	130067896	130087209	28	0.4598
ec4242c5-4c16-43d6-9fe3-0fc2766928a1	3	130087393	148106114	11108	-0.0219
ec4242c5-4c16-43d6-9fe3-0fc2766928a1	3	148106430	154242928	3935	-0.0957
ec4242c5-4c16-43d6-9fe3-0fc2766928a1	3	154244164	157132116	1652	-0.0016
ec4242c5-4c16-43d6-9fe3-0fc2766928a1	3	157135154	159540910	1470	-0.1025
ec4242c5-4c16-43d6-9fe3-0fc2766928a1	3	159541502	162810842	1994	-0.0209
ec4242c5-4c16-43d6-9fe3-0fc2766928a1	3	162812527	162822702	9	1.2
ec4242c5-4c16-43d6-9fe3-0fc2766928a1	3	162827928	188180923	15570	-0.0125
ec4242c5-4c16-43d6-9fe3-0fc2766928a1	3	188181214	189928935	1236	-0.0945
ec4242c5-4c16-43d6-9fe3-0fc2766928a1	3	189929390	193160173	2285	-0.0107
ec4242c5-4c16-43d6-9fe3-0fc2766928a1	3	193160256	193165114	18	0.9539
ec4242c5-4c16-43d6-9fe3-0fc2766928a1	3	193168646	194939881	1183	0.0076
ec4242c5-4c16-43d6-9fe3-0fc2766928a1	3	194941224	194948867	2	-1.7065
ec4242c5-4c16-43d6-9fe3-0fc2766928a1	3	194952897	198169247	1500	-0.0071
ec4242c5-4c16-43d6-9fe3-0fc2766928a1	4	68929	3597723	1434	0.0013
ec4242c5-4c16-43d6-9fe3-0fc2766928a1	4	3598142	3600457	2	-2.0193
ec4242c5-4c16-43d6-9fe3-0fc2766928a1	4	3607663	8722817	3642	-0.0053
ec4242c5-4c16-43d6-9fe3-0fc2766928a1	4	9370577	9433998	48	0.4404
ec4242c5-4c16-43d6-9fe3-0fc2766928a1	4	9435280	9455251	11	0.0752
ec4242c5-4c16-43d6-9fe3-0fc2766928a1	4	9459504	9477699	6	-0.9928
ec4242c5-4c16-43d6-9fe3-0fc2766928a1	4	9484440	10208766	537	-0.0021
ec4242c5-4c16-43d6-9fe3-0fc2766928a1	4	10212536	10233644	36	1.128
ec4242c5-4c16-43d6-9fe3-0fc2766928a1	4	10234518	33374961	16077	-0.0249
ec4242c5-4c16-43d6-9fe3-0fc2766928a1	4	33377514	33384349	10	-0.9193
ec4242c5-4c16-43d6-9fe3-0fc2766928a1	4	33384564	34777418	762	-0.0217
ec4242c5-4c16-43d6-9fe3-0fc2766928a1	4	34777432	34822561	38	0.6414
ec4242c5-4c16-43d6-9fe3-0fc2766928a1	4	34823103	70104102	20189	-0.023
ec4242c5-4c16-43d6-9fe3-0fc2766928a1	4	70108253	70117337	11	-0.9015
ec4242c5-4c16-43d6-9fe3-0fc2766928a1	4	70119308	82711820	7766	-0.0219
ec4242c5-4c16-43d6-9fe3-0fc2766928a1	4	82712673	82720673	13	-1.3906
ec4242c5-4c16-43d6-9fe3-0fc2766928a1	4	82723539	114252544	18855	-0.0238
ec4242c5-4c16-43d6-9fe3-0fc2766928a1	4	114254167	114261019	23	-0.9188
ec4242c5-4c16-43d6-9fe3-0fc2766928a1	4	114263073	121360818	4300	-0.0226
ec4242c5-4c16-43d6-9fe3-0fc2766928a1	4	121361313	121363980	28	-0.7649
ec4242c5-4c16-43d6-9fe3-0fc2766928a1	4	121369976	160952848	23407	-0.024
ec4242c5-4c16-43d6-9fe3-0fc2766928a1	4	160958866	160963448	20	-1.5846
ec4242c5-4c16-43d6-9fe3-0fc2766928a1	4	160963756	171448195	6612	-0.0234
ec4242c5-4c16-43d6-9fe3-0fc2766928a1	4	171453733	171456293	8	1.0869
ec4242c5-4c16-43d6-9fe3-0fc2766928a1	4	171456307	190106768	12393	-0.0152
ec4242c5-4c16-43d6-9fe3-0fc2766928a1	5	15532	741924	322	0.0586
ec4242c5-4c16-43d6-9fe3-0fc2766928a1	5	742574	825538	29	0.9416
ec4242c5-4c16-43d6-9fe3-0fc2766928a1	5	833513	11161513	8692	-0.0005
ec4242c5-4c16-43d6-9fe3-0fc2766928a1	5	11162524	11162659	3	-1.7473
ec4242c5-4c16-43d6-9fe3-0fc2766928a1	5	11167165	26789387	9676	-0.0098
ec4242c5-4c16-43d6-9fe3-0fc2766928a1	5	26797651	26807690	4	-1.3055
ec4242c5-4c16-43d6-9fe3-0fc2766928a1	5	26807795	116251149	51370	-0.0095
ec4242c5-4c16-43d6-9fe3-0fc2766928a1	5	116260580	116289531	42	-0.8756
ec4242c5-4c16-43d6-9fe3-0fc2766928a1	5	116289560	124887020	5759	-0.0133
ec4242c5-4c16-43d6-9fe3-0fc2766928a1	5	124887201	124887342	2	-1.8669
ec4242c5-4c16-43d6-9fe3-0fc2766928a1	5	124888941	130134406	3242	-0.019
ec4242c5-4c16-43d6-9fe3-0fc2766928a1	5	130134786	130135147	3	-1.4767
ec4242c5-4c16-43d6-9fe3-0fc2766928a1	5	130135424	150822643	12605	-0.0126
ec4242c5-4c16-43d6-9fe3-0fc2766928a1	5	150825938	150839042	8	-2.2236
ec4242c5-4c16-43d6-9fe3-0fc2766928a1	5	150843825	152134610	956	0.0013
ec4242c5-4c16-43d6-9fe3-0fc2766928a1	5	152135825	152138662	12	-0.5965
ec4242c5-4c16-43d6-9fe3-0fc2766928a1	5	152138739	154394611	1535	-0.0239
ec4242c5-4c16-43d6-9fe3-0fc2766928a1	5	154394936	154395233	3	-1.5579
ec4242c5-4c16-43d6-9fe3-0fc2766928a1	5	154397658	177771448	15830	-0.0066
ec4242c5-4c16-43d6-9fe3-0fc2766928a1	5	177800550	177805604	3	2.3874
ec4242c5-4c16-43d6-9fe3-0fc2766928a1	5	177827964	180947523	1789	0.0202
ec4242c5-4c16-43d6-9fe3-0fc2766928a1	5	180951710	181006225	20	-0.5975
ec4242c5-4c16-43d6-9fe3-0fc2766928a1	5	181006264	181363319	167	-0.0362
ec4242c5-4c16-43d6-9fe3-0fc2766928a1	6	149661	290598	118	-0.0016
ec4242c5-4c16-43d6-9fe3-0fc2766928a1	6	291082	381149	84	0.6891
ec4242c5-4c16-43d6-9fe3-0fc2766928a1	6	382559	31313046	21990	-0.0042
ec4242c5-4c16-43d6-9fe3-0fc2766928a1	6	31318499	31342147	12	0.9242
ec4242c5-4c16-43d6-9fe3-0fc2766928a1	6	31349570	32641650	552	-0.024
ec4242c5-4c16-43d6-9fe3-0fc2766928a1	6	32656527	32658841	6	-1.1141
ec4242c5-4c16-43d6-9fe3-0fc2766928a1	6	32682835	65679268	18515	-0.0106
ec4242c5-4c16-43d6-9fe3-0fc2766928a1	6	65683455	65693944	24	-0.5328
ec4242c5-4c16-43d6-9fe3-0fc2766928a1	6	65693959	170741917	67567	-0.0114
ec4242c5-4c16-43d6-9fe3-0fc2766928a1	7	43355	6860976	3419	-0.0102
ec4242c5-4c16-43d6-9fe3-0fc2766928a1	7	6862089	6875096	3	-1.4424
ec4242c5-4c16-43d6-9fe3-0fc2766928a1	7	6875291	54318812	34806	-0.0168
ec4242c5-4c16-43d6-9fe3-0fc2766928a1	7	54318816	54318824	5	-1.3785
ec4242c5-4c16-43d6-9fe3-0fc2766928a1	7	54325795	126405632	38251	-0.0142
ec4242c5-4c16-43d6-9fe3-0fc2766928a1	7	126405690	126406561	8	-0.9657
ec4242c5-4c16-43d6-9fe3-0fc2766928a1	7	126406822	142062894	9869	-0.0132
ec4242c5-4c16-43d6-9fe3-0fc2766928a1	7	142063324	142092108	33	0.4246
ec4242c5-4c16-43d6-9fe3-0fc2766928a1	7	142092307	159334314	10811	-0.0085
ec4242c5-4c16-43d6-9fe3-0fc2766928a1	8	81254	644973	323	-0.3562
ec4242c5-4c16-43d6-9fe3-0fc2766928a1	8	645220	645875	6	0.8083
ec4242c5-4c16-43d6-9fe3-0fc2766928a1	8	645892	645908	2	3.5367
ec4242c5-4c16-43d6-9fe3-0fc2766928a1	8	656117	7336299	7331	-0.3524
ec4242c5-4c16-43d6-9fe3-0fc2766928a1	8	7357089	7433619	25	-0.879
ec4242c5-4c16-43d6-9fe3-0fc2766928a1	8	7440674	7537162	10	-0.3307
ec4242c5-4c16-43d6-9fe3-0fc2766928a1	8	7598502	8234503	33	0.1478
ec4242c5-4c16-43d6-9fe3-0fc2766928a1	8	8235660	14649295	5160	-0.3418
ec4242c5-4c16-43d6-9fe3-0fc2766928a1	8	14651399	14657699	36	-1.1498
ec4242c5-4c16-43d6-9fe3-0fc2766928a1	8	14659710	25116928	8344	-0.3413
ec4242c5-4c16-43d6-9fe3-0fc2766928a1	8	25116961	25126818	26	0.1851
ec4242c5-4c16-43d6-9fe3-0fc2766928a1	8	25133589	43290155	11403	-0.3401
ec4242c5-4c16-43d6-9fe3-0fc2766928a1	8	43290195	56886499	6527	0.8824
ec4242c5-4c16-43d6-9fe3-0fc2766928a1	8	56886625	56886805	2	-0.8108
ec4242c5-4c16-43d6-9fe3-0fc2766928a1	8	56891114	57204927	204	0.8737
ec4242c5-4c16-43d6-9fe3-0fc2766928a1	8	57205493	57217466	3	-2.0348
ec4242c5-4c16-43d6-9fe3-0fc2766928a1	8	57220239	111282417	32606	0.8814
ec4242c5-4c16-43d6-9fe3-0fc2766928a1	8	111282441	111283031	6	2.1467
ec4242c5-4c16-43d6-9fe3-0fc2766928a1	8	111288052	112363464	561	0.8638
ec4242c5-4c16-43d6-9fe3-0fc2766928a1	8	112363595	112363666	2	-0.841
ec4242c5-4c16-43d6-9fe3-0fc2766928a1	8	112364149	142662564	21378	0.8856
ec4242c5-4c16-43d6-9fe3-0fc2766928a1	8	142668300	142668654	3	-0.4703
ec4242c5-4c16-43d6-9fe3-0fc2766928a1	8	142670817	143227655	224	0.8879
ec4242c5-4c16-43d6-9fe3-0fc2766928a1	8	143227769	143228432	6	0.0652
ec4242c5-4c16-43d6-9fe3-0fc2766928a1	8	143228447	143703244	166	0.944
ec4242c5-4c16-43d6-9fe3-0fc2766928a1	8	143705094	144783110	298	0.7506
ec4242c5-4c16-43d6-9fe3-0fc2766928a1	8	144787653	145072769	166	0.8616
ec4242c5-4c16-43d6-9fe3-0fc2766928a1	9	46587	41635766	31011	-0.0202
ec4242c5-4c16-43d6-9fe3-0fc2766928a1	9	41639988	41666811	9	1.0709
ec4242c5-4c16-43d6-9fe3-0fc2766928a1	9	41703463	64493528	223	0.0484
ec4242c5-4c16-43d6-9fe3-0fc2766928a1	9	64495298	64510407	8	-1.0423
ec4242c5-4c16-43d6-9fe3-0fc2766928a1	9	64520620	69413658	932	-0.0305
ec4242c5-4c16-43d6-9fe3-0fc2766928a1	9	69420283	69434112	16	0.9602
ec4242c5-4c16-43d6-9fe3-0fc2766928a1	9	69434688	81361032	8623	-0.0233
ec4242c5-4c16-43d6-9fe3-0fc2766928a1	9	81361754	81363401	2	-1.8322
ec4242c5-4c16-43d6-9fe3-0fc2766928a1	9	81364245	136161669	37438	-0.0125
ec4242c5-4c16-43d6-9fe3-0fc2766928a1	9	136164933	136166877	3	-1.6447
ec4242c5-4c16-43d6-9fe3-0fc2766928a1	9	136167429	138177075	697	-0.0147
ec4242c5-4c16-43d6-9fe3-0fc2766928a1	9	138177488	138200944	6	1.2268
ec4242c5-4c16-43d6-9fe3-0fc2766928a1	10	45792	15627431	13086	-0.0157
ec4242c5-4c16-43d6-9fe3-0fc2766928a1	10	15628970	15632208	9	-0.889
ec4242c5-4c16-43d6-9fe3-0fc2766928a1	10	15632417	24088745	5947	-0.0216
ec4242c5-4c16-43d6-9fe3-0fc2766928a1	10	24088746	24089125	10	0.6952
ec4242c5-4c16-43d6-9fe3-0fc2766928a1	10	24089979	25306444	805	-0.0145
ec4242c5-4c16-43d6-9fe3-0fc2766928a1	10	25308379	25311279	2	-1.9958
ec4242c5-4c16-43d6-9fe3-0fc2766928a1	10	25312104	57443289	18706	-0.0173
ec4242c5-4c16-43d6-9fe3-0fc2766928a1	10	57450745	57451013	4	-1.7631
ec4242c5-4c16-43d6-9fe3-0fc2766928a1	10	57458735	133654968	51540	-0.0189
ec4242c5-4c16-43d6-9fe3-0fc2766928a1	11	198510	1623210	481	0.0166
ec4242c5-4c16-43d6-9fe3-0fc2766928a1	11	1623675	1627418	5	-1.2115
ec4242c5-4c16-43d6-9fe3-0fc2766928a1	11	1628657	5762452	2713	-0.0186
ec4242c5-4c16-43d6-9fe3-0fc2766928a1	11	5762693	5787818	33	-0.4673
ec4242c5-4c16-43d6-9fe3-0fc2766928a1	11	5787909	55609035	30983	-0.0103
ec4242c5-4c16-43d6-9fe3-0fc2766928a1	11	55609158	55685533	49	0.4006
ec4242c5-4c16-43d6-9fe3-0fc2766928a1	11	55686100	61419362	3447	-0.0271
ec4242c5-4c16-43d6-9fe3-0fc2766928a1	11	61424851	62151786	373	0.2853
ec4242c5-4c16-43d6-9fe3-0fc2766928a1	11	62154221	128463624	43027	-0.0106
ec4242c5-4c16-43d6-9fe3-0fc2766928a1	11	128464871	128465155	7	-2.1524
ec4242c5-4c16-43d6-9fe3-0fc2766928a1	11	128467731	135074876	5096	-0.0141
ec4242c5-4c16-43d6-9fe3-0fc2766928a1	12	51460	11358644	7337	-0.1322
ec4242c5-4c16-43d6-9fe3-0fc2766928a1	12	11359558	11390452	28	0.4018
ec4242c5-4c16-43d6-9fe3-0fc2766928a1	12	11390472	55014711	26237	-0.1354
ec4242c5-4c16-43d6-9fe3-0fc2766928a1	12	55015108	55015898	3	-2.7031
ec4242c5-4c16-43d6-9fe3-0fc2766928a1	12	55017932	57192285	1163	-0.1268
ec4242c5-4c16-43d6-9fe3-0fc2766928a1	12	57198774	67411920	6356	-0.0119
ec4242c5-4c16-43d6-9fe3-0fc2766928a1	12	67415454	67416790	2	-2.3357
ec4242c5-4c16-43d6-9fe3-0fc2766928a1	12	67420002	90089573	14115	-0.0103
ec4242c5-4c16-43d6-9fe3-0fc2766928a1	12	90097892	90098282	6	-1.5638
ec4242c5-4c16-43d6-9fe3-0fc2766928a1	12	90098297	133201603	29043	-0.0074
ec4242c5-4c16-43d6-9fe3-0fc2766928a1	13	18452809	26150539	5148	-0.0148
ec4242c5-4c16-43d6-9fe3-0fc2766928a1	13	26151256	28606377	1863	-0.1006
ec4242c5-4c16-43d6-9fe3-0fc2766928a1	13	28608497	41262990	9014	-0.0043
ec4242c5-4c16-43d6-9fe3-0fc2766928a1	13	41263019	46334793	3436	-0.0895
ec4242c5-4c16-43d6-9fe3-0fc2766928a1	13	46338221	48957415	1903	0.0053
ec4242c5-4c16-43d6-9fe3-0fc2766928a1	13	48959579	48962368	2	-2.3835
ec4242c5-4c16-43d6-9fe3-0fc2766928a1	13	48963569	57175139	4453	-0.0073
ec4242c5-4c16-43d6-9fe3-0fc2766928a1	13	57175549	57215580	40	-0.5145
ec4242c5-4c16-43d6-9fe3-0fc2766928a1	13	57215875	66805122	5728	-0.0194
ec4242c5-4c16-43d6-9fe3-0fc2766928a1	13	66805336	66812541	2	-1.4918
ec4242c5-4c16-43d6-9fe3-0fc2766928a1	13	66815638	68668123	1102	-0.0194
ec4242c5-4c16-43d6-9fe3-0fc2766928a1	13	68674167	68690553	37	-0.5464
ec4242c5-4c16-43d6-9fe3-0fc2766928a1	13	68694110	114342922	30880	-0.0149
ec4242c5-4c16-43d6-9fe3-0fc2766928a1	14	18239283	23373530	2473	0.0104
ec4242c5-4c16-43d6-9fe3-0fc2766928a1	14	23374625	23374645	2	-1.9016
ec4242c5-4c16-43d6-9fe3-0fc2766928a1	14	23374984	62186513	24342	-0.0122
ec4242c5-4c16-43d6-9fe3-0fc2766928a1	14	62188784	62198282	7	-1.0076
ec4242c5-4c16-43d6-9fe3-0fc2766928a1	14	62198558	106434898	27998	-0.0055
ec4242c5-4c16-43d6-9fe3-0fc2766928a1	14	106437363	106475361	45	0.3516
ec4242c5-4c16-43d6-9fe3-0fc2766928a1	14	106487515	106877229	193	0.0032
ec4242c5-4c16-43d6-9fe3-0fc2766928a1	15	19811075	20327364	74	0.0976
ec4242c5-4c16-43d6-9fe3-0fc2766928a1	15	20336727	20372811	12	-0.6107
ec4242c5-4c16-43d6-9fe3-0fc2766928a1	15	20372908	27673477	3468	-0.0003
ec4242c5-4c16-43d6-9fe3-0fc2766928a1	15	27674351	27683648	14	-0.7907
ec4242c5-4c16-43d6-9fe3-0fc2766928a1	15	27684001	93108090	41019	-0.0021
ec4242c5-4c16-43d6-9fe3-0fc2766928a1	15	93121559	93463863	376	-1.0673
ec4242c5-4c16-43d6-9fe3-0fc2766928a1	15	93466223	101928837	6284	0.0032
ec4242c5-4c16-43d6-9fe3-0fc2766928a1	16	10777	12016	3	-0.6899
ec4242c5-4c16-43d6-9fe3-0fc2766928a1	16	35827	32001957	19889	0.6623
ec4242c5-4c16-43d6-9fe3-0fc2766928a1	16	32016657	33914489	69	0.3591
ec4242c5-4c16-43d6-9fe3-0fc2766928a1	16	33915143	46444015	438	0.6185
ec4242c5-4c16-43d6-9fe3-0fc2766928a1	16	46463450	48547011	945	0.9013
ec4242c5-4c16-43d6-9fe3-0fc2766928a1	16	48547699	55762682	5480	-0.3476
ec4242c5-4c16-43d6-9fe3-0fc2766928a1	16	55764310	55764867	3	2.3605
ec4242c5-4c16-43d6-9fe3-0fc2766928a1	16	55770436	55788532	15	0.3344
ec4242c5-4c16-43d6-9fe3-0fc2766928a1	16	55808442	78338949	14191	-0.3374
ec4242c5-4c16-43d6-9fe3-0fc2766928a1	16	78339440	78347366	11	0.4685
ec4242c5-4c16-43d6-9fe3-0fc2766928a1	16	78349243	81396229	3431	-0.3492
ec4242c5-4c16-43d6-9fe3-0fc2766928a1	16	81398108	81398887	2	-2.5009
ec4242c5-4c16-43d6-9fe3-0fc2766928a1	16	81398987	90096867	7107	-0.3652
ec4242c5-4c16-43d6-9fe3-0fc2766928a1	17	150733	5313379	2715	0.2538
ec4242c5-4c16-43d6-9fe3-0fc2766928a1	17	5320332	6097328	548	-0.2607
ec4242c5-4c16-43d6-9fe3-0fc2766928a1	17	6097419	6105411	2	-1.6906
ec4242c5-4c16-43d6-9fe3-0fc2766928a1	17	6105986	7596064	918	-0.2731
ec4242c5-4c16-43d6-9fe3-0fc2766928a1	17	7597447	9821097	1345	0.2644
ec4242c5-4c16-43d6-9fe3-0fc2766928a1	17	9823557	16668077	4872	-0.2728
ec4242c5-4c16-43d6-9fe3-0fc2766928a1	17	16668960	17569719	489	0.2295
ec4242c5-4c16-43d6-9fe3-0fc2766928a1	17	17570120	18001624	210	-0.2675
ec4242c5-4c16-43d6-9fe3-0fc2766928a1	17	18005629	18455635	245	0.2578
ec4242c5-4c16-43d6-9fe3-0fc2766928a1	17	18458372	18461528	2	-1.2531
ec4242c5-4c16-43d6-9fe3-0fc2766928a1	17	18462631	18523147	13	0.6443
ec4242c5-4c16-43d6-9fe3-0fc2766928a1	17	18529764	21272910	1130	-0.2131
ec4242c5-4c16-43d6-9fe3-0fc2766928a1	17	21277414	36109315	5675	0.2359
ec4242c5-4c16-43d6-9fe3-0fc2766928a1	17	36109735	36157718	35	1.1121
ec4242c5-4c16-43d6-9fe3-0fc2766928a1	17	36200725	38651325	1162	0.2381
ec4242c5-4c16-43d6-9fe3-0fc2766928a1	17	38654096	41361693	1465	-0.239
ec4242c5-4c16-43d6-9fe3-0fc2766928a1	17	41361724	41366243	18	-1.3804
ec4242c5-4c16-43d6-9fe3-0fc2766928a1	17	41370057	47258786	2821	-0.25
ec4242c5-4c16-43d6-9fe3-0fc2766928a1	17	47258823	49980563	1389	0.2633
ec4242c5-4c16-43d6-9fe3-0fc2766928a1	17	49981460	50033286	26	-0.2551
ec4242c5-4c16-43d6-9fe3-0fc2766928a1	17	50033339	55544982	3598	0.2226
ec4242c5-4c16-43d6-9fe3-0fc2766928a1	17	55545649	55545755	2	-1.648
ec4242c5-4c16-43d6-9fe3-0fc2766928a1	17	55548781	56438118	749	0.242
ec4242c5-4c16-43d6-9fe3-0fc2766928a1	17	56438788	56508017	53	-0.328
ec4242c5-4c16-43d6-9fe3-0fc2766928a1	17	56508299	64816408	4360	0.245
ec4242c5-4c16-43d6-9fe3-0fc2766928a1	17	64843932	74559521	6702	-0.2681
ec4242c5-4c16-43d6-9fe3-0fc2766928a1	17	74559871	74562108	3	-2.3877
ec4242c5-4c16-43d6-9fe3-0fc2766928a1	17	74563646	83091923	4274	-0.2619
ec4242c5-4c16-43d6-9fe3-0fc2766928a1	18	48133	80257174	50383	-0.0058
ec4242c5-4c16-43d6-9fe3-0fc2766928a1	19	90910	35358420	16641	0.0049
ec4242c5-4c16-43d6-9fe3-0fc2766928a1	19	35364451	35370946	21	-0.5003
ec4242c5-4c16-43d6-9fe3-0fc2766928a1	19	35375842	37849175	1203	0.0009
ec4242c5-4c16-43d6-9fe3-0fc2766928a1	19	37850859	37853577	3	-1.7286
ec4242c5-4c16-43d6-9fe3-0fc2766928a1	19	37855094	49899356	5838	0
ec4242c5-4c16-43d6-9fe3-0fc2766928a1	19	49905908	49913000	3	-1.5202
ec4242c5-4c16-43d6-9fe3-0fc2766928a1	19	49914233	54215136	2700	0.0111
ec4242c5-4c16-43d6-9fe3-0fc2766928a1	19	54226329	54237443	16	1.1202
ec4242c5-4c16-43d6-9fe3-0fc2766928a1	19	54249482	55771003	741	-0.0108
ec4242c5-4c16-43d6-9fe3-0fc2766928a1	19	55771169	55771701	3	-2.874
ec4242c5-4c16-43d6-9fe3-0fc2766928a1	19	55774927	58586487	1833	-0.0065
ec4242c5-4c16-43d6-9fe3-0fc2766928a1	20	80664	1580156	1194	-0.005
ec4242c5-4c16-43d6-9fe3-0fc2766928a1	20	1580276	1613247	44	-0.4778
ec4242c5-4c16-43d6-9fe3-0fc2766928a1	20	1617300	64324800	40916	-0.0069
ec4242c5-4c16-43d6-9fe3-0fc2766928a1	21	10354168	36153237	16331	-0.0112
ec4242c5-4c16-43d6-9fe3-0fc2766928a1	21	36153629	36153647	2	-2.1574
ec4242c5-4c16-43d6-9fe3-0fc2766928a1	21	36160821	46677045	7358	0.0006
ec4242c5-4c16-43d6-9fe3-0fc2766928a1	22	15294547	23987520	4381	-0.0125
ec4242c5-4c16-43d6-9fe3-0fc2766928a1	22	23988078	23990739	4	-1.7504
ec4242c5-4c16-43d6-9fe3-0fc2766928a1	22	23995113	36048140	9077	-0.013
ec4242c5-4c16-43d6-9fe3-0fc2766928a1	22	36048271	36049485	3	-1.6196
ec4242c5-4c16-43d6-9fe3-0fc2766928a1	22	36049544	50796027	9719	-0.003
ec4242c5-4c16-43d6-9fe3-0fc2766928a1	X	251810	47101292	28352	0.0165
ec4242c5-4c16-43d6-9fe3-0fc2766928a1	X	47101527	47520110	187	0.3024
ec4242c5-4c16-43d6-9fe3-0fc2766928a1	X	47522259	155952689	54589	0.0129
ec4242c5-4c16-43d6-9fe3-0fc2766928a1	Y	2782397	3314408	191	-2.4137
ec4242c5-4c16-43d6-9fe3-0fc2766928a1	Y	3326047	6233355	592	-2.1407
ec4242c5-4c16-43d6-9fe3-0fc2766928a1	Y	6233384	56872112	5855	-2.5136
