GDC_Aliquot	Chromosome	Start	End	Num_Probes	Segment_Mean
f8ac1329-3c3a-4ead-95be-e5bb0e255dfb	1	62920	98588	12	-0.5974
f8ac1329-3c3a-4ead-95be-e5bb0e255dfb	1	98602	12779433	6466	0.0051
f8ac1329-3c3a-4ead-95be-e5bb0e255dfb	1	12792599	13012913	34	0.4205
f8ac1329-3c3a-4ead-95be-e5bb0e255dfb	1	13110913	17443402	2596	0.0035
f8ac1329-3c3a-4ead-95be-e5bb0e255dfb	1	17449401	17520426	38	0.484
f8ac1329-3c3a-4ead-95be-e5bb0e255dfb	1	17523436	25256850	4845	0.0097
f8ac1329-3c3a-4ead-95be-e5bb0e255dfb	1	25266637	25320455	24	0.5063
f8ac1329-3c3a-4ead-95be-e5bb0e255dfb	1	25336819	34626073	4944	0.0024
f8ac1329-3c3a-4ead-95be-e5bb0e255dfb	1	34637053	34638890	20	-0.5731
f8ac1329-3c3a-4ead-95be-e5bb0e255dfb	1	34648667	72297687	23730	0.0061
f8ac1329-3c3a-4ead-95be-e5bb0e255dfb	1	72302735	72346221	49	-1.0122
f8ac1329-3c3a-4ead-95be-e5bb0e255dfb	1	72346757	75585159	1922	-0.0002
f8ac1329-3c3a-4ead-95be-e5bb0e255dfb	1	75589078	75589169	2	1.1176
f8ac1329-3c3a-4ead-95be-e5bb0e255dfb	1	75593824	78489576	1926	0.0025
f8ac1329-3c3a-4ead-95be-e5bb0e255dfb	1	78492055	78493178	2	-2.9727
f8ac1329-3c3a-4ead-95be-e5bb0e255dfb	1	78493263	108223733	19008	0.0015
f8ac1329-3c3a-4ead-95be-e5bb0e255dfb	1	108226680	108274557	2	-2.2545
f8ac1329-3c3a-4ead-95be-e5bb0e255dfb	1	108310648	109684893	675	0.0095
f8ac1329-3c3a-4ead-95be-e5bb0e255dfb	1	109690352	109702376	14	1.0056
f8ac1329-3c3a-4ead-95be-e5bb0e255dfb	1	109703504	112147704	1945	0.0113
f8ac1329-3c3a-4ead-95be-e5bb0e255dfb	1	112153343	112154390	18	0.6553
f8ac1329-3c3a-4ead-95be-e5bb0e255dfb	1	112154552	121573287	5148	0.0035
f8ac1329-3c3a-4ead-95be-e5bb0e255dfb	1	121573699	143796140	130	0.1977
f8ac1329-3c3a-4ead-95be-e5bb0e255dfb	1	143811517	152582700	2308	0.014
f8ac1329-3c3a-4ead-95be-e5bb0e255dfb	1	152583051	152614118	36	0.378
f8ac1329-3c3a-4ead-95be-e5bb0e255dfb	1	152618018	152783832	160	-0.0024
f8ac1329-3c3a-4ead-95be-e5bb0e255dfb	1	152783934	152806385	51	-0.2392
f8ac1329-3c3a-4ead-95be-e5bb0e255dfb	1	152807663	196745743	29362	0.0101
f8ac1329-3c3a-4ead-95be-e5bb0e255dfb	1	196758720	196846661	61	-1.4235
f8ac1329-3c3a-4ead-95be-e5bb0e255dfb	1	196847600	217536548	14132	0.0076
f8ac1329-3c3a-4ead-95be-e5bb0e255dfb	1	217537191	217537218	2	-1.9398
f8ac1329-3c3a-4ead-95be-e5bb0e255dfb	1	217546221	219226452	1116	0.017
f8ac1329-3c3a-4ead-95be-e5bb0e255dfb	1	219229085	219229423	3	-1.0659
f8ac1329-3c3a-4ead-95be-e5bb0e255dfb	1	219231724	229675422	6526	0.0103
f8ac1329-3c3a-4ead-95be-e5bb0e255dfb	1	229681109	229684449	3	-2.5674
f8ac1329-3c3a-4ead-95be-e5bb0e255dfb	1	229684709	248585893	13767	0.0096
f8ac1329-3c3a-4ead-95be-e5bb0e255dfb	1	248585918	248633912	31	-0.5009
f8ac1329-3c3a-4ead-95be-e5bb0e255dfb	1	248645563	248930189	141	0.0789
f8ac1329-3c3a-4ead-95be-e5bb0e255dfb	2	12784	87146770	59050	0.0056
f8ac1329-3c3a-4ead-95be-e5bb0e255dfb	2	87147828	87835245	116	0.3447
f8ac1329-3c3a-4ead-95be-e5bb0e255dfb	2	87853065	89897956	655	0.0275
f8ac1329-3c3a-4ead-95be-e5bb0e255dfb	2	89920951	89933871	3	-0.9141
f8ac1329-3c3a-4ead-95be-e5bb0e255dfb	2	89936810	97359885	1070	0.0178
f8ac1329-3c3a-4ead-95be-e5bb0e255dfb	2	97524284	97545726	9	-0.7483
f8ac1329-3c3a-4ead-95be-e5bb0e255dfb	2	97550415	128880504	18920	0.0052
f8ac1329-3c3a-4ead-95be-e5bb0e255dfb	2	128880904	128882723	14	-0.6313
f8ac1329-3c3a-4ead-95be-e5bb0e255dfb	2	128882741	130037806	877	-0.0049
f8ac1329-3c3a-4ead-95be-e5bb0e255dfb	2	130059766	130147351	14	0.4396
f8ac1329-3c3a-4ead-95be-e5bb0e255dfb	2	130149773	146104517	9504	0.0113
f8ac1329-3c3a-4ead-95be-e5bb0e255dfb	2	146106836	146109366	24	0.5784
f8ac1329-3c3a-4ead-95be-e5bb0e255dfb	2	146120238	242147305	58882	0.0083
f8ac1329-3c3a-4ead-95be-e5bb0e255dfb	3	20930	6604856	5804	-0.0133
f8ac1329-3c3a-4ead-95be-e5bb0e255dfb	3	6609441	6611645	23	-0.6089
f8ac1329-3c3a-4ead-95be-e5bb0e255dfb	3	6613391	37935926	21732	0.0054
f8ac1329-3c3a-4ead-95be-e5bb0e255dfb	3	37940617	37945437	18	-0.6584
f8ac1329-3c3a-4ead-95be-e5bb0e255dfb	3	37945615	68697013	20097	0.0058
f8ac1329-3c3a-4ead-95be-e5bb0e255dfb	3	68697108	68698262	14	-1.0689
f8ac1329-3c3a-4ead-95be-e5bb0e255dfb	3	68699607	75372019	4865	0.0072
f8ac1329-3c3a-4ead-95be-e5bb0e255dfb	3	75377956	75496671	51	-0.8114
f8ac1329-3c3a-4ead-95be-e5bb0e255dfb	3	75497579	75590356	23	-0.3581
f8ac1329-3c3a-4ead-95be-e5bb0e255dfb	3	75596233	84649839	4955	0.0009
f8ac1329-3c3a-4ead-95be-e5bb0e255dfb	3	84650033	84653312	19	-0.3885
f8ac1329-3c3a-4ead-95be-e5bb0e255dfb	3	84653449	87784025	1752	0.0137
f8ac1329-3c3a-4ead-95be-e5bb0e255dfb	3	87785260	87796807	6	-0.7566
f8ac1329-3c3a-4ead-95be-e5bb0e255dfb	3	87798026	89337951	933	0.015
f8ac1329-3c3a-4ead-95be-e5bb0e255dfb	3	89345442	89345592	8	-0.5497
f8ac1329-3c3a-4ead-95be-e5bb0e255dfb	3	89355950	89355967	4	0.0908
f8ac1329-3c3a-4ead-95be-e5bb0e255dfb	3	89356604	89368137	36	-0.664
f8ac1329-3c3a-4ead-95be-e5bb0e255dfb	3	89370214	99218940	3224	0.0063
f8ac1329-3c3a-4ead-95be-e5bb0e255dfb	3	99225614	99230470	37	-0.4771
f8ac1329-3c3a-4ead-95be-e5bb0e255dfb	3	99230577	117171351	11019	0.0018
f8ac1329-3c3a-4ead-95be-e5bb0e255dfb	3	117171362	117181015	14	-0.4901
f8ac1329-3c3a-4ead-95be-e5bb0e255dfb	3	117183341	130044855	7640	0.0061
f8ac1329-3c3a-4ead-95be-e5bb0e255dfb	3	130047743	130087393	37	-1.2664
f8ac1329-3c3a-4ead-95be-e5bb0e255dfb	3	130088081	132270503	1433	0.0088
f8ac1329-3c3a-4ead-95be-e5bb0e255dfb	3	132273893	132276840	4	-1.4878
f8ac1329-3c3a-4ead-95be-e5bb0e255dfb	3	132281633	162813082	18793	0.0075
f8ac1329-3c3a-4ead-95be-e5bb0e255dfb	3	162815162	162822702	7	-1.4999
f8ac1329-3c3a-4ead-95be-e5bb0e255dfb	3	162827928	192889961	18976	0.0095
f8ac1329-3c3a-4ead-95be-e5bb0e255dfb	3	192890184	192890762	6	0.8795
f8ac1329-3c3a-4ead-95be-e5bb0e255dfb	3	192890809	193160173	189	0.0236
f8ac1329-3c3a-4ead-95be-e5bb0e255dfb	3	193160256	193165080	16	0.4137
f8ac1329-3c3a-4ead-95be-e5bb0e255dfb	3	193165099	194939881	1185	0.0159
f8ac1329-3c3a-4ead-95be-e5bb0e255dfb	3	194941224	194948867	2	-1.4162
f8ac1329-3c3a-4ead-95be-e5bb0e255dfb	3	194952897	195663809	297	0.0191
f8ac1329-3c3a-4ead-95be-e5bb0e255dfb	3	195673928	195720051	23	-0.5002
f8ac1329-3c3a-4ead-95be-e5bb0e255dfb	3	195728637	198169247	1181	0.0219
f8ac1329-3c3a-4ead-95be-e5bb0e255dfb	4	68929	10208766	5697	0.0044
f8ac1329-3c3a-4ead-95be-e5bb0e255dfb	4	10212536	10233644	36	1.1245
f8ac1329-3c3a-4ead-95be-e5bb0e255dfb	4	10234518	10389091	171	-0.033
f8ac1329-3c3a-4ead-95be-e5bb0e255dfb	4	10390730	10399044	16	-2.0775
f8ac1329-3c3a-4ead-95be-e5bb0e255dfb	4	10401094	34777432	16741	0.0056
f8ac1329-3c3a-4ead-95be-e5bb0e255dfb	4	34784878	34822561	37	-0.4123
f8ac1329-3c3a-4ead-95be-e5bb0e255dfb	4	34823103	43143380	5512	0.0052
f8ac1329-3c3a-4ead-95be-e5bb0e255dfb	4	43143414	43154741	13	-0.5791
f8ac1329-3c3a-4ead-95be-e5bb0e255dfb	4	43154802	68478894	13868	0.0101
f8ac1329-3c3a-4ead-95be-e5bb0e255dfb	4	68494770	68618369	65	0.4805
f8ac1329-3c3a-4ead-95be-e5bb0e255dfb	4	68618391	96108153	16889	0.0098
f8ac1329-3c3a-4ead-95be-e5bb0e255dfb	4	96115991	96116117	2	-1.4561
f8ac1329-3c3a-4ead-95be-e5bb0e255dfb	4	96117489	121352488	15073	0.0053
f8ac1329-3c3a-4ead-95be-e5bb0e255dfb	4	121352989	121370367	33	-0.5856
f8ac1329-3c3a-4ead-95be-e5bb0e255dfb	4	121371000	137163953	8838	0.0128
f8ac1329-3c3a-4ead-95be-e5bb0e255dfb	4	137168393	137172260	17	-0.3766
f8ac1329-3c3a-4ead-95be-e5bb0e255dfb	4	137173804	171448195	21332	0.0121
f8ac1329-3c3a-4ead-95be-e5bb0e255dfb	4	171453733	171456293	8	1.5224
f8ac1329-3c3a-4ead-95be-e5bb0e255dfb	4	171456307	172066777	400	0.0137
f8ac1329-3c3a-4ead-95be-e5bb0e255dfb	4	172067997	172068382	12	-1.3614
f8ac1329-3c3a-4ead-95be-e5bb0e255dfb	4	172074828	173267011	632	-0.0008
f8ac1329-3c3a-4ead-95be-e5bb0e255dfb	4	173267063	173269073	3	-1.0779
f8ac1329-3c3a-4ead-95be-e5bb0e255dfb	4	173274350	184829686	7898	0.0071
f8ac1329-3c3a-4ead-95be-e5bb0e255dfb	4	184831853	184838776	8	-0.6819
f8ac1329-3c3a-4ead-95be-e5bb0e255dfb	4	184842139	188282265	2336	0.0115
f8ac1329-3c3a-4ead-95be-e5bb0e255dfb	4	188283436	188290318	5	-0.7865
f8ac1329-3c3a-4ead-95be-e5bb0e255dfb	4	188290525	190106768	1155	0.0305
f8ac1329-3c3a-4ead-95be-e5bb0e255dfb	5	15532	12819201	10166	0.0033
f8ac1329-3c3a-4ead-95be-e5bb0e255dfb	5	12819263	12826538	8	0.8403
f8ac1329-3c3a-4ead-95be-e5bb0e255dfb	5	12833745	16120212	2217	0.0127
f8ac1329-3c3a-4ead-95be-e5bb0e255dfb	5	16120885	16125105	7	-0.694
f8ac1329-3c3a-4ead-95be-e5bb0e255dfb	5	16127435	21376735	3225	0.0021
f8ac1329-3c3a-4ead-95be-e5bb0e255dfb	5	21377730	21377744	2	1.3154
f8ac1329-3c3a-4ead-95be-e5bb0e255dfb	5	21385957	21449167	44	0.0224
f8ac1329-3c3a-4ead-95be-e5bb0e255dfb	5	21451091	21452329	5	0.8486
f8ac1329-3c3a-4ead-95be-e5bb0e255dfb	5	21452387	46271828	14915	0.0076
f8ac1329-3c3a-4ead-95be-e5bb0e255dfb	5	46272419	46273400	5	-1.6602
f8ac1329-3c3a-4ead-95be-e5bb0e255dfb	5	46278110	58025819	5060	0.0028
f8ac1329-3c3a-4ead-95be-e5bb0e255dfb	5	58030200	58036448	21	-0.5476
f8ac1329-3c3a-4ead-95be-e5bb0e255dfb	5	58036464	58348111	254	0.0329
f8ac1329-3c3a-4ead-95be-e5bb0e255dfb	5	58348255	58350843	3	-1.015
f8ac1329-3c3a-4ead-95be-e5bb0e255dfb	5	58353097	69550476	7030	0.007
f8ac1329-3c3a-4ead-95be-e5bb0e255dfb	5	69571467	69822308	5	0.8594
f8ac1329-3c3a-4ead-95be-e5bb0e255dfb	5	69937600	99909272	16814	0.005
f8ac1329-3c3a-4ead-95be-e5bb0e255dfb	5	99913572	99932896	19	-0.3563
f8ac1329-3c3a-4ead-95be-e5bb0e255dfb	5	99933551	104515520	2647	0.0154
f8ac1329-3c3a-4ead-95be-e5bb0e255dfb	5	104524672	104524903	4	-1.2416
f8ac1329-3c3a-4ead-95be-e5bb0e255dfb	5	104525348	110028692	3499	0.004
f8ac1329-3c3a-4ead-95be-e5bb0e255dfb	5	110030010	110031053	2	-1.0264
f8ac1329-3c3a-4ead-95be-e5bb0e255dfb	5	110031468	110056457	40	0.0692
f8ac1329-3c3a-4ead-95be-e5bb0e255dfb	5	110056801	110056964	3	-1.4653
f8ac1329-3c3a-4ead-95be-e5bb0e255dfb	5	110057458	156049910	29809	0.0062
f8ac1329-3c3a-4ead-95be-e5bb0e255dfb	5	156049988	156055719	12	0.5823
f8ac1329-3c3a-4ead-95be-e5bb0e255dfb	5	156068240	177771448	14754	0.0083
f8ac1329-3c3a-4ead-95be-e5bb0e255dfb	5	177800550	177805604	3	2.1983
f8ac1329-3c3a-4ead-95be-e5bb0e255dfb	5	177827964	181363319	1983	0.0073
f8ac1329-3c3a-4ead-95be-e5bb0e255dfb	6	149661	254283	101	0.046
f8ac1329-3c3a-4ead-95be-e5bb0e255dfb	6	257353	381149	101	0.2676
f8ac1329-3c3a-4ead-95be-e5bb0e255dfb	6	382559	385784	8	-0.8467
f8ac1329-3c3a-4ead-95be-e5bb0e255dfb	6	387532	2390478	1616	0.0042
f8ac1329-3c3a-4ead-95be-e5bb0e255dfb	6	2391509	2396663	6	-1.5864
f8ac1329-3c3a-4ead-95be-e5bb0e255dfb	6	2398537	29869295	19769	0.008
f8ac1329-3c3a-4ead-95be-e5bb0e255dfb	6	29869410	29881490	16	-0.9638
f8ac1329-3c3a-4ead-95be-e5bb0e255dfb	6	29882419	30095591	115	-0.013
f8ac1329-3c3a-4ead-95be-e5bb0e255dfb	6	30096785	30097080	2	-1.5925
f8ac1329-3c3a-4ead-95be-e5bb0e255dfb	6	30097542	32463775	1053	-0.0474
f8ac1329-3c3a-4ead-95be-e5bb0e255dfb	6	32481273	32533522	18	0.815
f8ac1329-3c3a-4ead-95be-e5bb0e255dfb	6	32540699	54066582	13723	0.0072
f8ac1329-3c3a-4ead-95be-e5bb0e255dfb	6	54066621	54067057	3	1.6807
f8ac1329-3c3a-4ead-95be-e5bb0e255dfb	6	54070550	73882509	10364	0.0067
f8ac1329-3c3a-4ead-95be-e5bb0e255dfb	6	73882741	73891694	9	-1.8933
f8ac1329-3c3a-4ead-95be-e5bb0e255dfb	6	73893839	76726815	1759	-0.0087
f8ac1329-3c3a-4ead-95be-e5bb0e255dfb	6	76730151	76743040	21	0.55
f8ac1329-3c3a-4ead-95be-e5bb0e255dfb	6	76751356	78253172	973	0.0036
f8ac1329-3c3a-4ead-95be-e5bb0e255dfb	6	78259348	78322875	109	-0.4693
f8ac1329-3c3a-4ead-95be-e5bb0e255dfb	6	78325223	114874292	22686	0.0098
f8ac1329-3c3a-4ead-95be-e5bb0e255dfb	6	114881368	114881442	3	-1.5886
f8ac1329-3c3a-4ead-95be-e5bb0e255dfb	6	114881626	133945130	11796	0.0077
f8ac1329-3c3a-4ead-95be-e5bb0e255dfb	6	133947933	133948494	2	-1.7847
f8ac1329-3c3a-4ead-95be-e5bb0e255dfb	6	133950934	170741917	25032	0.007
f8ac1329-3c3a-4ead-95be-e5bb0e255dfb	7	43355	8324586	4659	0.0024
f8ac1329-3c3a-4ead-95be-e5bb0e255dfb	7	8325942	8336318	11	-0.7529
f8ac1329-3c3a-4ead-95be-e5bb0e255dfb	7	8337077	10740864	1890	-0.001
f8ac1329-3c3a-4ead-95be-e5bb0e255dfb	7	10752523	10766481	13	-1.0759
f8ac1329-3c3a-4ead-95be-e5bb0e255dfb	7	10768058	38251092	20706	0.0048
f8ac1329-3c3a-4ead-95be-e5bb0e255dfb	7	38251113	38331191	111	0.3601
f8ac1329-3c3a-4ead-95be-e5bb0e255dfb	7	38331733	70955452	17100	0.0069
f8ac1329-3c3a-4ead-95be-e5bb0e255dfb	7	70958264	70961155	2	-1.6559
f8ac1329-3c3a-4ead-95be-e5bb0e255dfb	7	70963257	97766148	15648	0.0068
f8ac1329-3c3a-4ead-95be-e5bb0e255dfb	7	97766150	97766159	5	1.151
f8ac1329-3c3a-4ead-95be-e5bb0e255dfb	7	97766194	109793741	6588	0.0097
f8ac1329-3c3a-4ead-95be-e5bb0e255dfb	7	109797035	109813853	35	0.5742
f8ac1329-3c3a-4ead-95be-e5bb0e255dfb	7	109813925	159334314	30788	0.0089
f8ac1329-3c3a-4ead-95be-e5bb0e255dfb	8	81254	7137595	7701	-0.0011
f8ac1329-3c3a-4ead-95be-e5bb0e255dfb	8	7141698	7930163	63	0.3817
f8ac1329-3c3a-4ead-95be-e5bb0e255dfb	8	7930192	8120649	14	-0.359
f8ac1329-3c3a-4ead-95be-e5bb0e255dfb	8	8132772	8234503	7	0.765
f8ac1329-3c3a-4ead-95be-e5bb0e255dfb	8	8235660	12037736	3206	-0.008
f8ac1329-3c3a-4ead-95be-e5bb0e255dfb	8	12092042	12382326	21	0.4264
f8ac1329-3c3a-4ead-95be-e5bb0e255dfb	8	12382653	14427181	1751	0.0049
f8ac1329-3c3a-4ead-95be-e5bb0e255dfb	8	14427702	14428811	4	-0.877
f8ac1329-3c3a-4ead-95be-e5bb0e255dfb	8	14429043	15424900	907	0.0121
f8ac1329-3c3a-4ead-95be-e5bb0e255dfb	8	15425239	15428239	2	-2.6878
f8ac1329-3c3a-4ead-95be-e5bb0e255dfb	8	15430857	39373140	16769	0.0077
f8ac1329-3c3a-4ead-95be-e5bb0e255dfb	8	39378084	39529446	58	-1.7249
f8ac1329-3c3a-4ead-95be-e5bb0e255dfb	8	39530780	119139771	46866	0.0088
f8ac1329-3c3a-4ead-95be-e5bb0e255dfb	8	119142545	119147207	4	-2.2535
f8ac1329-3c3a-4ead-95be-e5bb0e255dfb	8	119150615	134987298	11519	0.0066
f8ac1329-3c3a-4ead-95be-e5bb0e255dfb	8	134987349	134987953	2	-2.6592
f8ac1329-3c3a-4ead-95be-e5bb0e255dfb	8	134987976	145072769	6386	0.0134
f8ac1329-3c3a-4ead-95be-e5bb0e255dfb	9	46587	672786	650	-0.0036
f8ac1329-3c3a-4ead-95be-e5bb0e255dfb	9	672895	673512	5	-0.8853
f8ac1329-3c3a-4ead-95be-e5bb0e255dfb	9	676055	11995307	10566	0.0038
f8ac1329-3c3a-4ead-95be-e5bb0e255dfb	9	11996163	11996270	2	-1.7229
f8ac1329-3c3a-4ead-95be-e5bb0e255dfb	9	11996759	23361807	9141	0.0044
f8ac1329-3c3a-4ead-95be-e5bb0e255dfb	9	23363117	23373486	8	1.0086
f8ac1329-3c3a-4ead-95be-e5bb0e255dfb	9	23378490	24503818	795	0.0089
f8ac1329-3c3a-4ead-95be-e5bb0e255dfb	9	24504127	24508240	7	-0.7297
f8ac1329-3c3a-4ead-95be-e5bb0e255dfb	9	24510170	24514405	6	-0.2245
f8ac1329-3c3a-4ead-95be-e5bb0e255dfb	9	24514688	24514900	2	-2.4392
f8ac1329-3c3a-4ead-95be-e5bb0e255dfb	9	24515113	41666811	10009	0.0026
f8ac1329-3c3a-4ead-95be-e5bb0e255dfb	9	41703463	42179276	26	0.5797
f8ac1329-3c3a-4ead-95be-e5bb0e255dfb	9	42202227	61405110	72	0.0751
f8ac1329-3c3a-4ead-95be-e5bb0e255dfb	9	61520021	61647899	30	0.6129
f8ac1329-3c3a-4ead-95be-e5bb0e255dfb	9	61665362	138200944	47984	0.0039
f8ac1329-3c3a-4ead-95be-e5bb0e255dfb	10	45792	8378127	7176	0.0001
f8ac1329-3c3a-4ead-95be-e5bb0e255dfb	10	8381254	8383642	3	-1.0216
f8ac1329-3c3a-4ead-95be-e5bb0e255dfb	10	8386246	13014263	3722	0.0038
f8ac1329-3c3a-4ead-95be-e5bb0e255dfb	10	13014550	13016840	25	-0.8735
f8ac1329-3c3a-4ead-95be-e5bb0e255dfb	10	13022223	17885034	3883	0.0115
f8ac1329-3c3a-4ead-95be-e5bb0e255dfb	10	17896194	17910884	3	-1.5102
f8ac1329-3c3a-4ead-95be-e5bb0e255dfb	10	17929793	133531836	75549	0.0053
f8ac1329-3c3a-4ead-95be-e5bb0e255dfb	10	133532494	133534223	5	-1.0067
f8ac1329-3c3a-4ead-95be-e5bb0e255dfb	10	133534753	133654968	70	0.0641
f8ac1329-3c3a-4ead-95be-e5bb0e255dfb	11	198510	307036	62	-0.068
f8ac1329-3c3a-4ead-95be-e5bb0e255dfb	11	309508	324880	4	-1.1672
f8ac1329-3c3a-4ead-95be-e5bb0e255dfb	11	336192	1632338	428	0.0108
f8ac1329-3c3a-4ead-95be-e5bb0e255dfb	11	1633335	1633531	2	-1.5324
f8ac1329-3c3a-4ead-95be-e5bb0e255dfb	11	1635897	80650989	47522	0.007
f8ac1329-3c3a-4ead-95be-e5bb0e255dfb	11	80651264	80652064	2	-1.9188
f8ac1329-3c3a-4ead-95be-e5bb0e255dfb	11	80652963	86594619	4145	0.0009
f8ac1329-3c3a-4ead-95be-e5bb0e255dfb	11	86594771	86594936	3	-1.5125
f8ac1329-3c3a-4ead-95be-e5bb0e255dfb	11	86595012	88550722	1378	0.0055
f8ac1329-3c3a-4ead-95be-e5bb0e255dfb	11	88551889	88552863	4	-0.8098
f8ac1329-3c3a-4ead-95be-e5bb0e255dfb	11	88553269	88662995	81	0.0013
f8ac1329-3c3a-4ead-95be-e5bb0e255dfb	11	88663110	88663299	2	-1.3125
f8ac1329-3c3a-4ead-95be-e5bb0e255dfb	11	88663782	89810584	622	0.0065
f8ac1329-3c3a-4ead-95be-e5bb0e255dfb	11	89813759	89815724	3	-1.1084
f8ac1329-3c3a-4ead-95be-e5bb0e255dfb	11	89817056	101723653	8671	0.0037
f8ac1329-3c3a-4ead-95be-e5bb0e255dfb	11	101727129	101727233	4	0.9422
f8ac1329-3c3a-4ead-95be-e5bb0e255dfb	11	101727481	102613922	541	0.0186
f8ac1329-3c3a-4ead-95be-e5bb0e255dfb	11	102614999	102615551	2	-1.4678
f8ac1329-3c3a-4ead-95be-e5bb0e255dfb	11	102615950	135074876	23113	0.0077
f8ac1329-3c3a-4ead-95be-e5bb0e255dfb	12	51460	9481274	6162	0.0053
f8ac1329-3c3a-4ead-95be-e5bb0e255dfb	12	9485313	9575696	23	0.9412
f8ac1329-3c3a-4ead-95be-e5bb0e255dfb	12	9582373	11062773	1031	0.0006
f8ac1329-3c3a-4ead-95be-e5bb0e255dfb	12	11064250	11088933	12	0.7203
f8ac1329-3c3a-4ead-95be-e5bb0e255dfb	12	11099275	18782255	5217	0.0072
f8ac1329-3c3a-4ead-95be-e5bb0e255dfb	12	18782560	18782999	2	-1.6642
f8ac1329-3c3a-4ead-95be-e5bb0e255dfb	12	18791454	27494974	6102	0.0009
f8ac1329-3c3a-4ead-95be-e5bb0e255dfb	12	27495047	27498429	25	-0.7238
f8ac1329-3c3a-4ead-95be-e5bb0e255dfb	12	27504228	44535904	9167	0.0083
f8ac1329-3c3a-4ead-95be-e5bb0e255dfb	12	44536778	44537288	3	-1.2106
f8ac1329-3c3a-4ead-95be-e5bb0e255dfb	12	44538206	76240594	19312	0.005
f8ac1329-3c3a-4ead-95be-e5bb0e255dfb	12	76241194	76241349	2	-1.775
f8ac1329-3c3a-4ead-95be-e5bb0e255dfb	12	76247043	91946638	9671	0.0072
f8ac1329-3c3a-4ead-95be-e5bb0e255dfb	12	91947443	91948074	5	-0.8663
f8ac1329-3c3a-4ead-95be-e5bb0e255dfb	12	91950165	115930209	16354	0.006
f8ac1329-3c3a-4ead-95be-e5bb0e255dfb	12	115933237	115939567	15	-0.8953
f8ac1329-3c3a-4ead-95be-e5bb0e255dfb	12	115940325	128240944	7991	-0.0014
f8ac1329-3c3a-4ead-95be-e5bb0e255dfb	12	128242570	128253201	19	-0.4075
f8ac1329-3c3a-4ead-95be-e5bb0e255dfb	12	128253766	129516041	1167	0.0039
f8ac1329-3c3a-4ead-95be-e5bb0e255dfb	12	129518945	129519049	2	-1.9184
f8ac1329-3c3a-4ead-95be-e5bb0e255dfb	12	129519225	129721488	202	-0.0123
f8ac1329-3c3a-4ead-95be-e5bb0e255dfb	12	129722157	129722520	3	-1.0835
f8ac1329-3c3a-4ead-95be-e5bb0e255dfb	12	129723186	131636170	1576	0.0083
f8ac1329-3c3a-4ead-95be-e5bb0e255dfb	12	131648039	131648790	13	-1.6311
f8ac1329-3c3a-4ead-95be-e5bb0e255dfb	12	131657925	133201603	559	0.0159
f8ac1329-3c3a-4ead-95be-e5bb0e255dfb	13	18452809	22931933	2754	0.008
f8ac1329-3c3a-4ead-95be-e5bb0e255dfb	13	22945791	22950543	2	-1.2933
f8ac1329-3c3a-4ead-95be-e5bb0e255dfb	13	22950740	22977530	13	-0.1612
f8ac1329-3c3a-4ead-95be-e5bb0e255dfb	13	22978361	23058539	78	0.031
f8ac1329-3c3a-4ead-95be-e5bb0e255dfb	13	23058721	23059376	11	-0.4208
f8ac1329-3c3a-4ead-95be-e5bb0e255dfb	13	23064056	23905802	639	0.0011
f8ac1329-3c3a-4ead-95be-e5bb0e255dfb	13	23907787	23921773	12	-0.4349
f8ac1329-3c3a-4ead-95be-e5bb0e255dfb	13	23922979	37497899	9942	0.0084
f8ac1329-3c3a-4ead-95be-e5bb0e255dfb	13	37498087	37510620	15	0.4198
f8ac1329-3c3a-4ead-95be-e5bb0e255dfb	13	37514193	52920115	10084	0.0064
f8ac1329-3c3a-4ead-95be-e5bb0e255dfb	13	52926368	52926443	2	-1.6871
f8ac1329-3c3a-4ead-95be-e5bb0e255dfb	13	52927065	62721284	5681	0.0002
f8ac1329-3c3a-4ead-95be-e5bb0e255dfb	13	62721577	62722122	2	-1.4467
f8ac1329-3c3a-4ead-95be-e5bb0e255dfb	13	62722748	71902850	5705	0.0012
f8ac1329-3c3a-4ead-95be-e5bb0e255dfb	13	71903417	71906418	4	-2.1115
f8ac1329-3c3a-4ead-95be-e5bb0e255dfb	13	71906467	114342922	28998	0.001
f8ac1329-3c3a-4ead-95be-e5bb0e255dfb	14	18239283	19732250	67	-0.003
f8ac1329-3c3a-4ead-95be-e5bb0e255dfb	14	19732958	19957701	103	-0.2576
f8ac1329-3c3a-4ead-95be-e5bb0e255dfb	14	19957752	21919594	1331	0.0151
f8ac1329-3c3a-4ead-95be-e5bb0e255dfb	14	21921927	22509792	533	0.1913
f8ac1329-3c3a-4ead-95be-e5bb0e255dfb	14	22514241	104339413	52358	0.0044
f8ac1329-3c3a-4ead-95be-e5bb0e255dfb	14	104341375	104343612	2	-1.7153
f8ac1329-3c3a-4ead-95be-e5bb0e255dfb	14	104344057	106321086	596	0.0126
f8ac1329-3c3a-4ead-95be-e5bb0e255dfb	14	106340102	106346129	7	1.0788
f8ac1329-3c3a-4ead-95be-e5bb0e255dfb	14	106360014	106877229	274	0.0541
f8ac1329-3c3a-4ead-95be-e5bb0e255dfb	15	19811075	20001686	45	0.0146
f8ac1329-3c3a-4ead-95be-e5bb0e255dfb	15	20011702	20373168	43	0.5855
f8ac1329-3c3a-4ead-95be-e5bb0e255dfb	15	20376198	20376311	7	-0.0699
f8ac1329-3c3a-4ead-95be-e5bb0e255dfb	15	20380735	22385639	111	0.5891
f8ac1329-3c3a-4ead-95be-e5bb0e255dfb	15	22395047	22584747	8	-0.3357
f8ac1329-3c3a-4ead-95be-e5bb0e255dfb	15	22590285	75732576	33169	0.0064
f8ac1329-3c3a-4ead-95be-e5bb0e255dfb	15	75733674	75739839	5	-0.9927
f8ac1329-3c3a-4ead-95be-e5bb0e255dfb	15	75740986	80436239	2850	0.0177
f8ac1329-3c3a-4ead-95be-e5bb0e255dfb	15	80439712	80441756	2	-1.2511
f8ac1329-3c3a-4ead-95be-e5bb0e255dfb	15	80441833	81796730	928	0.0012
f8ac1329-3c3a-4ead-95be-e5bb0e255dfb	15	81796850	81796869	2	-1.8114
f8ac1329-3c3a-4ead-95be-e5bb0e255dfb	15	81804153	83874498	1096	0.0258
f8ac1329-3c3a-4ead-95be-e5bb0e255dfb	15	83874650	83879115	6	-0.6008
f8ac1329-3c3a-4ead-95be-e5bb0e255dfb	15	83879146	84159599	174	-0.0065
f8ac1329-3c3a-4ead-95be-e5bb0e255dfb	15	84192594	84388506	5	0.8259
f8ac1329-3c3a-4ead-95be-e5bb0e255dfb	15	84390750	85430674	482	0.0302
f8ac1329-3c3a-4ead-95be-e5bb0e255dfb	15	85440272	85442024	3	-1.1079
f8ac1329-3c3a-4ead-95be-e5bb0e255dfb	15	85444905	85965728	433	0.0014
f8ac1329-3c3a-4ead-95be-e5bb0e255dfb	15	85968663	85970308	3	-1.3102
f8ac1329-3c3a-4ead-95be-e5bb0e255dfb	15	85974618	101928837	12064	0.0006
f8ac1329-3c3a-4ead-95be-e5bb0e255dfb	16	10777	6040307	3173	0.0016
f8ac1329-3c3a-4ead-95be-e5bb0e255dfb	16	6041708	6060250	21	-0.7008
f8ac1329-3c3a-4ead-95be-e5bb0e255dfb	16	6060690	22412350	11544	0.0062
f8ac1329-3c3a-4ead-95be-e5bb0e255dfb	16	22412847	22693199	78	-0.2519
f8ac1329-3c3a-4ead-95be-e5bb0e255dfb	16	22699421	55762682	12078	0.0028
f8ac1329-3c3a-4ead-95be-e5bb0e255dfb	16	55764310	55764867	3	1.972
f8ac1329-3c3a-4ead-95be-e5bb0e255dfb	16	55770436	74335633	11055	0.0043
f8ac1329-3c3a-4ead-95be-e5bb0e255dfb	16	74346075	74432668	14	-0.6851
f8ac1329-3c3a-4ead-95be-e5bb0e255dfb	16	74432912	80333537	5644	0.0033
f8ac1329-3c3a-4ead-95be-e5bb0e255dfb	16	80334051	80344539	14	-0.5142
f8ac1329-3c3a-4ead-95be-e5bb0e255dfb	16	80344790	88840372	7575	-0.004
f8ac1329-3c3a-4ead-95be-e5bb0e255dfb	16	88843338	90007677	498	0.0839
f8ac1329-3c3a-4ead-95be-e5bb0e255dfb	16	90010727	90096867	66	-0.0801
f8ac1329-3c3a-4ead-95be-e5bb0e255dfb	17	150733	18414080	11374	0.0004
f8ac1329-3c3a-4ead-95be-e5bb0e255dfb	17	18452078	18561907	27	0.6685
f8ac1329-3c3a-4ead-95be-e5bb0e255dfb	17	18565883	28452035	2250	0.0042
f8ac1329-3c3a-4ead-95be-e5bb0e255dfb	17	28454323	28455301	2	1.2134
f8ac1329-3c3a-4ead-95be-e5bb0e255dfb	17	28462253	29848086	600	-0.0112
f8ac1329-3c3a-4ead-95be-e5bb0e255dfb	17	29853818	29854557	3	-1.1375
f8ac1329-3c3a-4ead-95be-e5bb0e255dfb	17	29855176	40839274	6244	0.003
f8ac1329-3c3a-4ead-95be-e5bb0e255dfb	17	40841348	40842898	2	-1.4884
f8ac1329-3c3a-4ead-95be-e5bb0e255dfb	17	40843400	41079137	165	0.0216
f8ac1329-3c3a-4ead-95be-e5bb0e255dfb	17	41079201	41095014	13	-0.3063
f8ac1329-3c3a-4ead-95be-e5bb0e255dfb	17	41100992	41265456	95	0.0147
f8ac1329-3c3a-4ead-95be-e5bb0e255dfb	17	41266762	41274279	24	-0.8462
f8ac1329-3c3a-4ead-95be-e5bb0e255dfb	17	41276472	45675182	2194	0.0096
f8ac1329-3c3a-4ead-95be-e5bb0e255dfb	17	45676232	46085732	301	0.1009
f8ac1329-3c3a-4ead-95be-e5bb0e255dfb	17	46088437	46286804	124	0.5287
f8ac1329-3c3a-4ead-95be-e5bb0e255dfb	17	46323701	46446360	4	-0.7045
f8ac1329-3c3a-4ead-95be-e5bb0e255dfb	17	46569894	66740768	11742	0.0045
f8ac1329-3c3a-4ead-95be-e5bb0e255dfb	17	66741340	66741404	2	-1.2981
f8ac1329-3c3a-4ead-95be-e5bb0e255dfb	17	66741599	83091923	9801	0.0075
f8ac1329-3c3a-4ead-95be-e5bb0e255dfb	18	48133	64419296	39081	0.0073
f8ac1329-3c3a-4ead-95be-e5bb0e255dfb	18	64421566	64423736	3	-1.5186
f8ac1329-3c3a-4ead-95be-e5bb0e255dfb	18	64426245	69079626	3319	0.0147
f8ac1329-3c3a-4ead-95be-e5bb0e255dfb	18	69079640	69090472	30	-0.7717
f8ac1329-3c3a-4ead-95be-e5bb0e255dfb	18	69090513	77211972	6186	-0.0014
f8ac1329-3c3a-4ead-95be-e5bb0e255dfb	18	77213430	77214451	2	-1.5853
f8ac1329-3c3a-4ead-95be-e5bb0e255dfb	18	77214926	80058479	1855	0.0128
f8ac1329-3c3a-4ead-95be-e5bb0e255dfb	18	80061248	80064887	2	-1.2213
f8ac1329-3c3a-4ead-95be-e5bb0e255dfb	18	80065649	80257174	111	0.0272
f8ac1329-3c3a-4ead-95be-e5bb0e255dfb	19	90910	255578	4	-0.7969
f8ac1329-3c3a-4ead-95be-e5bb0e255dfb	19	255830	12581187	5029	-0.0022
f8ac1329-3c3a-4ead-95be-e5bb0e255dfb	19	12586552	12587288	2	-1.3608
f8ac1329-3c3a-4ead-95be-e5bb0e255dfb	19	12589709	20282632	3776	0.01
f8ac1329-3c3a-4ead-95be-e5bb0e255dfb	19	20286348	20287963	3	-0.9639
f8ac1329-3c3a-4ead-95be-e5bb0e255dfb	19	20288631	20411869	93	0.0478
f8ac1329-3c3a-4ead-95be-e5bb0e255dfb	19	20413400	20538428	70	-0.6234
f8ac1329-3c3a-4ead-95be-e5bb0e255dfb	19	20538656	51628480	15741	0.0071
f8ac1329-3c3a-4ead-95be-e5bb0e255dfb	19	51628494	51644944	14	0.5361
f8ac1329-3c3a-4ead-95be-e5bb0e255dfb	19	51651652	58586487	4329	0.012
f8ac1329-3c3a-4ead-95be-e5bb0e255dfb	20	80664	1580353	1201	0.0185
f8ac1329-3c3a-4ead-95be-e5bb0e255dfb	20	1580934	1613247	41	-1.0315
f8ac1329-3c3a-4ead-95be-e5bb0e255dfb	20	1617300	64324800	41041	0.0032
f8ac1329-3c3a-4ead-95be-e5bb0e255dfb	21	10354168	27072333	9972	0.0045
f8ac1329-3c3a-4ead-95be-e5bb0e255dfb	21	27079051	27085616	10	-0.8966
f8ac1329-3c3a-4ead-95be-e5bb0e255dfb	21	27087592	29760856	1959	0.0083
f8ac1329-3c3a-4ead-95be-e5bb0e255dfb	21	29764010	29765618	3	-1.055
f8ac1329-3c3a-4ead-95be-e5bb0e255dfb	21	29768434	35924075	4281	0.0053
f8ac1329-3c3a-4ead-95be-e5bb0e255dfb	21	35925861	35926461	2	-2.6297
f8ac1329-3c3a-4ead-95be-e5bb0e255dfb	21	35928963	46677045	7555	0.0033
f8ac1329-3c3a-4ead-95be-e5bb0e255dfb	22	15294547	23987520	4389	0.0291
f8ac1329-3c3a-4ead-95be-e5bb0e255dfb	22	23988078	23989773	2	-2.2571
f8ac1329-3c3a-4ead-95be-e5bb0e255dfb	22	23990431	25265731	817	0.0104
f8ac1329-3c3a-4ead-95be-e5bb0e255dfb	22	25268018	25519883	284	0.5566
f8ac1329-3c3a-4ead-95be-e5bb0e255dfb	22	25522742	29474269	3222	0.0125
f8ac1329-3c3a-4ead-95be-e5bb0e255dfb	22	29474323	29474386	3	1.2031
f8ac1329-3c3a-4ead-95be-e5bb0e255dfb	22	29485712	38891905	6458	0.0054
f8ac1329-3c3a-4ead-95be-e5bb0e255dfb	22	38894915	38900899	4	-1.9793
f8ac1329-3c3a-4ead-95be-e5bb0e255dfb	22	38903109	50796027	8066	0.0012
f8ac1329-3c3a-4ead-95be-e5bb0e255dfb	X	251810	103999203	53664	0.0075
f8ac1329-3c3a-4ead-95be-e5bb0e255dfb	X	104003417	104090208	66	0.5312
f8ac1329-3c3a-4ead-95be-e5bb0e255dfb	X	104090368	155952689	29749	0.0035
f8ac1329-3c3a-4ead-95be-e5bb0e255dfb	Y	2782397	56872112	6639	-0.9382
