GDC_Aliquot	Chromosome	Start	End	Num_Probes	Segment_Mean
39673e39-a84a-4e3d-808f-c0aad189a2d7	1	3301765	173422756	82979	0.0306
39673e39-a84a-4e3d-808f-c0aad189a2d7	1	173422885	173425283	2	-3.516
39673e39-a84a-4e3d-808f-c0aad189a2d7	1	173426372	194227475	12709	0.0242
39673e39-a84a-4e3d-808f-c0aad189a2d7	1	194227654	194230371	2	-3.231
39673e39-a84a-4e3d-808f-c0aad189a2d7	1	194231992	247650984	34087	0.0249
39673e39-a84a-4e3d-808f-c0aad189a2d7	2	480597	53397839	31748	0.0248
39673e39-a84a-4e3d-808f-c0aad189a2d7	2	53401210	53401786	2	-3.018
39673e39-a84a-4e3d-808f-c0aad189a2d7	2	53402183	53474075	51	0.0726
39673e39-a84a-4e3d-808f-c0aad189a2d7	2	53475034	53475696	2	-3.7371
39673e39-a84a-4e3d-808f-c0aad189a2d7	2	53476915	241537572	100425	0.0263
39673e39-a84a-4e3d-808f-c0aad189a2d7	3	2170634	197812401	107215	0.0224
39673e39-a84a-4e3d-808f-c0aad189a2d7	4	1059384	187842528	103540	0.0211
39673e39-a84a-4e3d-808f-c0aad189a2d7	5	913983	180934240	101151	0.0206
39673e39-a84a-4e3d-808f-c0aad189a2d7	6	1011760	170596889	97197	0.0191
39673e39-a84a-4e3d-808f-c0aad189a2d7	7	664936	42070034	24319	0.0176
39673e39-a84a-4e3d-808f-c0aad189a2d7	7	42074327	42074796	2	-3.9029
39673e39-a84a-4e3d-808f-c0aad189a2d7	7	42074993	158592540	57653	0.0174
39673e39-a84a-4e3d-808f-c0aad189a2d7	8	667625	35128981	20863	0.0234
39673e39-a84a-4e3d-808f-c0aad189a2d7	8	35131513	35140073	2	-3.13
39673e39-a84a-4e3d-808f-c0aad189a2d7	8	35140618	144182542	61386	0.0215
39673e39-a84a-4e3d-808f-c0aad189a2d7	9	789794	138044505	68496	0.0276
39673e39-a84a-4e3d-808f-c0aad189a2d7	10	366509	133411599	81309	0.0238
39673e39-a84a-4e3d-808f-c0aad189a2d7	11	456012	134272740	77609	0.0288
39673e39-a84a-4e3d-808f-c0aad189a2d7	12	780472	132605822	74366	0.0267
39673e39-a84a-4e3d-808f-c0aad189a2d7	13	18874255	114226675	57015	0.0269
39673e39-a84a-4e3d-808f-c0aad189a2d7	14	20033191	105533894	49811	0.03
39673e39-a84a-4e3d-808f-c0aad189a2d7	15	23437561	101344124	44803	0.0277
39673e39-a84a-4e3d-808f-c0aad189a2d7	16	603333	79357989	34645	0.0355
39673e39-a84a-4e3d-808f-c0aad189a2d7	16	79358794	79358988	2	-3.2936
39673e39-a84a-4e3d-808f-c0aad189a2d7	16	79359210	85704917	4560	0.0285
39673e39-a84a-4e3d-808f-c0aad189a2d7	16	85705643	85707102	2	-2.8884
39673e39-a84a-4e3d-808f-c0aad189a2d7	16	85707144	89317317	2003	0.0356
39673e39-a84a-4e3d-808f-c0aad189a2d7	17	1074619	82959812	37291	0.0352
39673e39-a84a-4e3d-808f-c0aad189a2d7	18	326691	79349796	42978	0.0205
39673e39-a84a-4e3d-808f-c0aad189a2d7	19	283868	47353079	19558	0.0438
39673e39-a84a-4e3d-808f-c0aad189a2d7	19	47356300	47360999	3	-2.9424
39673e39-a84a-4e3d-808f-c0aad189a2d7	19	47361013	58370362	4599	0.0575
39673e39-a84a-4e3d-808f-c0aad189a2d7	20	472817	63588502	37567	0.0295
39673e39-a84a-4e3d-808f-c0aad189a2d7	21	13974127	46262057	20604	0.0211
39673e39-a84a-4e3d-808f-c0aad189a2d7	22	16934932	48940621	17094	0.0369
39673e39-a84a-4e3d-808f-c0aad189a2d7	X	3236359	155677414	63977	0.0282
