GDC_Aliquot	Chromosome	Start	End	Num_Probes	Segment_Mean
160facc3-9101-4a31-a4a2-ec5eb15b7d4c	1	3301765	11813694	4844	0.0251
160facc3-9101-4a31-a4a2-ec5eb15b7d4c	1	11813730	12221360	229	-0.1748
160facc3-9101-4a31-a4a2-ec5eb15b7d4c	1	12222438	15330658	1735	0.0538
160facc3-9101-4a31-a4a2-ec5eb15b7d4c	1	15331095	17319380	720	-0.046
160facc3-9101-4a31-a4a2-ec5eb15b7d4c	1	17320031	18738880	1038	0.0878
160facc3-9101-4a31-a4a2-ec5eb15b7d4c	1	18739292	22338281	2067	0.0037
160facc3-9101-4a31-a4a2-ec5eb15b7d4c	1	22338717	23277397	567	0.115
160facc3-9101-4a31-a4a2-ec5eb15b7d4c	1	23277512	26125895	1357	-0.0122
160facc3-9101-4a31-a4a2-ec5eb15b7d4c	1	26127712	28098329	731	-0.091
160facc3-9101-4a31-a4a2-ec5eb15b7d4c	1	28098399	31872990	2028	0.0255
160facc3-9101-4a31-a4a2-ec5eb15b7d4c	1	31875670	33272978	546	-0.0607
160facc3-9101-4a31-a4a2-ec5eb15b7d4c	1	33273639	35949913	1572	0.0395
160facc3-9101-4a31-a4a2-ec5eb15b7d4c	1	35950434	36467023	227	-0.1462
160facc3-9101-4a31-a4a2-ec5eb15b7d4c	1	36469066	111359509	44747	0.0036
160facc3-9101-4a31-a4a2-ec5eb15b7d4c	1	111359684	111702965	209	-0.1559
160facc3-9101-4a31-a4a2-ec5eb15b7d4c	1	111705665	119968940	5198	0.0059
160facc3-9101-4a31-a4a2-ec5eb15b7d4c	1	119969243	152152082	929	-0.0704
160facc3-9101-4a31-a4a2-ec5eb15b7d4c	1	152158692	153290365	708	0.0378
160facc3-9101-4a31-a4a2-ec5eb15b7d4c	1	153291667	156788631	1569	-0.0662
160facc3-9101-4a31-a4a2-ec5eb15b7d4c	1	156789793	159852880	2021	0.0059
160facc3-9101-4a31-a4a2-ec5eb15b7d4c	1	159856600	161476341	924	-0.0745
160facc3-9101-4a31-a4a2-ec5eb15b7d4c	1	161686708	167480845	4489	0.0069
160facc3-9101-4a31-a4a2-ec5eb15b7d4c	1	167481084	167648462	155	-0.1541
160facc3-9101-4a31-a4a2-ec5eb15b7d4c	1	167648512	168480886	520	-0.0092
160facc3-9101-4a31-a4a2-ec5eb15b7d4c	1	168481537	168484734	3	1.125
160facc3-9101-4a31-a4a2-ec5eb15b7d4c	1	168487717	168884374	353	0.0052
160facc3-9101-4a31-a4a2-ec5eb15b7d4c	1	168884377	168890887	2	-1.5359
160facc3-9101-4a31-a4a2-ec5eb15b7d4c	1	168890930	176540105	4533	0.0041
160facc3-9101-4a31-a4a2-ec5eb15b7d4c	1	176540873	176540952	2	-1.654
160facc3-9101-4a31-a4a2-ec5eb15b7d4c	1	176541594	198500032	13421	-0.006
160facc3-9101-4a31-a4a2-ec5eb15b7d4c	1	198500104	198717346	166	-0.171
160facc3-9101-4a31-a4a2-ec5eb15b7d4c	1	198718235	203132912	2766	0.0126
160facc3-9101-4a31-a4a2-ec5eb15b7d4c	1	203133600	203433227	236	-0.1501
160facc3-9101-4a31-a4a2-ec5eb15b7d4c	1	203433524	206469582	1803	0.0185
160facc3-9101-4a31-a4a2-ec5eb15b7d4c	1	206474107	207966864	1013	-0.0769
160facc3-9101-4a31-a4a2-ec5eb15b7d4c	1	207968858	209630870	1318	0.0029
160facc3-9101-4a31-a4a2-ec5eb15b7d4c	1	209631154	209706254	77	-0.2122
160facc3-9101-4a31-a4a2-ec5eb15b7d4c	1	209706501	209758008	44	-0.36
160facc3-9101-4a31-a4a2-ec5eb15b7d4c	1	209758776	209881760	107	-0.1419
160facc3-9101-4a31-a4a2-ec5eb15b7d4c	1	209881942	234577637	16008	0.0032
160facc3-9101-4a31-a4a2-ec5eb15b7d4c	1	234577765	235177367	346	-0.1431
160facc3-9101-4a31-a4a2-ec5eb15b7d4c	1	235177695	247650984	7855	0.0165
160facc3-9101-4a31-a4a2-ec5eb15b7d4c	2	480597	9949593	5865	0.0164
160facc3-9101-4a31-a4a2-ec5eb15b7d4c	2	9954768	10457813	341	-0.0889
160facc3-9101-4a31-a4a2-ec5eb15b7d4c	2	10457973	16304882	3929	0.0287
160facc3-9101-4a31-a4a2-ec5eb15b7d4c	2	16311335	21274258	3474	-0.0136
160facc3-9101-4a31-a4a2-ec5eb15b7d4c	2	21278321	28319253	3642	0.0217
160facc3-9101-4a31-a4a2-ec5eb15b7d4c	2	28319478	28683759	239	-0.1174
160facc3-9101-4a31-a4a2-ec5eb15b7d4c	2	28683778	42056970	7369	0.0172
160facc3-9101-4a31-a4a2-ec5eb15b7d4c	2	42057907	42327113	174	-0.1221
160facc3-9101-4a31-a4a2-ec5eb15b7d4c	2	42330135	43046173	426	0.0309
160facc3-9101-4a31-a4a2-ec5eb15b7d4c	2	43047669	43405061	179	-0.1461
160facc3-9101-4a31-a4a2-ec5eb15b7d4c	2	43405476	68207213	14469	0.0111
160facc3-9101-4a31-a4a2-ec5eb15b7d4c	2	68207688	69091655	491	-0.1056
160facc3-9101-4a31-a4a2-ec5eb15b7d4c	2	69091733	69884413	496	0.0164
160facc3-9101-4a31-a4a2-ec5eb15b7d4c	2	69884685	70122871	131	-0.2867
160facc3-9101-4a31-a4a2-ec5eb15b7d4c	2	70123143	101915579	12502	0.0043
160facc3-9101-4a31-a4a2-ec5eb15b7d4c	2	101916009	102600317	477	-0.0859
160facc3-9101-4a31-a4a2-ec5eb15b7d4c	2	102600361	135954736	16797	0.0067
160facc3-9101-4a31-a4a2-ec5eb15b7d4c	2	135960809	136315811	218	-0.2211
160facc3-9101-4a31-a4a2-ec5eb15b7d4c	2	136316562	215916228	44875	0.0028
160facc3-9101-4a31-a4a2-ec5eb15b7d4c	2	215919106	215919385	2	-2.1432
160facc3-9101-4a31-a4a2-ec5eb15b7d4c	2	215921811	218024766	1484	0.0219
160facc3-9101-4a31-a4a2-ec5eb15b7d4c	2	218027152	218575705	262	-0.1761
160facc3-9101-4a31-a4a2-ec5eb15b7d4c	2	218578994	219118308	249	-0.0018
160facc3-9101-4a31-a4a2-ec5eb15b7d4c	2	219120577	219515403	194	-0.2098
160facc3-9101-4a31-a4a2-ec5eb15b7d4c	2	219516415	237574521	11241	0.018
160facc3-9101-4a31-a4a2-ec5eb15b7d4c	2	237577579	238334476	460	-0.0698
160facc3-9101-4a31-a4a2-ec5eb15b7d4c	2	238334502	239238990	423	0.0515
160facc3-9101-4a31-a4a2-ec5eb15b7d4c	2	239239611	239514577	145	-0.1895
160facc3-9101-4a31-a4a2-ec5eb15b7d4c	2	239515605	241537572	1162	-0.0312
160facc3-9101-4a31-a4a2-ec5eb15b7d4c	3	2170634	197812401	106737	-0.0017
160facc3-9101-4a31-a4a2-ec5eb15b7d4c	4	1059384	3168695	824	-0.0842
160facc3-9101-4a31-a4a2-ec5eb15b7d4c	4	3172529	6415681	2052	0.0359
160facc3-9101-4a31-a4a2-ec5eb15b7d4c	4	6416058	6605137	105	-0.0335
160facc3-9101-4a31-a4a2-ec5eb15b7d4c	4	6606103	7083131	295	-0.1709
160facc3-9101-4a31-a4a2-ec5eb15b7d4c	4	7083258	73541373	36840	0.0042
160facc3-9101-4a31-a4a2-ec5eb15b7d4c	4	73547872	74395973	548	-0.1026
160facc3-9101-4a31-a4a2-ec5eb15b7d4c	4	74404625	154656840	44731	-0.0055
160facc3-9101-4a31-a4a2-ec5eb15b7d4c	4	154657139	154659266	2	-1.9118
160facc3-9101-4a31-a4a2-ec5eb15b7d4c	4	154663615	184296203	15964	0.0038
160facc3-9101-4a31-a4a2-ec5eb15b7d4c	4	184298468	185526416	323	-0.1326
160facc3-9101-4a31-a4a2-ec5eb15b7d4c	4	185528497	187842528	1439	0.0113
160facc3-9101-4a31-a4a2-ec5eb15b7d4c	5	913983	114899732	60871	-0.0012
160facc3-9101-4a31-a4a2-ec5eb15b7d4c	5	114901631	114903581	2	-1.6308
160facc3-9101-4a31-a4a2-ec5eb15b7d4c	5	114910879	132360396	9978	0.0021
160facc3-9101-4a31-a4a2-ec5eb15b7d4c	5	132368191	132539896	123	-0.3086
160facc3-9101-4a31-a4a2-ec5eb15b7d4c	5	132541027	142783962	5847	0.0041
160facc3-9101-4a31-a4a2-ec5eb15b7d4c	5	142784184	143409663	443	-0.0997
160facc3-9101-4a31-a4a2-ec5eb15b7d4c	5	143417839	150383742	4523	0.0012
160facc3-9101-4a31-a4a2-ec5eb15b7d4c	5	150387028	151049023	383	-0.0662
160facc3-9101-4a31-a4a2-ec5eb15b7d4c	5	151052506	151231404	136	-0.2123
160facc3-9101-4a31-a4a2-ec5eb15b7d4c	5	151231893	151346195	82	-0.0982
160facc3-9101-4a31-a4a2-ec5eb15b7d4c	5	151348319	157121519	3787	0.0157
160facc3-9101-4a31-a4a2-ec5eb15b7d4c	5	157131981	157471959	243	-0.122
160facc3-9101-4a31-a4a2-ec5eb15b7d4c	5	157472667	157966535	331	-0.0025
160facc3-9101-4a31-a4a2-ec5eb15b7d4c	5	157972042	157972891	3	-1.2643
160facc3-9101-4a31-a4a2-ec5eb15b7d4c	5	157974887	162289621	2790	0.003
160facc3-9101-4a31-a4a2-ec5eb15b7d4c	5	162290278	162290311	2	1.6343
160facc3-9101-4a31-a4a2-ec5eb15b7d4c	5	162293319	172645840	6802	0.0138
160facc3-9101-4a31-a4a2-ec5eb15b7d4c	5	172739256	173023017	179	-0.2209
160facc3-9101-4a31-a4a2-ec5eb15b7d4c	5	173030110	180934240	4180	-0.0085
160facc3-9101-4a31-a4a2-ec5eb15b7d4c	6	1011760	2687495	1272	0.031
160facc3-9101-4a31-a4a2-ec5eb15b7d4c	6	2687817	3211553	392	-0.1434
160facc3-9101-4a31-a4a2-ec5eb15b7d4c	6	3213817	9612044	4611	-0.0045
160facc3-9101-4a31-a4a2-ec5eb15b7d4c	6	9613076	9613364	2	-1.6943
160facc3-9101-4a31-a4a2-ec5eb15b7d4c	6	9614502	11074114	822	0.0326
160facc3-9101-4a31-a4a2-ec5eb15b7d4c	6	11075009	12216270	926	-0.0834
160facc3-9101-4a31-a4a2-ec5eb15b7d4c	6	12216413	13207021	760	0.023
160facc3-9101-4a31-a4a2-ec5eb15b7d4c	6	13208867	13678685	377	-0.1017
160facc3-9101-4a31-a4a2-ec5eb15b7d4c	6	13688757	24586494	7526	0.0109
160facc3-9101-4a31-a4a2-ec5eb15b7d4c	6	24586524	24946443	204	-0.1178
160facc3-9101-4a31-a4a2-ec5eb15b7d4c	6	24947544	24947577	2	1.5656
160facc3-9101-4a31-a4a2-ec5eb15b7d4c	6	24950971	25064413	92	-0.1745
160facc3-9101-4a31-a4a2-ec5eb15b7d4c	6	25064561	26027205	491	0.0346
160facc3-9101-4a31-a4a2-ec5eb15b7d4c	6	26030264	26557258	243	-0.2575
160facc3-9101-4a31-a4a2-ec5eb15b7d4c	6	26561223	29736623	1097	0.0134
160facc3-9101-4a31-a4a2-ec5eb15b7d4c	6	29739530	30796643	286	-0.1457
160facc3-9101-4a31-a4a2-ec5eb15b7d4c	6	30820811	31121854	137	0.0717
160facc3-9101-4a31-a4a2-ec5eb15b7d4c	6	31126418	33540214	357	-0.1573
160facc3-9101-4a31-a4a2-ec5eb15b7d4c	6	33540696	170596889	77156	-0.0014
160facc3-9101-4a31-a4a2-ec5eb15b7d4c	7	664936	2440155	475	0.0274
160facc3-9101-4a31-a4a2-ec5eb15b7d4c	7	2446733	2609252	63	-0.2349
160facc3-9101-4a31-a4a2-ec5eb15b7d4c	7	2609630	3119701	326	0.0004
160facc3-9101-4a31-a4a2-ec5eb15b7d4c	7	3127765	4439758	594	0.074
160facc3-9101-4a31-a4a2-ec5eb15b7d4c	7	4520589	18074805	7208	0.0021
160facc3-9101-4a31-a4a2-ec5eb15b7d4c	7	18077790	18432148	235	-0.1286
160facc3-9101-4a31-a4a2-ec5eb15b7d4c	7	18432505	30015927	7374	-0.0081
160facc3-9101-4a31-a4a2-ec5eb15b7d4c	7	30016698	30604456	334	-0.1063
160facc3-9101-4a31-a4a2-ec5eb15b7d4c	7	30604747	43509668	8224	-0.0024
160facc3-9101-4a31-a4a2-ec5eb15b7d4c	7	43509958	44179257	335	-0.1061
160facc3-9101-4a31-a4a2-ec5eb15b7d4c	7	44179739	48143686	2584	0.0053
160facc3-9101-4a31-a4a2-ec5eb15b7d4c	7	48144833	48146047	2	-1.8948
160facc3-9101-4a31-a4a2-ec5eb15b7d4c	7	48146092	67618136	6801	0.0023
160facc3-9101-4a31-a4a2-ec5eb15b7d4c	7	67618282	69589991	1265	0.0817
160facc3-9101-4a31-a4a2-ec5eb15b7d4c	7	69590538	100070445	14940	-0.0022
160facc3-9101-4a31-a4a2-ec5eb15b7d4c	7	100072705	100758307	172	-0.1893
160facc3-9101-4a31-a4a2-ec5eb15b7d4c	7	100761375	106276191	2809	0.0092
160facc3-9101-4a31-a4a2-ec5eb15b7d4c	7	106276262	106427616	92	-0.303
160facc3-9101-4a31-a4a2-ec5eb15b7d4c	7	106427981	115023445	4258	-0.0169
160facc3-9101-4a31-a4a2-ec5eb15b7d4c	7	115024251	115024725	2	-1.744
160facc3-9101-4a31-a4a2-ec5eb15b7d4c	7	115024834	129463123	7877	-0.011
160facc3-9101-4a31-a4a2-ec5eb15b7d4c	7	129463306	143112170	7752	0.0162
160facc3-9101-4a31-a4a2-ec5eb15b7d4c	7	143112640	144410509	360	-0.0771
160facc3-9101-4a31-a4a2-ec5eb15b7d4c	7	144410853	149375315	2942	0.0341
160facc3-9101-4a31-a4a2-ec5eb15b7d4c	7	149382894	158592540	4644	-0.0116
160facc3-9101-4a31-a4a2-ec5eb15b7d4c	8	667625	1696537	479	0.0301
160facc3-9101-4a31-a4a2-ec5eb15b7d4c	8	1696663	1876076	98	-0.1759
160facc3-9101-4a31-a4a2-ec5eb15b7d4c	8	1880641	23304620	12418	0.0099
160facc3-9101-4a31-a4a2-ec5eb15b7d4c	8	23304663	23599435	217	-0.1179
160facc3-9101-4a31-a4a2-ec5eb15b7d4c	8	23600074	41965127	11147	0.0061
160facc3-9101-4a31-a4a2-ec5eb15b7d4c	8	41967245	42219665	135	-0.1881
160facc3-9101-4a31-a4a2-ec5eb15b7d4c	8	42222450	58207865	6907	0.0052
160facc3-9101-4a31-a4a2-ec5eb15b7d4c	8	58208486	58854972	465	-0.1245
160facc3-9101-4a31-a4a2-ec5eb15b7d4c	8	58856973	126320968	38942	-0.001
160facc3-9101-4a31-a4a2-ec5eb15b7d4c	8	126321801	128771821	1780	0.0576
160facc3-9101-4a31-a4a2-ec5eb15b7d4c	8	128775180	129755548	672	0.0077
160facc3-9101-4a31-a4a2-ec5eb15b7d4c	8	129759736	130384315	329	-0.1242
160facc3-9101-4a31-a4a2-ec5eb15b7d4c	8	130387722	132955150	1876	0.0197
160facc3-9101-4a31-a4a2-ec5eb15b7d4c	8	132956614	133241792	285	-0.1907
160facc3-9101-4a31-a4a2-ec5eb15b7d4c	8	133241808	133651861	357	-0.0739
160facc3-9101-4a31-a4a2-ec5eb15b7d4c	8	133652666	134628491	863	0.0302
160facc3-9101-4a31-a4a2-ec5eb15b7d4c	8	134630389	134858873	155	-0.1317
160facc3-9101-4a31-a4a2-ec5eb15b7d4c	8	134859533	140393268	4074	0.0221
160facc3-9101-4a31-a4a2-ec5eb15b7d4c	8	140394201	141323933	178	-0.1853
160facc3-9101-4a31-a4a2-ec5eb15b7d4c	8	142423108	143302501	294	0.0037
160facc3-9101-4a31-a4a2-ec5eb15b7d4c	8	143310760	144182542	200	-0.1947
160facc3-9101-4a31-a4a2-ec5eb15b7d4c	9	789794	32614525	19750	0.0094
160facc3-9101-4a31-a4a2-ec5eb15b7d4c	9	32615205	36293316	2079	-0.0499
160facc3-9101-4a31-a4a2-ec5eb15b7d4c	9	36300887	83601055	12245	0.0096
160facc3-9101-4a31-a4a2-ec5eb15b7d4c	9	83601093	84032774	256	-0.115
160facc3-9101-4a31-a4a2-ec5eb15b7d4c	9	84032984	89344003	3658	0.0148
160facc3-9101-4a31-a4a2-ec5eb15b7d4c	9	89346356	89635820	228	-0.2071
160facc3-9101-4a31-a4a2-ec5eb15b7d4c	9	89637175	92806483	1991	0.0222
160facc3-9101-4a31-a4a2-ec5eb15b7d4c	9	92810797	93408254	343	-0.1446
160facc3-9101-4a31-a4a2-ec5eb15b7d4c	9	93413921	94148676	442	0.014
160facc3-9101-4a31-a4a2-ec5eb15b7d4c	9	94153948	94571705	202	-0.0974
160facc3-9101-4a31-a4a2-ec5eb15b7d4c	9	94572242	97563819	1919	0.0428
160facc3-9101-4a31-a4a2-ec5eb15b7d4c	9	97567206	97986716	249	-0.1369
160facc3-9101-4a31-a4a2-ec5eb15b7d4c	9	97987732	114308628	10756	0.0081
160facc3-9101-4a31-a4a2-ec5eb15b7d4c	9	114308806	114538638	158	-0.1471
160facc3-9101-4a31-a4a2-ec5eb15b7d4c	9	114539759	121541353	5167	0.0068
160facc3-9101-4a31-a4a2-ec5eb15b7d4c	9	121546895	121839074	143	0.1905
160facc3-9101-4a31-a4a2-ec5eb15b7d4c	9	121839910	127753694	3550	0.0351
160facc3-9101-4a31-a4a2-ec5eb15b7d4c	9	127755957	130013930	1031	-0.078
160facc3-9101-4a31-a4a2-ec5eb15b7d4c	9	130020160	131603630	1023	0.059
160facc3-9101-4a31-a4a2-ec5eb15b7d4c	9	131604446	131710905	74	-0.191
160facc3-9101-4a31-a4a2-ec5eb15b7d4c	9	131712062	132890177	776	0.0488
160facc3-9101-4a31-a4a2-ec5eb15b7d4c	9	132891317	133580590	400	-0.091
160facc3-9101-4a31-a4a2-ec5eb15b7d4c	9	133580627	133854683	200	0.09
160facc3-9101-4a31-a4a2-ec5eb15b7d4c	9	133854822	134542953	294	-0.1182
160facc3-9101-4a31-a4a2-ec5eb15b7d4c	9	134543751	135894604	668	0.0673
160facc3-9101-4a31-a4a2-ec5eb15b7d4c	9	135895156	136619231	202	-0.208
160facc3-9101-4a31-a4a2-ec5eb15b7d4c	9	136619438	138044505	372	-0.0107
160facc3-9101-4a31-a4a2-ec5eb15b7d4c	10	366509	5902167	3543	0.015
160facc3-9101-4a31-a4a2-ec5eb15b7d4c	10	5902480	6430285	478	-0.1285
160facc3-9101-4a31-a4a2-ec5eb15b7d4c	10	6430929	12343494	4366	0.0147
160facc3-9101-4a31-a4a2-ec5eb15b7d4c	10	12344298	13444746	904	0.0844
160facc3-9101-4a31-a4a2-ec5eb15b7d4c	10	13447275	14556516	1095	0.032
160facc3-9101-4a31-a4a2-ec5eb15b7d4c	10	14556531	15073024	318	-0.0828
160facc3-9101-4a31-a4a2-ec5eb15b7d4c	10	15073701	25500167	7085	0.0193
160facc3-9101-4a31-a4a2-ec5eb15b7d4c	10	25500950	25502914	4	-1.3988
160facc3-9101-4a31-a4a2-ec5eb15b7d4c	10	25503455	26270475	493	0.0096
160facc3-9101-4a31-a4a2-ec5eb15b7d4c	10	26270510	27525370	697	-0.0686
160facc3-9101-4a31-a4a2-ec5eb15b7d4c	10	27525624	30451450	2210	0.0359
160facc3-9101-4a31-a4a2-ec5eb15b7d4c	10	30453459	31771162	932	-0.0466
160facc3-9101-4a31-a4a2-ec5eb15b7d4c	10	31771416	43239033	4539	0.0257
160facc3-9101-4a31-a4a2-ec5eb15b7d4c	10	43239327	43485944	124	-0.1841
160facc3-9101-4a31-a4a2-ec5eb15b7d4c	10	43489017	68931061	13715	0.0032
160facc3-9101-4a31-a4a2-ec5eb15b7d4c	10	68932686	69134443	114	-0.187
160facc3-9101-4a31-a4a2-ec5eb15b7d4c	10	69134535	79112897	6395	-0.0006
160facc3-9101-4a31-a4a2-ec5eb15b7d4c	10	79115456	79416990	238	-0.146
160facc3-9101-4a31-a4a2-ec5eb15b7d4c	10	79422592	104042230	14418	0.0014
160facc3-9101-4a31-a4a2-ec5eb15b7d4c	10	104042363	104389408	245	-0.1485
160facc3-9101-4a31-a4a2-ec5eb15b7d4c	10	104389748	109938031	3668	0.0157
160facc3-9101-4a31-a4a2-ec5eb15b7d4c	10	109938434	111064529	696	-0.1022
160facc3-9101-4a31-a4a2-ec5eb15b7d4c	10	111068693	123951019	9345	0.0057
160facc3-9101-4a31-a4a2-ec5eb15b7d4c	10	123951854	124756732	439	-0.1598
160facc3-9101-4a31-a4a2-ec5eb15b7d4c	10	124757376	126642196	1321	-0.003
160facc3-9101-4a31-a4a2-ec5eb15b7d4c	10	126642782	127811833	894	0.0621
160facc3-9101-4a31-a4a2-ec5eb15b7d4c	10	127812050	132277871	2410	-0.0137
160facc3-9101-4a31-a4a2-ec5eb15b7d4c	10	132302850	133411599	277	-0.1939
160facc3-9101-4a31-a4a2-ec5eb15b7d4c	11	456012	748946	64	-0.3022
160facc3-9101-4a31-a4a2-ec5eb15b7d4c	11	749776	7398397	3395	-0.0263
160facc3-9101-4a31-a4a2-ec5eb15b7d4c	11	7398632	10309764	1834	0.0266
160facc3-9101-4a31-a4a2-ec5eb15b7d4c	11	10323889	10887628	412	-0.0963
160facc3-9101-4a31-a4a2-ec5eb15b7d4c	11	10890459	37938265	18056	0.0099
160facc3-9101-4a31-a4a2-ec5eb15b7d4c	11	37952242	37954807	2	-1.6005
160facc3-9101-4a31-a4a2-ec5eb15b7d4c	11	37955691	47372087	5838	0.0114
160facc3-9101-4a31-a4a2-ec5eb15b7d4c	11	47372754	47372766	2	-1.6558
160facc3-9101-4a31-a4a2-ec5eb15b7d4c	11	47374671	60797368	3482	-0.0038
160facc3-9101-4a31-a4a2-ec5eb15b7d4c	11	60797771	62849839	1034	-0.0604
160facc3-9101-4a31-a4a2-ec5eb15b7d4c	11	62850668	63726467	460	0.0481
160facc3-9101-4a31-a4a2-ec5eb15b7d4c	11	63728030	68336980	1166	-0.074
160facc3-9101-4a31-a4a2-ec5eb15b7d4c	11	68338704	71976989	1906	0.0341
160facc3-9101-4a31-a4a2-ec5eb15b7d4c	11	71978495	73504725	677	-0.0793
160facc3-9101-4a31-a4a2-ec5eb15b7d4c	11	73507986	78225120	2521	0.0139
160facc3-9101-4a31-a4a2-ec5eb15b7d4c	11	78225142	78560568	185	-0.1402
160facc3-9101-4a31-a4a2-ec5eb15b7d4c	11	78560772	86077309	4773	-0.0013
160facc3-9101-4a31-a4a2-ec5eb15b7d4c	11	86077567	86196447	98	-0.1993
160facc3-9101-4a31-a4a2-ec5eb15b7d4c	11	86198207	101796971	9994	0.0065
160facc3-9101-4a31-a4a2-ec5eb15b7d4c	11	101797335	101797599	2	-1.9614
160facc3-9101-4a31-a4a2-ec5eb15b7d4c	11	101798089	117832217	10001	0.006
160facc3-9101-4a31-a4a2-ec5eb15b7d4c	11	117832791	118389050	404	-0.0883
160facc3-9101-4a31-a4a2-ec5eb15b7d4c	11	118401678	118745736	289	0.0298
160facc3-9101-4a31-a4a2-ec5eb15b7d4c	11	118746338	119330989	272	-0.0982
160facc3-9101-4a31-a4a2-ec5eb15b7d4c	11	119331233	121265895	1392	0.0403
160facc3-9101-4a31-a4a2-ec5eb15b7d4c	11	121266090	121466416	145	-0.1382
160facc3-9101-4a31-a4a2-ec5eb15b7d4c	11	121467284	128319894	4898	0.0112
160facc3-9101-4a31-a4a2-ec5eb15b7d4c	11	128320559	128663017	413	-0.0799
160facc3-9101-4a31-a4a2-ec5eb15b7d4c	11	128664153	128667103	2	-1.1858
160facc3-9101-4a31-a4a2-ec5eb15b7d4c	11	128667783	128800220	119	-0.1266
160facc3-9101-4a31-a4a2-ec5eb15b7d4c	11	128800295	134272740	3380	0.0078
160facc3-9101-4a31-a4a2-ec5eb15b7d4c	12	780472	3550383	1307	0.0524
160facc3-9101-4a31-a4a2-ec5eb15b7d4c	12	3550610	4792014	922	-0.0403
160facc3-9101-4a31-a4a2-ec5eb15b7d4c	12	4794039	5989286	1108	0.024
160facc3-9101-4a31-a4a2-ec5eb15b7d4c	12	5989438	5990683	2	-1.2565
160facc3-9101-4a31-a4a2-ec5eb15b7d4c	12	5991445	6129313	91	-0.0157
160facc3-9101-4a31-a4a2-ec5eb15b7d4c	12	6129329	6966474	370	-0.201
160facc3-9101-4a31-a4a2-ec5eb15b7d4c	12	6966719	47692834	20709	0.0066
160facc3-9101-4a31-a4a2-ec5eb15b7d4c	12	47693291	48478712	486	-0.0855
160facc3-9101-4a31-a4a2-ec5eb15b7d4c	12	48480947	53190057	2371	0.0349
160facc3-9101-4a31-a4a2-ec5eb15b7d4c	12	53191135	53521361	153	-0.1866
160facc3-9101-4a31-a4a2-ec5eb15b7d4c	12	53521984	55737268	1258	-0.002
160facc3-9101-4a31-a4a2-ec5eb15b7d4c	12	55737331	57938019	981	-0.0893
160facc3-9101-4a31-a4a2-ec5eb15b7d4c	12	57938568	64410650	3955	0.0086
160facc3-9101-4a31-a4a2-ec5eb15b7d4c	12	64411250	64719809	175	-0.1553
160facc3-9101-4a31-a4a2-ec5eb15b7d4c	12	64720316	68268831	2406	0.0062
160facc3-9101-4a31-a4a2-ec5eb15b7d4c	12	68271709	68273489	3	1.4889
160facc3-9101-4a31-a4a2-ec5eb15b7d4c	12	68273682	68628516	252	-0.0045
160facc3-9101-4a31-a4a2-ec5eb15b7d4c	12	68628660	68638468	7	-0.9543
160facc3-9101-4a31-a4a2-ec5eb15b7d4c	12	68639585	94098793	15170	0.0066
160facc3-9101-4a31-a4a2-ec5eb15b7d4c	12	94098853	94719730	486	-0.1088
160facc3-9101-4a31-a4a2-ec5eb15b7d4c	12	94723129	102199966	4784	0.0101
160facc3-9101-4a31-a4a2-ec5eb15b7d4c	12	102203408	102203860	3	-1.1072
160facc3-9101-4a31-a4a2-ec5eb15b7d4c	12	102204885	103889943	1142	0.0084
160facc3-9101-4a31-a4a2-ec5eb15b7d4c	12	103889969	104683506	547	-0.0936
160facc3-9101-4a31-a4a2-ec5eb15b7d4c	12	104684478	110686840	3659	-0.0024
160facc3-9101-4a31-a4a2-ec5eb15b7d4c	12	110687137	120053548	5817	0.0441
160facc3-9101-4a31-a4a2-ec5eb15b7d4c	12	120058961	120574413	229	-0.0792
160facc3-9101-4a31-a4a2-ec5eb15b7d4c	12	120576264	131867754	5513	0.016
160facc3-9101-4a31-a4a2-ec5eb15b7d4c	12	131871863	132605822	125	-0.147
160facc3-9101-4a31-a4a2-ec5eb15b7d4c	13	18874255	21517901	1065	-0.0059
160facc3-9101-4a31-a4a2-ec5eb15b7d4c	13	21518141	21526393	2	-1.5654
160facc3-9101-4a31-a4a2-ec5eb15b7d4c	13	21528496	30473112	5855	0.0103
160facc3-9101-4a31-a4a2-ec5eb15b7d4c	13	30473580	30829889	267	-0.1639
160facc3-9101-4a31-a4a2-ec5eb15b7d4c	13	30830956	45905509	9837	0.0016
160facc3-9101-4a31-a4a2-ec5eb15b7d4c	13	45908618	46394703	310	-0.1113
160facc3-9101-4a31-a4a2-ec5eb15b7d4c	13	46399646	98048188	28692	0.0071
160facc3-9101-4a31-a4a2-ec5eb15b7d4c	13	98048363	98051348	2	-1.4364
160facc3-9101-4a31-a4a2-ec5eb15b7d4c	13	98053285	99238178	880	0.0306
160facc3-9101-4a31-a4a2-ec5eb15b7d4c	13	99240634	99529661	189	-0.1661
160facc3-9101-4a31-a4a2-ec5eb15b7d4c	13	99530474	110619754	7957	-0.001
160facc3-9101-4a31-a4a2-ec5eb15b7d4c	13	110620677	111122807	276	-0.1145
160facc3-9101-4a31-a4a2-ec5eb15b7d4c	13	111123942	114226675	1405	0.0047
160facc3-9101-4a31-a4a2-ec5eb15b7d4c	14	20033191	24067728	1548	-0.0206
160facc3-9101-4a31-a4a2-ec5eb15b7d4c	14	24070237	24542345	191	-0.2484
160facc3-9101-4a31-a4a2-ec5eb15b7d4c	14	24542909	61360551	20907	0.0053
160facc3-9101-4a31-a4a2-ec5eb15b7d4c	14	61361403	61612645	249	-0.2387
160facc3-9101-4a31-a4a2-ec5eb15b7d4c	14	61612759	64421486	1746	0.0277
160facc3-9101-4a31-a4a2-ec5eb15b7d4c	14	64422339	65137643	479	-0.0668
160facc3-9101-4a31-a4a2-ec5eb15b7d4c	14	65140045	68557566	1726	0.0306
160facc3-9101-4a31-a4a2-ec5eb15b7d4c	14	68558850	68989041	315	-0.1782
160facc3-9101-4a31-a4a2-ec5eb15b7d4c	14	68989359	69455835	253	0.0046
160facc3-9101-4a31-a4a2-ec5eb15b7d4c	14	69456247	69685216	138	-0.1477
160facc3-9101-4a31-a4a2-ec5eb15b7d4c	14	69685616	75044761	3229	0.0257
160facc3-9101-4a31-a4a2-ec5eb15b7d4c	14	75051531	75482842	303	-0.1226
160facc3-9101-4a31-a4a2-ec5eb15b7d4c	14	75482925	76904793	900	0.0279
160facc3-9101-4a31-a4a2-ec5eb15b7d4c	14	76911773	77554924	421	-0.1217
160facc3-9101-4a31-a4a2-ec5eb15b7d4c	14	77558583	105533894	17153	0.0126
160facc3-9101-4a31-a4a2-ec5eb15b7d4c	15	23437561	31210554	2957	0.0208
160facc3-9101-4a31-a4a2-ec5eb15b7d4c	15	31211227	31342540	83	-0.2655
160facc3-9101-4a31-a4a2-ec5eb15b7d4c	15	31345793	59083246	16243	0.003
160facc3-9101-4a31-a4a2-ec5eb15b7d4c	15	59086053	63092395	3197	0.0362
160facc3-9101-4a31-a4a2-ec5eb15b7d4c	15	63092482	63593500	293	-0.0788
160facc3-9101-4a31-a4a2-ec5eb15b7d4c	15	63594379	68063224	2510	0.0403
160facc3-9101-4a31-a4a2-ec5eb15b7d4c	15	68070569	69546082	913	0.0033
160facc3-9101-4a31-a4a2-ec5eb15b7d4c	15	69549279	70605857	737	-0.122
160facc3-9101-4a31-a4a2-ec5eb15b7d4c	15	70606917	74628015	2307	0.0206
160facc3-9101-4a31-a4a2-ec5eb15b7d4c	15	74628191	75499777	298	-0.1354
160facc3-9101-4a31-a4a2-ec5eb15b7d4c	15	75500091	79933566	2390	0.0248
160facc3-9101-4a31-a4a2-ec5eb15b7d4c	15	79933984	79989084	27	-0.3372
160facc3-9101-4a31-a4a2-ec5eb15b7d4c	15	79989646	88423739	4755	0.0228
160facc3-9101-4a31-a4a2-ec5eb15b7d4c	15	88424247	90980483	1474	-0.0408
160facc3-9101-4a31-a4a2-ec5eb15b7d4c	15	90981316	101107457	6302	0.0102
160facc3-9101-4a31-a4a2-ec5eb15b7d4c	15	101166236	101241729	60	-0.2466
160facc3-9101-4a31-a4a2-ec5eb15b7d4c	15	101241884	101344124	68	-0.0717
160facc3-9101-4a31-a4a2-ec5eb15b7d4c	16	603333	3548162	887	-0.123
160facc3-9101-4a31-a4a2-ec5eb15b7d4c	16	3557665	4170341	356	0.065
160facc3-9101-4a31-a4a2-ec5eb15b7d4c	16	4170378	5012080	404	-0.1059
160facc3-9101-4a31-a4a2-ec5eb15b7d4c	16	5012356	11442573	4296	0.031
160facc3-9101-4a31-a4a2-ec5eb15b7d4c	16	11444452	11945489	238	-0.1496
160facc3-9101-4a31-a4a2-ec5eb15b7d4c	16	11945827	27181370	6435	0.0432
160facc3-9101-4a31-a4a2-ec5eb15b7d4c	16	27181840	27378090	124	-0.1341
160facc3-9101-4a31-a4a2-ec5eb15b7d4c	16	27379135	28103376	376	0.0588
160facc3-9101-4a31-a4a2-ec5eb15b7d4c	16	28104070	28593997	194	-0.0881
160facc3-9101-4a31-a4a2-ec5eb15b7d4c	16	28620264	30374600	101	0.0362
160facc3-9101-4a31-a4a2-ec5eb15b7d4c	16	30374941	31450079	381	-0.1441
160facc3-9101-4a31-a4a2-ec5eb15b7d4c	16	31461282	53215720	4373	0.0081
160facc3-9101-4a31-a4a2-ec5eb15b7d4c	16	53215998	53786615	453	-0.1139
160facc3-9101-4a31-a4a2-ec5eb15b7d4c	16	53790198	56066292	1802	0.0231
160facc3-9101-4a31-a4a2-ec5eb15b7d4c	16	56068846	56069374	3	-1.0613
160facc3-9101-4a31-a4a2-ec5eb15b7d4c	16	56073164	57279672	684	0.0001
160facc3-9101-4a31-a4a2-ec5eb15b7d4c	16	57280560	58031720	444	-0.1073
160facc3-9101-4a31-a4a2-ec5eb15b7d4c	16	58035565	66365030	5465	0.0195
160facc3-9101-4a31-a4a2-ec5eb15b7d4c	16	66366042	68061798	701	-0.0606
160facc3-9101-4a31-a4a2-ec5eb15b7d4c	16	68066043	68453009	190	0.0066
160facc3-9101-4a31-a4a2-ec5eb15b7d4c	16	68454284	69101146	345	0.1409
160facc3-9101-4a31-a4a2-ec5eb15b7d4c	16	69108075	80852891	7643	0.021
160facc3-9101-4a31-a4a2-ec5eb15b7d4c	16	80852970	81880373	648	-0.0579
160facc3-9101-4a31-a4a2-ec5eb15b7d4c	16	81880395	83701214	1694	0.0307
160facc3-9101-4a31-a4a2-ec5eb15b7d4c	16	83709599	85831195	881	-0.047
160facc3-9101-4a31-a4a2-ec5eb15b7d4c	16	85837736	88459423	1873	0.0427
160facc3-9101-4a31-a4a2-ec5eb15b7d4c	16	88459876	89317317	37	-0.1303
160facc3-9101-4a31-a4a2-ec5eb15b7d4c	17	1074619	5633013	2014	-0.0239
160facc3-9101-4a31-a4a2-ec5eb15b7d4c	17	5635067	6686779	766	0.0793
160facc3-9101-4a31-a4a2-ec5eb15b7d4c	17	6687748	7202080	220	-0.0435
160facc3-9101-4a31-a4a2-ec5eb15b7d4c	17	7202704	8411801	489	-0.1831
160facc3-9101-4a31-a4a2-ec5eb15b7d4c	17	8411947	8964942	384	-0.0433
160facc3-9101-4a31-a4a2-ec5eb15b7d4c	17	8967698	45093099	13929	0.0114
160facc3-9101-4a31-a4a2-ec5eb15b7d4c	17	45096428	46733528	146	-0.2088
160facc3-9101-4a31-a4a2-ec5eb15b7d4c	17	46733732	47343962	324	0.1183
160facc3-9101-4a31-a4a2-ec5eb15b7d4c	17	47347438	60587925	7488	0.0045
160facc3-9101-4a31-a4a2-ec5eb15b7d4c	17	60592145	63645623	1437	0.0678
160facc3-9101-4a31-a4a2-ec5eb15b7d4c	17	63647335	64084110	199	-0.1935
160facc3-9101-4a31-a4a2-ec5eb15b7d4c	17	64084255	64867438	337	-0.0306
160facc3-9101-4a31-a4a2-ec5eb15b7d4c	17	64929599	64929920	2	1.5542
160facc3-9101-4a31-a4a2-ec5eb15b7d4c	17	64930571	68062805	1894	0.0546
160facc3-9101-4a31-a4a2-ec5eb15b7d4c	17	68066200	68444407	162	-0.1614
160facc3-9101-4a31-a4a2-ec5eb15b7d4c	17	68445216	73779855	3883	0.0323
160facc3-9101-4a31-a4a2-ec5eb15b7d4c	17	73780683	79146309	2004	-0.0792
160facc3-9101-4a31-a4a2-ec5eb15b7d4c	17	79146397	79775162	228	0.1009
160facc3-9101-4a31-a4a2-ec5eb15b7d4c	17	79776050	82959812	1212	-0.0597
160facc3-9101-4a31-a4a2-ec5eb15b7d4c	18	326691	79349796	42801	0.0039
160facc3-9101-4a31-a4a2-ec5eb15b7d4c	19	283868	2284285	399	-0.2321
160facc3-9101-4a31-a4a2-ec5eb15b7d4c	19	2299390	4853488	658	-0.0892
160facc3-9101-4a31-a4a2-ec5eb15b7d4c	19	4857610	5279237	166	0.0455
160facc3-9101-4a31-a4a2-ec5eb15b7d4c	19	5281139	5558264	140	0.1979
160facc3-9101-4a31-a4a2-ec5eb15b7d4c	19	5558717	13194710	3279	-0.0212
160facc3-9101-4a31-a4a2-ec5eb15b7d4c	19	13213295	13696359	270	0.134
160facc3-9101-4a31-a4a2-ec5eb15b7d4c	19	13701437	16083694	1216	0.002
160facc3-9101-4a31-a4a2-ec5eb15b7d4c	19	16084246	21687768	1889	-0.0649
160facc3-9101-4a31-a4a2-ec5eb15b7d4c	19	21700824	23860401	992	0.081
160facc3-9101-4a31-a4a2-ec5eb15b7d4c	19	23860649	34877750	4981	0.014
160facc3-9101-4a31-a4a2-ec5eb15b7d4c	19	34878673	34890502	14	0.2626
160facc3-9101-4a31-a4a2-ec5eb15b7d4c	19	34890948	35165668	142	-0.0202
160facc3-9101-4a31-a4a2-ec5eb15b7d4c	19	35166116	35175178	9	-0.4625
160facc3-9101-4a31-a4a2-ec5eb15b7d4c	19	35175194	35252722	88	0.0272
160facc3-9101-4a31-a4a2-ec5eb15b7d4c	19	35258660	36174208	439	-0.1234
160facc3-9101-4a31-a4a2-ec5eb15b7d4c	19	36175265	40341490	2037	0.0188
160facc3-9101-4a31-a4a2-ec5eb15b7d4c	19	40342174	40803306	161	-0.1555
160facc3-9101-4a31-a4a2-ec5eb15b7d4c	19	40803620	41236369	158	0.0559
160facc3-9101-4a31-a4a2-ec5eb15b7d4c	19	41241050	42488992	511	-0.1415
160facc3-9101-4a31-a4a2-ec5eb15b7d4c	19	42493308	43494129	136	0.0769
160facc3-9101-4a31-a4a2-ec5eb15b7d4c	19	43496317	44083776	409	-0.0725
160facc3-9101-4a31-a4a2-ec5eb15b7d4c	19	44084320	44739366	406	0.0453
160facc3-9101-4a31-a4a2-ec5eb15b7d4c	19	44739483	45667099	303	-0.1385
160facc3-9101-4a31-a4a2-ec5eb15b7d4c	19	45667925	49495028	1600	-0.0189
160facc3-9101-4a31-a4a2-ec5eb15b7d4c	19	49495042	49874886	136	-0.2156
160facc3-9101-4a31-a4a2-ec5eb15b7d4c	19	50090736	51053519	364	0.067
160facc3-9101-4a31-a4a2-ec5eb15b7d4c	19	51054145	52159397	510	-0.0872
160facc3-9101-4a31-a4a2-ec5eb15b7d4c	19	52161538	52624218	238	0.0153
160facc3-9101-4a31-a4a2-ec5eb15b7d4c	19	52630781	52634330	3	-1.0492
160facc3-9101-4a31-a4a2-ec5eb15b7d4c	19	52634690	54928989	647	0.0003
160facc3-9101-4a31-a4a2-ec5eb15b7d4c	19	54929517	54970030	24	0.4954
160facc3-9101-4a31-a4a2-ec5eb15b7d4c	19	55005440	55268530	126	-0.0013
160facc3-9101-4a31-a4a2-ec5eb15b7d4c	19	55277077	55677406	148	-0.2035
160facc3-9101-4a31-a4a2-ec5eb15b7d4c	19	55677555	56651772	545	0.0019
160facc3-9101-4a31-a4a2-ec5eb15b7d4c	19	56652311	57129107	307	0.1178
160facc3-9101-4a31-a4a2-ec5eb15b7d4c	19	57130431	58370362	618	-0.0402
160facc3-9101-4a31-a4a2-ec5eb15b7d4c	20	472817	2637862	1477	-0.0633
160facc3-9101-4a31-a4a2-ec5eb15b7d4c	20	2638407	46641341	24454	0.0043
160facc3-9101-4a31-a4a2-ec5eb15b7d4c	20	46642448	48695880	1512	0.0677
160facc3-9101-4a31-a4a2-ec5eb15b7d4c	20	48699809	50103142	665	-0.0272
160facc3-9101-4a31-a4a2-ec5eb15b7d4c	20	50106257	50402897	160	-0.2202
160facc3-9101-4a31-a4a2-ec5eb15b7d4c	20	50408288	53927172	2428	0.0354
160facc3-9101-4a31-a4a2-ec5eb15b7d4c	20	53929550	53930271	2	-1.5716
160facc3-9101-4a31-a4a2-ec5eb15b7d4c	20	53935345	58229638	3272	0.0136
160facc3-9101-4a31-a4a2-ec5eb15b7d4c	20	58229833	59183665	656	-0.0822
160facc3-9101-4a31-a4a2-ec5eb15b7d4c	20	59183844	59776574	468	0.0512
160facc3-9101-4a31-a4a2-ec5eb15b7d4c	20	59777735	60455020	606	-0.0328
160facc3-9101-4a31-a4a2-ec5eb15b7d4c	20	60455133	62052191	1130	0.0598
160facc3-9101-4a31-a4a2-ec5eb15b7d4c	20	62055947	62132909	49	-0.0618
160facc3-9101-4a31-a4a2-ec5eb15b7d4c	20	62135221	62873373	313	-0.23
160facc3-9101-4a31-a4a2-ec5eb15b7d4c	20	62874223	63588502	201	-0.0662
160facc3-9101-4a31-a4a2-ec5eb15b7d4c	21	13974127	14727101	484	-0.0576
160facc3-9101-4a31-a4a2-ec5eb15b7d4c	21	14730332	33086430	11749	0.0129
160facc3-9101-4a31-a4a2-ec5eb15b7d4c	21	33087029	33472503	263	-0.1532
160facc3-9101-4a31-a4a2-ec5eb15b7d4c	21	33475967	34915776	829	-0.0177
160facc3-9101-4a31-a4a2-ec5eb15b7d4c	21	34916725	35128446	181	-0.1404
160facc3-9101-4a31-a4a2-ec5eb15b7d4c	21	35129169	37158109	1313	0.0392
160facc3-9101-4a31-a4a2-ec5eb15b7d4c	21	37167615	37515883	197	-0.1065
160facc3-9101-4a31-a4a2-ec5eb15b7d4c	21	37515955	37952945	375	0.056
160facc3-9101-4a31-a4a2-ec5eb15b7d4c	21	37953138	39351231	1141	-0.0419
160facc3-9101-4a31-a4a2-ec5eb15b7d4c	21	39351330	42278986	2364	0.023
160facc3-9101-4a31-a4a2-ec5eb15b7d4c	21	42279120	46262057	1621	-0.0601
160facc3-9101-4a31-a4a2-ec5eb15b7d4c	22	16934932	36338518	9365	0.0293
160facc3-9101-4a31-a4a2-ec5eb15b7d4c	22	36343249	39420509	1561	-0.0836
160facc3-9101-4a31-a4a2-ec5eb15b7d4c	22	39421106	40840918	627	0.0222
160facc3-9101-4a31-a4a2-ec5eb15b7d4c	22	40841430	43148926	1220	-0.0322
160facc3-9101-4a31-a4a2-ec5eb15b7d4c	22	43155765	48940621	4250	0.0444
160facc3-9101-4a31-a4a2-ec5eb15b7d4c	X	3236359	155677414	63758	0.0024
