GDC_Aliquot	Chromosome	Start	End	Num_Probes	Segment_Mean
091f70c0-586a-49e8-a0e5-0b60caa72c1b	1	62920	1892483	309	-0.0624
091f70c0-586a-49e8-a0e5-0b60caa72c1b	1	1892631	3221572	396	-0.2613
091f70c0-586a-49e8-a0e5-0b60caa72c1b	1	3223352	16636818	7936	0.0006
091f70c0-586a-49e8-a0e5-0b60caa72c1b	1	16637050	16788139	40	-0.4638
091f70c0-586a-49e8-a0e5-0b60caa72c1b	1	16855942	25256850	5309	-0.0121
091f70c0-586a-49e8-a0e5-0b60caa72c1b	1	25266637	25320455	24	-1.5167
091f70c0-586a-49e8-a0e5-0b60caa72c1b	1	25336819	72297687	28695	-0.0176
091f70c0-586a-49e8-a0e5-0b60caa72c1b	1	72302735	72345450	47	-1.054
091f70c0-586a-49e8-a0e5-0b60caa72c1b	1	72345465	94072004	13926	-0.0285
091f70c0-586a-49e8-a0e5-0b60caa72c1b	1	94072086	109684893	9612	0.1195
091f70c0-586a-49e8-a0e5-0b60caa72c1b	1	109690352	109697556	13	-1.0961
091f70c0-586a-49e8-a0e5-0b60caa72c1b	1	109702376	112147704	1945	0.1478
091f70c0-586a-49e8-a0e5-0b60caa72c1b	1	112153343	112154341	16	-0.5267
091f70c0-586a-49e8-a0e5-0b60caa72c1b	1	112154375	121573699	5151	0.1345
091f70c0-586a-49e8-a0e5-0b60caa72c1b	1	121580012	147509908	668	0.2374
091f70c0-586a-49e8-a0e5-0b60caa72c1b	1	147511065	152790180	1983	0.1621
091f70c0-586a-49e8-a0e5-0b60caa72c1b	1	152790191	152795783	20	-0.4917
091f70c0-586a-49e8-a0e5-0b60caa72c1b	1	152795805	185592613	22081	0.1344
091f70c0-586a-49e8-a0e5-0b60caa72c1b	1	185592763	190906514	3453	0.0929
091f70c0-586a-49e8-a0e5-0b60caa72c1b	1	190906879	190906973	2	-1.453
091f70c0-586a-49e8-a0e5-0b60caa72c1b	1	190907011	194478439	2394	0.0851
091f70c0-586a-49e8-a0e5-0b60caa72c1b	1	194479104	194491412	5	1.1533
091f70c0-586a-49e8-a0e5-0b60caa72c1b	1	194491801	196758720	1447	0.0881
091f70c0-586a-49e8-a0e5-0b60caa72c1b	1	196761905	196772237	15	0.6167
091f70c0-586a-49e8-a0e5-0b60caa72c1b	1	196775006	199897432	1917	0.0848
091f70c0-586a-49e8-a0e5-0b60caa72c1b	1	199897475	205276752	3722	0.1469
091f70c0-586a-49e8-a0e5-0b60caa72c1b	1	205276909	205277135	2	-1.6234
091f70c0-586a-49e8-a0e5-0b60caa72c1b	1	205280867	206598001	616	0.1305
091f70c0-586a-49e8-a0e5-0b60caa72c1b	1	206601186	224076703	12210	0.1041
091f70c0-586a-49e8-a0e5-0b60caa72c1b	1	224076824	228309769	2558	0.1337
091f70c0-586a-49e8-a0e5-0b60caa72c1b	1	228312480	228344757	11	-0.6392
091f70c0-586a-49e8-a0e5-0b60caa72c1b	1	228346751	229675422	794	0.139
091f70c0-586a-49e8-a0e5-0b60caa72c1b	1	229681109	229684449	3	-2.6518
091f70c0-586a-49e8-a0e5-0b60caa72c1b	1	229684709	248546369	13768	0.1271
091f70c0-586a-49e8-a0e5-0b60caa72c1b	1	248550567	248626987	31	-0.5951
091f70c0-586a-49e8-a0e5-0b60caa72c1b	1	248631163	248930189	145	0.111
091f70c0-586a-49e8-a0e5-0b60caa72c1b	2	12784	1897036	1229	-0.0604
091f70c0-586a-49e8-a0e5-0b60caa72c1b	2	1897051	4158097	1755	0.0002
091f70c0-586a-49e8-a0e5-0b60caa72c1b	2	4166274	4175577	36	-0.6529
091f70c0-586a-49e8-a0e5-0b60caa72c1b	2	4175922	20376818	12349	0.0001
091f70c0-586a-49e8-a0e5-0b60caa72c1b	2	20377531	20406885	20	0.2191
091f70c0-586a-49e8-a0e5-0b60caa72c1b	2	20412441	20655922	181	0.396
091f70c0-586a-49e8-a0e5-0b60caa72c1b	2	20656151	20793199	86	0.2354
091f70c0-586a-49e8-a0e5-0b60caa72c1b	2	20794769	52514599	21413	0.0067
091f70c0-586a-49e8-a0e5-0b60caa72c1b	2	52516787	52531878	14	-0.9942
091f70c0-586a-49e8-a0e5-0b60caa72c1b	2	52531894	88858099	22605	-0.0019
091f70c0-586a-49e8-a0e5-0b60caa72c1b	2	88858290	89144645	106	-0.2175
091f70c0-586a-49e8-a0e5-0b60caa72c1b	2	89144943	97164886	1077	0.0145
091f70c0-586a-49e8-a0e5-0b60caa72c1b	2	97168345	97211436	25	0.5204
091f70c0-586a-49e8-a0e5-0b60caa72c1b	2	97310327	102111544	2740	-0.0117
091f70c0-586a-49e8-a0e5-0b60caa72c1b	2	102112256	146107759	26624	-0.0332
091f70c0-586a-49e8-a0e5-0b60caa72c1b	2	146107801	146109366	14	0.6302
091f70c0-586a-49e8-a0e5-0b60caa72c1b	2	146120238	184451949	23631	-0.0392
091f70c0-586a-49e8-a0e5-0b60caa72c1b	2	184452153	184461059	6	-1.1048
091f70c0-586a-49e8-a0e5-0b60caa72c1b	2	184461413	222492909	22865	-0.0339
091f70c0-586a-49e8-a0e5-0b60caa72c1b	2	222494646	222992765	327	0.1301
091f70c0-586a-49e8-a0e5-0b60caa72c1b	2	222993463	235037235	7742	-0.0254
091f70c0-586a-49e8-a0e5-0b60caa72c1b	2	235038102	235041276	4	-1.1406
091f70c0-586a-49e8-a0e5-0b60caa72c1b	2	235041358	241976006	4199	-0.015
091f70c0-586a-49e8-a0e5-0b60caa72c1b	2	241976372	242037189	59	-0.2919
091f70c0-586a-49e8-a0e5-0b60caa72c1b	2	242037377	242147305	63	-0.0234
091f70c0-586a-49e8-a0e5-0b60caa72c1b	3	20930	6604856	5802	-0.0177
091f70c0-586a-49e8-a0e5-0b60caa72c1b	3	6609441	6611557	22	-0.9456
091f70c0-586a-49e8-a0e5-0b60caa72c1b	3	6611645	69988155	42968	-0.0211
091f70c0-586a-49e8-a0e5-0b60caa72c1b	3	69990630	69990694	2	-2.1738
091f70c0-586a-49e8-a0e5-0b60caa72c1b	3	69991393	75451613	3799	-0.026
091f70c0-586a-49e8-a0e5-0b60caa72c1b	3	75458243	75596233	40	0.4024
091f70c0-586a-49e8-a0e5-0b60caa72c1b	3	75600083	76130338	223	0.0346
091f70c0-586a-49e8-a0e5-0b60caa72c1b	3	76133150	86070456	5563	-0.0419
091f70c0-586a-49e8-a0e5-0b60caa72c1b	3	86070546	99197998	5131	-0.0053
091f70c0-586a-49e8-a0e5-0b60caa72c1b	3	99198128	99230457	53	0.3296
091f70c0-586a-49e8-a0e5-0b60caa72c1b	3	99230464	101171402	1150	0.0065
091f70c0-586a-49e8-a0e5-0b60caa72c1b	3	101177965	119423342	11320	-0.0168
091f70c0-586a-49e8-a0e5-0b60caa72c1b	3	119425746	128551050	5513	0.015
091f70c0-586a-49e8-a0e5-0b60caa72c1b	3	128553238	142945189	8583	0.1618
091f70c0-586a-49e8-a0e5-0b60caa72c1b	3	142945436	145915619	2014	0.1218
091f70c0-586a-49e8-a0e5-0b60caa72c1b	3	145924135	145924147	2	-1.6556
091f70c0-586a-49e8-a0e5-0b60caa72c1b	3	145924578	162405578	10086	0.1434
091f70c0-586a-49e8-a0e5-0b60caa72c1b	3	162419812	162424917	14	-0.5114
091f70c0-586a-49e8-a0e5-0b60caa72c1b	3	162426460	162794869	257	0.119
091f70c0-586a-49e8-a0e5-0b60caa72c1b	3	162794951	162906054	64	0.6358
091f70c0-586a-49e8-a0e5-0b60caa72c1b	3	162906065	171693060	5142	0.1173
091f70c0-586a-49e8-a0e5-0b60caa72c1b	3	171693099	189642965	11488	0.174
091f70c0-586a-49e8-a0e5-0b60caa72c1b	3	189645889	189646849	11	-0.528
091f70c0-586a-49e8-a0e5-0b60caa72c1b	3	189653199	195532499	3974	0.1836
091f70c0-586a-49e8-a0e5-0b60caa72c1b	3	195535470	195737995	52	0.5467
091f70c0-586a-49e8-a0e5-0b60caa72c1b	3	195746925	198169247	1166	0.2086
091f70c0-586a-49e8-a0e5-0b60caa72c1b	4	68929	69821	4	0.1331
091f70c0-586a-49e8-a0e5-0b60caa72c1b	4	71528	3876063	1560	-0.3809
091f70c0-586a-49e8-a0e5-0b60caa72c1b	4	3877891	4031060	35	0.0184
091f70c0-586a-49e8-a0e5-0b60caa72c1b	4	4041788	4093936	19	-0.3935
091f70c0-586a-49e8-a0e5-0b60caa72c1b	4	4097949	4158336	13	0.648
091f70c0-586a-49e8-a0e5-0b60caa72c1b	4	4163608	10208766	4051	-0.3766
091f70c0-586a-49e8-a0e5-0b60caa72c1b	4	10212536	10232642	31	-1.7083
091f70c0-586a-49e8-a0e5-0b60caa72c1b	4	10232984	34784878	16921	-0.3666
091f70c0-586a-49e8-a0e5-0b60caa72c1b	4	34785333	34839673	47	-0.9956
091f70c0-586a-49e8-a0e5-0b60caa72c1b	4	34839742	38018721	2236	-0.3742
091f70c0-586a-49e8-a0e5-0b60caa72c1b	4	38019777	45986827	4912	-0.2055
091f70c0-586a-49e8-a0e5-0b60caa72c1b	4	45988059	49146817	1777	-0.3731
091f70c0-586a-49e8-a0e5-0b60caa72c1b	4	49146905	61069346	6067	-0.0127
091f70c0-586a-49e8-a0e5-0b60caa72c1b	4	61071220	61085118	8	0.6559
091f70c0-586a-49e8-a0e5-0b60caa72c1b	4	61085147	61712777	344	-0.0309
091f70c0-586a-49e8-a0e5-0b60caa72c1b	4	61715816	62002910	148	0.0871
091f70c0-586a-49e8-a0e5-0b60caa72c1b	4	62004346	63105750	603	-0.2095
091f70c0-586a-49e8-a0e5-0b60caa72c1b	4	63110674	63118468	7	0.6495
091f70c0-586a-49e8-a0e5-0b60caa72c1b	4	63120971	63828222	388	-0.1867
091f70c0-586a-49e8-a0e5-0b60caa72c1b	4	63831751	63841863	20	-0.6286
091f70c0-586a-49e8-a0e5-0b60caa72c1b	4	63841887	63842540	7	-2.3442
091f70c0-586a-49e8-a0e5-0b60caa72c1b	4	63850713	68352434	2840	-0.2071
091f70c0-586a-49e8-a0e5-0b60caa72c1b	4	68354665	68422424	13	0.456
091f70c0-586a-49e8-a0e5-0b60caa72c1b	4	68429081	68506285	12	-0.2597
091f70c0-586a-49e8-a0e5-0b60caa72c1b	4	68509223	68530744	11	-0.9373
091f70c0-586a-49e8-a0e5-0b60caa72c1b	4	68530748	68927100	185	-0.2282
091f70c0-586a-49e8-a0e5-0b60caa72c1b	4	68928185	69376311	243	-0.0559
091f70c0-586a-49e8-a0e5-0b60caa72c1b	4	69377178	86054941	10396	-0.193
091f70c0-586a-49e8-a0e5-0b60caa72c1b	4	86055238	86058611	17	-0.8018
091f70c0-586a-49e8-a0e5-0b60caa72c1b	4	86058791	91219134	3167	-0.2039
091f70c0-586a-49e8-a0e5-0b60caa72c1b	4	91220304	91374317	106	-0.4413
091f70c0-586a-49e8-a0e5-0b60caa72c1b	4	91376718	113392960	12950	-0.1975
091f70c0-586a-49e8-a0e5-0b60caa72c1b	4	113393490	114254256	609	-0.0668
091f70c0-586a-49e8-a0e5-0b60caa72c1b	4	114254358	114261019	17	0.5872
091f70c0-586a-49e8-a0e5-0b60caa72c1b	4	114263073	137171266	13201	-0.0673
091f70c0-586a-49e8-a0e5-0b60caa72c1b	4	137171362	137172260	12	-0.8534
091f70c0-586a-49e8-a0e5-0b60caa72c1b	4	137173804	137263059	113	-0.1429
091f70c0-586a-49e8-a0e5-0b60caa72c1b	4	137263166	164648030	16966	-0.0269
091f70c0-586a-49e8-a0e5-0b60caa72c1b	4	164655618	164671982	12	-1.1544
091f70c0-586a-49e8-a0e5-0b60caa72c1b	4	164682946	188300104	15563	-0.0282
091f70c0-586a-49e8-a0e5-0b60caa72c1b	4	188300206	188300270	3	-1.5569
091f70c0-586a-49e8-a0e5-0b60caa72c1b	4	188300285	190106768	1140	-0.0331
091f70c0-586a-49e8-a0e5-0b60caa72c1b	5	15532	46271006	30593	0.0087
091f70c0-586a-49e8-a0e5-0b60caa72c1b	5	46271828	46273400	6	-1.8783
091f70c0-586a-49e8-a0e5-0b60caa72c1b	5	46278110	134720226	51548	-0.0065
091f70c0-586a-49e8-a0e5-0b60caa72c1b	5	134724207	135338423	380	0.1716
091f70c0-586a-49e8-a0e5-0b60caa72c1b	5	135338531	150797535	9649	-0.0033
091f70c0-586a-49e8-a0e5-0b60caa72c1b	5	150798146	150807921	3	-1.7552
091f70c0-586a-49e8-a0e5-0b60caa72c1b	5	150808263	150822643	7	0.2974
091f70c0-586a-49e8-a0e5-0b60caa72c1b	5	150825938	150839042	8	-1.299
091f70c0-586a-49e8-a0e5-0b60caa72c1b	5	150843825	181363319	20394	-0.0017
091f70c0-586a-49e8-a0e5-0b60caa72c1b	6	149661	229191	68	0.0437
091f70c0-586a-49e8-a0e5-0b60caa72c1b	6	229559	229834	4	-0.8023
091f70c0-586a-49e8-a0e5-0b60caa72c1b	6	231934	253861	27	0.0404
091f70c0-586a-49e8-a0e5-0b60caa72c1b	6	254267	385784	110	-0.426
091f70c0-586a-49e8-a0e5-0b60caa72c1b	6	387532	29869295	21402	0.0055
091f70c0-586a-49e8-a0e5-0b60caa72c1b	6	29869410	29881490	16	-0.8264
091f70c0-586a-49e8-a0e5-0b60caa72c1b	6	29882419	32502190	1179	0.0462
091f70c0-586a-49e8-a0e5-0b60caa72c1b	6	32507164	32602588	24	-0.4294
091f70c0-586a-49e8-a0e5-0b60caa72c1b	6	32605994	32633540	19	0.0239
091f70c0-586a-49e8-a0e5-0b60caa72c1b	6	32634330	32716252	44	0.3191
091f70c0-586a-49e8-a0e5-0b60caa72c1b	6	32716610	41096048	5510	0.0018
091f70c0-586a-49e8-a0e5-0b60caa72c1b	6	41098687	41730396	434	0.1845
091f70c0-586a-49e8-a0e5-0b60caa72c1b	6	41732652	54066582	7702	0.0037
091f70c0-586a-49e8-a0e5-0b60caa72c1b	6	54066621	54067057	3	1.4251
091f70c0-586a-49e8-a0e5-0b60caa72c1b	6	54070550	66331020	5360	0.0064
091f70c0-586a-49e8-a0e5-0b60caa72c1b	6	66331558	66333299	6	-0.9023
091f70c0-586a-49e8-a0e5-0b60caa72c1b	6	66333342	66503728	152	0.0302
091f70c0-586a-49e8-a0e5-0b60caa72c1b	6	66503937	66504554	2	-1.6179
091f70c0-586a-49e8-a0e5-0b60caa72c1b	6	66511029	66974020	378	-0.0178
091f70c0-586a-49e8-a0e5-0b60caa72c1b	6	66974166	66974638	3	-1.5544
091f70c0-586a-49e8-a0e5-0b60caa72c1b	6	66978190	68899248	1280	-0.0176
091f70c0-586a-49e8-a0e5-0b60caa72c1b	6	68900822	70973762	1269	-0.1909
091f70c0-586a-49e8-a0e5-0b60caa72c1b	6	70974192	70995459	11	0.4474
091f70c0-586a-49e8-a0e5-0b60caa72c1b	6	70996387	73882142	1902	-0.1938
091f70c0-586a-49e8-a0e5-0b60caa72c1b	6	73882509	73891694	10	0.5781
091f70c0-586a-49e8-a0e5-0b60caa72c1b	6	73893839	76726442	1762	-0.1685
091f70c0-586a-49e8-a0e5-0b60caa72c1b	6	76726815	76742924	19	0.4103
091f70c0-586a-49e8-a0e5-0b60caa72c1b	6	76742956	78253172	976	-0.1883
091f70c0-586a-49e8-a0e5-0b60caa72c1b	6	78259348	78263059	14	-2.8438
091f70c0-586a-49e8-a0e5-0b60caa72c1b	6	78263079	78325468	98	-1.7914
091f70c0-586a-49e8-a0e5-0b60caa72c1b	6	78329517	80575042	1429	-0.191
091f70c0-586a-49e8-a0e5-0b60caa72c1b	6	80575241	80579817	27	-1.13
091f70c0-586a-49e8-a0e5-0b60caa72c1b	6	80584624	97801371	10604	-0.1902
091f70c0-586a-49e8-a0e5-0b60caa72c1b	6	97805335	98025998	116	1.146
091f70c0-586a-49e8-a0e5-0b60caa72c1b	6	98028453	98968768	600	1.4775
091f70c0-586a-49e8-a0e5-0b60caa72c1b	6	98970876	99335396	292	1.1152
091f70c0-586a-49e8-a0e5-0b60caa72c1b	6	99335734	99481601	97	1.4325
091f70c0-586a-49e8-a0e5-0b60caa72c1b	6	99486298	100175639	432	1.1253
091f70c0-586a-49e8-a0e5-0b60caa72c1b	6	100176212	100350596	118	1.9972
091f70c0-586a-49e8-a0e5-0b60caa72c1b	6	100353644	101140147	409	1.603
091f70c0-586a-49e8-a0e5-0b60caa72c1b	6	101140471	101166436	13	0.9332
091f70c0-586a-49e8-a0e5-0b60caa72c1b	6	101169104	101186250	8	0.3811
091f70c0-586a-49e8-a0e5-0b60caa72c1b	6	101186427	101199286	6	0.8073
091f70c0-586a-49e8-a0e5-0b60caa72c1b	6	101199588	101812994	401	1.1288
091f70c0-586a-49e8-a0e5-0b60caa72c1b	6	101817053	102271970	284	0.6434
091f70c0-586a-49e8-a0e5-0b60caa72c1b	6	102274886	103303689	602	1.4307
091f70c0-586a-49e8-a0e5-0b60caa72c1b	6	103304002	103314186	26	2.1759
091f70c0-586a-49e8-a0e5-0b60caa72c1b	6	103317795	103362717	42	1.5617
091f70c0-586a-49e8-a0e5-0b60caa72c1b	6	103368455	103377653	8	0.8984
091f70c0-586a-49e8-a0e5-0b60caa72c1b	6	103378000	103477128	82	1.4251
091f70c0-586a-49e8-a0e5-0b60caa72c1b	6	103477462	104351737	525	1.7024
091f70c0-586a-49e8-a0e5-0b60caa72c1b	6	104352492	104364974	14	2.1715
091f70c0-586a-49e8-a0e5-0b60caa72c1b	6	104365481	104495875	81	1.7054
091f70c0-586a-49e8-a0e5-0b60caa72c1b	6	104495910	105082089	322	1.4317
091f70c0-586a-49e8-a0e5-0b60caa72c1b	6	105084968	105121762	44	1.0771
091f70c0-586a-49e8-a0e5-0b60caa72c1b	6	105121820	105604654	298	0.6017
091f70c0-586a-49e8-a0e5-0b60caa72c1b	6	105608565	105786286	113	-0.2212
091f70c0-586a-49e8-a0e5-0b60caa72c1b	6	105787698	106237701	318	0.6099
091f70c0-586a-49e8-a0e5-0b60caa72c1b	6	106241381	106759054	393	-0.2255
091f70c0-586a-49e8-a0e5-0b60caa72c1b	6	106760427	106854839	66	1.4764
091f70c0-586a-49e8-a0e5-0b60caa72c1b	6	106854909	107653874	390	1.1517
091f70c0-586a-49e8-a0e5-0b60caa72c1b	6	107659719	107665926	11	0.3363
091f70c0-586a-49e8-a0e5-0b60caa72c1b	6	107670689	108742668	661	0.6286
091f70c0-586a-49e8-a0e5-0b60caa72c1b	6	108744270	109182883	230	-0.2272
091f70c0-586a-49e8-a0e5-0b60caa72c1b	6	109184241	109501250	230	0.6207
091f70c0-586a-49e8-a0e5-0b60caa72c1b	6	109501634	109689533	108	1.1656
091f70c0-586a-49e8-a0e5-0b60caa72c1b	6	109696837	110785484	737	0.6136
091f70c0-586a-49e8-a0e5-0b60caa72c1b	6	110798178	110858969	22	-0.1463
091f70c0-586a-49e8-a0e5-0b60caa72c1b	6	110877169	110986235	54	0.655
091f70c0-586a-49e8-a0e5-0b60caa72c1b	6	110986265	111112124	75	0.967
091f70c0-586a-49e8-a0e5-0b60caa72c1b	6	111113707	111213919	50	1.3509
091f70c0-586a-49e8-a0e5-0b60caa72c1b	6	111214466	111695567	272	1.5033
091f70c0-586a-49e8-a0e5-0b60caa72c1b	6	111695831	112019007	220	1.3291
091f70c0-586a-49e8-a0e5-0b60caa72c1b	6	112020206	112140771	97	1.731
091f70c0-586a-49e8-a0e5-0b60caa72c1b	6	112142962	112574931	269	1.37
091f70c0-586a-49e8-a0e5-0b60caa72c1b	6	112576320	112634360	29	1.725
091f70c0-586a-49e8-a0e5-0b60caa72c1b	6	112636115	112679985	36	1.0286
091f70c0-586a-49e8-a0e5-0b60caa72c1b	6	112680106	112785506	61	1.4182
091f70c0-586a-49e8-a0e5-0b60caa72c1b	6	112786524	112988507	146	1.1566
091f70c0-586a-49e8-a0e5-0b60caa72c1b	6	112990887	113187985	139	1.5122
091f70c0-586a-49e8-a0e5-0b60caa72c1b	6	113189043	113642892	316	0.6498
091f70c0-586a-49e8-a0e5-0b60caa72c1b	6	113644447	113685194	34	-0.1905
091f70c0-586a-49e8-a0e5-0b60caa72c1b	6	113688465	113900791	154	0.6653
091f70c0-586a-49e8-a0e5-0b60caa72c1b	6	113903677	113903852	2	-0.7084
091f70c0-586a-49e8-a0e5-0b60caa72c1b	6	113904647	114624830	423	0.6244
091f70c0-586a-49e8-a0e5-0b60caa72c1b	6	114626554	114632538	3	-0.1493
091f70c0-586a-49e8-a0e5-0b60caa72c1b	6	114642607	114710071	55	0.6744
091f70c0-586a-49e8-a0e5-0b60caa72c1b	6	114712522	114794897	49	1.1715
091f70c0-586a-49e8-a0e5-0b60caa72c1b	6	114797716	115248187	131	0.6446
091f70c0-586a-49e8-a0e5-0b60caa72c1b	6	115263884	115288793	19	-0.234
091f70c0-586a-49e8-a0e5-0b60caa72c1b	6	115294743	115361364	46	0.6231
091f70c0-586a-49e8-a0e5-0b60caa72c1b	6	115363249	116948419	943	1.1519
091f70c0-586a-49e8-a0e5-0b60caa72c1b	6	116948654	117530102	395	0.3868
091f70c0-586a-49e8-a0e5-0b60caa72c1b	6	117531834	118233676	415	0.6031
091f70c0-586a-49e8-a0e5-0b60caa72c1b	6	118234636	118290429	38	0.8186
091f70c0-586a-49e8-a0e5-0b60caa72c1b	6	118293780	118781663	296	1.1521
091f70c0-586a-49e8-a0e5-0b60caa72c1b	6	118783543	118918159	36	0.542
091f70c0-586a-49e8-a0e5-0b60caa72c1b	6	118922483	119103072	108	1.083
091f70c0-586a-49e8-a0e5-0b60caa72c1b	6	119104738	119495692	248	0.5856
091f70c0-586a-49e8-a0e5-0b60caa72c1b	6	119507239	120180896	395	1.1169
091f70c0-586a-49e8-a0e5-0b60caa72c1b	6	120182135	120447330	148	0.5344
091f70c0-586a-49e8-a0e5-0b60caa72c1b	6	120447940	120494618	38	1.4646
091f70c0-586a-49e8-a0e5-0b60caa72c1b	6	120500576	120708803	173	1.9389
091f70c0-586a-49e8-a0e5-0b60caa72c1b	6	120709112	120728443	9	1.1137
091f70c0-586a-49e8-a0e5-0b60caa72c1b	6	120729696	120748002	15	1.7708
091f70c0-586a-49e8-a0e5-0b60caa72c1b	6	120754100	121039761	175	1.1227
091f70c0-586a-49e8-a0e5-0b60caa72c1b	6	121049438	121148705	58	-0.1883
091f70c0-586a-49e8-a0e5-0b60caa72c1b	6	121155217	121252339	39	1.0818
091f70c0-586a-49e8-a0e5-0b60caa72c1b	6	121255732	121717650	251	1.4528
091f70c0-586a-49e8-a0e5-0b60caa72c1b	6	121718148	122481213	436	1.8856
091f70c0-586a-49e8-a0e5-0b60caa72c1b	6	122482967	122490902	3	1.2776
091f70c0-586a-49e8-a0e5-0b60caa72c1b	6	122490954	122741815	127	1.1252
091f70c0-586a-49e8-a0e5-0b60caa72c1b	6	122742052	123442907	431	0.5856
091f70c0-586a-49e8-a0e5-0b60caa72c1b	6	123446833	123449625	3	1.553
091f70c0-586a-49e8-a0e5-0b60caa72c1b	6	123454628	123788717	208	0.6091
091f70c0-586a-49e8-a0e5-0b60caa72c1b	6	123804563	123909907	95	1.4754
091f70c0-586a-49e8-a0e5-0b60caa72c1b	6	123910199	123949727	55	1.7875
091f70c0-586a-49e8-a0e5-0b60caa72c1b	6	123952907	124049490	89	0.6421
091f70c0-586a-49e8-a0e5-0b60caa72c1b	6	124049647	124165354	84	1.4778
091f70c0-586a-49e8-a0e5-0b60caa72c1b	6	124172141	124566520	282	0.6226
091f70c0-586a-49e8-a0e5-0b60caa72c1b	6	124568859	124992903	259	-0.2351
091f70c0-586a-49e8-a0e5-0b60caa72c1b	6	124997026	125019445	21	0.6758
091f70c0-586a-49e8-a0e5-0b60caa72c1b	6	125020438	125098328	81	1.1632
091f70c0-586a-49e8-a0e5-0b60caa72c1b	6	125098753	125861617	518	0.6469
091f70c0-586a-49e8-a0e5-0b60caa72c1b	6	125862546	125865630	3	-2.2667
091f70c0-586a-49e8-a0e5-0b60caa72c1b	6	125867747	125922390	32	0.7103
091f70c0-586a-49e8-a0e5-0b60caa72c1b	6	125924498	127372842	708	1.14
091f70c0-586a-49e8-a0e5-0b60caa72c1b	6	127372855	127565740	124	1.4817
091f70c0-586a-49e8-a0e5-0b60caa72c1b	6	127567133	127809766	142	1.1661
091f70c0-586a-49e8-a0e5-0b60caa72c1b	6	127810956	127905630	59	0.6424
091f70c0-586a-49e8-a0e5-0b60caa72c1b	6	127907629	128504126	358	-0.2342
091f70c0-586a-49e8-a0e5-0b60caa72c1b	6	128507123	128508254	6	0.8288
091f70c0-586a-49e8-a0e5-0b60caa72c1b	6	128509158	129049327	352	-0.2104
091f70c0-586a-49e8-a0e5-0b60caa72c1b	6	129049944	129615263	395	0.6222
091f70c0-586a-49e8-a0e5-0b60caa72c1b	6	129623082	129711620	84	1.0727
091f70c0-586a-49e8-a0e5-0b60caa72c1b	6	129712088	129721689	14	0.7354
091f70c0-586a-49e8-a0e5-0b60caa72c1b	6	129724309	129850891	117	1.1013
091f70c0-586a-49e8-a0e5-0b60caa72c1b	6	129851657	130551828	458	1.6988
091f70c0-586a-49e8-a0e5-0b60caa72c1b	6	130552646	131072515	380	1.897
091f70c0-586a-49e8-a0e5-0b60caa72c1b	6	131073414	131101423	13	1.6148
091f70c0-586a-49e8-a0e5-0b60caa72c1b	6	131109681	131130142	17	0.8702
091f70c0-586a-49e8-a0e5-0b60caa72c1b	6	131130914	131372820	144	-0.2207
091f70c0-586a-49e8-a0e5-0b60caa72c1b	6	131374578	131751744	211	1.1212
091f70c0-586a-49e8-a0e5-0b60caa72c1b	6	131753442	131870708	84	1.4462
091f70c0-586a-49e8-a0e5-0b60caa72c1b	6	131871854	132802690	697	1.1136
091f70c0-586a-49e8-a0e5-0b60caa72c1b	6	132802938	132928580	84	0.5749
091f70c0-586a-49e8-a0e5-0b60caa72c1b	6	132932115	133011254	59	1.1136
091f70c0-586a-49e8-a0e5-0b60caa72c1b	6	133011415	133242316	128	0.6403
091f70c0-586a-49e8-a0e5-0b60caa72c1b	6	133247351	133254956	8	1.499
091f70c0-586a-49e8-a0e5-0b60caa72c1b	6	133257265	133315618	63	0.6608
091f70c0-586a-49e8-a0e5-0b60caa72c1b	6	133318313	134002192	463	-0.2085
091f70c0-586a-49e8-a0e5-0b60caa72c1b	6	134004772	134379286	261	0.6022
091f70c0-586a-49e8-a0e5-0b60caa72c1b	6	134382422	134663913	211	-0.2483
091f70c0-586a-49e8-a0e5-0b60caa72c1b	6	134666337	134667311	5	0.5123
091f70c0-586a-49e8-a0e5-0b60caa72c1b	6	134668302	135035078	234	0.6365
091f70c0-586a-49e8-a0e5-0b60caa72c1b	6	135038895	135244370	204	1.4605
091f70c0-586a-49e8-a0e5-0b60caa72c1b	6	135248678	135540954	180	1.1396
091f70c0-586a-49e8-a0e5-0b60caa72c1b	6	135543865	135558961	7	0.9486
091f70c0-586a-49e8-a0e5-0b60caa72c1b	6	135561564	135733880	101	-0.2817
091f70c0-586a-49e8-a0e5-0b60caa72c1b	6	135741826	137320793	1105	0.6194
091f70c0-586a-49e8-a0e5-0b60caa72c1b	6	137321465	137945158	471	1.0984
091f70c0-586a-49e8-a0e5-0b60caa72c1b	6	137945294	138032074	44	0.6186
091f70c0-586a-49e8-a0e5-0b60caa72c1b	6	138038568	138105286	54	-0.3122
091f70c0-586a-49e8-a0e5-0b60caa72c1b	6	138109135	138233035	95	0.645
091f70c0-586a-49e8-a0e5-0b60caa72c1b	6	138235541	138451540	148	1.0915
091f70c0-586a-49e8-a0e5-0b60caa72c1b	6	138455810	138510151	40	0.5988
091f70c0-586a-49e8-a0e5-0b60caa72c1b	6	138513027	138791961	180	1.5107
091f70c0-586a-49e8-a0e5-0b60caa72c1b	6	138792201	139146919	240	1.7085
091f70c0-586a-49e8-a0e5-0b60caa72c1b	6	139148478	139266994	73	2.0022
091f70c0-586a-49e8-a0e5-0b60caa72c1b	6	139272384	139783960	317	1.7311
091f70c0-586a-49e8-a0e5-0b60caa72c1b	6	139784366	140105179	200	1.4903
091f70c0-586a-49e8-a0e5-0b60caa72c1b	6	140107319	140433589	134	1.0744
091f70c0-586a-49e8-a0e5-0b60caa72c1b	6	140439393	141155542	359	1.4633
091f70c0-586a-49e8-a0e5-0b60caa72c1b	6	141157215	141976109	434	1.0774
091f70c0-586a-49e8-a0e5-0b60caa72c1b	6	141976934	142072033	59	0.6671
091f70c0-586a-49e8-a0e5-0b60caa72c1b	6	142073917	142162527	56	1.1463
091f70c0-586a-49e8-a0e5-0b60caa72c1b	6	142172653	142445210	144	0.5791
091f70c0-586a-49e8-a0e5-0b60caa72c1b	6	142446496	142693097	162	-0.2047
091f70c0-586a-49e8-a0e5-0b60caa72c1b	6	142694241	142909343	153	0.6123
091f70c0-586a-49e8-a0e5-0b60caa72c1b	6	142911671	142944580	25	1.2156
091f70c0-586a-49e8-a0e5-0b60caa72c1b	6	142949852	143847110	682	0.6245
091f70c0-586a-49e8-a0e5-0b60caa72c1b	6	143847940	143848911	3	-0.2591
091f70c0-586a-49e8-a0e5-0b60caa72c1b	6	143858728	144313197	274	0.6132
091f70c0-586a-49e8-a0e5-0b60caa72c1b	6	144314748	144326989	10	-0.1987
091f70c0-586a-49e8-a0e5-0b60caa72c1b	6	144330419	144511698	106	0.5738
091f70c0-586a-49e8-a0e5-0b60caa72c1b	6	144517948	144661985	97	1.0123
091f70c0-586a-49e8-a0e5-0b60caa72c1b	6	144666027	144685979	21	-0.233
091f70c0-586a-49e8-a0e5-0b60caa72c1b	6	144691584	144723678	25	1.1152
091f70c0-586a-49e8-a0e5-0b60caa72c1b	6	144730918	144736359	4	-0.2799
091f70c0-586a-49e8-a0e5-0b60caa72c1b	6	144738828	144903667	133	0.5917
091f70c0-586a-49e8-a0e5-0b60caa72c1b	6	144911025	145025675	82	-0.2634
091f70c0-586a-49e8-a0e5-0b60caa72c1b	6	145029243	145808211	451	1.0759
091f70c0-586a-49e8-a0e5-0b60caa72c1b	6	145808384	147101450	820	1.7237
091f70c0-586a-49e8-a0e5-0b60caa72c1b	6	147102928	147123419	10	1.4388
091f70c0-586a-49e8-a0e5-0b60caa72c1b	6	147123820	147382187	144	1.1308
091f70c0-586a-49e8-a0e5-0b60caa72c1b	6	147384523	148034416	512	1.4645
091f70c0-586a-49e8-a0e5-0b60caa72c1b	6	148034577	148078576	37	1.0746
091f70c0-586a-49e8-a0e5-0b60caa72c1b	6	148080646	148311515	164	0.6207
091f70c0-586a-49e8-a0e5-0b60caa72c1b	6	148315997	148361287	26	1.084
091f70c0-586a-49e8-a0e5-0b60caa72c1b	6	148361729	148393488	24	-0.1794
091f70c0-586a-49e8-a0e5-0b60caa72c1b	6	148401973	148541241	126	1.1411
091f70c0-586a-49e8-a0e5-0b60caa72c1b	6	148547386	149135619	450	-0.2131
091f70c0-586a-49e8-a0e5-0b60caa72c1b	6	149138333	149381400	170	0.6349
091f70c0-586a-49e8-a0e5-0b60caa72c1b	6	149383376	149762485	189	-0.2333
091f70c0-586a-49e8-a0e5-0b60caa72c1b	6	149775818	149783616	3	0.6895
091f70c0-586a-49e8-a0e5-0b60caa72c1b	6	149790418	149896277	64	-0.2634
091f70c0-586a-49e8-a0e5-0b60caa72c1b	6	149896362	149898053	2	-2.7673
091f70c0-586a-49e8-a0e5-0b60caa72c1b	6	149898245	150097979	122	-0.2259
091f70c0-586a-49e8-a0e5-0b60caa72c1b	6	150098169	150100112	5	1.0534
091f70c0-586a-49e8-a0e5-0b60caa72c1b	6	150100197	150139670	32	0.5941
091f70c0-586a-49e8-a0e5-0b60caa72c1b	6	150141984	150150127	4	-0.2438
091f70c0-586a-49e8-a0e5-0b60caa72c1b	6	150150819	150371344	167	0.6548
091f70c0-586a-49e8-a0e5-0b60caa72c1b	6	150372148	150399530	26	-0.0907
091f70c0-586a-49e8-a0e5-0b60caa72c1b	6	150400265	150639474	202	0.6919
091f70c0-586a-49e8-a0e5-0b60caa72c1b	6	150639952	150710261	52	1.0495
091f70c0-586a-49e8-a0e5-0b60caa72c1b	6	150710814	150755283	35	0.6025
091f70c0-586a-49e8-a0e5-0b60caa72c1b	6	150756423	150770549	15	1.1009
091f70c0-586a-49e8-a0e5-0b60caa72c1b	6	150771033	150868331	55	0.7138
091f70c0-586a-49e8-a0e5-0b60caa72c1b	6	150873399	151006090	139	-0.2118
091f70c0-586a-49e8-a0e5-0b60caa72c1b	6	151006237	151036544	20	0.6775
091f70c0-586a-49e8-a0e5-0b60caa72c1b	6	151038922	151063936	18	1.1571
091f70c0-586a-49e8-a0e5-0b60caa72c1b	6	151065546	151237113	106	1.6859
091f70c0-586a-49e8-a0e5-0b60caa72c1b	6	151238574	151342620	93	1.472
091f70c0-586a-49e8-a0e5-0b60caa72c1b	6	151343874	151592789	122	1.9056
091f70c0-586a-49e8-a0e5-0b60caa72c1b	6	151593008	152094559	451	1.6451
091f70c0-586a-49e8-a0e5-0b60caa72c1b	6	152095107	152107569	12	1.0201
091f70c0-586a-49e8-a0e5-0b60caa72c1b	6	152110108	152971378	679	1.4522
091f70c0-586a-49e8-a0e5-0b60caa72c1b	6	152971645	152986348	11	0.8776
091f70c0-586a-49e8-a0e5-0b60caa72c1b	6	152987063	153002031	9	-0.2087
091f70c0-586a-49e8-a0e5-0b60caa72c1b	6	153008373	153735667	496	1.4603
091f70c0-586a-49e8-a0e5-0b60caa72c1b	6	153738835	153863925	104	1.1291
091f70c0-586a-49e8-a0e5-0b60caa72c1b	6	153864564	154524485	503	1.0769
091f70c0-586a-49e8-a0e5-0b60caa72c1b	6	154524729	154590564	35	0.5844
091f70c0-586a-49e8-a0e5-0b60caa72c1b	6	154594147	154637022	23	1.0091
091f70c0-586a-49e8-a0e5-0b60caa72c1b	6	154637244	154989609	199	0.5862
091f70c0-586a-49e8-a0e5-0b60caa72c1b	6	154991499	155001340	7	-0.5728
091f70c0-586a-49e8-a0e5-0b60caa72c1b	6	155003282	155168917	102	1.0234
091f70c0-586a-49e8-a0e5-0b60caa72c1b	6	155172156	155193533	21	-0.3386
091f70c0-586a-49e8-a0e5-0b60caa72c1b	6	155197078	156027671	627	0.5331
091f70c0-586a-49e8-a0e5-0b60caa72c1b	6	156032338	156655516	488	1.082
091f70c0-586a-49e8-a0e5-0b60caa72c1b	6	156660181	156879933	126	1.4386
091f70c0-586a-49e8-a0e5-0b60caa72c1b	6	156880172	157072315	135	0.496
091f70c0-586a-49e8-a0e5-0b60caa72c1b	6	157077041	157214426	55	-0.477
091f70c0-586a-49e8-a0e5-0b60caa72c1b	6	157292630	157476446	47	0.6204
091f70c0-586a-49e8-a0e5-0b60caa72c1b	6	157478613	157498120	11	1.105
091f70c0-586a-49e8-a0e5-0b60caa72c1b	6	157502450	157558891	19	1.497
091f70c0-586a-49e8-a0e5-0b60caa72c1b	6	157559769	157758455	127	1.0692
091f70c0-586a-49e8-a0e5-0b60caa72c1b	6	157761640	157821239	34	1.4149
091f70c0-586a-49e8-a0e5-0b60caa72c1b	6	157825344	157996377	128	1.9249
091f70c0-586a-49e8-a0e5-0b60caa72c1b	6	158000176	158010527	7	1.3441
091f70c0-586a-49e8-a0e5-0b60caa72c1b	6	158010704	158068360	42	0.5651
091f70c0-586a-49e8-a0e5-0b60caa72c1b	6	158068831	158751822	453	-0.3924
091f70c0-586a-49e8-a0e5-0b60caa72c1b	6	158762530	158932921	87	0.5736
091f70c0-586a-49e8-a0e5-0b60caa72c1b	6	158937272	159089784	77	-0.4373
091f70c0-586a-49e8-a0e5-0b60caa72c1b	6	159094668	159114040	16	0.4932
091f70c0-586a-49e8-a0e5-0b60caa72c1b	6	159114501	159401108	241	1.0649
091f70c0-586a-49e8-a0e5-0b60caa72c1b	6	159404566	159720560	238	0.5326
091f70c0-586a-49e8-a0e5-0b60caa72c1b	6	159725104	159764940	26	-0.3964
091f70c0-586a-49e8-a0e5-0b60caa72c1b	6	159767773	159940394	106	0.4877
091f70c0-586a-49e8-a0e5-0b60caa72c1b	6	159944746	160044022	66	1.0431
091f70c0-586a-49e8-a0e5-0b60caa72c1b	6	160044084	160092697	43	0.5156
091f70c0-586a-49e8-a0e5-0b60caa72c1b	6	160096449	161150119	757	1.0533
091f70c0-586a-49e8-a0e5-0b60caa72c1b	6	161150528	161224016	66	1.4224
091f70c0-586a-49e8-a0e5-0b60caa72c1b	6	161225682	161560502	258	1.0743
091f70c0-586a-49e8-a0e5-0b60caa72c1b	6	161560607	161816440	226	0.5431
091f70c0-586a-49e8-a0e5-0b60caa72c1b	6	161816612	163438777	1313	-0.3978
091f70c0-586a-49e8-a0e5-0b60caa72c1b	6	163444396	163519016	34	0.4951
091f70c0-586a-49e8-a0e5-0b60caa72c1b	6	163520998	163522397	5	-0.4421
091f70c0-586a-49e8-a0e5-0b60caa72c1b	6	163526842	163725534	156	0.5064
091f70c0-586a-49e8-a0e5-0b60caa72c1b	6	163726185	163755536	28	1.4038
091f70c0-586a-49e8-a0e5-0b60caa72c1b	6	163755771	164626748	700	1.8784
091f70c0-586a-49e8-a0e5-0b60caa72c1b	6	164627229	165310563	496	1.3915
091f70c0-586a-49e8-a0e5-0b60caa72c1b	6	165318037	165318439	2	-1.2846
091f70c0-586a-49e8-a0e5-0b60caa72c1b	6	165321163	165330830	15	1.4358
091f70c0-586a-49e8-a0e5-0b60caa72c1b	6	165330995	165666606	260	1.9482
091f70c0-586a-49e8-a0e5-0b60caa72c1b	6	165669661	166265586	494	1.7022
091f70c0-586a-49e8-a0e5-0b60caa72c1b	6	166265669	166333606	39	1.8712
091f70c0-586a-49e8-a0e5-0b60caa72c1b	6	166334024	166505002	119	1.1021
091f70c0-586a-49e8-a0e5-0b60caa72c1b	6	166506267	166653737	144	1.7372
091f70c0-586a-49e8-a0e5-0b60caa72c1b	6	166658233	166697533	34	1.0804
091f70c0-586a-49e8-a0e5-0b60caa72c1b	6	166697580	166704733	7	0.8356
091f70c0-586a-49e8-a0e5-0b60caa72c1b	6	166705075	166740983	29	1.4482
091f70c0-586a-49e8-a0e5-0b60caa72c1b	6	166743536	166867403	116	1.1363
091f70c0-586a-49e8-a0e5-0b60caa72c1b	6	166868171	167147930	212	-0.3994
091f70c0-586a-49e8-a0e5-0b60caa72c1b	6	167156031	167351763	119	1.0173
091f70c0-586a-49e8-a0e5-0b60caa72c1b	6	167354673	167425505	49	1.31
091f70c0-586a-49e8-a0e5-0b60caa72c1b	6	167652277	168457458	453	-0.4965
091f70c0-586a-49e8-a0e5-0b60caa72c1b	6	168461894	168564862	90	0.4748
091f70c0-586a-49e8-a0e5-0b60caa72c1b	6	168573875	170374438	1247	-0.4249
091f70c0-586a-49e8-a0e5-0b60caa72c1b	6	170380149	170741917	155	0.5443
091f70c0-586a-49e8-a0e5-0b60caa72c1b	7	43355	8908314	5173	-0.0449
091f70c0-586a-49e8-a0e5-0b60caa72c1b	7	8908454	38289986	22156	-0.0807
091f70c0-586a-49e8-a0e5-0b60caa72c1b	7	38290009	38368593	87	-0.3689
091f70c0-586a-49e8-a0e5-0b60caa72c1b	7	38368878	57135709	12597	-0.0737
091f70c0-586a-49e8-a0e5-0b60caa72c1b	7	57138060	67178281	2100	-0.0324
091f70c0-586a-49e8-a0e5-0b60caa72c1b	7	67179517	67180245	2	-3.0529
091f70c0-586a-49e8-a0e5-0b60caa72c1b	7	67182652	67207129	8	-0.6927
091f70c0-586a-49e8-a0e5-0b60caa72c1b	7	67211275	67233947	7	-0.491
091f70c0-586a-49e8-a0e5-0b60caa72c1b	7	67234797	70955452	2369	-0.0722
091f70c0-586a-49e8-a0e5-0b60caa72c1b	7	70958264	70961155	2	-2.0294
091f70c0-586a-49e8-a0e5-0b60caa72c1b	7	70963257	76936433	2302	-0.0542
091f70c0-586a-49e8-a0e5-0b60caa72c1b	7	76940335	97293981	13038	-0.0948
091f70c0-586a-49e8-a0e5-0b60caa72c1b	7	97294649	109797620	6920	-0.0572
091f70c0-586a-49e8-a0e5-0b60caa72c1b	7	109797623	109813853	23	0.7546
091f70c0-586a-49e8-a0e5-0b60caa72c1b	7	109813925	126404459	10004	-0.0735
091f70c0-586a-49e8-a0e5-0b60caa72c1b	7	126404480	126406827	21	0.6451
091f70c0-586a-49e8-a0e5-0b60caa72c1b	7	126412712	128523281	1391	-0.0689
091f70c0-586a-49e8-a0e5-0b60caa72c1b	7	128527260	128613557	19	0.4087
091f70c0-586a-49e8-a0e5-0b60caa72c1b	7	128617815	134100442	3280	-0.0724
091f70c0-586a-49e8-a0e5-0b60caa72c1b	7	134100458	134113790	30	0.6504
091f70c0-586a-49e8-a0e5-0b60caa72c1b	7	134113805	141410346	4825	-0.0461
091f70c0-586a-49e8-a0e5-0b60caa72c1b	7	141410658	141416090	2	-1.4249
091f70c0-586a-49e8-a0e5-0b60caa72c1b	7	141416168	142063324	355	-0.0819
091f70c0-586a-49e8-a0e5-0b60caa72c1b	7	142069843	142090383	31	-2.4647
091f70c0-586a-49e8-a0e5-0b60caa72c1b	7	142090403	159334314	10846	-0.0605
091f70c0-586a-49e8-a0e5-0b60caa72c1b	8	81254	7084593	7682	-0.4071
091f70c0-586a-49e8-a0e5-0b60caa72c1b	8	7087252	7336299	29	0.2297
091f70c0-586a-49e8-a0e5-0b60caa72c1b	8	7357089	12624538	3337	-0.3942
091f70c0-586a-49e8-a0e5-0b60caa72c1b	8	12649562	12693259	10	0.4666
091f70c0-586a-49e8-a0e5-0b60caa72c1b	8	12693626	15926898	3067	-0.3894
091f70c0-586a-49e8-a0e5-0b60caa72c1b	8	15927373	15927608	2	-3.0712
091f70c0-586a-49e8-a0e5-0b60caa72c1b	8	15927684	25118687	7285	-0.379
091f70c0-586a-49e8-a0e5-0b60caa72c1b	8	25119021	25122472	14	-1.3458
091f70c0-586a-49e8-a0e5-0b60caa72c1b	8	25126554	27509792	1840	-0.3795
091f70c0-586a-49e8-a0e5-0b60caa72c1b	8	27510322	27511817	2	-3.3759
091f70c0-586a-49e8-a0e5-0b60caa72c1b	8	27512829	33868214	4163	-0.3887
091f70c0-586a-49e8-a0e5-0b60caa72c1b	8	33868899	34409295	311	-0.0077
091f70c0-586a-49e8-a0e5-0b60caa72c1b	8	34412347	34563539	93	-0.4378
091f70c0-586a-49e8-a0e5-0b60caa72c1b	8	34572861	35664009	621	-0.0357
091f70c0-586a-49e8-a0e5-0b60caa72c1b	8	35666914	37205417	846	-0.3734
091f70c0-586a-49e8-a0e5-0b60caa72c1b	8	37207779	37628026	283	-0.0362
091f70c0-586a-49e8-a0e5-0b60caa72c1b	8	37629558	37906387	98	-0.4025
091f70c0-586a-49e8-a0e5-0b60caa72c1b	8	37911375	38434429	235	-0.0258
091f70c0-586a-49e8-a0e5-0b60caa72c1b	8	38434581	38459549	21	-0.4099
091f70c0-586a-49e8-a0e5-0b60caa72c1b	8	38459564	38459672	3	0.583
091f70c0-586a-49e8-a0e5-0b60caa72c1b	8	38459695	39373140	471	-0.375
091f70c0-586a-49e8-a0e5-0b60caa72c1b	8	39378084	39529446	58	-1.6629
091f70c0-586a-49e8-a0e5-0b60caa72c1b	8	39530780	40326280	589	-0.3713
091f70c0-586a-49e8-a0e5-0b60caa72c1b	8	40326286	40331978	31	-0.9768
091f70c0-586a-49e8-a0e5-0b60caa72c1b	8	40331992	43931659	1963	-0.366
091f70c0-586a-49e8-a0e5-0b60caa72c1b	8	45951913	46598238	174	0.2665
091f70c0-586a-49e8-a0e5-0b60caa72c1b	8	46605013	49315594	1346	0.1965
091f70c0-586a-49e8-a0e5-0b60caa72c1b	8	49317829	50848334	928	0.3052
091f70c0-586a-49e8-a0e5-0b60caa72c1b	8	50852103	51833440	634	0.3319
091f70c0-586a-49e8-a0e5-0b60caa72c1b	8	51834325	57008651	3381	0.4201
091f70c0-586a-49e8-a0e5-0b60caa72c1b	8	57012100	57016644	4	-0.6375
091f70c0-586a-49e8-a0e5-0b60caa72c1b	8	57025292	57459807	315	0.4312
091f70c0-586a-49e8-a0e5-0b60caa72c1b	8	57459949	57462888	9	1.0563
091f70c0-586a-49e8-a0e5-0b60caa72c1b	8	57463019	61474148	2706	0.4284
091f70c0-586a-49e8-a0e5-0b60caa72c1b	8	61474325	63447501	1274	0.3414
091f70c0-586a-49e8-a0e5-0b60caa72c1b	8	63451502	86537638	13585	0.4098
091f70c0-586a-49e8-a0e5-0b60caa72c1b	8	86538566	87732103	676	0.3078
091f70c0-586a-49e8-a0e5-0b60caa72c1b	8	87732222	106840278	11660	0.4101
091f70c0-586a-49e8-a0e5-0b60caa72c1b	8	106846291	111796674	2920	0.3701
091f70c0-586a-49e8-a0e5-0b60caa72c1b	8	111798605	119139771	4684	0.4221
091f70c0-586a-49e8-a0e5-0b60caa72c1b	8	119142545	119147207	4	-2.1402
091f70c0-586a-49e8-a0e5-0b60caa72c1b	8	119150615	123332616	2767	0.4175
091f70c0-586a-49e8-a0e5-0b60caa72c1b	8	123336979	143616987	14639	0.5378
091f70c0-586a-49e8-a0e5-0b60caa72c1b	8	143622987	143625638	9	-0.4306
091f70c0-586a-49e8-a0e5-0b60caa72c1b	8	143636819	145072769	501	0.5367
091f70c0-586a-49e8-a0e5-0b60caa72c1b	9	46587	602903	508	0.0256
091f70c0-586a-49e8-a0e5-0b60caa72c1b	9	606699	606961	4	-1.7871
091f70c0-586a-49e8-a0e5-0b60caa72c1b	9	607307	7275447	6441	0.0141
091f70c0-586a-49e8-a0e5-0b60caa72c1b	9	7285113	7291256	8	-1.2154
091f70c0-586a-49e8-a0e5-0b60caa72c1b	9	7291742	10403105	2981	-0.0252
091f70c0-586a-49e8-a0e5-0b60caa72c1b	9	10404138	10404986	2	1.8697
091f70c0-586a-49e8-a0e5-0b60caa72c1b	9	10407943	11992604	1279	-0.0369
091f70c0-586a-49e8-a0e5-0b60caa72c1b	9	11995297	12127088	103	-0.6678
091f70c0-586a-49e8-a0e5-0b60caa72c1b	9	12132979	22242056	8318	-0.0006
091f70c0-586a-49e8-a0e5-0b60caa72c1b	9	22242839	22512509	150	0.1965
091f70c0-586a-49e8-a0e5-0b60caa72c1b	9	22512940	23363117	574	0.0075
091f70c0-586a-49e8-a0e5-0b60caa72c1b	9	23363935	23379721	9	0.9973
091f70c0-586a-49e8-a0e5-0b60caa72c1b	9	23380447	40746210	10735	-0.0036
091f70c0-586a-49e8-a0e5-0b60caa72c1b	9	40753470	41473533	61	0.242
091f70c0-586a-49e8-a0e5-0b60caa72c1b	9	41533430	41569592	8	1.0941
091f70c0-586a-49e8-a0e5-0b60caa72c1b	9	41570345	41646850	14	0.3724
091f70c0-586a-49e8-a0e5-0b60caa72c1b	9	41659472	61405110	100	-0.0315
091f70c0-586a-49e8-a0e5-0b60caa72c1b	9	61520021	61647899	30	-0.9169
091f70c0-586a-49e8-a0e5-0b60caa72c1b	9	61665362	109220026	29150	0.001
091f70c0-586a-49e8-a0e5-0b60caa72c1b	9	109222004	109434773	147	0.1951
091f70c0-586a-49e8-a0e5-0b60caa72c1b	9	109434971	109440640	5	-0.4456
091f70c0-586a-49e8-a0e5-0b60caa72c1b	9	109444124	109774149	311	0.1563
091f70c0-586a-49e8-a0e5-0b60caa72c1b	9	109777381	117447250	5889	0.0095
091f70c0-586a-49e8-a0e5-0b60caa72c1b	9	117448218	117757623	281	0.1703
091f70c0-586a-49e8-a0e5-0b60caa72c1b	9	117757872	135244695	11045	0.0136
091f70c0-586a-49e8-a0e5-0b60caa72c1b	9	135244722	135397154	117	-0.2407
091f70c0-586a-49e8-a0e5-0b60caa72c1b	9	135401474	136532614	449	0.0423
091f70c0-586a-49e8-a0e5-0b60caa72c1b	9	136536903	136537300	3	-2.5894
091f70c0-586a-49e8-a0e5-0b60caa72c1b	9	136539349	138200944	592	0.0109
091f70c0-586a-49e8-a0e5-0b60caa72c1b	10	45792	569337	318	0.0242
091f70c0-586a-49e8-a0e5-0b60caa72c1b	10	572469	5423708	4310	0.0815
091f70c0-586a-49e8-a0e5-0b60caa72c1b	10	5431323	5760487	246	0.3317
091f70c0-586a-49e8-a0e5-0b60caa72c1b	10	5769008	6612070	755	0.081
091f70c0-586a-49e8-a0e5-0b60caa72c1b	10	6612127	6932177	340	0.0039
091f70c0-586a-49e8-a0e5-0b60caa72c1b	10	6933714	6936155	2	-2.2173
091f70c0-586a-49e8-a0e5-0b60caa72c1b	10	6936239	7242983	300	-0.0217
091f70c0-586a-49e8-a0e5-0b60caa72c1b	10	7244652	15870959	7064	0.0211
091f70c0-586a-49e8-a0e5-0b60caa72c1b	10	15876563	24088751	5816	-0.0118
091f70c0-586a-49e8-a0e5-0b60caa72c1b	10	24088753	24089979	6	0.9403
091f70c0-586a-49e8-a0e5-0b60caa72c1b	10	24090022	31746425	5547	0.0005
091f70c0-586a-49e8-a0e5-0b60caa72c1b	10	31747643	42159354	4322	-0.1646
091f70c0-586a-49e8-a0e5-0b60caa72c1b	10	42160224	42288046	19	0.4729
091f70c0-586a-49e8-a0e5-0b60caa72c1b	10	42292394	43117161	524	-0.1215
091f70c0-586a-49e8-a0e5-0b60caa72c1b	10	43117424	43120057	17	-0.7099
091f70c0-586a-49e8-a0e5-0b60caa72c1b	10	43121656	52247002	5317	-0.1507
091f70c0-586a-49e8-a0e5-0b60caa72c1b	10	52247453	52619878	252	0.0167
091f70c0-586a-49e8-a0e5-0b60caa72c1b	10	52620344	65548259	9142	-0.1511
091f70c0-586a-49e8-a0e5-0b60caa72c1b	10	65548272	65554672	23	0.3348
091f70c0-586a-49e8-a0e5-0b60caa72c1b	10	65554688	79624118	9213	-0.1438
091f70c0-586a-49e8-a0e5-0b60caa72c1b	10	79624128	79684125	8	-1.3435
091f70c0-586a-49e8-a0e5-0b60caa72c1b	10	79689251	87286741	5193	-0.1654
091f70c0-586a-49e8-a0e5-0b60caa72c1b	10	87310039	87310988	2	-2.1982
091f70c0-586a-49e8-a0e5-0b60caa72c1b	10	87318456	93130766	3807	-0.1669
091f70c0-586a-49e8-a0e5-0b60caa72c1b	10	93131151	93488285	290	0.0137
091f70c0-586a-49e8-a0e5-0b60caa72c1b	10	93489170	102005789	5154	-0.1551
091f70c0-586a-49e8-a0e5-0b60caa72c1b	10	102006033	102430809	151	0.0694
091f70c0-586a-49e8-a0e5-0b60caa72c1b	10	102434077	130193938	20080	-0.1606
091f70c0-586a-49e8-a0e5-0b60caa72c1b	10	130194103	133152727	1990	-0.2336
091f70c0-586a-49e8-a0e5-0b60caa72c1b	10	133152858	133654968	230	-0.1446
091f70c0-586a-49e8-a0e5-0b60caa72c1b	11	198510	733813	175	0.0233
091f70c0-586a-49e8-a0e5-0b60caa72c1b	11	741820	742375	2	1.443
091f70c0-586a-49e8-a0e5-0b60caa72c1b	11	742508	3428208	1110	0.0082
091f70c0-586a-49e8-a0e5-0b60caa72c1b	11	3436337	3510186	19	0.4658
091f70c0-586a-49e8-a0e5-0b60caa72c1b	11	3519839	4705210	834	-0.0052
091f70c0-586a-49e8-a0e5-0b60caa72c1b	11	4705388	4705661	5	-1.064
091f70c0-586a-49e8-a0e5-0b60caa72c1b	11	4707904	4946166	266	-0.0077
091f70c0-586a-49e8-a0e5-0b60caa72c1b	11	4946420	4952799	26	-1.3867
091f70c0-586a-49e8-a0e5-0b60caa72c1b	11	4953934	5766175	781	-0.0082
091f70c0-586a-49e8-a0e5-0b60caa72c1b	11	5766850	5788108	33	0.4909
091f70c0-586a-49e8-a0e5-0b60caa72c1b	11	5788231	55606572	31148	-0.0103
091f70c0-586a-49e8-a0e5-0b60caa72c1b	11	55606712	55685533	57	0.5349
091f70c0-586a-49e8-a0e5-0b60caa72c1b	11	55686100	62273047	3942	0.0087
091f70c0-586a-49e8-a0e5-0b60caa72c1b	11	62273321	62275702	2	1.7652
091f70c0-586a-49e8-a0e5-0b60caa72c1b	11	62280495	67292735	2106	0.0134
091f70c0-586a-49e8-a0e5-0b60caa72c1b	11	67293901	68002597	233	0.2104
091f70c0-586a-49e8-a0e5-0b60caa72c1b	11	68002801	80256469	6946	0.0142
091f70c0-586a-49e8-a0e5-0b60caa72c1b	11	80256504	80256520	2	-1.7913
091f70c0-586a-49e8-a0e5-0b60caa72c1b	11	80256642	135074876	38925	0.0012
091f70c0-586a-49e8-a0e5-0b60caa72c1b	12	51460	83454	9	0.2188
091f70c0-586a-49e8-a0e5-0b60caa72c1b	12	85586	3506158	2262	-0.1747
091f70c0-586a-49e8-a0e5-0b60caa72c1b	12	3507646	4129007	466	-0.0114
091f70c0-586a-49e8-a0e5-0b60caa72c1b	12	4130913	8315973	2820	-0.1596
091f70c0-586a-49e8-a0e5-0b60caa72c1b	12	8318319	8428347	47	0.3115
091f70c0-586a-49e8-a0e5-0b60caa72c1b	12	8432076	14204836	4061	-0.1634
091f70c0-586a-49e8-a0e5-0b60caa72c1b	12	14204898	14206186	2	-2.4313
091f70c0-586a-49e8-a0e5-0b60caa72c1b	12	14208560	27495395	8886	-0.1727
091f70c0-586a-49e8-a0e5-0b60caa72c1b	12	27495408	27497687	11	0.4467
091f70c0-586a-49e8-a0e5-0b60caa72c1b	12	27497784	27941738	324	-0.2053
091f70c0-586a-49e8-a0e5-0b60caa72c1b	12	27941811	27944664	13	-0.7609
091f70c0-586a-49e8-a0e5-0b60caa72c1b	12	27944711	34424876	4572	-0.1727
091f70c0-586a-49e8-a0e5-0b60caa72c1b	12	34425363	37593924	95	0.0105
091f70c0-586a-49e8-a0e5-0b60caa72c1b	12	37618765	37620216	2	-1.6232
091f70c0-586a-49e8-a0e5-0b60caa72c1b	12	37640556	52297319	8458	0.0003
091f70c0-586a-49e8-a0e5-0b60caa72c1b	12	52297540	52298495	5	-1.0144
091f70c0-586a-49e8-a0e5-0b60caa72c1b	12	52298689	83769408	19841	-0.0033
091f70c0-586a-49e8-a0e5-0b60caa72c1b	12	83769511	83771462	3	-1.4347
091f70c0-586a-49e8-a0e5-0b60caa72c1b	12	83771500	129996975	30827	-0.0037
091f70c0-586a-49e8-a0e5-0b60caa72c1b	12	130000595	130578355	515	-0.1166
091f70c0-586a-49e8-a0e5-0b60caa72c1b	12	130578624	133201603	1429	0.0015
091f70c0-586a-49e8-a0e5-0b60caa72c1b	13	18452809	19936310	716	-0.0968
091f70c0-586a-49e8-a0e5-0b60caa72c1b	13	19937978	19943214	2	-2.1075
091f70c0-586a-49e8-a0e5-0b60caa72c1b	13	19944120	20429475	320	-0.1623
091f70c0-586a-49e8-a0e5-0b60caa72c1b	13	20429648	21781629	833	0.1744
091f70c0-586a-49e8-a0e5-0b60caa72c1b	13	21782033	22499498	595	0.0212
091f70c0-586a-49e8-a0e5-0b60caa72c1b	13	22499658	23055048	382	0.1791
091f70c0-586a-49e8-a0e5-0b60caa72c1b	13	23055071	23586892	412	-0.0428
091f70c0-586a-49e8-a0e5-0b60caa72c1b	13	23587360	24209686	559	0.1795
091f70c0-586a-49e8-a0e5-0b60caa72c1b	13	24210341	26666577	1703	0.0057
091f70c0-586a-49e8-a0e5-0b60caa72c1b	13	26666591	27321248	543	0.1866
091f70c0-586a-49e8-a0e5-0b60caa72c1b	13	27322143	31380652	3088	0.0018
091f70c0-586a-49e8-a0e5-0b60caa72c1b	13	31381444	37496998	4296	-0.1609
091f70c0-586a-49e8-a0e5-0b60caa72c1b	13	37497899	37510406	14	-0.8856
091f70c0-586a-49e8-a0e5-0b60caa72c1b	13	37510595	70173579	20384	-0.1666
091f70c0-586a-49e8-a0e5-0b60caa72c1b	13	70173624	70188804	12	-0.801
091f70c0-586a-49e8-a0e5-0b60caa72c1b	13	70189130	86512627	10818	-0.1771
091f70c0-586a-49e8-a0e5-0b60caa72c1b	13	86513503	113576404	18996	0.141
091f70c0-586a-49e8-a0e5-0b60caa72c1b	13	113579123	114342922	270	-0.2177
091f70c0-586a-49e8-a0e5-0b60caa72c1b	14	18239283	19134873	34	0.0198
091f70c0-586a-49e8-a0e5-0b60caa72c1b	14	19138115	19955213	133	0.8486
091f70c0-586a-49e8-a0e5-0b60caa72c1b	14	19956767	25115180	3482	0.1264
091f70c0-586a-49e8-a0e5-0b60caa72c1b	14	25117444	26310436	846	0.0858
091f70c0-586a-49e8-a0e5-0b60caa72c1b	14	26314697	26314712	7	0.8438
091f70c0-586a-49e8-a0e5-0b60caa72c1b	14	26315707	40777109	8923	0.0832
091f70c0-586a-49e8-a0e5-0b60caa72c1b	14	40780749	41138326	297	0.0667
091f70c0-586a-49e8-a0e5-0b60caa72c1b	14	41138431	41207613	26	-0.357
091f70c0-586a-49e8-a0e5-0b60caa72c1b	14	41219527	67985160	16722	0.0536
091f70c0-586a-49e8-a0e5-0b60caa72c1b	14	67985302	68776129	584	0.2827
091f70c0-586a-49e8-a0e5-0b60caa72c1b	14	68779871	82146309	8735	0.0441
091f70c0-586a-49e8-a0e5-0b60caa72c1b	14	82147659	82155122	4	-1.0731
091f70c0-586a-49e8-a0e5-0b60caa72c1b	14	82157104	98891146	11627	0.0393
091f70c0-586a-49e8-a0e5-0b60caa72c1b	14	98891361	98893294	2	-1.5913
091f70c0-586a-49e8-a0e5-0b60caa72c1b	14	98893487	105757523	3379	0.0449
091f70c0-586a-49e8-a0e5-0b60caa72c1b	14	105758017	105971774	74	-0.2378
091f70c0-586a-49e8-a0e5-0b60caa72c1b	14	105971906	106042562	22	0.2571
091f70c0-586a-49e8-a0e5-0b60caa72c1b	14	106043019	106425447	145	-0.1658
091f70c0-586a-49e8-a0e5-0b60caa72c1b	14	106426436	106877229	241	0.0153
091f70c0-586a-49e8-a0e5-0b60caa72c1b	15	19811075	19986916	42	0.019
091f70c0-586a-49e8-a0e5-0b60caa72c1b	15	19989485	22413894	166	0.4051
091f70c0-586a-49e8-a0e5-0b60caa72c1b	15	22455811	24461138	1005	-0.1871
091f70c0-586a-49e8-a0e5-0b60caa72c1b	15	24461771	24469310	6	0.823
091f70c0-586a-49e8-a0e5-0b60caa72c1b	15	24469643	30158166	3598	-0.1803
091f70c0-586a-49e8-a0e5-0b60caa72c1b	15	30199184	30633402	35	-0.6573
091f70c0-586a-49e8-a0e5-0b60caa72c1b	15	30638297	101928837	46574	-0.1753
091f70c0-586a-49e8-a0e5-0b60caa72c1b	16	10777	14954911	11091	-0.1434
091f70c0-586a-49e8-a0e5-0b60caa72c1b	16	14954987	15034129	54	0.2417
091f70c0-586a-49e8-a0e5-0b60caa72c1b	16	15036048	35282548	9013	-0.1405
091f70c0-586a-49e8-a0e5-0b60caa72c1b	16	35282553	35282555	3	1.3446
091f70c0-586a-49e8-a0e5-0b60caa72c1b	16	35282935	51415632	3235	-0.1511
091f70c0-586a-49e8-a0e5-0b60caa72c1b	16	51417571	51417607	2	-1.9483
091f70c0-586a-49e8-a0e5-0b60caa72c1b	16	51418653	55764310	3498	-0.1466
091f70c0-586a-49e8-a0e5-0b60caa72c1b	16	55764850	55764867	2	2.0705
091f70c0-586a-49e8-a0e5-0b60caa72c1b	16	55770436	78337711	14268	-0.1561
091f70c0-586a-49e8-a0e5-0b60caa72c1b	16	78338543	78347366	14	-1.7665
091f70c0-586a-49e8-a0e5-0b60caa72c1b	16	78349243	78842030	663	-0.1733
091f70c0-586a-49e8-a0e5-0b60caa72c1b	16	78843404	78843521	2	-2.0745
091f70c0-586a-49e8-a0e5-0b60caa72c1b	16	78843721	84444732	6054	-0.1607
091f70c0-586a-49e8-a0e5-0b60caa72c1b	16	84447508	84448028	2	-2.1669
091f70c0-586a-49e8-a0e5-0b60caa72c1b	16	84448258	84482452	36	-0.2433
091f70c0-586a-49e8-a0e5-0b60caa72c1b	16	84482484	84485046	3	-1.5092
091f70c0-586a-49e8-a0e5-0b60caa72c1b	16	84487507	88571375	3167	-0.171
091f70c0-586a-49e8-a0e5-0b60caa72c1b	16	88571388	89190888	203	-0.3583
091f70c0-586a-49e8-a0e5-0b60caa72c1b	16	89204009	90096867	457	-0.1747
091f70c0-586a-49e8-a0e5-0b60caa72c1b	17	150733	18414080	11370	-0.1496
091f70c0-586a-49e8-a0e5-0b60caa72c1b	17	18452078	18550123	25	0.4457
091f70c0-586a-49e8-a0e5-0b60caa72c1b	17	18561272	19032210	170	-0.1539
091f70c0-586a-49e8-a0e5-0b60caa72c1b	17	19100750	20467198	624	0.2421
091f70c0-586a-49e8-a0e5-0b60caa72c1b	17	20469736	41265456	8586	0.0289
091f70c0-586a-49e8-a0e5-0b60caa72c1b	17	41266762	41274198	23	-0.7354
091f70c0-586a-49e8-a0e5-0b60caa72c1b	17	41274279	41378826	121	-0.0454
091f70c0-586a-49e8-a0e5-0b60caa72c1b	17	41380405	41493698	114	0.2902
091f70c0-586a-49e8-a0e5-0b60caa72c1b	17	41495766	45729701	2012	0.035
091f70c0-586a-49e8-a0e5-0b60caa72c1b	17	45730233	46721351	399	-0.1166
091f70c0-586a-49e8-a0e5-0b60caa72c1b	17	46723974	47402044	352	0.0385
091f70c0-586a-49e8-a0e5-0b60caa72c1b	17	47402080	47807949	173	0.1803
091f70c0-586a-49e8-a0e5-0b60caa72c1b	17	47808390	48639345	451	0.0323
091f70c0-586a-49e8-a0e5-0b60caa72c1b	17	48647787	50579703	1039	0.1776
091f70c0-586a-49e8-a0e5-0b60caa72c1b	17	50582045	57610128	4959	0.0273
091f70c0-586a-49e8-a0e5-0b60caa72c1b	17	57610972	57611632	2	-2.1461
091f70c0-586a-49e8-a0e5-0b60caa72c1b	17	57614632	79245925	12802	0.0281
091f70c0-586a-49e8-a0e5-0b60caa72c1b	17	79246197	79250308	8	-0.8121
091f70c0-586a-49e8-a0e5-0b60caa72c1b	17	79250962	82544467	1424	0.0133
091f70c0-586a-49e8-a0e5-0b60caa72c1b	17	82546088	83091923	312	0.1396
091f70c0-586a-49e8-a0e5-0b60caa72c1b	18	48133	3532758	2459	-0.1646
091f70c0-586a-49e8-a0e5-0b60caa72c1b	18	3534052	5745881	1594	-0.3686
091f70c0-586a-49e8-a0e5-0b60caa72c1b	18	5751576	5906292	98	-0.1441
091f70c0-586a-49e8-a0e5-0b60caa72c1b	18	5906925	7303595	1078	0.0427
091f70c0-586a-49e8-a0e5-0b60caa72c1b	18	7305712	14461445	4886	-0.1529
091f70c0-586a-49e8-a0e5-0b60caa72c1b	18	14462811	15092487	203	-0.3495
091f70c0-586a-49e8-a0e5-0b60caa72c1b	18	15098542	35333015	8886	-0.1814
091f70c0-586a-49e8-a0e5-0b60caa72c1b	18	35333784	35716865	217	-0.0022
091f70c0-586a-49e8-a0e5-0b60caa72c1b	18	35717335	35746072	23	0.4038
091f70c0-586a-49e8-a0e5-0b60caa72c1b	18	35746684	36425601	435	0.0339
091f70c0-586a-49e8-a0e5-0b60caa72c1b	18	36425616	37390996	684	0.1611
091f70c0-586a-49e8-a0e5-0b60caa72c1b	18	37392574	40680506	2169	-0.2105
091f70c0-586a-49e8-a0e5-0b60caa72c1b	18	40680516	40685425	15	-0.9223
091f70c0-586a-49e8-a0e5-0b60caa72c1b	18	40688060	45692072	3341	-0.1917
091f70c0-586a-49e8-a0e5-0b60caa72c1b	18	45692233	62198469	11402	-0.1614
091f70c0-586a-49e8-a0e5-0b60caa72c1b	18	62198765	72660756	7472	-0.1961
091f70c0-586a-49e8-a0e5-0b60caa72c1b	18	72660881	72669515	11	-1.0542
091f70c0-586a-49e8-a0e5-0b60caa72c1b	18	72669726	80257174	5624	-0.1923
091f70c0-586a-49e8-a0e5-0b60caa72c1b	19	90910	11913792	4685	-0.1767
091f70c0-586a-49e8-a0e5-0b60caa72c1b	19	11919443	17150430	2751	0.3998
091f70c0-586a-49e8-a0e5-0b60caa72c1b	19	17151314	17765726	226	0.2536
091f70c0-586a-49e8-a0e5-0b60caa72c1b	19	17767693	19858910	904	-0.0039
091f70c0-586a-49e8-a0e5-0b60caa72c1b	19	19859304	21451153	916	0.1325
091f70c0-586a-49e8-a0e5-0b60caa72c1b	19	21452595	24413948	1659	0.0237
091f70c0-586a-49e8-a0e5-0b60caa72c1b	19	27257085	30124468	1934	2.7724
091f70c0-586a-49e8-a0e5-0b60caa72c1b	19	30129135	34798968	3219	0.1485
091f70c0-586a-49e8-a0e5-0b60caa72c1b	19	34801943	35167825	213	-0.0102
091f70c0-586a-49e8-a0e5-0b60caa72c1b	19	35172871	35173089	5	-0.9423
091f70c0-586a-49e8-a0e5-0b60caa72c1b	19	35173140	35365801	178	0.0057
091f70c0-586a-49e8-a0e5-0b60caa72c1b	19	35366205	35387478	22	0.3935
091f70c0-586a-49e8-a0e5-0b60caa72c1b	19	35389988	36265950	420	0.0328
091f70c0-586a-49e8-a0e5-0b60caa72c1b	19	36267995	36316398	4	0.9303
091f70c0-586a-49e8-a0e5-0b60caa72c1b	19	36334346	37063694	431	0.0219
091f70c0-586a-49e8-a0e5-0b60caa72c1b	19	37063854	37226638	57	1.6057
091f70c0-586a-49e8-a0e5-0b60caa72c1b	19	37229401	39571707	1142	1.2377
091f70c0-586a-49e8-a0e5-0b60caa72c1b	19	39572437	39739227	109	1.5296
091f70c0-586a-49e8-a0e5-0b60caa72c1b	19	39739264	40955562	669	2.0006
091f70c0-586a-49e8-a0e5-0b60caa72c1b	19	40955923	41692083	403	0.0034
091f70c0-586a-49e8-a0e5-0b60caa72c1b	19	41697642	41724525	15	2.1673
091f70c0-586a-49e8-a0e5-0b60caa72c1b	19	41731551	41757812	15	0.088
091f70c0-586a-49e8-a0e5-0b60caa72c1b	19	41758261	41758347	2	1.7836
091f70c0-586a-49e8-a0e5-0b60caa72c1b	19	41765855	42874755	438	-0.0055
091f70c0-586a-49e8-a0e5-0b60caa72c1b	19	42878962	43106863	102	0.2046
091f70c0-586a-49e8-a0e5-0b60caa72c1b	19	43106917	43139226	20	-0.0668
091f70c0-586a-49e8-a0e5-0b60caa72c1b	19	43142696	43226077	39	-0.6156
091f70c0-586a-49e8-a0e5-0b60caa72c1b	19	43230258	58586487	8490	-0.0129
091f70c0-586a-49e8-a0e5-0b60caa72c1b	20	80664	1580353	1202	0.1803
091f70c0-586a-49e8-a0e5-0b60caa72c1b	20	1580934	1613247	41	-0.9251
091f70c0-586a-49e8-a0e5-0b60caa72c1b	20	1617300	26205069	18687	0.1576
091f70c0-586a-49e8-a0e5-0b60caa72c1b	20	26206877	33345299	1221	0.2795
091f70c0-586a-49e8-a0e5-0b60caa72c1b	20	33345474	38622519	2698	-0.0086
091f70c0-586a-49e8-a0e5-0b60caa72c1b	20	38623169	51126634	8810	-0.1037
091f70c0-586a-49e8-a0e5-0b60caa72c1b	20	51126824	51840831	543	0.1949
091f70c0-586a-49e8-a0e5-0b60caa72c1b	20	51842991	51996824	112	1.0994
091f70c0-586a-49e8-a0e5-0b60caa72c1b	20	52000847	52620566	404	1.8486
091f70c0-586a-49e8-a0e5-0b60caa72c1b	20	52621911	52686534	64	1.2003
091f70c0-586a-49e8-a0e5-0b60caa72c1b	20	52692805	54074127	1133	1.689
091f70c0-586a-49e8-a0e5-0b60caa72c1b	20	54074704	54643947	461	1.4091
091f70c0-586a-49e8-a0e5-0b60caa72c1b	20	54647831	54707441	66	0.3613
091f70c0-586a-49e8-a0e5-0b60caa72c1b	20	54709065	55141064	374	1.2132
091f70c0-586a-49e8-a0e5-0b60caa72c1b	20	55141155	56991724	1479	1.3772
091f70c0-586a-49e8-a0e5-0b60caa72c1b	20	56993632	61995408	4038	-0.1262
091f70c0-586a-49e8-a0e5-0b60caa72c1b	20	61995492	63932435	786	0.1945
091f70c0-586a-49e8-a0e5-0b60caa72c1b	20	63933088	64272376	168	-0.2226
091f70c0-586a-49e8-a0e5-0b60caa72c1b	20	64272957	64324800	15	0.3427
091f70c0-586a-49e8-a0e5-0b60caa72c1b	21	10354168	10427776	12	0.6056
091f70c0-586a-49e8-a0e5-0b60caa72c1b	21	10448914	12996886	79	-0.1727
091f70c0-586a-49e8-a0e5-0b60caa72c1b	21	13004391	13169048	21	0.3493
091f70c0-586a-49e8-a0e5-0b60caa72c1b	21	13177644	14978433	843	-0.1311
091f70c0-586a-49e8-a0e5-0b60caa72c1b	21	14978947	24085229	6747	0.01
091f70c0-586a-49e8-a0e5-0b60caa72c1b	21	24085362	25482035	1013	-0.165
091f70c0-586a-49e8-a0e5-0b60caa72c1b	21	25482557	26720476	916	0.0286
091f70c0-586a-49e8-a0e5-0b60caa72c1b	21	26720609	31261812	3331	-0.1742
091f70c0-586a-49e8-a0e5-0b60caa72c1b	21	31262284	32831544	1074	0.029
091f70c0-586a-49e8-a0e5-0b60caa72c1b	21	32832207	45244960	8936	-0.1421
091f70c0-586a-49e8-a0e5-0b60caa72c1b	21	45244989	45629689	199	-0.3516
091f70c0-586a-49e8-a0e5-0b60caa72c1b	21	45629951	46677045	615	-0.1703
091f70c0-586a-49e8-a0e5-0b60caa72c1b	22	15294547	19751867	1629	-0.1238
091f70c0-586a-49e8-a0e5-0b60caa72c1b	22	19753039	20291605	368	-0.2859
091f70c0-586a-49e8-a0e5-0b60caa72c1b	22	20292195	22509331	1510	-0.1444
091f70c0-586a-49e8-a0e5-0b60caa72c1b	22	22509461	23295734	475	-0.2768
091f70c0-586a-49e8-a0e5-0b60caa72c1b	22	23296448	23981995	405	-0.1143
091f70c0-586a-49e8-a0e5-0b60caa72c1b	22	23988078	23989773	2	-2.8132
091f70c0-586a-49e8-a0e5-0b60caa72c1b	22	23990431	38969382	10835	-0.1331
091f70c0-586a-49e8-a0e5-0b60caa72c1b	22	38969575	38999476	25	0.3082
091f70c0-586a-49e8-a0e5-0b60caa72c1b	22	38999487	40397256	684	-0.1466
091f70c0-586a-49e8-a0e5-0b60caa72c1b	22	40398586	40398816	2	-2.6552
091f70c0-586a-49e8-a0e5-0b60caa72c1b	22	40401668	46694346	4089	-0.1347
091f70c0-586a-49e8-a0e5-0b60caa72c1b	22	46695424	46698493	2	-1.7041
091f70c0-586a-49e8-a0e5-0b60caa72c1b	22	46698545	47667961	806	-0.1326
091f70c0-586a-49e8-a0e5-0b60caa72c1b	22	47669396	47705837	32	-1.7021
091f70c0-586a-49e8-a0e5-0b60caa72c1b	22	47706170	50796027	2374	-0.1788
091f70c0-586a-49e8-a0e5-0b60caa72c1b	X	251810	4248361	1056	-0.0237
091f70c0-586a-49e8-a0e5-0b60caa72c1b	X	4249045	8300900	3197	-0.0824
091f70c0-586a-49e8-a0e5-0b60caa72c1b	X	8301229	10118946	1415	-0.0201
091f70c0-586a-49e8-a0e5-0b60caa72c1b	X	10119447	10121675	3	-1.4724
091f70c0-586a-49e8-a0e5-0b60caa72c1b	X	10123175	32965828	14758	-0.0263
091f70c0-586a-49e8-a0e5-0b60caa72c1b	X	32969337	32970141	3	-1.7926
091f70c0-586a-49e8-a0e5-0b60caa72c1b	X	32971922	124941359	44994	-0.0219
091f70c0-586a-49e8-a0e5-0b60caa72c1b	X	124941715	155952689	18046	0.1388
091f70c0-586a-49e8-a0e5-0b60caa72c1b	Y	2782397	56872112	6638	-0.9846
