GDC_Aliquot	Chromosome	Start	End	Num_Probes	Segment_Mean
d03b22fa-5bae-4247-a7fa-e8f77e38d8fd	1	62920	3184789	680	-0.2243
d03b22fa-5bae-4247-a7fa-e8f77e38d8fd	1	3185198	10305228	4484	-0.3968
d03b22fa-5bae-4247-a7fa-e8f77e38d8fd	1	10306654	10323740	32	0.0552
d03b22fa-5bae-4247-a7fa-e8f77e38d8fd	1	10323828	12774144	1293	-0.4185
d03b22fa-5bae-4247-a7fa-e8f77e38d8fd	1	12774437	13475857	79	-0.1079
d03b22fa-5bae-4247-a7fa-e8f77e38d8fd	1	13475969	15820586	1768	-0.3667
d03b22fa-5bae-4247-a7fa-e8f77e38d8fd	1	15820686	15841285	20	0.3883
d03b22fa-5bae-4247-a7fa-e8f77e38d8fd	1	15841304	16718963	333	-0.3996
d03b22fa-5bae-4247-a7fa-e8f77e38d8fd	1	16719082	16721984	5	-2.0441
d03b22fa-5bae-4247-a7fa-e8f77e38d8fd	1	16766762	16782786	8	-0.3032
d03b22fa-5bae-4247-a7fa-e8f77e38d8fd	1	16784801	16788139	5	-1.506
d03b22fa-5bae-4247-a7fa-e8f77e38d8fd	1	16855942	16891412	13	-0.4106
d03b22fa-5bae-4247-a7fa-e8f77e38d8fd	1	16898475	17003654	68	-0.0052
d03b22fa-5bae-4247-a7fa-e8f77e38d8fd	1	17010382	25125946	5144	-0.4017
d03b22fa-5bae-4247-a7fa-e8f77e38d8fd	1	25126604	25256850	93	-0.2309
d03b22fa-5bae-4247-a7fa-e8f77e38d8fd	1	25266637	25319693	21	-1.3932
d03b22fa-5bae-4247-a7fa-e8f77e38d8fd	1	25320198	72303233	28740	-0.3871
d03b22fa-5bae-4247-a7fa-e8f77e38d8fd	1	72303253	72313397	9	-2.1252
d03b22fa-5bae-4247-a7fa-e8f77e38d8fd	1	72313408	72393724	63	-0.7914
d03b22fa-5bae-4247-a7fa-e8f77e38d8fd	1	72394126	106802513	21810	-0.3958
d03b22fa-5bae-4247-a7fa-e8f77e38d8fd	1	106802542	106807889	3	-2.2268
d03b22fa-5bae-4247-a7fa-e8f77e38d8fd	1	106808309	112147704	3725	-0.3984
d03b22fa-5bae-4247-a7fa-e8f77e38d8fd	1	112153343	112154768	25	0.4008
d03b22fa-5bae-4247-a7fa-e8f77e38d8fd	1	112163334	121601998	5161	-0.3819
d03b22fa-5bae-4247-a7fa-e8f77e38d8fd	1	121705338	152582700	2442	0.7811
d03b22fa-5bae-4247-a7fa-e8f77e38d8fd	1	152583051	152614100	35	1.7855
d03b22fa-5bae-4247-a7fa-e8f77e38d8fd	1	152614118	153845622	879	0.7859
d03b22fa-5bae-4247-a7fa-e8f77e38d8fd	1	153848215	158896783	2941	0.7048
d03b22fa-5bae-4247-a7fa-e8f77e38d8fd	1	158898711	158899969	2	3.4259
d03b22fa-5bae-4247-a7fa-e8f77e38d8fd	1	158905028	161332416	1565	0.7151
d03b22fa-5bae-4247-a7fa-e8f77e38d8fd	1	161335050	196745743	24299	0.7729
d03b22fa-5bae-4247-a7fa-e8f77e38d8fd	1	196758720	196846661	61	-0.1832
d03b22fa-5bae-4247-a7fa-e8f77e38d8fd	1	196847600	248930189	35828	0.7761
d03b22fa-5bae-4247-a7fa-e8f77e38d8fd	2	12784	4168879	2994	-0.3797
d03b22fa-5bae-4247-a7fa-e8f77e38d8fd	2	4169315	4176105	33	-1.0258
d03b22fa-5bae-4247-a7fa-e8f77e38d8fd	2	4176135	50641413	32821	-0.3841
d03b22fa-5bae-4247-a7fa-e8f77e38d8fd	2	50641545	51097216	321	-0.5769
d03b22fa-5bae-4247-a7fa-e8f77e38d8fd	2	51097501	97359885	24858	-0.3871
d03b22fa-5bae-4247-a7fa-e8f77e38d8fd	2	97524284	97545726	9	0.8766
d03b22fa-5bae-4247-a7fa-e8f77e38d8fd	2	97550415	106258193	5566	-0.3867
d03b22fa-5bae-4247-a7fa-e8f77e38d8fd	2	106258266	106270952	15	0.4268
d03b22fa-5bae-4247-a7fa-e8f77e38d8fd	2	106271414	242147305	82910	-0.3858
d03b22fa-5bae-4247-a7fa-e8f77e38d8fd	3	20930	1214696	995	-0.1396
d03b22fa-5bae-4247-a7fa-e8f77e38d8fd	3	1215076	1215082	2	-2.8788
d03b22fa-5bae-4247-a7fa-e8f77e38d8fd	3	1215168	2170552	909	-0.1591
d03b22fa-5bae-4247-a7fa-e8f77e38d8fd	3	2170634	16199049	10993	-0.0348
d03b22fa-5bae-4247-a7fa-e8f77e38d8fd	3	16199122	16199672	5	-2.3682
d03b22fa-5bae-4247-a7fa-e8f77e38d8fd	3	16199818	22322395	3971	-0.0534
d03b22fa-5bae-4247-a7fa-e8f77e38d8fd	3	22322452	25714507	2572	-0.0064
d03b22fa-5bae-4247-a7fa-e8f77e38d8fd	3	25718028	27143571	986	-0.1035
d03b22fa-5bae-4247-a7fa-e8f77e38d8fd	3	27144464	45440296	11862	-0.0293
d03b22fa-5bae-4247-a7fa-e8f77e38d8fd	3	45441971	52997720	3428	-0.0734
d03b22fa-5bae-4247-a7fa-e8f77e38d8fd	3	52997734	53004621	27	0.4923
d03b22fa-5bae-4247-a7fa-e8f77e38d8fd	3	53004746	61638100	6514	-0.0227
d03b22fa-5bae-4247-a7fa-e8f77e38d8fd	3	61638144	61638382	2	-2.178
d03b22fa-5bae-4247-a7fa-e8f77e38d8fd	3	61640752	68697108	5530	-0.0166
d03b22fa-5bae-4247-a7fa-e8f77e38d8fd	3	68697133	68698262	13	1.5128
d03b22fa-5bae-4247-a7fa-e8f77e38d8fd	3	68699607	129440996	34383	-0.0345
d03b22fa-5bae-4247-a7fa-e8f77e38d8fd	3	129443438	130044016	277	0.2768
d03b22fa-5bae-4247-a7fa-e8f77e38d8fd	3	130044855	130100795	48	0.8376
d03b22fa-5bae-4247-a7fa-e8f77e38d8fd	3	130109235	162795304	20269	0.2617
d03b22fa-5bae-4247-a7fa-e8f77e38d8fd	3	162795361	162908207	67	0.8676
d03b22fa-5bae-4247-a7fa-e8f77e38d8fd	3	162908784	195428692	20643	0.2587
d03b22fa-5bae-4247-a7fa-e8f77e38d8fd	3	195431412	195754940	81	0.7065
d03b22fa-5bae-4247-a7fa-e8f77e38d8fd	3	195755499	198142659	1158	0.302
d03b22fa-5bae-4247-a7fa-e8f77e38d8fd	3	198169114	198169247	4	-0.5188
d03b22fa-5bae-4247-a7fa-e8f77e38d8fd	4	68929	10208766	5706	-0.144
d03b22fa-5bae-4247-a7fa-e8f77e38d8fd	4	10221792	10229874	28	2.8873
d03b22fa-5bae-4247-a7fa-e8f77e38d8fd	4	10232590	10390730	178	-0.0851
d03b22fa-5bae-4247-a7fa-e8f77e38d8fd	4	10391530	10399044	15	-1.6411
d03b22fa-5bae-4247-a7fa-e8f77e38d8fd	4	10401094	34777432	16786	-0.1525
d03b22fa-5bae-4247-a7fa-e8f77e38d8fd	4	34784878	34823103	38	-1.6961
d03b22fa-5bae-4247-a7fa-e8f77e38d8fd	4	34828250	40698556	3883	-0.1547
d03b22fa-5bae-4247-a7fa-e8f77e38d8fd	4	40701994	40702175	3	-1.8207
d03b22fa-5bae-4247-a7fa-e8f77e38d8fd	4	40702670	44920644	2674	-0.1656
d03b22fa-5bae-4247-a7fa-e8f77e38d8fd	4	44922365	45009245	85	-0.531
d03b22fa-5bae-4247-a7fa-e8f77e38d8fd	4	45011164	53725050	3481	-0.1454
d03b22fa-5bae-4247-a7fa-e8f77e38d8fd	4	53728877	53735184	6	-2.0989
d03b22fa-5bae-4247-a7fa-e8f77e38d8fd	4	53745277	53830579	80	-0.106
d03b22fa-5bae-4247-a7fa-e8f77e38d8fd	4	53831261	53835382	3	-1.5445
d03b22fa-5bae-4247-a7fa-e8f77e38d8fd	4	53839056	60631418	4577	-0.1498
d03b22fa-5bae-4247-a7fa-e8f77e38d8fd	4	60635111	60635552	2	-2.7598
d03b22fa-5bae-4247-a7fa-e8f77e38d8fd	4	60638258	62804218	1206	-0.1703
d03b22fa-5bae-4247-a7fa-e8f77e38d8fd	4	62804351	62805335	3	-1.6798
d03b22fa-5bae-4247-a7fa-e8f77e38d8fd	4	62805402	68494770	3458	-0.1649
d03b22fa-5bae-4247-a7fa-e8f77e38d8fd	4	68501424	68620261	67	0.5778
d03b22fa-5bae-4247-a7fa-e8f77e38d8fd	4	68623617	69257792	315	-0.2951
d03b22fa-5bae-4247-a7fa-e8f77e38d8fd	4	69261926	69366081	53	-1.5209
d03b22fa-5bae-4247-a7fa-e8f77e38d8fd	4	69366304	114252544	27331	-0.1499
d03b22fa-5bae-4247-a7fa-e8f77e38d8fd	4	114254167	114261019	23	0.5607
d03b22fa-5bae-4247-a7fa-e8f77e38d8fd	4	114263073	151870502	22083	-0.1492
d03b22fa-5bae-4247-a7fa-e8f77e38d8fd	4	151870540	151871415	9	-3.6676
d03b22fa-5bae-4247-a7fa-e8f77e38d8fd	4	151871739	156384562	3035	-0.1393
d03b22fa-5bae-4247-a7fa-e8f77e38d8fd	4	156384637	156384770	3	-2.4039
d03b22fa-5bae-4247-a7fa-e8f77e38d8fd	4	156386889	161555930	3292	-0.1576
d03b22fa-5bae-4247-a7fa-e8f77e38d8fd	4	161556032	161559297	2	-2.1816
d03b22fa-5bae-4247-a7fa-e8f77e38d8fd	4	161559759	171448195	6227	-0.1504
d03b22fa-5bae-4247-a7fa-e8f77e38d8fd	4	171453733	171456559	10	1.7215
d03b22fa-5bae-4247-a7fa-e8f77e38d8fd	4	171456573	172067997	399	-0.1591
d03b22fa-5bae-4247-a7fa-e8f77e38d8fd	4	172068015	172068382	11	0.6614
d03b22fa-5bae-4247-a7fa-e8f77e38d8fd	4	172074828	172501371	231	-0.1606
d03b22fa-5bae-4247-a7fa-e8f77e38d8fd	4	172503796	172507492	7	1.2723
d03b22fa-5bae-4247-a7fa-e8f77e38d8fd	4	172519981	178311146	3538	-0.1478
d03b22fa-5bae-4247-a7fa-e8f77e38d8fd	4	178312646	178777205	352	-0.3341
d03b22fa-5bae-4247-a7fa-e8f77e38d8fd	4	178780099	190106768	7954	-0.165
d03b22fa-5bae-4247-a7fa-e8f77e38d8fd	5	15532	12800777	10193	-0.0135
d03b22fa-5bae-4247-a7fa-e8f77e38d8fd	5	12815668	12838421	14	-1.1026
d03b22fa-5bae-4247-a7fa-e8f77e38d8fd	5	12849089	32102625	12073	-0.0304
d03b22fa-5bae-4247-a7fa-e8f77e38d8fd	5	32106978	32177742	46	0.4755
d03b22fa-5bae-4247-a7fa-e8f77e38d8fd	5	32179180	46251204	8356	-0.0211
d03b22fa-5bae-4247-a7fa-e8f77e38d8fd	5	46270906	46273400	8	1.0264
d03b22fa-5bae-4247-a7fa-e8f77e38d8fd	5	46278110	97887362	28131	-0.0251
d03b22fa-5bae-4247-a7fa-e8f77e38d8fd	5	97888074	97898076	2	-2.6041
d03b22fa-5bae-4247-a7fa-e8f77e38d8fd	5	97900991	152134539	34599	-0.0199
d03b22fa-5bae-4247-a7fa-e8f77e38d8fd	5	152134610	152138790	15	-0.8045
d03b22fa-5bae-4247-a7fa-e8f77e38d8fd	5	152140710	155701749	2390	-0.0155
d03b22fa-5bae-4247-a7fa-e8f77e38d8fd	5	155703549	155707343	2	-2.1478
d03b22fa-5bae-4247-a7fa-e8f77e38d8fd	5	155707436	171974775	11374	-0.0223
d03b22fa-5bae-4247-a7fa-e8f77e38d8fd	5	171976745	172184964	157	0.191
d03b22fa-5bae-4247-a7fa-e8f77e38d8fd	5	172189500	177771448	3559	-0.0137
d03b22fa-5bae-4247-a7fa-e8f77e38d8fd	5	177800550	177805604	3	3.464
d03b22fa-5bae-4247-a7fa-e8f77e38d8fd	5	177827964	177964976	25	0.3703
d03b22fa-5bae-4247-a7fa-e8f77e38d8fd	5	177965897	179637444	1020	-0.0272
d03b22fa-5bae-4247-a7fa-e8f77e38d8fd	5	179638641	179668757	14	0.8972
d03b22fa-5bae-4247-a7fa-e8f77e38d8fd	5	179668909	179676725	9	0.052
d03b22fa-5bae-4247-a7fa-e8f77e38d8fd	5	179677049	179678327	11	0.9144
d03b22fa-5bae-4247-a7fa-e8f77e38d8fd	5	179681196	181363319	906	-0.0157
d03b22fa-5bae-4247-a7fa-e8f77e38d8fd	6	149661	26162451	19922	0.2576
d03b22fa-5bae-4247-a7fa-e8f77e38d8fd	6	26165506	29869411	1745	0.1917
d03b22fa-5bae-4247-a7fa-e8f77e38d8fd	6	29869537	29882419	15	-0.6458
d03b22fa-5bae-4247-a7fa-e8f77e38d8fd	6	29882497	30611538	316	0.2053
d03b22fa-5bae-4247-a7fa-e8f77e38d8fd	6	30617994	30890211	83	0.5678
d03b22fa-5bae-4247-a7fa-e8f77e38d8fd	6	30901916	31318528	266	0.2327
d03b22fa-5bae-4247-a7fa-e8f77e38d8fd	6	31318754	31328674	9	-1.8005
d03b22fa-5bae-4247-a7fa-e8f77e38d8fd	6	31342147	32481273	499	0.2889
d03b22fa-5bae-4247-a7fa-e8f77e38d8fd	6	32485024	32656527	59	-0.0401
d03b22fa-5bae-4247-a7fa-e8f77e38d8fd	6	32656814	32658841	5	-1.3127
d03b22fa-5bae-4247-a7fa-e8f77e38d8fd	6	32682835	38200812	3296	0.2028
d03b22fa-5bae-4247-a7fa-e8f77e38d8fd	6	38203636	40396586	1660	0.2765
d03b22fa-5bae-4247-a7fa-e8f77e38d8fd	6	40397862	40402760	7	-0.64
d03b22fa-5bae-4247-a7fa-e8f77e38d8fd	6	40403170	40906450	465	0.2648
d03b22fa-5bae-4247-a7fa-e8f77e38d8fd	6	40907126	44477938	2010	0.1981
d03b22fa-5bae-4247-a7fa-e8f77e38d8fd	6	44478027	54066269	6264	0.28
d03b22fa-5bae-4247-a7fa-e8f77e38d8fd	6	54066286	54067057	8	1.1829
d03b22fa-5bae-4247-a7fa-e8f77e38d8fd	6	54070550	55960697	1212	0.2782
d03b22fa-5bae-4247-a7fa-e8f77e38d8fd	6	55961357	55978862	10	-1.168
d03b22fa-5bae-4247-a7fa-e8f77e38d8fd	6	55986080	60358041	1002	0.2479
d03b22fa-5bae-4247-a7fa-e8f77e38d8fd	6	60358475	60467852	14	-0.3557
d03b22fa-5bae-4247-a7fa-e8f77e38d8fd	6	60482062	66295080	3092	-0.0579
d03b22fa-5bae-4247-a7fa-e8f77e38d8fd	6	66298369	66328153	36	-0.5284
d03b22fa-5bae-4247-a7fa-e8f77e38d8fd	6	66331020	66333299	7	-1.9729
d03b22fa-5bae-4247-a7fa-e8f77e38d8fd	6	66333342	78253172	7794	-0.0465
d03b22fa-5bae-4247-a7fa-e8f77e38d8fd	6	78259348	78325468	113	0.3415
d03b22fa-5bae-4247-a7fa-e8f77e38d8fd	6	78329517	93776860	9914	-0.0525
d03b22fa-5bae-4247-a7fa-e8f77e38d8fd	6	93777377	94907391	749	-0.1977
d03b22fa-5bae-4247-a7fa-e8f77e38d8fd	6	94907818	170741917	49042	-0.0417
d03b22fa-5bae-4247-a7fa-e8f77e38d8fd	7	43355	90302	40	0.0733
d03b22fa-5bae-4247-a7fa-e8f77e38d8fd	7	92525	4446307	2319	-0.1882
d03b22fa-5bae-4247-a7fa-e8f77e38d8fd	7	4446440	4519143	59	0.1757
d03b22fa-5bae-4247-a7fa-e8f77e38d8fd	7	4520589	5735743	566	-0.1909
d03b22fa-5bae-4247-a7fa-e8f77e38d8fd	7	5740498	5999094	96	0.1035
d03b22fa-5bae-4247-a7fa-e8f77e38d8fd	7	5999270	38251092	24288	-0.1877
d03b22fa-5bae-4247-a7fa-e8f77e38d8fd	7	38251113	38342370	118	0.2734
d03b22fa-5bae-4247-a7fa-e8f77e38d8fd	7	38345240	54318816	10999	-0.1663
d03b22fa-5bae-4247-a7fa-e8f77e38d8fd	7	54318817	54318824	4	-2.1645
d03b22fa-5bae-4247-a7fa-e8f77e38d8fd	7	54325795	55048605	568	-0.1787
d03b22fa-5bae-4247-a7fa-e8f77e38d8fd	7	55048776	55055522	4	-1.747
d03b22fa-5bae-4247-a7fa-e8f77e38d8fd	7	55055653	56300423	818	-0.1697
d03b22fa-5bae-4247-a7fa-e8f77e38d8fd	7	56305580	64232576	1178	0.016
d03b22fa-5bae-4247-a7fa-e8f77e38d8fd	7	64237817	71459776	3929	-0.1599
d03b22fa-5bae-4247-a7fa-e8f77e38d8fd	7	71462521	71492521	19	0.4003
d03b22fa-5bae-4247-a7fa-e8f77e38d8fd	7	71492765	72097330	391	-0.1619
d03b22fa-5bae-4247-a7fa-e8f77e38d8fd	7	72098015	72111259	9	0.5391
d03b22fa-5bae-4247-a7fa-e8f77e38d8fd	7	72115790	72517939	275	-0.1717
d03b22fa-5bae-4247-a7fa-e8f77e38d8fd	7	72522284	72578056	25	0.3472
d03b22fa-5bae-4247-a7fa-e8f77e38d8fd	7	72578477	73309388	106	-0.0531
d03b22fa-5bae-4247-a7fa-e8f77e38d8fd	7	73311778	88024172	8245	-0.2028
d03b22fa-5bae-4247-a7fa-e8f77e38d8fd	7	88026208	88542064	319	-0.145
d03b22fa-5bae-4247-a7fa-e8f77e38d8fd	7	88542217	90175307	1091	-0.3307
d03b22fa-5bae-4247-a7fa-e8f77e38d8fd	7	90175693	97744431	4845	-0.1918
d03b22fa-5bae-4247-a7fa-e8f77e38d8fd	7	97756261	97792357	50	0.1308
d03b22fa-5bae-4247-a7fa-e8f77e38d8fd	7	97792360	101313284	1480	-0.2176
d03b22fa-5bae-4247-a7fa-e8f77e38d8fd	7	101317674	101470790	67	0.1185
d03b22fa-5bae-4247-a7fa-e8f77e38d8fd	7	101471932	105372232	2141	-0.1875
d03b22fa-5bae-4247-a7fa-e8f77e38d8fd	7	105378049	105542548	80	0.0749
d03b22fa-5bae-4247-a7fa-e8f77e38d8fd	7	105542563	109793741	2808	-0.1964
d03b22fa-5bae-4247-a7fa-e8f77e38d8fd	7	109797035	109801572	26	0.4969
d03b22fa-5bae-4247-a7fa-e8f77e38d8fd	7	109801722	110397192	395	-0.2094
d03b22fa-5bae-4247-a7fa-e8f77e38d8fd	7	110399139	126405597	9650	-0.0694
d03b22fa-5bae-4247-a7fa-e8f77e38d8fd	7	126405632	126406823	11	0.7181
d03b22fa-5bae-4247-a7fa-e8f77e38d8fd	7	126406824	142082310	9940	-0.0669
d03b22fa-5bae-4247-a7fa-e8f77e38d8fd	7	142082848	142105742	23	0.485
d03b22fa-5bae-4247-a7fa-e8f77e38d8fd	7	142108086	159334314	10861	-0.069
d03b22fa-5bae-4247-a7fa-e8f77e38d8fd	8	81254	163380	3	0.6668
d03b22fa-5bae-4247-a7fa-e8f77e38d8fd	8	208062	4812454	4786	-1.0521
d03b22fa-5bae-4247-a7fa-e8f77e38d8fd	8	4812533	4813826	5	-3.573
d03b22fa-5bae-4247-a7fa-e8f77e38d8fd	8	4814110	40775019	26651	-1.0111
d03b22fa-5bae-4247-a7fa-e8f77e38d8fd	8	40777901	41552289	485	0.3215
d03b22fa-5bae-4247-a7fa-e8f77e38d8fd	8	41554412	42059934	313	0.8755
d03b22fa-5bae-4247-a7fa-e8f77e38d8fd	8	42066757	42071634	3	0.3482
d03b22fa-5bae-4247-a7fa-e8f77e38d8fd	8	42077039	77995425	20423	1.2964
d03b22fa-5bae-4247-a7fa-e8f77e38d8fd	8	78000543	81782161	2234	1.3781
d03b22fa-5bae-4247-a7fa-e8f77e38d8fd	8	81783508	82489142	373	1.315
d03b22fa-5bae-4247-a7fa-e8f77e38d8fd	8	82489421	85512996	1696	1.3789
d03b22fa-5bae-4247-a7fa-e8f77e38d8fd	8	85514638	111279265	15520	1.4501
d03b22fa-5bae-4247-a7fa-e8f77e38d8fd	8	111282050	111283031	10	-0.1885
d03b22fa-5bae-4247-a7fa-e8f77e38d8fd	8	111288052	114849557	1993	1.4785
d03b22fa-5bae-4247-a7fa-e8f77e38d8fd	8	114853532	114855383	3	-1.5674
d03b22fa-5bae-4247-a7fa-e8f77e38d8fd	8	114856178	118125956	2141	1.4882
d03b22fa-5bae-4247-a7fa-e8f77e38d8fd	8	118126673	128744020	7530	1.4164
d03b22fa-5bae-4247-a7fa-e8f77e38d8fd	8	128750889	128751839	2	-2.0101
d03b22fa-5bae-4247-a7fa-e8f77e38d8fd	8	128765208	139100475	8113	1.4159
d03b22fa-5bae-4247-a7fa-e8f77e38d8fd	8	139100598	139100860	3	-1.0553
d03b22fa-5bae-4247-a7fa-e8f77e38d8fd	8	139103770	139465790	307	1.4656
d03b22fa-5bae-4247-a7fa-e8f77e38d8fd	8	139466343	139466727	2	-0.3767
d03b22fa-5bae-4247-a7fa-e8f77e38d8fd	8	139467032	140302701	691	1.4184
d03b22fa-5bae-4247-a7fa-e8f77e38d8fd	8	140304827	141740239	807	1.7621
d03b22fa-5bae-4247-a7fa-e8f77e38d8fd	8	141741331	143228213	694	1.4667
d03b22fa-5bae-4247-a7fa-e8f77e38d8fd	8	143228267	143228447	3	-0.318
d03b22fa-5bae-4247-a7fa-e8f77e38d8fd	8	143232207	145072769	632	1.4984
d03b22fa-5bae-4247-a7fa-e8f77e38d8fd	9	46587	923079	900	-0.018
d03b22fa-5bae-4247-a7fa-e8f77e38d8fd	9	923709	953758	38	-1.3559
d03b22fa-5bae-4247-a7fa-e8f77e38d8fd	9	955794	6536953	5306	-0.0888
d03b22fa-5bae-4247-a7fa-e8f77e38d8fd	9	6542265	6823771	209	0.1179
d03b22fa-5bae-4247-a7fa-e8f77e38d8fd	9	6825379	7237880	467	-0.0792
d03b22fa-5bae-4247-a7fa-e8f77e38d8fd	9	7239198	12624058	4835	-0.1311
d03b22fa-5bae-4247-a7fa-e8f77e38d8fd	9	12624629	16973645	3671	-0.0646
d03b22fa-5bae-4247-a7fa-e8f77e38d8fd	9	16976569	16982749	3	-1.8756
d03b22fa-5bae-4247-a7fa-e8f77e38d8fd	9	16984712	28543777	8936	-0.0931
d03b22fa-5bae-4247-a7fa-e8f77e38d8fd	9	28550577	29005541	357	-0.2733
d03b22fa-5bae-4247-a7fa-e8f77e38d8fd	9	29007584	29969870	686	-0.116
d03b22fa-5bae-4247-a7fa-e8f77e38d8fd	9	29969971	29970413	2	1.6719
d03b22fa-5bae-4247-a7fa-e8f77e38d8fd	9	29972113	36785223	4238	-0.1005
d03b22fa-5bae-4247-a7fa-e8f77e38d8fd	9	36786171	123794119	41859	-0.0713
d03b22fa-5bae-4247-a7fa-e8f77e38d8fd	9	123794927	137339957	7590	-0.1089
d03b22fa-5bae-4247-a7fa-e8f77e38d8fd	9	137356366	137361381	8	1.1082
d03b22fa-5bae-4247-a7fa-e8f77e38d8fd	9	137378551	137396337	6	0.474
d03b22fa-5bae-4247-a7fa-e8f77e38d8fd	9	137396353	138200944	401	-0.0463
d03b22fa-5bae-4247-a7fa-e8f77e38d8fd	10	45792	34861739	26876	0.2736
d03b22fa-5bae-4247-a7fa-e8f77e38d8fd	10	34869865	35312443	210	0.4766
d03b22fa-5bae-4247-a7fa-e8f77e38d8fd	10	35313463	46560525	4636	0.2903
d03b22fa-5bae-4247-a7fa-e8f77e38d8fd	10	46606240	46810571	15	-0.4715
d03b22fa-5bae-4247-a7fa-e8f77e38d8fd	10	46836986	66313623	13335	0.2707
d03b22fa-5bae-4247-a7fa-e8f77e38d8fd	10	66317834	66349315	32	-0.7389
d03b22fa-5bae-4247-a7fa-e8f77e38d8fd	10	66349580	79912446	8637	0.2658
d03b22fa-5bae-4247-a7fa-e8f77e38d8fd	10	79915123	80224365	194	0.468
d03b22fa-5bae-4247-a7fa-e8f77e38d8fd	10	80225031	85443015	3900	0.2943
d03b22fa-5bae-4247-a7fa-e8f77e38d8fd	10	85443315	110551184	16031	0.2669
d03b22fa-5bae-4247-a7fa-e8f77e38d8fd	10	110552320	120917841	7423	0.2968
d03b22fa-5bae-4247-a7fa-e8f77e38d8fd	10	120917914	121037583	102	0.5672
d03b22fa-5bae-4247-a7fa-e8f77e38d8fd	10	121038054	122584593	1397	0.308
d03b22fa-5bae-4247-a7fa-e8f77e38d8fd	10	122584707	122591497	5	-1.2322
d03b22fa-5bae-4247-a7fa-e8f77e38d8fd	10	122597296	133654968	7900	0.2841
d03b22fa-5bae-4247-a7fa-e8f77e38d8fd	11	198510	4949137	2427	-0.0363
d03b22fa-5bae-4247-a7fa-e8f77e38d8fd	11	4950775	4955042	23	-1.2732
d03b22fa-5bae-4247-a7fa-e8f77e38d8fd	11	4955781	18919323	10223	-0.0204
d03b22fa-5bae-4247-a7fa-e8f77e38d8fd	11	18927525	18940586	47	0.6249
d03b22fa-5bae-4247-a7fa-e8f77e38d8fd	11	18949158	55595864	21770	-0.0259
d03b22fa-5bae-4247-a7fa-e8f77e38d8fd	11	55606556	55686100	60	0.4167
d03b22fa-5bae-4247-a7fa-e8f77e38d8fd	11	55693207	62746827	4176	-0.0353
d03b22fa-5bae-4247-a7fa-e8f77e38d8fd	11	62746849	62756624	5	1.5485
d03b22fa-5bae-4247-a7fa-e8f77e38d8fd	11	62759612	63953469	586	-0.052
d03b22fa-5bae-4247-a7fa-e8f77e38d8fd	11	63954141	63958310	8	0.7086
d03b22fa-5bae-4247-a7fa-e8f77e38d8fd	11	63964994	64886292	363	-0.0812
d03b22fa-5bae-4247-a7fa-e8f77e38d8fd	11	64892365	65796564	331	0.1822
d03b22fa-5bae-4247-a7fa-e8f77e38d8fd	11	65799005	65894607	59	-0.0107
d03b22fa-5bae-4247-a7fa-e8f77e38d8fd	11	65902628	67526727	621	-0.1462
d03b22fa-5bae-4247-a7fa-e8f77e38d8fd	11	67526837	68002597	148	0.0661
d03b22fa-5bae-4247-a7fa-e8f77e38d8fd	11	68002801	78574051	5604	-0.0445
d03b22fa-5bae-4247-a7fa-e8f77e38d8fd	11	78574227	80256469	1361	0.0156
d03b22fa-5bae-4247-a7fa-e8f77e38d8fd	11	80256504	80256520	2	-3.7208
d03b22fa-5bae-4247-a7fa-e8f77e38d8fd	11	80256642	135074876	39046	-0.0171
d03b22fa-5bae-4247-a7fa-e8f77e38d8fd	12	51460	2142309	1279	0.2907
d03b22fa-5bae-4247-a7fa-e8f77e38d8fd	12	2142326	2143820	11	1.1247
d03b22fa-5bae-4247-a7fa-e8f77e38d8fd	12	2143838	9283548	4801	0.235
d03b22fa-5bae-4247-a7fa-e8f77e38d8fd	12	9290254	9315213	6	1.1881
d03b22fa-5bae-4247-a7fa-e8f77e38d8fd	12	9320561	9481274	78	0.3275
d03b22fa-5bae-4247-a7fa-e8f77e38d8fd	12	9485313	9562969	22	-1.1728
d03b22fa-5bae-4247-a7fa-e8f77e38d8fd	12	9575696	11074314	1042	0.218
d03b22fa-5bae-4247-a7fa-e8f77e38d8fd	12	11078856	11088933	6	-1.4312
d03b22fa-5bae-4247-a7fa-e8f77e38d8fd	12	11099275	18773098	5237	0.2383
d03b22fa-5bae-4247-a7fa-e8f77e38d8fd	12	18782255	18806409	9	-1.0671
d03b22fa-5bae-4247-a7fa-e8f77e38d8fd	12	18806749	33148472	10292	0.2395
d03b22fa-5bae-4247-a7fa-e8f77e38d8fd	12	33148492	33154440	26	-2.9416
d03b22fa-5bae-4247-a7fa-e8f77e38d8fd	12	33155426	34370748	714	0.2123
d03b22fa-5bae-4247-a7fa-e8f77e38d8fd	12	34372551	38089185	204	0.4704
d03b22fa-5bae-4247-a7fa-e8f77e38d8fd	12	38097214	46060628	4976	0.2423
d03b22fa-5bae-4247-a7fa-e8f77e38d8fd	12	46066142	48513377	1526	0.2066
d03b22fa-5bae-4247-a7fa-e8f77e38d8fd	12	48516156	48517434	2	-1.9457
d03b22fa-5bae-4247-a7fa-e8f77e38d8fd	12	48523224	58043205	5152	0.1852
d03b22fa-5bae-4247-a7fa-e8f77e38d8fd	12	58044045	71205785	8733	0.2341
d03b22fa-5bae-4247-a7fa-e8f77e38d8fd	12	71206884	71209126	2	-2.0338
d03b22fa-5bae-4247-a7fa-e8f77e38d8fd	12	71211034	113856765	27257	0.2226
d03b22fa-5bae-4247-a7fa-e8f77e38d8fd	12	113857161	114035024	176	0.4327
d03b22fa-5bae-4247-a7fa-e8f77e38d8fd	12	114035065	114149849	138	0.168
d03b22fa-5bae-4247-a7fa-e8f77e38d8fd	12	114150339	120151048	4446	0.253
d03b22fa-5bae-4247-a7fa-e8f77e38d8fd	12	120151356	122146661	962	0.1462
d03b22fa-5bae-4247-a7fa-e8f77e38d8fd	12	122157174	122160984	4	-1.6087
d03b22fa-5bae-4247-a7fa-e8f77e38d8fd	12	122166708	131635702	7181	0.2207
d03b22fa-5bae-4247-a7fa-e8f77e38d8fd	12	131636170	131648790	14	1.0075
d03b22fa-5bae-4247-a7fa-e8f77e38d8fd	12	131657925	133201603	559	0.2943
d03b22fa-5bae-4247-a7fa-e8f77e38d8fd	13	18452809	19397054	453	-0.3509
d03b22fa-5bae-4247-a7fa-e8f77e38d8fd	13	19403905	19952621	270	-0.1552
d03b22fa-5bae-4247-a7fa-e8f77e38d8fd	13	19953271	22396215	1685	-0.3945
d03b22fa-5bae-4247-a7fa-e8f77e38d8fd	13	22399704	22399883	2	-2.9319
d03b22fa-5bae-4247-a7fa-e8f77e38d8fd	13	22404844	23055038	445	-0.375
d03b22fa-5bae-4247-a7fa-e8f77e38d8fd	13	23055048	23058817	7	-1.3614
d03b22fa-5bae-4247-a7fa-e8f77e38d8fd	13	23058865	23059376	7	-2.7276
d03b22fa-5bae-4247-a7fa-e8f77e38d8fd	13	23064056	37504215	10625	-0.4039
d03b22fa-5bae-4247-a7fa-e8f77e38d8fd	13	37504282	37514250	10	0.4936
d03b22fa-5bae-4247-a7fa-e8f77e38d8fd	13	37514472	62387834	15670	-0.4163
d03b22fa-5bae-4247-a7fa-e8f77e38d8fd	13	62388777	62389467	3	-2.4679
d03b22fa-5bae-4247-a7fa-e8f77e38d8fd	13	62393055	71902850	5878	-0.4376
d03b22fa-5bae-4247-a7fa-e8f77e38d8fd	13	71903417	71906418	4	-3.3359
d03b22fa-5bae-4247-a7fa-e8f77e38d8fd	13	71906467	105496207	22805	-0.416
d03b22fa-5bae-4247-a7fa-e8f77e38d8fd	13	105496232	105779479	225	-0.6302
d03b22fa-5bae-4247-a7fa-e8f77e38d8fd	13	105787017	114342922	6060	-0.4188
d03b22fa-5bae-4247-a7fa-e8f77e38d8fd	14	18239283	19019303	30	0.2922
d03b22fa-5bae-4247-a7fa-e8f77e38d8fd	14	19049265	19957350	137	-0.3052
d03b22fa-5bae-4247-a7fa-e8f77e38d8fd	14	19957701	21965637	1392	0.2281
d03b22fa-5bae-4247-a7fa-e8f77e38d8fd	14	21967373	22497565	442	0.6282
d03b22fa-5bae-4247-a7fa-e8f77e38d8fd	14	22497677	25142368	1675	0.2117
d03b22fa-5bae-4247-a7fa-e8f77e38d8fd	14	25142668	25142968	3	-1.7097
d03b22fa-5bae-4247-a7fa-e8f77e38d8fd	14	25144954	26121134	655	0.2534
d03b22fa-5bae-4247-a7fa-e8f77e38d8fd	14	26121404	26122390	2	-2.2004
d03b22fa-5bae-4247-a7fa-e8f77e38d8fd	14	26126645	34551779	5400	0.2354
d03b22fa-5bae-4247-a7fa-e8f77e38d8fd	14	34567720	38806969	2572	0.4842
d03b22fa-5bae-4247-a7fa-e8f77e38d8fd	14	38807174	39495174	382	0.2451
d03b22fa-5bae-4247-a7fa-e8f77e38d8fd	14	39497435	41139155	1077	0.4669
d03b22fa-5bae-4247-a7fa-e8f77e38d8fd	14	41141293	41160039	7	-1.2679
d03b22fa-5bae-4247-a7fa-e8f77e38d8fd	14	41164182	41188146	8	-3.7221
d03b22fa-5bae-4247-a7fa-e8f77e38d8fd	14	41200899	41906267	490	0.4773
d03b22fa-5bae-4247-a7fa-e8f77e38d8fd	14	41918277	46284091	2449	0.1709
d03b22fa-5bae-4247-a7fa-e8f77e38d8fd	14	46288677	46303072	10	-1.0285
d03b22fa-5bae-4247-a7fa-e8f77e38d8fd	14	46309082	105691429	38199	0.1995
d03b22fa-5bae-4247-a7fa-e8f77e38d8fd	14	105700900	105701150	2	-2.5043
d03b22fa-5bae-4247-a7fa-e8f77e38d8fd	14	105728140	106437363	254	0.2649
d03b22fa-5bae-4247-a7fa-e8f77e38d8fd	14	106437546	106487827	46	0.6367
d03b22fa-5bae-4247-a7fa-e8f77e38d8fd	14	106492557	106877229	191	0.1078
d03b22fa-5bae-4247-a7fa-e8f77e38d8fd	15	19811075	20657137	144	-0.3156
d03b22fa-5bae-4247-a7fa-e8f77e38d8fd	15	20657735	21999319	34	-0.741
d03b22fa-5bae-4247-a7fa-e8f77e38d8fd	15	22003073	23433999	358	-0.1678
d03b22fa-5bae-4247-a7fa-e8f77e38d8fd	15	23437561	24429604	661	-0.4367
d03b22fa-5bae-4247-a7fa-e8f77e38d8fd	15	24429740	24468475	26	0.1007
d03b22fa-5bae-4247-a7fa-e8f77e38d8fd	15	24469310	52322218	17022	-0.3944
d03b22fa-5bae-4247-a7fa-e8f77e38d8fd	15	52323234	52324627	2	-2.5315
d03b22fa-5bae-4247-a7fa-e8f77e38d8fd	15	52326979	76599170	15664	-0.4092
d03b22fa-5bae-4247-a7fa-e8f77e38d8fd	15	76599286	76603003	13	-2.1602
d03b22fa-5bae-4247-a7fa-e8f77e38d8fd	15	76603426	101928837	17622	-0.3925
d03b22fa-5bae-4247-a7fa-e8f77e38d8fd	16	10777	1581850	523	0.3782
d03b22fa-5bae-4247-a7fa-e8f77e38d8fd	16	1582559	4176987	1182	0.2261
d03b22fa-5bae-4247-a7fa-e8f77e38d8fd	16	4177002	4198950	28	0.6263
d03b22fa-5bae-4247-a7fa-e8f77e38d8fd	16	4199282	4886530	334	0.1721
d03b22fa-5bae-4247-a7fa-e8f77e38d8fd	16	4887908	14969860	9083	0.3164
d03b22fa-5bae-4247-a7fa-e8f77e38d8fd	16	14978930	17095018	873	0.456
d03b22fa-5bae-4247-a7fa-e8f77e38d8fd	16	17095348	18104860	743	0.3514
d03b22fa-5bae-4247-a7fa-e8f77e38d8fd	16	18134261	18144432	2	-1.9234
d03b22fa-5bae-4247-a7fa-e8f77e38d8fd	16	18148869	21525404	1633	0.3268
d03b22fa-5bae-4247-a7fa-e8f77e38d8fd	16	21525880	22739394	490	0.4775
d03b22fa-5bae-4247-a7fa-e8f77e38d8fd	16	22739427	28620264	4014	0.2784
d03b22fa-5bae-4247-a7fa-e8f77e38d8fd	16	28620700	28995552	66	0.5639
d03b22fa-5bae-4247-a7fa-e8f77e38d8fd	16	28996086	29216077	76	0.2352
d03b22fa-5bae-4247-a7fa-e8f77e38d8fd	16	29217272	29219010	2	-1.6015
d03b22fa-5bae-4247-a7fa-e8f77e38d8fd	16	29221356	29506390	54	0.2059
d03b22fa-5bae-4247-a7fa-e8f77e38d8fd	16	29555988	30295647	209	0.5293
d03b22fa-5bae-4247-a7fa-e8f77e38d8fd	16	30308694	35080991	764	0.2466
d03b22fa-5bae-4247-a7fa-e8f77e38d8fd	16	35082020	50798821	2884	-0.4011
d03b22fa-5bae-4247-a7fa-e8f77e38d8fd	16	50807884	53199675	1830	0.333
d03b22fa-5bae-4247-a7fa-e8f77e38d8fd	16	53201169	55762682	2156	-0.3783
d03b22fa-5bae-4247-a7fa-e8f77e38d8fd	16	55764310	55764867	3	3.2834
d03b22fa-5bae-4247-a7fa-e8f77e38d8fd	16	55770436	75499773	11709	-0.4021
d03b22fa-5bae-4247-a7fa-e8f77e38d8fd	16	75500392	75542100	22	0.387
d03b22fa-5bae-4247-a7fa-e8f77e38d8fd	16	75546219	78337711	2564	-0.3904
d03b22fa-5bae-4247-a7fa-e8f77e38d8fd	16	78338543	78345778	13	-1.9805
d03b22fa-5bae-4247-a7fa-e8f77e38d8fd	16	78349243	81099607	3174	-0.3924
d03b22fa-5bae-4247-a7fa-e8f77e38d8fd	16	81103414	81220850	133	-0.1188
d03b22fa-5bae-4247-a7fa-e8f77e38d8fd	16	81220931	84008042	3038	-0.4205
d03b22fa-5bae-4247-a7fa-e8f77e38d8fd	16	84008053	84900412	804	-0.2643
d03b22fa-5bae-4247-a7fa-e8f77e38d8fd	16	84903681	89514276	3199	-0.391
d03b22fa-5bae-4247-a7fa-e8f77e38d8fd	16	89516012	90096867	270	0.3882
d03b22fa-5bae-4247-a7fa-e8f77e38d8fd	17	150733	1244344	555	-0.234
d03b22fa-5bae-4247-a7fa-e8f77e38d8fd	17	1250564	22727748	12336	-0.4135
d03b22fa-5bae-4247-a7fa-e8f77e38d8fd	17	22728414	28239010	699	0.6614
d03b22fa-5bae-4247-a7fa-e8f77e38d8fd	17	28243171	28452035	80	0.4299
d03b22fa-5bae-4247-a7fa-e8f77e38d8fd	17	28454323	28455301	2	1.9591
d03b22fa-5bae-4247-a7fa-e8f77e38d8fd	17	28462253	30669675	952	0.417
d03b22fa-5bae-4247-a7fa-e8f77e38d8fd	17	30670773	30841675	62	0.7338
d03b22fa-5bae-4247-a7fa-e8f77e38d8fd	17	30845506	30920933	29	0.3815
d03b22fa-5bae-4247-a7fa-e8f77e38d8fd	17	30924755	30928978	3	-1.011
d03b22fa-5bae-4247-a7fa-e8f77e38d8fd	17	30929670	40806666	5798	0.4658
d03b22fa-5bae-4247-a7fa-e8f77e38d8fd	17	40807528	41265456	299	0.6795
d03b22fa-5bae-4247-a7fa-e8f77e38d8fd	17	41266762	41274279	24	-0.1515
d03b22fa-5bae-4247-a7fa-e8f77e38d8fd	17	41276472	43155084	1080	0.6427
d03b22fa-5bae-4247-a7fa-e8f77e38d8fd	17	43155380	45365868	1027	0.4122
d03b22fa-5bae-4247-a7fa-e8f77e38d8fd	17	45370145	46351954	518	0.765
d03b22fa-5bae-4247-a7fa-e8f77e38d8fd	17	46446345	46446360	2	3.4582
d03b22fa-5bae-4247-a7fa-e8f77e38d8fd	17	46569894	48714711	1042	0.6634
d03b22fa-5bae-4247-a7fa-e8f77e38d8fd	17	48727378	49463859	422	0.3971
d03b22fa-5bae-4247-a7fa-e8f77e38d8fd	17	49466791	51160201	846	0.6409
d03b22fa-5bae-4247-a7fa-e8f77e38d8fd	17	51160326	57532621	4657	0.7212
d03b22fa-5bae-4247-a7fa-e8f77e38d8fd	17	57532982	61351452	1938	0.6708
d03b22fa-5bae-4247-a7fa-e8f77e38d8fd	17	61353863	73938078	7992	0.4798
d03b22fa-5bae-4247-a7fa-e8f77e38d8fd	17	73943114	74695492	488	0.617
d03b22fa-5bae-4247-a7fa-e8f77e38d8fd	17	74695789	77345322	1313	0.4198
d03b22fa-5bae-4247-a7fa-e8f77e38d8fd	17	77347009	77551814	137	0.6229
d03b22fa-5bae-4247-a7fa-e8f77e38d8fd	17	77553656	78562691	583	0.4051
d03b22fa-5bae-4247-a7fa-e8f77e38d8fd	17	78563081	78634082	59	0.6413
d03b22fa-5bae-4247-a7fa-e8f77e38d8fd	17	78634453	78637859	6	-0.0927
d03b22fa-5bae-4247-a7fa-e8f77e38d8fd	17	78640054	78720796	59	0.7017
d03b22fa-5bae-4247-a7fa-e8f77e38d8fd	17	78720935	81154985	1318	0.4318
d03b22fa-5bae-4247-a7fa-e8f77e38d8fd	17	81155072	81155301	3	-1.8949
d03b22fa-5bae-4247-a7fa-e8f77e38d8fd	17	81158113	83091923	715	0.43
d03b22fa-5bae-4247-a7fa-e8f77e38d8fd	18	48133	1039385	750	-0.3414
d03b22fa-5bae-4247-a7fa-e8f77e38d8fd	18	1046303	1046559	4	-1.9875
d03b22fa-5bae-4247-a7fa-e8f77e38d8fd	18	1047348	26787479	13137	-0.4183
d03b22fa-5bae-4247-a7fa-e8f77e38d8fd	18	26787566	26787582	2	-2.9081
d03b22fa-5bae-4247-a7fa-e8f77e38d8fd	18	26787609	40678118	8884	-0.4146
d03b22fa-5bae-4247-a7fa-e8f77e38d8fd	18	40678132	40685413	31	0.0525
d03b22fa-5bae-4247-a7fa-e8f77e38d8fd	18	40685425	47905410	4768	-0.4174
d03b22fa-5bae-4247-a7fa-e8f77e38d8fd	18	47906459	48211927	264	-0.0261
d03b22fa-5bae-4247-a7fa-e8f77e38d8fd	18	48212265	48214336	2	-2.5219
d03b22fa-5bae-4247-a7fa-e8f77e38d8fd	18	48215163	48391210	140	-0.0041
d03b22fa-5bae-4247-a7fa-e8f77e38d8fd	18	48391884	53681706	3739	-0.4043
d03b22fa-5bae-4247-a7fa-e8f77e38d8fd	18	53683207	53684270	2	-3.7695
d03b22fa-5bae-4247-a7fa-e8f77e38d8fd	18	53685778	65540145	8225	-0.4062
d03b22fa-5bae-4247-a7fa-e8f77e38d8fd	18	65540175	66060309	358	-0.5859
d03b22fa-5bae-4247-a7fa-e8f77e38d8fd	18	66060363	66060553	4	-1.8874
d03b22fa-5bae-4247-a7fa-e8f77e38d8fd	18	66060600	66124226	69	-0.5839
d03b22fa-5bae-4247-a7fa-e8f77e38d8fd	18	66124833	69076108	2154	-0.4463
d03b22fa-5bae-4247-a7fa-e8f77e38d8fd	18	69078869	69083715	14	-1.5454
d03b22fa-5bae-4247-a7fa-e8f77e38d8fd	18	69083808	69085217	16	-3.5918
d03b22fa-5bae-4247-a7fa-e8f77e38d8fd	18	69085342	69086089	8	-1.7353
d03b22fa-5bae-4247-a7fa-e8f77e38d8fd	18	69090459	71367631	1555	-0.401
d03b22fa-5bae-4247-a7fa-e8f77e38d8fd	18	71369287	71522026	147	-0.4944
d03b22fa-5bae-4247-a7fa-e8f77e38d8fd	18	71524086	71524185	2	-2.7555
d03b22fa-5bae-4247-a7fa-e8f77e38d8fd	18	71535322	73878069	1875	-0.5198
d03b22fa-5bae-4247-a7fa-e8f77e38d8fd	18	73878983	73882408	3	-2.6601
d03b22fa-5bae-4247-a7fa-e8f77e38d8fd	18	73886373	74008488	113	-0.5083
d03b22fa-5bae-4247-a7fa-e8f77e38d8fd	18	74008592	80257174	4478	-0.4097
d03b22fa-5bae-4247-a7fa-e8f77e38d8fd	19	90910	4406163	1163	-0.4419
d03b22fa-5bae-4247-a7fa-e8f77e38d8fd	19	4412209	4795330	114	-0.1754
d03b22fa-5bae-4247-a7fa-e8f77e38d8fd	19	4800786	13000069	3913	-0.4474
d03b22fa-5bae-4247-a7fa-e8f77e38d8fd	19	13003607	13020577	9	-0.16
d03b22fa-5bae-4247-a7fa-e8f77e38d8fd	19	13033158	13343433	130	0.4345
d03b22fa-5bae-4247-a7fa-e8f77e38d8fd	19	13346981	15114945	892	-0.0963
d03b22fa-5bae-4247-a7fa-e8f77e38d8fd	19	15115261	17088157	1196	0.1997
d03b22fa-5bae-4247-a7fa-e8f77e38d8fd	19	17088616	17406560	131	-0.1362
d03b22fa-5bae-4247-a7fa-e8f77e38d8fd	19	17415701	18212023	336	0.1178
d03b22fa-5bae-4247-a7fa-e8f77e38d8fd	19	18213607	19702210	607	-0.1165
d03b22fa-5bae-4247-a7fa-e8f77e38d8fd	19	19704153	20891639	697	0.0878
d03b22fa-5bae-4247-a7fa-e8f77e38d8fd	19	20898716	20959836	35	0.5007
d03b22fa-5bae-4247-a7fa-e8f77e38d8fd	19	20962588	24192647	1885	0.7095
d03b22fa-5bae-4247-a7fa-e8f77e38d8fd	19	24196300	28002554	321	0.3713
d03b22fa-5bae-4247-a7fa-e8f77e38d8fd	19	28003851	28293330	248	0.5257
d03b22fa-5bae-4247-a7fa-e8f77e38d8fd	19	28296349	28926313	485	0.3135
d03b22fa-5bae-4247-a7fa-e8f77e38d8fd	19	28926927	28928746	3	-0.8321
d03b22fa-5bae-4247-a7fa-e8f77e38d8fd	19	28931494	29211975	228	0.3576
d03b22fa-5bae-4247-a7fa-e8f77e38d8fd	19	29212012	30470034	932	0.5141
d03b22fa-5bae-4247-a7fa-e8f77e38d8fd	19	30472471	30624174	138	0.283
d03b22fa-5bae-4247-a7fa-e8f77e38d8fd	19	30624298	32653624	1502	0.9503
d03b22fa-5bae-4247-a7fa-e8f77e38d8fd	19	32655565	35358319	1745	0.4914
d03b22fa-5bae-4247-a7fa-e8f77e38d8fd	19	35358407	35370946	23	1.0645
d03b22fa-5bae-4247-a7fa-e8f77e38d8fd	19	35375842	35433610	48	0.5698
d03b22fa-5bae-4247-a7fa-e8f77e38d8fd	19	35435047	49874886	7017	0.2645
d03b22fa-5bae-4247-a7fa-e8f77e38d8fd	19	49877601	50088867	129	0.5359
d03b22fa-5bae-4247-a7fa-e8f77e38d8fd	19	50090736	51639099	842	0.2508
d03b22fa-5bae-4247-a7fa-e8f77e38d8fd	19	51639362	51644944	10	1.1068
d03b22fa-5bae-4247-a7fa-e8f77e38d8fd	19	51651652	53563726	1368	0.3145
d03b22fa-5bae-4247-a7fa-e8f77e38d8fd	19	53563791	53858137	186	0.5937
d03b22fa-5bae-4247-a7fa-e8f77e38d8fd	19	53861409	54202554	156	0.1738
d03b22fa-5bae-4247-a7fa-e8f77e38d8fd	19	54202654	54439042	116	0.4411
d03b22fa-5bae-4247-a7fa-e8f77e38d8fd	19	54441331	54788617	197	0.2428
d03b22fa-5bae-4247-a7fa-e8f77e38d8fd	19	54791531	54822372	16	-0.5699
d03b22fa-5bae-4247-a7fa-e8f77e38d8fd	19	54822429	55771003	455	0.2783
d03b22fa-5bae-4247-a7fa-e8f77e38d8fd	19	55771169	55771701	3	-2.2336
d03b22fa-5bae-4247-a7fa-e8f77e38d8fd	19	55774927	58121401	1592	0.3077
d03b22fa-5bae-4247-a7fa-e8f77e38d8fd	19	58122127	58123744	2	-1.3884
d03b22fa-5bae-4247-a7fa-e8f77e38d8fd	19	58123927	58386285	152	0.2403
d03b22fa-5bae-4247-a7fa-e8f77e38d8fd	19	58387596	58586487	93	0.5721
d03b22fa-5bae-4247-a7fa-e8f77e38d8fd	20	80664	1325340	948	0.5301
d03b22fa-5bae-4247-a7fa-e8f77e38d8fd	20	1333118	1576573	237	0.4417
d03b22fa-5bae-4247-a7fa-e8f77e38d8fd	20	1576590	1580934	20	-0.1643
d03b22fa-5bae-4247-a7fa-e8f77e38d8fd	20	1581021	3762904	1575	0.4385
d03b22fa-5bae-4247-a7fa-e8f77e38d8fd	20	3766216	4112605	216	0.6724
d03b22fa-5bae-4247-a7fa-e8f77e38d8fd	20	4113649	24580190	16145	0.5026
d03b22fa-5bae-4247-a7fa-e8f77e38d8fd	20	24581993	24649724	54	1.0761
d03b22fa-5bae-4247-a7fa-e8f77e38d8fd	20	24655446	31854330	1168	0.485
d03b22fa-5bae-4247-a7fa-e8f77e38d8fd	20	31855670	37075778	2526	0.4277
d03b22fa-5bae-4247-a7fa-e8f77e38d8fd	20	37075813	37083946	21	-0.059
d03b22fa-5bae-4247-a7fa-e8f77e38d8fd	20	37083963	37759268	441	0.4244
d03b22fa-5bae-4247-a7fa-e8f77e38d8fd	20	37759725	63588295	18727	0.496
d03b22fa-5bae-4247-a7fa-e8f77e38d8fd	20	63588484	64144782	210	0.6889
d03b22fa-5bae-4247-a7fa-e8f77e38d8fd	20	64144933	64324800	104	0.4882
d03b22fa-5bae-4247-a7fa-e8f77e38d8fd	21	10354168	10578371	57	-0.4054
d03b22fa-5bae-4247-a7fa-e8f77e38d8fd	21	10579237	38919263	18581	0.2594
d03b22fa-5bae-4247-a7fa-e8f77e38d8fd	21	38919816	41060111	1861	0.3152
d03b22fa-5bae-4247-a7fa-e8f77e38d8fd	21	41062263	46677045	3373	0.2428
d03b22fa-5bae-4247-a7fa-e8f77e38d8fd	22	15294547	18134748	1105	-0.0147
d03b22fa-5bae-4247-a7fa-e8f77e38d8fd	22	18138194	22602579	2446	0.1246
d03b22fa-5bae-4247-a7fa-e8f77e38d8fd	22	22603353	25254681	1655	-0.0099
d03b22fa-5bae-4247-a7fa-e8f77e38d8fd	22	25256216	25548511	321	0.2098
d03b22fa-5bae-4247-a7fa-e8f77e38d8fd	22	25548741	29472866	3193	-0.0311
d03b22fa-5bae-4247-a7fa-e8f77e38d8fd	22	29473201	29485728	7	1.1903
d03b22fa-5bae-4247-a7fa-e8f77e38d8fd	22	29485839	31875078	1330	-0.0919
d03b22fa-5bae-4247-a7fa-e8f77e38d8fd	22	31875579	36756889	3972	-0.0134
d03b22fa-5bae-4247-a7fa-e8f77e38d8fd	22	36757245	41903923	2807	-0.0886
d03b22fa-5bae-4247-a7fa-e8f77e38d8fd	22	41918409	44739926	1970	-0.0435
d03b22fa-5bae-4247-a7fa-e8f77e38d8fd	22	44740431	44740755	2	-1.9197
d03b22fa-5bae-4247-a7fa-e8f77e38d8fd	22	44741026	49137492	3500	-0.0222
d03b22fa-5bae-4247-a7fa-e8f77e38d8fd	22	49137558	50796027	969	0.0609
d03b22fa-5bae-4247-a7fa-e8f77e38d8fd	X	251810	3222887	420	0.1718
d03b22fa-5bae-4247-a7fa-e8f77e38d8fd	X	3222951	7904862	3549	-0.0128
d03b22fa-5bae-4247-a7fa-e8f77e38d8fd	X	7905463	12979640	3813	0.0468
d03b22fa-5bae-4247-a7fa-e8f77e38d8fd	X	12980043	16448344	2272	0.0039
d03b22fa-5bae-4247-a7fa-e8f77e38d8fd	X	16452009	16456062	16	0.6091
d03b22fa-5bae-4247-a7fa-e8f77e38d8fd	X	16458962	58259796	23281	0.0205
d03b22fa-5bae-4247-a7fa-e8f77e38d8fd	X	58260664	62754763	79	0.3411
d03b22fa-5bae-4247-a7fa-e8f77e38d8fd	X	62759627	141559094	41386	0.0197
d03b22fa-5bae-4247-a7fa-e8f77e38d8fd	X	141578177	141706128	73	0.5543
d03b22fa-5bae-4247-a7fa-e8f77e38d8fd	X	141706779	155952689	8775	0.0116
d03b22fa-5bae-4247-a7fa-e8f77e38d8fd	Y	2782397	56872112	6611	-1.8885
