GDC_Aliquot	Chromosome	Start	End	Num_Probes	Segment_Mean
7180574a-08c1-4142-9c6f-ad596c4ba7c4	1	3301765	247650984	129473	0.0086
7180574a-08c1-4142-9c6f-ad596c4ba7c4	2	480597	241537572	131952	0.0091
7180574a-08c1-4142-9c6f-ad596c4ba7c4	3	2170634	197812401	107031	0.0054
7180574a-08c1-4142-9c6f-ad596c4ba7c4	4	1059384	187842528	103329	0.0073
7180574a-08c1-4142-9c6f-ad596c4ba7c4	5	914118	146330127	79258	0.0096
7180574a-08c1-4142-9c6f-ad596c4ba7c4	5	146331083	146333244	2	-2.1883
7180574a-08c1-4142-9c6f-ad596c4ba7c4	5	146333601	180934240	21716	0.0046
7180574a-08c1-4142-9c6f-ad596c4ba7c4	6	1011760	33029800	19418	0.0053
7180574a-08c1-4142-9c6f-ad596c4ba7c4	6	33037596	33049709	2	-2.4772
7180574a-08c1-4142-9c6f-ad596c4ba7c4	6	33050533	170596889	77562	0.0058
7180574a-08c1-4142-9c6f-ad596c4ba7c4	7	664936	158592540	81767	0.0064
7180574a-08c1-4142-9c6f-ad596c4ba7c4	8	667625	144182542	82079	0.0093
7180574a-08c1-4142-9c6f-ad596c4ba7c4	9	789794	138044505	68347	0.0088
7180574a-08c1-4142-9c6f-ad596c4ba7c4	10	366509	133364830	81087	0.0096
7180574a-08c1-4142-9c6f-ad596c4ba7c4	10	133365107	133366273	2	-3.2486
7180574a-08c1-4142-9c6f-ad596c4ba7c4	10	133366291	133411599	22	0.0013
7180574a-08c1-4142-9c6f-ad596c4ba7c4	11	456012	134272740	77432	0.0092
7180574a-08c1-4142-9c6f-ad596c4ba7c4	12	780472	60242891	31427	0.0083
7180574a-08c1-4142-9c6f-ad596c4ba7c4	12	60251096	60252303	3	-1.8895
7180574a-08c1-4142-9c6f-ad596c4ba7c4	12	60256064	63359604	1922	0.005
7180574a-08c1-4142-9c6f-ad596c4ba7c4	12	63359638	63364282	2	-1.8822
7180574a-08c1-4142-9c6f-ad596c4ba7c4	12	63365553	132605822	40856	0.0065
7180574a-08c1-4142-9c6f-ad596c4ba7c4	13	18874255	104482774	50931	0.0075
7180574a-08c1-4142-9c6f-ad596c4ba7c4	13	104487965	104546965	41	-1.0025
7180574a-08c1-4142-9c6f-ad596c4ba7c4	13	104547769	106730287	1177	0.0133
7180574a-08c1-4142-9c6f-ad596c4ba7c4	13	106731890	106732362	2	-2.33
7180574a-08c1-4142-9c6f-ad596c4ba7c4	13	106732887	114226675	4752	0.0018
7180574a-08c1-4142-9c6f-ad596c4ba7c4	14	20033191	105533894	49691	0.0099
7180574a-08c1-4142-9c6f-ad596c4ba7c4	15	23437561	28250353	2722	0.0225
7180574a-08c1-4142-9c6f-ad596c4ba7c4	15	28300781	28315870	3	-1.5634
7180574a-08c1-4142-9c6f-ad596c4ba7c4	15	30839824	93826956	37321	0.0094
7180574a-08c1-4142-9c6f-ad596c4ba7c4	15	93828559	93837508	8	-0.7988
7180574a-08c1-4142-9c6f-ad596c4ba7c4	15	93839897	101344124	4662	0.0122
7180574a-08c1-4142-9c6f-ad596c4ba7c4	16	603333	57887848	21507	0.0064
7180574a-08c1-4142-9c6f-ad596c4ba7c4	16	57887939	57892267	3	-1.2677
7180574a-08c1-4142-9c6f-ad596c4ba7c4	16	57892513	69303500	6879	0.0127
7180574a-08c1-4142-9c6f-ad596c4ba7c4	16	69307878	69309458	2	-1.2307
7180574a-08c1-4142-9c6f-ad596c4ba7c4	16	69316258	71321410	672	0.0076
7180574a-08c1-4142-9c6f-ad596c4ba7c4	16	71322232	71325396	3	-1.1601
7180574a-08c1-4142-9c6f-ad596c4ba7c4	16	71325697	83904594	9490	0.0045
7180574a-08c1-4142-9c6f-ad596c4ba7c4	16	83904958	83928088	2	-1.5223
7180574a-08c1-4142-9c6f-ad596c4ba7c4	16	83928164	88011173	2355	0.0186
7180574a-08c1-4142-9c6f-ad596c4ba7c4	16	88017955	88018555	2	-2.0481
7180574a-08c1-4142-9c6f-ad596c4ba7c4	16	88019517	89317317	181	-0.0018
7180574a-08c1-4142-9c6f-ad596c4ba7c4	17	1074619	82959812	37199	0.0106
7180574a-08c1-4142-9c6f-ad596c4ba7c4	18	326691	70156557	38421	0.0088
7180574a-08c1-4142-9c6f-ad596c4ba7c4	18	70158393	70158574	2	-1.916
7180574a-08c1-4142-9c6f-ad596c4ba7c4	18	70158691	79349796	4457	0.0205
7180574a-08c1-4142-9c6f-ad596c4ba7c4	19	283868	58370362	24098	0.0048
7180574a-08c1-4142-9c6f-ad596c4ba7c4	20	472817	33024838	17785	0.0121
7180574a-08c1-4142-9c6f-ad596c4ba7c4	20	33026982	33028462	2	-2.6041
7180574a-08c1-4142-9c6f-ad596c4ba7c4	20	33028613	48183034	9338	0.0077
7180574a-08c1-4142-9c6f-ad596c4ba7c4	20	48183056	48183099	2	-2.4539
7180574a-08c1-4142-9c6f-ad596c4ba7c4	20	48184009	63588502	10347	0.0117
7180574a-08c1-4142-9c6f-ad596c4ba7c4	21	13974127	46262057	20566	0.0145
7180574a-08c1-4142-9c6f-ad596c4ba7c4	22	16934932	43855381	13253	0.0086
7180574a-08c1-4142-9c6f-ad596c4ba7c4	22	43855446	43855768	2	-1.6023
7180574a-08c1-4142-9c6f-ad596c4ba7c4	22	43855972	48940621	3785	0.0099
7180574a-08c1-4142-9c6f-ad596c4ba7c4	X	3236359	19791133	6668	0.0061
7180574a-08c1-4142-9c6f-ad596c4ba7c4	X	19792077	19792079	2	-1.4893
7180574a-08c1-4142-9c6f-ad596c4ba7c4	X	19792485	79495762	23272	0.0055
7180574a-08c1-4142-9c6f-ad596c4ba7c4	X	79605290	80007814	257	0.5479
7180574a-08c1-4142-9c6f-ad596c4ba7c4	X	80008118	155677414	33719	0.0041
