GDC_Aliquot	Chromosome	Start	End	Num_Probes	Segment_Mean
965e2ec0-0a64-4ad1-a201-97cdf65dcb39	1	62920	259422	15	0.7116
965e2ec0-0a64-4ad1-a201-97cdf65dcb39	1	259926	25256352	13965	-0.0038
965e2ec0-0a64-4ad1-a201-97cdf65dcb39	1	25256800	25320455	26	-0.5166
965e2ec0-0a64-4ad1-a201-97cdf65dcb39	1	25336819	58254237	18968	0.0022
965e2ec0-0a64-4ad1-a201-97cdf65dcb39	1	58257886	58267654	13	0.8334
965e2ec0-0a64-4ad1-a201-97cdf65dcb39	1	58276798	61647430	2417	0.0044
965e2ec0-0a64-4ad1-a201-97cdf65dcb39	1	61648334	61652515	4	-1.4053
965e2ec0-0a64-4ad1-a201-97cdf65dcb39	1	61654137	64961923	2500	-0.0131
965e2ec0-0a64-4ad1-a201-97cdf65dcb39	1	64963532	64964291	7	-0.8578
965e2ec0-0a64-4ad1-a201-97cdf65dcb39	1	64969380	72297687	4779	-0.0027
965e2ec0-0a64-4ad1-a201-97cdf65dcb39	1	72302735	72345393	46	-0.53
965e2ec0-0a64-4ad1-a201-97cdf65dcb39	1	72345450	89535141	11224	0.0059
965e2ec0-0a64-4ad1-a201-97cdf65dcb39	1	89542091	109684893	12317	-0.425
965e2ec0-0a64-4ad1-a201-97cdf65dcb39	1	109690352	109697556	13	-1.3726
965e2ec0-0a64-4ad1-a201-97cdf65dcb39	1	109702376	112147704	1940	-0.4245
965e2ec0-0a64-4ad1-a201-97cdf65dcb39	1	112153343	112154390	18	-1.7817
965e2ec0-0a64-4ad1-a201-97cdf65dcb39	1	112154552	121598439	5143	-0.4266
965e2ec0-0a64-4ad1-a201-97cdf65dcb39	1	121601998	149904595	1047	0.3626
965e2ec0-0a64-4ad1-a201-97cdf65dcb39	1	149906351	152415662	1254	0.2826
965e2ec0-0a64-4ad1-a201-97cdf65dcb39	1	152418145	152583051	141	0.4077
965e2ec0-0a64-4ad1-a201-97cdf65dcb39	1	152583230	152614100	34	-1.6966
965e2ec0-0a64-4ad1-a201-97cdf65dcb39	1	152614118	152787202	167	0.2648
965e2ec0-0a64-4ad1-a201-97cdf65dcb39	1	152789447	152796224	37	-1.1804
965e2ec0-0a64-4ad1-a201-97cdf65dcb39	1	152801429	155659692	1541	0.3192
965e2ec0-0a64-4ad1-a201-97cdf65dcb39	1	155666664	158627717	1808	-0.4524
965e2ec0-0a64-4ad1-a201-97cdf65dcb39	1	158629477	161647641	1903	0.3232
965e2ec0-0a64-4ad1-a201-97cdf65dcb39	1	161647657	161649268	8	-0.3876
965e2ec0-0a64-4ad1-a201-97cdf65dcb39	1	161678447	164287034	2035	0.3373
965e2ec0-0a64-4ad1-a201-97cdf65dcb39	1	164295450	164306365	12	-0.3525
965e2ec0-0a64-4ad1-a201-97cdf65dcb39	1	164307177	164554769	208	0.3197
965e2ec0-0a64-4ad1-a201-97cdf65dcb39	1	164560385	172128740	5691	-0.444
965e2ec0-0a64-4ad1-a201-97cdf65dcb39	1	172131691	174827267	1557	0.3088
965e2ec0-0a64-4ad1-a201-97cdf65dcb39	1	174827418	174832716	17	-0.4258
965e2ec0-0a64-4ad1-a201-97cdf65dcb39	1	174832734	191754630	11257	0.3276
965e2ec0-0a64-4ad1-a201-97cdf65dcb39	1	191755174	191757028	4	-2.717
965e2ec0-0a64-4ad1-a201-97cdf65dcb39	1	191758819	195851760	2786	0.3086
965e2ec0-0a64-4ad1-a201-97cdf65dcb39	1	195856252	195859381	2	-0.906
965e2ec0-0a64-4ad1-a201-97cdf65dcb39	1	195861202	196758720	584	0.3217
965e2ec0-0a64-4ad1-a201-97cdf65dcb39	1	196761905	196832312	54	0.5828
965e2ec0-0a64-4ad1-a201-97cdf65dcb39	1	196832525	196904149	51	0.3265
965e2ec0-0a64-4ad1-a201-97cdf65dcb39	1	196904862	238827502	28818	0.5895
965e2ec0-0a64-4ad1-a201-97cdf65dcb39	1	238828063	244390927	4073	0.5527
965e2ec0-0a64-4ad1-a201-97cdf65dcb39	1	244400981	248930189	2861	0.5989
965e2ec0-0a64-4ad1-a201-97cdf65dcb39	2	12784	4168830	2983	-0.0014
965e2ec0-0a64-4ad1-a201-97cdf65dcb39	2	4168862	4175977	34	0.3469
965e2ec0-0a64-4ad1-a201-97cdf65dcb39	2	4176105	10001063	4678	0.0125
965e2ec0-0a64-4ad1-a201-97cdf65dcb39	2	10012856	10014845	2	-1.5688
965e2ec0-0a64-4ad1-a201-97cdf65dcb39	2	10017647	21960935	8692	0.0124
965e2ec0-0a64-4ad1-a201-97cdf65dcb39	2	21966368	22376054	231	-0.4716
965e2ec0-0a64-4ad1-a201-97cdf65dcb39	2	22378048	34466002	7423	0.0075
965e2ec0-0a64-4ad1-a201-97cdf65dcb39	2	34474248	34511990	46	-0.6447
965e2ec0-0a64-4ad1-a201-97cdf65dcb39	2	34512096	35750907	869	0.0134
965e2ec0-0a64-4ad1-a201-97cdf65dcb39	2	35752724	35761842	5	-1.3577
965e2ec0-0a64-4ad1-a201-97cdf65dcb39	2	35762850	97093946	35887	0.0054
965e2ec0-0a64-4ad1-a201-97cdf65dcb39	2	97098307	97651925	101	0.2585
965e2ec0-0a64-4ad1-a201-97cdf65dcb39	2	97652647	129484044	19418	0.0072
965e2ec0-0a64-4ad1-a201-97cdf65dcb39	2	129484927	129488770	5	-1.0266
965e2ec0-0a64-4ad1-a201-97cdf65dcb39	2	129489260	146104517	9893	0.0126
965e2ec0-0a64-4ad1-a201-97cdf65dcb39	2	146106836	146122856	36	-0.4179
965e2ec0-0a64-4ad1-a201-97cdf65dcb39	2	146123485	147900020	916	0.0024
965e2ec0-0a64-4ad1-a201-97cdf65dcb39	2	147901898	148165135	116	-0.9924
965e2ec0-0a64-4ad1-a201-97cdf65dcb39	2	148172368	183704342	22056	0.0112
965e2ec0-0a64-4ad1-a201-97cdf65dcb39	2	183706582	183707062	5	1.0385
965e2ec0-0a64-4ad1-a201-97cdf65dcb39	2	183709047	185896006	1295	0.0055
965e2ec0-0a64-4ad1-a201-97cdf65dcb39	2	185900118	185903696	4	-1.0421
965e2ec0-0a64-4ad1-a201-97cdf65dcb39	2	185906502	198067447	6788	0.0158
965e2ec0-0a64-4ad1-a201-97cdf65dcb39	2	198069654	200008219	1165	-1.0811
965e2ec0-0a64-4ad1-a201-97cdf65dcb39	2	200008367	228892233	18388	0.0101
965e2ec0-0a64-4ad1-a201-97cdf65dcb39	2	228892290	228895197	9	-0.9365
965e2ec0-0a64-4ad1-a201-97cdf65dcb39	2	228895367	242147305	8191	0.0056
965e2ec0-0a64-4ad1-a201-97cdf65dcb39	3	20930	3454982	3069	0.011
965e2ec0-0a64-4ad1-a201-97cdf65dcb39	3	3455621	36242038	23403	0.3288
965e2ec0-0a64-4ad1-a201-97cdf65dcb39	3	36242052	36255351	17	-0.1881
965e2ec0-0a64-4ad1-a201-97cdf65dcb39	3	36256165	47028295	6808	0.3306
965e2ec0-0a64-4ad1-a201-97cdf65dcb39	3	47028993	51666160	1821	0.2873
965e2ec0-0a64-4ad1-a201-97cdf65dcb39	3	51669048	59612816	5017	0.33
965e2ec0-0a64-4ad1-a201-97cdf65dcb39	3	59613282	59621492	3	-0.7071
965e2ec0-0a64-4ad1-a201-97cdf65dcb39	3	59621540	59746822	136	0.3126
965e2ec0-0a64-4ad1-a201-97cdf65dcb39	3	59748768	60855786	1277	0.3863
965e2ec0-0a64-4ad1-a201-97cdf65dcb39	3	60855893	65200174	3719	0.3202
965e2ec0-0a64-4ad1-a201-97cdf65dcb39	3	65202778	65224777	53	-1.0451
965e2ec0-0a64-4ad1-a201-97cdf65dcb39	3	65230674	68675541	2417	0.3257
965e2ec0-0a64-4ad1-a201-97cdf65dcb39	3	68676600	68698178	15	-0.1739
965e2ec0-0a64-4ad1-a201-97cdf65dcb39	3	68698213	87310357	11435	0.3322
965e2ec0-0a64-4ad1-a201-97cdf65dcb39	3	87310911	87311297	2	-1.8474
965e2ec0-0a64-4ad1-a201-97cdf65dcb39	3	87314589	93824162	1626	0.3164
965e2ec0-0a64-4ad1-a201-97cdf65dcb39	3	93824358	96729141	1477	-0.0166
965e2ec0-0a64-4ad1-a201-97cdf65dcb39	3	96730157	102104617	3017	0.3157
965e2ec0-0a64-4ad1-a201-97cdf65dcb39	3	102106971	102111504	4	-1.0235
965e2ec0-0a64-4ad1-a201-97cdf65dcb39	3	102116335	102693802	287	0.3365
965e2ec0-0a64-4ad1-a201-97cdf65dcb39	3	102700362	104147346	859	0.5862
965e2ec0-0a64-4ad1-a201-97cdf65dcb39	3	104147479	104402322	131	0.7832
965e2ec0-0a64-4ad1-a201-97cdf65dcb39	3	104415147	105151833	598	0.5362
965e2ec0-0a64-4ad1-a201-97cdf65dcb39	3	105152058	105244944	56	0.9806
965e2ec0-0a64-4ad1-a201-97cdf65dcb39	3	105249693	105350093	59	0.6482
965e2ec0-0a64-4ad1-a201-97cdf65dcb39	3	105355484	105449254	51	-0.0492
965e2ec0-0a64-4ad1-a201-97cdf65dcb39	3	105452513	105767718	205	0.3563
965e2ec0-0a64-4ad1-a201-97cdf65dcb39	3	105769348	105962569	102	0.5716
965e2ec0-0a64-4ad1-a201-97cdf65dcb39	3	105968787	105985319	21	0.784
965e2ec0-0a64-4ad1-a201-97cdf65dcb39	3	105987966	106171448	94	0.3242
965e2ec0-0a64-4ad1-a201-97cdf65dcb39	3	106171898	107069303	557	-0.0241
965e2ec0-0a64-4ad1-a201-97cdf65dcb39	3	107071551	107154075	48	0.6668
965e2ec0-0a64-4ad1-a201-97cdf65dcb39	3	107164740	109248351	1366	0.3283
965e2ec0-0a64-4ad1-a201-97cdf65dcb39	3	109252135	109277481	12	-0.1552
965e2ec0-0a64-4ad1-a201-97cdf65dcb39	3	109277968	114024793	2845	0.3194
965e2ec0-0a64-4ad1-a201-97cdf65dcb39	3	114034176	114177676	81	-0.0152
965e2ec0-0a64-4ad1-a201-97cdf65dcb39	3	114179799	115154061	556	0.3108
965e2ec0-0a64-4ad1-a201-97cdf65dcb39	3	115164724	115273805	65	0.5837
965e2ec0-0a64-4ad1-a201-97cdf65dcb39	3	115275000	115286996	19	0.2723
965e2ec0-0a64-4ad1-a201-97cdf65dcb39	3	115287125	115373125	41	0.016
965e2ec0-0a64-4ad1-a201-97cdf65dcb39	3	115377484	116808908	1051	0.316
965e2ec0-0a64-4ad1-a201-97cdf65dcb39	3	116808954	117266524	376	0.5805
965e2ec0-0a64-4ad1-a201-97cdf65dcb39	3	117272022	117342137	38	0.8058
965e2ec0-0a64-4ad1-a201-97cdf65dcb39	3	117347522	118152844	578	0.5938
965e2ec0-0a64-4ad1-a201-97cdf65dcb39	3	118153037	118153755	4	-0.3514
965e2ec0-0a64-4ad1-a201-97cdf65dcb39	3	118158563	118513819	222	0.5666
965e2ec0-0a64-4ad1-a201-97cdf65dcb39	3	118514058	119069260	316	-0.0286
965e2ec0-0a64-4ad1-a201-97cdf65dcb39	3	119071062	119405515	206	0.3211
965e2ec0-0a64-4ad1-a201-97cdf65dcb39	3	119405898	119887404	317	0.5527
965e2ec0-0a64-4ad1-a201-97cdf65dcb39	3	119887523	128171906	4950	-0.0169
965e2ec0-0a64-4ad1-a201-97cdf65dcb39	3	128176233	128311163	95	0.3148
965e2ec0-0a64-4ad1-a201-97cdf65dcb39	3	128311592	128551050	159	0.6225
965e2ec0-0a64-4ad1-a201-97cdf65dcb39	3	128553238	128676647	65	-0.025
965e2ec0-0a64-4ad1-a201-97cdf65dcb39	3	128679860	128693488	9	0.8393
965e2ec0-0a64-4ad1-a201-97cdf65dcb39	3	128695318	129604922	418	-0.0043
965e2ec0-0a64-4ad1-a201-97cdf65dcb39	3	129611303	129971349	163	0.5571
965e2ec0-0a64-4ad1-a201-97cdf65dcb39	3	129972212	130044016	39	0.0785
965e2ec0-0a64-4ad1-a201-97cdf65dcb39	3	130044855	130067896	10	-0.5191
965e2ec0-0a64-4ad1-a201-97cdf65dcb39	3	130067910	130087393	28	-1.2364
965e2ec0-0a64-4ad1-a201-97cdf65dcb39	3	130088081	131987852	1163	-0.0067
965e2ec0-0a64-4ad1-a201-97cdf65dcb39	3	131989313	131989627	2	-1.6157
965e2ec0-0a64-4ad1-a201-97cdf65dcb39	3	131996155	140828142	5550	-0.0121
965e2ec0-0a64-4ad1-a201-97cdf65dcb39	3	140841776	140907024	37	0.582
965e2ec0-0a64-4ad1-a201-97cdf65dcb39	3	140912626	143688845	1687	-0.0098
965e2ec0-0a64-4ad1-a201-97cdf65dcb39	3	143689881	143789184	85	0.6271
965e2ec0-0a64-4ad1-a201-97cdf65dcb39	3	143792288	144992242	742	0.322
965e2ec0-0a64-4ad1-a201-97cdf65dcb39	3	144993956	152547807	4761	-0.0111
965e2ec0-0a64-4ad1-a201-97cdf65dcb39	3	152548006	152603614	26	0.3465
965e2ec0-0a64-4ad1-a201-97cdf65dcb39	3	152606308	152629693	30	0.7044
965e2ec0-0a64-4ad1-a201-97cdf65dcb39	3	152629969	152925173	206	0.5582
965e2ec0-0a64-4ad1-a201-97cdf65dcb39	3	152927628	153747636	497	0.7896
965e2ec0-0a64-4ad1-a201-97cdf65dcb39	3	153748053	155876087	1198	-0.0126
965e2ec0-0a64-4ad1-a201-97cdf65dcb39	3	155876952	156293720	210	0.3079
965e2ec0-0a64-4ad1-a201-97cdf65dcb39	3	156297626	156597939	252	0.6099
965e2ec0-0a64-4ad1-a201-97cdf65dcb39	3	156600178	156940112	196	0.2738
965e2ec0-0a64-4ad1-a201-97cdf65dcb39	3	156941199	159057218	1253	-0.0139
965e2ec0-0a64-4ad1-a201-97cdf65dcb39	3	159057500	159057809	6	-0.6685
965e2ec0-0a64-4ad1-a201-97cdf65dcb39	3	159057992	160904108	1126	-0.0157
965e2ec0-0a64-4ad1-a201-97cdf65dcb39	3	160909390	161945296	640	0.3421
965e2ec0-0a64-4ad1-a201-97cdf65dcb39	3	161947258	162795304	568	0.0051
965e2ec0-0a64-4ad1-a201-97cdf65dcb39	3	162795361	162827928	20	0.6028
965e2ec0-0a64-4ad1-a201-97cdf65dcb39	3	162828441	162996729	119	0.0549
965e2ec0-0a64-4ad1-a201-97cdf65dcb39	3	162999939	163001774	2	-2.4778
965e2ec0-0a64-4ad1-a201-97cdf65dcb39	3	163008371	164618027	900	-0.014
965e2ec0-0a64-4ad1-a201-97cdf65dcb39	3	164620501	165305126	331	0.3296
965e2ec0-0a64-4ad1-a201-97cdf65dcb39	3	165312891	166317462	664	0.5966
965e2ec0-0a64-4ad1-a201-97cdf65dcb39	3	166319518	166615185	164	0.3321
965e2ec0-0a64-4ad1-a201-97cdf65dcb39	3	166623262	166751940	77	-0.0376
965e2ec0-0a64-4ad1-a201-97cdf65dcb39	3	166752388	168202470	743	0.791
965e2ec0-0a64-4ad1-a201-97cdf65dcb39	3	168203708	168209586	3	1.8537
965e2ec0-0a64-4ad1-a201-97cdf65dcb39	3	168210319	168991588	466	0.7863
965e2ec0-0a64-4ad1-a201-97cdf65dcb39	3	168991891	169012392	16	0.4123
965e2ec0-0a64-4ad1-a201-97cdf65dcb39	3	169015614	169020840	2	-1.5813
965e2ec0-0a64-4ad1-a201-97cdf65dcb39	3	169022039	170199131	794	0.5924
965e2ec0-0a64-4ad1-a201-97cdf65dcb39	3	170200273	170752154	308	1.0926
965e2ec0-0a64-4ad1-a201-97cdf65dcb39	3	170755701	171168252	236	0.7956
965e2ec0-0a64-4ad1-a201-97cdf65dcb39	3	171170409	171453624	221	0.9773
965e2ec0-0a64-4ad1-a201-97cdf65dcb39	3	171455838	171544862	61	1.3112
965e2ec0-0a64-4ad1-a201-97cdf65dcb39	3	171544872	171558686	14	0.9629
965e2ec0-0a64-4ad1-a201-97cdf65dcb39	3	171558710	172635782	725	0.7951
965e2ec0-0a64-4ad1-a201-97cdf65dcb39	3	172638909	172638925	2	-0.6017
965e2ec0-0a64-4ad1-a201-97cdf65dcb39	3	172639332	173233880	356	0.578
965e2ec0-0a64-4ad1-a201-97cdf65dcb39	3	173239229	173253695	10	1.8749
965e2ec0-0a64-4ad1-a201-97cdf65dcb39	3	173256741	174890867	1095	0.6258
965e2ec0-0a64-4ad1-a201-97cdf65dcb39	3	174893392	174917585	17	1.6345
965e2ec0-0a64-4ad1-a201-97cdf65dcb39	3	174919948	175113644	136	0.6127
965e2ec0-0a64-4ad1-a201-97cdf65dcb39	3	175113697	175193829	51	1.1958
965e2ec0-0a64-4ad1-a201-97cdf65dcb39	3	175198570	175386092	216	1.7333
965e2ec0-0a64-4ad1-a201-97cdf65dcb39	3	175386419	175940031	341	2.1144
965e2ec0-0a64-4ad1-a201-97cdf65dcb39	3	175946031	176993269	696	1.8962
965e2ec0-0a64-4ad1-a201-97cdf65dcb39	3	176995607	177087628	49	2.3595
965e2ec0-0a64-4ad1-a201-97cdf65dcb39	3	177089526	177597073	293	1.9959
965e2ec0-0a64-4ad1-a201-97cdf65dcb39	3	177610534	178425546	468	1.7966
965e2ec0-0a64-4ad1-a201-97cdf65dcb39	3	178427763	178517677	70	1.6249
965e2ec0-0a64-4ad1-a201-97cdf65dcb39	3	178520882	179418564	638	1.2541
965e2ec0-0a64-4ad1-a201-97cdf65dcb39	3	179418940	179583989	95	0.7645
965e2ec0-0a64-4ad1-a201-97cdf65dcb39	3	179586828	179705009	79	1.2048
965e2ec0-0a64-4ad1-a201-97cdf65dcb39	3	179705456	179883383	109	1.5007
965e2ec0-0a64-4ad1-a201-97cdf65dcb39	3	179883861	179936296	40	1.3083
965e2ec0-0a64-4ad1-a201-97cdf65dcb39	3	179938707	180761700	442	1.5874
965e2ec0-0a64-4ad1-a201-97cdf65dcb39	3	180762788	181279390	253	1.729
965e2ec0-0a64-4ad1-a201-97cdf65dcb39	3	181282582	181861781	286	1.5072
965e2ec0-0a64-4ad1-a201-97cdf65dcb39	3	181861921	183160244	745	1.6967
965e2ec0-0a64-4ad1-a201-97cdf65dcb39	3	183160530	183847696	415	1.5642
965e2ec0-0a64-4ad1-a201-97cdf65dcb39	3	183849154	184704124	413	1.2758
965e2ec0-0a64-4ad1-a201-97cdf65dcb39	3	184704890	185166089	248	1.1053
965e2ec0-0a64-4ad1-a201-97cdf65dcb39	3	185166718	185724437	283	0.9265
965e2ec0-0a64-4ad1-a201-97cdf65dcb39	3	185724666	186118892	325	1.2635
965e2ec0-0a64-4ad1-a201-97cdf65dcb39	3	186122480	189807312	2814	0.3078
965e2ec0-0a64-4ad1-a201-97cdf65dcb39	3	189807856	193160113	2367	-0.0204
965e2ec0-0a64-4ad1-a201-97cdf65dcb39	3	193160173	193168646	20	1.2602
965e2ec0-0a64-4ad1-a201-97cdf65dcb39	3	193168669	198142659	2679	0.0037
965e2ec0-0a64-4ad1-a201-97cdf65dcb39	3	198169114	198169247	4	-2.1152
965e2ec0-0a64-4ad1-a201-97cdf65dcb39	4	68929	3899125	1568	0.0015
965e2ec0-0a64-4ad1-a201-97cdf65dcb39	4	3901987	4174887	71	0.2885
965e2ec0-0a64-4ad1-a201-97cdf65dcb39	4	4174902	32398929	19688	0.0079
965e2ec0-0a64-4ad1-a201-97cdf65dcb39	4	32398943	32399891	4	-1.3157
965e2ec0-0a64-4ad1-a201-97cdf65dcb39	4	32403692	68354665	20798	0.0061
965e2ec0-0a64-4ad1-a201-97cdf65dcb39	4	68361130	68422424	12	-0.6495
965e2ec0-0a64-4ad1-a201-97cdf65dcb39	4	68429081	68509237	14	0.0651
965e2ec0-0a64-4ad1-a201-97cdf65dcb39	4	68509442	68686026	71	0.4501
965e2ec0-0a64-4ad1-a201-97cdf65dcb39	4	68725894	69255545	306	0.0699
965e2ec0-0a64-4ad1-a201-97cdf65dcb39	4	69257792	69366406	57	-0.7084
965e2ec0-0a64-4ad1-a201-97cdf65dcb39	4	69370433	69523998	108	0.0298
965e2ec0-0a64-4ad1-a201-97cdf65dcb39	4	69524143	69525061	2	-2.475
965e2ec0-0a64-4ad1-a201-97cdf65dcb39	4	69526170	154881396	51197	0.0085
965e2ec0-0a64-4ad1-a201-97cdf65dcb39	4	154881853	154881926	3	-2.5495
965e2ec0-0a64-4ad1-a201-97cdf65dcb39	4	154882047	156046936	840	0.0161
965e2ec0-0a64-4ad1-a201-97cdf65dcb39	4	156047028	156047146	3	0.9677
965e2ec0-0a64-4ad1-a201-97cdf65dcb39	4	156047321	157436482	844	0.02
965e2ec0-0a64-4ad1-a201-97cdf65dcb39	4	157436585	157438182	2	-1.1676
965e2ec0-0a64-4ad1-a201-97cdf65dcb39	4	157438615	157710920	221	0.0667
965e2ec0-0a64-4ad1-a201-97cdf65dcb39	4	157713617	157718116	2	-1.7569
965e2ec0-0a64-4ad1-a201-97cdf65dcb39	4	157718515	164840776	4570	0.0082
965e2ec0-0a64-4ad1-a201-97cdf65dcb39	4	164841366	164871124	15	-0.4756
965e2ec0-0a64-4ad1-a201-97cdf65dcb39	4	164872681	170354739	3405	0.0089
965e2ec0-0a64-4ad1-a201-97cdf65dcb39	4	170355685	170365943	2	-1.3839
965e2ec0-0a64-4ad1-a201-97cdf65dcb39	4	170366099	171448195	677	0.0316
965e2ec0-0a64-4ad1-a201-97cdf65dcb39	4	171453733	171456625	12	-0.6487
965e2ec0-0a64-4ad1-a201-97cdf65dcb39	4	171459220	182647519	7515	0.0043
965e2ec0-0a64-4ad1-a201-97cdf65dcb39	4	182650187	182652615	6	-1.3117
965e2ec0-0a64-4ad1-a201-97cdf65dcb39	4	182653219	190106768	4944	0.0169
965e2ec0-0a64-4ad1-a201-97cdf65dcb39	5	15532	653625	287	0.3482
965e2ec0-0a64-4ad1-a201-97cdf65dcb39	5	653751	731776	33	-0.0221
965e2ec0-0a64-4ad1-a201-97cdf65dcb39	5	732788	5492605	3891	0.3457
965e2ec0-0a64-4ad1-a201-97cdf65dcb39	5	5496090	5497674	3	-0.8855
965e2ec0-0a64-4ad1-a201-97cdf65dcb39	5	5498222	5759225	265	0.2894
965e2ec0-0a64-4ad1-a201-97cdf65dcb39	5	5759408	16784676	8424	0.3538
965e2ec0-0a64-4ad1-a201-97cdf65dcb39	5	16784764	17625524	458	0.2838
965e2ec0-0a64-4ad1-a201-97cdf65dcb39	5	17629411	17642442	8	-0.6197
965e2ec0-0a64-4ad1-a201-97cdf65dcb39	5	17655029	27521042	5847	0.3305
965e2ec0-0a64-4ad1-a201-97cdf65dcb39	5	27524345	27528507	14	-0.3149
965e2ec0-0a64-4ad1-a201-97cdf65dcb39	5	27533552	46271006	11404	0.3347
965e2ec0-0a64-4ad1-a201-97cdf65dcb39	5	46271828	46273400	6	-2.1775
965e2ec0-0a64-4ad1-a201-97cdf65dcb39	5	46278110	50185350	28	-0.0047
965e2ec0-0a64-4ad1-a201-97cdf65dcb39	5	50201141	51769281	776	0.3452
965e2ec0-0a64-4ad1-a201-97cdf65dcb39	5	51769467	52508927	403	0.0161
965e2ec0-0a64-4ad1-a201-97cdf65dcb39	5	52510431	53368411	720	0.3421
965e2ec0-0a64-4ad1-a201-97cdf65dcb39	5	53371327	180951888	79930	0.005
965e2ec0-0a64-4ad1-a201-97cdf65dcb39	5	180953203	180987465	12	0.7413
965e2ec0-0a64-4ad1-a201-97cdf65dcb39	5	180990207	181363319	175	-0.0279
965e2ec0-0a64-4ad1-a201-97cdf65dcb39	6	149661	260376	104	0.0079
965e2ec0-0a64-4ad1-a201-97cdf65dcb39	6	264756	381149	97	0.5216
965e2ec0-0a64-4ad1-a201-97cdf65dcb39	6	382559	10542877	8156	0.0134
965e2ec0-0a64-4ad1-a201-97cdf65dcb39	6	10546167	11676714	796	-0.4478
965e2ec0-0a64-4ad1-a201-97cdf65dcb39	6	11680818	29875657	12456	-0.0035
965e2ec0-0a64-4ad1-a201-97cdf65dcb39	6	29876257	29881490	7	-1.2459
965e2ec0-0a64-4ad1-a201-97cdf65dcb39	6	29882419	32606604	1203	0.0023
965e2ec0-0a64-4ad1-a201-97cdf65dcb39	6	32610305	32658841	27	-0.702
965e2ec0-0a64-4ad1-a201-97cdf65dcb39	6	32682835	40412257	4964	0.0103
965e2ec0-0a64-4ad1-a201-97cdf65dcb39	6	40420859	48085111	4899	-0.4429
965e2ec0-0a64-4ad1-a201-97cdf65dcb39	6	48088499	53323339	3220	0.015
965e2ec0-0a64-4ad1-a201-97cdf65dcb39	6	53325336	54066286	560	-0.425
965e2ec0-0a64-4ad1-a201-97cdf65dcb39	6	54066353	54067057	7	-1.2312
965e2ec0-0a64-4ad1-a201-97cdf65dcb39	6	54070550	54071056	5	-0.0277
965e2ec0-0a64-4ad1-a201-97cdf65dcb39	6	54071214	57341687	1964	-0.4261
965e2ec0-0a64-4ad1-a201-97cdf65dcb39	6	57347009	60351931	240	-0.2896
965e2ec0-0a64-4ad1-a201-97cdf65dcb39	6	60352984	62323785	803	0.0315
965e2ec0-0a64-4ad1-a201-97cdf65dcb39	6	62324276	62324474	3	-0.9412
965e2ec0-0a64-4ad1-a201-97cdf65dcb39	6	62328655	64848670	1338	-0.0034
965e2ec0-0a64-4ad1-a201-97cdf65dcb39	6	64848788	65291698	309	0.3605
965e2ec0-0a64-4ad1-a201-97cdf65dcb39	6	65291856	66298369	657	-0.0013
965e2ec0-0a64-4ad1-a201-97cdf65dcb39	6	66298393	66339513	57	-1.3074
965e2ec0-0a64-4ad1-a201-97cdf65dcb39	6	66339706	76726815	6765	0.0044
965e2ec0-0a64-4ad1-a201-97cdf65dcb39	6	76730151	76742729	17	-0.9119
965e2ec0-0a64-4ad1-a201-97cdf65dcb39	6	76742924	78253172	981	0.0161
965e2ec0-0a64-4ad1-a201-97cdf65dcb39	6	78259348	78270631	27	-0.3715
965e2ec0-0a64-4ad1-a201-97cdf65dcb39	6	78270686	84033023	3662	0.0106
965e2ec0-0a64-4ad1-a201-97cdf65dcb39	6	84035035	84048517	11	-0.5355
965e2ec0-0a64-4ad1-a201-97cdf65dcb39	6	84051999	102443763	11359	0.0026
965e2ec0-0a64-4ad1-a201-97cdf65dcb39	6	102445997	103286954	495	-0.3994
965e2ec0-0a64-4ad1-a201-97cdf65dcb39	6	103290101	103317795	47	0.4666
965e2ec0-0a64-4ad1-a201-97cdf65dcb39	6	103317836	104262881	580	-0.4312
965e2ec0-0a64-4ad1-a201-97cdf65dcb39	6	104267756	117322479	7979	0.0034
965e2ec0-0a64-4ad1-a201-97cdf65dcb39	6	117324883	117325217	2	-1.7081
965e2ec0-0a64-4ad1-a201-97cdf65dcb39	6	117325218	154639748	24351	0.0054
965e2ec0-0a64-4ad1-a201-97cdf65dcb39	6	154642532	154644703	3	-2.8471
965e2ec0-0a64-4ad1-a201-97cdf65dcb39	6	154645133	170741917	11151	-0.0017
965e2ec0-0a64-4ad1-a201-97cdf65dcb39	7	43355	68659	31	0.7476
965e2ec0-0a64-4ad1-a201-97cdf65dcb39	7	79263	41875339	29736	0.0115
965e2ec0-0a64-4ad1-a201-97cdf65dcb39	7	41875586	41875627	2	-2.5182
965e2ec0-0a64-4ad1-a201-97cdf65dcb39	7	41875978	42227003	293	0.0059
965e2ec0-0a64-4ad1-a201-97cdf65dcb39	7	42227737	42227972	2	-1.5053
965e2ec0-0a64-4ad1-a201-97cdf65dcb39	7	42230723	56693807	9901	0.0091
965e2ec0-0a64-4ad1-a201-97cdf65dcb39	7	56694420	56701121	3	-2.1568
965e2ec0-0a64-4ad1-a201-97cdf65dcb39	7	56704473	70955452	4559	0.0065
965e2ec0-0a64-4ad1-a201-97cdf65dcb39	7	70958264	70961155	2	-1.9771
965e2ec0-0a64-4ad1-a201-97cdf65dcb39	7	70963257	72932706	1182	-0.0078
965e2ec0-0a64-4ad1-a201-97cdf65dcb39	7	72944370	75838751	705	-0.0619
965e2ec0-0a64-4ad1-a201-97cdf65dcb39	7	75840497	88480541	7815	0.0092
965e2ec0-0a64-4ad1-a201-97cdf65dcb39	7	88481685	90517922	1349	0.0756
965e2ec0-0a64-4ad1-a201-97cdf65dcb39	7	90518186	97980107	4746	0.0075
965e2ec0-0a64-4ad1-a201-97cdf65dcb39	7	97982029	97982712	2	-1.4609
965e2ec0-0a64-4ad1-a201-97cdf65dcb39	7	97982736	100727566	1171	-0.0202
965e2ec0-0a64-4ad1-a201-97cdf65dcb39	7	100731621	100735219	3	-1.6534
965e2ec0-0a64-4ad1-a201-97cdf65dcb39	7	100753382	126404920	15360	0.0097
965e2ec0-0a64-4ad1-a201-97cdf65dcb39	7	126405428	126406822	13	-0.9736
965e2ec0-0a64-4ad1-a201-97cdf65dcb39	7	126406823	134100424	4685	0.0016
965e2ec0-0a64-4ad1-a201-97cdf65dcb39	7	134100442	134110912	25	0.6398
965e2ec0-0a64-4ad1-a201-97cdf65dcb39	7	134110951	142032865	5172	-0.0002
965e2ec0-0a64-4ad1-a201-97cdf65dcb39	7	142032935	142809818	512	0.1035
965e2ec0-0a64-4ad1-a201-97cdf65dcb39	7	142809831	144199159	744	0.023
965e2ec0-0a64-4ad1-a201-97cdf65dcb39	7	144207186	144264193	8	0.701
965e2ec0-0a64-4ad1-a201-97cdf65dcb39	7	144295437	149882490	3502	-0.0017
965e2ec0-0a64-4ad1-a201-97cdf65dcb39	7	149882525	149882611	2	-1.3701
965e2ec0-0a64-4ad1-a201-97cdf65dcb39	7	149882756	150615561	344	0.0377
965e2ec0-0a64-4ad1-a201-97cdf65dcb39	7	150615828	150616096	2	-1.0314
965e2ec0-0a64-4ad1-a201-97cdf65dcb39	7	150616328	151005693	284	0.0171
965e2ec0-0a64-4ad1-a201-97cdf65dcb39	7	151011001	151013304	2	-1.8168
965e2ec0-0a64-4ad1-a201-97cdf65dcb39	7	151020592	152075443	627	-0.007
965e2ec0-0a64-4ad1-a201-97cdf65dcb39	7	152076431	152208204	62	-1.1306
965e2ec0-0a64-4ad1-a201-97cdf65dcb39	7	152208968	159334314	4807	0.0194
965e2ec0-0a64-4ad1-a201-97cdf65dcb39	8	81254	2132302	1472	-0.0116
965e2ec0-0a64-4ad1-a201-97cdf65dcb39	8	2132407	2133420	7	-0.8923
965e2ec0-0a64-4ad1-a201-97cdf65dcb39	8	2133761	3306963	1029	-0.0123
965e2ec0-0a64-4ad1-a201-97cdf65dcb39	8	3311829	3312164	3	-2.7118
965e2ec0-0a64-4ad1-a201-97cdf65dcb39	8	3312562	3916413	828	-0.0214
965e2ec0-0a64-4ad1-a201-97cdf65dcb39	8	3919342	3932584	26	-0.9754
965e2ec0-0a64-4ad1-a201-97cdf65dcb39	8	3933696	4645825	1188	-0.0105
965e2ec0-0a64-4ad1-a201-97cdf65dcb39	8	4647069	4647195	2	-2.3448
965e2ec0-0a64-4ad1-a201-97cdf65dcb39	8	4648392	6012895	1795	0.0024
965e2ec0-0a64-4ad1-a201-97cdf65dcb39	8	6013116	6015077	3	1.5185
965e2ec0-0a64-4ad1-a201-97cdf65dcb39	8	6015322	6512275	697	-0.0121
965e2ec0-0a64-4ad1-a201-97cdf65dcb39	8	6512375	6512526	3	-1.9413
965e2ec0-0a64-4ad1-a201-97cdf65dcb39	8	6517201	7329124	648	0.012
965e2ec0-0a64-4ad1-a201-97cdf65dcb39	8	7336299	8078333	55	0.4689
965e2ec0-0a64-4ad1-a201-97cdf65dcb39	8	8085660	12143614	3225	0.0203
965e2ec0-0a64-4ad1-a201-97cdf65dcb39	8	12176798	12389898	30	0.5627
965e2ec0-0a64-4ad1-a201-97cdf65dcb39	8	12389977	21008339	7636	0.0169
965e2ec0-0a64-4ad1-a201-97cdf65dcb39	8	21013949	21014138	2	-1.9888
965e2ec0-0a64-4ad1-a201-97cdf65dcb39	8	21014248	22656023	1087	0.0099
965e2ec0-0a64-4ad1-a201-97cdf65dcb39	8	22656983	27464671	3452	-1.107
965e2ec0-0a64-4ad1-a201-97cdf65dcb39	8	27465886	28621517	870	0.0186
965e2ec0-0a64-4ad1-a201-97cdf65dcb39	8	28623951	29117576	246	-1.1594
965e2ec0-0a64-4ad1-a201-97cdf65dcb39	8	29119595	29120091	3	-4.5493
965e2ec0-0a64-4ad1-a201-97cdf65dcb39	8	29122432	30042367	578	-1.1187
965e2ec0-0a64-4ad1-a201-97cdf65dcb39	8	30045440	39373140	5477	0.0003
965e2ec0-0a64-4ad1-a201-97cdf65dcb39	8	39378084	39529446	59	-0.7831
965e2ec0-0a64-4ad1-a201-97cdf65dcb39	8	39530780	40914477	1069	0.0178
965e2ec0-0a64-4ad1-a201-97cdf65dcb39	8	40920333	40920952	2	-1.823
965e2ec0-0a64-4ad1-a201-97cdf65dcb39	8	40926161	41465246	340	-0.0161
965e2ec0-0a64-4ad1-a201-97cdf65dcb39	8	41469080	43644002	1120	0.3201
965e2ec0-0a64-4ad1-a201-97cdf65dcb39	8	43644780	47018471	432	0.0736
965e2ec0-0a64-4ad1-a201-97cdf65dcb39	8	47028268	75510522	17748	0.3322
965e2ec0-0a64-4ad1-a201-97cdf65dcb39	8	75515492	75538863	18	-0.4377
965e2ec0-0a64-4ad1-a201-97cdf65dcb39	8	75549289	84345332	5114	0.3343
965e2ec0-0a64-4ad1-a201-97cdf65dcb39	8	84345736	84356431	21	-0.3583
965e2ec0-0a64-4ad1-a201-97cdf65dcb39	8	84358447	106005452	12885	0.3304
965e2ec0-0a64-4ad1-a201-97cdf65dcb39	8	106006026	106285783	182	0.4783
965e2ec0-0a64-4ad1-a201-97cdf65dcb39	8	106286150	111279265	3027	0.3193
965e2ec0-0a64-4ad1-a201-97cdf65dcb39	8	111282050	111283016	9	-1.1962
965e2ec0-0a64-4ad1-a201-97cdf65dcb39	8	111283031	127911855	10980	0.3363
965e2ec0-0a64-4ad1-a201-97cdf65dcb39	8	127912494	128131434	202	0.0023
965e2ec0-0a64-4ad1-a201-97cdf65dcb39	8	128136278	128730029	458	0.351
965e2ec0-0a64-4ad1-a201-97cdf65dcb39	8	128731647	128732692	2	-1.2491
965e2ec0-0a64-4ad1-a201-97cdf65dcb39	8	128732822	143209006	10605	0.3455
965e2ec0-0a64-4ad1-a201-97cdf65dcb39	8	143217232	143227769	9	-0.8903
965e2ec0-0a64-4ad1-a201-97cdf65dcb39	8	143227828	145072769	636	0.3468
965e2ec0-0a64-4ad1-a201-97cdf65dcb39	9	46587	1247406	1219	-0.442
965e2ec0-0a64-4ad1-a201-97cdf65dcb39	9	1247835	4378014	3295	0.3446
965e2ec0-0a64-4ad1-a201-97cdf65dcb39	9	4378639	5378281	953	-0.022
965e2ec0-0a64-4ad1-a201-97cdf65dcb39	9	5383460	5616095	188	-0.4303
965e2ec0-0a64-4ad1-a201-97cdf65dcb39	9	5617190	6695986	706	-0.0048
965e2ec0-0a64-4ad1-a201-97cdf65dcb39	9	6701145	6708357	7	-1.1227
965e2ec0-0a64-4ad1-a201-97cdf65dcb39	9	6712314	8327764	1638	0.0204
965e2ec0-0a64-4ad1-a201-97cdf65dcb39	9	8332248	8780604	397	-0.4447
965e2ec0-0a64-4ad1-a201-97cdf65dcb39	9	8781457	11016456	2078	-0.0047
965e2ec0-0a64-4ad1-a201-97cdf65dcb39	9	11020591	11406011	292	-0.4395
965e2ec0-0a64-4ad1-a201-97cdf65dcb39	9	11408052	15237145	3082	0.0331
965e2ec0-0a64-4ad1-a201-97cdf65dcb39	9	15237787	16649934	1182	-0.4473
965e2ec0-0a64-4ad1-a201-97cdf65dcb39	9	16651523	16652739	4	-2.3348
965e2ec0-0a64-4ad1-a201-97cdf65dcb39	9	16654169	18601141	1705	-0.4556
965e2ec0-0a64-4ad1-a201-97cdf65dcb39	9	18601462	21184476	2135	-0.0068
965e2ec0-0a64-4ad1-a201-97cdf65dcb39	9	21185744	22752396	1094	-0.431
965e2ec0-0a64-4ad1-a201-97cdf65dcb39	9	22754907	35509281	8925	0.0044
965e2ec0-0a64-4ad1-a201-97cdf65dcb39	9	35510181	39140318	2182	0.3253
965e2ec0-0a64-4ad1-a201-97cdf65dcb39	9	39140350	42046831	147	-0.035
965e2ec0-0a64-4ad1-a201-97cdf65dcb39	9	42073850	42711956	42	0.485
965e2ec0-0a64-4ad1-a201-97cdf65dcb39	9	42715233	42715632	2	2.8481
965e2ec0-0a64-4ad1-a201-97cdf65dcb39	9	42719891	61572014	63	0.3871
965e2ec0-0a64-4ad1-a201-97cdf65dcb39	9	61573452	61665362	13	1.0937
965e2ec0-0a64-4ad1-a201-97cdf65dcb39	9	61668104	63754819	81	0.1655
965e2ec0-0a64-4ad1-a201-97cdf65dcb39	9	63754821	67073081	63	-0.1322
965e2ec0-0a64-4ad1-a201-97cdf65dcb39	9	67073620	92531038	17438	0.3202
965e2ec0-0a64-4ad1-a201-97cdf65dcb39	9	92533853	92534795	2	-1.5916
965e2ec0-0a64-4ad1-a201-97cdf65dcb39	9	92538066	137333723	30033	0.327
965e2ec0-0a64-4ad1-a201-97cdf65dcb39	9	137333740	137361381	19	-0.0933
965e2ec0-0a64-4ad1-a201-97cdf65dcb39	9	137378551	138200944	407	0.3187
965e2ec0-0a64-4ad1-a201-97cdf65dcb39	10	45792	84368	11	0.0659
965e2ec0-0a64-4ad1-a201-97cdf65dcb39	10	87611	10574345	8984	0.3427
965e2ec0-0a64-4ad1-a201-97cdf65dcb39	10	10574631	20318907	7789	0.3155
965e2ec0-0a64-4ad1-a201-97cdf65dcb39	10	20319012	22394449	1250	0.3366
965e2ec0-0a64-4ad1-a201-97cdf65dcb39	10	22401726	22514908	86	-1.033
965e2ec0-0a64-4ad1-a201-97cdf65dcb39	10	22517614	24086334	1059	0.3251
965e2ec0-0a64-4ad1-a201-97cdf65dcb39	10	24088745	24089125	11	1.0788
965e2ec0-0a64-4ad1-a201-97cdf65dcb39	10	24089979	31309023	5293	0.33
965e2ec0-0a64-4ad1-a201-97cdf65dcb39	10	31311381	31479394	85	-0.0048
965e2ec0-0a64-4ad1-a201-97cdf65dcb39	10	31483837	38781690	4468	0.3255
965e2ec0-0a64-4ad1-a201-97cdf65dcb39	10	38783075	42355411	66	-0.1191
965e2ec0-0a64-4ad1-a201-97cdf65dcb39	10	42357675	43647595	844	-0.4091
965e2ec0-0a64-4ad1-a201-97cdf65dcb39	10	43651256	46522571	1695	0.0108
965e2ec0-0a64-4ad1-a201-97cdf65dcb39	10	46525652	46532940	18	-0.6091
965e2ec0-0a64-4ad1-a201-97cdf65dcb39	10	46538819	68855026	14839	0.0041
965e2ec0-0a64-4ad1-a201-97cdf65dcb39	10	68856443	68856761	2	-2.1379
965e2ec0-0a64-4ad1-a201-97cdf65dcb39	10	68858935	80051916	7239	0.013
965e2ec0-0a64-4ad1-a201-97cdf65dcb39	10	80054217	82931018	2132	-0.4181
965e2ec0-0a64-4ad1-a201-97cdf65dcb39	10	82932110	82932130	2	-3.7186
965e2ec0-0a64-4ad1-a201-97cdf65dcb39	10	82932209	133635853	34540	-0.4386
965e2ec0-0a64-4ad1-a201-97cdf65dcb39	10	133645660	133654968	2	0.5078
965e2ec0-0a64-4ad1-a201-97cdf65dcb39	11	198510	4946420	2412	0.0103
965e2ec0-0a64-4ad1-a201-97cdf65dcb39	11	4947280	4955042	30	-1.2902
965e2ec0-0a64-4ad1-a201-97cdf65dcb39	11	4955781	5762693	781	0.0173
965e2ec0-0a64-4ad1-a201-97cdf65dcb39	11	5766175	5787909	33	-0.8254
965e2ec0-0a64-4ad1-a201-97cdf65dcb39	11	5788108	18919323	9389	0.0203
965e2ec0-0a64-4ad1-a201-97cdf65dcb39	11	18927525	18940191	42	0.7347
965e2ec0-0a64-4ad1-a201-97cdf65dcb39	11	18940271	49689309	20984	0.0076
965e2ec0-0a64-4ad1-a201-97cdf65dcb39	11	49692155	49736119	15	-0.4694
965e2ec0-0a64-4ad1-a201-97cdf65dcb39	11	49736215	55610402	747	0.0102
965e2ec0-0a64-4ad1-a201-97cdf65dcb39	11	55613862	55685533	43	-0.6403
965e2ec0-0a64-4ad1-a201-97cdf65dcb39	11	55686100	65567883	5372	0.0069
965e2ec0-0a64-4ad1-a201-97cdf65dcb39	11	65568234	65569348	2	-1.3978
965e2ec0-0a64-4ad1-a201-97cdf65dcb39	11	65569490	67236827	664	-0.0257
965e2ec0-0a64-4ad1-a201-97cdf65dcb39	11	67248979	67853996	215	0.934
965e2ec0-0a64-4ad1-a201-97cdf65dcb39	11	67856981	68548196	274	-0.0245
965e2ec0-0a64-4ad1-a201-97cdf65dcb39	11	68554019	69506105	556	1.2028
965e2ec0-0a64-4ad1-a201-97cdf65dcb39	11	69508111	69802381	200	1.5775
965e2ec0-0a64-4ad1-a201-97cdf65dcb39	11	69803076	70055168	126	1.2515
965e2ec0-0a64-4ad1-a201-97cdf65dcb39	11	70056961	70311538	128	0.9581
965e2ec0-0a64-4ad1-a201-97cdf65dcb39	11	70313181	70366943	31	1.2381
965e2ec0-0a64-4ad1-a201-97cdf65dcb39	11	70367349	70453844	46	0.5733
965e2ec0-0a64-4ad1-a201-97cdf65dcb39	11	70455226	75539380	2634	0.0075
965e2ec0-0a64-4ad1-a201-97cdf65dcb39	11	75542938	75551106	5	1.0172
965e2ec0-0a64-4ad1-a201-97cdf65dcb39	11	75557292	77083706	855	0.0146
965e2ec0-0a64-4ad1-a201-97cdf65dcb39	11	77087919	77281619	106	0.6324
965e2ec0-0a64-4ad1-a201-97cdf65dcb39	11	77286883	80256469	2025	0.008
965e2ec0-0a64-4ad1-a201-97cdf65dcb39	11	80256504	80256520	2	-2.4279
965e2ec0-0a64-4ad1-a201-97cdf65dcb39	11	80256642	83418585	2357	0.0095
965e2ec0-0a64-4ad1-a201-97cdf65dcb39	11	83429270	83482944	42	0.6493
965e2ec0-0a64-4ad1-a201-97cdf65dcb39	11	83483637	95996278	8445	0.0028
965e2ec0-0a64-4ad1-a201-97cdf65dcb39	11	95996712	95997007	4	-1.2288
965e2ec0-0a64-4ad1-a201-97cdf65dcb39	11	96002124	99968957	2971	-0.0088
965e2ec0-0a64-4ad1-a201-97cdf65dcb39	11	99972614	99972870	3	-1.5821
965e2ec0-0a64-4ad1-a201-97cdf65dcb39	11	99974970	111595883	7989	0.003
965e2ec0-0a64-4ad1-a201-97cdf65dcb39	11	111607568	124362216	8990	-0.4427
965e2ec0-0a64-4ad1-a201-97cdf65dcb39	11	124362658	124476955	95	-2.63
965e2ec0-0a64-4ad1-a201-97cdf65dcb39	11	124478885	125079479	345	-0.4399
965e2ec0-0a64-4ad1-a201-97cdf65dcb39	11	125080071	125086081	3	-2.817
965e2ec0-0a64-4ad1-a201-97cdf65dcb39	11	125086199	135074876	7623	-0.448
965e2ec0-0a64-4ad1-a201-97cdf65dcb39	12	51460	9481274	6157	0.007
965e2ec0-0a64-4ad1-a201-97cdf65dcb39	12	9485313	9575696	23	-1.7214
965e2ec0-0a64-4ad1-a201-97cdf65dcb39	12	9582373	11062773	1034	0.0066
965e2ec0-0a64-4ad1-a201-97cdf65dcb39	12	11064250	11088933	12	-1.0722
965e2ec0-0a64-4ad1-a201-97cdf65dcb39	12	11099275	60095741	29544	0.0035
965e2ec0-0a64-4ad1-a201-97cdf65dcb39	12	60096559	60096584	2	-3.1394
965e2ec0-0a64-4ad1-a201-97cdf65dcb39	12	60096753	99157918	25045	-0.0001
965e2ec0-0a64-4ad1-a201-97cdf65dcb39	12	99168790	99300785	88	-0.4646
965e2ec0-0a64-4ad1-a201-97cdf65dcb39	12	99310110	99397874	54	0.0513
965e2ec0-0a64-4ad1-a201-97cdf65dcb39	12	99397993	99404942	33	-0.3183
965e2ec0-0a64-4ad1-a201-97cdf65dcb39	12	99404956	124978264	16362	-0.0033
965e2ec0-0a64-4ad1-a201-97cdf65dcb39	12	124982441	125026997	32	0.3637
965e2ec0-0a64-4ad1-a201-97cdf65dcb39	12	125028256	128334968	2841	-0.0063
965e2ec0-0a64-4ad1-a201-97cdf65dcb39	12	128335300	128336832	4	-1.3495
965e2ec0-0a64-4ad1-a201-97cdf65dcb39	12	128336909	131401526	2604	-0.0313
965e2ec0-0a64-4ad1-a201-97cdf65dcb39	12	131407153	132044856	421	-1.1268
965e2ec0-0a64-4ad1-a201-97cdf65dcb39	12	132046916	133201603	383	-0.0153
965e2ec0-0a64-4ad1-a201-97cdf65dcb39	13	18452809	114342922	63842	-0.4315
965e2ec0-0a64-4ad1-a201-97cdf65dcb39	14	18239283	19744176	73	0.0542
965e2ec0-0a64-4ad1-a201-97cdf65dcb39	14	19746341	19954424	92	-0.4108
965e2ec0-0a64-4ad1-a201-97cdf65dcb39	14	19955213	21815041	1233	0.0156
965e2ec0-0a64-4ad1-a201-97cdf65dcb39	14	21815359	22536839	653	0.2252
965e2ec0-0a64-4ad1-a201-97cdf65dcb39	14	22537282	61755736	24648	0.019
965e2ec0-0a64-4ad1-a201-97cdf65dcb39	14	61759459	99596597	25235	-0.4405
965e2ec0-0a64-4ad1-a201-97cdf65dcb39	14	99598337	105862059	2850	0.0167
965e2ec0-0a64-4ad1-a201-97cdf65dcb39	14	105862074	105935639	12	-0.489
965e2ec0-0a64-4ad1-a201-97cdf65dcb39	14	105935821	106320716	136	0.0774
965e2ec0-0a64-4ad1-a201-97cdf65dcb39	14	106321086	106364815	11	-1.1968
965e2ec0-0a64-4ad1-a201-97cdf65dcb39	14	106365807	106877229	270	0.076
965e2ec0-0a64-4ad1-a201-97cdf65dcb39	15	19811075	20026653	47	0.1305
965e2ec0-0a64-4ad1-a201-97cdf65dcb39	15	20041119	20373168	41	0.6324
965e2ec0-0a64-4ad1-a201-97cdf65dcb39	15	20376198	20376311	7	-0.6112
965e2ec0-0a64-4ad1-a201-97cdf65dcb39	15	20380735	21272760	79	0.8285
965e2ec0-0a64-4ad1-a201-97cdf65dcb39	15	21417107	22622986	46	0.3878
965e2ec0-0a64-4ad1-a201-97cdf65dcb39	15	22624663	23965985	734	0.0241
965e2ec0-0a64-4ad1-a201-97cdf65dcb39	15	23973826	68448540	28204	-0.4187
965e2ec0-0a64-4ad1-a201-97cdf65dcb39	15	68462743	68463499	4	-2.6655
965e2ec0-0a64-4ad1-a201-97cdf65dcb39	15	68463822	68464362	2	-7.3231
965e2ec0-0a64-4ad1-a201-97cdf65dcb39	15	68465176	76598900	4581	-0.4105
965e2ec0-0a64-4ad1-a201-97cdf65dcb39	15	76599170	76602857	13	-1.3266
965e2ec0-0a64-4ad1-a201-97cdf65dcb39	15	76603003	101859346	17511	-0.4204
965e2ec0-0a64-4ad1-a201-97cdf65dcb39	15	101859834	101928837	14	0.2072
965e2ec0-0a64-4ad1-a201-97cdf65dcb39	16	10777	8338018	5953	0.3186
965e2ec0-0a64-4ad1-a201-97cdf65dcb39	16	8338931	8338980	2	-1.7698
965e2ec0-0a64-4ad1-a201-97cdf65dcb39	16	8341910	35080991	14093	0.322
965e2ec0-0a64-4ad1-a201-97cdf65dcb39	16	35082020	78337711	21135	0.0078
965e2ec0-0a64-4ad1-a201-97cdf65dcb39	16	78338543	78350841	16	-2.5261
965e2ec0-0a64-4ad1-a201-97cdf65dcb39	16	78350868	90096867	10594	0.0077
965e2ec0-0a64-4ad1-a201-97cdf65dcb39	17	150733	16510295	10310	-0.4482
965e2ec0-0a64-4ad1-a201-97cdf65dcb39	17	16510898	16511542	4	-2.0745
965e2ec0-0a64-4ad1-a201-97cdf65dcb39	17	16513106	18452078	1009	-0.4538
965e2ec0-0a64-4ad1-a201-97cdf65dcb39	17	18455632	18550123	24	0.2401
965e2ec0-0a64-4ad1-a201-97cdf65dcb39	17	18561272	22736323	1475	-0.4185
965e2ec0-0a64-4ad1-a201-97cdf65dcb39	17	26943491	28452035	776	0.3211
965e2ec0-0a64-4ad1-a201-97cdf65dcb39	17	28454323	28455301	2	-2.4863
965e2ec0-0a64-4ad1-a201-97cdf65dcb39	17	28462253	31687177	1391	0.3007
965e2ec0-0a64-4ad1-a201-97cdf65dcb39	17	31687694	31838646	106	0.711
965e2ec0-0a64-4ad1-a201-97cdf65dcb39	17	31845561	34737585	2264	0.5804
965e2ec0-0a64-4ad1-a201-97cdf65dcb39	17	34738246	34862273	92	0.9857
965e2ec0-0a64-4ad1-a201-97cdf65dcb39	17	34862318	36973537	1188	0.7994
965e2ec0-0a64-4ad1-a201-97cdf65dcb39	17	36980968	37478481	286	0.5449
965e2ec0-0a64-4ad1-a201-97cdf65dcb39	17	37478715	39208740	710	0.7964
965e2ec0-0a64-4ad1-a201-97cdf65dcb39	17	39214442	40300899	507	1.0996
965e2ec0-0a64-4ad1-a201-97cdf65dcb39	17	40310095	40629466	172	0.8157
965e2ec0-0a64-4ad1-a201-97cdf65dcb39	17	40629493	40839274	145	1.1135
965e2ec0-0a64-4ad1-a201-97cdf65dcb39	17	40841348	41265456	274	-0.0362
965e2ec0-0a64-4ad1-a201-97cdf65dcb39	17	41266762	41274279	24	0.9963
965e2ec0-0a64-4ad1-a201-97cdf65dcb39	17	41276472	46130967	2527	-0.0292
965e2ec0-0a64-4ad1-a201-97cdf65dcb39	17	46131308	46286804	92	-0.3514
965e2ec0-0a64-4ad1-a201-97cdf65dcb39	17	46323701	46446360	4	1.0335
965e2ec0-0a64-4ad1-a201-97cdf65dcb39	17	46569894	55002752	4923	-0.001
965e2ec0-0a64-4ad1-a201-97cdf65dcb39	17	55007429	56078110	855	0.5908
965e2ec0-0a64-4ad1-a201-97cdf65dcb39	17	56078503	56819126	639	0.9754
965e2ec0-0a64-4ad1-a201-97cdf65dcb39	17	56821256	57788969	731	1.1339
965e2ec0-0a64-4ad1-a201-97cdf65dcb39	17	57792917	59344874	747	-0.0228
965e2ec0-0a64-4ad1-a201-97cdf65dcb39	17	59346940	59640376	161	1.4044
965e2ec0-0a64-4ad1-a201-97cdf65dcb39	17	59640778	59838007	82	1.7598
965e2ec0-0a64-4ad1-a201-97cdf65dcb39	17	59840502	59890877	28	1.4775
965e2ec0-0a64-4ad1-a201-97cdf65dcb39	17	59892264	60921651	485	0.5335
965e2ec0-0a64-4ad1-a201-97cdf65dcb39	17	60922010	61315624	207	0.7414
965e2ec0-0a64-4ad1-a201-97cdf65dcb39	17	61316404	62554847	594	0.9308
965e2ec0-0a64-4ad1-a201-97cdf65dcb39	17	62556470	62929844	182	1.1257
965e2ec0-0a64-4ad1-a201-97cdf65dcb39	17	62935796	63832807	403	0.7917
965e2ec0-0a64-4ad1-a201-97cdf65dcb39	17	63833263	64326982	301	0.9487
965e2ec0-0a64-4ad1-a201-97cdf65dcb39	17	64327030	65301003	422	1.104
965e2ec0-0a64-4ad1-a201-97cdf65dcb39	17	65301702	65691675	262	0.9836
965e2ec0-0a64-4ad1-a201-97cdf65dcb39	17	65691870	65724408	29	1.1591
965e2ec0-0a64-4ad1-a201-97cdf65dcb39	17	65726689	65976360	144	0.923
965e2ec0-0a64-4ad1-a201-97cdf65dcb39	17	65976568	66735214	531	0.8243
965e2ec0-0a64-4ad1-a201-97cdf65dcb39	17	66735284	66951491	195	1.0127
965e2ec0-0a64-4ad1-a201-97cdf65dcb39	17	66954915	67054202	83	1.4506
965e2ec0-0a64-4ad1-a201-97cdf65dcb39	17	67054518	67055437	4	2.2704
965e2ec0-0a64-4ad1-a201-97cdf65dcb39	17	67056188	67130818	39	1.5209
965e2ec0-0a64-4ad1-a201-97cdf65dcb39	17	67133818	68876661	1014	1.1233
965e2ec0-0a64-4ad1-a201-97cdf65dcb39	17	68879819	69586522	426	0.9761
965e2ec0-0a64-4ad1-a201-97cdf65dcb39	17	69587410	69952623	234	0.8404
965e2ec0-0a64-4ad1-a201-97cdf65dcb39	17	69952778	69956539	3	-0.1409
965e2ec0-0a64-4ad1-a201-97cdf65dcb39	17	69956812	71195226	1009	0.792
965e2ec0-0a64-4ad1-a201-97cdf65dcb39	17	71197146	71403045	170	-0.041
965e2ec0-0a64-4ad1-a201-97cdf65dcb39	17	71403364	71406180	2	1.0181
965e2ec0-0a64-4ad1-a201-97cdf65dcb39	17	71406568	71830158	328	0.5721
965e2ec0-0a64-4ad1-a201-97cdf65dcb39	17	71831614	72101466	214	0.7743
965e2ec0-0a64-4ad1-a201-97cdf65dcb39	17	72102020	72481911	312	0.9575
965e2ec0-0a64-4ad1-a201-97cdf65dcb39	17	72485513	75982472	2131	-0.0234
965e2ec0-0a64-4ad1-a201-97cdf65dcb39	17	75984357	76633855	345	0.3088
965e2ec0-0a64-4ad1-a201-97cdf65dcb39	17	76634554	79470107	1750	-0.0296
965e2ec0-0a64-4ad1-a201-97cdf65dcb39	17	79471697	80371874	423	1.276
965e2ec0-0a64-4ad1-a201-97cdf65dcb39	17	80374832	82035188	628	0.3248
965e2ec0-0a64-4ad1-a201-97cdf65dcb39	17	82041501	83091923	496	-0.0548
965e2ec0-0a64-4ad1-a201-97cdf65dcb39	18	48133	13308036	9411	-0.4287
965e2ec0-0a64-4ad1-a201-97cdf65dcb39	18	13308167	13309233	4	-3.661
965e2ec0-0a64-4ad1-a201-97cdf65dcb39	18	13309347	14080785	552	-0.4331
965e2ec0-0a64-4ad1-a201-97cdf65dcb39	18	14081149	20961945	379	-0.262
965e2ec0-0a64-4ad1-a201-97cdf65dcb39	18	20966787	80257174	40118	-0.4103
965e2ec0-0a64-4ad1-a201-97cdf65dcb39	19	90910	19835282	8556	-0.0204
965e2ec0-0a64-4ad1-a201-97cdf65dcb39	19	19836130	20542716	437	0.1051
965e2ec0-0a64-4ad1-a201-97cdf65dcb39	19	20542803	28469990	2815	0.0124
965e2ec0-0a64-4ad1-a201-97cdf65dcb39	19	28473240	41605669	8063	-0.4306
965e2ec0-0a64-4ad1-a201-97cdf65dcb39	19	41609513	41641662	19	-0.9206
965e2ec0-0a64-4ad1-a201-97cdf65dcb39	19	41642531	44475493	1480	-0.4003
965e2ec0-0a64-4ad1-a201-97cdf65dcb39	19	44475530	51874782	3496	-0.461
965e2ec0-0a64-4ad1-a201-97cdf65dcb39	19	51874940	53013829	770	-0.3892
965e2ec0-0a64-4ad1-a201-97cdf65dcb39	19	53015494	53050987	23	0.1066
965e2ec0-0a64-4ad1-a201-97cdf65dcb39	19	53051066	58586487	3367	-0.4302
965e2ec0-0a64-4ad1-a201-97cdf65dcb39	20	80664	4245248	3057	-0.438
965e2ec0-0a64-4ad1-a201-97cdf65dcb39	20	4247680	4362231	101	0.3741
965e2ec0-0a64-4ad1-a201-97cdf65dcb39	20	4365613	4475641	115	-0.4795
965e2ec0-0a64-4ad1-a201-97cdf65dcb39	20	4479268	4963668	429	0.5821
965e2ec0-0a64-4ad1-a201-97cdf65dcb39	20	4964649	5167951	113	0.8211
965e2ec0-0a64-4ad1-a201-97cdf65dcb39	20	5170254	5223993	38	0.5183
965e2ec0-0a64-4ad1-a201-97cdf65dcb39	20	5224106	5525184	218	0.3559
965e2ec0-0a64-4ad1-a201-97cdf65dcb39	20	5526249	6340218	572	0.5844
965e2ec0-0a64-4ad1-a201-97cdf65dcb39	20	6355103	6574904	200	0.3176
965e2ec0-0a64-4ad1-a201-97cdf65dcb39	20	6575256	7066638	415	0.6039
965e2ec0-0a64-4ad1-a201-97cdf65dcb39	20	7067548	7624284	432	0.8282
965e2ec0-0a64-4ad1-a201-97cdf65dcb39	20	7624771	7712242	78	0.6103
965e2ec0-0a64-4ad1-a201-97cdf65dcb39	20	7717225	7720937	6	-0.2075
965e2ec0-0a64-4ad1-a201-97cdf65dcb39	20	7722773	7825421	70	0.583
965e2ec0-0a64-4ad1-a201-97cdf65dcb39	20	7826073	8057667	174	0.3603
965e2ec0-0a64-4ad1-a201-97cdf65dcb39	20	8062922	11167845	2535	0.6082
965e2ec0-0a64-4ad1-a201-97cdf65dcb39	20	11168270	12149542	715	0.3542
965e2ec0-0a64-4ad1-a201-97cdf65dcb39	20	12151675	13808236	1298	0.5971
965e2ec0-0a64-4ad1-a201-97cdf65dcb39	20	13812718	24282014	8252	-0.4371
965e2ec0-0a64-4ad1-a201-97cdf65dcb39	20	24285015	24308419	19	-1.1198
965e2ec0-0a64-4ad1-a201-97cdf65dcb39	20	24308870	30259177	1100	-0.4228
965e2ec0-0a64-4ad1-a201-97cdf65dcb39	20	30271154	35522859	2129	0.7709
965e2ec0-0a64-4ad1-a201-97cdf65dcb39	20	35524364	36998110	626	0.6967
965e2ec0-0a64-4ad1-a201-97cdf65dcb39	20	36998124	37002023	2	-0.8278
965e2ec0-0a64-4ad1-a201-97cdf65dcb39	20	37003742	37190620	189	0.581
965e2ec0-0a64-4ad1-a201-97cdf65dcb39	20	37190752	63633119	19107	0.8013
965e2ec0-0a64-4ad1-a201-97cdf65dcb39	20	63636974	63648203	4	-0.4049
965e2ec0-0a64-4ad1-a201-97cdf65dcb39	20	63649097	64324800	284	0.8071
965e2ec0-0a64-4ad1-a201-97cdf65dcb39	21	10354168	10458811	15	-0.1363
965e2ec0-0a64-4ad1-a201-97cdf65dcb39	21	10458882	12996886	76	-0.7175
965e2ec0-0a64-4ad1-a201-97cdf65dcb39	21	13004391	46677045	23735	0.0132
965e2ec0-0a64-4ad1-a201-97cdf65dcb39	22	15294547	23987520	4374	-0.4273
965e2ec0-0a64-4ad1-a201-97cdf65dcb39	22	23988078	23990431	3	-2.3703
965e2ec0-0a64-4ad1-a201-97cdf65dcb39	22	23990739	24041599	34	-0.3735
965e2ec0-0a64-4ad1-a201-97cdf65dcb39	22	24042894	24685371	318	0.0082
965e2ec0-0a64-4ad1-a201-97cdf65dcb39	22	24686148	24686567	3	-1.6124
965e2ec0-0a64-4ad1-a201-97cdf65dcb39	22	24691707	25989483	1190	-0.0002
965e2ec0-0a64-4ad1-a201-97cdf65dcb39	22	25992334	25992767	5	-1.0397
965e2ec0-0a64-4ad1-a201-97cdf65dcb39	22	25992931	27196793	1208	-0.0032
965e2ec0-0a64-4ad1-a201-97cdf65dcb39	22	27198136	27198149	2	-1.3007
965e2ec0-0a64-4ad1-a201-97cdf65dcb39	22	27198218	28424883	967	0.0135
965e2ec0-0a64-4ad1-a201-97cdf65dcb39	22	28425215	30617562	1233	0.3092
965e2ec0-0a64-4ad1-a201-97cdf65dcb39	22	30617909	34533604	3011	0.0094
965e2ec0-0a64-4ad1-a201-97cdf65dcb39	22	34534530	36720413	1614	0.329
965e2ec0-0a64-4ad1-a201-97cdf65dcb39	22	36721010	37177213	317	-0.0149
965e2ec0-0a64-4ad1-a201-97cdf65dcb39	22	37177596	37177880	4	-1.4651
965e2ec0-0a64-4ad1-a201-97cdf65dcb39	22	37178594	38894915	876	-0.0094
965e2ec0-0a64-4ad1-a201-97cdf65dcb39	22	38899250	38904043	5	-1.5741
965e2ec0-0a64-4ad1-a201-97cdf65dcb39	22	38904200	41993944	1677	-0.0233
965e2ec0-0a64-4ad1-a201-97cdf65dcb39	22	41995013	43831676	1112	-0.4487
965e2ec0-0a64-4ad1-a201-97cdf65dcb39	22	43835704	44614421	720	0.0068
965e2ec0-0a64-4ad1-a201-97cdf65dcb39	22	44616072	47313444	1835	-0.444
965e2ec0-0a64-4ad1-a201-97cdf65dcb39	22	47317114	50796027	2691	-0.0026
965e2ec0-0a64-4ad1-a201-97cdf65dcb39	X	251810	5914447	2462	-0.0194
965e2ec0-0a64-4ad1-a201-97cdf65dcb39	X	5914557	6281008	303	-0.752
965e2ec0-0a64-4ad1-a201-97cdf65dcb39	X	6285510	17341233	7808	-0.0283
965e2ec0-0a64-4ad1-a201-97cdf65dcb39	X	17353195	17353306	2	-2.4644
965e2ec0-0a64-4ad1-a201-97cdf65dcb39	X	17354512	38438347	13095	-0.0161
965e2ec0-0a64-4ad1-a201-97cdf65dcb39	X	38438583	38438756	2	-1.8786
965e2ec0-0a64-4ad1-a201-97cdf65dcb39	X	38438789	40044312	1070	-0.0321
965e2ec0-0a64-4ad1-a201-97cdf65dcb39	X	40049464	41700263	839	0.4099
965e2ec0-0a64-4ad1-a201-97cdf65dcb39	X	41702876	43210702	814	0.0058
965e2ec0-0a64-4ad1-a201-97cdf65dcb39	X	43213123	48001197	2518	0.4085
965e2ec0-0a64-4ad1-a201-97cdf65dcb39	X	48020763	48052273	28	-1.029
965e2ec0-0a64-4ad1-a201-97cdf65dcb39	X	48052481	48062264	8	-0.5234
965e2ec0-0a64-4ad1-a201-97cdf65dcb39	X	48062292	48082125	11	-1.1088
965e2ec0-0a64-4ad1-a201-97cdf65dcb39	X	48082372	48085659	7	-1.6754
965e2ec0-0a64-4ad1-a201-97cdf65dcb39	X	48086119	48119196	17	-0.7495
965e2ec0-0a64-4ad1-a201-97cdf65dcb39	X	48119621	66552558	5935	0.4182
965e2ec0-0a64-4ad1-a201-97cdf65dcb39	X	66562959	73766857	3236	-0.0075
965e2ec0-0a64-4ad1-a201-97cdf65dcb39	X	73767530	73769729	2	-1.521
965e2ec0-0a64-4ad1-a201-97cdf65dcb39	X	73769943	76532252	1227	0.0052
965e2ec0-0a64-4ad1-a201-97cdf65dcb39	X	76539008	77179265	356	0.392
965e2ec0-0a64-4ad1-a201-97cdf65dcb39	X	77179707	90605599	6984	-0.0232
965e2ec0-0a64-4ad1-a201-97cdf65dcb39	X	90610140	91438475	349	0.124
965e2ec0-0a64-4ad1-a201-97cdf65dcb39	X	91438902	120073060	15421	-0.015
965e2ec0-0a64-4ad1-a201-97cdf65dcb39	X	120086834	122433912	1334	-0.6441
965e2ec0-0a64-4ad1-a201-97cdf65dcb39	X	122434525	122731843	169	-0.0381
965e2ec0-0a64-4ad1-a201-97cdf65dcb39	X	122736541	122850967	75	-0.6673
965e2ec0-0a64-4ad1-a201-97cdf65dcb39	X	122851536	122851567	2	-3.5438
965e2ec0-0a64-4ad1-a201-97cdf65dcb39	X	122853907	123723366	598	-0.6994
965e2ec0-0a64-4ad1-a201-97cdf65dcb39	X	123726829	155952689	18776	-0.0132
965e2ec0-0a64-4ad1-a201-97cdf65dcb39	Y	2782397	6076562	719	-2.556
965e2ec0-0a64-4ad1-a201-97cdf65dcb39	Y	6080059	23586854	5726	-2.9184
965e2ec0-0a64-4ad1-a201-97cdf65dcb39	Y	23784615	56872112	192	-2.5662
