GDC_Aliquot	Chromosome	Start	End	Num_Probes	Segment_Mean
bfdb8282-62b3-4f24-bc7d-efe162da015e	1	62920	3133149	660	-0.0437
bfdb8282-62b3-4f24-bc7d-efe162da015e	1	3134030	3137542	2	-2.916
bfdb8282-62b3-4f24-bc7d-efe162da015e	1	3137704	15823420	7642	-0.0011
bfdb8282-62b3-4f24-bc7d-efe162da015e	1	15827002	15827430	6	-1.7675
bfdb8282-62b3-4f24-bc7d-efe162da015e	1	15827706	16544783	301	0.0101
bfdb8282-62b3-4f24-bc7d-efe162da015e	1	16569132	16868660	58	0.3485
bfdb8282-62b3-4f24-bc7d-efe162da015e	1	16877002	16934753	46	-0.4553
bfdb8282-62b3-4f24-bc7d-efe162da015e	1	16934768	20556451	2540	-0.0015
bfdb8282-62b3-4f24-bc7d-efe162da015e	1	20556710	20557323	5	-1.5532
bfdb8282-62b3-4f24-bc7d-efe162da015e	1	20558448	25256850	2711	0.0125
bfdb8282-62b3-4f24-bc7d-efe162da015e	1	25266637	25319693	21	-2.1733
bfdb8282-62b3-4f24-bc7d-efe162da015e	1	25320198	72303233	28678	0.0049
bfdb8282-62b3-4f24-bc7d-efe162da015e	1	72303253	72345465	45	-1.0415
bfdb8282-62b3-4f24-bc7d-efe162da015e	1	72346221	74720685	1440	-0.002
bfdb8282-62b3-4f24-bc7d-efe162da015e	1	74721817	74733606	6	-0.5925
bfdb8282-62b3-4f24-bc7d-efe162da015e	1	74734100	75585159	479	0.0104
bfdb8282-62b3-4f24-bc7d-efe162da015e	1	75589078	75589169	2	-2.5273
bfdb8282-62b3-4f24-bc7d-efe162da015e	1	75593824	103614714	18057	0.0004
bfdb8282-62b3-4f24-bc7d-efe162da015e	1	103615687	103717410	8	-1.0453
bfdb8282-62b3-4f24-bc7d-efe162da015e	1	103717617	105470754	918	-0.0073
bfdb8282-62b3-4f24-bc7d-efe162da015e	1	105476583	105479753	17	-1.9651
bfdb8282-62b3-4f24-bc7d-efe162da015e	1	105481433	121598439	9763	0.004
bfdb8282-62b3-4f24-bc7d-efe162da015e	1	121601998	143890323	124	0.2212
bfdb8282-62b3-4f24-bc7d-efe162da015e	1	143893019	152789532	2521	-0.0044
bfdb8282-62b3-4f24-bc7d-efe162da015e	1	152789570	152795487	27	0.3896
bfdb8282-62b3-4f24-bc7d-efe162da015e	1	152795783	196745743	29389	0.0049
bfdb8282-62b3-4f24-bc7d-efe162da015e	1	196758720	196769493	5	0.8199
bfdb8282-62b3-4f24-bc7d-efe162da015e	1	196769506	196820098	39	0.1308
bfdb8282-62b3-4f24-bc7d-efe162da015e	1	196820637	196832525	13	0.4433
bfdb8282-62b3-4f24-bc7d-efe162da015e	1	196832720	215318153	12480	0.0047
bfdb8282-62b3-4f24-bc7d-efe162da015e	1	215320126	215325761	7	-1.032
bfdb8282-62b3-4f24-bc7d-efe162da015e	1	215327688	248930189	23229	0.0059
bfdb8282-62b3-4f24-bc7d-efe162da015e	2	12784	295255	180	0.0246
bfdb8282-62b3-4f24-bc7d-efe162da015e	2	296789	296852	3	-1.6088
bfdb8282-62b3-4f24-bc7d-efe162da015e	2	300879	4168862	2799	0.0006
bfdb8282-62b3-4f24-bc7d-efe162da015e	2	4168879	4187794	40	0.3593
bfdb8282-62b3-4f24-bc7d-efe162da015e	2	4189215	34450400	20983	0.0068
bfdb8282-62b3-4f24-bc7d-efe162da015e	2	34456427	34511990	50	0.6102
bfdb8282-62b3-4f24-bc7d-efe162da015e	2	34512096	44144582	7065	0.0073
bfdb8282-62b3-4f24-bc7d-efe162da015e	2	44144674	44145770	2	-1.7897
bfdb8282-62b3-4f24-bc7d-efe162da015e	2	44150623	52509476	5892	-0.0004
bfdb8282-62b3-4f24-bc7d-efe162da015e	2	52509498	52565690	57	-0.4454
bfdb8282-62b3-4f24-bc7d-efe162da015e	2	52565799	86710564	21848	0.0031
bfdb8282-62b3-4f24-bc7d-efe162da015e	2	86725947	86726731	2	2.0507
bfdb8282-62b3-4f24-bc7d-efe162da015e	2	86743283	128880504	20856	0.0036
bfdb8282-62b3-4f24-bc7d-efe162da015e	2	128880904	128882755	16	-0.7359
bfdb8282-62b3-4f24-bc7d-efe162da015e	2	128888874	132512550	1691	0.0022
bfdb8282-62b3-4f24-bc7d-efe162da015e	2	132512583	132556272	59	-0.2298
bfdb8282-62b3-4f24-bc7d-efe162da015e	2	132562078	146104517	8637	0.0077
bfdb8282-62b3-4f24-bc7d-efe162da015e	2	146106836	146109366	24	-1.6664
bfdb8282-62b3-4f24-bc7d-efe162da015e	2	146120238	154033296	4874	0.0086
bfdb8282-62b3-4f24-bc7d-efe162da015e	2	154039462	154039969	2	-1.4888
bfdb8282-62b3-4f24-bc7d-efe162da015e	2	154043710	158083753	2246	0.0067
bfdb8282-62b3-4f24-bc7d-efe162da015e	2	158084583	158088152	2	-1.6017
bfdb8282-62b3-4f24-bc7d-efe162da015e	2	158091562	163780342	3442	0.0038
bfdb8282-62b3-4f24-bc7d-efe162da015e	2	163786978	163788616	5	-1.2589
bfdb8282-62b3-4f24-bc7d-efe162da015e	2	163790132	183929673	12645	0.0016
bfdb8282-62b3-4f24-bc7d-efe162da015e	2	183929787	183937576	14	-0.958
bfdb8282-62b3-4f24-bc7d-efe162da015e	2	183937588	207490231	13639	0.0027
bfdb8282-62b3-4f24-bc7d-efe162da015e	2	207490454	207494225	13	-1.0149
bfdb8282-62b3-4f24-bc7d-efe162da015e	2	207494301	242147305	22019	0.0048
bfdb8282-62b3-4f24-bc7d-efe162da015e	3	20930	1054355	855	0.0109
bfdb8282-62b3-4f24-bc7d-efe162da015e	3	1054493	1054567	2	-1.8774
bfdb8282-62b3-4f24-bc7d-efe162da015e	3	1057047	68697013	46830	0.007
bfdb8282-62b3-4f24-bc7d-efe162da015e	3	68697108	68698262	14	-1.1601
bfdb8282-62b3-4f24-bc7d-efe162da015e	3	68699607	75450448	4892	0.0175
bfdb8282-62b3-4f24-bc7d-efe162da015e	3	75450463	75600083	43	0.3802
bfdb8282-62b3-4f24-bc7d-efe162da015e	3	75606920	128680378	29020	0.0041
bfdb8282-62b3-4f24-bc7d-efe162da015e	3	128686328	128693488	7	1.3534
bfdb8282-62b3-4f24-bc7d-efe162da015e	3	128695318	130044855	620	0.0012
bfdb8282-62b3-4f24-bc7d-efe162da015e	3	130047743	130089433	40	0.4549
bfdb8282-62b3-4f24-bc7d-efe162da015e	3	130089968	195728990	40943	0.0066
bfdb8282-62b3-4f24-bc7d-efe162da015e	3	195729005	195747311	16	0.6758
bfdb8282-62b3-4f24-bc7d-efe162da015e	3	195747892	198169247	1164	0.0185
bfdb8282-62b3-4f24-bc7d-efe162da015e	4	68929	2714313	993	0.013
bfdb8282-62b3-4f24-bc7d-efe162da015e	4	2714615	2717710	3	1.3711
bfdb8282-62b3-4f24-bc7d-efe162da015e	4	2719405	3467927	390	0.0063
bfdb8282-62b3-4f24-bc7d-efe162da015e	4	3470435	3470595	2	-1.1649
bfdb8282-62b3-4f24-bc7d-efe162da015e	4	3470639	3864047	166	-0.0013
bfdb8282-62b3-4f24-bc7d-efe162da015e	4	3869335	4174887	78	0.2259
bfdb8282-62b3-4f24-bc7d-efe162da015e	4	4174902	10389091	4251	-0.0022
bfdb8282-62b3-4f24-bc7d-efe162da015e	4	10390730	10401094	17	-0.6445
bfdb8282-62b3-4f24-bc7d-efe162da015e	4	10401122	137171085	77144	0.0062
bfdb8282-62b3-4f24-bc7d-efe162da015e	4	137171266	137173818	15	-0.675
bfdb8282-62b3-4f24-bc7d-efe162da015e	4	137173967	151868241	8808	0.0055
bfdb8282-62b3-4f24-bc7d-efe162da015e	4	151868634	151871739	13	-0.8791
bfdb8282-62b3-4f24-bc7d-efe162da015e	4	151873644	151873707	3	1.0683
bfdb8282-62b3-4f24-bc7d-efe162da015e	4	151874236	161025607	5927	0.0066
bfdb8282-62b3-4f24-bc7d-efe162da015e	4	161031076	161082114	43	0.5916
bfdb8282-62b3-4f24-bc7d-efe162da015e	4	161085672	190106768	19018	0.0057
bfdb8282-62b3-4f24-bc7d-efe162da015e	5	15532	698357	308	0.006
bfdb8282-62b3-4f24-bc7d-efe162da015e	5	698390	733497	14	0.5888
bfdb8282-62b3-4f24-bc7d-efe162da015e	5	741924	808932	16	-0.1434
bfdb8282-62b3-4f24-bc7d-efe162da015e	5	817735	824333	11	-1.0836
bfdb8282-62b3-4f24-bc7d-efe162da015e	5	825192	27524345	18848	0.0068
bfdb8282-62b3-4f24-bc7d-efe162da015e	5	27525283	27525407	2	-2.3505
bfdb8282-62b3-4f24-bc7d-efe162da015e	5	27525800	27528377	10	-0.4576
bfdb8282-62b3-4f24-bc7d-efe162da015e	5	27528507	46246553	11385	0.0074
bfdb8282-62b3-4f24-bc7d-efe162da015e	5	46246558	46271828	5	-0.6236
bfdb8282-62b3-4f24-bc7d-efe162da015e	5	46272419	46273400	5	-2.2681
bfdb8282-62b3-4f24-bc7d-efe162da015e	5	46278110	53106218	1713	0.0212
bfdb8282-62b3-4f24-bc7d-efe162da015e	5	53108689	53115977	5	-1.1542
bfdb8282-62b3-4f24-bc7d-efe162da015e	5	53116601	58030200	3344	0.011
bfdb8282-62b3-4f24-bc7d-efe162da015e	5	58030336	58037466	29	-0.6697
bfdb8282-62b3-4f24-bc7d-efe162da015e	5	58037688	140838209	49948	0.0069
bfdb8282-62b3-4f24-bc7d-efe162da015e	5	140838745	140852254	12	-0.628
bfdb8282-62b3-4f24-bc7d-efe162da015e	5	140861442	152134610	7522	0.0104
bfdb8282-62b3-4f24-bc7d-efe162da015e	5	152135825	152140710	15	-0.7109
bfdb8282-62b3-4f24-bc7d-efe162da015e	5	152140861	181363319	19404	0.0081
bfdb8282-62b3-4f24-bc7d-efe162da015e	6	149661	278146	112	0.0039
bfdb8282-62b3-4f24-bc7d-efe162da015e	6	279695	381149	89	0.5419
bfdb8282-62b3-4f24-bc7d-efe162da015e	6	382559	28051166	20559	0.0066
bfdb8282-62b3-4f24-bc7d-efe162da015e	6	28053811	28053855	2	-2.1016
bfdb8282-62b3-4f24-bc7d-efe162da015e	6	28055973	31313046	1501	-0.0007
bfdb8282-62b3-4f24-bc7d-efe162da015e	6	31318499	31342147	12	0.8502
bfdb8282-62b3-4f24-bc7d-efe162da015e	6	31349570	32486746	498	-0.0056
bfdb8282-62b3-4f24-bc7d-efe162da015e	6	32488906	32550992	18	0.9154
bfdb8282-62b3-4f24-bc7d-efe162da015e	6	32559507	32810504	156	0.0473
bfdb8282-62b3-4f24-bc7d-efe162da015e	6	32811611	32819398	15	-0.5443
bfdb8282-62b3-4f24-bc7d-efe162da015e	6	32819560	75894135	25148	0.0061
bfdb8282-62b3-4f24-bc7d-efe162da015e	6	75896529	75897563	2	-1.8933
bfdb8282-62b3-4f24-bc7d-efe162da015e	6	75897804	78253172	1541	0.0215
bfdb8282-62b3-4f24-bc7d-efe162da015e	6	78259348	78263079	15	-1.0716
bfdb8282-62b3-4f24-bc7d-efe162da015e	6	78263236	78325457	97	-0.5918
bfdb8282-62b3-4f24-bc7d-efe162da015e	6	78325468	92866201	9214	0.0147
bfdb8282-62b3-4f24-bc7d-efe162da015e	6	92866214	92868861	27	-0.3412
bfdb8282-62b3-4f24-bc7d-efe162da015e	6	92868912	103286954	6199	0.0051
bfdb8282-62b3-4f24-bc7d-efe162da015e	6	103290101	103314186	46	0.463
bfdb8282-62b3-4f24-bc7d-efe162da015e	6	103317795	128504126	15267	0.0049
bfdb8282-62b3-4f24-bc7d-efe162da015e	6	128507123	128508254	6	-1.2698
bfdb8282-62b3-4f24-bc7d-efe162da015e	6	128509158	170741917	28770	0.003
bfdb8282-62b3-4f24-bc7d-efe162da015e	7	43355	22395161	16005	0.0034
bfdb8282-62b3-4f24-bc7d-efe162da015e	7	22395853	22396868	2	-2.7788
bfdb8282-62b3-4f24-bc7d-efe162da015e	7	22399135	68934786	27263	0.0089
bfdb8282-62b3-4f24-bc7d-efe162da015e	7	68941073	68942063	2	-2.7584
bfdb8282-62b3-4f24-bc7d-efe162da015e	7	68942209	97766150	16872	0.0102
bfdb8282-62b3-4f24-bc7d-efe162da015e	7	97766153	97773163	14	-2.3462
bfdb8282-62b3-4f24-bc7d-efe162da015e	7	97774928	109800866	6615	0.0107
bfdb8282-62b3-4f24-bc7d-efe162da015e	7	109801155	109813853	12	-0.5041
bfdb8282-62b3-4f24-bc7d-efe162da015e	7	109813925	126405428	10011	0.0103
bfdb8282-62b3-4f24-bc7d-efe162da015e	7	126405502	126406561	11	-1.1208
bfdb8282-62b3-4f24-bc7d-efe162da015e	7	126406822	134100424	4688	0.0107
bfdb8282-62b3-4f24-bc7d-efe162da015e	7	134100442	134114401	34	0.5297
bfdb8282-62b3-4f24-bc7d-efe162da015e	7	134114444	159334314	16037	0.0058
bfdb8282-62b3-4f24-bc7d-efe162da015e	8	81254	2215182	1585	-0.0007
bfdb8282-62b3-4f24-bc7d-efe162da015e	8	2215736	2216912	3	-1.3695
bfdb8282-62b3-4f24-bc7d-efe162da015e	8	2217043	2844412	445	-0.0165
bfdb8282-62b3-4f24-bc7d-efe162da015e	8	2846011	2846377	7	0.8117
bfdb8282-62b3-4f24-bc7d-efe162da015e	8	2849649	3708639	988	-0.0024
bfdb8282-62b3-4f24-bc7d-efe162da015e	8	3708685	3708713	2	-2.8298
bfdb8282-62b3-4f24-bc7d-efe162da015e	8	3708782	4145783	669	-0.0157
bfdb8282-62b3-4f24-bc7d-efe162da015e	8	4145941	4145956	2	-2.3404
bfdb8282-62b3-4f24-bc7d-efe162da015e	8	4146039	6967696	3890	0.0035
bfdb8282-62b3-4f24-bc7d-efe162da015e	8	6967739	7018620	27	-0.5002
bfdb8282-62b3-4f24-bc7d-efe162da015e	8	7020666	7064587	52	-0.0167
bfdb8282-62b3-4f24-bc7d-efe162da015e	8	7067590	8101440	93	0.3188
bfdb8282-62b3-4f24-bc7d-efe162da015e	8	8102048	12786988	3368	0.022
bfdb8282-62b3-4f24-bc7d-efe162da015e	8	12787348	12795017	6	-1.2448
bfdb8282-62b3-4f24-bc7d-efe162da015e	8	12796024	25117007	10280	0.0098
bfdb8282-62b3-4f24-bc7d-efe162da015e	8	25117062	25122472	18	0.6195
bfdb8282-62b3-4f24-bc7d-efe162da015e	8	25126554	39373140	9001	0.0086
bfdb8282-62b3-4f24-bc7d-efe162da015e	8	39378084	39529446	58	-1.9278
bfdb8282-62b3-4f24-bc7d-efe162da015e	8	39530780	85645184	26505	0.0094
bfdb8282-62b3-4f24-bc7d-efe162da015e	8	85828731	85832252	11	-0.9273
bfdb8282-62b3-4f24-bc7d-efe162da015e	8	85835276	111279265	15377	0.0084
bfdb8282-62b3-4f24-bc7d-efe162da015e	8	111282050	111283031	10	-1.1645
bfdb8282-62b3-4f24-bc7d-efe162da015e	8	111288052	128735944	11614	0.0068
bfdb8282-62b3-4f24-bc7d-efe162da015e	8	128739928	128744020	4	-1.677
bfdb8282-62b3-4f24-bc7d-efe162da015e	8	128750889	145072769	11225	0.0028
bfdb8282-62b3-4f24-bc7d-efe162da015e	9	46587	22492890	19792	0.0085
bfdb8282-62b3-4f24-bc7d-efe162da015e	9	22501914	22502700	2	-3.8762
bfdb8282-62b3-4f24-bc7d-efe162da015e	9	22509341	41644133	11412	0.0082
bfdb8282-62b3-4f24-bc7d-efe162da015e	9	41644288	61405110	104	-0.2034
bfdb8282-62b3-4f24-bc7d-efe162da015e	9	61520021	61665362	31	0.6102
bfdb8282-62b3-4f24-bc7d-efe162da015e	9	61668104	90847295	16361	0.0057
bfdb8282-62b3-4f24-bc7d-efe162da015e	9	90847386	90847850	3	-1.4893
bfdb8282-62b3-4f24-bc7d-efe162da015e	9	90850677	138200944	31583	0.0035
bfdb8282-62b3-4f24-bc7d-efe162da015e	10	45792	46331999	31572	0.0041
bfdb8282-62b3-4f24-bc7d-efe162da015e	10	46332058	46560525	49	-0.5038
bfdb8282-62b3-4f24-bc7d-efe162da015e	10	46606240	65548178	12673	0.0011
bfdb8282-62b3-4f24-bc7d-efe162da015e	10	65548193	65563037	27	-0.6797
bfdb8282-62b3-4f24-bc7d-efe162da015e	10	65563168	133654968	46094	0.0044
bfdb8282-62b3-4f24-bc7d-efe162da015e	11	198510	4949013	2412	-0.0055
bfdb8282-62b3-4f24-bc7d-efe162da015e	11	4949047	4955042	28	0.5935
bfdb8282-62b3-4f24-bc7d-efe162da015e	11	4955781	5768511	788	-0.0017
bfdb8282-62b3-4f24-bc7d-efe162da015e	11	5768639	5791130	30	0.5489
bfdb8282-62b3-4f24-bc7d-efe162da015e	11	5794956	6011711	184	-0.0079
bfdb8282-62b3-4f24-bc7d-efe162da015e	11	6012061	6016225	5	-1.1317
bfdb8282-62b3-4f24-bc7d-efe162da015e	11	6026696	31371747	18294	0.0077
bfdb8282-62b3-4f24-bc7d-efe162da015e	11	31372721	31375533	2	-2.436
bfdb8282-62b3-4f24-bc7d-efe162da015e	11	31376660	49686823	11907	0.0083
bfdb8282-62b3-4f24-bc7d-efe162da015e	11	49689309	49736119	16	-0.7767
bfdb8282-62b3-4f24-bc7d-efe162da015e	11	49736215	49737304	4	0.3197
bfdb8282-62b3-4f24-bc7d-efe162da015e	11	49738003	49739136	6	-1.011
bfdb8282-62b3-4f24-bc7d-efe162da015e	11	49744609	80256469	14003	0.0074
bfdb8282-62b3-4f24-bc7d-efe162da015e	11	80256504	80256520	2	-2.7474
bfdb8282-62b3-4f24-bc7d-efe162da015e	11	80256642	107910653	19446	0.0074
bfdb8282-62b3-4f24-bc7d-efe162da015e	11	107913781	107914372	2	-3.2902
bfdb8282-62b3-4f24-bc7d-efe162da015e	11	107916987	135074876	19478	0.0048
bfdb8282-62b3-4f24-bc7d-efe162da015e	12	51460	760112	416	0.0289
bfdb8282-62b3-4f24-bc7d-efe162da015e	12	760150	764863	14	-0.9106
bfdb8282-62b3-4f24-bc7d-efe162da015e	12	766188	4279366	2443	0.0007
bfdb8282-62b3-4f24-bc7d-efe162da015e	12	4279989	4280040	4	-1.2487
bfdb8282-62b3-4f24-bc7d-efe162da015e	12	4280183	9481274	3274	-0.0009
bfdb8282-62b3-4f24-bc7d-efe162da015e	12	9485313	9575696	23	-1.3475
bfdb8282-62b3-4f24-bc7d-efe162da015e	12	9582373	12309143	2001	0.0067
bfdb8282-62b3-4f24-bc7d-efe162da015e	12	12311578	12315124	3	-1.3579
bfdb8282-62b3-4f24-bc7d-efe162da015e	12	12329514	31112123	13166	0.0053
bfdb8282-62b3-4f24-bc7d-efe162da015e	12	31116364	31257887	91	0.567
bfdb8282-62b3-4f24-bc7d-efe162da015e	12	31258117	90089573	34068	0.0039
bfdb8282-62b3-4f24-bc7d-efe162da015e	12	90097892	90098297	7	-1.2993
bfdb8282-62b3-4f24-bc7d-efe162da015e	12	90099780	133201603	29104	0.0038
bfdb8282-62b3-4f24-bc7d-efe162da015e	13	18452809	23058721	2851	0.001
bfdb8282-62b3-4f24-bc7d-efe162da015e	13	23058737	23065761	17	-0.4926
bfdb8282-62b3-4f24-bc7d-efe162da015e	13	23066724	31957934	6667	0.0033
bfdb8282-62b3-4f24-bc7d-efe162da015e	13	31957984	31964286	19	-0.8483
bfdb8282-62b3-4f24-bc7d-efe162da015e	13	31965910	113046155	53892	0.0049
bfdb8282-62b3-4f24-bc7d-efe162da015e	13	113049090	113050071	2	-2.2413
bfdb8282-62b3-4f24-bc7d-efe162da015e	13	113053299	114342922	546	0.0161
bfdb8282-62b3-4f24-bc7d-efe162da015e	14	18239283	18662134	20	-0.1007
bfdb8282-62b3-4f24-bc7d-efe162da015e	14	18674599	18950560	6	-0.9992
bfdb8282-62b3-4f24-bc7d-efe162da015e	14	18976793	19926759	124	0.188
bfdb8282-62b3-4f24-bc7d-efe162da015e	14	19926968	22209880	1616	0.015
bfdb8282-62b3-4f24-bc7d-efe162da015e	14	22210577	23068057	566	0.0955
bfdb8282-62b3-4f24-bc7d-efe162da015e	14	23071448	23986216	543	-0.0047
bfdb8282-62b3-4f24-bc7d-efe162da015e	14	23989435	23989734	3	-2.0377
bfdb8282-62b3-4f24-bc7d-efe162da015e	14	23992645	106877229	52375	0.0081
bfdb8282-62b3-4f24-bc7d-efe162da015e	15	19811075	20060725	52	0.1286
bfdb8282-62b3-4f24-bc7d-efe162da015e	15	20062609	22649650	176	-0.2445
bfdb8282-62b3-4f24-bc7d-efe162da015e	15	22650764	24248497	902	0.0194
bfdb8282-62b3-4f24-bc7d-efe162da015e	15	24256264	24258119	2	-2.5328
bfdb8282-62b3-4f24-bc7d-efe162da015e	15	24258513	30094208	3684	0.0276
bfdb8282-62b3-4f24-bc7d-efe162da015e	15	30106026	30515739	35	-0.6569
bfdb8282-62b3-4f24-bc7d-efe162da015e	15	30595753	101928837	46566	0.0077
bfdb8282-62b3-4f24-bc7d-efe162da015e	16	10777	78337711	41114	0.0055
bfdb8282-62b3-4f24-bc7d-efe162da015e	16	78338543	78345778	13	-2.2208
bfdb8282-62b3-4f24-bc7d-efe162da015e	16	78349243	90096867	10579	0.0074
bfdb8282-62b3-4f24-bc7d-efe162da015e	17	150733	41266774	20764	0.0082
bfdb8282-62b3-4f24-bc7d-efe162da015e	17	41266805	41274198	21	-0.6871
bfdb8282-62b3-4f24-bc7d-efe162da015e	17	41274279	45577724	2157	-0.003
bfdb8282-62b3-4f24-bc7d-efe162da015e	17	45579014	45610956	10	0.794
bfdb8282-62b3-4f24-bc7d-efe162da015e	17	45616172	46085732	332	-0.072
bfdb8282-62b3-4f24-bc7d-efe162da015e	17	46088437	46284997	123	0.7871
bfdb8282-62b3-4f24-bc7d-efe162da015e	17	46286804	83091923	21503	0.0027
bfdb8282-62b3-4f24-bc7d-efe162da015e	18	48133	80257174	50594	0.0055
bfdb8282-62b3-4f24-bc7d-efe162da015e	19	90910	58586487	29036	0.0052
bfdb8282-62b3-4f24-bc7d-efe162da015e	20	80664	158532	62	-0.0357
bfdb8282-62b3-4f24-bc7d-efe162da015e	20	158778	159104	3	-1.103
bfdb8282-62b3-4f24-bc7d-efe162da015e	20	159160	1571811	1115	0.0166
bfdb8282-62b3-4f24-bc7d-efe162da015e	20	1576544	1580353	21	-2.3
bfdb8282-62b3-4f24-bc7d-efe162da015e	20	1580934	1601561	36	-0.2841
bfdb8282-62b3-4f24-bc7d-efe162da015e	20	1609611	1613247	5	1.9548
bfdb8282-62b3-4f24-bc7d-efe162da015e	20	1617300	64324800	41001	0.007
bfdb8282-62b3-4f24-bc7d-efe162da015e	21	10354168	46677045	23797	0.0064
bfdb8282-62b3-4f24-bc7d-efe162da015e	22	15294547	22398127	3446	0.0063
bfdb8282-62b3-4f24-bc7d-efe162da015e	22	22398345	22398545	4	-2.1628
bfdb8282-62b3-4f24-bc7d-efe162da015e	22	22402989	23987520	930	0.0053
bfdb8282-62b3-4f24-bc7d-efe162da015e	22	23988078	23990431	3	-2.3225
bfdb8282-62b3-4f24-bc7d-efe162da015e	22	23990739	50796027	18820	0.0032
bfdb8282-62b3-4f24-bc7d-efe162da015e	X	251810	155952689	83533	0.0068
bfdb8282-62b3-4f24-bc7d-efe162da015e	Y	2782397	8743753	2017	-1.0787
bfdb8282-62b3-4f24-bc7d-efe162da015e	Y	8747099	8748148	2	-3.0858
bfdb8282-62b3-4f24-bc7d-efe162da015e	Y	8748395	56872112	4619	-1.0742
