GDC_Aliquot	Chromosome	Start	End	Num_Probes	Segment_Mean
05afc04d-6684-47b1-b9e7-822a89570f04	1	62920	98602	13	0.5897
05afc04d-6684-47b1-b9e7-822a89570f04	1	259407	846869	26	-0.2252
05afc04d-6684-47b1-b9e7-822a89570f04	1	850545	16489035	8601	0.0056
05afc04d-6684-47b1-b9e7-822a89570f04	1	16489595	16718963	46	-0.2243
05afc04d-6684-47b1-b9e7-822a89570f04	1	16719082	16935752	74	0.3255
05afc04d-6684-47b1-b9e7-822a89570f04	1	16949746	25092208	5142	0.0021
05afc04d-6684-47b1-b9e7-822a89570f04	1	25096910	25097831	2	-1.3673
05afc04d-6684-47b1-b9e7-822a89570f04	1	25098398	34626073	5087	0.0105
05afc04d-6684-47b1-b9e7-822a89570f04	1	34637053	34638890	20	-0.5609
05afc04d-6684-47b1-b9e7-822a89570f04	1	34648667	36391866	784	0.0016
05afc04d-6684-47b1-b9e7-822a89570f04	1	36393910	36394335	2	-2.0617
05afc04d-6684-47b1-b9e7-822a89570f04	1	36395199	72303233	22981	0.0103
05afc04d-6684-47b1-b9e7-822a89570f04	1	72303253	72345465	45	-1.3305
05afc04d-6684-47b1-b9e7-822a89570f04	1	72346221	81422917	5778	0.0157
05afc04d-6684-47b1-b9e7-822a89570f04	1	81422920	81423039	5	-1.1254
05afc04d-6684-47b1-b9e7-822a89570f04	1	81423183	91204795	6558	0.0168
05afc04d-6684-47b1-b9e7-822a89570f04	1	91207408	91217193	2	-1.1913
05afc04d-6684-47b1-b9e7-822a89570f04	1	91217809	91768996	409	-0.0041
05afc04d-6684-47b1-b9e7-822a89570f04	1	91776174	91776189	2	-1.4757
05afc04d-6684-47b1-b9e7-822a89570f04	1	91776404	109684893	10850	0.0151
05afc04d-6684-47b1-b9e7-822a89570f04	1	109690352	109697556	13	1.3248
05afc04d-6684-47b1-b9e7-822a89570f04	1	109702376	110834746	834	0.0223
05afc04d-6684-47b1-b9e7-822a89570f04	1	110834943	110845604	38	-0.7013
05afc04d-6684-47b1-b9e7-822a89570f04	1	110849445	112147589	1073	0.0227
05afc04d-6684-47b1-b9e7-822a89570f04	1	112147626	112163438	29	-0.3324
05afc04d-6684-47b1-b9e7-822a89570f04	1	112163440	143459641	5159	0.0107
05afc04d-6684-47b1-b9e7-822a89570f04	1	143494500	143710242	85	0.201
05afc04d-6684-47b1-b9e7-822a89570f04	1	143710767	152583051	2357	-0.005
05afc04d-6684-47b1-b9e7-822a89570f04	1	152583230	152613762	31	-1.6318
05afc04d-6684-47b1-b9e7-822a89570f04	1	152613802	152784298	168	0.0122
05afc04d-6684-47b1-b9e7-822a89570f04	1	152784330	152806082	45	-0.2216
05afc04d-6684-47b1-b9e7-822a89570f04	1	152806100	158896783	3607	0.0196
05afc04d-6684-47b1-b9e7-822a89570f04	1	158898711	158899969	2	2.2522
05afc04d-6684-47b1-b9e7-822a89570f04	1	158905028	169247699	7666	0.0211
05afc04d-6684-47b1-b9e7-822a89570f04	1	169264736	169272528	7	-0.7264
05afc04d-6684-47b1-b9e7-822a89570f04	1	169273163	174827267	3519	0.0225
05afc04d-6684-47b1-b9e7-822a89570f04	1	174827418	174828549	14	-0.8279
05afc04d-6684-47b1-b9e7-822a89570f04	1	174832599	176539157	1112	0.0192
05afc04d-6684-47b1-b9e7-822a89570f04	1	176540105	176540952	3	-1.078
05afc04d-6684-47b1-b9e7-822a89570f04	1	176541594	196745743	13530	0.016
05afc04d-6684-47b1-b9e7-822a89570f04	1	196758720	196846661	60	-1.641
05afc04d-6684-47b1-b9e7-822a89570f04	1	196847600	248930189	35813	0.0082
05afc04d-6684-47b1-b9e7-822a89570f04	2	12784	4158097	2986	0.0225
05afc04d-6684-47b1-b9e7-822a89570f04	2	4166274	4176429	42	-0.5731
05afc04d-6684-47b1-b9e7-822a89570f04	2	4182472	24376380	14899	0.0192
05afc04d-6684-47b1-b9e7-822a89570f04	2	24378642	24388259	19	-0.621
05afc04d-6684-47b1-b9e7-822a89570f04	2	24388858	29420466	2700	-0.0008
05afc04d-6684-47b1-b9e7-822a89570f04	2	29421019	29421729	6	-1.0021
05afc04d-6684-47b1-b9e7-822a89570f04	2	29421780	49310530	14202	0.0106
05afc04d-6684-47b1-b9e7-822a89570f04	2	49310656	49314051	3	-1.6072
05afc04d-6684-47b1-b9e7-822a89570f04	2	49317902	52527342	2271	0.0303
05afc04d-6684-47b1-b9e7-822a89570f04	2	52527362	52554404	38	-1.9746
05afc04d-6684-47b1-b9e7-822a89570f04	2	52560811	86710564	21922	0.0158
05afc04d-6684-47b1-b9e7-822a89570f04	2	86725947	86726731	2	1.4775
05afc04d-6684-47b1-b9e7-822a89570f04	2	86743283	87211079	106	-0.0641
05afc04d-6684-47b1-b9e7-822a89570f04	2	87218694	87218834	2	-1.4714
05afc04d-6684-47b1-b9e7-822a89570f04	2	87221597	128880504	20796	0.0186
05afc04d-6684-47b1-b9e7-822a89570f04	2	128880904	128882723	14	-0.7394
05afc04d-6684-47b1-b9e7-822a89570f04	2	128882741	130539652	990	0.0108
05afc04d-6684-47b1-b9e7-822a89570f04	2	130560276	130560478	2	-1.0434
05afc04d-6684-47b1-b9e7-822a89570f04	2	130720375	131458124	322	-0.0055
05afc04d-6684-47b1-b9e7-822a89570f04	2	131464435	131468795	3	-1.0555
05afc04d-6684-47b1-b9e7-822a89570f04	2	131472229	139603816	5085	0.0196
05afc04d-6684-47b1-b9e7-822a89570f04	2	139608522	139615765	2	-4.3162
05afc04d-6684-47b1-b9e7-822a89570f04	2	139620979	146106875	4013	0.0154
05afc04d-6684-47b1-b9e7-822a89570f04	2	146106889	146109366	21	-1.7285
05afc04d-6684-47b1-b9e7-822a89570f04	2	146120238	152342921	3792	0.0184
05afc04d-6684-47b1-b9e7-822a89570f04	2	152343549	152343858	2	-1.4467
05afc04d-6684-47b1-b9e7-822a89570f04	2	152344353	179555026	16713	0.0127
05afc04d-6684-47b1-b9e7-822a89570f04	2	179555716	179556770	10	-0.7304
05afc04d-6684-47b1-b9e7-822a89570f04	2	179556785	207490231	16447	0.0112
05afc04d-6684-47b1-b9e7-822a89570f04	2	207490454	207494612	16	-0.8436
05afc04d-6684-47b1-b9e7-822a89570f04	2	207494752	242147305	22085	0.0119
05afc04d-6684-47b1-b9e7-822a89570f04	3	20930	182919	154	0.0749
05afc04d-6684-47b1-b9e7-822a89570f04	3	188339	190956	3	-3.4171
05afc04d-6684-47b1-b9e7-822a89570f04	3	191117	1911770	1563	0.0642
05afc04d-6684-47b1-b9e7-822a89570f04	3	1913397	1946787	21	-0.0936
05afc04d-6684-47b1-b9e7-822a89570f04	3	1948816	1950840	3	-0.8346
05afc04d-6684-47b1-b9e7-822a89570f04	3	1954191	5018705	2734	0.0228
05afc04d-6684-47b1-b9e7-822a89570f04	3	5018883	5146118	87	-0.1411
05afc04d-6684-47b1-b9e7-822a89570f04	3	5146747	5323547	123	0.0243
05afc04d-6684-47b1-b9e7-822a89570f04	3	5323581	6604856	1129	0.0662
05afc04d-6684-47b1-b9e7-822a89570f04	3	6609441	6613561	25	-0.6383
05afc04d-6684-47b1-b9e7-822a89570f04	3	6613684	65202778	39469	0.0182
05afc04d-6684-47b1-b9e7-822a89570f04	3	65203560	65224640	51	-0.5622
05afc04d-6684-47b1-b9e7-822a89570f04	3	65224777	68697013	2423	0.0139
05afc04d-6684-47b1-b9e7-822a89570f04	3	68697108	68698262	14	0.9444
05afc04d-6684-47b1-b9e7-822a89570f04	3	68699607	75372019	4865	0.0102
05afc04d-6684-47b1-b9e7-822a89570f04	3	75377956	75590356	74	-0.6975
05afc04d-6684-47b1-b9e7-822a89570f04	3	75596233	130072505	29727	0.0173
05afc04d-6684-47b1-b9e7-822a89570f04	3	130072637	130087209	20	-0.5694
05afc04d-6684-47b1-b9e7-822a89570f04	3	130087393	162795304	20272	0.017
05afc04d-6684-47b1-b9e7-822a89570f04	3	162795361	162908784	68	-0.4786
05afc04d-6684-47b1-b9e7-822a89570f04	3	162908815	167941968	2802	0.0272
05afc04d-6684-47b1-b9e7-822a89570f04	3	167942969	167943348	2	-2.0947
05afc04d-6684-47b1-b9e7-822a89570f04	3	167948129	198169247	19069	0.0095
05afc04d-6684-47b1-b9e7-822a89570f04	4	68929	9455251	5158	0.0185
05afc04d-6684-47b1-b9e7-822a89570f04	4	9459504	9496201	9	0.7078
05afc04d-6684-47b1-b9e7-822a89570f04	4	9496271	10208766	537	0.0242
05afc04d-6684-47b1-b9e7-822a89570f04	4	10212536	10229874	29	-1.8349
05afc04d-6684-47b1-b9e7-822a89570f04	4	10232590	34777432	16984	0.0201
05afc04d-6684-47b1-b9e7-822a89570f04	4	34784878	34828250	39	0.6668
05afc04d-6684-47b1-b9e7-822a89570f04	4	34828291	40051090	3477	0.0125
05afc04d-6684-47b1-b9e7-822a89570f04	4	40051457	40113318	32	-0.2889
05afc04d-6684-47b1-b9e7-822a89570f04	4	40113619	59107300	10294	0.0125
05afc04d-6684-47b1-b9e7-822a89570f04	4	59108353	59122391	9	0.6397
05afc04d-6684-47b1-b9e7-822a89570f04	4	59123359	68509237	5649	0.0269
05afc04d-6684-47b1-b9e7-822a89570f04	4	68509442	68655691	67	-0.3858
05afc04d-6684-47b1-b9e7-822a89570f04	4	68663241	107130343	23252	0.0183
05afc04d-6684-47b1-b9e7-822a89570f04	4	107144594	107147256	18	-0.8094
05afc04d-6684-47b1-b9e7-822a89570f04	4	107150362	107150471	3	0.0811
05afc04d-6684-47b1-b9e7-822a89570f04	4	107150731	107155376	17	-0.7681
05afc04d-6684-47b1-b9e7-822a89570f04	4	107156277	137168393	17667	0.0184
05afc04d-6684-47b1-b9e7-822a89570f04	4	137170949	137173967	19	-0.5812
05afc04d-6684-47b1-b9e7-822a89570f04	4	137187209	137261279	81	0.0268
05afc04d-6684-47b1-b9e7-822a89570f04	4	137261327	137261339	2	1.0171
05afc04d-6684-47b1-b9e7-822a89570f04	4	137261389	139616517	1583	0.0244
05afc04d-6684-47b1-b9e7-822a89570f04	4	139616839	139618214	2	-1.2561
05afc04d-6684-47b1-b9e7-822a89570f04	4	139618663	145351809	3477	0.0188
05afc04d-6684-47b1-b9e7-822a89570f04	4	145355043	145365894	7	-0.8498
05afc04d-6684-47b1-b9e7-822a89570f04	4	145377308	151868634	3670	0.0147
05afc04d-6684-47b1-b9e7-822a89570f04	4	151870381	151871739	13	-0.6461
05afc04d-6684-47b1-b9e7-822a89570f04	4	151873644	151873707	3	1.6069
05afc04d-6684-47b1-b9e7-822a89570f04	4	151874236	160952848	5864	0.0184
05afc04d-6684-47b1-b9e7-822a89570f04	4	160958866	160963448	20	-0.5228
05afc04d-6684-47b1-b9e7-822a89570f04	4	160963756	168057281	4493	0.0122
05afc04d-6684-47b1-b9e7-822a89570f04	4	168057660	168058112	4	1.0792
05afc04d-6684-47b1-b9e7-822a89570f04	4	168058165	170346931	1480	0.015
05afc04d-6684-47b1-b9e7-822a89570f04	4	170346943	170352007	6	-0.735
05afc04d-6684-47b1-b9e7-822a89570f04	4	170352863	172066777	1093	0.0198
05afc04d-6684-47b1-b9e7-822a89570f04	4	172067997	172068382	12	-1.3038
05afc04d-6684-47b1-b9e7-822a89570f04	4	172074828	172507191	234	0.0207
05afc04d-6684-47b1-b9e7-822a89570f04	4	172507320	172507492	3	1.1495
05afc04d-6684-47b1-b9e7-822a89570f04	4	172519981	190106768	11839	0.0194
05afc04d-6684-47b1-b9e7-822a89570f04	5	15532	12819263	10196	0.02
05afc04d-6684-47b1-b9e7-822a89570f04	5	12819554	12819964	5	-2.0852
05afc04d-6684-47b1-b9e7-822a89570f04	5	12824299	46271006	20477	0.0207
05afc04d-6684-47b1-b9e7-822a89570f04	5	46271828	46273400	6	-2.4216
05afc04d-6684-47b1-b9e7-822a89570f04	5	46278110	58025819	5073	0.0123
05afc04d-6684-47b1-b9e7-822a89570f04	5	58030200	58037706	32	1.4249
05afc04d-6684-47b1-b9e7-822a89570f04	5	58042530	97709417	22910	0.0153
05afc04d-6684-47b1-b9e7-822a89570f04	5	97712762	97777698	45	-0.8121
05afc04d-6684-47b1-b9e7-822a89570f04	5	97778079	112924706	9478	0.0253
05afc04d-6684-47b1-b9e7-822a89570f04	5	112928842	112940950	9	-0.8863
05afc04d-6684-47b1-b9e7-822a89570f04	5	112948526	119618000	4806	0.0195
05afc04d-6684-47b1-b9e7-822a89570f04	5	119624251	119625679	4	-0.96
05afc04d-6684-47b1-b9e7-822a89570f04	5	119625926	123810516	2694	0.0246
05afc04d-6684-47b1-b9e7-822a89570f04	5	123810750	123810832	2	-2.8918
05afc04d-6684-47b1-b9e7-822a89570f04	5	123811156	146330127	13595	0.0134
05afc04d-6684-47b1-b9e7-822a89570f04	5	146331083	146333601	3	-1.581
05afc04d-6684-47b1-b9e7-822a89570f04	5	146334459	152134610	4061	0.0119
05afc04d-6684-47b1-b9e7-822a89570f04	5	152135825	152138790	14	-0.5541
05afc04d-6684-47b1-b9e7-822a89570f04	5	152140710	177771448	17476	0.0198
05afc04d-6684-47b1-b9e7-822a89570f04	5	177800550	177805604	3	2.0374
05afc04d-6684-47b1-b9e7-822a89570f04	5	177827964	180934838	1793	0.0035
05afc04d-6684-47b1-b9e7-822a89570f04	5	180945168	181006225	23	0.4447
05afc04d-6684-47b1-b9e7-822a89570f04	5	181006264	181363319	169	-0.0615
05afc04d-6684-47b1-b9e7-822a89570f04	6	149661	254283	101	-0.0151
05afc04d-6684-47b1-b9e7-822a89570f04	6	257353	384109	99	-0.858
05afc04d-6684-47b1-b9e7-822a89570f04	6	384521	24974609	18880	0.0166
05afc04d-6684-47b1-b9e7-822a89570f04	6	24975080	24975257	3	-1.8037
05afc04d-6684-47b1-b9e7-822a89570f04	6	24975375	76726815	29685	0.0145
05afc04d-6684-47b1-b9e7-822a89570f04	6	76730151	76742665	15	-3.8512
05afc04d-6684-47b1-b9e7-822a89570f04	6	76742675	76743040	6	-1.0177
05afc04d-6684-47b1-b9e7-822a89570f04	6	76751356	78253172	976	0.0086
05afc04d-6684-47b1-b9e7-822a89570f04	6	78259348	78325468	113	-0.3797
05afc04d-6684-47b1-b9e7-822a89570f04	6	78329517	92845259	9194	0.0162
05afc04d-6684-47b1-b9e7-822a89570f04	6	92846035	92846930	6	-0.8511
05afc04d-6684-47b1-b9e7-822a89570f04	6	92847195	93942689	808	0.02
05afc04d-6684-47b1-b9e7-822a89570f04	6	93942822	93947846	2	-1.4685
05afc04d-6684-47b1-b9e7-822a89570f04	6	93949814	94965875	678	0.083
05afc04d-6684-47b1-b9e7-822a89570f04	6	94970302	103036077	4616	0.0141
05afc04d-6684-47b1-b9e7-822a89570f04	6	103036080	103286954	173	0.0725
05afc04d-6684-47b1-b9e7-822a89570f04	6	103290101	103314186	46	0.5105
05afc04d-6684-47b1-b9e7-822a89570f04	6	103317795	133945130	19073	0.0105
05afc04d-6684-47b1-b9e7-822a89570f04	6	133947933	133948494	2	-1.5438
05afc04d-6684-47b1-b9e7-822a89570f04	6	133950934	143218696	5878	0.0091
05afc04d-6684-47b1-b9e7-822a89570f04	6	143227144	143227440	3	1.0934
05afc04d-6684-47b1-b9e7-822a89570f04	6	143228784	170741917	19217	0.0166
05afc04d-6684-47b1-b9e7-822a89570f04	7	43355	3078167	1170	0.0102
05afc04d-6684-47b1-b9e7-822a89570f04	7	3078240	3078253	2	-1.3707
05afc04d-6684-47b1-b9e7-822a89570f04	7	3078664	4634827	1347	0.0066
05afc04d-6684-47b1-b9e7-822a89570f04	7	4644145	4645497	4	-0.9388
05afc04d-6684-47b1-b9e7-822a89570f04	7	4646228	5696726	443	-0.0011
05afc04d-6684-47b1-b9e7-822a89570f04	7	5697453	5840627	74	-0.154
05afc04d-6684-47b1-b9e7-822a89570f04	7	5843891	5845695	3	-1.0392
05afc04d-6684-47b1-b9e7-822a89570f04	7	5849392	6791305	374	-0.0302
05afc04d-6684-47b1-b9e7-822a89570f04	7	6797375	6824452	7	-0.8259
05afc04d-6684-47b1-b9e7-822a89570f04	7	6824616	9065141	1922	0.0422
05afc04d-6684-47b1-b9e7-822a89570f04	7	9065396	9065942	3	-1.8141
05afc04d-6684-47b1-b9e7-822a89570f04	7	9074105	16764365	6147	0.0301
05afc04d-6684-47b1-b9e7-822a89570f04	7	16766676	16768847	2	-2.7944
05afc04d-6684-47b1-b9e7-822a89570f04	7	16771928	33088634	12253	0.0187
05afc04d-6684-47b1-b9e7-822a89570f04	7	33091075	33145870	34	0.5721
05afc04d-6684-47b1-b9e7-822a89570f04	7	33150181	38255395	3577	0.0158
05afc04d-6684-47b1-b9e7-822a89570f04	7	38258234	38364786	126	-0.2267
05afc04d-6684-47b1-b9e7-822a89570f04	7	38365370	56694420	12546	0.0196
05afc04d-6684-47b1-b9e7-822a89570f04	7	56700314	56701121	2	-2.228
05afc04d-6684-47b1-b9e7-822a89570f04	7	56704473	70955452	4562	-0.0102
05afc04d-6684-47b1-b9e7-822a89570f04	7	70958264	70961155	2	-1.9474
05afc04d-6684-47b1-b9e7-822a89570f04	7	70963257	72064490	759	0.0155
05afc04d-6684-47b1-b9e7-822a89570f04	7	72067694	76029763	1207	-0.0376
05afc04d-6684-47b1-b9e7-822a89570f04	7	76033885	88521483	7780	0.0249
05afc04d-6684-47b1-b9e7-822a89570f04	7	88522169	88714145	134	0.6587
05afc04d-6684-47b1-b9e7-822a89570f04	7	88714509	89003090	236	1.2517
05afc04d-6684-47b1-b9e7-822a89570f04	7	89018127	89890325	516	0.9761
05afc04d-6684-47b1-b9e7-822a89570f04	7	89892494	89895535	3	-0.63
05afc04d-6684-47b1-b9e7-822a89570f04	7	89902765	90257003	273	0.9246
05afc04d-6684-47b1-b9e7-822a89570f04	7	90266400	90475310	128	-0.0085
05afc04d-6684-47b1-b9e7-822a89570f04	7	90476012	90537462	46	0.5593
05afc04d-6684-47b1-b9e7-822a89570f04	7	90537543	97766148	4615	0.0087
05afc04d-6684-47b1-b9e7-822a89570f04	7	97766150	97773163	15	-1.6459
05afc04d-6684-47b1-b9e7-822a89570f04	7	97774928	103197500	2262	-0.0305
05afc04d-6684-47b1-b9e7-822a89570f04	7	103203015	109800866	4361	0.0169
05afc04d-6684-47b1-b9e7-822a89570f04	7	109801155	109813853	12	0.6967
05afc04d-6684-47b1-b9e7-822a89570f04	7	109813925	142058171	19960	0.0107
05afc04d-6684-47b1-b9e7-822a89570f04	7	142059987	142092307	39	0.3739
05afc04d-6684-47b1-b9e7-822a89570f04	7	142099190	142581256	345	0.0195
05afc04d-6684-47b1-b9e7-822a89570f04	7	142618972	142710767	56	-0.2171
05afc04d-6684-47b1-b9e7-822a89570f04	7	142710881	143733941	518	0.0268
05afc04d-6684-47b1-b9e7-822a89570f04	7	143773027	143802294	6	-0.4701
05afc04d-6684-47b1-b9e7-822a89570f04	7	143846758	144207186	278	0.0392
05afc04d-6684-47b1-b9e7-822a89570f04	7	144249785	144264193	7	0.7773
05afc04d-6684-47b1-b9e7-822a89570f04	7	144295437	153450553	5563	0.0211
05afc04d-6684-47b1-b9e7-822a89570f04	7	153450560	153450627	2	-2.9186
05afc04d-6684-47b1-b9e7-822a89570f04	7	153450630	159334314	4091	0.0278
05afc04d-6684-47b1-b9e7-822a89570f04	8	81254	1418902	897	0.0163
05afc04d-6684-47b1-b9e7-822a89570f04	8	1419196	1419436	2	-1.9937
05afc04d-6684-47b1-b9e7-822a89570f04	8	1419522	2844412	1141	0.0225
05afc04d-6684-47b1-b9e7-822a89570f04	8	2846011	2846377	7	1.0225
05afc04d-6684-47b1-b9e7-822a89570f04	8	2849649	3819378	1164	0.0302
05afc04d-6684-47b1-b9e7-822a89570f04	8	3819474	3820512	9	-0.669
05afc04d-6684-47b1-b9e7-822a89570f04	8	3821982	4850446	1665	0.0565
05afc04d-6684-47b1-b9e7-822a89570f04	8	4850731	4850832	3	-1.4662
05afc04d-6684-47b1-b9e7-822a89570f04	8	4851208	6143232	1647	0.0453
05afc04d-6684-47b1-b9e7-822a89570f04	8	6146683	6503541	528	-0.0557
05afc04d-6684-47b1-b9e7-822a89570f04	8	6503800	6982775	577	0.0246
05afc04d-6684-47b1-b9e7-822a89570f04	8	7001884	7002140	2	1.2414
05afc04d-6684-47b1-b9e7-822a89570f04	8	7018620	7396819	110	0.0289
05afc04d-6684-47b1-b9e7-822a89570f04	8	7397588	7941868	29	-0.5463
05afc04d-6684-47b1-b9e7-822a89570f04	8	7974123	8120649	12	0.1452
05afc04d-6684-47b1-b9e7-822a89570f04	8	8132772	8214781	6	-0.8406
05afc04d-6684-47b1-b9e7-822a89570f04	8	8234503	12376131	3231	0.0032
05afc04d-6684-47b1-b9e7-822a89570f04	8	12376245	12616373	46	-0.3422
05afc04d-6684-47b1-b9e7-822a89570f04	8	12620185	25114672	10398	0.0191
05afc04d-6684-47b1-b9e7-822a89570f04	8	25116928	25126818	27	0.4399
05afc04d-6684-47b1-b9e7-822a89570f04	8	25133589	50119451	13660	0.0166
05afc04d-6684-47b1-b9e7-822a89570f04	8	50119464	50119827	7	-1.9068
05afc04d-6684-47b1-b9e7-822a89570f04	8	50126018	59411610	6189	0.0221
05afc04d-6684-47b1-b9e7-822a89570f04	8	59413898	59416574	6	-0.8999
05afc04d-6684-47b1-b9e7-822a89570f04	8	59420249	63936079	2862	0.0257
05afc04d-6684-47b1-b9e7-822a89570f04	8	63936340	63936561	6	0.8878
05afc04d-6684-47b1-b9e7-822a89570f04	8	63936953	111282065	28347	0.0152
05afc04d-6684-47b1-b9e7-822a89570f04	8	111282237	111283016	7	-1.4378
05afc04d-6684-47b1-b9e7-822a89570f04	8	111283031	145072769	22921	0.0205
05afc04d-6684-47b1-b9e7-822a89570f04	9	46587	6503517	6220	0.014
05afc04d-6684-47b1-b9e7-822a89570f04	9	6504678	6865386	271	-0.1058
05afc04d-6684-47b1-b9e7-822a89570f04	9	6866374	11532517	4417	0.037
05afc04d-6684-47b1-b9e7-822a89570f04	9	11535868	11538142	7	-0.7136
05afc04d-6684-47b1-b9e7-822a89570f04	9	11541719	25589280	11130	0.0162
05afc04d-6684-47b1-b9e7-822a89570f04	9	25591901	25592658	4	-0.9273
05afc04d-6684-47b1-b9e7-822a89570f04	9	25597967	39588611	9130	0.0151
05afc04d-6684-47b1-b9e7-822a89570f04	9	39747848	42014203	106	0.3562
05afc04d-6684-47b1-b9e7-822a89570f04	9	42037471	42202227	21	-1.6059
05afc04d-6684-47b1-b9e7-822a89570f04	9	42211663	42574420	16	-0.5776
05afc04d-6684-47b1-b9e7-822a89570f04	9	42585140	42715632	10	0.7314
05afc04d-6684-47b1-b9e7-822a89570f04	9	42719891	60893611	36	0.0946
05afc04d-6684-47b1-b9e7-822a89570f04	9	60894341	61405110	9	-0.3499
05afc04d-6684-47b1-b9e7-822a89570f04	9	61520021	61665362	31	0.6275
05afc04d-6684-47b1-b9e7-822a89570f04	9	61668104	68407113	185	0.145
05afc04d-6684-47b1-b9e7-822a89570f04	9	68412579	110262509	29889	0.0148
05afc04d-6684-47b1-b9e7-822a89570f04	9	110264442	110265889	2	-1.816
05afc04d-6684-47b1-b9e7-822a89570f04	9	110270151	113058286	2023	0.0045
05afc04d-6684-47b1-b9e7-822a89570f04	9	113092071	113119320	25	0.5656
05afc04d-6684-47b1-b9e7-822a89570f04	9	113119604	136161432	15253	0.0104
05afc04d-6684-47b1-b9e7-822a89570f04	9	136161669	136166877	4	-0.9309
05afc04d-6684-47b1-b9e7-822a89570f04	9	136167429	138200944	703	0.0116
05afc04d-6684-47b1-b9e7-822a89570f04	10	45792	24083828	19194	0.0124
05afc04d-6684-47b1-b9e7-822a89570f04	10	24086334	24090110	16	0.4832
05afc04d-6684-47b1-b9e7-822a89570f04	10	24091731	26937169	1982	0.0167
05afc04d-6684-47b1-b9e7-822a89570f04	10	26937875	26941064	11	0.5607
05afc04d-6684-47b1-b9e7-822a89570f04	10	26941746	43118257	8443	0.0076
05afc04d-6684-47b1-b9e7-822a89570f04	10	43118340	43118413	4	-0.8818
05afc04d-6684-47b1-b9e7-822a89570f04	10	43118608	45761333	1785	0.0203
05afc04d-6684-47b1-b9e7-822a89570f04	10	45798061	45936113	4	-1.0689
05afc04d-6684-47b1-b9e7-822a89570f04	10	45998155	46332377	225	0.011
05afc04d-6684-47b1-b9e7-822a89570f04	10	46333369	46446817	5	0.8874
05afc04d-6684-47b1-b9e7-822a89570f04	10	46489651	46552750	27	0.2478
05afc04d-6684-47b1-b9e7-822a89570f04	10	46552776	46693480	22	0.7164
05afc04d-6684-47b1-b9e7-822a89570f04	10	46693694	65548193	12698	0.0178
05afc04d-6684-47b1-b9e7-822a89570f04	10	65548259	65554688	25	-0.4278
05afc04d-6684-47b1-b9e7-822a89570f04	10	65563037	122584593	38314	0.0147
05afc04d-6684-47b1-b9e7-822a89570f04	10	122584707	122591497	5	-1.2192
05afc04d-6684-47b1-b9e7-822a89570f04	10	122597296	133654968	7903	0.0247
05afc04d-6684-47b1-b9e7-822a89570f04	11	198510	6011537	3453	0.0067
05afc04d-6684-47b1-b9e7-822a89570f04	11	6011711	6012061	2	-1.5176
05afc04d-6684-47b1-b9e7-822a89570f04	11	6012746	9228367	2298	0.0152
05afc04d-6684-47b1-b9e7-822a89570f04	11	9229271	9365837	47	-0.2392
05afc04d-6684-47b1-b9e7-822a89570f04	11	9367843	18919323	6873	0.0189
05afc04d-6684-47b1-b9e7-822a89570f04	11	18927525	18939631	35	0.7185
05afc04d-6684-47b1-b9e7-822a89570f04	11	18939734	24420628	4383	0.0175
05afc04d-6684-47b1-b9e7-822a89570f04	11	24422703	24428711	6	-0.8778
05afc04d-6684-47b1-b9e7-822a89570f04	11	24433630	48688176	16246	0.02
05afc04d-6684-47b1-b9e7-822a89570f04	11	48688191	48908580	60	-0.1976
05afc04d-6684-47b1-b9e7-822a89570f04	11	48908776	49737435	349	0.0526
05afc04d-6684-47b1-b9e7-822a89570f04	11	49738003	49739136	6	-0.83
05afc04d-6684-47b1-b9e7-822a89570f04	11	49744609	55608804	730	0.0106
05afc04d-6684-47b1-b9e7-822a89570f04	11	55609022	55686100	52	0.4024
05afc04d-6684-47b1-b9e7-822a89570f04	11	55693207	80256460	13256	0.0088
05afc04d-6684-47b1-b9e7-822a89570f04	11	80256469	80256520	3	1.0919
05afc04d-6684-47b1-b9e7-822a89570f04	11	80256642	101723653	15295	0.0241
05afc04d-6684-47b1-b9e7-822a89570f04	11	101727129	101727481	5	0.9998
05afc04d-6684-47b1-b9e7-822a89570f04	11	101729167	126679119	17210	0.0133
05afc04d-6684-47b1-b9e7-822a89570f04	11	126679350	126679362	2	1.5582
05afc04d-6684-47b1-b9e7-822a89570f04	11	126679608	135074876	6515	0.0194
05afc04d-6684-47b1-b9e7-822a89570f04	12	51460	9481274	6174	0.0064
05afc04d-6684-47b1-b9e7-822a89570f04	12	9485313	9562969	22	-1.5274
05afc04d-6684-47b1-b9e7-822a89570f04	12	9575696	33141653	16573	0.0058
05afc04d-6684-47b1-b9e7-822a89570f04	12	33141688	33154440	30	-0.5185
05afc04d-6684-47b1-b9e7-822a89570f04	12	33155426	99398036	39277	0.0094
05afc04d-6684-47b1-b9e7-822a89570f04	12	99401515	99404956	31	-0.4823
05afc04d-6684-47b1-b9e7-822a89570f04	12	99409315	108087640	5897	0.0138
05afc04d-6684-47b1-b9e7-822a89570f04	12	108089997	108090347	3	1.1228
05afc04d-6684-47b1-b9e7-822a89570f04	12	108092446	133201603	16818	0.0052
05afc04d-6684-47b1-b9e7-822a89570f04	13	18452809	19523804	511	0.0298
05afc04d-6684-47b1-b9e7-822a89570f04	13	19526387	21250846	1007	-0.0427
05afc04d-6684-47b1-b9e7-822a89570f04	13	21251915	23055048	1338	0.0263
05afc04d-6684-47b1-b9e7-822a89570f04	13	23055071	23059376	13	-1.976
05afc04d-6684-47b1-b9e7-822a89570f04	13	23064056	31957984	6700	0.0099
05afc04d-6684-47b1-b9e7-822a89570f04	13	31958485	31964286	18	-0.7972
05afc04d-6684-47b1-b9e7-822a89570f04	13	31965910	37496998	3897	0.0197
05afc04d-6684-47b1-b9e7-822a89570f04	13	37497899	37510620	16	0.5919
05afc04d-6684-47b1-b9e7-822a89570f04	13	37514193	38478674	701	0.0199
05afc04d-6684-47b1-b9e7-822a89570f04	13	38483435	38483919	2	-1.802
05afc04d-6684-47b1-b9e7-822a89570f04	13	38490920	52497017	9193	0.0101
05afc04d-6684-47b1-b9e7-822a89570f04	13	52500777	52565009	12	-0.7855
05afc04d-6684-47b1-b9e7-822a89570f04	13	52571523	57129067	2603	0.0192
05afc04d-6684-47b1-b9e7-822a89570f04	13	57129120	57204246	51	0.2386
05afc04d-6684-47b1-b9e7-822a89570f04	13	57215580	95287632	24436	0.0181
05afc04d-6684-47b1-b9e7-822a89570f04	13	95287677	95431392	109	-0.1929
05afc04d-6684-47b1-b9e7-822a89570f04	13	95431964	114342922	13541	0.0172
05afc04d-6684-47b1-b9e7-822a89570f04	14	18239283	19732222	66	0.1565
05afc04d-6684-47b1-b9e7-822a89570f04	14	19732250	19955213	100	0.9706
05afc04d-6684-47b1-b9e7-822a89570f04	14	19956767	20884940	713	-0.0113
05afc04d-6684-47b1-b9e7-822a89570f04	14	20888097	20941822	22	0.4814
05afc04d-6684-47b1-b9e7-822a89570f04	14	20945196	22013212	688	-0.0212
05afc04d-6684-47b1-b9e7-822a89570f04	14	22013289	22500668	417	-0.2438
05afc04d-6684-47b1-b9e7-822a89570f04	14	22501067	106418444	53144	0.0135
05afc04d-6684-47b1-b9e7-822a89570f04	14	106423925	106462724	49	-0.7024
05afc04d-6684-47b1-b9e7-822a89570f04	14	106475361	106877229	194	0.064
05afc04d-6684-47b1-b9e7-822a89570f04	15	19811075	22647715	227	0.0377
05afc04d-6684-47b1-b9e7-822a89570f04	15	22649650	23504898	355	-0.0723
05afc04d-6684-47b1-b9e7-822a89570f04	15	23505225	30077828	4245	0.0256
05afc04d-6684-47b1-b9e7-822a89570f04	15	30094208	30158166	6	-0.7952
05afc04d-6684-47b1-b9e7-822a89570f04	15	30199184	30300815	17	0.3578
05afc04d-6684-47b1-b9e7-822a89570f04	15	30304026	44931456	8864	0.0157
05afc04d-6684-47b1-b9e7-822a89570f04	15	44933059	44942884	7	-0.7146
05afc04d-6684-47b1-b9e7-822a89570f04	15	44946546	53492794	5388	0.017
05afc04d-6684-47b1-b9e7-822a89570f04	15	53492842	53493082	5	-0.7861
05afc04d-6684-47b1-b9e7-822a89570f04	15	53498050	53902792	309	0.0188
05afc04d-6684-47b1-b9e7-822a89570f04	15	53908153	53909163	2	-1.8467
05afc04d-6684-47b1-b9e7-822a89570f04	15	53912031	62768726	6437	0.0138
05afc04d-6684-47b1-b9e7-822a89570f04	15	62769410	62770141	3	-0.9536
05afc04d-6684-47b1-b9e7-822a89570f04	15	62772018	69037475	3801	0.0086
05afc04d-6684-47b1-b9e7-822a89570f04	15	69038945	69039020	2	2.2422
05afc04d-6684-47b1-b9e7-822a89570f04	15	69045335	72037752	2001	0.0202
05afc04d-6684-47b1-b9e7-822a89570f04	15	72039917	72044118	3	-1.0611
05afc04d-6684-47b1-b9e7-822a89570f04	15	72049039	76599170	2243	0.0084
05afc04d-6684-47b1-b9e7-822a89570f04	15	76599286	76603003	13	-2.1517
05afc04d-6684-47b1-b9e7-822a89570f04	15	76603426	76603434	7	-0.9263
05afc04d-6684-47b1-b9e7-822a89570f04	15	76609838	82882631	3896	0.0102
05afc04d-6684-47b1-b9e7-822a89570f04	15	82889131	82889319	3	1.0972
05afc04d-6684-47b1-b9e7-822a89570f04	15	82890669	92262819	6392	0.0138
05afc04d-6684-47b1-b9e7-822a89570f04	15	92262896	92263061	5	-1.1772
05afc04d-6684-47b1-b9e7-822a89570f04	15	92263188	101905038	7312	0.0156
05afc04d-6684-47b1-b9e7-822a89570f04	15	101919053	101928837	2	-0.915
05afc04d-6684-47b1-b9e7-822a89570f04	16	10777	41192	12	-0.2766
05afc04d-6684-47b1-b9e7-822a89570f04	16	44808	8884325	6424	0.0149
05afc04d-6684-47b1-b9e7-822a89570f04	16	8886064	9206089	206	-0.1195
05afc04d-6684-47b1-b9e7-822a89570f04	16	9206374	12555002	2770	0.004
05afc04d-6684-47b1-b9e7-822a89570f04	16	12555121	12555138	2	2.4671
05afc04d-6684-47b1-b9e7-822a89570f04	16	12556390	14887120	1697	0.0033
05afc04d-6684-47b1-b9e7-822a89570f04	16	14895982	15022400	53	-0.8112
05afc04d-6684-47b1-b9e7-822a89570f04	16	15031584	16645581	619	-0.1264
05afc04d-6684-47b1-b9e7-822a89570f04	16	16653072	53884970	13543	-0.0001
05afc04d-6684-47b1-b9e7-822a89570f04	16	53888926	53952698	45	-0.9867
05afc04d-6684-47b1-b9e7-822a89570f04	16	53955066	78337711	15860	0.0127
05afc04d-6684-47b1-b9e7-822a89570f04	16	78338543	78350841	15	-2.1776
05afc04d-6684-47b1-b9e7-822a89570f04	16	78350868	90096867	10617	0.0134
05afc04d-6684-47b1-b9e7-822a89570f04	17	150733	6845783	3896	-0.0159
05afc04d-6684-47b1-b9e7-822a89570f04	17	6872184	6960028	33	-1.0196
05afc04d-6684-47b1-b9e7-822a89570f04	17	6962706	18414080	7462	0.0036
05afc04d-6684-47b1-b9e7-822a89570f04	17	18452078	18550123	25	0.6302
05afc04d-6684-47b1-b9e7-822a89570f04	17	18561272	41266838	9403	0.0006
05afc04d-6684-47b1-b9e7-822a89570f04	17	41266851	41276472	20	-0.6981
05afc04d-6684-47b1-b9e7-822a89570f04	17	41276588	43083782	989	0.0036
05afc04d-6684-47b1-b9e7-822a89570f04	17	43087220	43087265	4	-0.9358
05afc04d-6684-47b1-b9e7-822a89570f04	17	43087286	46089055	1507	-0.0023
05afc04d-6684-47b1-b9e7-822a89570f04	17	46089089	46284643	120	-0.4349
05afc04d-6684-47b1-b9e7-822a89570f04	17	46284997	83091923	21574	0.0072
05afc04d-6684-47b1-b9e7-822a89570f04	18	48133	677367	472	-0.0289
05afc04d-6684-47b1-b9e7-822a89570f04	18	677408	860939	133	-0.164
05afc04d-6684-47b1-b9e7-822a89570f04	18	861384	42471713	23417	0.0156
05afc04d-6684-47b1-b9e7-822a89570f04	18	42476604	42478430	26	-0.6966
05afc04d-6684-47b1-b9e7-822a89570f04	18	42480972	53677765	7671	0.0205
05afc04d-6684-47b1-b9e7-822a89570f04	18	53680839	53684270	5	-1.1499
05afc04d-6684-47b1-b9e7-822a89570f04	18	53685778	80257174	19015	0.0291
05afc04d-6684-47b1-b9e7-822a89570f04	19	90910	21632117	9605	-0.0076
05afc04d-6684-47b1-b9e7-822a89570f04	19	21632838	21637067	2	-1.8081
05afc04d-6684-47b1-b9e7-822a89570f04	19	21637309	42764471	10795	-0.0032
05afc04d-6684-47b1-b9e7-822a89570f04	19	42768594	42823854	25	0.4609
05afc04d-6684-47b1-b9e7-822a89570f04	19	42828182	43193181	164	0.0199
05afc04d-6684-47b1-b9e7-822a89570f04	19	43198881	43249358	21	-0.9296
05afc04d-6684-47b1-b9e7-822a89570f04	19	43252085	51628494	4145	-0.0082
05afc04d-6684-47b1-b9e7-822a89570f04	19	51628545	51644944	13	-0.8219
05afc04d-6684-47b1-b9e7-822a89570f04	19	51651652	55766684	2492	-0.0228
05afc04d-6684-47b1-b9e7-822a89570f04	19	55770704	55771701	5	1.154
05afc04d-6684-47b1-b9e7-822a89570f04	19	55774927	58586487	1838	-0.0135
05afc04d-6684-47b1-b9e7-822a89570f04	20	80664	1580353	1203	0.0225
05afc04d-6684-47b1-b9e7-822a89570f04	20	1580934	1609888	39	1.0838
05afc04d-6684-47b1-b9e7-822a89570f04	20	1613203	3837838	1573	0.0135
05afc04d-6684-47b1-b9e7-822a89570f04	20	3838991	4189278	221	-0.1032
05afc04d-6684-47b1-b9e7-822a89570f04	20	4190261	5544585	1077	0.0179
05afc04d-6684-47b1-b9e7-822a89570f04	20	5546836	5762636	129	-0.1444
05afc04d-6684-47b1-b9e7-822a89570f04	20	5763383	26324943	15774	0.0221
05afc04d-6684-47b1-b9e7-822a89570f04	20	30185676	30259177	15	-0.6797
05afc04d-6684-47b1-b9e7-822a89570f04	20	30271154	61973114	21365	0.0086
05afc04d-6684-47b1-b9e7-822a89570f04	20	61983972	61984028	3	-1.5078
05afc04d-6684-47b1-b9e7-822a89570f04	20	61992694	64324800	976	0.0116
05afc04d-6684-47b1-b9e7-822a89570f04	21	10354168	23920793	7585	0.0211
05afc04d-6684-47b1-b9e7-822a89570f04	21	23923855	23927374	4	-1.0146
05afc04d-6684-47b1-b9e7-822a89570f04	21	23927443	46262057	15996	0.0136
05afc04d-6684-47b1-b9e7-822a89570f04	21	46267563	46349300	40	0.5127
05afc04d-6684-47b1-b9e7-822a89570f04	21	46349382	46677045	240	-0.0605
05afc04d-6684-47b1-b9e7-822a89570f04	22	15294547	22398127	3456	-0.0245
05afc04d-6684-47b1-b9e7-822a89570f04	22	22398345	22398545	4	-1.3276
05afc04d-6684-47b1-b9e7-822a89570f04	22	22402989	38894915	11725	0.005
05afc04d-6684-47b1-b9e7-822a89570f04	22	38899250	38900899	3	-3.1159
05afc04d-6684-47b1-b9e7-822a89570f04	22	38903109	50796027	8077	0.0029
05afc04d-6684-47b1-b9e7-822a89570f04	X	251810	509065	25	-0.0275
05afc04d-6684-47b1-b9e7-822a89570f04	X	519852	531465	3	-1.1273
05afc04d-6684-47b1-b9e7-822a89570f04	X	531761	3760275	772	-0.0577
05afc04d-6684-47b1-b9e7-822a89570f04	X	3760371	20844463	11635	0.0212
05afc04d-6684-47b1-b9e7-822a89570f04	X	20856100	20858487	7	-0.9253
05afc04d-6684-47b1-b9e7-822a89570f04	X	20861189	33081248	8133	0.0117
05afc04d-6684-47b1-b9e7-822a89570f04	X	33081596	33101258	13	-0.6421
05afc04d-6684-47b1-b9e7-822a89570f04	X	33107410	112474685	37651	0.016
05afc04d-6684-47b1-b9e7-822a89570f04	X	112475224	112499549	15	-0.8927
05afc04d-6684-47b1-b9e7-822a89570f04	X	112508614	155952689	25393	0.0167
05afc04d-6684-47b1-b9e7-822a89570f04	Y	2782397	6913566	922	-2.4709
05afc04d-6684-47b1-b9e7-822a89570f04	Y	6914345	7922681	529	-2.7365
05afc04d-6684-47b1-b9e7-822a89570f04	Y	7923389	7923705	2	-7.5123
05afc04d-6684-47b1-b9e7-822a89570f04	Y	7924365	13491197	1805	-2.7579
05afc04d-6684-47b1-b9e7-822a89570f04	Y	13492145	14021618	216	-2.2825
05afc04d-6684-47b1-b9e7-822a89570f04	Y	14059401	26317011	2978	-2.7898
05afc04d-6684-47b1-b9e7-822a89570f04	Y	26317379	56872112	167	-2.2048
