GDC_Aliquot	Chromosome	Start	End	Num_Probes	Segment_Mean
0941a978-c8aa-467b-8464-9f979d1f0418	1	62920	98602	13	0.6472
0941a978-c8aa-467b-8464-9f979d1f0418	1	259407	16480729	8591	-0.4936
0941a978-c8aa-467b-8464-9f979d1f0418	1	16482199	16617327	24	0.0372
0941a978-c8aa-467b-8464-9f979d1f0418	1	16627347	16766922	33	-0.4473
0941a978-c8aa-467b-8464-9f979d1f0418	1	16767520	16935752	67	-0.0173
0941a978-c8aa-467b-8464-9f979d1f0418	1	16949746	18150956	870	-0.5006
0941a978-c8aa-467b-8464-9f979d1f0418	1	18151631	18154003	4	-1.8096
0941a978-c8aa-467b-8464-9f979d1f0418	1	18155450	21996664	2456	-0.4871
0941a978-c8aa-467b-8464-9f979d1f0418	1	22002025	22004046	2	-7.5883
0941a978-c8aa-467b-8464-9f979d1f0418	1	22010750	22651390	404	-0.4685
0941a978-c8aa-467b-8464-9f979d1f0418	1	22654121	22654193	2	-2.5087
0941a978-c8aa-467b-8464-9f979d1f0418	1	22654271	30238318	3872	-0.4769
0941a978-c8aa-467b-8464-9f979d1f0418	1	30239088	30245401	17	0.5518
0941a978-c8aa-467b-8464-9f979d1f0418	1	30246540	34461276	2468	-0.4935
0941a978-c8aa-467b-8464-9f979d1f0418	1	34462720	35242049	419	0.5873
0941a978-c8aa-467b-8464-9f979d1f0418	1	35249883	36043841	333	-0.4458
0941a978-c8aa-467b-8464-9f979d1f0418	1	36047497	38106651	1184	0.6169
0941a978-c8aa-467b-8464-9f979d1f0418	1	38117186	38718613	432	-0.438
0941a978-c8aa-467b-8464-9f979d1f0418	1	38718693	40402166	853	0.571
0941a978-c8aa-467b-8464-9f979d1f0418	1	40404613	40404873	2	-0.9519
0941a978-c8aa-467b-8464-9f979d1f0418	1	40406684	44650931	2572	0.6162
0941a978-c8aa-467b-8464-9f979d1f0418	1	44654293	45221081	281	-0.4488
0941a978-c8aa-467b-8464-9f979d1f0418	1	45225915	56988389	6974	0.6097
0941a978-c8aa-467b-8464-9f979d1f0418	1	56991170	57002350	13	0.0784
0941a978-c8aa-467b-8464-9f979d1f0418	1	57003118	61971271	3771	0.6174
0941a978-c8aa-467b-8464-9f979d1f0418	1	61973559	61984863	37	-0.5526
0941a978-c8aa-467b-8464-9f979d1f0418	1	61989000	68526502	4800	0.6188
0941a978-c8aa-467b-8464-9f979d1f0418	1	68528874	71552682	1754	0.9107
0941a978-c8aa-467b-8464-9f979d1f0418	1	71553331	71628079	61	0.2116
0941a978-c8aa-467b-8464-9f979d1f0418	1	71628288	72296993	397	0.9517
0941a978-c8aa-467b-8464-9f979d1f0418	1	72297687	72345465	49	1.7881
0941a978-c8aa-467b-8464-9f979d1f0418	1	72346221	74475609	1252	0.9147
0941a978-c8aa-467b-8464-9f979d1f0418	1	74480454	78368747	2548	0.1848
0941a978-c8aa-467b-8464-9f979d1f0418	1	78369213	78370085	2	-1.1299
0941a978-c8aa-467b-8464-9f979d1f0418	1	78370628	79793686	868	0.2198
0941a978-c8aa-467b-8464-9f979d1f0418	1	79794310	81457966	1173	0.9481
0941a978-c8aa-467b-8464-9f979d1f0418	1	81458421	81458434	2	-0.9835
0941a978-c8aa-467b-8464-9f979d1f0418	1	81458909	83766459	1519	0.9381
0941a978-c8aa-467b-8464-9f979d1f0418	1	83770213	94887650	7287	0.1972
0941a978-c8aa-467b-8464-9f979d1f0418	1	94889166	94935088	28	0.6347
0941a978-c8aa-467b-8464-9f979d1f0418	1	94941191	95905695	628	0.1881
0941a978-c8aa-467b-8464-9f979d1f0418	1	95905865	95927885	15	0.7451
0941a978-c8aa-467b-8464-9f979d1f0418	1	95931833	109684893	8277	0.1737
0941a978-c8aa-467b-8464-9f979d1f0418	1	109690352	109697556	13	2.0693
0941a978-c8aa-467b-8464-9f979d1f0418	1	109702376	118656945	6098	0.2021
0941a978-c8aa-467b-8464-9f979d1f0418	1	118657073	118676975	22	-1.1068
0941a978-c8aa-467b-8464-9f979d1f0418	1	118677873	121598439	1014	0.2133
0941a978-c8aa-467b-8464-9f979d1f0418	1	121601998	144432083	131	1.1416
0941a978-c8aa-467b-8464-9f979d1f0418	1	144432313	155210675	3895	0.6667
0941a978-c8aa-467b-8464-9f979d1f0418	1	155219369	155231273	11	2.2804
0941a978-c8aa-467b-8464-9f979d1f0418	1	155241876	155691436	203	0.6076
0941a978-c8aa-467b-8464-9f979d1f0418	1	155692180	155693566	2	-1.9592
0941a978-c8aa-467b-8464-9f979d1f0418	1	155697170	155840376	60	0.5902
0941a978-c8aa-467b-8464-9f979d1f0418	1	155840502	156553295	325	0.964
0941a978-c8aa-467b-8464-9f979d1f0418	1	156554552	165557556	6549	0.6677
0941a978-c8aa-467b-8464-9f979d1f0418	1	165562102	165844625	181	0.1491
0941a978-c8aa-467b-8464-9f979d1f0418	1	165845252	174827267	6133	0.6721
0941a978-c8aa-467b-8464-9f979d1f0418	1	174827418	174832716	17	-0.4555
0941a978-c8aa-467b-8464-9f979d1f0418	1	174832734	187382961	8388	0.6739
0941a978-c8aa-467b-8464-9f979d1f0418	1	187385755	187396013	10	1.2987
0941a978-c8aa-467b-8464-9f979d1f0418	1	187396465	194479104	4792	0.6722
0941a978-c8aa-467b-8464-9f979d1f0418	1	194482281	194485888	2	2.0029
0941a978-c8aa-467b-8464-9f979d1f0418	1	194487886	196745743	1452	0.6532
0941a978-c8aa-467b-8464-9f979d1f0418	1	196758720	196846661	61	-1.3804
0941a978-c8aa-467b-8464-9f979d1f0418	1	196847600	199048036	1306	0.673
0941a978-c8aa-467b-8464-9f979d1f0418	1	199053448	199053630	2	-0.6595
0941a978-c8aa-467b-8464-9f979d1f0418	1	199055213	208950183	6695	0.6832
0941a978-c8aa-467b-8464-9f979d1f0418	1	208950317	208950353	2	-0.865
0941a978-c8aa-467b-8464-9f979d1f0418	1	208950422	209457411	362	0.7103
0941a978-c8aa-467b-8464-9f979d1f0418	1	209459454	209897717	419	1.0694
0941a978-c8aa-467b-8464-9f979d1f0418	1	209908268	209908720	2	-1.3312
0941a978-c8aa-467b-8464-9f979d1f0418	1	209910639	218389406	5943	1.0129
0941a978-c8aa-467b-8464-9f979d1f0418	1	218389526	218395283	3	2.2823
0941a978-c8aa-467b-8464-9f979d1f0418	1	218399263	229759136	7156	0.9939
0941a978-c8aa-467b-8464-9f979d1f0418	1	229759517	229786849	31	1.4307
0941a978-c8aa-467b-8464-9f979d1f0418	1	229789777	248930189	13884	0.9906
0941a978-c8aa-467b-8464-9f979d1f0418	2	12784	4904310	3661	-0.0641
0941a978-c8aa-467b-8464-9f979d1f0418	2	4904488	4904955	2	-1.7626
0941a978-c8aa-467b-8464-9f979d1f0418	2	4905207	27216883	15672	-0.0616
0941a978-c8aa-467b-8464-9f979d1f0418	2	27218434	27218632	3	-1.5753
0941a978-c8aa-467b-8464-9f979d1f0418	2	27219036	71119433	30048	-0.0672
0941a978-c8aa-467b-8464-9f979d1f0418	2	71119487	71119695	5	-1.3554
0941a978-c8aa-467b-8464-9f979d1f0418	2	71120262	79103982	4928	-0.0616
0941a978-c8aa-467b-8464-9f979d1f0418	2	79104126	79111729	4	-1.3363
0941a978-c8aa-467b-8464-9f979d1f0418	2	79114973	83534946	2858	-0.0959
0941a978-c8aa-467b-8464-9f979d1f0418	2	83535966	85858022	1337	0.4799
0941a978-c8aa-467b-8464-9f979d1f0418	2	85863363	87476268	679	-0.0785
0941a978-c8aa-467b-8464-9f979d1f0418	2	87476397	87487629	3	-1.4071
0941a978-c8aa-467b-8464-9f979d1f0418	2	87489160	89044490	634	-0.0726
0941a978-c8aa-467b-8464-9f979d1f0418	2	89055939	89085826	7	-1.0148
0941a978-c8aa-467b-8464-9f979d1f0418	2	89092541	89251705	43	-0.2318
0941a978-c8aa-467b-8464-9f979d1f0418	2	89251710	91733779	152	0.478
0941a978-c8aa-467b-8464-9f979d1f0418	2	91734095	102054488	3611	-0.0598
0941a978-c8aa-467b-8464-9f979d1f0418	2	102054533	102087541	27	0.4267
0941a978-c8aa-467b-8464-9f979d1f0418	2	102091381	146106861	26692	-0.07
0941a978-c8aa-467b-8464-9f979d1f0418	2	146106875	146109366	22	-1.6273
0941a978-c8aa-467b-8464-9f979d1f0418	2	146120238	184396743	23622	-0.0537
0941a978-c8aa-467b-8464-9f979d1f0418	2	184396745	184400238	9	-0.9991
0941a978-c8aa-467b-8464-9f979d1f0418	2	184400547	197891107	7491	-0.0639
0941a978-c8aa-467b-8464-9f979d1f0418	2	197893977	197896617	3	-1.4148
0941a978-c8aa-467b-8464-9f979d1f0418	2	197897818	202431052	2653	-0.0598
0941a978-c8aa-467b-8464-9f979d1f0418	2	202431158	202431284	5	-0.7705
0941a978-c8aa-467b-8464-9f979d1f0418	2	202433164	202434071	7	0.1105
0941a978-c8aa-467b-8464-9f979d1f0418	2	202434156	202445628	24	-0.4995
0941a978-c8aa-467b-8464-9f979d1f0418	2	202446629	220831487	11668	-0.0559
0941a978-c8aa-467b-8464-9f979d1f0418	2	220832313	220836005	5	-1.1543
0941a978-c8aa-467b-8464-9f979d1f0418	2	220838968	222706726	1278	-0.0439
0941a978-c8aa-467b-8464-9f979d1f0418	2	222711658	222813232	71	0.2758
0941a978-c8aa-467b-8464-9f979d1f0418	2	222820566	239195162	10604	-0.0597
0941a978-c8aa-467b-8464-9f979d1f0418	2	239195363	239238990	33	0.3401
0941a978-c8aa-467b-8464-9f979d1f0418	2	239239611	242147305	1553	-0.049
0941a978-c8aa-467b-8464-9f979d1f0418	3	20930	4149135	3745	-0.1707
0941a978-c8aa-467b-8464-9f979d1f0418	3	4150955	4153998	2	-3.0778
0941a978-c8aa-467b-8464-9f979d1f0418	3	4155255	11279823	5733	-0.1302
0941a978-c8aa-467b-8464-9f979d1f0418	3	11283108	11346429	25	0.5961
0941a978-c8aa-467b-8464-9f979d1f0418	3	11351613	25800835	9977	-0.1342
0941a978-c8aa-467b-8464-9f979d1f0418	3	25809289	25809753	6	-1.2775
0941a978-c8aa-467b-8464-9f979d1f0418	3	25811796	30951310	3629	-0.1231
0941a978-c8aa-467b-8464-9f979d1f0418	3	30954097	30957257	6	-4.3077
0941a978-c8aa-467b-8464-9f979d1f0418	3	30962871	41775883	7041	-0.121
0941a978-c8aa-467b-8464-9f979d1f0418	3	41781216	41784737	5	-1.5257
0941a978-c8aa-467b-8464-9f979d1f0418	3	41785686	68682877	17563	-0.1213
0941a978-c8aa-467b-8464-9f979d1f0418	3	68697013	68698262	15	0.7706
0941a978-c8aa-467b-8464-9f979d1f0418	3	68699607	72588623	2974	-0.1171
0941a978-c8aa-467b-8464-9f979d1f0418	3	72590078	72590181	2	-2.371
0941a978-c8aa-467b-8464-9f979d1f0418	3	72592265	75450463	1914	-0.1152
0941a978-c8aa-467b-8464-9f979d1f0418	3	75451613	75500567	21	0.0582
0941a978-c8aa-467b-8464-9f979d1f0418	3	75500795	75547095	13	0.5809
0941a978-c8aa-467b-8464-9f979d1f0418	3	75559488	75842770	60	0.0785
0941a978-c8aa-467b-8464-9f979d1f0418	3	75842824	83276381	4261	-0.1372
0941a978-c8aa-467b-8464-9f979d1f0418	3	83292496	83292925	2	-2.0739
0941a978-c8aa-467b-8464-9f979d1f0418	3	83296773	84420591	517	-0.1203
0941a978-c8aa-467b-8464-9f979d1f0418	3	84423320	84425400	3	-2.3407
0941a978-c8aa-467b-8464-9f979d1f0418	3	84429919	84649839	124	-0.1116
0941a978-c8aa-467b-8464-9f979d1f0418	3	84650033	84657914	22	0.2654
0941a978-c8aa-467b-8464-9f979d1f0418	3	84662574	93843388	3145	-0.1402
0941a978-c8aa-467b-8464-9f979d1f0418	3	93846696	120422996	15932	0.1896
0941a978-c8aa-467b-8464-9f979d1f0418	3	120426692	120426698	2	-2.7329
0941a978-c8aa-467b-8464-9f979d1f0418	3	120426800	128941857	5147	0.1962
0941a978-c8aa-467b-8464-9f979d1f0418	3	128942130	128942143	2	-1.3005
0941a978-c8aa-467b-8464-9f979d1f0418	3	128944316	130047743	473	0.1872
0941a978-c8aa-467b-8464-9f979d1f0418	3	130057015	130079892	30	0.7922
0941a978-c8aa-467b-8464-9f979d1f0418	3	130079938	130087393	6	0.4723
0941a978-c8aa-467b-8464-9f979d1f0418	3	130088081	145761336	9747	0.2037
0941a978-c8aa-467b-8464-9f979d1f0418	3	145761448	145761775	2	-1.7453
0941a978-c8aa-467b-8464-9f979d1f0418	3	145762978	147136120	885	0.2019
0941a978-c8aa-467b-8464-9f979d1f0418	3	147142016	147142571	2	-1.7859
0941a978-c8aa-467b-8464-9f979d1f0418	3	147143221	193160113	28855	0.1909
0941a978-c8aa-467b-8464-9f979d1f0418	3	193160173	193165114	19	1.0821
0941a978-c8aa-467b-8464-9f979d1f0418	3	193168646	198169247	2692	0.1937
0941a978-c8aa-467b-8464-9f979d1f0418	4	68929	4081209	1613	-0.4966
0941a978-c8aa-467b-8464-9f979d1f0418	4	4091837	4174902	25	0.1735
0941a978-c8aa-467b-8464-9f979d1f0418	4	4175446	9374840	3446	-0.5284
0941a978-c8aa-467b-8464-9f979d1f0418	4	9379218	9756856	149	-0.3213
0941a978-c8aa-467b-8464-9f979d1f0418	4	9761700	10208766	451	-0.5037
0941a978-c8aa-467b-8464-9f979d1f0418	4	10212536	10233644	36	-1.5442
0941a978-c8aa-467b-8464-9f979d1f0418	4	10234518	34784878	16946	-0.5132
0941a978-c8aa-467b-8464-9f979d1f0418	4	34785333	34823103	37	-1.4504
0941a978-c8aa-467b-8464-9f979d1f0418	4	34828250	35812956	630	-0.519
0941a978-c8aa-467b-8464-9f979d1f0418	4	35814102	35814317	2	-2.9517
0941a978-c8aa-467b-8464-9f979d1f0418	4	35821521	42762932	4594	-0.514
0941a978-c8aa-467b-8464-9f979d1f0418	4	42765846	42769229	2	-3.3487
0941a978-c8aa-467b-8464-9f979d1f0418	4	42773432	49087357	3714	-0.5112
0941a978-c8aa-467b-8464-9f979d1f0418	4	49091769	49656206	32	0.3936
0941a978-c8aa-467b-8464-9f979d1f0418	4	49656595	63828222	7545	-0.5126
0941a978-c8aa-467b-8464-9f979d1f0418	4	63831751	63841887	22	-0.0106
0941a978-c8aa-467b-8464-9f979d1f0418	4	63842036	68354665	2849	-0.5119
0941a978-c8aa-467b-8464-9f979d1f0418	4	68361130	68395346	7	0.6574
0941a978-c8aa-467b-8464-9f979d1f0418	4	68416487	68501424	16	-0.5709
0941a978-c8aa-467b-8464-9f979d1f0418	4	68506285	68663241	70	0.1551
0941a978-c8aa-467b-8464-9f979d1f0418	4	68671434	69254981	305	-0.5244
0941a978-c8aa-467b-8464-9f979d1f0418	4	69255175	69412731	80	-0.2144
0941a978-c8aa-467b-8464-9f979d1f0418	4	69414814	76861416	4558	-0.5037
0941a978-c8aa-467b-8464-9f979d1f0418	4	76862748	76863661	10	-3.8374
0941a978-c8aa-467b-8464-9f979d1f0418	4	76865426	76865990	6	-1.9614
0941a978-c8aa-467b-8464-9f979d1f0418	4	76870066	83179219	3943	-0.5065
0941a978-c8aa-467b-8464-9f979d1f0418	4	83179278	83179439	2	-3.0128
0941a978-c8aa-467b-8464-9f979d1f0418	4	83179699	96044495	7964	-0.4988
0941a978-c8aa-467b-8464-9f979d1f0418	4	96044698	96046280	2	-3.0361
0941a978-c8aa-467b-8464-9f979d1f0418	4	96048751	96395896	181	-0.4636
0941a978-c8aa-467b-8464-9f979d1f0418	4	96399079	96406186	6	-1.6393
0941a978-c8aa-467b-8464-9f979d1f0418	4	96418072	108153359	6799	-0.4894
0941a978-c8aa-467b-8464-9f979d1f0418	4	108153909	114252544	3786	0.2198
0941a978-c8aa-467b-8464-9f979d1f0418	4	114254167	114261019	23	-0.964
0941a978-c8aa-467b-8464-9f979d1f0418	4	114263073	114840769	358	0.227
0941a978-c8aa-467b-8464-9f979d1f0418	4	114847431	114847769	2	-1.0877
0941a978-c8aa-467b-8464-9f979d1f0418	4	114851665	115342429	335	0.2322
0941a978-c8aa-467b-8464-9f979d1f0418	4	115349303	115349716	3	-2.2564
0941a978-c8aa-467b-8464-9f979d1f0418	4	115357513	140588479	14881	0.219
0941a978-c8aa-467b-8464-9f979d1f0418	4	140597723	154881396	8426	-0.4863
0941a978-c8aa-467b-8464-9f979d1f0418	4	154881853	154882047	4	-2.4618
0941a978-c8aa-467b-8464-9f979d1f0418	4	154882190	168463866	8676	-0.5015
0941a978-c8aa-467b-8464-9f979d1f0418	4	168464784	168481435	14	0.3481
0941a978-c8aa-467b-8464-9f979d1f0418	4	168482282	171585237	1976	-0.4958
0941a978-c8aa-467b-8464-9f979d1f0418	4	171585385	172501371	557	-0.5595
0941a978-c8aa-467b-8464-9f979d1f0418	4	172503796	172507492	7	0.8648
0941a978-c8aa-467b-8464-9f979d1f0418	4	172519981	189267889	11457	-0.5377
0941a978-c8aa-467b-8464-9f979d1f0418	4	189273964	189278110	4	-2.1392
0941a978-c8aa-467b-8464-9f979d1f0418	4	189278617	189856638	286	-0.5553
0941a978-c8aa-467b-8464-9f979d1f0418	4	189856937	190106768	64	-0.1993
0941a978-c8aa-467b-8464-9f979d1f0418	5	15532	685633	305	-0.0554
0941a978-c8aa-467b-8464-9f979d1f0418	5	698256	825538	46	0.5589
0941a978-c8aa-467b-8464-9f979d1f0418	5	833513	11161513	8735	-0.0778
0941a978-c8aa-467b-8464-9f979d1f0418	5	11162524	11162659	3	-2.2287
0941a978-c8aa-467b-8464-9f979d1f0418	5	11167165	12791608	1087	-0.0932
0941a978-c8aa-467b-8464-9f979d1f0418	5	12800777	12826538	12	0.5129
0941a978-c8aa-467b-8464-9f979d1f0418	5	12833745	17630366	3188	-0.067
0941a978-c8aa-467b-8464-9f979d1f0418	5	17636696	17642176	4	-3.3959
0941a978-c8aa-467b-8464-9f979d1f0418	5	17642442	21850666	2538	-0.0915
0941a978-c8aa-467b-8464-9f979d1f0418	5	21853943	21853956	2	-1.7785
0941a978-c8aa-467b-8464-9f979d1f0418	5	21857027	38837759	10766	-0.0767
0941a978-c8aa-467b-8464-9f979d1f0418	5	38837926	38838341	4	-1.5203
0941a978-c8aa-467b-8464-9f979d1f0418	5	38842308	46251204	3957	-0.0807
0941a978-c8aa-467b-8464-9f979d1f0418	5	46270906	46273400	8	0.9238
0941a978-c8aa-467b-8464-9f979d1f0418	5	46278110	50185350	28	-0.0644
0941a978-c8aa-467b-8464-9f979d1f0418	5	50201141	50589998	153	-0.4314
0941a978-c8aa-467b-8464-9f979d1f0418	5	50593888	50684968	36	-0.1281
0941a978-c8aa-467b-8464-9f979d1f0418	5	50688928	58030453	4852	-0.5265
0941a978-c8aa-467b-8464-9f979d1f0418	5	58033288	58037706	29	0.0057
0941a978-c8aa-467b-8464-9f979d1f0418	5	58042530	69550476	7277	-0.5123
0941a978-c8aa-467b-8464-9f979d1f0418	5	69571467	70959078	16	0.3163
0941a978-c8aa-467b-8464-9f979d1f0418	5	70959079	71011580	5	-0.4553
0941a978-c8aa-467b-8464-9f979d1f0418	5	71011717	71095426	4	0.4441
0941a978-c8aa-467b-8464-9f979d1f0418	5	71358245	118050922	28824	-0.5061
0941a978-c8aa-467b-8464-9f979d1f0418	5	118052727	118053390	11	-1.6308
0941a978-c8aa-467b-8464-9f979d1f0418	5	118068645	122090427	2606	-0.5099
0941a978-c8aa-467b-8464-9f979d1f0418	5	122090980	122090996	2	-2.7031
0941a978-c8aa-467b-8464-9f979d1f0418	5	122091017	125962319	2613	-0.5232
0941a978-c8aa-467b-8464-9f979d1f0418	5	125969758	125973005	5	-1.8323
0941a978-c8aa-467b-8464-9f979d1f0418	5	125973446	126020615	35	-0.594
0941a978-c8aa-467b-8464-9f979d1f0418	5	126020998	126021280	2	-2.8997
0941a978-c8aa-467b-8464-9f979d1f0418	5	126022062	150822643	15089	-0.5011
0941a978-c8aa-467b-8464-9f979d1f0418	5	150825938	150839042	8	-1.9993
0941a978-c8aa-467b-8464-9f979d1f0418	5	150843825	177655393	18385	-0.5256
0941a978-c8aa-467b-8464-9f979d1f0418	5	177656348	177897736	33	-0.1009
0941a978-c8aa-467b-8464-9f979d1f0418	5	177926412	178680821	436	0.2296
0941a978-c8aa-467b-8464-9f979d1f0418	5	178682974	178686162	3	-1.5043
0941a978-c8aa-467b-8464-9f979d1f0418	5	178691854	180953203	1347	0.1977
0941a978-c8aa-467b-8464-9f979d1f0418	5	180960138	180987465	11	0.85
0941a978-c8aa-467b-8464-9f979d1f0418	5	180990207	181243251	152	0.1625
0941a978-c8aa-467b-8464-9f979d1f0418	5	181249107	181265832	16	-3.3638
0941a978-c8aa-467b-8464-9f979d1f0418	5	181265982	181363319	7	-0.9332
0941a978-c8aa-467b-8464-9f979d1f0418	6	149661	254283	101	0.1509
0941a978-c8aa-467b-8464-9f979d1f0418	6	257353	381149	101	0.4108
0941a978-c8aa-467b-8464-9f979d1f0418	6	382559	2348274	1592	0.1265
0941a978-c8aa-467b-8464-9f979d1f0418	6	2355079	2355515	4	-1.7699
0941a978-c8aa-467b-8464-9f979d1f0418	6	2355559	8540786	5107	0.1151
0941a978-c8aa-467b-8464-9f979d1f0418	6	8541997	8542010	2	-1.5178
0941a978-c8aa-467b-8464-9f979d1f0418	6	8545199	9947074	975	0.1235
0941a978-c8aa-467b-8464-9f979d1f0418	6	9948761	24278602	10700	0.58
0941a978-c8aa-467b-8464-9f979d1f0418	6	24278641	28632510	2544	0.5392
0941a978-c8aa-467b-8464-9f979d1f0418	6	28632715	29869295	516	0.5967
0941a978-c8aa-467b-8464-9f979d1f0418	6	29869410	29881490	16	1.3908
0941a978-c8aa-467b-8464-9f979d1f0418	6	29882419	29907031	8	0.6611
0941a978-c8aa-467b-8464-9f979d1f0418	6	29909182	29931120	7	-0.2548
0941a978-c8aa-467b-8464-9f979d1f0418	6	29931900	31313046	648	0.6075
0941a978-c8aa-467b-8464-9f979d1f0418	6	31318499	31327629	7	-0.8909
0941a978-c8aa-467b-8464-9f979d1f0418	6	31328176	32463370	500	0.5824
0941a978-c8aa-467b-8464-9f979d1f0418	6	32463515	32533522	20	1.4743
0941a978-c8aa-467b-8464-9f979d1f0418	6	32540699	32593518	13	0.7894
0941a978-c8aa-467b-8464-9f979d1f0418	6	32602269	33970222	834	0.5924
0941a978-c8aa-467b-8464-9f979d1f0418	6	33970966	33974928	7	-2.6907
0941a978-c8aa-467b-8464-9f979d1f0418	6	33976809	52300736	11599	0.5776
0941a978-c8aa-467b-8464-9f979d1f0418	6	52301763	52306143	7	-0.3935
0941a978-c8aa-467b-8464-9f979d1f0418	6	52307857	53631204	921	0.5715
0941a978-c8aa-467b-8464-9f979d1f0418	6	53634377	53692338	57	0.8483
0941a978-c8aa-467b-8464-9f979d1f0418	6	53693286	69614758	7933	0.5831
0941a978-c8aa-467b-8464-9f979d1f0418	6	69616133	76070023	4110	0.6235
0941a978-c8aa-467b-8464-9f979d1f0418	6	76070360	78253172	1433	0.5939
0941a978-c8aa-467b-8464-9f979d1f0418	6	78259348	78325468	113	-0.1258
0941a978-c8aa-467b-8464-9f979d1f0418	6	78329517	103286941	15471	0.5929
0941a978-c8aa-467b-8464-9f979d1f0418	6	103286954	103314157	45	0.1748
0941a978-c8aa-467b-8464-9f979d1f0418	6	103314174	106698539	2198	0.6086
0941a978-c8aa-467b-8464-9f979d1f0418	6	106700598	106767536	53	0.942
0941a978-c8aa-467b-8464-9f979d1f0418	6	106767973	106793466	20	1.6058
0941a978-c8aa-467b-8464-9f979d1f0418	6	106795031	166080765	38889	0.1049
0941a978-c8aa-467b-8464-9f979d1f0418	6	166084143	166085372	3	-2.1096
0941a978-c8aa-467b-8464-9f979d1f0418	6	166091896	170741917	2985	0.1071
0941a978-c8aa-467b-8464-9f979d1f0418	7	43355	65254	26	-0.3862
0941a978-c8aa-467b-8464-9f979d1f0418	7	65325	68316	4	-1.9161
0941a978-c8aa-467b-8464-9f979d1f0418	7	68659	6758397	3373	-0.4811
0941a978-c8aa-467b-8464-9f979d1f0418	7	6790272	7023356	87	-0.1505
0941a978-c8aa-467b-8464-9f979d1f0418	7	7024572	38263543	23821	-0.4755
0941a978-c8aa-467b-8464-9f979d1f0418	7	38263833	38317660	95	-0.1763
0941a978-c8aa-467b-8464-9f979d1f0418	7	38317707	54789897	11320	-0.464
0941a978-c8aa-467b-8464-9f979d1f0418	7	54793723	57337638	1422	0.5987
0941a978-c8aa-467b-8464-9f979d1f0418	7	57340858	62526916	311	0.214
0941a978-c8aa-467b-8464-9f979d1f0418	7	62526945	76443274	6187	0.5705
0941a978-c8aa-467b-8464-9f979d1f0418	7	76445663	76928050	169	0.7449
0941a978-c8aa-467b-8464-9f979d1f0418	7	76935113	91578827	9542	0.6086
0941a978-c8aa-467b-8464-9f979d1f0418	7	91589569	91589817	3	-1.0606
0941a978-c8aa-467b-8464-9f979d1f0418	7	91595717	96806579	3224	0.6243
0941a978-c8aa-467b-8464-9f979d1f0418	7	96808705	129103070	18975	0.6013
0941a978-c8aa-467b-8464-9f979d1f0418	7	129108324	129158033	30	0.9485
0941a978-c8aa-467b-8464-9f979d1f0418	7	129158610	131655908	1308	0.5908
0941a978-c8aa-467b-8464-9f979d1f0418	7	131661514	135973029	3038	0.64
0941a978-c8aa-467b-8464-9f979d1f0418	7	135976584	135977035	2	-0.6706
0941a978-c8aa-467b-8464-9f979d1f0418	7	135979189	142345098	4106	0.6193
0941a978-c8aa-467b-8464-9f979d1f0418	7	142347278	142356135	6	-0.0566
0941a978-c8aa-467b-8464-9f979d1f0418	7	142356261	142379139	34	0.5946
0941a978-c8aa-467b-8464-9f979d1f0418	7	142379156	142785841	218	0.7888
0941a978-c8aa-467b-8464-9f979d1f0418	7	142801993	144249785	758	0.6357
0941a978-c8aa-467b-8464-9f979d1f0418	7	144255220	144352208	13	-0.1851
0941a978-c8aa-467b-8464-9f979d1f0418	7	144377836	156694774	8068	0.6061
0941a978-c8aa-467b-8464-9f979d1f0418	7	156697038	156741086	30	1.0035
0941a978-c8aa-467b-8464-9f979d1f0418	7	156744582	157726670	551	0.6407
0941a978-c8aa-467b-8464-9f979d1f0418	7	157727089	157727104	2	-1.261
0941a978-c8aa-467b-8464-9f979d1f0418	7	157730524	159334314	992	0.6045
0941a978-c8aa-467b-8464-9f979d1f0418	8	81254	645875	330	0.0001
0941a978-c8aa-467b-8464-9f979d1f0418	8	645892	645908	2	2.3631
0941a978-c8aa-467b-8464-9f979d1f0418	8	656117	672980	15	0.0089
0941a978-c8aa-467b-8464-9f979d1f0418	8	677181	706238	29	-0.4974
0941a978-c8aa-467b-8464-9f979d1f0418	8	706459	2179870	1186	-0.0053
0941a978-c8aa-467b-8464-9f979d1f0418	8	2181344	2194736	10	-1.3198
0941a978-c8aa-467b-8464-9f979d1f0418	8	2194843	7775900	6188	-0.048
0941a978-c8aa-467b-8464-9f979d1f0418	8	7788805	7930163	10	-0.8424
0941a978-c8aa-467b-8464-9f979d1f0418	8	7930192	14703285	5307	-0.0212
0941a978-c8aa-467b-8464-9f979d1f0418	8	14706575	14706654	3	-1.5069
0941a978-c8aa-467b-8464-9f979d1f0418	8	14707779	17530064	2452	-0.0341
0941a978-c8aa-467b-8464-9f979d1f0418	8	17532554	32213792	10842	0.0043
0941a978-c8aa-467b-8464-9f979d1f0418	8	32221585	32267960	43	0.5469
0941a978-c8aa-467b-8464-9f979d1f0418	8	32273633	39372664	4067	-0.0107
0941a978-c8aa-467b-8464-9f979d1f0418	8	39372806	39531510	65	0.721
0941a978-c8aa-467b-8464-9f979d1f0418	8	39531605	43448089	2478	-0.0011
0941a978-c8aa-467b-8464-9f979d1f0418	8	43450702	45951913	104	-0.3656
0941a978-c8aa-467b-8464-9f979d1f0418	8	46000405	106840278	36754	0.2673
0941a978-c8aa-467b-8464-9f979d1f0418	8	106846291	106848098	13	-0.5078
0941a978-c8aa-467b-8464-9f979d1f0418	8	106850042	110137982	2029	0.2585
0941a978-c8aa-467b-8464-9f979d1f0418	8	110141933	110142146	2	-1.1571
0941a978-c8aa-467b-8464-9f979d1f0418	8	110145082	111282417	608	0.2466
0941a978-c8aa-467b-8464-9f979d1f0418	8	111282441	111283031	6	1.1273
0941a978-c8aa-467b-8464-9f979d1f0418	8	111288052	119139771	4962	0.2737
0941a978-c8aa-467b-8464-9f979d1f0418	8	119142545	119147207	4	-2.4969
0941a978-c8aa-467b-8464-9f979d1f0418	8	119150615	132190597	9113	0.2729
0941a978-c8aa-467b-8464-9f979d1f0418	8	132190676	132195828	2	-1.9681
0941a978-c8aa-467b-8464-9f979d1f0418	8	132196131	137611745	4437	0.2716
0941a978-c8aa-467b-8464-9f979d1f0418	8	137612353	137891104	213	0.7022
0941a978-c8aa-467b-8464-9f979d1f0418	8	137893307	145072769	4174	0.2911
0941a978-c8aa-467b-8464-9f979d1f0418	9	46587	1528727	1619	-0.5263
0941a978-c8aa-467b-8464-9f979d1f0418	9	1529051	1554754	40	-1.1969
0941a978-c8aa-467b-8464-9f979d1f0418	9	1555134	1675573	114	-0.5471
0941a978-c8aa-467b-8464-9f979d1f0418	9	1676385	1847505	248	0.6501
0941a978-c8aa-467b-8464-9f979d1f0418	9	1852281	5079156	3217	0.2074
0941a978-c8aa-467b-8464-9f979d1f0418	9	5081416	5081953	10	0.9028
0941a978-c8aa-467b-8464-9f979d1f0418	9	5082995	9869171	4182	0.1882
0941a978-c8aa-467b-8464-9f979d1f0418	9	9869448	11913220	1748	0.1338
0941a978-c8aa-467b-8464-9f979d1f0418	9	11913255	28044706	12785	0.2105
0941a978-c8aa-467b-8464-9f979d1f0418	9	28047590	28050693	5	-0.9819
0941a978-c8aa-467b-8464-9f979d1f0418	9	28055605	31604729	2516	0.175
0941a978-c8aa-467b-8464-9f979d1f0418	9	31609921	31614033	4	-1.0049
0941a978-c8aa-467b-8464-9f979d1f0418	9	31614049	35696805	2546	0.2069
0941a978-c8aa-467b-8464-9f979d1f0418	9	35700153	35737200	16	0.6856
0941a978-c8aa-467b-8464-9f979d1f0418	9	35738896	41451846	2189	0.2112
0941a978-c8aa-467b-8464-9f979d1f0418	9	41473331	42037471	34	0.8122
0941a978-c8aa-467b-8464-9f979d1f0418	9	42042339	42179276	19	-0.0745
0941a978-c8aa-467b-8464-9f979d1f0418	9	42202227	60863881	60	0.5777
0941a978-c8aa-467b-8464-9f979d1f0418	9	60888834	66189025	180	0.1885
0941a978-c8aa-467b-8464-9f979d1f0418	9	66880844	78349285	7303	-0.4923
0941a978-c8aa-467b-8464-9f979d1f0418	9	78349448	95419086	11787	-0.4446
0941a978-c8aa-467b-8464-9f979d1f0418	9	95419235	95519048	217	-0.2943
0941a978-c8aa-467b-8464-9f979d1f0418	9	95521893	100438140	3071	-0.4579
0941a978-c8aa-467b-8464-9f979d1f0418	9	100439194	136532614	24845	-0.4795
0941a978-c8aa-467b-8464-9f979d1f0418	9	136536903	136537300	3	-2.4199
0941a978-c8aa-467b-8464-9f979d1f0418	9	136539349	138200944	592	-0.4197
0941a978-c8aa-467b-8464-9f979d1f0418	10	45792	2469092	1868	0.1969
0941a978-c8aa-467b-8464-9f979d1f0418	10	2469982	2473533	3	-1.056
0941a978-c8aa-467b-8464-9f979d1f0418	10	2476938	3096481	658	0.1873
0941a978-c8aa-467b-8464-9f979d1f0418	10	3098269	3098348	2	-1.1193
0941a978-c8aa-467b-8464-9f979d1f0418	10	3098894	5910354	2445	0.2041
0941a978-c8aa-467b-8464-9f979d1f0418	10	5914566	5946089	38	-0.498
0941a978-c8aa-467b-8464-9f979d1f0418	10	5950581	38783090	24039	0.1953
0941a978-c8aa-467b-8464-9f979d1f0418	10	41715085	42186685	34	-0.2204
0941a978-c8aa-467b-8464-9f979d1f0418	10	42189813	42288046	17	0.2405
0941a978-c8aa-467b-8464-9f979d1f0418	10	42292394	46293101	2491	-0.4995
0941a978-c8aa-467b-8464-9f979d1f0418	10	46294181	46618028	103	0.2226
0941a978-c8aa-467b-8464-9f979d1f0418	10	46631433	46708198	7	0.7449
0941a978-c8aa-467b-8464-9f979d1f0418	10	46780843	47045228	19	-0.2341
0941a978-c8aa-467b-8464-9f979d1f0418	10	47066259	53208498	4016	0.219
0941a978-c8aa-467b-8464-9f979d1f0418	10	53216596	53317022	66	0.1173
0941a978-c8aa-467b-8464-9f979d1f0418	10	53328068	53329069	4	-1.0725
0941a978-c8aa-467b-8464-9f979d1f0418	10	53333771	58450861	3733	0.171
0941a978-c8aa-467b-8464-9f979d1f0418	10	58450963	62302700	2748	0.2319
0941a978-c8aa-467b-8464-9f979d1f0418	10	62307121	62364976	27	0.6924
0941a978-c8aa-467b-8464-9f979d1f0418	10	62368374	133654968	48180	-0.5137
0941a978-c8aa-467b-8464-9f979d1f0418	11	198510	4949013	2418	0.1726
0941a978-c8aa-467b-8464-9f979d1f0418	11	4949047	4954475	26	0.6319
0941a978-c8aa-467b-8464-9f979d1f0418	11	4955027	5186788	192	0.1622
0941a978-c8aa-467b-8464-9f979d1f0418	11	5186944	5187269	4	1.1525
0941a978-c8aa-467b-8464-9f979d1f0418	11	5188140	5766175	587	0.1414
0941a978-c8aa-467b-8464-9f979d1f0418	11	5766850	5778446	19	0.6595
0941a978-c8aa-467b-8464-9f979d1f0418	11	5778600	15785584	7381	0.1721
0941a978-c8aa-467b-8464-9f979d1f0418	11	15787090	15794938	6	-0.7166
0941a978-c8aa-467b-8464-9f979d1f0418	11	15796962	18919323	2035	0.1691
0941a978-c8aa-467b-8464-9f979d1f0418	11	18927525	18939749	37	0.5693
0941a978-c8aa-467b-8464-9f979d1f0418	11	18939837	25680691	5336	0.1526
0941a978-c8aa-467b-8464-9f979d1f0418	11	25680787	25697434	26	-0.5789
0941a978-c8aa-467b-8464-9f979d1f0418	11	25700531	37112148	8071	0.1651
0941a978-c8aa-467b-8464-9f979d1f0418	11	37112350	37112498	2	-1.578
0941a978-c8aa-467b-8464-9f979d1f0418	11	37112518	47557734	6644	0.1529
0941a978-c8aa-467b-8464-9f979d1f0418	11	47564588	47618225	24	0.6419
0941a978-c8aa-467b-8464-9f979d1f0418	11	47620341	80110700	14861	0.1587
0941a978-c8aa-467b-8464-9f979d1f0418	11	80111324	80116749	4	-1.4432
0941a978-c8aa-467b-8464-9f979d1f0418	11	80118398	89796439	6693	0.1452
0941a978-c8aa-467b-8464-9f979d1f0418	11	89802300	89962925	12	-0.6241
0941a978-c8aa-467b-8464-9f979d1f0418	11	89966336	111365031	15072	0.1657
0941a978-c8aa-467b-8464-9f979d1f0418	11	111365924	111413921	33	0.6462
0941a978-c8aa-467b-8464-9f979d1f0418	11	111414004	112197870	415	0.1209
0941a978-c8aa-467b-8464-9f979d1f0418	11	112200571	121217449	6415	0.1818
0941a978-c8aa-467b-8464-9f979d1f0418	11	121217950	135074876	10462	0.1524
0941a978-c8aa-467b-8464-9f979d1f0418	12	51460	8404097	5597	0.1928
0941a978-c8aa-467b-8464-9f979d1f0418	12	8405892	8432076	18	1.3109
0941a978-c8aa-467b-8464-9f979d1f0418	12	8442298	9477960	556	0.1995
0941a978-c8aa-467b-8464-9f979d1f0418	12	9481274	9575696	24	-1.2819
0941a978-c8aa-467b-8464-9f979d1f0418	12	9582373	11358644	1177	0.1994
0941a978-c8aa-467b-8464-9f979d1f0418	12	11359558	11390472	29	1.1087
0941a978-c8aa-467b-8464-9f979d1f0418	12	11399258	11737574	288	0.2256
0941a978-c8aa-467b-8464-9f979d1f0418	12	11738902	11768371	57	0.6303
0941a978-c8aa-467b-8464-9f979d1f0418	12	11774526	19314078	5059	0.2111
0941a978-c8aa-467b-8464-9f979d1f0418	12	19321836	19405234	44	0.811
0941a978-c8aa-467b-8464-9f979d1f0418	12	19406897	33141726	9924	0.2089
0941a978-c8aa-467b-8464-9f979d1f0418	12	33148472	33154440	27	0.6032
0941a978-c8aa-467b-8464-9f979d1f0418	12	33155426	34701563	788	0.1879
0941a978-c8aa-467b-8464-9f979d1f0418	12	37463949	37713944	75	0.8659
0941a978-c8aa-467b-8464-9f979d1f0418	12	37714251	37825975	10	0.1499
0941a978-c8aa-467b-8464-9f979d1f0418	12	37875038	45512057	4707	-0.5105
0941a978-c8aa-467b-8464-9f979d1f0418	12	45514957	45515754	2	-2.6428
0941a978-c8aa-467b-8464-9f979d1f0418	12	45519509	47286928	1039	-0.5096
0941a978-c8aa-467b-8464-9f979d1f0418	12	47290028	47314704	18	0.1381
0941a978-c8aa-467b-8464-9f979d1f0418	12	47315593	55978545	4914	-0.4978
0941a978-c8aa-467b-8464-9f979d1f0418	12	55978804	56108263	87	0.17
0941a978-c8aa-467b-8464-9f979d1f0418	12	56110777	57367084	578	-0.4938
0941a978-c8aa-467b-8464-9f979d1f0418	12	57369512	95439804	24299	0.2024
0941a978-c8aa-467b-8464-9f979d1f0418	12	95439905	95439908	2	-1.6793
0941a978-c8aa-467b-8464-9f979d1f0418	12	95442546	99398036	2733	0.2032
0941a978-c8aa-467b-8464-9f979d1f0418	12	99401515	99402073	6	-0.7193
0941a978-c8aa-467b-8464-9f979d1f0418	12	99402408	133201603	22722	0.1966
0941a978-c8aa-467b-8464-9f979d1f0418	13	18452809	57176962	25969	-0.4451
0941a978-c8aa-467b-8464-9f979d1f0418	13	57184136	57204246	33	-1.9831
0941a978-c8aa-467b-8464-9f979d1f0418	13	57215580	102979574	29617	-0.4372
0941a978-c8aa-467b-8464-9f979d1f0418	13	102979907	113792506	8191	-0.4733
0941a978-c8aa-467b-8464-9f979d1f0418	13	113808073	114342922	194	-0.4142
0941a978-c8aa-467b-8464-9f979d1f0418	14	18239283	18693043	25	-0.4166
0941a978-c8aa-467b-8464-9f979d1f0418	14	18950560	19952080	140	-0.0128
0941a978-c8aa-467b-8464-9f979d1f0418	14	19954424	20419803	323	-0.4973
0941a978-c8aa-467b-8464-9f979d1f0418	14	20420021	20420036	2	-2.9165
0941a978-c8aa-467b-8464-9f979d1f0418	14	20421490	21925817	1024	-0.4999
0941a978-c8aa-467b-8464-9f979d1f0418	14	21925968	22509405	515	-0.3185
0941a978-c8aa-467b-8464-9f979d1f0418	14	22509533	105578033	52712	-0.4895
0941a978-c8aa-467b-8464-9f979d1f0418	14	105588560	106877229	508	-0.352
0941a978-c8aa-467b-8464-9f979d1f0418	15	19811075	19947475	27	0.111
0941a978-c8aa-467b-8464-9f979d1f0418	15	19950385	20206773	32	-0.2596
0941a978-c8aa-467b-8464-9f979d1f0418	15	20207225	20373168	29	-0.8654
0941a978-c8aa-467b-8464-9f979d1f0418	15	20376198	20381704	17	0.194
0941a978-c8aa-467b-8464-9f979d1f0418	15	20384774	24429604	1093	-0.4593
0941a978-c8aa-467b-8464-9f979d1f0418	15	24429740	24469310	27	0.02
0941a978-c8aa-467b-8464-9f979d1f0418	15	24469643	27673477	2340	-0.4897
0941a978-c8aa-467b-8464-9f979d1f0418	15	27674351	27682660	12	-1.9142
0941a978-c8aa-467b-8464-9f979d1f0418	15	27683648	46515193	11027	-0.475
0941a978-c8aa-467b-8464-9f979d1f0418	15	46521712	56443492	6424	0.1931
0941a978-c8aa-467b-8464-9f979d1f0418	15	56444230	56444380	3	-1.2065
0941a978-c8aa-467b-8464-9f979d1f0418	15	56445727	56586659	127	0.2089
0941a978-c8aa-467b-8464-9f979d1f0418	15	56596759	56668079	39	1.017
0941a978-c8aa-467b-8464-9f979d1f0418	15	56668428	62693003	4556	0.1949
0941a978-c8aa-467b-8464-9f979d1f0418	15	62697576	62697650	2	-1.4018
0941a978-c8aa-467b-8464-9f979d1f0418	15	62698210	65521764	1571	0.1878
0941a978-c8aa-467b-8464-9f979d1f0418	15	65524604	65526049	3	-2.3271
0941a978-c8aa-467b-8464-9f979d1f0418	15	65530196	70227738	3114	0.2022
0941a978-c8aa-467b-8464-9f979d1f0418	15	70232168	70233040	3	-1.2262
0941a978-c8aa-467b-8464-9f979d1f0418	15	70236858	76586021	3423	0.1872
0941a978-c8aa-467b-8464-9f979d1f0418	15	76598900	76603434	22	0.9561
0941a978-c8aa-467b-8464-9f979d1f0418	15	76609838	78977393	1202	0.1836
0941a978-c8aa-467b-8464-9f979d1f0418	15	78981704	79034885	41	0.9717
0941a978-c8aa-467b-8464-9f979d1f0418	15	79035840	101928837	16351	0.1923
0941a978-c8aa-467b-8464-9f979d1f0418	16	10777	5344460	2393	0.2084
0941a978-c8aa-467b-8464-9f979d1f0418	16	5345028	29114764	16580	0.1743
0941a978-c8aa-467b-8464-9f979d1f0418	16	29121560	29122679	11	-0.5339
0941a978-c8aa-467b-8464-9f979d1f0418	16	29122762	35285845	1202	0.1783
0941a978-c8aa-467b-8464-9f979d1f0418	16	35292890	70105639	15502	0.2046
0941a978-c8aa-467b-8464-9f979d1f0418	16	70117657	70212022	19	0.6049
0941a978-c8aa-467b-8464-9f979d1f0418	16	70212430	76129473	3367	0.1976
0941a978-c8aa-467b-8464-9f979d1f0418	16	76132393	76449122	331	0.7555
0941a978-c8aa-467b-8464-9f979d1f0418	16	76450679	90096867	12426	0.2024
0941a978-c8aa-467b-8464-9f979d1f0418	17	150733	6126916	3298	0.1827
0941a978-c8aa-467b-8464-9f979d1f0418	17	6128004	6128138	2	-1.4671
0941a978-c8aa-467b-8464-9f979d1f0418	17	6131079	8339592	1232	0.1865
0941a978-c8aa-467b-8464-9f979d1f0418	17	8344229	8344415	2	-1.6738
0941a978-c8aa-467b-8464-9f979d1f0418	17	8346140	18386413	6843	0.1772
0941a978-c8aa-467b-8464-9f979d1f0418	17	18390113	18561272	32	0.5698
0941a978-c8aa-467b-8464-9f979d1f0418	17	18561907	22549755	1401	0.1827
0941a978-c8aa-467b-8464-9f979d1f0418	17	22549980	22550272	2	-1.7262
0941a978-c8aa-467b-8464-9f979d1f0418	17	22551525	41265456	7986	0.1795
0941a978-c8aa-467b-8464-9f979d1f0418	17	41266762	41274198	23	1.0787
0941a978-c8aa-467b-8464-9f979d1f0418	17	41274279	46351954	2624	0.1723
0941a978-c8aa-467b-8464-9f979d1f0418	17	46446345	46571001	4	1.7094
0941a978-c8aa-467b-8464-9f979d1f0418	17	46664059	47645905	469	0.1692
0941a978-c8aa-467b-8464-9f979d1f0418	17	47655408	47671388	8	0.8841
0941a978-c8aa-467b-8464-9f979d1f0418	17	47671830	51161675	1830	0.1853
0941a978-c8aa-467b-8464-9f979d1f0418	17	51164906	51207382	18	0.9977
0941a978-c8aa-467b-8464-9f979d1f0418	17	51210293	65370729	8491	0.1791
0941a978-c8aa-467b-8464-9f979d1f0418	17	65371420	65373041	3	-1.5026
0941a978-c8aa-467b-8464-9f979d1f0418	17	65374057	79246981	8993	0.1941
0941a978-c8aa-467b-8464-9f979d1f0418	17	79249578	79250308	3	-1.7274
0941a978-c8aa-467b-8464-9f979d1f0418	17	79250962	83091923	1733	0.2103
0941a978-c8aa-467b-8464-9f979d1f0418	18	48133	11558125	8492	0.6804
0941a978-c8aa-467b-8464-9f979d1f0418	18	11560802	11561887	5	-0.283
0941a978-c8aa-467b-8464-9f979d1f0418	18	11565966	13506204	1113	0.6766
0941a978-c8aa-467b-8464-9f979d1f0418	18	13509758	30548695	6612	0.2573
0941a978-c8aa-467b-8464-9f979d1f0418	18	30549770	30549851	2	-1.5022
0941a978-c8aa-467b-8464-9f979d1f0418	18	30549953	31459028	608	0.2841
0941a978-c8aa-467b-8464-9f979d1f0418	18	31461686	31462381	2	-3.366
0941a978-c8aa-467b-8464-9f979d1f0418	18	31467464	44517058	8420	0.2587
0941a978-c8aa-467b-8464-9f979d1f0418	18	44518977	49590023	3449	0.5103
0941a978-c8aa-467b-8464-9f979d1f0418	18	49590038	49590067	2	-1.0688
0941a978-c8aa-467b-8464-9f979d1f0418	18	49590284	49963110	312	0.5188
0941a978-c8aa-467b-8464-9f979d1f0418	18	49963166	50106120	119	0.309
0941a978-c8aa-467b-8464-9f979d1f0418	18	50106781	50108858	4	-1.0753
0941a978-c8aa-467b-8464-9f979d1f0418	18	50108933	50924271	609	0.2931
0941a978-c8aa-467b-8464-9f979d1f0418	18	50930533	60432192	6600	0.4542
0941a978-c8aa-467b-8464-9f979d1f0418	18	60433136	60433358	4	-1.7771
0941a978-c8aa-467b-8464-9f979d1f0418	18	60435231	60797130	254	0.4517
0941a978-c8aa-467b-8464-9f979d1f0418	18	60797372	60801216	2	-1.6332
0941a978-c8aa-467b-8464-9f979d1f0418	18	60801254	71313511	7476	0.4464
0941a978-c8aa-467b-8464-9f979d1f0418	18	71316644	71319758	3	-1.0502
0941a978-c8aa-467b-8464-9f979d1f0418	18	71319869	71597515	220	0.4262
0941a978-c8aa-467b-8464-9f979d1f0418	18	71599190	71603195	3	-0.7578
0941a978-c8aa-467b-8464-9f979d1f0418	18	71603731	72041407	327	0.4053
0941a978-c8aa-467b-8464-9f979d1f0418	18	72042121	72043212	3	1.5727
0941a978-c8aa-467b-8464-9f979d1f0418	18	72043832	72694400	469	0.3855
0941a978-c8aa-467b-8464-9f979d1f0418	18	72697407	72697944	2	-1.5899
0941a978-c8aa-467b-8464-9f979d1f0418	18	72698599	76804109	3329	0.4352
0941a978-c8aa-467b-8464-9f979d1f0418	18	76804599	80257174	2284	-0.0857
0941a978-c8aa-467b-8464-9f979d1f0418	19	90910	258084	7	0.1591
0941a978-c8aa-467b-8464-9f979d1f0418	19	260912	4890902	1302	-0.4739
0941a978-c8aa-467b-8464-9f979d1f0418	19	4895084	16702881	5906	-0.0927
0941a978-c8aa-467b-8464-9f979d1f0418	19	16704096	16704882	3	-1.6856
0941a978-c8aa-467b-8464-9f979d1f0418	19	16706196	58586487	21871	-0.0831
0941a978-c8aa-467b-8464-9f979d1f0418	20	80664	1580353	1202	0.1129
0941a978-c8aa-467b-8464-9f979d1f0418	20	1580934	1617300	42	1.3182
0941a978-c8aa-467b-8464-9f979d1f0418	20	1617460	26324943	18757	0.0997
0941a978-c8aa-467b-8464-9f979d1f0418	20	30185676	30258062	14	-1.0466
0941a978-c8aa-467b-8464-9f979d1f0418	20	30259177	41134412	5629	0.0859
0941a978-c8aa-467b-8464-9f979d1f0418	20	41135033	41891423	445	0.4904
0941a978-c8aa-467b-8464-9f979d1f0418	20	41896125	44694228	2184	0.1019
0941a978-c8aa-467b-8464-9f979d1f0418	20	44699932	44700888	2	-2.9853
0941a978-c8aa-467b-8464-9f979d1f0418	20	44706422	53885573	6449	0.0807
0941a978-c8aa-467b-8464-9f979d1f0418	20	53889922	64284715	7610	0.5891
0941a978-c8aa-467b-8464-9f979d1f0418	20	64323342	64324800	5	1.5077
0941a978-c8aa-467b-8464-9f979d1f0418	21	10354168	13583316	269	0.1881
0941a978-c8aa-467b-8464-9f979d1f0418	21	13612103	13677975	4	1.1341
0941a978-c8aa-467b-8464-9f979d1f0418	21	13803967	21815282	5685	0.1676
0941a978-c8aa-467b-8464-9f979d1f0418	21	21815794	21828842	13	-0.7369
0941a978-c8aa-467b-8464-9f979d1f0418	21	21833222	46677045	17889	0.1759
0941a978-c8aa-467b-8464-9f979d1f0418	22	15294547	16472010	59	0.1654
0941a978-c8aa-467b-8464-9f979d1f0418	22	16479663	18649244	1074	-0.1321
0941a978-c8aa-467b-8464-9f979d1f0418	22	18760927	18822581	5	-0.8838
0941a978-c8aa-467b-8464-9f979d1f0418	22	18822597	21998669	1809	-0.0625
0941a978-c8aa-467b-8464-9f979d1f0418	22	21999208	21999332	2	-2.5873
0941a978-c8aa-467b-8464-9f979d1f0418	22	21999583	24299996	1610	-0.0593
0941a978-c8aa-467b-8464-9f979d1f0418	22	24303296	25623361	1004	-0.11
0941a978-c8aa-467b-8464-9f979d1f0418	22	25623456	25623573	2	-1.9241
0941a978-c8aa-467b-8464-9f979d1f0418	22	25624005	34708945	6939	-0.1411
0941a978-c8aa-467b-8464-9f979d1f0418	22	34710439	34716010	5	-0.9413
0941a978-c8aa-467b-8464-9f979d1f0418	22	34718238	34719922	3	-2.926
0941a978-c8aa-467b-8464-9f979d1f0418	22	34723978	50796027	10720	-0.1293
0941a978-c8aa-467b-8464-9f979d1f0418	X	251810	31018508	18986	-0.0669
0941a978-c8aa-467b-8464-9f979d1f0418	X	31023756	31191695	110	0.3914
0941a978-c8aa-467b-8464-9f979d1f0418	X	31192277	48001197	9871	-0.0796
0941a978-c8aa-467b-8464-9f979d1f0418	X	48020763	48121492	76	0.5787
0941a978-c8aa-467b-8464-9f979d1f0418	X	48128795	56629238	3519	-0.0781
0941a978-c8aa-467b-8464-9f979d1f0418	X	56630035	56646272	4	-1.714
0941a978-c8aa-467b-8464-9f979d1f0418	X	56652478	81491333	9216	-0.0741
0941a978-c8aa-467b-8464-9f979d1f0418	X	81497147	81515071	10	-1.15
0941a978-c8aa-467b-8464-9f979d1f0418	X	81527420	110902410	15573	-0.0737
0941a978-c8aa-467b-8464-9f979d1f0418	X	110905370	123294831	7180	0.2186
0941a978-c8aa-467b-8464-9f979d1f0418	X	123297553	136263080	7053	0.1904
0941a978-c8aa-467b-8464-9f979d1f0418	X	136265690	138783881	1498	0.2248
0941a978-c8aa-467b-8464-9f979d1f0418	X	138784637	138813747	11	-0.6073
0941a978-c8aa-467b-8464-9f979d1f0418	X	138815697	155952689	10501	0.2113
0941a978-c8aa-467b-8464-9f979d1f0418	Y	2782397	3147407	155	-2.5913
0941a978-c8aa-467b-8464-9f979d1f0418	Y	3163712	6167430	591	-2.0762
0941a978-c8aa-467b-8464-9f979d1f0418	Y	6171310	6171622	2	-7.7199
0941a978-c8aa-467b-8464-9f979d1f0418	Y	6180233	6233384	33	-1.9886
0941a978-c8aa-467b-8464-9f979d1f0418	Y	6249869	9327138	1441	-2.7412
0941a978-c8aa-467b-8464-9f979d1f0418	Y	9329696	9554275	27	-4.4909
0941a978-c8aa-467b-8464-9f979d1f0418	Y	9554586	13478396	1012	-2.584
0941a978-c8aa-467b-8464-9f979d1f0418	Y	13478462	13482643	3	-7.8202
0941a978-c8aa-467b-8464-9f979d1f0418	Y	13483009	56872112	3370	-2.6887
