GDC_Aliquot	Chromosome	Start	End	Num_Probes	Segment_Mean
c6d7fed2-e1b8-4367-99fa-62bfc648a9c8	1	3301765	247650984	129641	0.012
c6d7fed2-e1b8-4367-99fa-62bfc648a9c8	2	480597	57586662	33889	0.0095
c6d7fed2-e1b8-4367-99fa-62bfc648a9c8	2	57597164	57598893	4	-1.823
c6d7fed2-e1b8-4367-99fa-62bfc648a9c8	2	57600501	241537572	98155	0.011
c6d7fed2-e1b8-4367-99fa-62bfc648a9c8	3	2170634	197812401	107102	0.0085
c6d7fed2-e1b8-4367-99fa-62bfc648a9c8	4	1059384	25465131	15361	0.008
c6d7fed2-e1b8-4367-99fa-62bfc648a9c8	4	25465555	25469542	2	-1.5231
c6d7fed2-e1b8-4367-99fa-62bfc648a9c8	4	25470246	65701338	21102	0.0039
c6d7fed2-e1b8-4367-99fa-62bfc648a9c8	4	65701461	65701480	2	-1.4224
c6d7fed2-e1b8-4367-99fa-62bfc648a9c8	4	65703050	187842528	66948	0.0092
c6d7fed2-e1b8-4367-99fa-62bfc648a9c8	5	914118	180934240	101056	0.0083
c6d7fed2-e1b8-4367-99fa-62bfc648a9c8	6	1011760	134581083	75529	0.0083
c6d7fed2-e1b8-4367-99fa-62bfc648a9c8	6	134583177	134583386	2	-1.3428
c6d7fed2-e1b8-4367-99fa-62bfc648a9c8	6	134583881	150789587	10041	0.0086
c6d7fed2-e1b8-4367-99fa-62bfc648a9c8	6	150791847	151095132	225	0.5699
c6d7fed2-e1b8-4367-99fa-62bfc648a9c8	6	151095755	170596889	11272	0.0073
c6d7fed2-e1b8-4367-99fa-62bfc648a9c8	7	664936	77845692	38962	0.01
c6d7fed2-e1b8-4367-99fa-62bfc648a9c8	7	77847535	77850032	2	-1.8207
c6d7fed2-e1b8-4367-99fa-62bfc648a9c8	7	77852722	149666917	38388	0.0046
c6d7fed2-e1b8-4367-99fa-62bfc648a9c8	7	149668212	149668324	2	-1.6073
c6d7fed2-e1b8-4367-99fa-62bfc648a9c8	7	149669500	157929111	4268	0.0053
c6d7fed2-e1b8-4367-99fa-62bfc648a9c8	7	157931756	157931787	2	-1.0612
c6d7fed2-e1b8-4367-99fa-62bfc648a9c8	7	157934600	158592540	231	0.0019
c6d7fed2-e1b8-4367-99fa-62bfc648a9c8	8	667625	144182542	82164	0.0094
c6d7fed2-e1b8-4367-99fa-62bfc648a9c8	9	789794	138044505	68393	0.0063
c6d7fed2-e1b8-4367-99fa-62bfc648a9c8	10	366509	57386053	33573	0.0079
c6d7fed2-e1b8-4367-99fa-62bfc648a9c8	10	57386347	57386706	2	-1.5843
c6d7fed2-e1b8-4367-99fa-62bfc648a9c8	10	57387016	133411599	47630	0.0081
c6d7fed2-e1b8-4367-99fa-62bfc648a9c8	11	456012	45036788	28569	0.0053
c6d7fed2-e1b8-4367-99fa-62bfc648a9c8	11	45036931	45036947	2	-1.351
c6d7fed2-e1b8-4367-99fa-62bfc648a9c8	11	45037400	45853089	532	0.0054
c6d7fed2-e1b8-4367-99fa-62bfc648a9c8	11	45853841	45856910	2	-2.084
c6d7fed2-e1b8-4367-99fa-62bfc648a9c8	11	45856969	134272740	48389	0.0071
c6d7fed2-e1b8-4367-99fa-62bfc648a9c8	12	780472	2349143	572	0.0079
c6d7fed2-e1b8-4367-99fa-62bfc648a9c8	12	2349194	2349275	2	-1.0303
c6d7fed2-e1b8-4367-99fa-62bfc648a9c8	12	2350941	3561297	749	0.0153
c6d7fed2-e1b8-4367-99fa-62bfc648a9c8	12	3562506	3563563	2	-1.2181
c6d7fed2-e1b8-4367-99fa-62bfc648a9c8	12	3566397	22051534	11026	0.0098
c6d7fed2-e1b8-4367-99fa-62bfc648a9c8	12	22051557	22052975	9	-0.8209
c6d7fed2-e1b8-4367-99fa-62bfc648a9c8	12	22058918	132605822	61909	0.0072
c6d7fed2-e1b8-4367-99fa-62bfc648a9c8	13	18874255	73838059	31398	0.0078
c6d7fed2-e1b8-4367-99fa-62bfc648a9c8	13	73838125	73838158	2	-1.3127
c6d7fed2-e1b8-4367-99fa-62bfc648a9c8	13	73842492	114226675	25539	0.0083
c6d7fed2-e1b8-4367-99fa-62bfc648a9c8	14	20033191	105533894	49733	0.0068
c6d7fed2-e1b8-4367-99fa-62bfc648a9c8	15	23437561	86049307	35102	0.005
c6d7fed2-e1b8-4367-99fa-62bfc648a9c8	15	86049423	86052749	2	-1.3287
c6d7fed2-e1b8-4367-99fa-62bfc648a9c8	15	86064754	101344124	9639	0.0077
c6d7fed2-e1b8-4367-99fa-62bfc648a9c8	16	603333	89317317	41161	0.0001
c6d7fed2-e1b8-4367-99fa-62bfc648a9c8	17	1074619	18160555	8693	0.0065
c6d7fed2-e1b8-4367-99fa-62bfc648a9c8	17	18160881	18161416	2	-1.788
c6d7fed2-e1b8-4367-99fa-62bfc648a9c8	17	18163802	57483169	15633	0.006
c6d7fed2-e1b8-4367-99fa-62bfc648a9c8	17	57484790	57484867	2	-1.6715
c6d7fed2-e1b8-4367-99fa-62bfc648a9c8	17	57486850	82959812	12912	0.0041
c6d7fed2-e1b8-4367-99fa-62bfc648a9c8	18	326691	79349796	42911	0.0106
c6d7fed2-e1b8-4367-99fa-62bfc648a9c8	19	283868	58370362	24127	0.0074
c6d7fed2-e1b8-4367-99fa-62bfc648a9c8	20	472817	5408813	3105	0.0003
c6d7fed2-e1b8-4367-99fa-62bfc648a9c8	20	5416682	5416977	2	-2.6086
c6d7fed2-e1b8-4367-99fa-62bfc648a9c8	20	5417495	63588502	34411	0.0045
c6d7fed2-e1b8-4367-99fa-62bfc648a9c8	21	13974127	46262057	20584	0.006
c6d7fed2-e1b8-4367-99fa-62bfc648a9c8	22	16934932	48940621	17072	0.0066
c6d7fed2-e1b8-4367-99fa-62bfc648a9c8	X	3236359	155677414	63949	0.0072
