GDC_Aliquot	Chromosome	Start	End	Num_Probes	Segment_Mean
649b2251-a8b0-469c-9660-bd566eb73704	1	3301765	70777796	38824	0.014
649b2251-a8b0-469c-9660-bd566eb73704	1	70779147	70780985	5	-1.0519
649b2251-a8b0-469c-9660-bd566eb73704	1	70785071	247650984	90962	0.0159
649b2251-a8b0-469c-9660-bd566eb73704	2	480597	241537572	132234	0.018
649b2251-a8b0-469c-9660-bd566eb73704	3	2170634	120521250	66359	0.0148
649b2251-a8b0-469c-9660-bd566eb73704	3	120527162	120527714	2	-1.3929
649b2251-a8b0-469c-9660-bd566eb73704	3	120527721	197812401	40850	0.0183
649b2251-a8b0-469c-9660-bd566eb73704	4	1059384	187842528	103531	0.0157
649b2251-a8b0-469c-9660-bd566eb73704	5	914118	2797240	914	0.0175
649b2251-a8b0-469c-9660-bd566eb73704	5	2797407	2800629	2	-1.7372
649b2251-a8b0-469c-9660-bd566eb73704	5	2801643	35184586	19380	0.0152
649b2251-a8b0-469c-9660-bd566eb73704	5	35185795	35186592	3	-1.151
649b2251-a8b0-469c-9660-bd566eb73704	5	35188342	180934240	80851	0.017
649b2251-a8b0-469c-9660-bd566eb73704	6	1011760	24435872	16629	0.0182
649b2251-a8b0-469c-9660-bd566eb73704	6	24436859	24436880	2	-1.7932
649b2251-a8b0-469c-9660-bd566eb73704	6	24439300	148180808	67268	0.0162
649b2251-a8b0-469c-9660-bd566eb73704	6	148185476	148185808	2	-1.885
649b2251-a8b0-469c-9660-bd566eb73704	6	148186119	170596889	13280	0.0159
649b2251-a8b0-469c-9660-bd566eb73704	7	664936	158592540	81957	0.0173
649b2251-a8b0-469c-9660-bd566eb73704	8	667625	61801717	33893	0.0144
649b2251-a8b0-469c-9660-bd566eb73704	8	61802427	61809686	7	-0.8416
649b2251-a8b0-469c-9660-bd566eb73704	8	61814970	101308819	22434	0.011
649b2251-a8b0-469c-9660-bd566eb73704	8	101315614	101319372	3	-1.1412
649b2251-a8b0-469c-9660-bd566eb73704	8	101321193	144182542	25913	0.0102
649b2251-a8b0-469c-9660-bd566eb73704	9	789794	138044505	68498	0.015
649b2251-a8b0-469c-9660-bd566eb73704	10	366509	133411599	81318	0.0174
649b2251-a8b0-469c-9660-bd566eb73704	11	456012	134272740	77591	0.0163
649b2251-a8b0-469c-9660-bd566eb73704	12	780472	132605822	74355	0.0162
649b2251-a8b0-469c-9660-bd566eb73704	13	18874255	114226675	57013	0.018
649b2251-a8b0-469c-9660-bd566eb73704	14	20033191	53888343	18041	0.0137
649b2251-a8b0-469c-9660-bd566eb73704	14	53888358	53888475	4	-0.9623
649b2251-a8b0-469c-9660-bd566eb73704	14	53888715	105533894	31755	0.0156
649b2251-a8b0-469c-9660-bd566eb73704	15	23437561	101344124	44799	0.0146
649b2251-a8b0-469c-9660-bd566eb73704	16	603333	50526189	16305	0.015
649b2251-a8b0-469c-9660-bd566eb73704	16	50527038	50528846	2	-1.4907
649b2251-a8b0-469c-9660-bd566eb73704	16	50529736	89317317	24919	0.0186
649b2251-a8b0-469c-9660-bd566eb73704	17	1074619	82959812	37295	0.0137
649b2251-a8b0-469c-9660-bd566eb73704	18	326691	79349796	42972	0.016
649b2251-a8b0-469c-9660-bd566eb73704	19	283868	58370362	24163	0.0136
649b2251-a8b0-469c-9660-bd566eb73704	20	472817	63588502	37563	0.0148
649b2251-a8b0-469c-9660-bd566eb73704	21	13974127	46262057	20602	0.0165
649b2251-a8b0-469c-9660-bd566eb73704	22	16934932	39198735	10876	0.0117
649b2251-a8b0-469c-9660-bd566eb73704	22	39205268	39228047	2	-1.3942
649b2251-a8b0-469c-9660-bd566eb73704	22	39228934	47361564	4897	0.012
649b2251-a8b0-469c-9660-bd566eb73704	22	47370433	47370469	2	-1.3012
649b2251-a8b0-469c-9660-bd566eb73704	22	47372083	48940621	1310	0.0116
649b2251-a8b0-469c-9660-bd566eb73704	X	3236359	89719208	34842	0.0167
649b2251-a8b0-469c-9660-bd566eb73704	X	89721825	89726410	2	-1.2919
649b2251-a8b0-469c-9660-bd566eb73704	X	89728272	155677414	29138	0.0171
