GDC_Aliquot	Chromosome	Start	End	Num_Probes	Segment_Mean
6a46737f-88e7-4cbd-b204-88c98f9b7310	1	62920	864015	46	0.3027
6a46737f-88e7-4cbd-b204-88c98f9b7310	1	864083	24486665	13477	0.0216
6a46737f-88e7-4cbd-b204-88c98f9b7310	1	24486932	25256850	489	0.1237
6a46737f-88e7-4cbd-b204-88c98f9b7310	1	25266637	25319693	21	-2.035
6a46737f-88e7-4cbd-b204-88c98f9b7310	1	25320198	25320455	3	-0.8327
6a46737f-88e7-4cbd-b204-88c98f9b7310	1	25336819	29684426	1903	0.0767
6a46737f-88e7-4cbd-b204-88c98f9b7310	1	29684712	39215635	5568	0.02
6a46737f-88e7-4cbd-b204-88c98f9b7310	1	39218252	46727671	4183	0.066
6a46737f-88e7-4cbd-b204-88c98f9b7310	1	46734207	71339472	16489	0.0082
6a46737f-88e7-4cbd-b204-88c98f9b7310	1	71344716	72284670	569	0.0462
6a46737f-88e7-4cbd-b204-88c98f9b7310	1	72290430	72297687	9	-0.9468
6a46737f-88e7-4cbd-b204-88c98f9b7310	1	72302735	72345465	48	0.7351
6a46737f-88e7-4cbd-b204-88c98f9b7310	1	72346221	103614714	20023	0.0312
6a46737f-88e7-4cbd-b204-88c98f9b7310	1	103615687	103620877	4	-1.4173
6a46737f-88e7-4cbd-b204-88c98f9b7310	1	103621165	109690352	3579	0.032
6a46737f-88e7-4cbd-b204-88c98f9b7310	1	109690415	109697556	12	-1.6459
6a46737f-88e7-4cbd-b204-88c98f9b7310	1	109702376	111837366	1657	0.0922
6a46737f-88e7-4cbd-b204-88c98f9b7310	1	111841336	145856217	5699	0.0206
6a46737f-88e7-4cbd-b204-88c98f9b7310	1	145860858	155305169	3859	0.076
6a46737f-88e7-4cbd-b204-88c98f9b7310	1	155307216	155307639	2	-1.7129
6a46737f-88e7-4cbd-b204-88c98f9b7310	1	155311455	162094716	4202	0.0693
6a46737f-88e7-4cbd-b204-88c98f9b7310	1	162094797	167133055	4036	-0.0016
6a46737f-88e7-4cbd-b204-88c98f9b7310	1	167133242	175319019	5466	0.0486
6a46737f-88e7-4cbd-b204-88c98f9b7310	1	175319276	177176229	1236	-0.0111
6a46737f-88e7-4cbd-b204-88c98f9b7310	1	177176589	177176639	2	-1.9152
6a46737f-88e7-4cbd-b204-88c98f9b7310	1	177177772	183620247	4450	-0.0059
6a46737f-88e7-4cbd-b204-88c98f9b7310	1	183620665	208830241	16626	0.0468
6a46737f-88e7-4cbd-b204-88c98f9b7310	1	208830716	226275109	11887	0.0062
6a46737f-88e7-4cbd-b204-88c98f9b7310	1	226282263	236068554	6773	0.0355
6a46737f-88e7-4cbd-b204-88c98f9b7310	1	236070696	245473108	7033	-0.0148
6a46737f-88e7-4cbd-b204-88c98f9b7310	1	245473737	245483602	11	-0.9871
6a46737f-88e7-4cbd-b204-88c98f9b7310	1	245486349	248574146	2011	-0.0158
6a46737f-88e7-4cbd-b204-88c98f9b7310	1	248585893	248930189	173	0.0848
6a46737f-88e7-4cbd-b204-88c98f9b7310	2	12784	7143155	5616	-0.016
6a46737f-88e7-4cbd-b204-88c98f9b7310	2	7143460	8930671	1372	0.0983
6a46737f-88e7-4cbd-b204-88c98f9b7310	2	8930986	11798820	1963	0.0084
6a46737f-88e7-4cbd-b204-88c98f9b7310	2	11799030	13067974	1053	0.0777
6a46737f-88e7-4cbd-b204-88c98f9b7310	2	13070793	23750200	7630	-0.003
6a46737f-88e7-4cbd-b204-88c98f9b7310	2	23750733	29322329	2915	0.0576
6a46737f-88e7-4cbd-b204-88c98f9b7310	2	29324996	34466002	3530	0.0068
6a46737f-88e7-4cbd-b204-88c98f9b7310	2	34474248	34511990	46	-2.0724
6a46737f-88e7-4cbd-b204-88c98f9b7310	2	34512096	87228594	35054	0.0221
6a46737f-88e7-4cbd-b204-88c98f9b7310	2	87229739	87528459	62	-0.4592
6a46737f-88e7-4cbd-b204-88c98f9b7310	2	87542032	96573526	1475	-0.0235
6a46737f-88e7-4cbd-b204-88c98f9b7310	2	96576191	97651925	315	0.1764
6a46737f-88e7-4cbd-b204-88c98f9b7310	2	97652647	114316436	9759	0.0223
6a46737f-88e7-4cbd-b204-88c98f9b7310	2	114322212	137710813	14442	-0.0122
6a46737f-88e7-4cbd-b204-88c98f9b7310	2	137711200	207486030	42148	0.0343
6a46737f-88e7-4cbd-b204-88c98f9b7310	2	207490188	207494301	16	-0.7721
6a46737f-88e7-4cbd-b204-88c98f9b7310	2	207494425	207635609	83	0.0194
6a46737f-88e7-4cbd-b204-88c98f9b7310	2	207636221	207638827	2	-1.5944
6a46737f-88e7-4cbd-b204-88c98f9b7310	2	207639869	212520793	3119	0.0229
6a46737f-88e7-4cbd-b204-88c98f9b7310	2	212520898	212521351	2	-3.6226
6a46737f-88e7-4cbd-b204-88c98f9b7310	2	212522839	242147305	18873	0.0178
6a46737f-88e7-4cbd-b204-88c98f9b7310	3	20930	6604856	5818	0.0214
6a46737f-88e7-4cbd-b204-88c98f9b7310	3	6609441	6613391	24	-0.5974
6a46737f-88e7-4cbd-b204-88c98f9b7310	3	6613561	13251218	5098	0.0051
6a46737f-88e7-4cbd-b204-88c98f9b7310	3	13253089	31473745	12607	0.0344
6a46737f-88e7-4cbd-b204-88c98f9b7310	3	31473760	45717544	8936	0.0111
6a46737f-88e7-4cbd-b204-88c98f9b7310	3	45717767	47758629	1102	0.105
6a46737f-88e7-4cbd-b204-88c98f9b7310	3	47764523	47783227	11	-0.5983
6a46737f-88e7-4cbd-b204-88c98f9b7310	3	47783288	53157410	2253	0.0718
6a46737f-88e7-4cbd-b204-88c98f9b7310	3	53158427	59156154	3961	-0.0057
6a46737f-88e7-4cbd-b204-88c98f9b7310	3	59156971	60650688	1572	0.08
6a46737f-88e7-4cbd-b204-88c98f9b7310	3	60651749	65534866	4225	-0.0129
6a46737f-88e7-4cbd-b204-88c98f9b7310	3	65536149	65536240	2	-1.6911
6a46737f-88e7-4cbd-b204-88c98f9b7310	3	65536717	68697013	2163	0.0094
6a46737f-88e7-4cbd-b204-88c98f9b7310	3	68697108	68698262	14	1.3956
6a46737f-88e7-4cbd-b204-88c98f9b7310	3	68699607	165323075	56343	0.0255
6a46737f-88e7-4cbd-b204-88c98f9b7310	3	165323760	165361821	62	-0.9874
6a46737f-88e7-4cbd-b204-88c98f9b7310	3	165363857	193156958	17792	0.0291
6a46737f-88e7-4cbd-b204-88c98f9b7310	3	193160113	193165114	20	-1.3729
6a46737f-88e7-4cbd-b204-88c98f9b7310	3	193168646	195243482	1375	0.0101
6a46737f-88e7-4cbd-b204-88c98f9b7310	3	195244120	198106388	1273	0.0917
6a46737f-88e7-4cbd-b204-88c98f9b7310	3	198106493	198169247	42	-0.1374
6a46737f-88e7-4cbd-b204-88c98f9b7310	4	68929	9455251	5157	0.0176
6a46737f-88e7-4cbd-b204-88c98f9b7310	4	9459504	9477560	5	-2.0868
6a46737f-88e7-4cbd-b204-88c98f9b7310	4	9477699	10227193	546	-0.0154
6a46737f-88e7-4cbd-b204-88c98f9b7310	4	10227256	10229874	22	-2.3197
6a46737f-88e7-4cbd-b204-88c98f9b7310	4	10232590	11301733	948	-0.0091
6a46737f-88e7-4cbd-b204-88c98f9b7310	4	11303292	11329732	16	-1.0601
6a46737f-88e7-4cbd-b204-88c98f9b7310	4	11331621	15983430	3594	0.0177
6a46737f-88e7-4cbd-b204-88c98f9b7310	4	15983831	15985025	2	-2.119
6a46737f-88e7-4cbd-b204-88c98f9b7310	4	15986874	63841863	29041	0.0142
6a46737f-88e7-4cbd-b204-88c98f9b7310	4	63841887	63852325	10	0.8776
6a46737f-88e7-4cbd-b204-88c98f9b7310	4	63856498	67977123	2630	0.0337
6a46737f-88e7-4cbd-b204-88c98f9b7310	4	67984698	68023670	19	-1.1132
6a46737f-88e7-4cbd-b204-88c98f9b7310	4	68024233	68354665	194	0.0613
6a46737f-88e7-4cbd-b204-88c98f9b7310	4	68361130	68391041	4	-1.2923
6a46737f-88e7-4cbd-b204-88c98f9b7310	4	68394355	68506285	20	0.3343
6a46737f-88e7-4cbd-b204-88c98f9b7310	4	68509223	68623617	66	-2.1212
6a46737f-88e7-4cbd-b204-88c98f9b7310	4	68639397	69255545	313	0.0924
6a46737f-88e7-4cbd-b204-88c98f9b7310	4	69257792	69366406	57	-0.6794
6a46737f-88e7-4cbd-b204-88c98f9b7310	4	69370433	69436657	39	-0.1422
6a46737f-88e7-4cbd-b204-88c98f9b7310	4	69436722	77522836	5155	0.0245
6a46737f-88e7-4cbd-b204-88c98f9b7310	4	77525204	77527731	3	-1.6094
6a46737f-88e7-4cbd-b204-88c98f9b7310	4	77531977	99371543	13131	0.0338
6a46737f-88e7-4cbd-b204-88c98f9b7310	4	99371905	99375295	4	-1.3665
6a46737f-88e7-4cbd-b204-88c98f9b7310	4	99377945	127206301	16804	0.0326
6a46737f-88e7-4cbd-b204-88c98f9b7310	4	127206507	127207226	2	-2.4044
6a46737f-88e7-4cbd-b204-88c98f9b7310	4	127209598	137018090	5332	0.0376
6a46737f-88e7-4cbd-b204-88c98f9b7310	4	137018103	137021888	14	0.6487
6a46737f-88e7-4cbd-b204-88c98f9b7310	4	137021897	149983694	7927	0.0237
6a46737f-88e7-4cbd-b204-88c98f9b7310	4	149984222	149984807	2	-1.6504
6a46737f-88e7-4cbd-b204-88c98f9b7310	4	149987908	162616047	8043	0.0267
6a46737f-88e7-4cbd-b204-88c98f9b7310	4	162616376	162616420	2	-2.0971
6a46737f-88e7-4cbd-b204-88c98f9b7310	4	162618998	172066585	5943	0.0101
6a46737f-88e7-4cbd-b204-88c98f9b7310	4	172066676	172068382	15	0.7481
6a46737f-88e7-4cbd-b204-88c98f9b7310	4	172074828	180189556	5071	0.0218
6a46737f-88e7-4cbd-b204-88c98f9b7310	4	180191627	190106768	7000	-0.0213
6a46737f-88e7-4cbd-b204-88c98f9b7310	5	15532	46271006	30659	0.0057
6a46737f-88e7-4cbd-b204-88c98f9b7310	5	46271828	46273400	6	-2.9292
6a46737f-88e7-4cbd-b204-88c98f9b7310	5	46278110	58025819	5073	0.0274
6a46737f-88e7-4cbd-b204-88c98f9b7310	5	58030200	58037706	32	-0.6697
6a46737f-88e7-4cbd-b204-88c98f9b7310	5	58042530	104515520	26827	0.0372
6a46737f-88e7-4cbd-b204-88c98f9b7310	5	104524672	104524903	4	1.6314
6a46737f-88e7-4cbd-b204-88c98f9b7310	5	104525348	111864326	4698	0.0439
6a46737f-88e7-4cbd-b204-88c98f9b7310	5	111864776	176033084	42819	0.0128
6a46737f-88e7-4cbd-b204-88c98f9b7310	5	176038686	176042504	2	-2.4149
6a46737f-88e7-4cbd-b204-88c98f9b7310	5	176043321	180433080	2247	0.02
6a46737f-88e7-4cbd-b204-88c98f9b7310	5	180433270	180951888	275	0.1084
6a46737f-88e7-4cbd-b204-88c98f9b7310	5	180953203	180987465	12	0.9193
6a46737f-88e7-4cbd-b204-88c98f9b7310	5	180990207	181363319	175	0.0082
6a46737f-88e7-4cbd-b204-88c98f9b7310	6	149661	794952	543	0.1089
6a46737f-88e7-4cbd-b204-88c98f9b7310	6	795398	13405089	10079	0.0015
6a46737f-88e7-4cbd-b204-88c98f9b7310	6	13408266	16958293	2674	0.0405
6a46737f-88e7-4cbd-b204-88c98f9b7310	6	16959379	24215538	5256	-0.0124
6a46737f-88e7-4cbd-b204-88c98f9b7310	6	24218925	26743855	1675	0.0863
6a46737f-88e7-4cbd-b204-88c98f9b7310	6	26747492	26759781	5	-1.3584
6a46737f-88e7-4cbd-b204-88c98f9b7310	6	26831719	29869295	1415	0.0367
6a46737f-88e7-4cbd-b204-88c98f9b7310	6	29869410	29881490	16	-1.3751
6a46737f-88e7-4cbd-b204-88c98f9b7310	6	29882419	31318528	666	0.1197
6a46737f-88e7-4cbd-b204-88c98f9b7310	6	31318754	31328176	6	-1.9019
6a46737f-88e7-4cbd-b204-88c98f9b7310	6	31328210	32486746	506	0.1612
6a46737f-88e7-4cbd-b204-88c98f9b7310	6	32488906	32533522	13	2.4899
6a46737f-88e7-4cbd-b204-88c98f9b7310	6	32540699	32743961	103	0.5364
6a46737f-88e7-4cbd-b204-88c98f9b7310	6	32744005	38633556	3538	0.0749
6a46737f-88e7-4cbd-b204-88c98f9b7310	6	38634124	40617308	1578	-0.0002
6a46737f-88e7-4cbd-b204-88c98f9b7310	6	40618439	46498659	3612	0.0651
6a46737f-88e7-4cbd-b204-88c98f9b7310	6	46498928	54066269	4912	0.015
6a46737f-88e7-4cbd-b204-88c98f9b7310	6	54066286	54067057	8	-1.088
6a46737f-88e7-4cbd-b204-88c98f9b7310	6	54070550	76726815	12162	0.0186
6a46737f-88e7-4cbd-b204-88c98f9b7310	6	76730151	76758871	25	-0.4812
6a46737f-88e7-4cbd-b204-88c98f9b7310	6	76758906	78213330	933	0.0199
6a46737f-88e7-4cbd-b204-88c98f9b7310	6	78215495	78636741	371	0.0903
6a46737f-88e7-4cbd-b204-88c98f9b7310	6	78640995	78643000	2	-2.4835
6a46737f-88e7-4cbd-b204-88c98f9b7310	6	78643288	109731677	19275	0.0334
6a46737f-88e7-4cbd-b204-88c98f9b7310	6	109732047	109732073	2	-2.496
6a46737f-88e7-4cbd-b204-88c98f9b7310	6	109732253	170741917	40173	0.0228
6a46737f-88e7-4cbd-b204-88c98f9b7310	7	43355	3795029	1821	0.0517
6a46737f-88e7-4cbd-b204-88c98f9b7310	7	3799113	7090061	1722	-0.0253
6a46737f-88e7-4cbd-b204-88c98f9b7310	7	7090115	20326471	10899	0.0565
6a46737f-88e7-4cbd-b204-88c98f9b7310	7	20326905	36516523	11600	0.0131
6a46737f-88e7-4cbd-b204-88c98f9b7310	7	36516676	37684763	903	0.0881
6a46737f-88e7-4cbd-b204-88c98f9b7310	7	37685705	38263543	428	0.0453
6a46737f-88e7-4cbd-b204-88c98f9b7310	7	38263833	38319355	101	-0.5782
6a46737f-88e7-4cbd-b204-88c98f9b7310	7	38322471	48541346	6751	0.0004
6a46737f-88e7-4cbd-b204-88c98f9b7310	7	48542256	48552429	8	-1.065
6a46737f-88e7-4cbd-b204-88c98f9b7310	7	48560583	54305455	4247	0.0075
6a46737f-88e7-4cbd-b204-88c98f9b7310	7	54318812	54318824	6	1.1814
6a46737f-88e7-4cbd-b204-88c98f9b7310	7	54325795	55124205	710	0.0306
6a46737f-88e7-4cbd-b204-88c98f9b7310	7	55124391	56700314	849	-0.0484
6a46737f-88e7-4cbd-b204-88c98f9b7310	7	56701121	63950277	856	-0.1469
6a46737f-88e7-4cbd-b204-88c98f9b7310	7	63950920	65502854	778	-0.0295
6a46737f-88e7-4cbd-b204-88c98f9b7310	7	65539561	65595036	7	-1.0626
6a46737f-88e7-4cbd-b204-88c98f9b7310	7	65595136	74371369	4495	-0.045
6a46737f-88e7-4cbd-b204-88c98f9b7310	7	74373672	152481999	46903	0.0248
6a46737f-88e7-4cbd-b204-88c98f9b7310	7	152483602	153700626	852	-0.0572
6a46737f-88e7-4cbd-b204-88c98f9b7310	7	153701989	153702080	2	-2.4926
6a46737f-88e7-4cbd-b204-88c98f9b7310	7	153702303	155172128	1205	-0.0551
6a46737f-88e7-4cbd-b204-88c98f9b7310	7	155172850	159334314	2666	0.0055
6a46737f-88e7-4cbd-b204-88c98f9b7310	8	81254	4144670	3695	-0.0227
6a46737f-88e7-4cbd-b204-88c98f9b7310	8	4144685	4144794	3	-1.8962
6a46737f-88e7-4cbd-b204-88c98f9b7310	8	4145131	4145783	10	0.0544
6a46737f-88e7-4cbd-b204-88c98f9b7310	8	4145941	4145956	2	-3.5809
6a46737f-88e7-4cbd-b204-88c98f9b7310	8	4146039	7296545	4013	-0.0004
6a46737f-88e7-4cbd-b204-88c98f9b7310	8	7312952	7598502	40	-0.6516
6a46737f-88e7-4cbd-b204-88c98f9b7310	8	7775900	7919608	10	-2.1788
6a46737f-88e7-4cbd-b204-88c98f9b7310	8	7930163	8139659	17	-0.6208
6a46737f-88e7-4cbd-b204-88c98f9b7310	8	8196822	12092042	3223	-0.0093
6a46737f-88e7-4cbd-b204-88c98f9b7310	8	12130217	12143614	6	-2.592
6a46737f-88e7-4cbd-b204-88c98f9b7310	8	12176798	12581382	49	-0.3195
6a46737f-88e7-4cbd-b204-88c98f9b7310	8	12585546	25117007	10398	0.0108
6a46737f-88e7-4cbd-b204-88c98f9b7310	8	25117062	25122472	18	1.1213
6a46737f-88e7-4cbd-b204-88c98f9b7310	8	25126554	38428834	8504	-0.0011
6a46737f-88e7-4cbd-b204-88c98f9b7310	8	38430693	38562115	129	-0.2046
6a46737f-88e7-4cbd-b204-88c98f9b7310	8	38562551	39372806	384	-0.0019
6a46737f-88e7-4cbd-b204-88c98f9b7310	8	39373140	39529446	60	0.7296
6a46737f-88e7-4cbd-b204-88c98f9b7310	8	39530780	50118212	4581	-0.0186
6a46737f-88e7-4cbd-b204-88c98f9b7310	8	50119451	50119827	8	-2.0998
6a46737f-88e7-4cbd-b204-88c98f9b7310	8	50120863	111282809	37416	0.0152
6a46737f-88e7-4cbd-b204-88c98f9b7310	8	111282852	111283031	4	-2.5008
6a46737f-88e7-4cbd-b204-88c98f9b7310	8	111288052	114622424	1824	0.0257
6a46737f-88e7-4cbd-b204-88c98f9b7310	8	114622438	114629502	32	-0.7031
6a46737f-88e7-4cbd-b204-88c98f9b7310	8	114638468	119142545	3109	0.0263
6a46737f-88e7-4cbd-b204-88c98f9b7310	8	119143515	119147207	3	-3.7716
6a46737f-88e7-4cbd-b204-88c98f9b7310	8	119150615	120563521	894	-0.0199
6a46737f-88e7-4cbd-b204-88c98f9b7310	8	120571043	134902626	10580	0.0294
6a46737f-88e7-4cbd-b204-88c98f9b7310	8	134902657	137810080	2226	-0.0043
6a46737f-88e7-4cbd-b204-88c98f9b7310	8	137811491	137812781	4	-1.325
6a46737f-88e7-4cbd-b204-88c98f9b7310	8	137813527	141330458	2659	-0.0193
6a46737f-88e7-4cbd-b204-88c98f9b7310	8	141332458	142225622	542	-0.131
6a46737f-88e7-4cbd-b204-88c98f9b7310	8	142225742	145072769	1031	0.0489
6a46737f-88e7-4cbd-b204-88c98f9b7310	9	46587	602903	507	0.0891
6a46737f-88e7-4cbd-b204-88c98f9b7310	9	606699	606961	4	-2.7521
6a46737f-88e7-4cbd-b204-88c98f9b7310	9	607307	1449294	954	-0.047
6a46737f-88e7-4cbd-b204-88c98f9b7310	9	1449326	5079156	3778	0.0249
6a46737f-88e7-4cbd-b204-88c98f9b7310	9	5081416	5084226	14	0.6806
6a46737f-88e7-4cbd-b204-88c98f9b7310	9	5084325	13307716	6959	0.0348
6a46737f-88e7-4cbd-b204-88c98f9b7310	9	13308629	13340603	22	-0.969
6a46737f-88e7-4cbd-b204-88c98f9b7310	9	13345537	39807498	18950	0.0265
6a46737f-88e7-4cbd-b204-88c98f9b7310	9	39827488	39833357	2	-2.2599
6a46737f-88e7-4cbd-b204-88c98f9b7310	9	39840169	41644133	90	0.0054
6a46737f-88e7-4cbd-b204-88c98f9b7310	9	41644288	41646527	3	-1.8192
6a46737f-88e7-4cbd-b204-88c98f9b7310	9	41646850	91639868	17181	0.0094
6a46737f-88e7-4cbd-b204-88c98f9b7310	9	91639924	91641263	17	-0.7418
6a46737f-88e7-4cbd-b204-88c98f9b7310	9	91641428	116764733	17797	0.0121
6a46737f-88e7-4cbd-b204-88c98f9b7310	9	116765279	116771166	22	-0.5068
6a46737f-88e7-4cbd-b204-88c98f9b7310	9	116771326	126225619	6667	0.017
6a46737f-88e7-4cbd-b204-88c98f9b7310	9	126228698	132934772	3993	0.0724
6a46737f-88e7-4cbd-b204-88c98f9b7310	9	132934932	135327017	1413	0.0158
6a46737f-88e7-4cbd-b204-88c98f9b7310	9	135327305	135327487	2	-1.8782
6a46737f-88e7-4cbd-b204-88c98f9b7310	9	135327870	138200944	1100	0.0437
6a46737f-88e7-4cbd-b204-88c98f9b7310	10	45792	133654968	90640	0.0056
6a46737f-88e7-4cbd-b204-88c98f9b7310	11	198510	4217824	1737	0.0618
6a46737f-88e7-4cbd-b204-88c98f9b7310	11	4228783	4314648	25	-0.8485
6a46737f-88e7-4cbd-b204-88c98f9b7310	11	4314837	4949047	659	0.0225
6a46737f-88e7-4cbd-b204-88c98f9b7310	11	4949064	4952380	14	1.0711
6a46737f-88e7-4cbd-b204-88c98f9b7310	11	4952488	5766862	799	0.0197
6a46737f-88e7-4cbd-b204-88c98f9b7310	11	5768371	5791130	33	0.5205
6a46737f-88e7-4cbd-b204-88c98f9b7310	11	5794956	18928100	9407	0.0263
6a46737f-88e7-4cbd-b204-88c98f9b7310	11	18928121	18937343	26	-0.4524
6a46737f-88e7-4cbd-b204-88c98f9b7310	11	18938477	31371747	9102	0.0102
6a46737f-88e7-4cbd-b204-88c98f9b7310	11	31372721	31375533	2	-2.1405
6a46737f-88e7-4cbd-b204-88c98f9b7310	11	31376660	48688881	11538	0.0195
6a46737f-88e7-4cbd-b204-88c98f9b7310	11	48692523	48700204	2	-1.851
6a46737f-88e7-4cbd-b204-88c98f9b7310	11	48700215	49737435	401	0.0001
6a46737f-88e7-4cbd-b204-88c98f9b7310	11	49738003	49739136	6	-1.1632
6a46737f-88e7-4cbd-b204-88c98f9b7310	11	49744609	55608804	731	-0.0701
6a46737f-88e7-4cbd-b204-88c98f9b7310	11	55609022	55686100	52	0.6524
6a46737f-88e7-4cbd-b204-88c98f9b7310	11	55693207	62255719	3931	0.0218
6a46737f-88e7-4cbd-b204-88c98f9b7310	11	62255829	67584356	2237	0.0848
6a46737f-88e7-4cbd-b204-88c98f9b7310	11	67593440	135074876	46105	0.0216
6a46737f-88e7-4cbd-b204-88c98f9b7310	12	51460	233990	106	-0.0902
6a46737f-88e7-4cbd-b204-88c98f9b7310	12	238493	760032	313	0.0882
6a46737f-88e7-4cbd-b204-88c98f9b7310	12	760097	764863	16	-0.8093
6a46737f-88e7-4cbd-b204-88c98f9b7310	12	766188	9022521	5504	0.027
6a46737f-88e7-4cbd-b204-88c98f9b7310	12	9023108	11243616	1362	0.111
6a46737f-88e7-4cbd-b204-88c98f9b7310	12	11246252	12377763	924	0.031
6a46737f-88e7-4cbd-b204-88c98f9b7310	12	12383285	12389946	18	-0.6384
6a46737f-88e7-4cbd-b204-88c98f9b7310	12	12389980	29529424	11848	0.0323
6a46737f-88e7-4cbd-b204-88c98f9b7310	12	29529814	37593924	3539	-0.0103
6a46737f-88e7-4cbd-b204-88c98f9b7310	12	37618765	37620216	2	-1.7975
6a46737f-88e7-4cbd-b204-88c98f9b7310	12	37640556	45506042	4757	0.0202
6a46737f-88e7-4cbd-b204-88c98f9b7310	12	45510655	45512057	2	-2.0248
6a46737f-88e7-4cbd-b204-88c98f9b7310	12	45514957	113188614	42551	0.0323
6a46737f-88e7-4cbd-b204-88c98f9b7310	12	113190709	119773314	4989	-0.0371
6a46737f-88e7-4cbd-b204-88c98f9b7310	12	119773788	124827658	2475	0.0576
6a46737f-88e7-4cbd-b204-88c98f9b7310	12	124827879	133201603	6417	-0.0358
6a46737f-88e7-4cbd-b204-88c98f9b7310	13	18452809	37495907	13472	0.0047
6a46737f-88e7-4cbd-b204-88c98f9b7310	13	37496233	37510620	18	0.7591
6a46737f-88e7-4cbd-b204-88c98f9b7310	13	37514193	38478674	701	0.0244
6a46737f-88e7-4cbd-b204-88c98f9b7310	13	38483435	38483919	2	-1.9874
6a46737f-88e7-4cbd-b204-88c98f9b7310	13	38490920	39293780	623	0.0154
6a46737f-88e7-4cbd-b204-88c98f9b7310	13	39293795	39293955	2	-1.9747
6a46737f-88e7-4cbd-b204-88c98f9b7310	13	39293993	49686769	7049	0.0385
6a46737f-88e7-4cbd-b204-88c98f9b7310	13	49691973	50998598	752	0.1481
6a46737f-88e7-4cbd-b204-88c98f9b7310	13	51002947	57129929	3383	0.0326
6a46737f-88e7-4cbd-b204-88c98f9b7310	13	57138666	57204246	47	-0.7719
6a46737f-88e7-4cbd-b204-88c98f9b7310	13	57215580	71902850	8993	0.0424
6a46737f-88e7-4cbd-b204-88c98f9b7310	13	71903417	71906418	3	-3.0071
6a46737f-88e7-4cbd-b204-88c98f9b7310	13	71906467	95236228	15369	0.0307
6a46737f-88e7-4cbd-b204-88c98f9b7310	13	95236402	95570936	264	-0.141
6a46737f-88e7-4cbd-b204-88c98f9b7310	13	95573040	113513293	13134	0.0129
6a46737f-88e7-4cbd-b204-88c98f9b7310	13	113513414	114342922	314	0.1306
6a46737f-88e7-4cbd-b204-88c98f9b7310	14	18239283	19078442	32	-0.3994
6a46737f-88e7-4cbd-b204-88c98f9b7310	14	19110634	19955213	135	0.6552
6a46737f-88e7-4cbd-b204-88c98f9b7310	14	19956767	21721018	1175	0.0558
6a46737f-88e7-4cbd-b204-88c98f9b7310	14	21721065	22104541	321	-0.1557
6a46737f-88e7-4cbd-b204-88c98f9b7310	14	22105166	22491845	331	-0.6494
6a46737f-88e7-4cbd-b204-88c98f9b7310	14	22496054	38401252	10073	0.0206
6a46737f-88e7-4cbd-b204-88c98f9b7310	14	38401839	38509745	76	-0.2518
6a46737f-88e7-4cbd-b204-88c98f9b7310	14	38511281	40139724	899	0.005
6a46737f-88e7-4cbd-b204-88c98f9b7310	14	40144718	40147715	2	-2.1121
6a46737f-88e7-4cbd-b204-88c98f9b7310	14	40148961	73534419	21196	0.0252
6a46737f-88e7-4cbd-b204-88c98f9b7310	14	73540003	73554275	8	1.0444
6a46737f-88e7-4cbd-b204-88c98f9b7310	14	73563196	96761980	15530	0.0185
6a46737f-88e7-4cbd-b204-88c98f9b7310	14	96764315	99501161	2280	0.0762
6a46737f-88e7-4cbd-b204-88c98f9b7310	14	99501659	106434898	3114	0.0245
6a46737f-88e7-4cbd-b204-88c98f9b7310	14	106437363	106487827	47	-0.5384
6a46737f-88e7-4cbd-b204-88c98f9b7310	14	106492557	106877229	191	0.1548
6a46737f-88e7-4cbd-b204-88c98f9b7310	15	19811075	21268107	172	-0.001
6a46737f-88e7-4cbd-b204-88c98f9b7310	15	21271643	22299523	34	0.6052
6a46737f-88e7-4cbd-b204-88c98f9b7310	15	22385639	30070284	4608	-0.0359
6a46737f-88e7-4cbd-b204-88c98f9b7310	15	30070380	32217891	1090	0.022
6a46737f-88e7-4cbd-b204-88c98f9b7310	15	32218009	32567657	28	-0.524
6a46737f-88e7-4cbd-b204-88c98f9b7310	15	32584630	76598900	27966	0.0235
6a46737f-88e7-4cbd-b204-88c98f9b7310	15	76599170	76599884	10	-2.9645
6a46737f-88e7-4cbd-b204-88c98f9b7310	15	76602723	76603433	10	-1.5535
6a46737f-88e7-4cbd-b204-88c98f9b7310	15	76603434	101888798	17603	0.0063
6a46737f-88e7-4cbd-b204-88c98f9b7310	15	101888834	101928837	8	1.2361
6a46737f-88e7-4cbd-b204-88c98f9b7310	16	10777	5136459	2208	0.0757
6a46737f-88e7-4cbd-b204-88c98f9b7310	16	5136711	8528343	3935	-0.0665
6a46737f-88e7-4cbd-b204-88c98f9b7310	16	8528357	10503542	1764	-0.0248
6a46737f-88e7-4cbd-b204-88c98f9b7310	16	10504436	10504798	2	-1.7157
6a46737f-88e7-4cbd-b204-88c98f9b7310	16	10507035	16269368	3835	-0.0099
6a46737f-88e7-4cbd-b204-88c98f9b7310	16	16419234	16574666	23	-0.6576
6a46737f-88e7-4cbd-b204-88c98f9b7310	16	16585488	22430699	2995	-0.0239
6a46737f-88e7-4cbd-b204-88c98f9b7310	16	22546611	22708868	79	-0.4782
6a46737f-88e7-4cbd-b204-88c98f9b7310	16	22709045	28093928	3823	-0.0138
6a46737f-88e7-4cbd-b204-88c98f9b7310	16	28093965	32451922	1299	0.0836
6a46737f-88e7-4cbd-b204-88c98f9b7310	16	32458145	46549113	521	-0.1004
6a46737f-88e7-4cbd-b204-88c98f9b7310	16	46550381	54255617	5120	0.0057
6a46737f-88e7-4cbd-b204-88c98f9b7310	16	54256568	55516578	1096	-0.0386
6a46737f-88e7-4cbd-b204-88c98f9b7310	16	55516868	55762682	212	0.0553
6a46737f-88e7-4cbd-b204-88c98f9b7310	16	55764310	55764867	3	4.6582
6a46737f-88e7-4cbd-b204-88c98f9b7310	16	55770436	90096867	24911	0.0076
6a46737f-88e7-4cbd-b204-88c98f9b7310	17	150733	9576359	5374	0.0506
6a46737f-88e7-4cbd-b204-88c98f9b7310	17	9576560	15568913	4614	-0.0349
6a46737f-88e7-4cbd-b204-88c98f9b7310	17	15569996	18455632	1404	0.0499
6a46737f-88e7-4cbd-b204-88c98f9b7310	17	18455635	18550123	23	-1.7311
6a46737f-88e7-4cbd-b204-88c98f9b7310	17	18561272	21615833	1250	0.0228
6a46737f-88e7-4cbd-b204-88c98f9b7310	17	21620905	27073114	285	-0.1652
6a46737f-88e7-4cbd-b204-88c98f9b7310	17	27075243	28658231	805	-0.0034
6a46737f-88e7-4cbd-b204-88c98f9b7310	17	28665120	31512678	1211	0.1097
6a46737f-88e7-4cbd-b204-88c98f9b7310	17	31514595	35344447	2836	0.006
6a46737f-88e7-4cbd-b204-88c98f9b7310	17	35349487	35439199	41	-0.8222
6a46737f-88e7-4cbd-b204-88c98f9b7310	17	35441180	41266958	2978	0.0683
6a46737f-88e7-4cbd-b204-88c98f9b7310	17	41267005	41273921	13	-0.688
6a46737f-88e7-4cbd-b204-88c98f9b7310	17	41273934	46137998	2537	0.0575
6a46737f-88e7-4cbd-b204-88c98f9b7310	17	46138108	46208674	60	-0.246
6a46737f-88e7-4cbd-b204-88c98f9b7310	17	46209250	46351954	28	-0.0663
6a46737f-88e7-4cbd-b204-88c98f9b7310	17	46446345	46446360	2	1.6307
6a46737f-88e7-4cbd-b204-88c98f9b7310	17	46569894	50590373	2044	0.0766
6a46737f-88e7-4cbd-b204-88c98f9b7310	17	50597184	56717536	4289	-0.0047
6a46737f-88e7-4cbd-b204-88c98f9b7310	17	56717979	68364093	6354	0.0413
6a46737f-88e7-4cbd-b204-88c98f9b7310	17	68364932	74188879	4378	-0.0224
6a46737f-88e7-4cbd-b204-88c98f9b7310	17	74189814	83091923	4496	0.0726
6a46737f-88e7-4cbd-b204-88c98f9b7310	18	48133	5597748	3957	0.0152
6a46737f-88e7-4cbd-b204-88c98f9b7310	18	5598067	12771976	5183	-0.0238
6a46737f-88e7-4cbd-b204-88c98f9b7310	18	12772220	44394853	16022	0.0146
6a46737f-88e7-4cbd-b204-88c98f9b7310	18	44396921	44398557	5	-2.9592
6a46737f-88e7-4cbd-b204-88c98f9b7310	18	44398660	66095064	15181	0.0166
6a46737f-88e7-4cbd-b204-88c98f9b7310	18	66099904	66100686	3	-2.7238
6a46737f-88e7-4cbd-b204-88c98f9b7310	18	66108359	73655674	5574	0.0617
6a46737f-88e7-4cbd-b204-88c98f9b7310	18	73657391	80257174	4800	0.014
6a46737f-88e7-4cbd-b204-88c98f9b7310	19	90910	20563384	9006	0.0611
6a46737f-88e7-4cbd-b204-88c98f9b7310	19	20576271	34085034	6859	-0.011
6a46737f-88e7-4cbd-b204-88c98f9b7310	19	34086055	42778107	4529	0.0703
6a46737f-88e7-4cbd-b204-88c98f9b7310	19	42778238	42783304	3	-1.5131
6a46737f-88e7-4cbd-b204-88c98f9b7310	19	42783310	54801157	6390	0.0589
6a46737f-88e7-4cbd-b204-88c98f9b7310	19	54801545	54802362	2	-2.0267
6a46737f-88e7-4cbd-b204-88c98f9b7310	19	54802832	58586487	2305	0.0443
6a46737f-88e7-4cbd-b204-88c98f9b7310	20	80664	1586808	1207	0.0253
6a46737f-88e7-4cbd-b204-88c98f9b7310	20	1587007	1601446	32	-0.5851
6a46737f-88e7-4cbd-b204-88c98f9b7310	20	1601561	1613247	6	-1.9761
6a46737f-88e7-4cbd-b204-88c98f9b7310	20	1617300	5194335	2616	0.0526
6a46737f-88e7-4cbd-b204-88c98f9b7310	20	5195076	15097697	7590	-0.0003
6a46737f-88e7-4cbd-b204-88c98f9b7310	20	15098078	15098368	2	-1.8972
6a46737f-88e7-4cbd-b204-88c98f9b7310	20	15099694	31633619	8788	-0.0069
6a46737f-88e7-4cbd-b204-88c98f9b7310	20	31640669	41824887	5807	0.0283
6a46737f-88e7-4cbd-b204-88c98f9b7310	20	41826204	43798226	1645	-0.0377
6a46737f-88e7-4cbd-b204-88c98f9b7310	20	43800193	54337337	7506	0.0253
6a46737f-88e7-4cbd-b204-88c98f9b7310	20	54338688	63584878	6841	-0.0107
6a46737f-88e7-4cbd-b204-88c98f9b7310	20	63586236	64324800	317	0.1143
6a46737f-88e7-4cbd-b204-88c98f9b7310	21	10354168	13583316	269	-0.0265
6a46737f-88e7-4cbd-b204-88c98f9b7310	21	13612103	13677975	4	-1.6775
6a46737f-88e7-4cbd-b204-88c98f9b7310	21	13803967	43370844	21900	0.0184
6a46737f-88e7-4cbd-b204-88c98f9b7310	21	43371358	46677045	1683	0.101
6a46737f-88e7-4cbd-b204-88c98f9b7310	22	15294547	32989478	10919	0.0215
6a46737f-88e7-4cbd-b204-88c98f9b7310	22	32989945	34097518	1051	-0.0549
6a46737f-88e7-4cbd-b204-88c98f9b7310	22	34099476	34102846	2	-1.5672
6a46737f-88e7-4cbd-b204-88c98f9b7310	22	34108672	34356233	207	-0.0476
6a46737f-88e7-4cbd-b204-88c98f9b7310	22	34356385	36082719	1347	0.0132
6a46737f-88e7-4cbd-b204-88c98f9b7310	22	36083429	42496576	3617	0.0915
6a46737f-88e7-4cbd-b204-88c98f9b7310	22	42496590	50796027	6117	0.0351
6a46737f-88e7-4cbd-b204-88c98f9b7310	X	251810	5003874	1661	-0.0027
6a46737f-88e7-4cbd-b204-88c98f9b7310	X	5004155	5004902	2	-3.313
6a46737f-88e7-4cbd-b204-88c98f9b7310	X	5008487	77158195	38133	0.0225
6a46737f-88e7-4cbd-b204-88c98f9b7310	X	77173605	77296889	12	-0.671
6a46737f-88e7-4cbd-b204-88c98f9b7310	X	77324696	112468139	18411	0.025
6a46737f-88e7-4cbd-b204-88c98f9b7310	X	112474685	112499549	16	-1.0121
6a46737f-88e7-4cbd-b204-88c98f9b7310	X	112508614	139642566	15475	0.0226
6a46737f-88e7-4cbd-b204-88c98f9b7310	X	139642759	139642770	2	-2.0833
6a46737f-88e7-4cbd-b204-88c98f9b7310	X	139642962	155952689	9913	0.019
6a46737f-88e7-4cbd-b204-88c98f9b7310	Y	2782397	6233384	783	-3.0527
6a46737f-88e7-4cbd-b204-88c98f9b7310	Y	6249869	8484811	1072	-3.4661
6a46737f-88e7-4cbd-b204-88c98f9b7310	Y	8485666	9128445	284	-3.959
6a46737f-88e7-4cbd-b204-88c98f9b7310	Y	9130639	9327138	85	-3.3734
6a46737f-88e7-4cbd-b204-88c98f9b7310	Y	9329696	9554275	27	-5.3171
6a46737f-88e7-4cbd-b204-88c98f9b7310	Y	9554586	25169825	4205	-3.439
6a46737f-88e7-4cbd-b204-88c98f9b7310	Y	25472063	56872112	179	-3.1383
