GDC_Aliquot	Chromosome	Start	End	Num_Probes	Segment_Mean
b5c840a2-6e29-4c1f-9289-d08fd0a2e141	1	62920	814954	31	0.559
b5c840a2-6e29-4c1f-9289-d08fd0a2e141	1	817186	2398222	422	0.0254
b5c840a2-6e29-4c1f-9289-d08fd0a2e141	1	2398912	3301765	284	0.1357
b5c840a2-6e29-4c1f-9289-d08fd0a2e141	1	3302046	15823420	7599	-0.0016
b5c840a2-6e29-4c1f-9289-d08fd0a2e141	1	15827002	15827430	6	-3.1222
b5c840a2-6e29-4c1f-9289-d08fd0a2e141	1	15827706	16570326	304	0.0144
b5c840a2-6e29-4c1f-9289-d08fd0a2e141	1	16583114	16863509	54	0.4782
b5c840a2-6e29-4c1f-9289-d08fd0a2e141	1	16864367	16956580	58	-0.4135
b5c840a2-6e29-4c1f-9289-d08fd0a2e141	1	16958425	21974705	3333	0.0065
b5c840a2-6e29-4c1f-9289-d08fd0a2e141	1	21974983	21991690	5	-0.574
b5c840a2-6e29-4c1f-9289-d08fd0a2e141	1	21992508	22011632	7	-1.4942
b5c840a2-6e29-4c1f-9289-d08fd0a2e141	1	22015896	34626073	6881	0.001
b5c840a2-6e29-4c1f-9289-d08fd0a2e141	1	34637053	34638890	20	-0.572
b5c840a2-6e29-4c1f-9289-d08fd0a2e141	1	34648667	39494029	2641	-0.0008
b5c840a2-6e29-4c1f-9289-d08fd0a2e141	1	39497588	39509470	8	-0.8708
b5c840a2-6e29-4c1f-9289-d08fd0a2e141	1	39516785	54571211	8348	0.0062
b5c840a2-6e29-4c1f-9289-d08fd0a2e141	1	54573315	54624527	37	-0.3031
b5c840a2-6e29-4c1f-9289-d08fd0a2e141	1	54627618	65432064	8226	0.0128
b5c840a2-6e29-4c1f-9289-d08fd0a2e141	1	65432186	65466221	18	-0.444
b5c840a2-6e29-4c1f-9289-d08fd0a2e141	1	65468703	72303233	4488	0.0113
b5c840a2-6e29-4c1f-9289-d08fd0a2e141	1	72303253	72331729	27	-2.2255
b5c840a2-6e29-4c1f-9289-d08fd0a2e141	1	72332911	72343036	9	-0.8212
b5c840a2-6e29-4c1f-9289-d08fd0a2e141	1	72343068	72345450	8	-1.9738
b5c840a2-6e29-4c1f-9289-d08fd0a2e141	1	72345465	81313869	5695	0.0105
b5c840a2-6e29-4c1f-9289-d08fd0a2e141	1	81314855	81315078	2	1.3672
b5c840a2-6e29-4c1f-9289-d08fd0a2e141	1	81321402	81422771	79	0.0203
b5c840a2-6e29-4c1f-9289-d08fd0a2e141	1	81422917	81422996	4	-0.9183
b5c840a2-6e29-4c1f-9289-d08fd0a2e141	1	81423009	103620877	14249	0.0041
b5c840a2-6e29-4c1f-9289-d08fd0a2e141	1	103621165	103717410	4	1.2435
b5c840a2-6e29-4c1f-9289-d08fd0a2e141	1	103717617	105476614	921	0.0095
b5c840a2-6e29-4c1f-9289-d08fd0a2e141	1	105476688	105479753	15	0.9791
b5c840a2-6e29-4c1f-9289-d08fd0a2e141	1	105481433	109664699	2630	0.0164
b5c840a2-6e29-4c1f-9289-d08fd0a2e141	1	109676386	109697556	20	0.4022
b5c840a2-6e29-4c1f-9289-d08fd0a2e141	1	109702376	112147704	1950	0.0332
b5c840a2-6e29-4c1f-9289-d08fd0a2e141	1	112153343	112154619	23	-0.4975
b5c840a2-6e29-4c1f-9289-d08fd0a2e141	1	112154754	121601998	5163	0.0079
b5c840a2-6e29-4c1f-9289-d08fd0a2e141	1	121705338	144503864	144	0.2214
b5c840a2-6e29-4c1f-9289-d08fd0a2e141	1	144932423	152583051	2296	0.0243
b5c840a2-6e29-4c1f-9289-d08fd0a2e141	1	152583230	152614100	34	-2.4426
b5c840a2-6e29-4c1f-9289-d08fd0a2e141	1	152614118	152789447	169	0.0151
b5c840a2-6e29-4c1f-9289-d08fd0a2e141	1	152789463	152796224	36	-0.4393
b5c840a2-6e29-4c1f-9289-d08fd0a2e141	1	152801429	153701198	625	0.014
b5c840a2-6e29-4c1f-9289-d08fd0a2e141	1	153704086	153705621	3	1.0037
b5c840a2-6e29-4c1f-9289-d08fd0a2e141	1	153707540	153745744	14	0.0568
b5c840a2-6e29-4c1f-9289-d08fd0a2e141	1	153745996	153746270	2	-1.2416
b5c840a2-6e29-4c1f-9289-d08fd0a2e141	1	153752734	158896783	2967	0.0241
b5c840a2-6e29-4c1f-9289-d08fd0a2e141	1	158898711	158899969	2	2.2763
b5c840a2-6e29-4c1f-9289-d08fd0a2e141	1	158905028	165067758	4341	0.0188
b5c840a2-6e29-4c1f-9289-d08fd0a2e141	1	165076228	165076297	2	-1.403
b5c840a2-6e29-4c1f-9289-d08fd0a2e141	1	165076317	193186662	19098	0.008
b5c840a2-6e29-4c1f-9289-d08fd0a2e141	1	193187149	193187218	4	-1.8916
b5c840a2-6e29-4c1f-9289-d08fd0a2e141	1	193190593	196769493	2400	0.0136
b5c840a2-6e29-4c1f-9289-d08fd0a2e141	1	196769506	196780691	22	0.4666
b5c840a2-6e29-4c1f-9289-d08fd0a2e141	1	196780705	196843377	32	0.1845
b5c840a2-6e29-4c1f-9289-d08fd0a2e141	1	196843400	196846661	2	2.1861
b5c840a2-6e29-4c1f-9289-d08fd0a2e141	1	196847600	214464465	11878	0.0035
b5c840a2-6e29-4c1f-9289-d08fd0a2e141	1	214465093	214465114	2	-1.6377
b5c840a2-6e29-4c1f-9289-d08fd0a2e141	1	214465910	237826680	16116	-0.0029
b5c840a2-6e29-4c1f-9289-d08fd0a2e141	1	237826852	237827037	2	-1.4947
b5c840a2-6e29-4c1f-9289-d08fd0a2e141	1	237828760	238691981	751	-0.001
b5c840a2-6e29-4c1f-9289-d08fd0a2e141	1	238692338	238692794	3	-1.4542
b5c840a2-6e29-4c1f-9289-d08fd0a2e141	1	238699149	246677118	5736	-0.0019
b5c840a2-6e29-4c1f-9289-d08fd0a2e141	1	246677132	246710092	22	-0.4279
b5c840a2-6e29-4c1f-9289-d08fd0a2e141	1	246711573	248436996	1089	0.0245
b5c840a2-6e29-4c1f-9289-d08fd0a2e141	1	248437495	248477891	15	0.6254
b5c840a2-6e29-4c1f-9289-d08fd0a2e141	1	248520099	248572774	14	-0.0856
b5c840a2-6e29-4c1f-9289-d08fd0a2e141	1	248574146	248645808	35	-0.7413
b5c840a2-6e29-4c1f-9289-d08fd0a2e141	1	248646068	248930189	139	0.046
b5c840a2-6e29-4c1f-9289-d08fd0a2e141	2	12784	4168862	2991	0.0244
b5c840a2-6e29-4c1f-9289-d08fd0a2e141	2	4168879	4174842	26	0.3669
b5c840a2-6e29-4c1f-9289-d08fd0a2e141	2	4174894	14218033	7721	0.0049
b5c840a2-6e29-4c1f-9289-d08fd0a2e141	2	14218046	14220623	13	0.4778
b5c840a2-6e29-4c1f-9289-d08fd0a2e141	2	14220640	14868947	496	0.009
b5c840a2-6e29-4c1f-9289-d08fd0a2e141	2	14871933	14924462	48	-1.1179
b5c840a2-6e29-4c1f-9289-d08fd0a2e141	2	14930968	24376380	6633	0.0069
b5c840a2-6e29-4c1f-9289-d08fd0a2e141	2	24378642	24388259	19	-2.3941
b5c840a2-6e29-4c1f-9289-d08fd0a2e141	2	24388858	86878753	41186	0.005
b5c840a2-6e29-4c1f-9289-d08fd0a2e141	2	86881088	87638743	133	0.2215
b5c840a2-6e29-4c1f-9289-d08fd0a2e141	2	87644835	88777337	437	-0.0058
b5c840a2-6e29-4c1f-9289-d08fd0a2e141	2	88779971	96267925	909	0.0902
b5c840a2-6e29-4c1f-9289-d08fd0a2e141	2	96268623	97091849	326	-0.0012
b5c840a2-6e29-4c1f-9289-d08fd0a2e141	2	97093216	97359885	68	0.2182
b5c840a2-6e29-4c1f-9289-d08fd0a2e141	2	97524284	97624729	25	0.6752
b5c840a2-6e29-4c1f-9289-d08fd0a2e141	2	97627711	105519180	4901	0.0033
b5c840a2-6e29-4c1f-9289-d08fd0a2e141	2	105521668	105522759	3	-1.0195
b5c840a2-6e29-4c1f-9289-d08fd0a2e141	2	105523754	106258266	644	0.0107
b5c840a2-6e29-4c1f-9289-d08fd0a2e141	2	106263639	106270799	13	0.7787
b5c840a2-6e29-4c1f-9289-d08fd0a2e141	2	106270952	128880504	13387	0.0163
b5c840a2-6e29-4c1f-9289-d08fd0a2e141	2	128880904	128882723	14	-0.936
b5c840a2-6e29-4c1f-9289-d08fd0a2e141	2	128882741	130031201	876	0.0177
b5c840a2-6e29-4c1f-9289-d08fd0a2e141	2	130036283	130116915	14	0.7756
b5c840a2-6e29-4c1f-9289-d08fd0a2e141	2	130117303	193823021	38420	0.0082
b5c840a2-6e29-4c1f-9289-d08fd0a2e141	2	193825580	193829074	2	1.9
b5c840a2-6e29-4c1f-9289-d08fd0a2e141	2	193837590	201704665	4528	0.0034
b5c840a2-6e29-4c1f-9289-d08fd0a2e141	2	201705269	203781776	1037	-0.0552
b5c840a2-6e29-4c1f-9289-d08fd0a2e141	2	203783640	204021751	166	0.0384
b5c840a2-6e29-4c1f-9289-d08fd0a2e141	2	204021848	204023879	2	-1.2219
b5c840a2-6e29-4c1f-9289-d08fd0a2e141	2	204025250	207490188	2361	-0.0091
b5c840a2-6e29-4c1f-9289-d08fd0a2e141	2	207490231	207494612	17	0.5057
b5c840a2-6e29-4c1f-9289-d08fd0a2e141	2	207494752	214858582	4688	0.0027
b5c840a2-6e29-4c1f-9289-d08fd0a2e141	2	214865026	214866097	2	-2.1096
b5c840a2-6e29-4c1f-9289-d08fd0a2e141	2	214866466	228892290	9177	-0.0048
b5c840a2-6e29-4c1f-9289-d08fd0a2e141	2	228894763	228895197	8	-0.9033
b5c840a2-6e29-4c1f-9289-d08fd0a2e141	2	228895367	232259975	1921	-0.0113
b5c840a2-6e29-4c1f-9289-d08fd0a2e141	2	232260165	232272608	4	-1.2017
b5c840a2-6e29-4c1f-9289-d08fd0a2e141	2	232276555	241780390	6134	0.0013
b5c840a2-6e29-4c1f-9289-d08fd0a2e141	2	241789329	242147305	141	0.1798
b5c840a2-6e29-4c1f-9289-d08fd0a2e141	3	20930	182919	154	0.0249
b5c840a2-6e29-4c1f-9289-d08fd0a2e141	3	188339	193194	5	-0.7616
b5c840a2-6e29-4c1f-9289-d08fd0a2e141	3	193347	2113387	1717	0.0871
b5c840a2-6e29-4c1f-9289-d08fd0a2e141	3	2113578	6609441	3945	0.0168
b5c840a2-6e29-4c1f-9289-d08fd0a2e141	3	6609524	6613561	24	0.3908
b5c840a2-6e29-4c1f-9289-d08fd0a2e141	3	6613684	25977603	13784	0.0045
b5c840a2-6e29-4c1f-9289-d08fd0a2e141	3	25978288	26384700	256	0.1456
b5c840a2-6e29-4c1f-9289-d08fd0a2e141	3	26392633	26397852	5	-1.2207
b5c840a2-6e29-4c1f-9289-d08fd0a2e141	3	26404482	56050339	18196	0.0052
b5c840a2-6e29-4c1f-9289-d08fd0a2e141	3	56053349	56053619	2	1.5073
b5c840a2-6e29-4c1f-9289-d08fd0a2e141	3	56056162	59724834	2216	-0.0024
b5c840a2-6e29-4c1f-9289-d08fd0a2e141	3	59725191	61010264	1449	0.0546
b5c840a2-6e29-4c1f-9289-d08fd0a2e141	3	61010548	65213893	3596	0.0028
b5c840a2-6e29-4c1f-9289-d08fd0a2e141	3	65214027	65217853	5	0.7843
b5c840a2-6e29-4c1f-9289-d08fd0a2e141	3	65217857	68697013	2438	-0.0069
b5c840a2-6e29-4c1f-9289-d08fd0a2e141	3	68697108	68698213	13	0.4766
b5c840a2-6e29-4c1f-9289-d08fd0a2e141	3	68698262	75248010	4811	0.0018
b5c840a2-6e29-4c1f-9289-d08fd0a2e141	3	75251378	75989830	264	0.1166
b5c840a2-6e29-4c1f-9289-d08fd0a2e141	3	75993793	76360183	181	0.0036
b5c840a2-6e29-4c1f-9289-d08fd0a2e141	3	76360233	76360861	3	1.2782
b5c840a2-6e29-4c1f-9289-d08fd0a2e141	3	76362637	99218940	10650	0.0095
b5c840a2-6e29-4c1f-9289-d08fd0a2e141	3	99225614	99230464	36	-2.5005
b5c840a2-6e29-4c1f-9289-d08fd0a2e141	3	99230470	146675375	29144	0.0061
b5c840a2-6e29-4c1f-9289-d08fd0a2e141	3	146676270	148057243	737	0.0958
b5c840a2-6e29-4c1f-9289-d08fd0a2e141	3	148057533	162794951	9136	0.0073
b5c840a2-6e29-4c1f-9289-d08fd0a2e141	3	162795304	162812527	12	0.6572
b5c840a2-6e29-4c1f-9289-d08fd0a2e141	3	162813082	162822702	8	-1.802
b5c840a2-6e29-4c1f-9289-d08fd0a2e141	3	162827928	162906054	43	0.6838
b5c840a2-6e29-4c1f-9289-d08fd0a2e141	3	162906065	165304048	1310	0.0297
b5c840a2-6e29-4c1f-9289-d08fd0a2e141	3	165304486	165345169	56	0.2852
b5c840a2-6e29-4c1f-9289-d08fd0a2e141	3	165346787	169631156	2549	0.017
b5c840a2-6e29-4c1f-9289-d08fd0a2e141	3	169632074	169635037	4	-1.8239
b5c840a2-6e29-4c1f-9289-d08fd0a2e141	3	169636064	173454317	2385	-0.0032
b5c840a2-6e29-4c1f-9289-d08fd0a2e141	3	173457376	173934381	339	0.1002
b5c840a2-6e29-4c1f-9289-d08fd0a2e141	3	173935237	175362822	1018	0.0083
b5c840a2-6e29-4c1f-9289-d08fd0a2e141	3	175362958	175363437	4	-4.5928
b5c840a2-6e29-4c1f-9289-d08fd0a2e141	3	175363536	175368999	2	-0.6741
b5c840a2-6e29-4c1f-9289-d08fd0a2e141	3	175369016	176286321	589	0.0917
b5c840a2-6e29-4c1f-9289-d08fd0a2e141	3	176286898	184010393	4531	-0.0087
b5c840a2-6e29-4c1f-9289-d08fd0a2e141	3	184020780	184143962	72	-0.2496
b5c840a2-6e29-4c1f-9289-d08fd0a2e141	3	184145917	193160173	6316	0.0039
b5c840a2-6e29-4c1f-9289-d08fd0a2e141	3	193160256	193165114	18	-1.651
b5c840a2-6e29-4c1f-9289-d08fd0a2e141	3	193168646	196751130	1984	-0.0101
b5c840a2-6e29-4c1f-9289-d08fd0a2e141	3	196751342	196771019	6	-0.7672
b5c840a2-6e29-4c1f-9289-d08fd0a2e141	3	196775946	198169247	700	-0.0044
b5c840a2-6e29-4c1f-9289-d08fd0a2e141	4	68929	10208766	5703	0.0205
b5c840a2-6e29-4c1f-9289-d08fd0a2e141	4	10212536	10228296	17	2.6253
b5c840a2-6e29-4c1f-9289-d08fd0a2e141	4	10228326	10229173	6	1.8227
b5c840a2-6e29-4c1f-9289-d08fd0a2e141	4	10229188	10233644	13	1.2226
b5c840a2-6e29-4c1f-9289-d08fd0a2e141	4	10234518	10270469	42	-0.0107
b5c840a2-6e29-4c1f-9289-d08fd0a2e141	4	10271164	10273370	11	-1.3374
b5c840a2-6e29-4c1f-9289-d08fd0a2e141	4	10274358	10396987	122	0.0407
b5c840a2-6e29-4c1f-9289-d08fd0a2e141	4	10397113	10399044	11	-1.0529
b5c840a2-6e29-4c1f-9289-d08fd0a2e141	4	10401094	26021252	11362	0.0024
b5c840a2-6e29-4c1f-9289-d08fd0a2e141	4	26026097	26026175	2	-1.417
b5c840a2-6e29-4c1f-9289-d08fd0a2e141	4	26026565	29314452	2134	-0.0112
b5c840a2-6e29-4c1f-9289-d08fd0a2e141	4	29316617	29316627	2	-2.6045
b5c840a2-6e29-4c1f-9289-d08fd0a2e141	4	29316643	34777238	3284	0.011
b5c840a2-6e29-4c1f-9289-d08fd0a2e141	4	34777340	34828250	45	0.7091
b5c840a2-6e29-4c1f-9289-d08fd0a2e141	4	34828291	42492242	5052	-0.0111
b5c840a2-6e29-4c1f-9289-d08fd0a2e141	4	42494793	42945291	343	0.0206
b5c840a2-6e29-4c1f-9289-d08fd0a2e141	4	42947628	43275271	230	0.1368
b5c840a2-6e29-4c1f-9289-d08fd0a2e141	4	43275567	44922447	936	0.0199
b5c840a2-6e29-4c1f-9289-d08fd0a2e141	4	44924403	44993763	66	0.2311
b5c840a2-6e29-4c1f-9289-d08fd0a2e141	4	44994816	49214614	2348	0.0205
b5c840a2-6e29-4c1f-9289-d08fd0a2e141	4	49289175	49289338	2	1.5433
b5c840a2-6e29-4c1f-9289-d08fd0a2e141	4	49295203	62802116	7021	0.0035
b5c840a2-6e29-4c1f-9289-d08fd0a2e141	4	62804218	62813912	9	-0.6914
b5c840a2-6e29-4c1f-9289-d08fd0a2e141	4	62818784	63831751	556	0.0404
b5c840a2-6e29-4c1f-9289-d08fd0a2e141	4	63831799	63861672	37	0.3963
b5c840a2-6e29-4c1f-9289-d08fd0a2e141	4	63865087	68354665	2839	0.0114
b5c840a2-6e29-4c1f-9289-d08fd0a2e141	4	68361130	68395346	7	1.1109
b5c840a2-6e29-4c1f-9289-d08fd0a2e141	4	68416487	68422424	5	-1.9044
b5c840a2-6e29-4c1f-9289-d08fd0a2e141	4	68429081	68620122	76	-0.3827
b5c840a2-6e29-4c1f-9289-d08fd0a2e141	4	68620261	69437813	413	0.1677
b5c840a2-6e29-4c1f-9289-d08fd0a2e141	4	69439387	77250745	4865	0.0055
b5c840a2-6e29-4c1f-9289-d08fd0a2e141	4	77250772	77283643	57	0.254
b5c840a2-6e29-4c1f-9289-d08fd0a2e141	4	77284018	94380583	10350	0.0051
b5c840a2-6e29-4c1f-9289-d08fd0a2e141	4	94381453	94385168	2	-1.4511
b5c840a2-6e29-4c1f-9289-d08fd0a2e141	4	94386981	99371905	3020	-0.0023
b5c840a2-6e29-4c1f-9289-d08fd0a2e141	4	99372040	99375295	3	-1.8058
b5c840a2-6e29-4c1f-9289-d08fd0a2e141	4	99377945	132959699	19971	0.0076
b5c840a2-6e29-4c1f-9289-d08fd0a2e141	4	132963466	133052498	42	0.2951
b5c840a2-6e29-4c1f-9289-d08fd0a2e141	4	133056673	137159607	2237	0.0172
b5c840a2-6e29-4c1f-9289-d08fd0a2e141	4	137161484	137187333	26	0.3993
b5c840a2-6e29-4c1f-9289-d08fd0a2e141	4	137187826	143985015	4451	0.0013
b5c840a2-6e29-4c1f-9289-d08fd0a2e141	4	143986961	144138321	80	0.2006
b5c840a2-6e29-4c1f-9289-d08fd0a2e141	4	144143126	148007650	2154	-0.0006
b5c840a2-6e29-4c1f-9289-d08fd0a2e141	4	148008087	148009436	4	-1.262
b5c840a2-6e29-4c1f-9289-d08fd0a2e141	4	148015907	160958866	8018	0.0038
b5c840a2-6e29-4c1f-9289-d08fd0a2e141	4	160958972	161000260	52	0.3588
b5c840a2-6e29-4c1f-9289-d08fd0a2e141	4	161000576	167908751	4371	0.0073
b5c840a2-6e29-4c1f-9289-d08fd0a2e141	4	167914252	167914256	2	1.3635
b5c840a2-6e29-4c1f-9289-d08fd0a2e141	4	167914440	168057660	87	0.109
b5c840a2-6e29-4c1f-9289-d08fd0a2e141	4	168058032	168058112	3	1.4397
b5c840a2-6e29-4c1f-9289-d08fd0a2e141	4	168058165	171448195	2170	0.0055
b5c840a2-6e29-4c1f-9289-d08fd0a2e141	4	171453733	171456625	12	-0.7885
b5c840a2-6e29-4c1f-9289-d08fd0a2e141	4	171459220	172066777	397	0.0263
b5c840a2-6e29-4c1f-9289-d08fd0a2e141	4	172067997	172068382	12	-2.0933
b5c840a2-6e29-4c1f-9289-d08fd0a2e141	4	172074828	172501371	231	0.0336
b5c840a2-6e29-4c1f-9289-d08fd0a2e141	4	172503796	172507492	7	-1.3317
b5c840a2-6e29-4c1f-9289-d08fd0a2e141	4	172519981	179172552	4138	0.0171
b5c840a2-6e29-4c1f-9289-d08fd0a2e141	4	179176834	179177184	2	-2.9038
b5c840a2-6e29-4c1f-9289-d08fd0a2e141	4	179180768	185473803	4588	0.0084
b5c840a2-6e29-4c1f-9289-d08fd0a2e141	4	185474865	185496535	16	-0.9344
b5c840a2-6e29-4c1f-9289-d08fd0a2e141	4	185500412	186168388	528	0.004
b5c840a2-6e29-4c1f-9289-d08fd0a2e141	4	186172834	186176244	2	1.4275
b5c840a2-6e29-4c1f-9289-d08fd0a2e141	4	186185716	186700127	384	0.0013
b5c840a2-6e29-4c1f-9289-d08fd0a2e141	4	186700414	186700996	2	-1.5092
b5c840a2-6e29-4c1f-9289-d08fd0a2e141	4	186703040	188309666	1054	-0.0105
b5c840a2-6e29-4c1f-9289-d08fd0a2e141	4	188309712	190106768	1127	0.0805
b5c840a2-6e29-4c1f-9289-d08fd0a2e141	5	15532	722090	314	0.0297
b5c840a2-6e29-4c1f-9289-d08fd0a2e141	5	722281	866255	42	0.6771
b5c840a2-6e29-4c1f-9289-d08fd0a2e141	5	866315	8766408	6645	0.0217
b5c840a2-6e29-4c1f-9289-d08fd0a2e141	5	8767865	8767932	2	-1.385
b5c840a2-6e29-4c1f-9289-d08fd0a2e141	5	8768417	12800777	3187	0.0141
b5c840a2-6e29-4c1f-9289-d08fd0a2e141	5	12815668	12826538	11	0.8577
b5c840a2-6e29-4c1f-9289-d08fd0a2e141	5	12833745	15718383	1971	0.0181
b5c840a2-6e29-4c1f-9289-d08fd0a2e141	5	15719113	15720488	11	-0.8294
b5c840a2-6e29-4c1f-9289-d08fd0a2e141	5	15723237	16038497	187	0.0925
b5c840a2-6e29-4c1f-9289-d08fd0a2e141	5	16039465	17504068	998	-0.0278
b5c840a2-6e29-4c1f-9289-d08fd0a2e141	5	17504168	21376735	2296	0.0343
b5c840a2-6e29-4c1f-9289-d08fd0a2e141	5	21377730	21377744	2	2.3658
b5c840a2-6e29-4c1f-9289-d08fd0a2e141	5	21385957	21449167	44	0.1438
b5c840a2-6e29-4c1f-9289-d08fd0a2e141	5	21451091	21452329	5	1.1105
b5c840a2-6e29-4c1f-9289-d08fd0a2e141	5	21452387	31843632	6358	0.015
b5c840a2-6e29-4c1f-9289-d08fd0a2e141	5	31850617	32026031	132	-0.1447
b5c840a2-6e29-4c1f-9289-d08fd0a2e141	5	32026601	45323432	8163	0.006
b5c840a2-6e29-4c1f-9289-d08fd0a2e141	5	45326764	45906692	238	0.1311
b5c840a2-6e29-4c1f-9289-d08fd0a2e141	5	45915946	46271006	66	-0.0479
b5c840a2-6e29-4c1f-9289-d08fd0a2e141	5	46271828	46273400	6	-3.0845
b5c840a2-6e29-4c1f-9289-d08fd0a2e141	5	46278110	58025759	5075	0.0036
b5c840a2-6e29-4c1f-9289-d08fd0a2e141	5	58025819	58037706	33	-0.6978
b5c840a2-6e29-4c1f-9289-d08fd0a2e141	5	58042530	99423328	23882	0.0029
b5c840a2-6e29-4c1f-9289-d08fd0a2e141	5	99432040	99478151	35	-1.0229
b5c840a2-6e29-4c1f-9289-d08fd0a2e141	5	99479056	102127485	1597	0.0472
b5c840a2-6e29-4c1f-9289-d08fd0a2e141	5	102129140	102137483	3	-1.1748
b5c840a2-6e29-4c1f-9289-d08fd0a2e141	5	102139923	104515520	1316	0.0032
b5c840a2-6e29-4c1f-9289-d08fd0a2e141	5	104524672	104524903	4	1.6812
b5c840a2-6e29-4c1f-9289-d08fd0a2e141	5	104525348	177771448	48258	0.0051
b5c840a2-6e29-4c1f-9289-d08fd0a2e141	5	177800550	177801578	2	2.286
b5c840a2-6e29-4c1f-9289-d08fd0a2e141	5	177805604	179468398	939	-0.0125
b5c840a2-6e29-4c1f-9289-d08fd0a2e141	5	179469618	179469873	4	0.9085
b5c840a2-6e29-4c1f-9289-d08fd0a2e141	5	179472732	180748501	740	-0.0084
b5c840a2-6e29-4c1f-9289-d08fd0a2e141	5	180750342	180766199	7	0.7877
b5c840a2-6e29-4c1f-9289-d08fd0a2e141	5	180766779	180947484	103	-0.0094
b5c840a2-6e29-4c1f-9289-d08fd0a2e141	5	180947523	181006264	22	-0.4762
b5c840a2-6e29-4c1f-9289-d08fd0a2e141	5	181015400	181082910	55	0.0045
b5c840a2-6e29-4c1f-9289-d08fd0a2e141	5	181083947	181100309	6	-1.0404
b5c840a2-6e29-4c1f-9289-d08fd0a2e141	5	181105296	181363319	107	0.0276
b5c840a2-6e29-4c1f-9289-d08fd0a2e141	6	149661	254283	101	0.1379
b5c840a2-6e29-4c1f-9289-d08fd0a2e141	6	257353	320872	29	-0.5651
b5c840a2-6e29-4c1f-9289-d08fd0a2e141	6	322696	385687	78	-0.0687
b5c840a2-6e29-4c1f-9289-d08fd0a2e141	6	385784	535668	121	0.1616
b5c840a2-6e29-4c1f-9289-d08fd0a2e141	6	542333	7913313	6126	0.0026
b5c840a2-6e29-4c1f-9289-d08fd0a2e141	6	7913450	7916853	4	-1.3475
b5c840a2-6e29-4c1f-9289-d08fd0a2e141	6	7917295	29868964	15193	-0.0025
b5c840a2-6e29-4c1f-9289-d08fd0a2e141	6	29869295	29948709	44	0.5672
b5c840a2-6e29-4c1f-9289-d08fd0a2e141	6	29948728	31050671	454	-0.0002
b5c840a2-6e29-4c1f-9289-d08fd0a2e141	6	31050769	31054381	7	-0.5769
b5c840a2-6e29-4c1f-9289-d08fd0a2e141	6	31054418	31318528	178	0.0405
b5c840a2-6e29-4c1f-9289-d08fd0a2e141	6	31318754	31328674	9	-1.7592
b5c840a2-6e29-4c1f-9289-d08fd0a2e141	6	31342147	32656527	557	-0.0071
b5c840a2-6e29-4c1f-9289-d08fd0a2e141	6	32656814	32658841	5	-1.8813
b5c840a2-6e29-4c1f-9289-d08fd0a2e141	6	32682835	57793037	15706	0.0121
b5c840a2-6e29-4c1f-9289-d08fd0a2e141	6	57795716	61043533	418	0.1274
b5c840a2-6e29-4c1f-9289-d08fd0a2e141	6	61045071	66328153	2949	0.0146
b5c840a2-6e29-4c1f-9289-d08fd0a2e141	6	66331020	66333004	6	-2.6121
b5c840a2-6e29-4c1f-9289-d08fd0a2e141	6	66333299	78253172	7793	0.0105
b5c840a2-6e29-4c1f-9289-d08fd0a2e141	6	78259348	78325468	113	-3.4622
b5c840a2-6e29-4c1f-9289-d08fd0a2e141	6	78329517	88453786	6320	0.0014
b5c840a2-6e29-4c1f-9289-d08fd0a2e141	6	88454319	88454714	3	-1.106
b5c840a2-6e29-4c1f-9289-d08fd0a2e141	6	88454979	93755010	3568	0.0063
b5c840a2-6e29-4c1f-9289-d08fd0a2e141	6	93755280	95406699	820	0.1018
b5c840a2-6e29-4c1f-9289-d08fd0a2e141	6	95409053	103286954	4766	0.0053
b5c840a2-6e29-4c1f-9289-d08fd0a2e141	6	103290101	103314174	45	-1.6286
b5c840a2-6e29-4c1f-9289-d08fd0a2e141	6	103314186	110073703	4231	0.0002
b5c840a2-6e29-4c1f-9289-d08fd0a2e141	6	110074988	110092034	18	-1.3132
b5c840a2-6e29-4c1f-9289-d08fd0a2e141	6	110094225	157358463	30528	-0.0021
b5c840a2-6e29-4c1f-9289-d08fd0a2e141	6	157360232	157375044	3	1.3946
b5c840a2-6e29-4c1f-9289-d08fd0a2e141	6	157375962	165310563	5793	-0.0047
b5c840a2-6e29-4c1f-9289-d08fd0a2e141	6	165318037	165318439	2	1.4602
b5c840a2-6e29-4c1f-9289-d08fd0a2e141	6	165321163	170741917	3597	0.0193
b5c840a2-6e29-4c1f-9289-d08fd0a2e141	7	43355	4437393	2351	-0.003
b5c840a2-6e29-4c1f-9289-d08fd0a2e141	7	4437956	4548396	83	-0.2759
b5c840a2-6e29-4c1f-9289-d08fd0a2e141	7	4550489	7449280	1493	-0.0098
b5c840a2-6e29-4c1f-9289-d08fd0a2e141	7	7449514	7449945	3	-1.276
b5c840a2-6e29-4c1f-9289-d08fd0a2e141	7	7452771	8786255	1132	0.0187
b5c840a2-6e29-4c1f-9289-d08fd0a2e141	7	8787540	8826367	49	-1.1854
b5c840a2-6e29-4c1f-9289-d08fd0a2e141	7	8833366	20563616	9527	0.0319
b5c840a2-6e29-4c1f-9289-d08fd0a2e141	7	20564721	38000217	12564	0.0014
b5c840a2-6e29-4c1f-9289-d08fd0a2e141	7	38000669	38254500	169	0.0603
b5c840a2-6e29-4c1f-9289-d08fd0a2e141	7	38255395	38338955	114	-0.3496
b5c840a2-6e29-4c1f-9289-d08fd0a2e141	7	38339129	38356875	10	0.3909
b5c840a2-6e29-4c1f-9289-d08fd0a2e141	7	38361356	53410970	10350	0.0032
b5c840a2-6e29-4c1f-9289-d08fd0a2e141	7	53412026	53412041	2	1.3874
b5c840a2-6e29-4c1f-9289-d08fd0a2e141	7	53412985	54305455	640	0.0201
b5c840a2-6e29-4c1f-9289-d08fd0a2e141	7	54318812	54318824	6	-2.1176
b5c840a2-6e29-4c1f-9289-d08fd0a2e141	7	54325795	57311179	1742	-0.0024
b5c840a2-6e29-4c1f-9289-d08fd0a2e141	7	57312170	63813150	625	0.0785
b5c840a2-6e29-4c1f-9289-d08fd0a2e141	7	63813173	70955452	3760	-0.026
b5c840a2-6e29-4c1f-9289-d08fd0a2e141	7	70958264	70961155	2	-2.9141
b5c840a2-6e29-4c1f-9289-d08fd0a2e141	7	70963257	72079499	766	-0.0378
b5c840a2-6e29-4c1f-9289-d08fd0a2e141	7	72081962	72118516	21	-0.5146
b5c840a2-6e29-4c1f-9289-d08fd0a2e141	7	72119551	76514522	1354	-0.031
b5c840a2-6e29-4c1f-9289-d08fd0a2e141	7	76514576	77109303	175	0.1922
b5c840a2-6e29-4c1f-9289-d08fd0a2e141	7	77118213	88566450	7450	0.0108
b5c840a2-6e29-4c1f-9289-d08fd0a2e141	7	88567140	90163401	1075	0.094
b5c840a2-6e29-4c1f-9289-d08fd0a2e141	7	90168241	91728135	1101	0.004
b5c840a2-6e29-4c1f-9289-d08fd0a2e141	7	91728539	91729225	5	-0.9659
b5c840a2-6e29-4c1f-9289-d08fd0a2e141	7	91729456	100727566	5046	-0.0017
b5c840a2-6e29-4c1f-9289-d08fd0a2e141	7	100731621	100735219	3	-1.9184
b5c840a2-6e29-4c1f-9289-d08fd0a2e141	7	100753382	101491943	302	-0.0786
b5c840a2-6e29-4c1f-9289-d08fd0a2e141	7	101492117	101494033	2	-1.9773
b5c840a2-6e29-4c1f-9289-d08fd0a2e141	7	101498586	109797715	5029	-0.0084
b5c840a2-6e29-4c1f-9289-d08fd0a2e141	7	109797717	109813925	21	0.8586
b5c840a2-6e29-4c1f-9289-d08fd0a2e141	7	109814172	112300407	1657	0.023
b5c840a2-6e29-4c1f-9289-d08fd0a2e141	7	112304327	112320045	11	-1.2934
b5c840a2-6e29-4c1f-9289-d08fd0a2e141	7	112323774	126604276	8517	0.0097
b5c840a2-6e29-4c1f-9289-d08fd0a2e141	7	126607677	126622802	4	1.1582
b5c840a2-6e29-4c1f-9289-d08fd0a2e141	7	126622941	127316111	503	0.0294
b5c840a2-6e29-4c1f-9289-d08fd0a2e141	7	127317668	127318511	2	-1.4489
b5c840a2-6e29-4c1f-9289-d08fd0a2e141	7	127320808	134093676	4043	-0.0084
b5c840a2-6e29-4c1f-9289-d08fd0a2e141	7	134093715	134113790	37	0.6
b5c840a2-6e29-4c1f-9289-d08fd0a2e141	7	134113805	141126632	4585	-0.0207
b5c840a2-6e29-4c1f-9289-d08fd0a2e141	7	141129999	141135476	6	-0.9215
b5c840a2-6e29-4c1f-9289-d08fd0a2e141	7	141136159	142062894	604	-0.0039
b5c840a2-6e29-4c1f-9289-d08fd0a2e141	7	142063324	142108086	39	0.411
b5c840a2-6e29-4c1f-9289-d08fd0a2e141	7	142108773	148016901	3620	0.0141
b5c840a2-6e29-4c1f-9289-d08fd0a2e141	7	148017689	148019073	5	-1.0608
b5c840a2-6e29-4c1f-9289-d08fd0a2e141	7	148020170	150588016	1423	-0.0124
b5c840a2-6e29-4c1f-9289-d08fd0a2e141	7	150588713	150604481	8	-1.1818
b5c840a2-6e29-4c1f-9289-d08fd0a2e141	7	150610834	153261617	1554	-0.0048
b5c840a2-6e29-4c1f-9289-d08fd0a2e141	7	153261872	154104301	605	0.0759
b5c840a2-6e29-4c1f-9289-d08fd0a2e141	7	154104509	154595415	407	-0.0236
b5c840a2-6e29-4c1f-9289-d08fd0a2e141	7	154598185	154607903	5	1.2579
b5c840a2-6e29-4c1f-9289-d08fd0a2e141	7	154609120	159334314	3232	0.0039
b5c840a2-6e29-4c1f-9289-d08fd0a2e141	8	81254	163380	3	0.69
b5c840a2-6e29-4c1f-9289-d08fd0a2e141	8	208062	644973	321	0.0318
b5c840a2-6e29-4c1f-9289-d08fd0a2e141	8	645220	645875	6	1.308
b5c840a2-6e29-4c1f-9289-d08fd0a2e141	8	645892	645908	2	5.726
b5c840a2-6e29-4c1f-9289-d08fd0a2e141	8	656117	1410990	526	0.0388
b5c840a2-6e29-4c1f-9289-d08fd0a2e141	8	1411764	1419850	44	0.3114
b5c840a2-6e29-4c1f-9289-d08fd0a2e141	8	1421470	2844412	1138	0.0105
b5c840a2-6e29-4c1f-9289-d08fd0a2e141	8	2846011	2846377	7	-1.6468
b5c840a2-6e29-4c1f-9289-d08fd0a2e141	8	2849649	3624354	856	-0.01
b5c840a2-6e29-4c1f-9289-d08fd0a2e141	8	3625109	3630522	4	-0.9442
b5c840a2-6e29-4c1f-9289-d08fd0a2e141	8	3630780	3772953	242	0.0697
b5c840a2-6e29-4c1f-9289-d08fd0a2e141	8	3773380	3773726	2	-2.3503
b5c840a2-6e29-4c1f-9289-d08fd0a2e141	8	3773792	6221662	3540	0.0385
b5c840a2-6e29-4c1f-9289-d08fd0a2e141	8	6221711	6418232	274	-0.1174
b5c840a2-6e29-4c1f-9289-d08fd0a2e141	8	6421387	6968934	664	0.0139
b5c840a2-6e29-4c1f-9289-d08fd0a2e141	8	6968962	7018620	16	-0.7315
b5c840a2-6e29-4c1f-9289-d08fd0a2e141	8	7020666	7153553	76	0.1518
b5c840a2-6e29-4c1f-9289-d08fd0a2e141	8	7155402	7598502	48	0.5761
b5c840a2-6e29-4c1f-9289-d08fd0a2e141	8	7775900	39372806	22738	0.0056
b5c840a2-6e29-4c1f-9289-d08fd0a2e141	8	39373140	39529446	60	0.8619
b5c840a2-6e29-4c1f-9289-d08fd0a2e141	8	39530780	40914477	1074	0.0088
b5c840a2-6e29-4c1f-9289-d08fd0a2e141	8	40920333	40920952	2	-2.7019
b5c840a2-6e29-4c1f-9289-d08fd0a2e141	8	40926161	111279265	40930	0.0024
b5c840a2-6e29-4c1f-9289-d08fd0a2e141	8	111282050	111283031	10	-2.0797
b5c840a2-6e29-4c1f-9289-d08fd0a2e141	8	111288052	114622325	1824	0.0261
b5c840a2-6e29-4c1f-9289-d08fd0a2e141	8	114622424	114628588	20	0.3949
b5c840a2-6e29-4c1f-9289-d08fd0a2e141	8	114628679	119139771	3123	0.0032
b5c840a2-6e29-4c1f-9289-d08fd0a2e141	8	119142545	119147207	4	-1.0723
b5c840a2-6e29-4c1f-9289-d08fd0a2e141	8	119150615	128744020	6694	-0.0037
b5c840a2-6e29-4c1f-9289-d08fd0a2e141	8	128750889	128751839	2	-3.7677
b5c840a2-6e29-4c1f-9289-d08fd0a2e141	8	128765208	133071168	3121	-0.0028
b5c840a2-6e29-4c1f-9289-d08fd0a2e141	8	133071594	133072187	4	-1.0236
b5c840a2-6e29-4c1f-9289-d08fd0a2e141	8	133074093	133616840	560	0.0299
b5c840a2-6e29-4c1f-9289-d08fd0a2e141	8	133617601	133618159	2	-1.2101
b5c840a2-6e29-4c1f-9289-d08fd0a2e141	8	133621038	141225055	5928	0.0103
b5c840a2-6e29-4c1f-9289-d08fd0a2e141	8	141226238	142847540	848	0.0963
b5c840a2-6e29-4c1f-9289-d08fd0a2e141	8	142849006	144230225	456	0.0062
b5c840a2-6e29-4c1f-9289-d08fd0a2e141	8	144230285	144284502	6	-0.7521
b5c840a2-6e29-4c1f-9289-d08fd0a2e141	8	144284925	145072769	320	0.0353
b5c840a2-6e29-4c1f-9289-d08fd0a2e141	9	46587	1830840	2000	0.0186
b5c840a2-6e29-4c1f-9289-d08fd0a2e141	9	1831723	1837057	10	-1.384
b5c840a2-6e29-4c1f-9289-d08fd0a2e141	9	1842060	4008653	2015	0.0051
b5c840a2-6e29-4c1f-9289-d08fd0a2e141	9	4008954	4015190	16	0.5263
b5c840a2-6e29-4c1f-9289-d08fd0a2e141	9	4015267	5078059	1195	0.0081
b5c840a2-6e29-4c1f-9289-d08fd0a2e141	9	5078263	5081766	14	0.5354
b5c840a2-6e29-4c1f-9289-d08fd0a2e141	9	5081852	6553298	1001	0.0282
b5c840a2-6e29-4c1f-9289-d08fd0a2e141	9	6555079	6557665	7	-0.6552
b5c840a2-6e29-4c1f-9289-d08fd0a2e141	9	6558574	6655056	82	-0.0841
b5c840a2-6e29-4c1f-9289-d08fd0a2e141	9	6657192	6672576	11	-0.8986
b5c840a2-6e29-4c1f-9289-d08fd0a2e141	9	6672624	8892989	2174	0.0042
b5c840a2-6e29-4c1f-9289-d08fd0a2e141	9	8893447	11867815	2636	0.0541
b5c840a2-6e29-4c1f-9289-d08fd0a2e141	9	11868796	11992604	94	0.2576
b5c840a2-6e29-4c1f-9289-d08fd0a2e141	9	11995297	12514323	404	0.0551
b5c840a2-6e29-4c1f-9289-d08fd0a2e141	9	12514562	18015555	4650	0.0054
b5c840a2-6e29-4c1f-9289-d08fd0a2e141	9	18016031	18022348	2	-1.2921
b5c840a2-6e29-4c1f-9289-d08fd0a2e141	9	18022604	22492890	3536	0.0071
b5c840a2-6e29-4c1f-9289-d08fd0a2e141	9	22501914	22502700	2	1.2175
b5c840a2-6e29-4c1f-9289-d08fd0a2e141	9	22509341	23361807	581	0.0084
b5c840a2-6e29-4c1f-9289-d08fd0a2e141	9	23363117	23373486	8	0.8144
b5c840a2-6e29-4c1f-9289-d08fd0a2e141	9	23378490	23868893	408	0.0005
b5c840a2-6e29-4c1f-9289-d08fd0a2e141	9	23872419	23872552	2	1.3149
b5c840a2-6e29-4c1f-9289-d08fd0a2e141	9	23874049	24503818	386	0.02
b5c840a2-6e29-4c1f-9289-d08fd0a2e141	9	24504127	24517684	18	-1.1879
b5c840a2-6e29-4c1f-9289-d08fd0a2e141	9	24519686	24528607	10	0.2954
b5c840a2-6e29-4c1f-9289-d08fd0a2e141	9	24528833	28044706	2718	0.0163
b5c840a2-6e29-4c1f-9289-d08fd0a2e141	9	28047590	28050693	5	-1.1355
b5c840a2-6e29-4c1f-9289-d08fd0a2e141	9	28055605	39105783	7154	0.0068
b5c840a2-6e29-4c1f-9289-d08fd0a2e141	9	39110889	61405110	244	0.2145
b5c840a2-6e29-4c1f-9289-d08fd0a2e141	9	61520021	61647899	30	-1.4015
b5c840a2-6e29-4c1f-9289-d08fd0a2e141	9	61665362	67915741	166	0.2634
b5c840a2-6e29-4c1f-9289-d08fd0a2e141	9	68318441	138177023	47905	0.0107
b5c840a2-6e29-4c1f-9289-d08fd0a2e141	9	138177075	138200944	7	1.1629
b5c840a2-6e29-4c1f-9289-d08fd0a2e141	10	45792	24086334	19201	-0.003
b5c840a2-6e29-4c1f-9289-d08fd0a2e141	10	24088745	24089125	11	1.0484
b5c840a2-6e29-4c1f-9289-d08fd0a2e141	10	24089979	42157337	9889	-0.0061
b5c840a2-6e29-4c1f-9289-d08fd0a2e141	10	42159354	42264605	16	0.5542
b5c840a2-6e29-4c1f-9289-d08fd0a2e141	10	42267782	43029180	421	-0.0093
b5c840a2-6e29-4c1f-9289-d08fd0a2e141	10	43029253	43030294	2	-1.4336
b5c840a2-6e29-4c1f-9289-d08fd0a2e141	10	43030575	46307133	2101	0.0255
b5c840a2-6e29-4c1f-9289-d08fd0a2e141	10	46307192	46560525	81	0.3791
b5c840a2-6e29-4c1f-9289-d08fd0a2e141	10	46606240	47396849	287	0.0626
b5c840a2-6e29-4c1f-9289-d08fd0a2e141	10	47397719	48079560	30	0.3941
b5c840a2-6e29-4c1f-9289-d08fd0a2e141	10	48084420	54849490	4982	0.0131
b5c840a2-6e29-4c1f-9289-d08fd0a2e141	10	54850955	55846344	670	0.0918
b5c840a2-6e29-4c1f-9289-d08fd0a2e141	10	55846749	65548178	6738	0.0077
b5c840a2-6e29-4c1f-9289-d08fd0a2e141	10	65548193	65554672	25	0.6248
b5c840a2-6e29-4c1f-9289-d08fd0a2e141	10	65554688	66362886	648	0.0189
b5c840a2-6e29-4c1f-9289-d08fd0a2e141	10	66364852	66366937	5	-0.9893
b5c840a2-6e29-4c1f-9289-d08fd0a2e141	10	66368887	92378770	17256	0.0114
b5c840a2-6e29-4c1f-9289-d08fd0a2e141	10	92378914	92619957	98	-0.1886
b5c840a2-6e29-4c1f-9289-d08fd0a2e141	10	92620476	93085010	229	0.0097
b5c840a2-6e29-4c1f-9289-d08fd0a2e141	10	93085279	93086099	4	-0.965
b5c840a2-6e29-4c1f-9289-d08fd0a2e141	10	93086118	107412213	9021	0.0043
b5c840a2-6e29-4c1f-9289-d08fd0a2e141	10	107413549	107415589	2	-1.4715
b5c840a2-6e29-4c1f-9289-d08fd0a2e141	10	107422431	122584593	11048	0.0069
b5c840a2-6e29-4c1f-9289-d08fd0a2e141	10	122584707	122587462	4	-1.1547
b5c840a2-6e29-4c1f-9289-d08fd0a2e141	10	122591497	131485904	6809	0.0175
b5c840a2-6e29-4c1f-9289-d08fd0a2e141	10	131489326	131844989	272	0.1363
b5c840a2-6e29-4c1f-9289-d08fd0a2e141	10	131845008	133654968	823	0.0384
b5c840a2-6e29-4c1f-9289-d08fd0a2e141	11	198510	3246769	1222	0.0192
b5c840a2-6e29-4c1f-9289-d08fd0a2e141	11	3261338	3342535	6	0.8991
b5c840a2-6e29-4c1f-9289-d08fd0a2e141	11	3342937	3466435	67	0.0316
b5c840a2-6e29-4c1f-9289-d08fd0a2e141	11	3467200	3467311	2	-1.2818
b5c840a2-6e29-4c1f-9289-d08fd0a2e141	11	3485296	4946420	1119	0.0176
b5c840a2-6e29-4c1f-9289-d08fd0a2e141	11	4947280	4954475	28	-2.0969
b5c840a2-6e29-4c1f-9289-d08fd0a2e141	11	4955027	5499745	539	0.0042
b5c840a2-6e29-4c1f-9289-d08fd0a2e141	11	5500921	5502363	7	-0.8284
b5c840a2-6e29-4c1f-9289-d08fd0a2e141	11	5503234	5766175	239	-0.0104
b5c840a2-6e29-4c1f-9289-d08fd0a2e141	11	5766850	5788231	34	0.5383
b5c840a2-6e29-4c1f-9289-d08fd0a2e141	11	5791130	55606572	31214	0.0108
b5c840a2-6e29-4c1f-9289-d08fd0a2e141	11	55606712	55685533	57	0.7646
b5c840a2-6e29-4c1f-9289-d08fd0a2e141	11	55686100	107359993	32366	0.014
b5c840a2-6e29-4c1f-9289-d08fd0a2e141	11	107367930	107368402	7	-2.5966
b5c840a2-6e29-4c1f-9289-d08fd0a2e141	11	107381636	135074876	19927	0.0107
b5c840a2-6e29-4c1f-9289-d08fd0a2e141	12	51460	760032	418	-0.0228
b5c840a2-6e29-4c1f-9289-d08fd0a2e141	12	760097	764863	16	-1.0887
b5c840a2-6e29-4c1f-9289-d08fd0a2e141	12	766188	8204911	5105	-0.0003
b5c840a2-6e29-4c1f-9289-d08fd0a2e141	12	8209454	8220161	9	1.5011
b5c840a2-6e29-4c1f-9289-d08fd0a2e141	12	8241232	27493053	13050	0.0038
b5c840a2-6e29-4c1f-9289-d08fd0a2e141	12	27493059	27498429	29	-0.8395
b5c840a2-6e29-4c1f-9289-d08fd0a2e141	12	27504228	30082648	1874	-0.0009
b5c840a2-6e29-4c1f-9289-d08fd0a2e141	12	30086334	30090698	22	-0.6905
b5c840a2-6e29-4c1f-9289-d08fd0a2e141	12	30090732	31220460	917	0.0075
b5c840a2-6e29-4c1f-9289-d08fd0a2e141	12	31220512	31221595	3	-1.4923
b5c840a2-6e29-4c1f-9289-d08fd0a2e141	12	31223274	33148492	1337	-0.0345
b5c840a2-6e29-4c1f-9289-d08fd0a2e141	12	33148586	33155426	26	-0.65
b5c840a2-6e29-4c1f-9289-d08fd0a2e141	12	33155453	33901538	491	0.0261
b5c840a2-6e29-4c1f-9289-d08fd0a2e141	12	33904181	38726153	803	0.0872
b5c840a2-6e29-4c1f-9289-d08fd0a2e141	12	38726353	40419531	973	0.011
b5c840a2-6e29-4c1f-9289-d08fd0a2e141	12	40419624	40422245	9	-0.5681
b5c840a2-6e29-4c1f-9289-d08fd0a2e141	12	40422323	45506042	3312	0.0025
b5c840a2-6e29-4c1f-9289-d08fd0a2e141	12	45510655	45515754	4	1.2765
b5c840a2-6e29-4c1f-9289-d08fd0a2e141	12	45519509	81026913	21902	0.0015
b5c840a2-6e29-4c1f-9289-d08fd0a2e141	12	81029973	81031607	4	-1.1513
b5c840a2-6e29-4c1f-9289-d08fd0a2e141	12	81036185	99398036	11786	0.0017
b5c840a2-6e29-4c1f-9289-d08fd0a2e141	12	99401515	99404956	31	-0.4258
b5c840a2-6e29-4c1f-9289-d08fd0a2e141	12	99409315	113672869	9089	-0.0069
b5c840a2-6e29-4c1f-9289-d08fd0a2e141	12	113675676	113675797	2	-1.395
b5c840a2-6e29-4c1f-9289-d08fd0a2e141	12	113679795	113726781	44	-0.0319
b5c840a2-6e29-4c1f-9289-d08fd0a2e141	12	113728009	114283015	532	0.0816
b5c840a2-6e29-4c1f-9289-d08fd0a2e141	12	114284435	119546020	3986	-0.0149
b5c840a2-6e29-4c1f-9289-d08fd0a2e141	12	119551082	119552956	16	-0.9652
b5c840a2-6e29-4c1f-9289-d08fd0a2e141	12	119556236	119885150	209	-0.045
b5c840a2-6e29-4c1f-9289-d08fd0a2e141	12	119886281	119931697	25	-0.3739
b5c840a2-6e29-4c1f-9289-d08fd0a2e141	12	119931775	128746531	5741	-0.005
b5c840a2-6e29-4c1f-9289-d08fd0a2e141	12	128746768	128747752	3	-2.269
b5c840a2-6e29-4c1f-9289-d08fd0a2e141	12	128748000	129785032	985	0.0231
b5c840a2-6e29-4c1f-9289-d08fd0a2e141	12	129785457	129790046	2	-2.025
b5c840a2-6e29-4c1f-9289-d08fd0a2e141	12	129791193	133201603	2076	0.011
b5c840a2-6e29-4c1f-9289-d08fd0a2e141	13	18452809	52520664	23392	-0.0007
b5c840a2-6e29-4c1f-9289-d08fd0a2e141	13	52523849	52531650	3	-2.2269
b5c840a2-6e29-4c1f-9289-d08fd0a2e141	13	52543744	57093519	2583	0.0161
b5c840a2-6e29-4c1f-9289-d08fd0a2e141	13	57093573	57403314	202	0.1507
b5c840a2-6e29-4c1f-9289-d08fd0a2e141	13	57403840	68668123	6765	0.0153
b5c840a2-6e29-4c1f-9289-d08fd0a2e141	13	68674167	68694110	38	-0.9092
b5c840a2-6e29-4c1f-9289-d08fd0a2e141	13	68694987	93839564	16413	0.012
b5c840a2-6e29-4c1f-9289-d08fd0a2e141	13	93841696	101168061	4855	-0.0232
b5c840a2-6e29-4c1f-9289-d08fd0a2e141	13	101168107	104688638	2943	0.0089
b5c840a2-6e29-4c1f-9289-d08fd0a2e141	13	104690966	105772143	877	0.0669
b5c840a2-6e29-4c1f-9289-d08fd0a2e141	13	105772291	114342922	6072	0.0016
b5c840a2-6e29-4c1f-9289-d08fd0a2e141	14	18239283	19294475	47	0.3461
b5c840a2-6e29-4c1f-9289-d08fd0a2e141	14	19298389	19675350	16	1.0078
b5c840a2-6e29-4c1f-9289-d08fd0a2e141	14	19689684	19954424	103	0.4261
b5c840a2-6e29-4c1f-9289-d08fd0a2e141	14	19955213	21926607	1360	-0.0135
b5c840a2-6e29-4c1f-9289-d08fd0a2e141	14	21928047	21928444	5	0.5584
b5c840a2-6e29-4c1f-9289-d08fd0a2e141	14	21928968	22526139	511	-0.37
b5c840a2-6e29-4c1f-9289-d08fd0a2e141	14	22526849	73534419	32192	0.0036
b5c840a2-6e29-4c1f-9289-d08fd0a2e141	14	73540003	73563196	9	-2.1612
b5c840a2-6e29-4c1f-9289-d08fd0a2e141	14	73563211	105824429	20709	0.0039
b5c840a2-6e29-4c1f-9289-d08fd0a2e141	14	105824509	105836708	9	-0.6548
b5c840a2-6e29-4c1f-9289-d08fd0a2e141	14	105837038	105971774	29	-0.0349
b5c840a2-6e29-4c1f-9289-d08fd0a2e141	14	105971906	106416146	164	0.1563
b5c840a2-6e29-4c1f-9289-d08fd0a2e141	14	106418444	106462144	47	-0.6278
b5c840a2-6e29-4c1f-9289-d08fd0a2e141	14	106462169	106877229	197	0.1028
b5c840a2-6e29-4c1f-9289-d08fd0a2e141	15	19811075	20001686	45	0.1528
b5c840a2-6e29-4c1f-9289-d08fd0a2e141	15	20011702	20056983	5	-1.8739
b5c840a2-6e29-4c1f-9289-d08fd0a2e141	15	20059033	20376311	45	0.0344
b5c840a2-6e29-4c1f-9289-d08fd0a2e141	15	20380735	20381704	10	-1.4651
b5c840a2-6e29-4c1f-9289-d08fd0a2e141	15	20384774	101928837	51437	0.0112
b5c840a2-6e29-4c1f-9289-d08fd0a2e141	16	10777	19933041	13465	-0.0001
b5c840a2-6e29-4c1f-9289-d08fd0a2e141	16	19934328	19956040	29	-1.1396
b5c840a2-6e29-4c1f-9289-d08fd0a2e141	16	19958932	20453198	380	0.0257
b5c840a2-6e29-4c1f-9289-d08fd0a2e141	16	20453209	20504316	26	0.3234
b5c840a2-6e29-4c1f-9289-d08fd0a2e141	16	20505644	21521901	490	0.0178
b5c840a2-6e29-4c1f-9289-d08fd0a2e141	16	21522983	21584992	21	-0.3918
b5c840a2-6e29-4c1f-9289-d08fd0a2e141	16	21586954	22566282	365	-0.0247
b5c840a2-6e29-4c1f-9289-d08fd0a2e141	16	22576144	22614315	12	-0.8839
b5c840a2-6e29-4c1f-9289-d08fd0a2e141	16	22614450	22701658	56	-0.3136
b5c840a2-6e29-4c1f-9289-d08fd0a2e141	16	22706267	31959228	5100	-0.0064
b5c840a2-6e29-4c1f-9289-d08fd0a2e141	16	31960199	46469294	525	0.1271
b5c840a2-6e29-4c1f-9289-d08fd0a2e141	16	46470502	47417572	389	-0.0296
b5c840a2-6e29-4c1f-9289-d08fd0a2e141	16	47419202	68513227	14078	0.0181
b5c840a2-6e29-4c1f-9289-d08fd0a2e141	16	68513857	70090510	758	-0.05
b5c840a2-6e29-4c1f-9289-d08fd0a2e141	16	70090862	70200633	21	0.6283
b5c840a2-6e29-4c1f-9289-d08fd0a2e141	16	70212022	74364089	2295	-0.0144
b5c840a2-6e29-4c1f-9289-d08fd0a2e141	16	74364131	74373481	5	0.8686
b5c840a2-6e29-4c1f-9289-d08fd0a2e141	16	74418138	75208831	474	-0.0409
b5c840a2-6e29-4c1f-9289-d08fd0a2e141	16	75212144	75221231	7	-0.761
b5c840a2-6e29-4c1f-9289-d08fd0a2e141	16	75221319	78337711	2724	-0.001
b5c840a2-6e29-4c1f-9289-d08fd0a2e141	16	78338543	78350841	16	0.9697
b5c840a2-6e29-4c1f-9289-d08fd0a2e141	16	78350868	78620922	372	-0.0516
b5c840a2-6e29-4c1f-9289-d08fd0a2e141	16	78623840	78624007	3	-1.2778
b5c840a2-6e29-4c1f-9289-d08fd0a2e141	16	78626948	81127240	2824	0.0077
b5c840a2-6e29-4c1f-9289-d08fd0a2e141	16	81127429	81233248	118	-0.1646
b5c840a2-6e29-4c1f-9289-d08fd0a2e141	16	81237459	83855128	2909	0.0122
b5c840a2-6e29-4c1f-9289-d08fd0a2e141	16	83855218	84477892	540	-0.0926
b5c840a2-6e29-4c1f-9289-d08fd0a2e141	16	84478189	90096867	3846	0.0053
b5c840a2-6e29-4c1f-9289-d08fd0a2e141	17	150733	15140842	9685	-0.006
b5c840a2-6e29-4c1f-9289-d08fd0a2e141	17	15141198	15151185	25	0.4351
b5c840a2-6e29-4c1f-9289-d08fd0a2e141	17	15155674	18455632	1684	0.0164
b5c840a2-6e29-4c1f-9289-d08fd0a2e141	17	18455635	18561907	25	0.983
b5c840a2-6e29-4c1f-9289-d08fd0a2e141	17	18565883	33616985	4978	0.0094
b5c840a2-6e29-4c1f-9289-d08fd0a2e141	17	33617003	34673247	985	0.0897
b5c840a2-6e29-4c1f-9289-d08fd0a2e141	17	34677070	36109315	871	0.0148
b5c840a2-6e29-4c1f-9289-d08fd0a2e141	17	36109735	36157718	35	0.6098
b5c840a2-6e29-4c1f-9289-d08fd0a2e141	17	36200725	41265456	2524	0.0012
b5c840a2-6e29-4c1f-9289-d08fd0a2e141	17	41266762	41267053	10	1.221
b5c840a2-6e29-4c1f-9289-d08fd0a2e141	17	41267068	41273905	10	0.1934
b5c840a2-6e29-4c1f-9289-d08fd0a2e141	17	41273921	41274279	4	1.4255
b5c840a2-6e29-4c1f-9289-d08fd0a2e141	17	41276472	46089089	2500	0.0034
b5c840a2-6e29-4c1f-9289-d08fd0a2e141	17	46089134	46351954	123	0.4422
b5c840a2-6e29-4c1f-9289-d08fd0a2e141	17	46446345	46571001	4	1.3846
b5c840a2-6e29-4c1f-9289-d08fd0a2e141	17	46664059	83091923	21548	0.0042
b5c840a2-6e29-4c1f-9289-d08fd0a2e141	18	48133	40680506	22791	0.0061
b5c840a2-6e29-4c1f-9289-d08fd0a2e141	18	40680516	40685425	15	0.8811
b5c840a2-6e29-4c1f-9289-d08fd0a2e141	18	40688060	58263318	11909	0.0095
b5c840a2-6e29-4c1f-9289-d08fd0a2e141	18	58263630	58268730	23	-0.9774
b5c840a2-6e29-4c1f-9289-d08fd0a2e141	18	58271707	64339550	4408	-0.0049
b5c840a2-6e29-4c1f-9289-d08fd0a2e141	18	64342083	73941300	7064	0.0317
b5c840a2-6e29-4c1f-9289-d08fd0a2e141	18	73942208	80257174	4534	0.0024
b5c840a2-6e29-4c1f-9289-d08fd0a2e141	19	90910	9163996	3386	-0.0151
b5c840a2-6e29-4c1f-9289-d08fd0a2e141	19	9164676	9167445	4	-1.2619
b5c840a2-6e29-4c1f-9289-d08fd0a2e141	19	9174084	23524606	7271	-0.0118
b5c840a2-6e29-4c1f-9289-d08fd0a2e141	19	23526518	23526546	2	-1.6867
b5c840a2-6e29-4c1f-9289-d08fd0a2e141	19	23530165	30793899	2901	0.0102
b5c840a2-6e29-4c1f-9289-d08fd0a2e141	19	30797211	30797633	2	-1.8232
b5c840a2-6e29-4c1f-9289-d08fd0a2e141	19	30799692	35358420	3138	0.0037
b5c840a2-6e29-4c1f-9289-d08fd0a2e141	19	35364451	35370946	21	-2.4768
b5c840a2-6e29-4c1f-9289-d08fd0a2e141	19	35375842	42828795	3703	-0.0118
b5c840a2-6e29-4c1f-9289-d08fd0a2e141	19	42829592	43274463	193	0.1415
b5c840a2-6e29-4c1f-9289-d08fd0a2e141	19	43280140	53013829	5087	-0.0223
b5c840a2-6e29-4c1f-9289-d08fd0a2e141	19	53015494	53048976	22	0.9581
b5c840a2-6e29-4c1f-9289-d08fd0a2e141	19	53050987	53576539	418	-0.013
b5c840a2-6e29-4c1f-9289-d08fd0a2e141	19	53579264	53815067	161	-0.2394
b5c840a2-6e29-4c1f-9289-d08fd0a2e141	19	53818748	54740939	479	-0.0321
b5c840a2-6e29-4c1f-9289-d08fd0a2e141	19	54772391	54867244	46	-0.8188
b5c840a2-6e29-4c1f-9289-d08fd0a2e141	19	54868000	55766684	428	-0.0244
b5c840a2-6e29-4c1f-9289-d08fd0a2e141	19	55770704	55774927	6	0.8936
b5c840a2-6e29-4c1f-9289-d08fd0a2e141	19	55777575	58586487	1837	-0.0345
b5c840a2-6e29-4c1f-9289-d08fd0a2e141	20	80664	1580353	1204	0.002
b5c840a2-6e29-4c1f-9289-d08fd0a2e141	20	1580934	1601561	36	1.711
b5c840a2-6e29-4c1f-9289-d08fd0a2e141	20	1609611	4096572	1743	-0.0026
b5c840a2-6e29-4c1f-9289-d08fd0a2e141	20	4105022	4109643	8	-0.6643
b5c840a2-6e29-4c1f-9289-d08fd0a2e141	20	4111325	14790826	8163	0.0128
b5c840a2-6e29-4c1f-9289-d08fd0a2e141	20	14801038	14849950	70	-1.0717
b5c840a2-6e29-4c1f-9289-d08fd0a2e141	20	14850979	23447821	7027	0.0188
b5c840a2-6e29-4c1f-9289-d08fd0a2e141	20	23449593	23450918	3	-1.0345
b5c840a2-6e29-4c1f-9289-d08fd0a2e141	20	23451409	23569274	106	0.1021
b5c840a2-6e29-4c1f-9289-d08fd0a2e141	20	23569676	23571661	3	-0.9719
b5c840a2-6e29-4c1f-9289-d08fd0a2e141	20	23572036	26229983	1616	0.0441
b5c840a2-6e29-4c1f-9289-d08fd0a2e141	20	26239500	30417073	85	0.2206
b5c840a2-6e29-4c1f-9289-d08fd0a2e141	20	31247246	39405820	4320	-0.0024
b5c840a2-6e29-4c1f-9289-d08fd0a2e141	20	39410348	39413403	3	-1.5597
b5c840a2-6e29-4c1f-9289-d08fd0a2e141	20	39417485	64324800	17981	0.0132
b5c840a2-6e29-4c1f-9289-d08fd0a2e141	21	10354168	14118706	372	0.1593
b5c840a2-6e29-4c1f-9289-d08fd0a2e141	21	14118929	22812353	6314	0.0083
b5c840a2-6e29-4c1f-9289-d08fd0a2e141	21	22816458	23334248	435	0.1026
b5c840a2-6e29-4c1f-9289-d08fd0a2e141	21	23336644	41479527	13761	0.0001
b5c840a2-6e29-4c1f-9289-d08fd0a2e141	21	41483600	41484285	6	-0.8649
b5c840a2-6e29-4c1f-9289-d08fd0a2e141	21	41484301	46677045	2975	0.0196
b5c840a2-6e29-4c1f-9289-d08fd0a2e141	22	15294547	15583346	13	-0.0983
b5c840a2-6e29-4c1f-9289-d08fd0a2e141	22	15591298	16394084	26	0.5193
b5c840a2-6e29-4c1f-9289-d08fd0a2e141	22	16396408	17077611	303	0.1045
b5c840a2-6e29-4c1f-9289-d08fd0a2e141	22	17080466	18818348	794	-0.0258
b5c840a2-6e29-4c1f-9289-d08fd0a2e141	22	18822581	18918093	5	0.8488
b5c840a2-6e29-4c1f-9289-d08fd0a2e141	22	18947964	19644215	452	-0.0006
b5c840a2-6e29-4c1f-9289-d08fd0a2e141	22	19644656	22114208	1523	0.0603
b5c840a2-6e29-4c1f-9289-d08fd0a2e141	22	22119549	22120255	6	-0.8681
b5c840a2-6e29-4c1f-9289-d08fd0a2e141	22	22127104	22620004	442	0.0646
b5c840a2-6e29-4c1f-9289-d08fd0a2e141	22	22620505	23293737	416	0.1656
b5c840a2-6e29-4c1f-9289-d08fd0a2e141	22	23293912	50796027	19287	0.016
b5c840a2-6e29-4c1f-9289-d08fd0a2e141	X	251810	23701305	14413	-0.0082
b5c840a2-6e29-4c1f-9289-d08fd0a2e141	X	23702727	24352888	379	0.1222
b5c840a2-6e29-4c1f-9289-d08fd0a2e141	X	24353306	40555457	10287	-0.0142
b5c840a2-6e29-4c1f-9289-d08fd0a2e141	X	40556728	41840821	641	0.0862
b5c840a2-6e29-4c1f-9289-d08fd0a2e141	X	41842071	44394528	1437	-0.0126
b5c840a2-6e29-4c1f-9289-d08fd0a2e141	X	44396576	44923047	246	0.121
b5c840a2-6e29-4c1f-9289-d08fd0a2e141	X	44923112	54114174	4019	0.0004
b5c840a2-6e29-4c1f-9289-d08fd0a2e141	X	54115517	54660633	213	0.1044
b5c840a2-6e29-4c1f-9289-d08fd0a2e141	X	54661149	70269192	5224	-0.0105
b5c840a2-6e29-4c1f-9289-d08fd0a2e141	X	70271675	71622949	551	0.0585
b5c840a2-6e29-4c1f-9289-d08fd0a2e141	X	71623945	118039620	24033	-0.0099
b5c840a2-6e29-4c1f-9289-d08fd0a2e141	X	118045711	120272683	1269	0.0597
b5c840a2-6e29-4c1f-9289-d08fd0a2e141	X	120277262	123752336	2139	-0.0012
b5c840a2-6e29-4c1f-9289-d08fd0a2e141	X	123754350	123947836	83	0.2083
b5c840a2-6e29-4c1f-9289-d08fd0a2e141	X	123949741	155952689	18732	-0.0084
b5c840a2-6e29-4c1f-9289-d08fd0a2e141	Y	2782397	56872112	6636	-1.0174
