GDC_Aliquot	Chromosome	Start	End	Num_Probes	Segment_Mean
b1f157a7-6e1c-4266-8a97-7ce1f92d08f7	1	3301765	228667018	117265	0.0077
b1f157a7-6e1c-4266-8a97-7ce1f92d08f7	1	228671781	228671795	2	-1.3916
b1f157a7-6e1c-4266-8a97-7ce1f92d08f7	1	228672619	228955344	181	-0.0005
b1f157a7-6e1c-4266-8a97-7ce1f92d08f7	1	228955685	228955828	2	-1.0074
b1f157a7-6e1c-4266-8a97-7ce1f92d08f7	1	228958582	247650984	12381	0.0125
b1f157a7-6e1c-4266-8a97-7ce1f92d08f7	2	480597	55812808	32939	0.0084
b1f157a7-6e1c-4266-8a97-7ce1f92d08f7	2	55825519	55826596	4	-1.1876
b1f157a7-6e1c-4266-8a97-7ce1f92d08f7	2	55832614	136510305	38751	0.0082
b1f157a7-6e1c-4266-8a97-7ce1f92d08f7	2	136513897	136542521	14	-1.4747
b1f157a7-6e1c-4266-8a97-7ce1f92d08f7	2	136545732	183037994	27471	0.0061
b1f157a7-6e1c-4266-8a97-7ce1f92d08f7	2	183043792	183056061	7	-0.9954
b1f157a7-6e1c-4266-8a97-7ce1f92d08f7	2	183063506	241537572	33089	0.0081
b1f157a7-6e1c-4266-8a97-7ce1f92d08f7	3	2170634	197812401	107225	0.006
b1f157a7-6e1c-4266-8a97-7ce1f92d08f7	4	1059384	187842528	103559	0.0082
b1f157a7-6e1c-4266-8a97-7ce1f92d08f7	5	913983	27505217	15985	0.0066
b1f157a7-6e1c-4266-8a97-7ce1f92d08f7	5	27505750	27535409	4	-0.7501
b1f157a7-6e1c-4266-8a97-7ce1f92d08f7	5	27536132	37877481	5864	0.0103
b1f157a7-6e1c-4266-8a97-7ce1f92d08f7	5	37877503	37877575	2	-0.9938
b1f157a7-6e1c-4266-8a97-7ce1f92d08f7	5	37879146	39408101	1136	0.0142
b1f157a7-6e1c-4266-8a97-7ce1f92d08f7	5	39412466	39430709	10	-0.9577
b1f157a7-6e1c-4266-8a97-7ce1f92d08f7	5	39430876	148341077	57754	0.0081
b1f157a7-6e1c-4266-8a97-7ce1f92d08f7	5	148342162	148353482	3	-0.9498
b1f157a7-6e1c-4266-8a97-7ce1f92d08f7	5	148353519	180934240	20418	0.0079
b1f157a7-6e1c-4266-8a97-7ce1f92d08f7	6	1011760	18578207	12434	0.0184
b1f157a7-6e1c-4266-8a97-7ce1f92d08f7	6	18579324	104709801	45493	0.0039
b1f157a7-6e1c-4266-8a97-7ce1f92d08f7	6	104717442	170596889	39295	0.013
b1f157a7-6e1c-4266-8a97-7ce1f92d08f7	7	664936	14083613	6494	0.0061
b1f157a7-6e1c-4266-8a97-7ce1f92d08f7	7	14084440	14085378	4	-0.8423
b1f157a7-6e1c-4266-8a97-7ce1f92d08f7	7	14086728	49083070	21998	0.0112
b1f157a7-6e1c-4266-8a97-7ce1f92d08f7	7	49085890	49086317	3	-1.1422
b1f157a7-6e1c-4266-8a97-7ce1f92d08f7	7	49091839	124523209	35242	0.0066
b1f157a7-6e1c-4266-8a97-7ce1f92d08f7	7	124523712	124524073	3	-1.2048
b1f157a7-6e1c-4266-8a97-7ce1f92d08f7	7	124524582	158592540	18247	0.0117
b1f157a7-6e1c-4266-8a97-7ce1f92d08f7	8	667625	144182542	82281	0.009
b1f157a7-6e1c-4266-8a97-7ce1f92d08f7	9	789794	138044505	68529	0.0087
b1f157a7-6e1c-4266-8a97-7ce1f92d08f7	10	366509	79389917	47439	0.0081
b1f157a7-6e1c-4266-8a97-7ce1f92d08f7	10	79395056	79397219	2	-1.5109
b1f157a7-6e1c-4266-8a97-7ce1f92d08f7	10	79399282	115257942	22127	0.0063
b1f157a7-6e1c-4266-8a97-7ce1f92d08f7	10	115260172	115264353	3	-0.8909
b1f157a7-6e1c-4266-8a97-7ce1f92d08f7	10	115264509	133411599	11768	0.0197
b1f157a7-6e1c-4266-8a97-7ce1f92d08f7	11	456012	6174199	2683	0.0086
b1f157a7-6e1c-4266-8a97-7ce1f92d08f7	11	6177020	6177458	2	-1.5529
b1f157a7-6e1c-4266-8a97-7ce1f92d08f7	11	6178672	126679119	69784	0.0047
b1f157a7-6e1c-4266-8a97-7ce1f92d08f7	11	126679350	126679362	2	1.262
b1f157a7-6e1c-4266-8a97-7ce1f92d08f7	11	126679608	134272740	5152	0.0129
b1f157a7-6e1c-4266-8a97-7ce1f92d08f7	12	780472	132605822	74386	0.0046
b1f157a7-6e1c-4266-8a97-7ce1f92d08f7	13	18874255	114226675	57038	0.0042
b1f157a7-6e1c-4266-8a97-7ce1f92d08f7	14	20033191	67929514	26668	0.0038
b1f157a7-6e1c-4266-8a97-7ce1f92d08f7	14	67933159	67955757	8	-1.0676
b1f157a7-6e1c-4266-8a97-7ce1f92d08f7	14	68089714	105533894	23144	0.0031
b1f157a7-6e1c-4266-8a97-7ce1f92d08f7	15	23437561	101344124	44813	0.0114
b1f157a7-6e1c-4266-8a97-7ce1f92d08f7	16	603333	24153197	10523	0.0116
b1f157a7-6e1c-4266-8a97-7ce1f92d08f7	16	24153403	24153602	3	-0.9767
b1f157a7-6e1c-4266-8a97-7ce1f92d08f7	16	24154446	79126803	23892	0.0076
b1f157a7-6e1c-4266-8a97-7ce1f92d08f7	16	79127315	79127543	2	-1.2545
b1f157a7-6e1c-4266-8a97-7ce1f92d08f7	16	79127652	89317317	6816	0.0151
b1f157a7-6e1c-4266-8a97-7ce1f92d08f7	17	1074619	51811855	20558	0.0016
b1f157a7-6e1c-4266-8a97-7ce1f92d08f7	17	51813501	51815128	2	-1.2495
b1f157a7-6e1c-4266-8a97-7ce1f92d08f7	17	51817417	64220911	7053	0.0081
b1f157a7-6e1c-4266-8a97-7ce1f92d08f7	17	64221759	64226560	2	-1.0265
b1f157a7-6e1c-4266-8a97-7ce1f92d08f7	17	64226762	76739594	7143	0.0087
b1f157a7-6e1c-4266-8a97-7ce1f92d08f7	17	76741926	76746723	2	-1.1058
b1f157a7-6e1c-4266-8a97-7ce1f92d08f7	17	76747684	80074189	1477	0.0042
b1f157a7-6e1c-4266-8a97-7ce1f92d08f7	17	80080303	80080445	2	1.4679
b1f157a7-6e1c-4266-8a97-7ce1f92d08f7	17	80080590	82959812	1059	-0.0009
b1f157a7-6e1c-4266-8a97-7ce1f92d08f7	18	326691	30548695	13900	0.0141
b1f157a7-6e1c-4266-8a97-7ce1f92d08f7	18	30549770	30549851	2	-1.37
b1f157a7-6e1c-4266-8a97-7ce1f92d08f7	18	30549953	68758006	23717	0.0043
b1f157a7-6e1c-4266-8a97-7ce1f92d08f7	18	68765865	68848841	55	-1.1205
b1f157a7-6e1c-4266-8a97-7ce1f92d08f7	18	68852518	79349796	5316	0.0117
b1f157a7-6e1c-4266-8a97-7ce1f92d08f7	19	283868	21727765	8064	-0.0032
b1f157a7-6e1c-4266-8a97-7ce1f92d08f7	19	21728314	35355472	6304	0.0161
b1f157a7-6e1c-4266-8a97-7ce1f92d08f7	19	35355500	58370362	9800	-0.007
b1f157a7-6e1c-4266-8a97-7ce1f92d08f7	20	472817	2224165	1130	0.0099
b1f157a7-6e1c-4266-8a97-7ce1f92d08f7	20	2224479	2224526	3	-1.285
b1f157a7-6e1c-4266-8a97-7ce1f92d08f7	20	2225295	19867076	11938	0.0092
b1f157a7-6e1c-4266-8a97-7ce1f92d08f7	20	19867383	19868006	2	1.0629
b1f157a7-6e1c-4266-8a97-7ce1f92d08f7	20	19868765	44406520	11633	0.0113
b1f157a7-6e1c-4266-8a97-7ce1f92d08f7	20	44407111	44408051	3	0.8498
b1f157a7-6e1c-4266-8a97-7ce1f92d08f7	20	44408373	63588502	12869	0.0142
b1f157a7-6e1c-4266-8a97-7ce1f92d08f7	21	13974127	19511007	3530	-0.003
b1f157a7-6e1c-4266-8a97-7ce1f92d08f7	21	19511252	19513672	2	-1.1587
b1f157a7-6e1c-4266-8a97-7ce1f92d08f7	21	19514551	41356506	14668	0.003
b1f157a7-6e1c-4266-8a97-7ce1f92d08f7	21	41356533	41356534	2	-1.5996
b1f157a7-6e1c-4266-8a97-7ce1f92d08f7	21	41359338	46262057	2406	0.0079
b1f157a7-6e1c-4266-8a97-7ce1f92d08f7	22	16934932	48940621	17100	0.0034
b1f157a7-6e1c-4266-8a97-7ce1f92d08f7	X	3236359	90264764	35030	0.0059
b1f157a7-6e1c-4266-8a97-7ce1f92d08f7	X	90269093	90271648	3	-0.9766
b1f157a7-6e1c-4266-8a97-7ce1f92d08f7	X	90271786	107867059	6881	0.0124
b1f157a7-6e1c-4266-8a97-7ce1f92d08f7	X	107867912	107868802	2	-1.9375
b1f157a7-6e1c-4266-8a97-7ce1f92d08f7	X	107873582	144697100	17120	0.009
b1f157a7-6e1c-4266-8a97-7ce1f92d08f7	X	144697456	144704041	2	-1.1102
b1f157a7-6e1c-4266-8a97-7ce1f92d08f7	X	144704062	155677414	4971	0.0071
