GDC_Aliquot	Chromosome	Start	End	Num_Probes	Segment_Mean
8b28f892-6bbf-4bed-a8f3-64f848c882f7	1	3301765	220588265	112561	0.0142
8b28f892-6bbf-4bed-a8f3-64f848c882f7	1	220589182	220589568	2	-1.468
8b28f892-6bbf-4bed-a8f3-64f848c882f7	1	220592537	220695102	47	-0.046
8b28f892-6bbf-4bed-a8f3-64f848c882f7	1	220695166	220705910	2	-1.5195
8b28f892-6bbf-4bed-a8f3-64f848c882f7	1	220706275	247650984	17004	0.0141
8b28f892-6bbf-4bed-a8f3-64f848c882f7	2	480597	10579928	6319	0.0126
8b28f892-6bbf-4bed-a8f3-64f848c882f7	2	10581084	10581516	3	-1.1498
8b28f892-6bbf-4bed-a8f3-64f848c882f7	2	10581985	79704244	39968	0.0106
8b28f892-6bbf-4bed-a8f3-64f848c882f7	2	79705111	79713193	11	-0.8709
8b28f892-6bbf-4bed-a8f3-64f848c882f7	2	79714175	241537572	85727	0.0115
8b28f892-6bbf-4bed-a8f3-64f848c882f7	3	2170634	197812401	107073	0.0096
8b28f892-6bbf-4bed-a8f3-64f848c882f7	4	1059384	187842528	103346	0.0088
8b28f892-6bbf-4bed-a8f3-64f848c882f7	5	913983	180934240	100989	0.0086
8b28f892-6bbf-4bed-a8f3-64f848c882f7	6	1011760	170596889	97052	0.0123
8b28f892-6bbf-4bed-a8f3-64f848c882f7	7	664936	158592540	81856	0.0065
8b28f892-6bbf-4bed-a8f3-64f848c882f7	8	667625	144182542	82127	0.0102
8b28f892-6bbf-4bed-a8f3-64f848c882f7	9	789794	25544795	15898	0.0081
8b28f892-6bbf-4bed-a8f3-64f848c882f7	9	25544993	25547659	5	-0.8494
8b28f892-6bbf-4bed-a8f3-64f848c882f7	9	25550719	32077550	3550	0.0109
8b28f892-6bbf-4bed-a8f3-64f848c882f7	9	32077597	32077621	2	-1.1075
8b28f892-6bbf-4bed-a8f3-64f848c882f7	9	32078000	138044505	48969	0.0139
8b28f892-6bbf-4bed-a8f3-64f848c882f7	10	366509	29603074	20585	0.0068
8b28f892-6bbf-4bed-a8f3-64f848c882f7	10	29603596	29603887	2	1.2683
8b28f892-6bbf-4bed-a8f3-64f848c882f7	10	29604575	120999597	52903	0.0095
8b28f892-6bbf-4bed-a8f3-64f848c882f7	10	121001578	121030305	2	-1.6385
8b28f892-6bbf-4bed-a8f3-64f848c882f7	10	121030813	133411599	7712	0.0088
8b28f892-6bbf-4bed-a8f3-64f848c882f7	11	456012	85054514	45455	0.0105
8b28f892-6bbf-4bed-a8f3-64f848c882f7	11	85054827	85080090	2	-1.5355
8b28f892-6bbf-4bed-a8f3-64f848c882f7	11	85083785	114624276	18384	0.0088
8b28f892-6bbf-4bed-a8f3-64f848c882f7	11	114641587	114675620	20	0.414
8b28f892-6bbf-4bed-a8f3-64f848c882f7	11	114677472	115604164	662	0.0129
8b28f892-6bbf-4bed-a8f3-64f848c882f7	11	115604477	115604523	2	0.879
8b28f892-6bbf-4bed-a8f3-64f848c882f7	11	115605209	118478699	2106	0.0194
8b28f892-6bbf-4bed-a8f3-64f848c882f7	11	118478918	118480386	2	0.8134
8b28f892-6bbf-4bed-a8f3-64f848c882f7	11	118483628	118485037	14	0.091
8b28f892-6bbf-4bed-a8f3-64f848c882f7	11	118485066	118487186	6	-0.4009
8b28f892-6bbf-4bed-a8f3-64f848c882f7	11	118487220	118681711	140	0.0209
8b28f892-6bbf-4bed-a8f3-64f848c882f7	11	118685045	118685689	3	-0.9154
8b28f892-6bbf-4bed-a8f3-64f848c882f7	11	118686185	134272740	10690	0.0096
8b28f892-6bbf-4bed-a8f3-64f848c882f7	12	780472	61900030	32360	0.0109
8b28f892-6bbf-4bed-a8f3-64f848c882f7	12	61900634	61901088	2	-1.3803
8b28f892-6bbf-4bed-a8f3-64f848c882f7	12	61907216	81736586	12320	0.0076
8b28f892-6bbf-4bed-a8f3-64f848c882f7	12	81742584	81743680	2	-1.3837
8b28f892-6bbf-4bed-a8f3-64f848c882f7	12	81747358	132605822	29569	0.0088
8b28f892-6bbf-4bed-a8f3-64f848c882f7	13	18874255	114226675	56915	0.0089
8b28f892-6bbf-4bed-a8f3-64f848c882f7	14	20033191	29267469	4518	0.0082
8b28f892-6bbf-4bed-a8f3-64f848c882f7	14	29267632	29268439	2	-1.1909
8b28f892-6bbf-4bed-a8f3-64f848c882f7	14	29270415	90430231	36180	0.0097
8b28f892-6bbf-4bed-a8f3-64f848c882f7	14	90434639	90438789	4	-1.0244
8b28f892-6bbf-4bed-a8f3-64f848c882f7	14	90441837	105533894	9013	0.0072
8b28f892-6bbf-4bed-a8f3-64f848c882f7	15	23437561	101344124	44752	0.0109
8b28f892-6bbf-4bed-a8f3-64f848c882f7	16	603333	89317317	41179	0.0063
8b28f892-6bbf-4bed-a8f3-64f848c882f7	17	1074619	8969275	3897	0.0119
8b28f892-6bbf-4bed-a8f3-64f848c882f7	17	8969893	8970133	2	-1.3469
8b28f892-6bbf-4bed-a8f3-64f848c882f7	17	8970812	82959812	33356	0.0125
8b28f892-6bbf-4bed-a8f3-64f848c882f7	18	326691	79349796	42925	0.0107
8b28f892-6bbf-4bed-a8f3-64f848c882f7	19	283868	23702728	8916	0.0055
8b28f892-6bbf-4bed-a8f3-64f848c882f7	19	23707071	23736066	12	-0.3917
8b28f892-6bbf-4bed-a8f3-64f848c882f7	19	23736505	23866046	110	-0.9061
8b28f892-6bbf-4bed-a8f3-64f848c882f7	19	23866591	45244986	9688	0.0069
8b28f892-6bbf-4bed-a8f3-64f848c882f7	19	45245096	45245997	2	-1.5492
8b28f892-6bbf-4bed-a8f3-64f848c882f7	19	45253118	58370362	5397	0.0151
8b28f892-6bbf-4bed-a8f3-64f848c882f7	20	472817	63588502	37531	0.0113
8b28f892-6bbf-4bed-a8f3-64f848c882f7	21	13974127	46262057	20587	0.0075
8b28f892-6bbf-4bed-a8f3-64f848c882f7	22	16934932	48940621	17079	0.0112
8b28f892-6bbf-4bed-a8f3-64f848c882f7	X	3236359	102780670	39642	0.0112
8b28f892-6bbf-4bed-a8f3-64f848c882f7	X	102802726	102826222	9	-0.7432
8b28f892-6bbf-4bed-a8f3-64f848c882f7	X	102827671	114761553	5825	0.0098
8b28f892-6bbf-4bed-a8f3-64f848c882f7	X	114761787	114762069	2	-1.3561
8b28f892-6bbf-4bed-a8f3-64f848c882f7	X	114762466	155677414	18419	0.0098
