GDC_Aliquot	Chromosome	Start	End	Num_Probes	Segment_Mean
b2b8924a-2ad1-4463-9b5d-c6c5609318ef	1	62920	777165	23	-0.0463
b2b8924a-2ad1-4463-9b5d-c6c5609318ef	1	783283	2837841	509	-0.564
b2b8924a-2ad1-4463-9b5d-c6c5609318ef	1	2837860	5673953	2024	-0.7078
b2b8924a-2ad1-4463-9b5d-c6c5609318ef	1	5676622	25256850	11392	-0.6218
b2b8924a-2ad1-4463-9b5d-c6c5609318ef	1	25266637	25320253	23	0.108
b2b8924a-2ad1-4463-9b5d-c6c5609318ef	1	25320455	30239088	2345	-0.5988
b2b8924a-2ad1-4463-9b5d-c6c5609318ef	1	30239145	31032755	595	0.1668
b2b8924a-2ad1-4463-9b5d-c6c5609318ef	1	31033157	43842431	7240	0.1217
b2b8924a-2ad1-4463-9b5d-c6c5609318ef	1	43846798	43856528	2	-1.1572
b2b8924a-2ad1-4463-9b5d-c6c5609318ef	1	43859689	46467225	1280	0.112
b2b8924a-2ad1-4463-9b5d-c6c5609318ef	1	46468457	49120651	1746	0.165
b2b8924a-2ad1-4463-9b5d-c6c5609318ef	1	49122792	54974340	3067	0.1254
b2b8924a-2ad1-4463-9b5d-c6c5609318ef	1	54975367	72284670	12418	0.1722
b2b8924a-2ad1-4463-9b5d-c6c5609318ef	1	72290430	72297687	9	-0.5168
b2b8924a-2ad1-4463-9b5d-c6c5609318ef	1	72302735	72345465	48	0.8546
b2b8924a-2ad1-4463-9b5d-c6c5609318ef	1	72346221	74330842	1166	0.1529
b2b8924a-2ad1-4463-9b5d-c6c5609318ef	1	74333184	74333584	2	-0.9075
b2b8924a-2ad1-4463-9b5d-c6c5609318ef	1	74333893	79224944	3143	0.161
b2b8924a-2ad1-4463-9b5d-c6c5609318ef	1	79228331	86486123	4924	0.1944
b2b8924a-2ad1-4463-9b5d-c6c5609318ef	1	86486570	93997549	4637	0.1691
b2b8924a-2ad1-4463-9b5d-c6c5609318ef	1	93997889	97282168	2258	0.2032
b2b8924a-2ad1-4463-9b5d-c6c5609318ef	1	97282529	102353061	3234	0.1556
b2b8924a-2ad1-4463-9b5d-c6c5609318ef	1	102353130	103524378	612	0.2113
b2b8924a-2ad1-4463-9b5d-c6c5609318ef	1	103524623	105459540	955	0.157
b2b8924a-2ad1-4463-9b5d-c6c5609318ef	1	105470132	105479753	19	0.4993
b2b8924a-2ad1-4463-9b5d-c6c5609318ef	1	105481433	107258185	1187	0.1557
b2b8924a-2ad1-4463-9b5d-c6c5609318ef	1	107258705	108200892	755	0.2198
b2b8924a-2ad1-4463-9b5d-c6c5609318ef	1	108201269	109684893	691	0.1428
b2b8924a-2ad1-4463-9b5d-c6c5609318ef	1	109690352	109697556	13	-1.0842
b2b8924a-2ad1-4463-9b5d-c6c5609318ef	1	109702376	112147704	1950	0.1419
b2b8924a-2ad1-4463-9b5d-c6c5609318ef	1	112153343	112154768	25	-0.3504
b2b8924a-2ad1-4463-9b5d-c6c5609318ef	1	112163334	116871892	3047	0.1587
b2b8924a-2ad1-4463-9b5d-c6c5609318ef	1	116872158	119081540	1318	0.2071
b2b8924a-2ad1-4463-9b5d-c6c5609318ef	1	119082344	121705338	794	0.166
b2b8924a-2ad1-4463-9b5d-c6c5609318ef	1	143459641	152583051	2437	0.5755
b2b8924a-2ad1-4463-9b5d-c6c5609318ef	1	152583230	152614118	35	-1.0749
b2b8924a-2ad1-4463-9b5d-c6c5609318ef	1	152618018	152787202	167	0.5899
b2b8924a-2ad1-4463-9b5d-c6c5609318ef	1	152789447	152796224	37	-0.2038
b2b8924a-2ad1-4463-9b5d-c6c5609318ef	1	152801429	152934101	93	0.6448
b2b8924a-2ad1-4463-9b5d-c6c5609318ef	1	152940880	158896783	3519	0.5572
b2b8924a-2ad1-4463-9b5d-c6c5609318ef	1	158898711	158899969	2	1.8413
b2b8924a-2ad1-4463-9b5d-c6c5609318ef	1	158905028	161476341	1615	0.5679
b2b8924a-2ad1-4463-9b5d-c6c5609318ef	1	161476374	165599316	3287	0.6178
b2b8924a-2ad1-4463-9b5d-c6c5609318ef	1	165602732	168000216	1768	0.5655
b2b8924a-2ad1-4463-9b5d-c6c5609318ef	1	168001458	172998651	3539	0.6017
b2b8924a-2ad1-4463-9b5d-c6c5609318ef	1	173004505	173008634	2	1.8533
b2b8924a-2ad1-4463-9b5d-c6c5609318ef	1	173011334	174827128	967	0.5438
b2b8924a-2ad1-4463-9b5d-c6c5609318ef	1	174827267	174833014	24	0.7829
b2b8924a-2ad1-4463-9b5d-c6c5609318ef	1	174833313	175050229	103	0.5439
b2b8924a-2ad1-4463-9b5d-c6c5609318ef	1	175050488	175760597	594	0.6676
b2b8924a-2ad1-4463-9b5d-c6c5609318ef	1	175761247	178893800	1952	0.6152
b2b8924a-2ad1-4463-9b5d-c6c5609318ef	1	178897589	179108791	122	0.6938
b2b8924a-2ad1-4463-9b5d-c6c5609318ef	1	179108892	179251918	227	0.5302
b2b8924a-2ad1-4463-9b5d-c6c5609318ef	1	179253705	185024606	3939	0.6275
b2b8924a-2ad1-4463-9b5d-c6c5609318ef	1	185032426	196762956	7685	0.5983
b2b8924a-2ad1-4463-9b5d-c6c5609318ef	1	196769493	196846661	57	0.8913
b2b8924a-2ad1-4463-9b5d-c6c5609318ef	1	196847600	207794912	7012	0.5924
b2b8924a-2ad1-4463-9b5d-c6c5609318ef	1	207803321	209897717	1772	0.6385
b2b8924a-2ad1-4463-9b5d-c6c5609318ef	1	209908268	209910639	3	1.4527
b2b8924a-2ad1-4463-9b5d-c6c5609318ef	1	209913207	211747218	1275	0.635
b2b8924a-2ad1-4463-9b5d-c6c5609318ef	1	211750093	211750108	2	-0.6159
b2b8924a-2ad1-4463-9b5d-c6c5609318ef	1	211752252	213830375	1302	0.6108
b2b8924a-2ad1-4463-9b5d-c6c5609318ef	1	213833847	213838562	3	-0.4
b2b8924a-2ad1-4463-9b5d-c6c5609318ef	1	213840793	223675950	6879	0.638
b2b8924a-2ad1-4463-9b5d-c6c5609318ef	1	223679592	229675422	3576	0.5881
b2b8924a-2ad1-4463-9b5d-c6c5609318ef	1	229681109	229684449	3	-2.8434
b2b8924a-2ad1-4463-9b5d-c6c5609318ef	1	229684709	229685464	6	-0.0974
b2b8924a-2ad1-4463-9b5d-c6c5609318ef	1	229686006	229786621	87	0.5553
b2b8924a-2ad1-4463-9b5d-c6c5609318ef	1	229786849	229789777	2	-0.6261
b2b8924a-2ad1-4463-9b5d-c6c5609318ef	1	229791098	235109042	4137	0.6287
b2b8924a-2ad1-4463-9b5d-c6c5609318ef	1	235109835	240227405	3868	0.5893
b2b8924a-2ad1-4463-9b5d-c6c5609318ef	1	240227537	242753179	1983	0.6166
b2b8924a-2ad1-4463-9b5d-c6c5609318ef	1	242753210	244562517	1103	0.5428
b2b8924a-2ad1-4463-9b5d-c6c5609318ef	1	244566922	245473108	585	0.6087
b2b8924a-2ad1-4463-9b5d-c6c5609318ef	1	245473737	245483602	11	-1.0731
b2b8924a-2ad1-4463-9b5d-c6c5609318ef	1	245486349	246067427	477	0.6101
b2b8924a-2ad1-4463-9b5d-c6c5609318ef	1	246067578	246985022	595	0.669
b2b8924a-2ad1-4463-9b5d-c6c5609318ef	1	246985325	248930189	1113	0.5725
b2b8924a-2ad1-4463-9b5d-c6c5609318ef	2	12784	3844459	2739	-0.2053
b2b8924a-2ad1-4463-9b5d-c6c5609318ef	2	3844495	11189587	5827	-0.1544
b2b8924a-2ad1-4463-9b5d-c6c5609318ef	2	11192282	14861035	2647	-0.1131
b2b8924a-2ad1-4463-9b5d-c6c5609318ef	2	14861130	16634124	1311	-0.168
b2b8924a-2ad1-4463-9b5d-c6c5609318ef	2	16634416	22300579	4035	-0.1181
b2b8924a-2ad1-4463-9b5d-c6c5609318ef	2	22310368	30403581	4806	-0.1647
b2b8924a-2ad1-4463-9b5d-c6c5609318ef	2	30404558	30408827	5	-1.0897
b2b8924a-2ad1-4463-9b5d-c6c5609318ef	2	30414050	34466002	2665	-0.1423
b2b8924a-2ad1-4463-9b5d-c6c5609318ef	2	34474248	34511990	46	-0.7291
b2b8924a-2ad1-4463-9b5d-c6c5609318ef	2	34512096	38959008	3285	-0.1357
b2b8924a-2ad1-4463-9b5d-c6c5609318ef	2	38959713	41848389	2233	-0.0924
b2b8924a-2ad1-4463-9b5d-c6c5609318ef	2	41850428	52514599	7457	-0.1299
b2b8924a-2ad1-4463-9b5d-c6c5609318ef	2	52516787	52554404	41	-0.4783
b2b8924a-2ad1-4463-9b5d-c6c5609318ef	2	52560811	68641109	10573	-0.1205
b2b8924a-2ad1-4463-9b5d-c6c5609318ef	2	68642324	75654702	4305	-0.1544
b2b8924a-2ad1-4463-9b5d-c6c5609318ef	2	75655273	78830497	2040	-0.1126
b2b8924a-2ad1-4463-9b5d-c6c5609318ef	2	78832684	78999744	138	-0.231
b2b8924a-2ad1-4463-9b5d-c6c5609318ef	2	79000021	79000777	7	-1.0851
b2b8924a-2ad1-4463-9b5d-c6c5609318ef	2	79001131	79437900	363	-0.2405
b2b8924a-2ad1-4463-9b5d-c6c5609318ef	2	79439398	81969856	1738	-0.1232
b2b8924a-2ad1-4463-9b5d-c6c5609318ef	2	81976082	82087496	68	0.2267
b2b8924a-2ad1-4463-9b5d-c6c5609318ef	2	82090732	82835710	416	-0.1221
b2b8924a-2ad1-4463-9b5d-c6c5609318ef	2	82837047	82838736	3	-2.3892
b2b8924a-2ad1-4463-9b5d-c6c5609318ef	2	82841297	89972503	3092	-0.1425
b2b8924a-2ad1-4463-9b5d-c6c5609318ef	2	89981062	90228255	117	-0.7078
b2b8924a-2ad1-4463-9b5d-c6c5609318ef	2	90230139	100830166	2884	-0.1238
b2b8924a-2ad1-4463-9b5d-c6c5609318ef	2	100833395	103145883	1491	-0.181
b2b8924a-2ad1-4463-9b5d-c6c5609318ef	2	103147054	124257808	12721	-0.1408
b2b8924a-2ad1-4463-9b5d-c6c5609318ef	2	124258264	128802968	2751	-0.1714
b2b8924a-2ad1-4463-9b5d-c6c5609318ef	2	128803082	137224578	5007	-0.1257
b2b8924a-2ad1-4463-9b5d-c6c5609318ef	2	137226077	137226577	4	-1.9409
b2b8924a-2ad1-4463-9b5d-c6c5609318ef	2	137226691	138152573	583	-0.151
b2b8924a-2ad1-4463-9b5d-c6c5609318ef	2	138158665	140063566	1149	-0.0965
b2b8924a-2ad1-4463-9b5d-c6c5609318ef	2	140063611	140978841	573	-0.0572
b2b8924a-2ad1-4463-9b5d-c6c5609318ef	2	140979734	140979848	3	-0.9797
b2b8924a-2ad1-4463-9b5d-c6c5609318ef	2	140980420	143074406	1425	-0.0594
b2b8924a-2ad1-4463-9b5d-c6c5609318ef	2	143077060	144841410	977	-0.122
b2b8924a-2ad1-4463-9b5d-c6c5609318ef	2	144841627	144842467	2	-1.0265
b2b8924a-2ad1-4463-9b5d-c6c5609318ef	2	144842786	146107526	750	-0.1293
b2b8924a-2ad1-4463-9b5d-c6c5609318ef	2	146107615	146109366	17	0.4723
b2b8924a-2ad1-4463-9b5d-c6c5609318ef	2	146120238	153834664	4752	-0.1159
b2b8924a-2ad1-4463-9b5d-c6c5609318ef	2	153835171	157272270	1914	-0.0434
b2b8924a-2ad1-4463-9b5d-c6c5609318ef	2	157274259	178816244	13357	-0.104
b2b8924a-2ad1-4463-9b5d-c6c5609318ef	2	178816468	189732970	6464	-0.0823
b2b8924a-2ad1-4463-9b5d-c6c5609318ef	2	189733316	192499317	1720	-0.1087
b2b8924a-2ad1-4463-9b5d-c6c5609318ef	2	192501762	192541486	21	0.9166
b2b8924a-2ad1-4463-9b5d-c6c5609318ef	2	192543442	196948338	2348	-0.0828
b2b8924a-2ad1-4463-9b5d-c6c5609318ef	2	196950345	208269379	6778	-0.125
b2b8924a-2ad1-4463-9b5d-c6c5609318ef	2	208270615	210489303	1328	-0.0918
b2b8924a-2ad1-4463-9b5d-c6c5609318ef	2	210489351	212802809	1622	-0.0504
b2b8924a-2ad1-4463-9b5d-c6c5609318ef	2	212810625	218127017	3539	-0.0948
b2b8924a-2ad1-4463-9b5d-c6c5609318ef	2	218127711	220464623	1330	-0.1484
b2b8924a-2ad1-4463-9b5d-c6c5609318ef	2	220466586	227624468	4763	-0.0936
b2b8924a-2ad1-4463-9b5d-c6c5609318ef	2	227624494	231516587	2396	-0.1364
b2b8924a-2ad1-4463-9b5d-c6c5609318ef	2	231521930	235018867	2282	-0.1735
b2b8924a-2ad1-4463-9b5d-c6c5609318ef	2	235019797	236894941	1276	-0.1303
b2b8924a-2ad1-4463-9b5d-c6c5609318ef	2	236895235	236895291	2	-2.0196
b2b8924a-2ad1-4463-9b5d-c6c5609318ef	2	236895339	240671904	2457	-0.1654
b2b8924a-2ad1-4463-9b5d-c6c5609318ef	2	240686640	240705394	3	-1.1804
b2b8924a-2ad1-4463-9b5d-c6c5609318ef	2	240705517	242147305	601	-0.1759
b2b8924a-2ad1-4463-9b5d-c6c5609318ef	3	20930	807119	649	0.1537
b2b8924a-2ad1-4463-9b5d-c6c5609318ef	3	815775	817841	4	-0.8541
b2b8924a-2ad1-4463-9b5d-c6c5609318ef	3	819470	3345268	2319	0.1492
b2b8924a-2ad1-4463-9b5d-c6c5609318ef	3	3349453	9190678	5121	0.189
b2b8924a-2ad1-4463-9b5d-c6c5609318ef	3	9193079	24154705	9875	0.1472
b2b8924a-2ad1-4463-9b5d-c6c5609318ef	3	24155782	25040914	754	0.2229
b2b8924a-2ad1-4463-9b5d-c6c5609318ef	3	25041413	26384700	1135	0.1647
b2b8924a-2ad1-4463-9b5d-c6c5609318ef	3	26392633	26397852	5	-0.8964
b2b8924a-2ad1-4463-9b5d-c6c5609318ef	3	26404482	37935926	7731	0.1645
b2b8924a-2ad1-4463-9b5d-c6c5609318ef	3	37940617	37945437	18	-0.6284
b2b8924a-2ad1-4463-9b5d-c6c5609318ef	3	37945615	46961854	5661	0.1651
b2b8924a-2ad1-4463-9b5d-c6c5609318ef	3	46962687	52030494	1987	0.095
b2b8924a-2ad1-4463-9b5d-c6c5609318ef	3	52034720	62828853	8019	0.1821
b2b8924a-2ad1-4463-9b5d-c6c5609318ef	3	62829097	62829143	2	-1.0271
b2b8924a-2ad1-4463-9b5d-c6c5609318ef	3	62835914	68697013	4467	0.1824
b2b8924a-2ad1-4463-9b5d-c6c5609318ef	3	68697108	68698262	14	-1.2557
b2b8924a-2ad1-4463-9b5d-c6c5609318ef	3	68699607	75519398	4922	0.1735
b2b8924a-2ad1-4463-9b5d-c6c5609318ef	3	75523398	75528153	3	-1.5797
b2b8924a-2ad1-4463-9b5d-c6c5609318ef	3	75529707	99218119	10962	0.1812
b2b8924a-2ad1-4463-9b5d-c6c5609318ef	3	99218940	99233599	44	-0.1817
b2b8924a-2ad1-4463-9b5d-c6c5609318ef	3	99234917	102120762	1634	0.1623
b2b8924a-2ad1-4463-9b5d-c6c5609318ef	3	102124080	108019790	3647	0.2039
b2b8924a-2ad1-4463-9b5d-c6c5609318ef	3	108021931	116383898	5075	0.1557
b2b8924a-2ad1-4463-9b5d-c6c5609318ef	3	116383953	118303048	1456	0.1925
b2b8924a-2ad1-4463-9b5d-c6c5609318ef	3	118305363	123772005	3131	0.1474
b2b8924a-2ad1-4463-9b5d-c6c5609318ef	3	123778809	124396641	390	0.2312
b2b8924a-2ad1-4463-9b5d-c6c5609318ef	3	124397284	125184813	619	0.1575
b2b8924a-2ad1-4463-9b5d-c6c5609318ef	3	125185024	126990359	1047	0.1124
b2b8924a-2ad1-4463-9b5d-c6c5609318ef	3	126993915	128675662	1059	0.1587
b2b8924a-2ad1-4463-9b5d-c6c5609318ef	3	128676647	128692935	9	1.0989
b2b8924a-2ad1-4463-9b5d-c6c5609318ef	3	128693488	130067097	627	0.1456
b2b8924a-2ad1-4463-9b5d-c6c5609318ef	3	130067366	130087393	32	0.6483
b2b8924a-2ad1-4463-9b5d-c6c5609318ef	3	130088081	136300257	4021	0.1701
b2b8924a-2ad1-4463-9b5d-c6c5609318ef	3	136304109	136306584	2	-1.8991
b2b8924a-2ad1-4463-9b5d-c6c5609318ef	3	136319699	139596397	1684	0.1439
b2b8924a-2ad1-4463-9b5d-c6c5609318ef	3	139598377	140807194	1004	0.208
b2b8924a-2ad1-4463-9b5d-c6c5609318ef	3	140815467	144302108	2102	0.133
b2b8924a-2ad1-4463-9b5d-c6c5609318ef	3	144304725	162807070	11438	0.1805
b2b8924a-2ad1-4463-9b5d-c6c5609318ef	3	162810842	162822685	9	-1.0006
b2b8924a-2ad1-4463-9b5d-c6c5609318ef	3	162822702	162908207	49	-0.2482
b2b8924a-2ad1-4463-9b5d-c6c5609318ef	3	162908784	162996729	72	0.1678
b2b8924a-2ad1-4463-9b5d-c6c5609318ef	3	162999939	163001774	2	-2.3677
b2b8924a-2ad1-4463-9b5d-c6c5609318ef	3	163008371	179709691	10335	0.1751
b2b8924a-2ad1-4463-9b5d-c6c5609318ef	3	179709934	180731801	564	0.2413
b2b8924a-2ad1-4463-9b5d-c6c5609318ef	3	180731970	182681045	1032	0.1835
b2b8924a-2ad1-4463-9b5d-c6c5609318ef	3	182681826	183493066	482	0.1171
b2b8924a-2ad1-4463-9b5d-c6c5609318ef	3	183493184	183493203	2	-0.8474
b2b8924a-2ad1-4463-9b5d-c6c5609318ef	3	183493539	186880310	2069	0.1401
b2b8924a-2ad1-4463-9b5d-c6c5609318ef	3	186880385	189459491	1934	0.18
b2b8924a-2ad1-4463-9b5d-c6c5609318ef	3	189466682	190112485	522	-0.081
b2b8924a-2ad1-4463-9b5d-c6c5609318ef	3	190115101	193160256	2136	0.1622
b2b8924a-2ad1-4463-9b5d-c6c5609318ef	3	193160406	193165114	17	-1.0399
b2b8924a-2ad1-4463-9b5d-c6c5609318ef	3	193168646	195559056	1482	0.1757
b2b8924a-2ad1-4463-9b5d-c6c5609318ef	3	195656271	196625938	446	0.0821
b2b8924a-2ad1-4463-9b5d-c6c5609318ef	3	196628561	198169247	761	0.1758
b2b8924a-2ad1-4463-9b5d-c6c5609318ef	4	68929	5408465	2610	-0.1712
b2b8924a-2ad1-4463-9b5d-c6c5609318ef	4	5408596	5410364	6	-2.3359
b2b8924a-2ad1-4463-9b5d-c6c5609318ef	4	5411798	9444321	2531	-0.1768
b2b8924a-2ad1-4463-9b5d-c6c5609318ef	4	9445117	9477699	11	0.5464
b2b8924a-2ad1-4463-9b5d-c6c5609318ef	4	9484440	10208670	537	-0.144
b2b8924a-2ad1-4463-9b5d-c6c5609318ef	4	10208766	10233644	37	0.2377
b2b8924a-2ad1-4463-9b5d-c6c5609318ef	4	10234518	27622784	12539	-0.1374
b2b8924a-2ad1-4463-9b5d-c6c5609318ef	4	27622908	36758573	5722	-0.0887
b2b8924a-2ad1-4463-9b5d-c6c5609318ef	4	36759879	63345543	14950	-0.127
b2b8924a-2ad1-4463-9b5d-c6c5609318ef	4	63346743	63821843	280	-0.0752
b2b8924a-2ad1-4463-9b5d-c6c5609318ef	4	63821857	63842540	36	0.1886
b2b8924a-2ad1-4463-9b5d-c6c5609318ef	4	63850713	67341360	2236	-0.1034
b2b8924a-2ad1-4463-9b5d-c6c5609318ef	4	67341445	67341463	2	-1.0998
b2b8924a-2ad1-4463-9b5d-c6c5609318ef	4	67343286	68354665	610	-0.1082
b2b8924a-2ad1-4463-9b5d-c6c5609318ef	4	68361130	68418873	9	0.3922
b2b8924a-2ad1-4463-9b5d-c6c5609318ef	4	68422420	68422424	3	-1.3065
b2b8924a-2ad1-4463-9b5d-c6c5609318ef	4	68429081	68506285	12	-0.087
b2b8924a-2ad1-4463-9b5d-c6c5609318ef	4	68509223	68544506	13	0.5696
b2b8924a-2ad1-4463-9b5d-c6c5609318ef	4	68544524	68586603	31	0.1561
b2b8924a-2ad1-4463-9b5d-c6c5609318ef	4	68589571	68618391	19	0.4365
b2b8924a-2ad1-4463-9b5d-c6c5609318ef	4	68620122	69261934	319	-0.1016
b2b8924a-2ad1-4463-9b5d-c6c5609318ef	4	69262694	69608667	239	0.0039
b2b8924a-2ad1-4463-9b5d-c6c5609318ef	4	69609610	76530723	4184	-0.1099
b2b8924a-2ad1-4463-9b5d-c6c5609318ef	4	76530998	83548755	4403	-0.1435
b2b8924a-2ad1-4463-9b5d-c6c5609318ef	4	83549299	114252544	18507	-0.0937
b2b8924a-2ad1-4463-9b5d-c6c5609318ef	4	114254167	114261019	23	-1.242
b2b8924a-2ad1-4463-9b5d-c6c5609318ef	4	114263073	114587010	227	-0.1223
b2b8924a-2ad1-4463-9b5d-c6c5609318ef	4	114588837	114589298	2	-1.6448
b2b8924a-2ad1-4463-9b5d-c6c5609318ef	4	114593270	137171085	12987	-0.0955
b2b8924a-2ad1-4463-9b5d-c6c5609318ef	4	137171266	137172260	13	-1.0425
b2b8924a-2ad1-4463-9b5d-c6c5609318ef	4	137173804	148176718	6798	-0.1019
b2b8924a-2ad1-4463-9b5d-c6c5609318ef	4	148177785	148179782	4	-1.1382
b2b8924a-2ad1-4463-9b5d-c6c5609318ef	4	148181782	156384384	5043	-0.111
b2b8924a-2ad1-4463-9b5d-c6c5609318ef	4	156384464	158482013	1258	-0.0604
b2b8924a-2ad1-4463-9b5d-c6c5609318ef	4	158485211	161025607	1649	-0.0974
b2b8924a-2ad1-4463-9b5d-c6c5609318ef	4	161031076	161082114	43	0.4343
b2b8924a-2ad1-4463-9b5d-c6c5609318ef	4	161085672	164487659	2168	-0.1036
b2b8924a-2ad1-4463-9b5d-c6c5609318ef	4	164488130	165684444	830	-0.1649
b2b8924a-2ad1-4463-9b5d-c6c5609318ef	4	165684955	171447291	3558	-0.1009
b2b8924a-2ad1-4463-9b5d-c6c5609318ef	4	171447380	171456559	12	0.5546
b2b8924a-2ad1-4463-9b5d-c6c5609318ef	4	171456573	177236515	3417	-0.083
b2b8924a-2ad1-4463-9b5d-c6c5609318ef	4	177237848	182325543	3859	-0.1246
b2b8924a-2ad1-4463-9b5d-c6c5609318ef	4	182325958	182778524	354	-0.0729
b2b8924a-2ad1-4463-9b5d-c6c5609318ef	4	182786628	189267889	4484	-0.1507
b2b8924a-2ad1-4463-9b5d-c6c5609318ef	4	189273964	189278110	4	-1.9523
b2b8924a-2ad1-4463-9b5d-c6c5609318ef	4	189278617	190106768	350	-0.1924
b2b8924a-2ad1-4463-9b5d-c6c5609318ef	5	15532	660689	295	0.1323
b2b8924a-2ad1-4463-9b5d-c6c5609318ef	5	661708	761010	34	-0.1424
b2b8924a-2ad1-4463-9b5d-c6c5609318ef	5	772967	4138994	2691	0.1625
b2b8924a-2ad1-4463-9b5d-c6c5609318ef	5	4141149	7523127	2947	0.1203
b2b8924a-2ad1-4463-9b5d-c6c5609318ef	5	7523577	15719113	6183	0.1783
b2b8924a-2ad1-4463-9b5d-c6c5609318ef	5	15719241	15720488	10	-0.4795
b2b8924a-2ad1-4463-9b5d-c6c5609318ef	5	15723237	38728779	14416	0.1698
b2b8924a-2ad1-4463-9b5d-c6c5609318ef	5	38728990	41349696	1798	0.1229
b2b8924a-2ad1-4463-9b5d-c6c5609318ef	5	41349711	46251204	2245	0.1864
b2b8924a-2ad1-4463-9b5d-c6c5609318ef	5	46270906	46273400	8	-1.3883
b2b8924a-2ad1-4463-9b5d-c6c5609318ef	5	46278110	58025819	5068	0.1751
b2b8924a-2ad1-4463-9b5d-c6c5609318ef	5	58030200	58037706	32	1.7533
b2b8924a-2ad1-4463-9b5d-c6c5609318ef	5	58042530	58360482	256	0.2385
b2b8924a-2ad1-4463-9b5d-c6c5609318ef	5	58362167	102506051	25427	0.1791
b2b8924a-2ad1-4463-9b5d-c6c5609318ef	5	102506355	104515520	1122	0.231
b2b8924a-2ad1-4463-9b5d-c6c5609318ef	5	104524672	104524903	4	0.9017
b2b8924a-2ad1-4463-9b5d-c6c5609318ef	5	104525348	105093203	443	0.2183
b2b8924a-2ad1-4463-9b5d-c6c5609318ef	5	105097721	105167266	46	-0.6572
b2b8924a-2ad1-4463-9b5d-c6c5609318ef	5	105168236	108716278	2265	0.1966
b2b8924a-2ad1-4463-9b5d-c6c5609318ef	5	108717333	111680331	1818	0.1411
b2b8924a-2ad1-4463-9b5d-c6c5609318ef	5	111681268	121339743	6935	0.1858
b2b8924a-2ad1-4463-9b5d-c6c5609318ef	5	121346678	121370546	16	-0.8277
b2b8924a-2ad1-4463-9b5d-c6c5609318ef	5	121373928	121793804	303	0.1923
b2b8924a-2ad1-4463-9b5d-c6c5609318ef	5	121797242	121797263	2	-1.0797
b2b8924a-2ad1-4463-9b5d-c6c5609318ef	5	121799781	127121923	3471	0.1938
b2b8924a-2ad1-4463-9b5d-c6c5609318ef	5	127122434	127122625	2	-1.0902
b2b8924a-2ad1-4463-9b5d-c6c5609318ef	5	127127947	130385720	1939	0.2099
b2b8924a-2ad1-4463-9b5d-c6c5609318ef	5	130386164	135859514	3250	0.1625
b2b8924a-2ad1-4463-9b5d-c6c5609318ef	5	135867002	137483498	1173	0.1975
b2b8924a-2ad1-4463-9b5d-c6c5609318ef	5	137484886	137485287	3	-0.2542
b2b8924a-2ad1-4463-9b5d-c6c5609318ef	5	137488902	140844251	1525	0.1349
b2b8924a-2ad1-4463-9b5d-c6c5609318ef	5	140851936	140852254	9	-0.3742
b2b8924a-2ad1-4463-9b5d-c6c5609318ef	5	140861442	150825938	6563	0.1787
b2b8924a-2ad1-4463-9b5d-c6c5609318ef	5	150826533	150839042	7	-0.5571
b2b8924a-2ad1-4463-9b5d-c6c5609318ef	5	150843825	156016089	3590	0.1843
b2b8924a-2ad1-4463-9b5d-c6c5609318ef	5	156016482	160941531	3408	0.1377
b2b8924a-2ad1-4463-9b5d-c6c5609318ef	5	160947976	169703925	6040	0.1877
b2b8924a-2ad1-4463-9b5d-c6c5609318ef	5	169704076	173360612	2608	0.1534
b2b8924a-2ad1-4463-9b5d-c6c5609318ef	5	173361632	175410468	1700	0.1799
b2b8924a-2ad1-4463-9b5d-c6c5609318ef	5	175412540	175946505	349	0.1035
b2b8924a-2ad1-4463-9b5d-c6c5609318ef	5	175960543	175999690	8	0.7109
b2b8924a-2ad1-4463-9b5d-c6c5609318ef	5	176004572	180947523	2530	0.1172
b2b8924a-2ad1-4463-9b5d-c6c5609318ef	5	180951710	180972373	7	-2.4015
b2b8924a-2ad1-4463-9b5d-c6c5609318ef	5	180975764	180991103	12	-1.2949
b2b8924a-2ad1-4463-9b5d-c6c5609318ef	5	181006225	181363319	170	0.1229
b2b8924a-2ad1-4463-9b5d-c6c5609318ef	6	149661	1365876	1115	0.1218
b2b8924a-2ad1-4463-9b5d-c6c5609318ef	6	1366438	25916967	18621	0.1724
b2b8924a-2ad1-4463-9b5d-c6c5609318ef	6	25917465	29869295	1884	0.1332
b2b8924a-2ad1-4463-9b5d-c6c5609318ef	6	29869410	29906865	22	-0.3101
b2b8924a-2ad1-4463-9b5d-c6c5609318ef	6	29906932	31309909	657	0.1769
b2b8924a-2ad1-4463-9b5d-c6c5609318ef	6	31313046	31328176	9	-0.9223
b2b8924a-2ad1-4463-9b5d-c6c5609318ef	6	31328210	32481273	499	0.2048
b2b8924a-2ad1-4463-9b5d-c6c5609318ef	6	32485024	32605994	33	-0.2366
b2b8924a-2ad1-4463-9b5d-c6c5609318ef	6	32606237	32656527	26	0.1412
b2b8924a-2ad1-4463-9b5d-c6c5609318ef	6	32656814	32658160	4	-1.0434
b2b8924a-2ad1-4463-9b5d-c6c5609318ef	6	32658841	32934157	182	0.2131
b2b8924a-2ad1-4463-9b5d-c6c5609318ef	6	32936123	43651952	6765	0.1386
b2b8924a-2ad1-4463-9b5d-c6c5609318ef	6	43655118	50081173	4051	0.177
b2b8924a-2ad1-4463-9b5d-c6c5609318ef	6	50088378	50783596	402	-0.519
b2b8924a-2ad1-4463-9b5d-c6c5609318ef	6	50784122	53569720	1875	0.1781
b2b8924a-2ad1-4463-9b5d-c6c5609318ef	6	53571799	56464867	1968	0.2249
b2b8924a-2ad1-4463-9b5d-c6c5609318ef	6	56467858	62436201	1552	-0.4914
b2b8924a-2ad1-4463-9b5d-c6c5609318ef	6	62436700	62575461	62	0.2122
b2b8924a-2ad1-4463-9b5d-c6c5609318ef	6	62576066	63074629	252	-0.4541
b2b8924a-2ad1-4463-9b5d-c6c5609318ef	6	63080202	63242450	87	0.1828
b2b8924a-2ad1-4463-9b5d-c6c5609318ef	6	63246073	64021263	393	-0.5082
b2b8924a-2ad1-4463-9b5d-c6c5609318ef	6	64021831	67877352	2636	0.1778
b2b8924a-2ad1-4463-9b5d-c6c5609318ef	6	67885279	67890827	5	-0.8005
b2b8924a-2ad1-4463-9b5d-c6c5609318ef	6	67896865	68353071	305	0.1769
b2b8924a-2ad1-4463-9b5d-c6c5609318ef	6	68361223	68505751	90	-0.3998
b2b8924a-2ad1-4463-9b5d-c6c5609318ef	6	68513342	68722727	119	0.1952
b2b8924a-2ad1-4463-9b5d-c6c5609318ef	6	68723885	68756475	23	-0.4663
b2b8924a-2ad1-4463-9b5d-c6c5609318ef	6	68761052	68765430	5	-2.052
b2b8924a-2ad1-4463-9b5d-c6c5609318ef	6	68766038	68845459	68	-0.5611
b2b8924a-2ad1-4463-9b5d-c6c5609318ef	6	68849701	76884076	5129	-0.4918
b2b8924a-2ad1-4463-9b5d-c6c5609318ef	6	76885826	76885964	2	-4.5499
b2b8924a-2ad1-4463-9b5d-c6c5609318ef	6	76886658	78259348	852	-0.4822
b2b8924a-2ad1-4463-9b5d-c6c5609318ef	6	78259388	78332092	117	-0.2776
b2b8924a-2ad1-4463-9b5d-c6c5609318ef	6	78336049	87715218	5814	-0.4923
b2b8924a-2ad1-4463-9b5d-c6c5609318ef	6	87715320	90692117	1951	-0.5555
b2b8924a-2ad1-4463-9b5d-c6c5609318ef	6	90692315	103299735	7671	-0.4885
b2b8924a-2ad1-4463-9b5d-c6c5609318ef	6	103299855	103314186	31	-0.9628
b2b8924a-2ad1-4463-9b5d-c6c5609318ef	6	103317795	103982337	427	-0.4529
b2b8924a-2ad1-4463-9b5d-c6c5609318ef	6	103982991	103983242	3	-2.1039
b2b8924a-2ad1-4463-9b5d-c6c5609318ef	6	103984290	105744314	1061	-0.508
b2b8924a-2ad1-4463-9b5d-c6c5609318ef	6	105744674	112339204	4106	-0.559
b2b8924a-2ad1-4463-9b5d-c6c5609318ef	6	112339680	123294826	6443	-0.4836
b2b8924a-2ad1-4463-9b5d-c6c5609318ef	6	123296492	145137551	14160	-0.5175
b2b8924a-2ad1-4463-9b5d-c6c5609318ef	6	145140576	146426977	756	-0.4752
b2b8924a-2ad1-4463-9b5d-c6c5609318ef	6	146427741	146434568	4	-2.0156
b2b8924a-2ad1-4463-9b5d-c6c5609318ef	6	146435017	147958995	1022	-0.4984
b2b8924a-2ad1-4463-9b5d-c6c5609318ef	6	147960617	151145146	2292	-0.5665
b2b8924a-2ad1-4463-9b5d-c6c5609318ef	6	151145440	157085058	4291	-0.5134
b2b8924a-2ad1-4463-9b5d-c6c5609318ef	6	157085328	157716442	228	-0.6484
b2b8924a-2ad1-4463-9b5d-c6c5609318ef	6	157716624	158332637	436	-0.5277
b2b8924a-2ad1-4463-9b5d-c6c5609318ef	6	158332699	158921745	333	-0.6094
b2b8924a-2ad1-4463-9b5d-c6c5609318ef	6	158922331	159066735	71	-0.407
b2b8924a-2ad1-4463-9b5d-c6c5609318ef	6	159067358	159497662	354	-0.5807
b2b8924a-2ad1-4463-9b5d-c6c5609318ef	6	159504327	159506567	5	-1.5058
b2b8924a-2ad1-4463-9b5d-c6c5609318ef	6	159507292	163918875	3355	-0.5807
b2b8924a-2ad1-4463-9b5d-c6c5609318ef	6	163919206	166180403	1754	-0.5213
b2b8924a-2ad1-4463-9b5d-c6c5609318ef	6	166180964	170741917	2888	-0.6291
b2b8924a-2ad1-4463-9b5d-c6c5609318ef	7	43355	6791305	3412	0.1272
b2b8924a-2ad1-4463-9b5d-c6c5609318ef	7	6797375	6799093	3	-1.2374
b2b8924a-2ad1-4463-9b5d-c6c5609318ef	7	6814479	7137224	164	0.1292
b2b8924a-2ad1-4463-9b5d-c6c5609318ef	7	7137786	16360365	7571	0.1845
b2b8924a-2ad1-4463-9b5d-c6c5609318ef	7	16362489	17316723	756	0.2462
b2b8924a-2ad1-4463-9b5d-c6c5609318ef	7	17317086	20662530	2777	0.1756
b2b8924a-2ad1-4463-9b5d-c6c5609318ef	7	20662578	22802207	1661	0.1635
b2b8924a-2ad1-4463-9b5d-c6c5609318ef	7	22802700	23995508	760	0.1034
b2b8924a-2ad1-4463-9b5d-c6c5609318ef	7	24000259	24000764	2	1.1442
b2b8924a-2ad1-4463-9b5d-c6c5609318ef	7	24001198	25250436	1037	0.1231
b2b8924a-2ad1-4463-9b5d-c6c5609318ef	7	25250589	37904773	8932	0.1566
b2b8924a-2ad1-4463-9b5d-c6c5609318ef	7	37905183	38251092	253	0.1912
b2b8924a-2ad1-4463-9b5d-c6c5609318ef	7	38251113	38291903	56	0.3954
b2b8924a-2ad1-4463-9b5d-c6c5609318ef	7	38291916	39505239	925	0.1884
b2b8924a-2ad1-4463-9b5d-c6c5609318ef	7	39506174	39508799	3	-1.0467
b2b8924a-2ad1-4463-9b5d-c6c5609318ef	7	39510390	40438733	504	0.1525
b2b8924a-2ad1-4463-9b5d-c6c5609318ef	7	40439440	41875339	969	0.2112
b2b8924a-2ad1-4463-9b5d-c6c5609318ef	7	41875586	41875627	2	-0.6821
b2b8924a-2ad1-4463-9b5d-c6c5609318ef	7	41875978	42973016	768	0.2198
b2b8924a-2ad1-4463-9b5d-c6c5609318ef	7	42973687	55097125	8541	0.1732
b2b8924a-2ad1-4463-9b5d-c6c5609318ef	7	55097292	76713262	7660	0.1171
b2b8924a-2ad1-4463-9b5d-c6c5609318ef	7	76717457	80179395	2266	0.1728
b2b8924a-2ad1-4463-9b5d-c6c5609318ef	7	80180668	82390681	1539	0.2286
b2b8924a-2ad1-4463-9b5d-c6c5609318ef	7	82393206	93508679	7037	0.1774
b2b8924a-2ad1-4463-9b5d-c6c5609318ef	7	93508770	96089945	1598	0.2209
b2b8924a-2ad1-4463-9b5d-c6c5609318ef	7	96091538	96246836	94	0.1577
b2b8924a-2ad1-4463-9b5d-c6c5609318ef	7	96249794	97766159	954	0.1414
b2b8924a-2ad1-4463-9b5d-c6c5609318ef	7	97766194	97773163	10	-0.3217
b2b8924a-2ad1-4463-9b5d-c6c5609318ef	7	97774928	99049516	636	0.1462
b2b8924a-2ad1-4463-9b5d-c6c5609318ef	7	99050742	102986533	1547	0.096
b2b8924a-2ad1-4463-9b5d-c6c5609318ef	7	102991055	105750204	1743	0.148
b2b8924a-2ad1-4463-9b5d-c6c5609318ef	7	105751423	109793741	2671	0.1846
b2b8924a-2ad1-4463-9b5d-c6c5609318ef	7	109797035	109813801	34	-0.1831
b2b8924a-2ad1-4463-9b5d-c6c5609318ef	7	109813853	126037348	9764	0.1829
b2b8924a-2ad1-4463-9b5d-c6c5609318ef	7	126037560	134100424	4964	0.1556
b2b8924a-2ad1-4463-9b5d-c6c5609318ef	7	134100442	134110881	24	-1.567
b2b8924a-2ad1-4463-9b5d-c6c5609318ef	7	134110912	134114444	11	-0.4344
b2b8924a-2ad1-4463-9b5d-c6c5609318ef	7	134121491	142063324	5184	0.154
b2b8924a-2ad1-4463-9b5d-c6c5609318ef	7	142069843	142092307	34	-0.4659
b2b8924a-2ad1-4463-9b5d-c6c5609318ef	7	142099190	143125117	667	0.2257
b2b8924a-2ad1-4463-9b5d-c6c5609318ef	7	143130861	143194628	33	-0.6694
b2b8924a-2ad1-4463-9b5d-c6c5609318ef	7	143200677	144249785	503	0.1754
b2b8924a-2ad1-4463-9b5d-c6c5609318ef	7	144255220	144312471	9	-0.5148
b2b8924a-2ad1-4463-9b5d-c6c5609318ef	7	144326306	153450553	5550	0.1424
b2b8924a-2ad1-4463-9b5d-c6c5609318ef	7	153450560	153450627	2	-1.4642
b2b8924a-2ad1-4463-9b5d-c6c5609318ef	7	153450630	154598185	850	0.1397
b2b8924a-2ad1-4463-9b5d-c6c5609318ef	7	154601461	154607903	4	-1.4054
b2b8924a-2ad1-4463-9b5d-c6c5609318ef	7	154609120	159334314	3231	0.1488
b2b8924a-2ad1-4463-9b5d-c6c5609318ef	8	81254	643041	322	0.3227
b2b8924a-2ad1-4463-9b5d-c6c5609318ef	8	644944	645908	10	-0.5138
b2b8924a-2ad1-4463-9b5d-c6c5609318ef	8	656117	2844412	1706	0.3645
b2b8924a-2ad1-4463-9b5d-c6c5609318ef	8	2846011	2846377	7	1.1428
b2b8924a-2ad1-4463-9b5d-c6c5609318ef	8	2849649	3938388	1345	0.3621
b2b8924a-2ad1-4463-9b5d-c6c5609318ef	8	3938580	4311141	703	0.1416
b2b8924a-2ad1-4463-9b5d-c6c5609318ef	8	4311442	7155402	3616	0.3618
b2b8924a-2ad1-4463-9b5d-c6c5609318ef	8	7167045	7312952	8	-0.3272
b2b8924a-2ad1-4463-9b5d-c6c5609318ef	8	7329110	7357997	7	0.2326
b2b8924a-2ad1-4463-9b5d-c6c5609318ef	8	7358220	7397588	17	0.8246
b2b8924a-2ad1-4463-9b5d-c6c5609318ef	8	7414835	16339682	6770	0.4085
b2b8924a-2ad1-4463-9b5d-c6c5609318ef	8	16349445	16367491	18	-0.0767
b2b8924a-2ad1-4463-9b5d-c6c5609318ef	8	16371071	16402103	36	0.4775
b2b8924a-2ad1-4463-9b5d-c6c5609318ef	8	16404726	16417152	28	-0.4635
b2b8924a-2ad1-4463-9b5d-c6c5609318ef	8	16421186	19812902	3057	0.4397
b2b8924a-2ad1-4463-9b5d-c6c5609318ef	8	19813140	21418707	1404	0.3499
b2b8924a-2ad1-4463-9b5d-c6c5609318ef	8	21418996	25114672	2387	0.4173
b2b8924a-2ad1-4463-9b5d-c6c5609318ef	8	25116928	25126735	26	0.0218
b2b8924a-2ad1-4463-9b5d-c6c5609318ef	8	25126818	33427262	5805	0.4112
b2b8924a-2ad1-4463-9b5d-c6c5609318ef	8	33428619	33432731	5	-0.5037
b2b8924a-2ad1-4463-9b5d-c6c5609318ef	8	33434514	39372664	3198	0.4133
b2b8924a-2ad1-4463-9b5d-c6c5609318ef	8	39372806	39529446	61	-0.1036
b2b8924a-2ad1-4463-9b5d-c6c5609318ef	8	39530780	41122575	1193	0.448
b2b8924a-2ad1-4463-9b5d-c6c5609318ef	8	41123600	48250004	2272	0.3641
b2b8924a-2ad1-4463-9b5d-c6c5609318ef	8	48256555	55001896	4272	0.4057
b2b8924a-2ad1-4463-9b5d-c6c5609318ef	8	55002742	56133754	781	0.3475
b2b8924a-2ad1-4463-9b5d-c6c5609318ef	8	56137362	56180177	18	1.3377
b2b8924a-2ad1-4463-9b5d-c6c5609318ef	8	56181461	57204927	633	0.3825
b2b8924a-2ad1-4463-9b5d-c6c5609318ef	8	57205493	57217466	3	-0.7315
b2b8924a-2ad1-4463-9b5d-c6c5609318ef	8	57220239	69874655	7905	0.4177
b2b8924a-2ad1-4463-9b5d-c6c5609318ef	8	69880467	70919777	526	0.339
b2b8924a-2ad1-4463-9b5d-c6c5609318ef	8	70920028	74610322	2570	0.4008
b2b8924a-2ad1-4463-9b5d-c6c5609318ef	8	74611053	75735291	681	0.5006
b2b8924a-2ad1-4463-9b5d-c6c5609318ef	8	75738637	86533510	6108	0.4042
b2b8924a-2ad1-4463-9b5d-c6c5609318ef	8	86535045	86866526	228	0.474
b2b8924a-2ad1-4463-9b5d-c6c5609318ef	8	86869131	86869313	2	-0.651
b2b8924a-2ad1-4463-9b5d-c6c5609318ef	8	86871732	90639545	2234	0.4396
b2b8924a-2ad1-4463-9b5d-c6c5609318ef	8	90639786	111279265	12526	0.4103
b2b8924a-2ad1-4463-9b5d-c6c5609318ef	8	111282050	111283031	10	-0.8459
b2b8924a-2ad1-4463-9b5d-c6c5609318ef	8	111288052	114673425	1867	0.4072
b2b8924a-2ad1-4463-9b5d-c6c5609318ef	8	114674200	124104632	6401	0.433
b2b8924a-2ad1-4463-9b5d-c6c5609318ef	8	124113544	143227828	13990	0.4006
b2b8924a-2ad1-4463-9b5d-c6c5609318ef	8	143227843	143228447	5	-0.4134
b2b8924a-2ad1-4463-9b5d-c6c5609318ef	8	143232207	143616987	119	0.4117
b2b8924a-2ad1-4463-9b5d-c6c5609318ef	8	143622987	143625638	9	-0.4269
b2b8924a-2ad1-4463-9b5d-c6c5609318ef	8	143636819	145072769	503	0.3953
b2b8924a-2ad1-4463-9b5d-c6c5609318ef	9	46587	3020299	3226	-0.1367
b2b8924a-2ad1-4463-9b5d-c6c5609318ef	9	3024580	4974424	1839	-0.186
b2b8924a-2ad1-4463-9b5d-c6c5609318ef	9	4976029	7093689	1649	-0.1064
b2b8924a-2ad1-4463-9b5d-c6c5609318ef	9	7094396	8403657	1360	-0.1742
b2b8924a-2ad1-4463-9b5d-c6c5609318ef	9	8404598	12588950	3618	-0.117
b2b8924a-2ad1-4463-9b5d-c6c5609318ef	9	12588994	13298374	493	-0.0453
b2b8924a-2ad1-4463-9b5d-c6c5609318ef	9	13301957	33016763	15331	-0.1323
b2b8924a-2ad1-4463-9b5d-c6c5609318ef	9	33016863	37628768	2664	-0.1794
b2b8924a-2ad1-4463-9b5d-c6c5609318ef	9	37628806	40796987	957	-0.1454
b2b8924a-2ad1-4463-9b5d-c6c5609318ef	9	40832327	42574420	125	0.0456
b2b8924a-2ad1-4463-9b5d-c6c5609318ef	9	42585140	76663933	6328	-0.1378
b2b8924a-2ad1-4463-9b5d-c6c5609318ef	9	76667203	76668809	5	-0.9551
b2b8924a-2ad1-4463-9b5d-c6c5609318ef	9	76676403	80327936	2628	-0.1458
b2b8924a-2ad1-4463-9b5d-c6c5609318ef	9	80329097	81563835	951	-0.0841
b2b8924a-2ad1-4463-9b5d-c6c5609318ef	9	81564210	84173137	1700	-0.1309
b2b8924a-2ad1-4463-9b5d-c6c5609318ef	9	84173237	88314304	3062	-0.1646
b2b8924a-2ad1-4463-9b5d-c6c5609318ef	9	88320072	88321292	2	-1.8513
b2b8924a-2ad1-4463-9b5d-c6c5609318ef	9	88321310	95382774	4626	-0.1544
b2b8924a-2ad1-4463-9b5d-c6c5609318ef	9	95385522	95385538	2	-1.5928
b2b8924a-2ad1-4463-9b5d-c6c5609318ef	9	95386282	101761125	4237	-0.1743
b2b8924a-2ad1-4463-9b5d-c6c5609318ef	9	101761149	123939300	16648	-0.141
b2b8924a-2ad1-4463-9b5d-c6c5609318ef	9	123941402	138200944	7909	-0.2024
b2b8924a-2ad1-4463-9b5d-c6c5609318ef	10	45792	4190856	3507	-0.1739
b2b8924a-2ad1-4463-9b5d-c6c5609318ef	10	4190882	5853380	1417	-0.1229
b2b8924a-2ad1-4463-9b5d-c6c5609318ef	10	5856135	8394527	2275	-0.1783
b2b8924a-2ad1-4463-9b5d-c6c5609318ef	10	8394565	10467909	1664	-0.1021
b2b8924a-2ad1-4463-9b5d-c6c5609318ef	10	10468650	16758029	5159	-0.1775
b2b8924a-2ad1-4463-9b5d-c6c5609318ef	10	16758119	16761948	2	-1.7557
b2b8924a-2ad1-4463-9b5d-c6c5609318ef	10	16765235	18509274	1301	-0.1562
b2b8924a-2ad1-4463-9b5d-c6c5609318ef	10	18509615	22330358	2653	-0.1074
b2b8924a-2ad1-4463-9b5d-c6c5609318ef	10	22330375	46116171	13451	-0.1458
b2b8924a-2ad1-4463-9b5d-c6c5609318ef	10	46130381	46901552	235	0.2182
b2b8924a-2ad1-4463-9b5d-c6c5609318ef	10	46967412	47460004	285	-0.1547
b2b8924a-2ad1-4463-9b5d-c6c5609318ef	10	47559592	48114838	18	0.2423
b2b8924a-2ad1-4463-9b5d-c6c5609318ef	10	48125634	50676187	1744	-0.1813
b2b8924a-2ad1-4463-9b5d-c6c5609318ef	10	50676252	54236346	2767	-0.131
b2b8924a-2ad1-4463-9b5d-c6c5609318ef	10	54236368	57971910	2664	-0.1019
b2b8924a-2ad1-4463-9b5d-c6c5609318ef	10	57972592	57972633	2	-1.8316
b2b8924a-2ad1-4463-9b5d-c6c5609318ef	10	57972672	59015041	737	-0.1396
b2b8924a-2ad1-4463-9b5d-c6c5609318ef	10	59018276	61527764	1820	-0.0807
b2b8924a-2ad1-4463-9b5d-c6c5609318ef	10	61528566	61528621	2	-1.5428
b2b8924a-2ad1-4463-9b5d-c6c5609318ef	10	61528740	62628008	739	-0.0947
b2b8924a-2ad1-4463-9b5d-c6c5609318ef	10	62630216	68121375	3611	-0.1318
b2b8924a-2ad1-4463-9b5d-c6c5609318ef	10	68124055	76191700	4867	-0.1682
b2b8924a-2ad1-4463-9b5d-c6c5609318ef	10	76192903	96266975	13665	-0.1239
b2b8924a-2ad1-4463-9b5d-c6c5609318ef	10	96267770	104324757	4670	-0.1673
b2b8924a-2ad1-4463-9b5d-c6c5609318ef	10	104325777	104677622	242	-0.0923
b2b8924a-2ad1-4463-9b5d-c6c5609318ef	10	104677777	105921108	930	-0.1565
b2b8924a-2ad1-4463-9b5d-c6c5609318ef	10	105921689	107104946	909	-0.1089
b2b8924a-2ad1-4463-9b5d-c6c5609318ef	10	107104975	107703992	491	-0.0532
b2b8924a-2ad1-4463-9b5d-c6c5609318ef	10	107705938	115378213	5304	-0.1347
b2b8924a-2ad1-4463-9b5d-c6c5609318ef	10	115381748	115973458	421	-0.0362
b2b8924a-2ad1-4463-9b5d-c6c5609318ef	10	115973902	117225974	878	-0.1338
b2b8924a-2ad1-4463-9b5d-c6c5609318ef	10	117226885	117227202	3	0.9296
b2b8924a-2ad1-4463-9b5d-c6c5609318ef	10	117229218	123968548	5257	-0.1488
b2b8924a-2ad1-4463-9b5d-c6c5609318ef	10	123968570	130364448	4738	-0.1752
b2b8924a-2ad1-4463-9b5d-c6c5609318ef	10	130364842	130996702	602	-0.2668
b2b8924a-2ad1-4463-9b5d-c6c5609318ef	10	130997286	133537633	1422	-0.1886
b2b8924a-2ad1-4463-9b5d-c6c5609318ef	10	133537670	133562190	26	0.148
b2b8924a-2ad1-4463-9b5d-c6c5609318ef	10	133563765	133654968	37	-0.177
b2b8924a-2ad1-4463-9b5d-c6c5609318ef	11	198510	4949137	2421	-0.1716
b2b8924a-2ad1-4463-9b5d-c6c5609318ef	11	4950775	4955042	23	-1.4376
b2b8924a-2ad1-4463-9b5d-c6c5609318ef	11	4955781	5772353	792	-0.1659
b2b8924a-2ad1-4463-9b5d-c6c5609318ef	11	5773015	5787909	22	-0.9084
b2b8924a-2ad1-4463-9b5d-c6c5609318ef	11	5788108	9568842	2627	-0.1654
b2b8924a-2ad1-4463-9b5d-c6c5609318ef	11	9570905	12540388	2515	-0.1393
b2b8924a-2ad1-4463-9b5d-c6c5609318ef	11	12540587	13856164	998	-0.0971
b2b8924a-2ad1-4463-9b5d-c6c5609318ef	11	13856966	17453896	2279	-0.1572
b2b8924a-2ad1-4463-9b5d-c6c5609318ef	11	17454913	17454969	2	-1.422
b2b8924a-2ad1-4463-9b5d-c6c5609318ef	11	17455035	18913287	969	-0.1529
b2b8924a-2ad1-4463-9b5d-c6c5609318ef	11	18914707	18937343	39	-0.4341
b2b8924a-2ad1-4463-9b5d-c6c5609318ef	11	18938477	36758924	13162	-0.1294
b2b8924a-2ad1-4463-9b5d-c6c5609318ef	11	36759611	36760584	3	-1.4783
b2b8924a-2ad1-4463-9b5d-c6c5609318ef	11	36762152	39739744	1812	-0.094
b2b8924a-2ad1-4463-9b5d-c6c5609318ef	11	39741081	39784020	47	0.1664
b2b8924a-2ad1-4463-9b5d-c6c5609318ef	11	39784153	42498052	1954	-0.1069
b2b8924a-2ad1-4463-9b5d-c6c5609318ef	11	42498134	48106637	3351	-0.1849
b2b8924a-2ad1-4463-9b5d-c6c5609318ef	11	48106717	55591984	1401	-0.1399
b2b8924a-2ad1-4463-9b5d-c6c5609318ef	11	55592042	55676735	56	0.0703
b2b8924a-2ad1-4463-9b5d-c6c5609318ef	11	55677392	61098488	3333	-0.1457
b2b8924a-2ad1-4463-9b5d-c6c5609318ef	11	61103360	79464128	9324	-0.1738
b2b8924a-2ad1-4463-9b5d-c6c5609318ef	11	79466621	80256460	589	-0.1147
b2b8924a-2ad1-4463-9b5d-c6c5609318ef	11	80256469	80256520	3	0.8481
b2b8924a-2ad1-4463-9b5d-c6c5609318ef	11	80256642	91903125	7881	-0.1091
b2b8924a-2ad1-4463-9b5d-c6c5609318ef	11	91904209	96706720	3493	-0.1613
b2b8924a-2ad1-4463-9b5d-c6c5609318ef	11	96706830	100815735	3044	-0.1153
b2b8924a-2ad1-4463-9b5d-c6c5609318ef	11	100816494	101723653	851	-0.0482
b2b8924a-2ad1-4463-9b5d-c6c5609318ef	11	101727129	101727233	4	1.0691
b2b8924a-2ad1-4463-9b5d-c6c5609318ef	11	101727481	109760340	5238	-0.1052
b2b8924a-2ad1-4463-9b5d-c6c5609318ef	11	109762666	122054307	8584	-0.1559
b2b8924a-2ad1-4463-9b5d-c6c5609318ef	11	122057711	123735229	1259	-0.2093
b2b8924a-2ad1-4463-9b5d-c6c5609318ef	11	123735260	126108968	1681	-0.1418
b2b8924a-2ad1-4463-9b5d-c6c5609318ef	11	126109862	128885809	2318	-0.1775
b2b8924a-2ad1-4463-9b5d-c6c5609318ef	11	128888174	131107512	1434	-0.1177
b2b8924a-2ad1-4463-9b5d-c6c5609318ef	11	131107800	131108311	3	-1.495
b2b8924a-2ad1-4463-9b5d-c6c5609318ef	11	131108389	133016419	1619	-0.1612
b2b8924a-2ad1-4463-9b5d-c6c5609318ef	11	133016478	135074876	1550	-0.2375
b2b8924a-2ad1-4463-9b5d-c6c5609318ef	12	51460	1273860	719	0.1489
b2b8924a-2ad1-4463-9b5d-c6c5609318ef	12	1274258	1481462	122	0.2949
b2b8924a-2ad1-4463-9b5d-c6c5609318ef	12	1481511	4573252	2300	0.1415
b2b8924a-2ad1-4463-9b5d-c6c5609318ef	12	4573375	4573376	2	-0.9246
b2b8924a-2ad1-4463-9b5d-c6c5609318ef	12	4573736	8170242	2383	0.1439
b2b8924a-2ad1-4463-9b5d-c6c5609318ef	12	8172491	8341033	46	0.365
b2b8924a-2ad1-4463-9b5d-c6c5609318ef	12	8342360	9477960	597	0.11
b2b8924a-2ad1-4463-9b5d-c6c5609318ef	12	9481274	9575696	24	0.959
b2b8924a-2ad1-4463-9b5d-c6c5609318ef	12	9582373	11083616	1042	0.1314
b2b8924a-2ad1-4463-9b5d-c6c5609318ef	12	11084237	11088933	3	-1.4429
b2b8924a-2ad1-4463-9b5d-c6c5609318ef	12	11099275	11358644	133	0.1205
b2b8924a-2ad1-4463-9b5d-c6c5609318ef	12	11359558	11373355	19	0.5653
b2b8924a-2ad1-4463-9b5d-c6c5609318ef	12	11383179	12886788	1199	0.1432
b2b8924a-2ad1-4463-9b5d-c6c5609318ef	12	12888010	18773098	3880	0.1926
b2b8924a-2ad1-4463-9b5d-c6c5609318ef	12	18782255	18782560	2	-1.1683
b2b8924a-2ad1-4463-9b5d-c6c5609318ef	12	18782999	30082488	8010	0.1823
b2b8924a-2ad1-4463-9b5d-c6c5609318ef	12	30086334	30091052	28	-0.3091
b2b8924a-2ad1-4463-9b5d-c6c5609318ef	12	30091101	31040465	838	0.1957
b2b8924a-2ad1-4463-9b5d-c6c5609318ef	12	31042338	33141726	1410	0.1373
b2b8924a-2ad1-4463-9b5d-c6c5609318ef	12	33148472	33154440	27	-0.3624
b2b8924a-2ad1-4463-9b5d-c6c5609318ef	12	33155426	33388112	164	0.1762
b2b8924a-2ad1-4463-9b5d-c6c5609318ef	12	33388447	39276182	1430	0.1031
b2b8924a-2ad1-4463-9b5d-c6c5609318ef	12	39277248	48305493	5683	0.1606
b2b8924a-2ad1-4463-9b5d-c6c5609318ef	12	48305523	52141950	1898	0.11
b2b8924a-2ad1-4463-9b5d-c6c5609318ef	12	52141974	52759046	594	0.2095
b2b8924a-2ad1-4463-9b5d-c6c5609318ef	12	52759496	55780815	1733	0.1435
b2b8924a-2ad1-4463-9b5d-c6c5609318ef	12	55786863	57751674	904	0.1097
b2b8924a-2ad1-4463-9b5d-c6c5609318ef	12	57751928	73281444	10139	0.1602
b2b8924a-2ad1-4463-9b5d-c6c5609318ef	12	73281777	83769408	6619	0.1949
b2b8924a-2ad1-4463-9b5d-c6c5609318ef	12	83769511	83771462	3	-1.2899
b2b8924a-2ad1-4463-9b5d-c6c5609318ef	12	83771500	88261323	2528	0.186
b2b8924a-2ad1-4463-9b5d-c6c5609318ef	12	88263803	88778935	309	0.2722
b2b8924a-2ad1-4463-9b5d-c6c5609318ef	12	88784356	90089573	779	0.1708
b2b8924a-2ad1-4463-9b5d-c6c5609318ef	12	90097892	90098297	7	-1.2991
b2b8924a-2ad1-4463-9b5d-c6c5609318ef	12	90099780	103544904	9029	0.1781
b2b8924a-2ad1-4463-9b5d-c6c5609318ef	12	103545049	105611260	1527	0.1359
b2b8924a-2ad1-4463-9b5d-c6c5609318ef	12	105613522	106195984	517	0.2065
b2b8924a-2ad1-4463-9b5d-c6c5609318ef	12	106197529	114050975	4833	0.126
b2b8924a-2ad1-4463-9b5d-c6c5609318ef	12	114053757	117169628	2469	0.175
b2b8924a-2ad1-4463-9b5d-c6c5609318ef	12	117170715	124152474	3937	0.1232
b2b8924a-2ad1-4463-9b5d-c6c5609318ef	12	124152552	125865611	1200	0.1808
b2b8924a-2ad1-4463-9b5d-c6c5609318ef	12	125866742	126823105	866	0.1298
b2b8924a-2ad1-4463-9b5d-c6c5609318ef	12	126823969	126830459	9	-0.71
b2b8924a-2ad1-4463-9b5d-c6c5609318ef	12	126832742	127151964	329	0.106
b2b8924a-2ad1-4463-9b5d-c6c5609318ef	12	127153029	128333760	1016	0.181
b2b8924a-2ad1-4463-9b5d-c6c5609318ef	12	128334179	128336832	6	-0.4257
b2b8924a-2ad1-4463-9b5d-c6c5609318ef	12	128336909	129815208	1374	0.1152
b2b8924a-2ad1-4463-9b5d-c6c5609318ef	12	129819736	129820102	2	1.5093
b2b8924a-2ad1-4463-9b5d-c6c5609318ef	12	129820194	133201603	2053	0.1193
b2b8924a-2ad1-4463-9b5d-c6c5609318ef	13	18452809	27945217	6492	-0.5669
b2b8924a-2ad1-4463-9b5d-c6c5609318ef	13	27945240	27945279	2	-3.8787
b2b8924a-2ad1-4463-9b5d-c6c5609318ef	13	27945292	28041564	64	-0.6829
b2b8924a-2ad1-4463-9b5d-c6c5609318ef	13	28044023	28293539	215	-0.494
b2b8924a-2ad1-4463-9b5d-c6c5609318ef	13	28298786	30921698	1971	-0.5877
b2b8924a-2ad1-4463-9b5d-c6c5609318ef	13	30924582	32976888	1510	-0.5165
b2b8924a-2ad1-4463-9b5d-c6c5609318ef	13	32977061	32978544	2	-2.8865
b2b8924a-2ad1-4463-9b5d-c6c5609318ef	13	32978703	53490846	13622	-0.5295
b2b8924a-2ad1-4463-9b5d-c6c5609318ef	13	53492179	90880514	23281	-0.4714
b2b8924a-2ad1-4463-9b5d-c6c5609318ef	13	90880614	110159175	14201	-0.5416
b2b8924a-2ad1-4463-9b5d-c6c5609318ef	13	110159231	114342922	2520	-0.6367
b2b8924a-2ad1-4463-9b5d-c6c5609318ef	14	18239283	19019303	30	-0.8985
b2b8924a-2ad1-4463-9b5d-c6c5609318ef	14	19049265	19955213	137	-0.0475
b2b8924a-2ad1-4463-9b5d-c6c5609318ef	14	19956767	20184156	151	-0.4778
b2b8924a-2ad1-4463-9b5d-c6c5609318ef	14	20186803	21883488	1143	-0.5799
b2b8924a-2ad1-4463-9b5d-c6c5609318ef	14	21885921	22541501	591	-0.4194
b2b8924a-2ad1-4463-9b5d-c6c5609318ef	14	22541919	25722750	2008	-0.5644
b2b8924a-2ad1-4463-9b5d-c6c5609318ef	14	25726406	29394259	2175	-0.4633
b2b8924a-2ad1-4463-9b5d-c6c5609318ef	14	29398217	36627628	4640	-0.5139
b2b8924a-2ad1-4463-9b5d-c6c5609318ef	14	36627750	36628987	2	-2.3728
b2b8924a-2ad1-4463-9b5d-c6c5609318ef	14	36629020	40139724	2110	-0.4948
b2b8924a-2ad1-4463-9b5d-c6c5609318ef	14	40144718	40147715	2	-2.0907
b2b8924a-2ad1-4463-9b5d-c6c5609318ef	14	40148961	40544090	284	-0.4972
b2b8924a-2ad1-4463-9b5d-c6c5609318ef	14	40547188	49935059	5520	-0.464
b2b8924a-2ad1-4463-9b5d-c6c5609318ef	14	49935874	57984432	5587	-0.5484
b2b8924a-2ad1-4463-9b5d-c6c5609318ef	14	57985488	57989040	2	-2.3567
b2b8924a-2ad1-4463-9b5d-c6c5609318ef	14	57989248	59871628	1154	-0.5641
b2b8924a-2ad1-4463-9b5d-c6c5609318ef	14	59879314	61097134	597	-0.4549
b2b8924a-2ad1-4463-9b5d-c6c5609318ef	14	61100167	65387519	2935	-0.5364
b2b8924a-2ad1-4463-9b5d-c6c5609318ef	14	65387705	67388610	992	-0.4815
b2b8924a-2ad1-4463-9b5d-c6c5609318ef	14	67389143	76677026	5930	-0.5764
b2b8924a-2ad1-4463-9b5d-c6c5609318ef	14	76677039	76678156	4	-2.5419
b2b8924a-2ad1-4463-9b5d-c6c5609318ef	14	76678871	81823593	3525	-0.5477
b2b8924a-2ad1-4463-9b5d-c6c5609318ef	14	81824078	85818410	2705	-0.5018
b2b8924a-2ad1-4463-9b5d-c6c5609318ef	14	85819968	85845829	15	-4.41
b2b8924a-2ad1-4463-9b5d-c6c5609318ef	14	85849791	88061645	1443	-0.5096
b2b8924a-2ad1-4463-9b5d-c6c5609318ef	14	88062720	105650524	10990	-0.5985
b2b8924a-2ad1-4463-9b5d-c6c5609318ef	14	105653302	106321086	217	-0.4277
b2b8924a-2ad1-4463-9b5d-c6c5609318ef	14	106340102	106346129	7	-1.4813
b2b8924a-2ad1-4463-9b5d-c6c5609318ef	14	106360014	106425447	33	-0.4515
b2b8924a-2ad1-4463-9b5d-c6c5609318ef	14	106426436	106462724	47	-0.246
b2b8924a-2ad1-4463-9b5d-c6c5609318ef	14	106475361	106719325	122	-0.4915
b2b8924a-2ad1-4463-9b5d-c6c5609318ef	14	106769689	106770361	4	-1.4142
b2b8924a-2ad1-4463-9b5d-c6c5609318ef	14	106775945	106877229	68	-0.4646
b2b8924a-2ad1-4463-9b5d-c6c5609318ef	15	19811075	20001686	45	0.3396
b2b8924a-2ad1-4463-9b5d-c6c5609318ef	15	20011702	20670989	106	0.178
b2b8924a-2ad1-4463-9b5d-c6c5609318ef	15	20981071	20988347	5	-0.6458
b2b8924a-2ad1-4463-9b5d-c6c5609318ef	15	21005443	22584747	59	0.2251
b2b8924a-2ad1-4463-9b5d-c6c5609318ef	15	22590285	30253290	4626	0.3742
b2b8924a-2ad1-4463-9b5d-c6c5609318ef	15	30253522	30269364	3	-0.728
b2b8924a-2ad1-4463-9b5d-c6c5609318ef	15	30281107	30313650	9	0.6231
b2b8924a-2ad1-4463-9b5d-c6c5609318ef	15	30314058	32217691	1059	0.3965
b2b8924a-2ad1-4463-9b5d-c6c5609318ef	15	32217891	32219773	6	-0.358
b2b8924a-2ad1-4463-9b5d-c6c5609318ef	15	32220019	35145652	2011	0.3764
b2b8924a-2ad1-4463-9b5d-c6c5609318ef	15	35145955	40008242	3487	0.4186
b2b8924a-2ad1-4463-9b5d-c6c5609318ef	15	40008490	40556152	282	0.3748
b2b8924a-2ad1-4463-9b5d-c6c5609318ef	15	40557499	40557629	2	1.2462
b2b8924a-2ad1-4463-9b5d-c6c5609318ef	15	40559556	44815397	1960	0.3552
b2b8924a-2ad1-4463-9b5d-c6c5609318ef	15	44819181	48870849	2598	0.4262
b2b8924a-2ad1-4463-9b5d-c6c5609318ef	15	48870987	56968257	5093	0.3889
b2b8924a-2ad1-4463-9b5d-c6c5609318ef	15	56968666	63699289	5149	0.4162
b2b8924a-2ad1-4463-9b5d-c6c5609318ef	15	63699368	64176696	285	0.3615
b2b8924a-2ad1-4463-9b5d-c6c5609318ef	15	64177241	65956551	774	0.3095
b2b8924a-2ad1-4463-9b5d-c6c5609318ef	15	65958187	72303547	4196	0.3964
b2b8924a-2ad1-4463-9b5d-c6c5609318ef	15	72306273	73418519	580	0.3306
b2b8924a-2ad1-4463-9b5d-c6c5609318ef	15	73421736	73422384	2	1.2216
b2b8924a-2ad1-4463-9b5d-c6c5609318ef	15	73425604	75871992	1164	0.3355
b2b8924a-2ad1-4463-9b5d-c6c5609318ef	15	75873590	87645905	7396	0.3868
b2b8924a-2ad1-4463-9b5d-c6c5609318ef	15	87650495	87652408	2	-1.8801
b2b8924a-2ad1-4463-9b5d-c6c5609318ef	15	87653519	91037055	2161	0.3835
b2b8924a-2ad1-4463-9b5d-c6c5609318ef	15	91037363	93642677	2303	0.4264
b2b8924a-2ad1-4463-9b5d-c6c5609318ef	15	93643852	101928837	6144	0.3842
b2b8924a-2ad1-4463-9b5d-c6c5609318ef	16	10777	12555002	9404	-0.1926
b2b8924a-2ad1-4463-9b5d-c6c5609318ef	16	12555121	12555138	2	1.6629
b2b8924a-2ad1-4463-9b5d-c6c5609318ef	16	12556390	13811651	1163	-0.1825
b2b8924a-2ad1-4463-9b5d-c6c5609318ef	16	13812595	14960331	556	-0.1103
b2b8924a-2ad1-4463-9b5d-c6c5609318ef	16	14960447	14965891	7	0.4292
b2b8924a-2ad1-4463-9b5d-c6c5609318ef	16	14966829	15716252	243	-0.1308
b2b8924a-2ad1-4463-9b5d-c6c5609318ef	16	15716363	15717205	3	-1.0856
b2b8924a-2ad1-4463-9b5d-c6c5609318ef	16	15717805	16905017	504	-0.1271
b2b8924a-2ad1-4463-9b5d-c6c5609318ef	16	16907245	19933041	1570	-0.1789
b2b8924a-2ad1-4463-9b5d-c6c5609318ef	16	19934328	19956040	29	-0.534
b2b8924a-2ad1-4463-9b5d-c6c5609318ef	16	19958932	22829534	1459	-0.169
b2b8924a-2ad1-4463-9b5d-c6c5609318ef	16	22829674	28857374	3960	-0.2184
b2b8924a-2ad1-4463-9b5d-c6c5609318ef	16	28860645	35232200	1249	-0.1759
b2b8924a-2ad1-4463-9b5d-c6c5609318ef	16	35236333	35522700	167	0.3711
b2b8924a-2ad1-4463-9b5d-c6c5609318ef	16	35526596	55762682	6586	-0.1395
b2b8924a-2ad1-4463-9b5d-c6c5609318ef	16	55764310	55764867	3	1.9376
b2b8924a-2ad1-4463-9b5d-c6c5609318ef	16	55770436	77427248	13289	-0.1468
b2b8924a-2ad1-4463-9b5d-c6c5609318ef	16	77427455	77427688	2	-3.1519
b2b8924a-2ad1-4463-9b5d-c6c5609318ef	16	77428378	84768566	8028	-0.162
b2b8924a-2ad1-4463-9b5d-c6c5609318ef	16	84769085	88810716	2986	-0.2024
b2b8924a-2ad1-4463-9b5d-c6c5609318ef	16	88814557	90096867	572	-0.1716
b2b8924a-2ad1-4463-9b5d-c6c5609318ef	17	150733	18452078	11377	-0.193
b2b8924a-2ad1-4463-9b5d-c6c5609318ef	17	18455632	18561907	26	0.2864
b2b8924a-2ad1-4463-9b5d-c6c5609318ef	17	18565883	20795034	886	-0.1718
b2b8924a-2ad1-4463-9b5d-c6c5609318ef	17	20805271	83091923	32707	0.369
b2b8924a-2ad1-4463-9b5d-c6c5609318ef	18	48133	6622112	4691	-0.1522
b2b8924a-2ad1-4463-9b5d-c6c5609318ef	18	6625578	6626373	2	-1.499
b2b8924a-2ad1-4463-9b5d-c6c5609318ef	18	6626396	10858912	3299	-0.1525
b2b8924a-2ad1-4463-9b5d-c6c5609318ef	18	10861286	11485482	439	-0.0717
b2b8924a-2ad1-4463-9b5d-c6c5609318ef	18	11486229	23849512	3438	-0.1541
b2b8924a-2ad1-4463-9b5d-c6c5609318ef	18	23852170	32216443	5448	-0.1183
b2b8924a-2ad1-4463-9b5d-c6c5609318ef	18	32217958	34661933	1493	-0.0698
b2b8924a-2ad1-4463-9b5d-c6c5609318ef	18	34662777	45504377	7127	-0.1219
b2b8924a-2ad1-4463-9b5d-c6c5609318ef	18	45507141	52654750	5047	-0.1528
b2b8924a-2ad1-4463-9b5d-c6c5609318ef	18	52654822	71675679	13311	-0.1201
b2b8924a-2ad1-4463-9b5d-c6c5609318ef	18	71676340	78900693	5642	-0.1618
b2b8924a-2ad1-4463-9b5d-c6c5609318ef	18	78902714	78904863	5	-1.7807
b2b8924a-2ad1-4463-9b5d-c6c5609318ef	18	78906449	80257174	702	-0.1884
b2b8924a-2ad1-4463-9b5d-c6c5609318ef	19	90910	19810198	8541	0.0803
b2b8924a-2ad1-4463-9b5d-c6c5609318ef	19	19813427	20647228	509	0.1893
b2b8924a-2ad1-4463-9b5d-c6c5609318ef	19	20648907	27884549	2259	0.1202
b2b8924a-2ad1-4463-9b5d-c6c5609318ef	19	27884820	29299925	1158	0.1678
b2b8924a-2ad1-4463-9b5d-c6c5609318ef	19	29300107	43193181	8102	0.0974
b2b8924a-2ad1-4463-9b5d-c6c5609318ef	19	43198881	43252085	22	-0.6278
b2b8924a-2ad1-4463-9b5d-c6c5609318ef	19	43262507	50600126	3494	0.1018
b2b8924a-2ad1-4463-9b5d-c6c5609318ef	19	50606536	50610660	2	-1.3406
b2b8924a-2ad1-4463-9b5d-c6c5609318ef	19	50621474	51677574	698	0.0488
b2b8924a-2ad1-4463-9b5d-c6c5609318ef	19	51677673	53013829	896	0.1152
b2b8924a-2ad1-4463-9b5d-c6c5609318ef	19	53015494	53051455	26	0.5396
b2b8924a-2ad1-4463-9b5d-c6c5609318ef	19	53053571	53404859	260	0.1139
b2b8924a-2ad1-4463-9b5d-c6c5609318ef	19	53407265	53764022	282	0.1967
b2b8924a-2ad1-4463-9b5d-c6c5609318ef	19	53764620	55771003	985	0.0664
b2b8924a-2ad1-4463-9b5d-c6c5609318ef	19	55771169	55771701	3	-0.8346
b2b8924a-2ad1-4463-9b5d-c6c5609318ef	19	55774927	58586487	1837	0.1054
b2b8924a-2ad1-4463-9b5d-c6c5609318ef	20	80664	890901	632	-0.1539
b2b8924a-2ad1-4463-9b5d-c6c5609318ef	20	891823	891866	2	-1.6675
b2b8924a-2ad1-4463-9b5d-c6c5609318ef	20	891959	1580305	566	-0.1851
b2b8924a-2ad1-4463-9b5d-c6c5609318ef	20	1580353	1613247	42	-0.8222
b2b8924a-2ad1-4463-9b5d-c6c5609318ef	20	1617300	5405514	2772	-0.2153
b2b8924a-2ad1-4463-9b5d-c6c5609318ef	20	5405644	14820847	7158	-0.1599
b2b8924a-2ad1-4463-9b5d-c6c5609318ef	20	14821079	14821267	3	-1.2528
b2b8924a-2ad1-4463-9b5d-c6c5609318ef	20	14826069	18493314	3272	-0.1412
b2b8924a-2ad1-4463-9b5d-c6c5609318ef	20	18493375	21754120	2437	-0.1954
b2b8924a-2ad1-4463-9b5d-c6c5609318ef	20	21755901	31882081	3449	-0.1548
b2b8924a-2ad1-4463-9b5d-c6c5609318ef	20	31885372	32992076	545	-0.2109
b2b8924a-2ad1-4463-9b5d-c6c5609318ef	20	33000220	36405311	1623	0.352
b2b8924a-2ad1-4463-9b5d-c6c5609318ef	20	36407432	37174432	432	0.2549
b2b8924a-2ad1-4463-9b5d-c6c5609318ef	20	37176354	37382727	114	0.3595
b2b8924a-2ad1-4463-9b5d-c6c5609318ef	20	37386631	37577027	96	1.2413
b2b8924a-2ad1-4463-9b5d-c6c5609318ef	20	37577356	37708780	137	0.9597
b2b8924a-2ad1-4463-9b5d-c6c5609318ef	20	37710478	38029123	196	1.211
b2b8924a-2ad1-4463-9b5d-c6c5609318ef	20	38034663	38862535	516	0.3758
b2b8924a-2ad1-4463-9b5d-c6c5609318ef	20	38864604	39669688	573	-0.1784
b2b8924a-2ad1-4463-9b5d-c6c5609318ef	20	39671490	39715658	48	0.3713
b2b8924a-2ad1-4463-9b5d-c6c5609318ef	20	39717067	39725743	10	-0.2395
b2b8924a-2ad1-4463-9b5d-c6c5609318ef	20	39727516	40187447	340	0.3698
b2b8924a-2ad1-4463-9b5d-c6c5609318ef	20	40189230	40255529	43	1.3418
b2b8924a-2ad1-4463-9b5d-c6c5609318ef	20	40256114	40357346	56	1.0842
b2b8924a-2ad1-4463-9b5d-c6c5609318ef	20	40358946	40400387	34	1.4677
b2b8924a-2ad1-4463-9b5d-c6c5609318ef	20	40401550	40474003	53	1.038
b2b8924a-2ad1-4463-9b5d-c6c5609318ef	20	40476646	40647722	135	1.2926
b2b8924a-2ad1-4463-9b5d-c6c5609318ef	20	40647935	41141335	341	1.4293
b2b8924a-2ad1-4463-9b5d-c6c5609318ef	20	41144476	41232176	40	1.9626
b2b8924a-2ad1-4463-9b5d-c6c5609318ef	20	41234899	41247964	7	1.4495
b2b8924a-2ad1-4463-9b5d-c6c5609318ef	20	41254300	41256874	3	-0.893
b2b8924a-2ad1-4463-9b5d-c6c5609318ef	20	41261794	41398079	62	1.715
b2b8924a-2ad1-4463-9b5d-c6c5609318ef	20	41401938	41752805	227	0.3456
b2b8924a-2ad1-4463-9b5d-c6c5609318ef	20	41753601	43044695	1192	0.4052
b2b8924a-2ad1-4463-9b5d-c6c5609318ef	20	43045810	43122004	72	0.3468
b2b8924a-2ad1-4463-9b5d-c6c5609318ef	20	43123226	43128728	8	-0.022
b2b8924a-2ad1-4463-9b5d-c6c5609318ef	20	43130901	44553756	932	0.355
b2b8924a-2ad1-4463-9b5d-c6c5609318ef	20	44559205	44848232	175	1.75
b2b8924a-2ad1-4463-9b5d-c6c5609318ef	20	44848569	45264942	252	1.0206
b2b8924a-2ad1-4463-9b5d-c6c5609318ef	20	45268950	45346612	57	1.6965
b2b8924a-2ad1-4463-9b5d-c6c5609318ef	20	45346811	45408702	39	1.3859
b2b8924a-2ad1-4463-9b5d-c6c5609318ef	20	45411746	45434205	22	1.6481
b2b8924a-2ad1-4463-9b5d-c6c5609318ef	20	45434291	45945820	334	1.327
b2b8924a-2ad1-4463-9b5d-c6c5609318ef	20	45946854	46610230	442	1.544
b2b8924a-2ad1-4463-9b5d-c6c5609318ef	20	46611117	48229971	1288	0.3712
b2b8924a-2ad1-4463-9b5d-c6c5609318ef	20	48231239	48231517	2	-1.0139
b2b8924a-2ad1-4463-9b5d-c6c5609318ef	20	48231765	48678503	316	0.3948
b2b8924a-2ad1-4463-9b5d-c6c5609318ef	20	48685521	50050053	812	-0.201
b2b8924a-2ad1-4463-9b5d-c6c5609318ef	20	50057198	50108761	21	0.3119
b2b8924a-2ad1-4463-9b5d-c6c5609318ef	20	50111064	50429252	192	1.4463
b2b8924a-2ad1-4463-9b5d-c6c5609318ef	20	50431642	50645357	247	0.3136
b2b8924a-2ad1-4463-9b5d-c6c5609318ef	20	50652059	51102028	271	1.4328
b2b8924a-2ad1-4463-9b5d-c6c5609318ef	20	51104606	51147486	46	-0.1738
b2b8924a-2ad1-4463-9b5d-c6c5609318ef	20	51155972	51906271	575	1.3468
b2b8924a-2ad1-4463-9b5d-c6c5609318ef	20	51907448	52072744	117	0.3018
b2b8924a-2ad1-4463-9b5d-c6c5609318ef	20	52075535	52257883	116	1.4769
b2b8924a-2ad1-4463-9b5d-c6c5609318ef	20	52257981	52576569	195	1.2865
b2b8924a-2ad1-4463-9b5d-c6c5609318ef	20	52578702	52927817	290	0.7487
b2b8924a-2ad1-4463-9b5d-c6c5609318ef	20	52932721	52974738	34	1.0005
b2b8924a-2ad1-4463-9b5d-c6c5609318ef	20	52975018	53079393	91	1.0803
b2b8924a-2ad1-4463-9b5d-c6c5609318ef	20	53085461	53710195	480	2.1163
b2b8924a-2ad1-4463-9b5d-c6c5609318ef	20	53710513	53958303	189	2.3283
b2b8924a-2ad1-4463-9b5d-c6c5609318ef	20	53958507	54065389	146	2.0791
b2b8924a-2ad1-4463-9b5d-c6c5609318ef	20	54065719	54107677	43	1.6621
b2b8924a-2ad1-4463-9b5d-c6c5609318ef	20	54108592	54200852	96	1.8952
b2b8924a-2ad1-4463-9b5d-c6c5609318ef	20	54200865	54551331	242	1.6374
b2b8924a-2ad1-4463-9b5d-c6c5609318ef	20	54551593	54969043	390	1.4329
b2b8924a-2ad1-4463-9b5d-c6c5609318ef	20	54974873	55266055	232	1.1934
b2b8924a-2ad1-4463-9b5d-c6c5609318ef	20	55268497	55487094	153	1.4639
b2b8924a-2ad1-4463-9b5d-c6c5609318ef	20	55488105	55675547	133	1.3073
b2b8924a-2ad1-4463-9b5d-c6c5609318ef	20	55677152	55729234	68	1.5537
b2b8924a-2ad1-4463-9b5d-c6c5609318ef	20	55731107	55925000	160	1.2181
b2b8924a-2ad1-4463-9b5d-c6c5609318ef	20	55926457	56601163	522	1.4846
b2b8924a-2ad1-4463-9b5d-c6c5609318ef	20	56602509	57044082	406	1.2997
b2b8924a-2ad1-4463-9b5d-c6c5609318ef	20	57046542	57650563	451	1.6437
b2b8924a-2ad1-4463-9b5d-c6c5609318ef	20	57650913	58296032	531	1.84
b2b8924a-2ad1-4463-9b5d-c6c5609318ef	20	58297873	58555623	194	1.4136
b2b8924a-2ad1-4463-9b5d-c6c5609318ef	20	58555944	58846489	228	1.966
b2b8924a-2ad1-4463-9b5d-c6c5609318ef	20	58847197	59336740	308	1.5676
b2b8924a-2ad1-4463-9b5d-c6c5609318ef	20	59336837	59464827	162	1.0343
b2b8924a-2ad1-4463-9b5d-c6c5609318ef	20	59465817	59721295	170	0.7276
b2b8924a-2ad1-4463-9b5d-c6c5609318ef	20	59722413	60008323	192	0.3638
b2b8924a-2ad1-4463-9b5d-c6c5609318ef	20	60011163	60043196	25	0.9722
b2b8924a-2ad1-4463-9b5d-c6c5609318ef	20	60043537	60086366	45	1.0558
b2b8924a-2ad1-4463-9b5d-c6c5609318ef	20	60089243	60512865	446	1.2448
b2b8924a-2ad1-4463-9b5d-c6c5609318ef	20	60513241	60744833	169	1.0083
b2b8924a-2ad1-4463-9b5d-c6c5609318ef	20	60745245	60775295	47	1.2622
b2b8924a-2ad1-4463-9b5d-c6c5609318ef	20	60775666	61192564	436	1.4338
b2b8924a-2ad1-4463-9b5d-c6c5609318ef	20	61194487	61218375	33	0.7579
b2b8924a-2ad1-4463-9b5d-c6c5609318ef	20	61220812	61331363	88	1.5962
b2b8924a-2ad1-4463-9b5d-c6c5609318ef	20	61335792	61936132	432	0.7712
b2b8924a-2ad1-4463-9b5d-c6c5609318ef	20	61940219	62048212	62	-0.1279
b2b8924a-2ad1-4463-9b5d-c6c5609318ef	20	62050132	62223256	99	0.7934
b2b8924a-2ad1-4463-9b5d-c6c5609318ef	20	62231695	62549702	112	0.361
b2b8924a-2ad1-4463-9b5d-c6c5609318ef	20	62555115	64324800	727	-0.2068
b2b8924a-2ad1-4463-9b5d-c6c5609318ef	21	10354168	13111368	106	0.0108
b2b8924a-2ad1-4463-9b5d-c6c5609318ef	21	13112100	22937954	6655	0.1856
b2b8924a-2ad1-4463-9b5d-c6c5609318ef	21	22937998	26414248	2658	0.1415
b2b8924a-2ad1-4463-9b5d-c6c5609318ef	21	26415663	28872555	1941	0.1907
b2b8924a-2ad1-4463-9b5d-c6c5609318ef	21	28878330	39118149	7457	0.138
b2b8924a-2ad1-4463-9b5d-c6c5609318ef	21	39118168	40782850	1429	0.1846
b2b8924a-2ad1-4463-9b5d-c6c5609318ef	21	40783712	46677045	3594	0.1251
b2b8924a-2ad1-4463-9b5d-c6c5609318ef	22	15294547	18190590	1130	0.1198
b2b8924a-2ad1-4463-9b5d-c6c5609318ef	22	18392404	18760941	6	-0.9171
b2b8924a-2ad1-4463-9b5d-c6c5609318ef	22	18783014	22398345	2316	0.1386
b2b8924a-2ad1-4463-9b5d-c6c5609318ef	22	22398407	22398545	3	-1.3939
b2b8924a-2ad1-4463-9b5d-c6c5609318ef	22	22402989	28606937	4748	0.1406
b2b8924a-2ad1-4463-9b5d-c6c5609318ef	22	28611845	30556409	1110	0.0973
b2b8924a-2ad1-4463-9b5d-c6c5609318ef	22	30556601	30557534	2	-0.8127
b2b8924a-2ad1-4463-9b5d-c6c5609318ef	22	30558088	31999908	814	0.0989
b2b8924a-2ad1-4463-9b5d-c6c5609318ef	22	32000912	38894915	5054	0.1388
b2b8924a-2ad1-4463-9b5d-c6c5609318ef	22	38899250	38900899	3	-1.8655
b2b8924a-2ad1-4463-9b5d-c6c5609318ef	22	38903109	38955461	38	0.1178
b2b8924a-2ad1-4463-9b5d-c6c5609318ef	22	38967614	38979302	24	-0.5017
b2b8924a-2ad1-4463-9b5d-c6c5609318ef	22	38993700	40455104	717	0.1209
b2b8924a-2ad1-4463-9b5d-c6c5609318ef	22	40455802	42278233	1043	0.0725
b2b8924a-2ad1-4463-9b5d-c6c5609318ef	22	42278733	50796027	6247	0.1308
b2b8924a-2ad1-4463-9b5d-c6c5609318ef	X	251810	20762992	12382	0.0055
b2b8924a-2ad1-4463-9b5d-c6c5609318ef	X	20763627	38721749	11544	0.0271
b2b8924a-2ad1-4463-9b5d-c6c5609318ef	X	38722079	58057816	9328	0.0019
b2b8924a-2ad1-4463-9b5d-c6c5609318ef	X	58059478	63689366	424	0.114
b2b8924a-2ad1-4463-9b5d-c6c5609318ef	X	63693146	64177291	174	-0.016
b2b8924a-2ad1-4463-9b5d-c6c5609318ef	X	64184393	64411639	89	0.1333
b2b8924a-2ad1-4463-9b5d-c6c5609318ef	X	64414762	66303491	842	-0.0408
b2b8924a-2ad1-4463-9b5d-c6c5609318ef	X	66303814	66303828	2	-1.3755
b2b8924a-2ad1-4463-9b5d-c6c5609318ef	X	66304388	81596280	7025	0.0021
b2b8924a-2ad1-4463-9b5d-c6c5609318ef	X	81597366	81600889	3	-0.9103
b2b8924a-2ad1-4463-9b5d-c6c5609318ef	X	81601061	83143332	800	0.0071
b2b8924a-2ad1-4463-9b5d-c6c5609318ef	X	83146341	118217740	18840	0.0312
b2b8924a-2ad1-4463-9b5d-c6c5609318ef	X	118217886	119886770	1024	-0.0275
b2b8924a-2ad1-4463-9b5d-c6c5609318ef	X	119894225	128031435	4797	0.0315
b2b8924a-2ad1-4463-9b5d-c6c5609318ef	X	128037633	135908169	4074	0.0087
b2b8924a-2ad1-4463-9b5d-c6c5609318ef	X	135908785	135908919	2	2.8551
b2b8924a-2ad1-4463-9b5d-c6c5609318ef	X	135910513	136517256	359	-0.0475
b2b8924a-2ad1-4463-9b5d-c6c5609318ef	X	136520818	139736718	2012	0.0089
b2b8924a-2ad1-4463-9b5d-c6c5609318ef	X	139737693	139984874	134	-0.0708
b2b8924a-2ad1-4463-9b5d-c6c5609318ef	X	139985155	145591564	3616	0.0377
b2b8924a-2ad1-4463-9b5d-c6c5609318ef	X	145591972	155952689	6078	-0.0033
b2b8924a-2ad1-4463-9b5d-c6c5609318ef	Y	2782397	3044140	132	-2.6684
b2b8924a-2ad1-4463-9b5d-c6c5609318ef	Y	3047459	6075631	585	-2.1522
b2b8924a-2ad1-4463-9b5d-c6c5609318ef	Y	6076562	12912709	2295	-2.7351
b2b8924a-2ad1-4463-9b5d-c6c5609318ef	Y	12914512	12918905	5	-6.1916
b2b8924a-2ad1-4463-9b5d-c6c5609318ef	Y	12920376	13478396	246	-2.6533
b2b8924a-2ad1-4463-9b5d-c6c5609318ef	Y	13478462	13482643	3	-7.6945
b2b8924a-2ad1-4463-9b5d-c6c5609318ef	Y	13483009	56872112	3372	-2.7093
