GDC_Aliquot	Chromosome	Start	End	Num_Probes	Segment_Mean
a4723f88-b3ce-43a3-9013-e6b2f286385c	1	62920	12779433	6491	0.009
a4723f88-b3ce-43a3-9013-e6b2f286385c	1	12792599	12823233	24	-0.5993
a4723f88-b3ce-43a3-9013-e6b2f286385c	1	12832455	30264526	9919	0.0023
a4723f88-b3ce-43a3-9013-e6b2f286385c	1	30265508	30265657	3	-0.9832
a4723f88-b3ce-43a3-9013-e6b2f286385c	1	30265687	30266452	2	-2.9052
a4723f88-b3ce-43a3-9013-e6b2f286385c	1	30266949	45151640	8505	0.0033
a4723f88-b3ce-43a3-9013-e6b2f286385c	1	45153815	45156891	4	-1.1708
a4723f88-b3ce-43a3-9013-e6b2f286385c	1	45158721	72284670	17823	0.0031
a4723f88-b3ce-43a3-9013-e6b2f286385c	1	72290430	72297687	9	-1.1481
a4723f88-b3ce-43a3-9013-e6b2f286385c	1	72302735	105470754	20997	0.0013
a4723f88-b3ce-43a3-9013-e6b2f286385c	1	105476583	105479753	17	0.8883
a4723f88-b3ce-43a3-9013-e6b2f286385c	1	105481433	112147704	4594	-0.0014
a4723f88-b3ce-43a3-9013-e6b2f286385c	1	112153343	112163334	26	-0.6027
a4723f88-b3ce-43a3-9013-e6b2f286385c	1	112163438	143713930	5254	-0.0008
a4723f88-b3ce-43a3-9013-e6b2f286385c	1	143714499	144432083	36	0.3563
a4723f88-b3ce-43a3-9013-e6b2f286385c	1	144432313	152583230	2315	0.0087
a4723f88-b3ce-43a3-9013-e6b2f286385c	1	152583291	152613762	30	-2.1567
a4723f88-b3ce-43a3-9013-e6b2f286385c	1	152613802	152787202	171	-0.0092
a4723f88-b3ce-43a3-9013-e6b2f286385c	1	152789447	152796224	37	-2.2601
a4723f88-b3ce-43a3-9013-e6b2f286385c	1	152801429	196769493	29460	0.0039
a4723f88-b3ce-43a3-9013-e6b2f286385c	1	196769506	196846661	56	-0.5476
a4723f88-b3ce-43a3-9013-e6b2f286385c	1	196847600	215318153	12515	-0.0001
a4723f88-b3ce-43a3-9013-e6b2f286385c	1	215320126	215325761	7	-0.9506
a4723f88-b3ce-43a3-9013-e6b2f286385c	1	215327688	243139864	19570	0.0008
a4723f88-b3ce-43a3-9013-e6b2f286385c	1	243143622	243144364	2	1.5734
a4723f88-b3ce-43a3-9013-e6b2f286385c	1	243145889	248930189	3712	0.0193
a4723f88-b3ce-43a3-9013-e6b2f286385c	2	12784	34466002	24082	0.0082
a4723f88-b3ce-43a3-9013-e6b2f286385c	2	34474248	34511446	45	-0.6209
a4723f88-b3ce-43a3-9013-e6b2f286385c	2	34511990	52527743	13009	-0.0018
a4723f88-b3ce-43a3-9013-e6b2f286385c	2	52531615	52554404	33	0.5065
a4723f88-b3ce-43a3-9013-e6b2f286385c	2	52560811	97537802	23842	0.0075
a4723f88-b3ce-43a3-9013-e6b2f286385c	2	97540809	97545247	3	-2.0269
a4723f88-b3ce-43a3-9013-e6b2f286385c	2	97545726	128880928	18967	0.0043
a4723f88-b3ce-43a3-9013-e6b2f286385c	2	128881200	128882755	14	-0.8961
a4723f88-b3ce-43a3-9013-e6b2f286385c	2	128888874	148121484	11462	0.0032
a4723f88-b3ce-43a3-9013-e6b2f286385c	2	148121658	148123882	2	-1.5326
a4723f88-b3ce-43a3-9013-e6b2f286385c	2	148125551	158324990	6259	0.0064
a4723f88-b3ce-43a3-9013-e6b2f286385c	2	158327781	158333483	2	-1.468
a4723f88-b3ce-43a3-9013-e6b2f286385c	2	158334028	159843333	981	-0.0076
a4723f88-b3ce-43a3-9013-e6b2f286385c	2	159843929	159844531	2	-1.2966
a4723f88-b3ce-43a3-9013-e6b2f286385c	2	159844687	163780342	2315	0.0013
a4723f88-b3ce-43a3-9013-e6b2f286385c	2	163786978	163788616	5	-1.2786
a4723f88-b3ce-43a3-9013-e6b2f286385c	2	163790132	207490614	26367	0.0063
a4723f88-b3ce-43a3-9013-e6b2f286385c	2	207490972	207494612	13	-0.835
a4723f88-b3ce-43a3-9013-e6b2f286385c	2	207494752	242147305	22076	0.0087
a4723f88-b3ce-43a3-9013-e6b2f286385c	3	20930	1214696	994	-0.0171
a4723f88-b3ce-43a3-9013-e6b2f286385c	3	1215076	1215168	3	-1.1672
a4723f88-b3ce-43a3-9013-e6b2f286385c	3	1217795	16195501	11890	-0.0025
a4723f88-b3ce-43a3-9013-e6b2f286385c	3	16197556	16206875	13	-0.5522
a4723f88-b3ce-43a3-9013-e6b2f286385c	3	16207804	21703548	3342	-0.0043
a4723f88-b3ce-43a3-9013-e6b2f286385c	3	21703854	21711474	13	-0.4535
a4723f88-b3ce-43a3-9013-e6b2f286385c	3	21713236	26541729	3733	-0.0055
a4723f88-b3ce-43a3-9013-e6b2f286385c	3	26546950	26547166	2	-1.2966
a4723f88-b3ce-43a3-9013-e6b2f286385c	3	26547373	60792199	21532	-0.0036
a4723f88-b3ce-43a3-9013-e6b2f286385c	3	60794907	60795294	4	-1.0142
a4723f88-b3ce-43a3-9013-e6b2f286385c	3	60798502	61141532	334	0.0201
a4723f88-b3ce-43a3-9013-e6b2f286385c	3	61141631	61142344	2	-1.1203
a4723f88-b3ce-43a3-9013-e6b2f286385c	3	61145227	65202778	3434	0.0086
a4723f88-b3ce-43a3-9013-e6b2f286385c	3	65203560	65224777	52	-0.7299
a4723f88-b3ce-43a3-9013-e6b2f286385c	3	65230674	68697013	2424	-0.0006
a4723f88-b3ce-43a3-9013-e6b2f286385c	3	68697108	68698262	14	-1.7798
a4723f88-b3ce-43a3-9013-e6b2f286385c	3	68699607	75372019	4865	0.0075
a4723f88-b3ce-43a3-9013-e6b2f286385c	3	75377956	75590356	74	-0.7882
a4723f88-b3ce-43a3-9013-e6b2f286385c	3	75596233	129997296	29691	0.0007
a4723f88-b3ce-43a3-9013-e6b2f286385c	3	129997335	130087393	54	-0.3218
a4723f88-b3ce-43a3-9013-e6b2f286385c	3	130088081	131987852	1167	-0.0006
a4723f88-b3ce-43a3-9013-e6b2f286385c	3	131989313	131989627	2	-3.032
a4723f88-b3ce-43a3-9013-e6b2f286385c	3	131996155	131999369	3	-0.6135
a4723f88-b3ce-43a3-9013-e6b2f286385c	3	132004782	162794951	19086	-0.0058
a4723f88-b3ce-43a3-9013-e6b2f286385c	3	162795304	162822221	18	-0.584
a4723f88-b3ce-43a3-9013-e6b2f286385c	3	162822685	162822702	2	-2.4992
a4723f88-b3ce-43a3-9013-e6b2f286385c	3	162827928	162996729	120	-0.1338
a4723f88-b3ce-43a3-9013-e6b2f286385c	3	162999939	163001774	2	-3.1728
a4723f88-b3ce-43a3-9013-e6b2f286385c	3	163008371	195558822	20589	-0.0008
a4723f88-b3ce-43a3-9013-e6b2f286385c	3	195559056	195747892	45	-0.5478
a4723f88-b3ce-43a3-9013-e6b2f286385c	3	195751823	195973611	82	0.0591
a4723f88-b3ce-43a3-9013-e6b2f286385c	3	195974244	195982791	4	-1.1527
a4723f88-b3ce-43a3-9013-e6b2f286385c	3	195991894	198169247	1077	0.0237
a4723f88-b3ce-43a3-9013-e6b2f286385c	4	68929	10389091	5908	0.0068
a4723f88-b3ce-43a3-9013-e6b2f286385c	4	10390730	10399044	16	-0.7655
a4723f88-b3ce-43a3-9013-e6b2f286385c	4	10401094	34777382	16781	0.0001
a4723f88-b3ce-43a3-9013-e6b2f286385c	4	34777403	34813937	33	-0.4081
a4723f88-b3ce-43a3-9013-e6b2f286385c	4	34814449	40564857	3803	0.0044
a4723f88-b3ce-43a3-9013-e6b2f286385c	4	40567950	40573234	3	-1.1309
a4723f88-b3ce-43a3-9013-e6b2f286385c	4	40576995	60483928	10876	-0.0018
a4723f88-b3ce-43a3-9013-e6b2f286385c	4	60485425	60486464	2	-1.5017
a4723f88-b3ce-43a3-9013-e6b2f286385c	4	60486811	68478894	4776	-0.0091
a4723f88-b3ce-43a3-9013-e6b2f286385c	4	68494770	68686026	76	0.5474
a4723f88-b3ce-43a3-9013-e6b2f286385c	4	68725894	69283159	322	-0.0577
a4723f88-b3ce-43a3-9013-e6b2f286385c	4	69283439	69374263	43	0.4095
a4723f88-b3ce-43a3-9013-e6b2f286385c	4	69374271	103294549	20647	0.0008
a4723f88-b3ce-43a3-9013-e6b2f286385c	4	103296943	103296945	3	1.2741
a4723f88-b3ce-43a3-9013-e6b2f286385c	4	103298947	129141596	15408	-0.0037
a4723f88-b3ce-43a3-9013-e6b2f286385c	4	129146391	129147005	2	-2.5561
a4723f88-b3ce-43a3-9013-e6b2f286385c	4	129151408	152256973	13661	-0.0022
a4723f88-b3ce-43a3-9013-e6b2f286385c	4	152257445	152258056	2	-1.4534
a4723f88-b3ce-43a3-9013-e6b2f286385c	4	152260071	155935493	2366	-0.0041
a4723f88-b3ce-43a3-9013-e6b2f286385c	4	155939239	155939953	3	-2.2338
a4723f88-b3ce-43a3-9013-e6b2f286385c	4	155941209	190106768	22382	0
a4723f88-b3ce-43a3-9013-e6b2f286385c	5	15532	21376735	15667	0.0033
a4723f88-b3ce-43a3-9013-e6b2f286385c	5	21377730	21377744	2	-2.2431
a4723f88-b3ce-43a3-9013-e6b2f286385c	5	21385957	21449167	44	-0.0718
a4723f88-b3ce-43a3-9013-e6b2f286385c	5	21451091	21452329	5	-1.4594
a4723f88-b3ce-43a3-9013-e6b2f286385c	5	21452387	46196012	14934	-0.0043
a4723f88-b3ce-43a3-9013-e6b2f286385c	5	46199332	46199333	2	-1.6637
a4723f88-b3ce-43a3-9013-e6b2f286385c	5	46209197	46251204	13	-0.1712
a4723f88-b3ce-43a3-9013-e6b2f286385c	5	46270906	46273400	8	0.6788
a4723f88-b3ce-43a3-9013-e6b2f286385c	5	46278110	58025819	5074	0.0016
a4723f88-b3ce-43a3-9013-e6b2f286385c	5	58030200	58037706	32	1.8148
a4723f88-b3ce-43a3-9013-e6b2f286385c	5	58042530	60369857	1691	-0.0067
a4723f88-b3ce-43a3-9013-e6b2f286385c	5	60371260	60374787	3	1.0613
a4723f88-b3ce-43a3-9013-e6b2f286385c	5	60377539	69022815	5388	0.0034
a4723f88-b3ce-43a3-9013-e6b2f286385c	5	69023860	69024941	3	-1.1459
a4723f88-b3ce-43a3-9013-e6b2f286385c	5	69025359	86815939	9862	-0.002
a4723f88-b3ce-43a3-9013-e6b2f286385c	5	86819561	86823329	3	-1.7238
a4723f88-b3ce-43a3-9013-e6b2f286385c	5	86825812	104515520	9876	-0.006
a4723f88-b3ce-43a3-9013-e6b2f286385c	5	104524672	104524903	4	2.2777
a4723f88-b3ce-43a3-9013-e6b2f286385c	5	104525348	106891826	1405	-0.0043
a4723f88-b3ce-43a3-9013-e6b2f286385c	5	106893972	106897416	20	-0.9141
a4723f88-b3ce-43a3-9013-e6b2f286385c	5	106904875	181363319	48803	0.0002
a4723f88-b3ce-43a3-9013-e6b2f286385c	6	149661	294837	124	-0.0206
a4723f88-b3ce-43a3-9013-e6b2f286385c	6	302306	382559	78	-0.3503
a4723f88-b3ce-43a3-9013-e6b2f286385c	6	382897	29800928	21384	-0.0005
a4723f88-b3ce-43a3-9013-e6b2f286385c	6	29802981	29821394	13	-0.7092
a4723f88-b3ce-43a3-9013-e6b2f286385c	6	29830682	29869411	56	-0.1118
a4723f88-b3ce-43a3-9013-e6b2f286385c	6	29869537	29906865	20	-0.8838
a4723f88-b3ce-43a3-9013-e6b2f286385c	6	29906932	31313046	657	0.0055
a4723f88-b3ce-43a3-9013-e6b2f286385c	6	31318499	31319445	5	-1.5816
a4723f88-b3ce-43a3-9013-e6b2f286385c	6	31319724	32463775	504	0.0366
a4723f88-b3ce-43a3-9013-e6b2f286385c	6	32481273	32515192	12	-0.6885
a4723f88-b3ce-43a3-9013-e6b2f286385c	6	32523527	32540699	7	-0.1267
a4723f88-b3ce-43a3-9013-e6b2f286385c	6	32541506	32605994	15	0.5692
a4723f88-b3ce-43a3-9013-e6b2f286385c	6	32606237	32627306	16	-0.2034
a4723f88-b3ce-43a3-9013-e6b2f286385c	6	32627455	32633540	2	-2.4017
a4723f88-b3ce-43a3-9013-e6b2f286385c	6	32634330	32722250	57	0.0315
a4723f88-b3ce-43a3-9013-e6b2f286385c	6	32723020	32723035	2	-1.5494
a4723f88-b3ce-43a3-9013-e6b2f286385c	6	32723053	56430859	15181	0.004
a4723f88-b3ce-43a3-9013-e6b2f286385c	6	56433681	56438649	4	-0.9977
a4723f88-b3ce-43a3-9013-e6b2f286385c	6	56443205	66328153	3834	-0.0033
a4723f88-b3ce-43a3-9013-e6b2f286385c	6	66331020	66333299	7	-0.9296
a4723f88-b3ce-43a3-9013-e6b2f286385c	6	66333342	72153222	3923	-0.0071
a4723f88-b3ce-43a3-9013-e6b2f286385c	6	72156821	72157169	2	-3.3893
a4723f88-b3ce-43a3-9013-e6b2f286385c	6	72158860	73882142	1087	-0.0032
a4723f88-b3ce-43a3-9013-e6b2f286385c	6	73882509	73893839	11	0.6347
a4723f88-b3ce-43a3-9013-e6b2f286385c	6	73893889	76718872	1764	-0.0074
a4723f88-b3ce-43a3-9013-e6b2f286385c	6	76719482	76751356	28	-0.5342
a4723f88-b3ce-43a3-9013-e6b2f286385c	6	76758214	170741917	60770	0.0016
a4723f88-b3ce-43a3-9013-e6b2f286385c	7	43355	16076227	10956	-0.0085
a4723f88-b3ce-43a3-9013-e6b2f286385c	7	16077311	16078101	2	-1.725
a4723f88-b3ce-43a3-9013-e6b2f286385c	7	16079384	26092670	7862	-0.0013
a4723f88-b3ce-43a3-9013-e6b2f286385c	7	26102772	26105793	4	-1.1658
a4723f88-b3ce-43a3-9013-e6b2f286385c	7	26107599	70955452	25772	0.0026
a4723f88-b3ce-43a3-9013-e6b2f286385c	7	70958264	70961155	2	-2.8794
a4723f88-b3ce-43a3-9013-e6b2f286385c	7	70963257	126406489	32378	-0.0041
a4723f88-b3ce-43a3-9013-e6b2f286385c	7	126406546	126406823	4	1.0941
a4723f88-b3ce-43a3-9013-e6b2f286385c	7	126406824	134093884	4695	0.0027
a4723f88-b3ce-43a3-9013-e6b2f286385c	7	134093896	134114444	39	0.3153
a4723f88-b3ce-43a3-9013-e6b2f286385c	7	134121491	143733941	6145	0.0077
a4723f88-b3ce-43a3-9013-e6b2f286385c	7	143773027	143850179	15	-0.6777
a4723f88-b3ce-43a3-9013-e6b2f286385c	7	143875073	144199159	267	0.0016
a4723f88-b3ce-43a3-9013-e6b2f286385c	7	144207186	144264193	8	-0.74
a4723f88-b3ce-43a3-9013-e6b2f286385c	7	144295437	159334314	9648	0.0089
a4723f88-b3ce-43a3-9013-e6b2f286385c	8	81254	643041	322	0.0607
a4723f88-b3ce-43a3-9013-e6b2f286385c	8	644944	645875	8	0.661
a4723f88-b3ce-43a3-9013-e6b2f286385c	8	645892	645908	2	3.5131
a4723f88-b3ce-43a3-9013-e6b2f286385c	8	656117	12176798	10684	0.0046
a4723f88-b3ce-43a3-9013-e6b2f286385c	8	12177488	12418301	31	0.5298
a4723f88-b3ce-43a3-9013-e6b2f286385c	8	12419769	16050222	3250	-0.0056
a4723f88-b3ce-43a3-9013-e6b2f286385c	8	16053555	16111357	48	-0.2474
a4723f88-b3ce-43a3-9013-e6b2f286385c	8	16111569	25117062	7124	-0.0068
a4723f88-b3ce-43a3-9013-e6b2f286385c	8	25117985	25126818	23	0.645
a4723f88-b3ce-43a3-9013-e6b2f286385c	8	25133589	38352395	8460	-0.0008
a4723f88-b3ce-43a3-9013-e6b2f286385c	8	38367229	38377975	7	-0.7687
a4723f88-b3ce-43a3-9013-e6b2f286385c	8	38379076	39373140	551	0.0203
a4723f88-b3ce-43a3-9013-e6b2f286385c	8	39378084	39529446	59	-0.7535
a4723f88-b3ce-43a3-9013-e6b2f286385c	8	39530780	145072769	64915	-0.0007
a4723f88-b3ce-43a3-9013-e6b2f286385c	9	46587	5079156	5240	0.0063
a4723f88-b3ce-43a3-9013-e6b2f286385c	9	5081416	5081766	8	-0.8286
a4723f88-b3ce-43a3-9013-e6b2f286385c	9	5081852	23361807	15171	-0.0058
a4723f88-b3ce-43a3-9013-e6b2f286385c	9	23363117	23373486	8	-2.3945
a4723f88-b3ce-43a3-9013-e6b2f286385c	9	23378490	39588611	10746	-0.004
a4723f88-b3ce-43a3-9013-e6b2f286385c	9	39747848	40228981	10	0.7127
a4723f88-b3ce-43a3-9013-e6b2f286385c	9	40229601	41741096	94	0.0589
a4723f88-b3ce-43a3-9013-e6b2f286385c	9	41741113	42727685	53	-0.3923
a4723f88-b3ce-43a3-9013-e6b2f286385c	9	42729302	61600648	65	-0.0858
a4723f88-b3ce-43a3-9013-e6b2f286385c	9	61612703	61633080	5	-0.7427
a4723f88-b3ce-43a3-9013-e6b2f286385c	9	61647899	63580418	39	0.011
a4723f88-b3ce-43a3-9013-e6b2f286385c	9	63590317	63592813	7	-1.5944
a4723f88-b3ce-43a3-9013-e6b2f286385c	9	63614182	138200944	48039	0.0035
a4723f88-b3ce-43a3-9013-e6b2f286385c	10	45792	15880845	13372	0.0093
a4723f88-b3ce-43a3-9013-e6b2f286385c	10	15881532	15889055	18	-0.8757
a4723f88-b3ce-43a3-9013-e6b2f286385c	10	15889073	17885034	1459	0.0085
a4723f88-b3ce-43a3-9013-e6b2f286385c	10	17896194	17910884	3	1.1919
a4723f88-b3ce-43a3-9013-e6b2f286385c	10	17929793	24086334	4340	0.0048
a4723f88-b3ce-43a3-9013-e6b2f286385c	10	24088745	24089125	11	0.461
a4723f88-b3ce-43a3-9013-e6b2f286385c	10	24089979	30957581	5014	-0.0013
a4723f88-b3ce-43a3-9013-e6b2f286385c	10	30962405	30962809	10	-0.7126
a4723f88-b3ce-43a3-9013-e6b2f286385c	10	30962850	61694899	17684	0.0001
a4723f88-b3ce-43a3-9013-e6b2f286385c	10	61699425	61701371	4	-1.0824
a4723f88-b3ce-43a3-9013-e6b2f286385c	10	61703047	64638921	1839	0.0067
a4723f88-b3ce-43a3-9013-e6b2f286385c	10	64639652	64643074	3	-1.2735
a4723f88-b3ce-43a3-9013-e6b2f286385c	10	64643904	65546518	654	-0.0034
a4723f88-b3ce-43a3-9013-e6b2f286385c	10	65548165	65554672	27	-0.6688
a4723f88-b3ce-43a3-9013-e6b2f286385c	10	65554688	133654968	46201	0.0041
a4723f88-b3ce-43a3-9013-e6b2f286385c	11	198510	224393	12	0.1258
a4723f88-b3ce-43a3-9013-e6b2f286385c	11	224676	227063	2	-1.4046
a4723f88-b3ce-43a3-9013-e6b2f286385c	11	230368	4947280	2405	0.0146
a4723f88-b3ce-43a3-9013-e6b2f286385c	11	4949013	4954475	27	0.508
a4723f88-b3ce-43a3-9013-e6b2f286385c	11	4955027	5040311	76	0.0112
a4723f88-b3ce-43a3-9013-e6b2f286385c	11	5040676	5041712	3	0.8014
a4723f88-b3ce-43a3-9013-e6b2f286385c	11	5046128	5500921	461	-0.0244
a4723f88-b3ce-43a3-9013-e6b2f286385c	11	5500945	5501334	5	-0.9614
a4723f88-b3ce-43a3-9013-e6b2f286385c	11	5502363	5761746	234	-0.0013
a4723f88-b3ce-43a3-9013-e6b2f286385c	11	5761822	5788108	39	-0.7051
a4723f88-b3ce-43a3-9013-e6b2f286385c	11	5788231	18919323	9403	0.003
a4723f88-b3ce-43a3-9013-e6b2f286385c	11	18927525	18949833	51	0.2977
a4723f88-b3ce-43a3-9013-e6b2f286385c	11	18949866	38213886	14100	-0.003
a4723f88-b3ce-43a3-9013-e6b2f286385c	11	38214376	38220585	5	-1.1622
a4723f88-b3ce-43a3-9013-e6b2f286385c	11	38229372	50561088	7244	-0.0029
a4723f88-b3ce-43a3-9013-e6b2f286385c	11	50564719	50564838	2	-2.2264
a4723f88-b3ce-43a3-9013-e6b2f286385c	11	50614055	135074876	52727	0.0017
a4723f88-b3ce-43a3-9013-e6b2f286385c	12	51460	756804	417	0.0349
a4723f88-b3ce-43a3-9013-e6b2f286385c	12	759943	764863	17	-0.7589
a4723f88-b3ce-43a3-9013-e6b2f286385c	12	766188	8204911	5102	0.0078
a4723f88-b3ce-43a3-9013-e6b2f286385c	12	8209454	8220161	9	0.8339
a4723f88-b3ce-43a3-9013-e6b2f286385c	12	8241232	9477960	628	-0.0131
a4723f88-b3ce-43a3-9013-e6b2f286385c	12	9481274	9575696	24	-1.8457
a4723f88-b3ce-43a3-9013-e6b2f286385c	12	9582373	11068125	1037	-0.011
a4723f88-b3ce-43a3-9013-e6b2f286385c	12	11070111	11083616	6	-0.8661
a4723f88-b3ce-43a3-9013-e6b2f286385c	12	11084237	11088933	3	-2.4487
a4723f88-b3ce-43a3-9013-e6b2f286385c	12	11099275	11359558	134	-0.047
a4723f88-b3ce-43a3-9013-e6b2f286385c	12	11359597	11390472	28	-0.8521
a4723f88-b3ce-43a3-9013-e6b2f286385c	12	11399258	13178404	1381	0.0183
a4723f88-b3ce-43a3-9013-e6b2f286385c	12	13181725	13182206	3	-1.0556
a4723f88-b3ce-43a3-9013-e6b2f286385c	12	13183433	30086978	11720	0.0035
a4723f88-b3ce-43a3-9013-e6b2f286385c	12	30087113	30090756	18	-0.8684
a4723f88-b3ce-43a3-9013-e6b2f286385c	12	30090789	133201603	64305	0.0051
a4723f88-b3ce-43a3-9013-e6b2f286385c	13	18452809	37496998	13482	0.0042
a4723f88-b3ce-43a3-9013-e6b2f286385c	13	37497899	37514250	19	-0.6428
a4723f88-b3ce-43a3-9013-e6b2f286385c	13	37514472	57184181	12519	0.0001
a4723f88-b3ce-43a3-9013-e6b2f286385c	13	57184255	57204246	31	0.4943
a4723f88-b3ce-43a3-9013-e6b2f286385c	13	57215580	114342922	38071	0.0002
a4723f88-b3ce-43a3-9013-e6b2f286385c	14	18239283	19294475	47	-0.1176
a4723f88-b3ce-43a3-9013-e6b2f286385c	14	19298389	19954424	119	0.2376
a4723f88-b3ce-43a3-9013-e6b2f286385c	14	19955213	73529070	34061	-0.0021
a4723f88-b3ce-43a3-9013-e6b2f286385c	14	73534419	73563196	10	-1.3325
a4723f88-b3ce-43a3-9013-e6b2f286385c	14	73563211	106340102	20875	0.0026
a4723f88-b3ce-43a3-9013-e6b2f286385c	14	106340305	106365807	10	1.0135
a4723f88-b3ce-43a3-9013-e6b2f286385c	14	106369985	106877229	270	0.0086
a4723f88-b3ce-43a3-9013-e6b2f286385c	15	19811075	20190276	56	0.0999
a4723f88-b3ce-43a3-9013-e6b2f286385c	15	20206125	20376311	39	-0.2634
a4723f88-b3ce-43a3-9013-e6b2f286385c	15	20380735	20381704	10	-1.4268
a4723f88-b3ce-43a3-9013-e6b2f286385c	15	20384774	22635920	119	-0.3605
a4723f88-b3ce-43a3-9013-e6b2f286385c	15	22646628	23813652	608	0.0195
a4723f88-b3ce-43a3-9013-e6b2f286385c	15	23813673	23813702	2	-1.3716
a4723f88-b3ce-43a3-9013-e6b2f286385c	15	23813848	32220019	5085	0.0055
a4723f88-b3ce-43a3-9013-e6b2f286385c	15	32239115	32484010	15	-0.5524
a4723f88-b3ce-43a3-9013-e6b2f286385c	15	32491973	87275644	34654	0.0041
a4723f88-b3ce-43a3-9013-e6b2f286385c	15	87287299	87326577	39	-1.0951
a4723f88-b3ce-43a3-9013-e6b2f286385c	15	87327270	101928837	10904	0.0037
a4723f88-b3ce-43a3-9013-e6b2f286385c	16	10777	12555002	9413	0.0099
a4723f88-b3ce-43a3-9013-e6b2f286385c	16	12555121	12555138	2	-1.9232
a4723f88-b3ce-43a3-9013-e6b2f286385c	16	12556390	18688534	3371	0.0137
a4723f88-b3ce-43a3-9013-e6b2f286385c	16	18704933	18730788	5	0.9308
a4723f88-b3ce-43a3-9013-e6b2f286385c	16	18731740	21401082	1594	0.0091
a4723f88-b3ce-43a3-9013-e6b2f286385c	16	21503753	21616190	42	0.2467
a4723f88-b3ce-43a3-9013-e6b2f286385c	16	21617076	22430699	342	-0.0008
a4723f88-b3ce-43a3-9013-e6b2f286385c	16	22546611	22690758	67	0.2966
a4723f88-b3ce-43a3-9013-e6b2f286385c	16	22690800	35232200	5326	0.0081
a4723f88-b3ce-43a3-9013-e6b2f286385c	16	35236333	35526596	168	0.5441
a4723f88-b3ce-43a3-9013-e6b2f286385c	16	35530722	75489068	18306	-0.0014
a4723f88-b3ce-43a3-9013-e6b2f286385c	16	75489500	75489514	2	-2.1987
a4723f88-b3ce-43a3-9013-e6b2f286385c	16	75490811	88076816	12377	0.0078
a4723f88-b3ce-43a3-9013-e6b2f286385c	16	88080057	88081232	3	-1.3187
a4723f88-b3ce-43a3-9013-e6b2f286385c	16	88081785	90096867	837	0.0319
a4723f88-b3ce-43a3-9013-e6b2f286385c	17	150733	8339592	4537	0.0189
a4723f88-b3ce-43a3-9013-e6b2f286385c	17	8344229	8344415	2	-2.3931
a4723f88-b3ce-43a3-9013-e6b2f286385c	17	8346140	41265456	16279	0.0058
a4723f88-b3ce-43a3-9013-e6b2f286385c	17	41266762	41274279	24	-1.2669
a4723f88-b3ce-43a3-9013-e6b2f286385c	17	41276472	46136346	2535	-0.0022
a4723f88-b3ce-43a3-9013-e6b2f286385c	17	46136800	46351954	90	0.4751
a4723f88-b3ce-43a3-9013-e6b2f286385c	17	46446345	83091923	21562	0.0038
a4723f88-b3ce-43a3-9013-e6b2f286385c	18	48133	28613464	15065	0.0032
a4723f88-b3ce-43a3-9013-e6b2f286385c	18	28613572	28616166	5	-1.27
a4723f88-b3ce-43a3-9013-e6b2f286385c	18	28616668	63708396	23587	0.0024
a4723f88-b3ce-43a3-9013-e6b2f286385c	18	63711936	63712166	2	-2.5147
a4723f88-b3ce-43a3-9013-e6b2f286385c	18	63712604	80257174	12072	-0.0019
a4723f88-b3ce-43a3-9013-e6b2f286385c	19	90910	1731832	384	-0.0123
a4723f88-b3ce-43a3-9013-e6b2f286385c	19	1732601	1741837	2	1.3443
a4723f88-b3ce-43a3-9013-e6b2f286385c	19	1770751	9163124	3001	0.0077
a4723f88-b3ce-43a3-9013-e6b2f286385c	19	9163996	9166800	4	-1.0637
a4723f88-b3ce-43a3-9013-e6b2f286385c	19	9167445	38779842	15032	0.0056
a4723f88-b3ce-43a3-9013-e6b2f286385c	19	38783419	38783588	2	-1.9187
a4723f88-b3ce-43a3-9013-e6b2f286385c	19	38783746	58586487	10684	0.0089
a4723f88-b3ce-43a3-9013-e6b2f286385c	20	80664	1580353	1204	0.0112
a4723f88-b3ce-43a3-9013-e6b2f286385c	20	1580934	1601561	36	2.0187
a4723f88-b3ce-43a3-9013-e6b2f286385c	20	1609611	15320728	10392	-0.0009
a4723f88-b3ce-43a3-9013-e6b2f286385c	20	15321256	15321403	2	-2.2936
a4723f88-b3ce-43a3-9013-e6b2f286385c	20	15321728	42249578	14814	0.0039
a4723f88-b3ce-43a3-9013-e6b2f286385c	20	42249925	42250477	3	-1.4405
a4723f88-b3ce-43a3-9013-e6b2f286385c	20	42254320	54028329	8429	0.0078
a4723f88-b3ce-43a3-9013-e6b2f286385c	20	54031269	54042112	36	-0.7649
a4723f88-b3ce-43a3-9013-e6b2f286385c	20	54046035	64324800	7449	0.0053
a4723f88-b3ce-43a3-9013-e6b2f286385c	21	10354168	10582026	59	0.1237
a4723f88-b3ce-43a3-9013-e6b2f286385c	21	10585552	10597632	7	0.6429
a4723f88-b3ce-43a3-9013-e6b2f286385c	21	10600744	10682775	18	0.2675
a4723f88-b3ce-43a3-9013-e6b2f286385c	21	10753316	46609096	23714	0.0024
a4723f88-b3ce-43a3-9013-e6b2f286385c	21	46609504	46677045	55	0.1354
a4723f88-b3ce-43a3-9013-e6b2f286385c	22	15294547	15617970	17	-0.2315
a4723f88-b3ce-43a3-9013-e6b2f286385c	22	15696368	15696762	2	-2.0848
a4723f88-b3ce-43a3-9013-e6b2f286385c	22	15729257	22114208	3097	0.032
a4723f88-b3ce-43a3-9013-e6b2f286385c	22	22119549	22120255	6	-0.7208
a4723f88-b3ce-43a3-9013-e6b2f286385c	22	22127104	22379789	311	0.0358
a4723f88-b3ce-43a3-9013-e6b2f286385c	22	22385945	22385950	2	-1.4247
a4723f88-b3ce-43a3-9013-e6b2f286385c	22	22385952	23928590	934	0.0219
a4723f88-b3ce-43a3-9013-e6b2f286385c	22	23928936	23990739	25	0.4035
a4723f88-b3ce-43a3-9013-e6b2f286385c	22	23995113	38891905	10797	0.009
a4723f88-b3ce-43a3-9013-e6b2f286385c	22	38894915	38900899	4	-1.0576
a4723f88-b3ce-43a3-9013-e6b2f286385c	22	38903109	38932713	17	0.0505
a4723f88-b3ce-43a3-9013-e6b2f286385c	22	38933588	38935341	2	-1.7616
a4723f88-b3ce-43a3-9013-e6b2f286385c	22	38936224	42501276	1934	0.0058
a4723f88-b3ce-43a3-9013-e6b2f286385c	22	42503434	42538456	21	0.4923
a4723f88-b3ce-43a3-9013-e6b2f286385c	22	42546956	50796027	6100	0.0166
a4723f88-b3ce-43a3-9013-e6b2f286385c	X	251810	55674826	32089	0.0034
a4723f88-b3ce-43a3-9013-e6b2f286385c	X	55676226	55681123	3	-2.0286
a4723f88-b3ce-43a3-9013-e6b2f286385c	X	55681253	155546290	51423	0.002
a4723f88-b3ce-43a3-9013-e6b2f286385c	X	155549836	155556117	13	-0.9246
a4723f88-b3ce-43a3-9013-e6b2f286385c	X	155557895	155952689	96	0.0024
a4723f88-b3ce-43a3-9013-e6b2f286385c	Y	2782397	6249869	784	-2.903
a4723f88-b3ce-43a3-9013-e6b2f286385c	Y	6252391	23586854	5661	-3.3229
a4723f88-b3ce-43a3-9013-e6b2f286385c	Y	23784615	56872112	192	-2.9248
