GDC_Aliquot	Chromosome	Start	End	Num_Probes	Segment_Mean
fbcaa7b5-9ca9-4df2-a214-b98918e91f49	1	62920	8927200	4446	0.0064
fbcaa7b5-9ca9-4df2-a214-b98918e91f49	1	8929176	9001102	51	0.5713
fbcaa7b5-9ca9-4df2-a214-b98918e91f49	1	9001347	47441990	21485	0.0186
fbcaa7b5-9ca9-4df2-a214-b98918e91f49	1	47442107	47451245	3	-2.4807
fbcaa7b5-9ca9-4df2-a214-b98918e91f49	1	47451441	53576374	3362	0.0194
fbcaa7b5-9ca9-4df2-a214-b98918e91f49	1	53576663	53576977	2	-1.2774
fbcaa7b5-9ca9-4df2-a214-b98918e91f49	1	53577198	54789910	737	0.0257
fbcaa7b5-9ca9-4df2-a214-b98918e91f49	1	54793923	54795278	2	-1.4377
fbcaa7b5-9ca9-4df2-a214-b98918e91f49	1	54795419	72297687	12583	0.0206
fbcaa7b5-9ca9-4df2-a214-b98918e91f49	1	72302735	72345465	48	-1.3028
fbcaa7b5-9ca9-4df2-a214-b98918e91f49	1	72346221	103616762	20015	0.0182
fbcaa7b5-9ca9-4df2-a214-b98918e91f49	1	103620877	103760781	7	-1.5221
fbcaa7b5-9ca9-4df2-a214-b98918e91f49	1	103760879	109684695	3564	0.0242
fbcaa7b5-9ca9-4df2-a214-b98918e91f49	1	109684893	109697556	14	-0.9046
fbcaa7b5-9ca9-4df2-a214-b98918e91f49	1	109702376	234568520	64934	0.0185
fbcaa7b5-9ca9-4df2-a214-b98918e91f49	1	234570562	234571630	3	-2.7226
fbcaa7b5-9ca9-4df2-a214-b98918e91f49	1	234571881	248546369	9938	0.0147
fbcaa7b5-9ca9-4df2-a214-b98918e91f49	1	248550567	248633821	34	-0.7158
fbcaa7b5-9ca9-4df2-a214-b98918e91f49	1	248633912	248930189	140	0.0325
fbcaa7b5-9ca9-4df2-a214-b98918e91f49	2	12784	4158097	2984	0.0049
fbcaa7b5-9ca9-4df2-a214-b98918e91f49	2	4166274	4175577	36	-2.3089
fbcaa7b5-9ca9-4df2-a214-b98918e91f49	2	4175922	4176429	6	-0.9844
fbcaa7b5-9ca9-4df2-a214-b98918e91f49	2	4182472	34466002	21005	0.019
fbcaa7b5-9ca9-4df2-a214-b98918e91f49	2	34474248	34517969	55	-0.4281
fbcaa7b5-9ca9-4df2-a214-b98918e91f49	2	34521390	35750907	860	0.0205
fbcaa7b5-9ca9-4df2-a214-b98918e91f49	2	35752724	35761650	4	-1.7559
fbcaa7b5-9ca9-4df2-a214-b98918e91f49	2	35761842	41011095	3920	0.0192
fbcaa7b5-9ca9-4df2-a214-b98918e91f49	2	41011303	41024138	25	-0.5434
fbcaa7b5-9ca9-4df2-a214-b98918e91f49	2	41024584	228892290	112192	0.0174
fbcaa7b5-9ca9-4df2-a214-b98918e91f49	2	228894763	228895197	8	-1.231
fbcaa7b5-9ca9-4df2-a214-b98918e91f49	2	228895367	241841244	8058	0.0166
fbcaa7b5-9ca9-4df2-a214-b98918e91f49	2	241973315	242095460	101	-0.8762
fbcaa7b5-9ca9-4df2-a214-b98918e91f49	2	242095518	242147305	23	-0.044
fbcaa7b5-9ca9-4df2-a214-b98918e91f49	3	20930	182919	153	0.0395
fbcaa7b5-9ca9-4df2-a214-b98918e91f49	3	188339	190956	3	-2.358
fbcaa7b5-9ca9-4df2-a214-b98918e91f49	3	191117	11904456	9734	0.024
fbcaa7b5-9ca9-4df2-a214-b98918e91f49	3	11909411	11912374	14	-0.7171
fbcaa7b5-9ca9-4df2-a214-b98918e91f49	3	11915105	13770975	1371	0.0058
fbcaa7b5-9ca9-4df2-a214-b98918e91f49	3	13771376	13773636	2	-1.5591
fbcaa7b5-9ca9-4df2-a214-b98918e91f49	3	13773838	20271633	3951	0.0102
fbcaa7b5-9ca9-4df2-a214-b98918e91f49	3	20273630	20274591	2	-2.5832
fbcaa7b5-9ca9-4df2-a214-b98918e91f49	3	20286589	68697108	32482	0.0192
fbcaa7b5-9ca9-4df2-a214-b98918e91f49	3	68697133	68698262	13	-1.7144
fbcaa7b5-9ca9-4df2-a214-b98918e91f49	3	68699607	75511990	4920	0.0189
fbcaa7b5-9ca9-4df2-a214-b98918e91f49	3	75519398	75547095	8	-1.3002
fbcaa7b5-9ca9-4df2-a214-b98918e91f49	3	75559488	84649532	4961	0.02
fbcaa7b5-9ca9-4df2-a214-b98918e91f49	3	84649683	84653449	23	-0.4162
fbcaa7b5-9ca9-4df2-a214-b98918e91f49	3	84657133	99218940	5966	0.0174
fbcaa7b5-9ca9-4df2-a214-b98918e91f49	3	99225614	99230577	38	-0.6358
fbcaa7b5-9ca9-4df2-a214-b98918e91f49	3	99232120	162828441	38970	0.0185
fbcaa7b5-9ca9-4df2-a214-b98918e91f49	3	162829721	162845719	5	-0.7169
fbcaa7b5-9ca9-4df2-a214-b98918e91f49	3	162846008	162898127	35	-0.1955
fbcaa7b5-9ca9-4df2-a214-b98918e91f49	3	162906054	162908815	8	-0.7563
fbcaa7b5-9ca9-4df2-a214-b98918e91f49	3	162910826	193156018	19132	0.0222
fbcaa7b5-9ca9-4df2-a214-b98918e91f49	3	193156958	193165114	21	-1.1351
fbcaa7b5-9ca9-4df2-a214-b98918e91f49	3	193168646	198169247	2684	0.0111
fbcaa7b5-9ca9-4df2-a214-b98918e91f49	4	68929	10389091	5885	0.0115
fbcaa7b5-9ca9-4df2-a214-b98918e91f49	4	10390730	10398532	14	-0.6404
fbcaa7b5-9ca9-4df2-a214-b98918e91f49	4	10398887	52872244	26351	0.0177
fbcaa7b5-9ca9-4df2-a214-b98918e91f49	4	52872349	52872357	2	-2.5205
fbcaa7b5-9ca9-4df2-a214-b98918e91f49	4	52873095	63828222	6985	0.0165
fbcaa7b5-9ca9-4df2-a214-b98918e91f49	4	63831751	63842540	28	-0.5573
fbcaa7b5-9ca9-4df2-a214-b98918e91f49	4	63850713	68506285	2871	0.0176
fbcaa7b5-9ca9-4df2-a214-b98918e91f49	4	68509223	68620261	64	-1.5789
fbcaa7b5-9ca9-4df2-a214-b98918e91f49	4	68623617	156380587	52771	0.0183
fbcaa7b5-9ca9-4df2-a214-b98918e91f49	4	156384225	156384770	12	-0.7255
fbcaa7b5-9ca9-4df2-a214-b98918e91f49	4	156386889	160952584	2820	0.0142
fbcaa7b5-9ca9-4df2-a214-b98918e91f49	4	160952694	160963448	26	0.4565
fbcaa7b5-9ca9-4df2-a214-b98918e91f49	4	160963756	170346943	5968	0.0145
fbcaa7b5-9ca9-4df2-a214-b98918e91f49	4	170346954	170352007	5	-0.8666
fbcaa7b5-9ca9-4df2-a214-b98918e91f49	4	170352863	171448195	683	0.0274
fbcaa7b5-9ca9-4df2-a214-b98918e91f49	4	171453733	171456137	7	1.1275
fbcaa7b5-9ca9-4df2-a214-b98918e91f49	4	171456293	172066777	401	0.0374
fbcaa7b5-9ca9-4df2-a214-b98918e91f49	4	172067997	172068382	12	-1.2898
fbcaa7b5-9ca9-4df2-a214-b98918e91f49	4	172074828	190106768	12054	0.0219
fbcaa7b5-9ca9-4df2-a214-b98918e91f49	5	15532	667394	299	-0.0172
fbcaa7b5-9ca9-4df2-a214-b98918e91f49	5	670630	801650	38	-0.375
fbcaa7b5-9ca9-4df2-a214-b98918e91f49	5	808932	12800777	9826	0.0208
fbcaa7b5-9ca9-4df2-a214-b98918e91f49	5	12815668	12838421	14	-1.3755
fbcaa7b5-9ca9-4df2-a214-b98918e91f49	5	12849089	12998813	54	0.0503
fbcaa7b5-9ca9-4df2-a214-b98918e91f49	5	13005102	13014395	3	-1.4485
fbcaa7b5-9ca9-4df2-a214-b98918e91f49	5	13014933	58025759	25451	0.0198
fbcaa7b5-9ca9-4df2-a214-b98918e91f49	5	58025819	58044246	35	-0.5409
fbcaa7b5-9ca9-4df2-a214-b98918e91f49	5	58045187	113817942	33035	0.0166
fbcaa7b5-9ca9-4df2-a214-b98918e91f49	5	113822325	113831624	6	-1.0602
fbcaa7b5-9ca9-4df2-a214-b98918e91f49	5	113841208	140851980	16935	0.0142
fbcaa7b5-9ca9-4df2-a214-b98918e91f49	5	140852033	140864171	8	-0.7407
fbcaa7b5-9ca9-4df2-a214-b98918e91f49	5	140872578	152135825	7529	0.0188
fbcaa7b5-9ca9-4df2-a214-b98918e91f49	5	152135909	152140710	14	-0.8074
fbcaa7b5-9ca9-4df2-a214-b98918e91f49	5	152140861	181363319	19420	0.0156
fbcaa7b5-9ca9-4df2-a214-b98918e91f49	6	149661	302306	125	-0.0093
fbcaa7b5-9ca9-4df2-a214-b98918e91f49	6	303017	303121	2	-1.5549
fbcaa7b5-9ca9-4df2-a214-b98918e91f49	6	314962	384521	79	-0.2609
fbcaa7b5-9ca9-4df2-a214-b98918e91f49	6	384546	29869295	21401	0.017
fbcaa7b5-9ca9-4df2-a214-b98918e91f49	6	29869410	29881490	16	-1.1875
fbcaa7b5-9ca9-4df2-a214-b98918e91f49	6	29882419	31309909	660	0.0093
fbcaa7b5-9ca9-4df2-a214-b98918e91f49	6	31313046	31328674	12	-1.0097
fbcaa7b5-9ca9-4df2-a214-b98918e91f49	6	31342147	32197806	329	-0.0491
fbcaa7b5-9ca9-4df2-a214-b98918e91f49	6	32212119	32486746	169	0.0958
fbcaa7b5-9ca9-4df2-a214-b98918e91f49	6	32488906	32658841	60	-0.3441
fbcaa7b5-9ca9-4df2-a214-b98918e91f49	6	32682835	33970222	799	0.0131
fbcaa7b5-9ca9-4df2-a214-b98918e91f49	6	33970966	33974928	7	-0.8583
fbcaa7b5-9ca9-4df2-a214-b98918e91f49	6	33976809	39103427	3180	0.0197
fbcaa7b5-9ca9-4df2-a214-b98918e91f49	6	39103459	39115512	3	-1.3026
fbcaa7b5-9ca9-4df2-a214-b98918e91f49	6	39116577	66328153	15052	0.0195
fbcaa7b5-9ca9-4df2-a214-b98918e91f49	6	66331020	66333004	6	-2.2349
fbcaa7b5-9ca9-4df2-a214-b98918e91f49	6	66333299	73882509	5010	0.0223
fbcaa7b5-9ca9-4df2-a214-b98918e91f49	6	73882741	73891694	9	-2.1331
fbcaa7b5-9ca9-4df2-a214-b98918e91f49	6	73893839	75443734	990	0.0111
fbcaa7b5-9ca9-4df2-a214-b98918e91f49	6	75446008	75451009	7	-0.7925
fbcaa7b5-9ca9-4df2-a214-b98918e91f49	6	75455808	76305231	473	0.0234
fbcaa7b5-9ca9-4df2-a214-b98918e91f49	6	76307183	76307209	3	-0.9109
fbcaa7b5-9ca9-4df2-a214-b98918e91f49	6	76307276	76726815	295	-0.0027
fbcaa7b5-9ca9-4df2-a214-b98918e91f49	6	76730151	76742972	20	-0.5617
fbcaa7b5-9ca9-4df2-a214-b98918e91f49	6	76743040	78252576	972	0.0155
fbcaa7b5-9ca9-4df2-a214-b98918e91f49	6	78252864	78317642	109	0.19
fbcaa7b5-9ca9-4df2-a214-b98918e91f49	6	78317798	103290164	15460	0.0192
fbcaa7b5-9ca9-4df2-a214-b98918e91f49	6	103290209	103290531	7	-1.3963
fbcaa7b5-9ca9-4df2-a214-b98918e91f49	6	103299546	103299735	6	-0.3399
fbcaa7b5-9ca9-4df2-a214-b98918e91f49	6	103299855	103303689	5	-1.627
fbcaa7b5-9ca9-4df2-a214-b98918e91f49	6	103304002	103304075	4	-2.7815
fbcaa7b5-9ca9-4df2-a214-b98918e91f49	6	103304152	103314186	22	-1.3184
fbcaa7b5-9ca9-4df2-a214-b98918e91f49	6	103317795	106693371	2182	0.0304
fbcaa7b5-9ca9-4df2-a214-b98918e91f49	6	106693420	106694068	4	-0.838
fbcaa7b5-9ca9-4df2-a214-b98918e91f49	6	106694434	108300463	958	0.0178
fbcaa7b5-9ca9-4df2-a214-b98918e91f49	6	108303523	108304904	2	-2.7297
fbcaa7b5-9ca9-4df2-a214-b98918e91f49	6	108305013	157360232	31590	0.0155
fbcaa7b5-9ca9-4df2-a214-b98918e91f49	6	157366396	157375044	2	-1.779
fbcaa7b5-9ca9-4df2-a214-b98918e91f49	6	157375962	170741917	9368	0.0185
fbcaa7b5-9ca9-4df2-a214-b98918e91f49	7	43355	29628975	21395	0.0218
fbcaa7b5-9ca9-4df2-a214-b98918e91f49	7	29631102	29646732	7	-1.0473
fbcaa7b5-9ca9-4df2-a214-b98918e91f49	7	29648549	48541346	12761	0.0191
fbcaa7b5-9ca9-4df2-a214-b98918e91f49	7	48542256	48552429	8	-0.9885
fbcaa7b5-9ca9-4df2-a214-b98918e91f49	7	48560583	54305455	4233	0.0175
fbcaa7b5-9ca9-4df2-a214-b98918e91f49	7	54318812	54318824	6	-1.0275
fbcaa7b5-9ca9-4df2-a214-b98918e91f49	7	54325795	57804818	2012	0.0089
fbcaa7b5-9ca9-4df2-a214-b98918e91f49	7	57809172	57847011	9	0.6559
fbcaa7b5-9ca9-4df2-a214-b98918e91f49	7	57854679	65502854	1172	-0.0108
fbcaa7b5-9ca9-4df2-a214-b98918e91f49	7	65539561	65595136	8	-0.9423
fbcaa7b5-9ca9-4df2-a214-b98918e91f49	7	65601789	67164253	527	-0.0056
fbcaa7b5-9ca9-4df2-a214-b98918e91f49	7	67164342	67207129	16	-1.2043
fbcaa7b5-9ca9-4df2-a214-b98918e91f49	7	67211275	67233947	7	-0.3728
fbcaa7b5-9ca9-4df2-a214-b98918e91f49	7	67234797	109797612	24669	0.0181
fbcaa7b5-9ca9-4df2-a214-b98918e91f49	7	109797616	109813801	25	-0.4954
fbcaa7b5-9ca9-4df2-a214-b98918e91f49	7	109813853	159334314	30807	0.019
fbcaa7b5-9ca9-4df2-a214-b98918e91f49	8	81254	4144670	3691	0.0143
fbcaa7b5-9ca9-4df2-a214-b98918e91f49	8	4144685	4144794	3	-1.8345
fbcaa7b5-9ca9-4df2-a214-b98918e91f49	8	4145131	4145783	10	-0.1226
fbcaa7b5-9ca9-4df2-a214-b98918e91f49	8	4145941	4145956	2	-2.9235
fbcaa7b5-9ca9-4df2-a214-b98918e91f49	8	4146039	5736610	2282	0.0329
fbcaa7b5-9ca9-4df2-a214-b98918e91f49	8	5736745	5746973	28	-0.7303
fbcaa7b5-9ca9-4df2-a214-b98918e91f49	8	5749566	7064168	1657	0.0223
fbcaa7b5-9ca9-4df2-a214-b98918e91f49	8	7064355	8234503	108	-0.2179
fbcaa7b5-9ca9-4df2-a214-b98918e91f49	8	8235660	12092042	3215	0.0378
fbcaa7b5-9ca9-4df2-a214-b98918e91f49	8	12130217	12177488	8	-0.6188
fbcaa7b5-9ca9-4df2-a214-b98918e91f49	8	12323772	12389977	29	0.4392
fbcaa7b5-9ca9-4df2-a214-b98918e91f49	8	12418301	12682020	34	-0.2836
fbcaa7b5-9ca9-4df2-a214-b98918e91f49	8	12685224	50118186	24014	0.0186
fbcaa7b5-9ca9-4df2-a214-b98918e91f49	8	50118212	50119451	2	-0.5101
fbcaa7b5-9ca9-4df2-a214-b98918e91f49	8	50119464	50119827	7	-1.7639
fbcaa7b5-9ca9-4df2-a214-b98918e91f49	8	50126018	111282417	37364	0.0175
fbcaa7b5-9ca9-4df2-a214-b98918e91f49	8	111282441	111283016	5	-1.9317
fbcaa7b5-9ca9-4df2-a214-b98918e91f49	8	111283031	143616987	22357	0.0145
fbcaa7b5-9ca9-4df2-a214-b98918e91f49	8	143622987	143625638	9	-1.6831
fbcaa7b5-9ca9-4df2-a214-b98918e91f49	8	143636819	145072769	501	-0.0031
fbcaa7b5-9ca9-4df2-a214-b98918e91f49	9	46587	186364	16	-0.1907
fbcaa7b5-9ca9-4df2-a214-b98918e91f49	9	186580	41569585	31197	0.0238
fbcaa7b5-9ca9-4df2-a214-b98918e91f49	9	41569586	41639988	14	-0.1832
fbcaa7b5-9ca9-4df2-a214-b98918e91f49	9	41644133	41646527	5	-1.0406
fbcaa7b5-9ca9-4df2-a214-b98918e91f49	9	41646850	42109137	15	-0.2467
fbcaa7b5-9ca9-4df2-a214-b98918e91f49	9	42112551	42156306	10	0.3798
fbcaa7b5-9ca9-4df2-a214-b98918e91f49	9	42159409	42585140	22	-0.1259
fbcaa7b5-9ca9-4df2-a214-b98918e91f49	9	42697878	42727685	13	-0.6856
fbcaa7b5-9ca9-4df2-a214-b98918e91f49	9	42729302	61405110	41	-0.121
fbcaa7b5-9ca9-4df2-a214-b98918e91f49	9	61520021	61647899	30	-1.2182
fbcaa7b5-9ca9-4df2-a214-b98918e91f49	9	61665362	67720642	160	-0.148
fbcaa7b5-9ca9-4df2-a214-b98918e91f49	9	67759000	103804216	24769	0.0181
fbcaa7b5-9ca9-4df2-a214-b98918e91f49	9	103806415	103807009	2	-3.2971
fbcaa7b5-9ca9-4df2-a214-b98918e91f49	9	103808421	138200944	23044	0.0188
fbcaa7b5-9ca9-4df2-a214-b98918e91f49	10	45792	479463	249	-0.0325
fbcaa7b5-9ca9-4df2-a214-b98918e91f49	10	480833	484704	2	-2.0592
fbcaa7b5-9ca9-4df2-a214-b98918e91f49	10	486042	16424371	13490	0.0149
fbcaa7b5-9ca9-4df2-a214-b98918e91f49	10	16425243	16428934	3	-1.5969
fbcaa7b5-9ca9-4df2-a214-b98918e91f49	10	16434272	46146453	17695	0.0206
fbcaa7b5-9ca9-4df2-a214-b98918e91f49	10	46154876	46657149	220	0.4124
fbcaa7b5-9ca9-4df2-a214-b98918e91f49	10	46693480	133654968	58828	0.0155
fbcaa7b5-9ca9-4df2-a214-b98918e91f49	11	198510	4946420	2407	0.0044
fbcaa7b5-9ca9-4df2-a214-b98918e91f49	11	4947280	4955042	30	-0.4272
fbcaa7b5-9ca9-4df2-a214-b98918e91f49	11	4955781	5499745	538	0.0263
fbcaa7b5-9ca9-4df2-a214-b98918e91f49	11	5500921	5501298	5	-0.9392
fbcaa7b5-9ca9-4df2-a214-b98918e91f49	11	5501334	5766175	240	0.0444
fbcaa7b5-9ca9-4df2-a214-b98918e91f49	11	5766850	5788108	33	-0.5873
fbcaa7b5-9ca9-4df2-a214-b98918e91f49	11	5788231	6086560	238	-0.028
fbcaa7b5-9ca9-4df2-a214-b98918e91f49	11	6087039	6100864	8	-0.9489
fbcaa7b5-9ca9-4df2-a214-b98918e91f49	11	6101273	64898471	36093	0.0199
fbcaa7b5-9ca9-4df2-a214-b98918e91f49	11	64898476	64901633	2	-1.8544
fbcaa7b5-9ca9-4df2-a214-b98918e91f49	11	64914855	80256469	8095	0.0201
fbcaa7b5-9ca9-4df2-a214-b98918e91f49	11	80256504	80256520	2	-2.9262
fbcaa7b5-9ca9-4df2-a214-b98918e91f49	11	80256642	80827245	441	0.0259
fbcaa7b5-9ca9-4df2-a214-b98918e91f49	11	80827502	80827874	3	-0.94
fbcaa7b5-9ca9-4df2-a214-b98918e91f49	11	80829654	81787763	864	0.0324
fbcaa7b5-9ca9-4df2-a214-b98918e91f49	11	81792426	81806116	11	-0.6945
fbcaa7b5-9ca9-4df2-a214-b98918e91f49	11	81811590	104881675	16109	0.0243
fbcaa7b5-9ca9-4df2-a214-b98918e91f49	11	104883720	104888819	10	-0.8394
fbcaa7b5-9ca9-4df2-a214-b98918e91f49	11	104889359	107359993	1616	0.0138
fbcaa7b5-9ca9-4df2-a214-b98918e91f49	11	107367930	107368205	6	-1.7617
fbcaa7b5-9ca9-4df2-a214-b98918e91f49	11	107368402	135074876	19878	0.018
fbcaa7b5-9ca9-4df2-a214-b98918e91f49	12	51460	8178200	5516	0.0194
fbcaa7b5-9ca9-4df2-a214-b98918e91f49	12	8182301	8442298	84	-0.2293
fbcaa7b5-9ca9-4df2-a214-b98918e91f49	12	8442935	9477960	553	0.0252
fbcaa7b5-9ca9-4df2-a214-b98918e91f49	12	9481274	9562969	23	0.8479
fbcaa7b5-9ca9-4df2-a214-b98918e91f49	12	9575696	11066824	1036	0.0166
fbcaa7b5-9ca9-4df2-a214-b98918e91f49	12	11068125	11088933	10	0.7307
fbcaa7b5-9ca9-4df2-a214-b98918e91f49	12	11099275	33148492	15519	0.0207
fbcaa7b5-9ca9-4df2-a214-b98918e91f49	12	33148586	33154440	25	-0.5566
fbcaa7b5-9ca9-4df2-a214-b98918e91f49	12	33155426	34321447	698	0.0312
fbcaa7b5-9ca9-4df2-a214-b98918e91f49	12	34321857	37593924	131	-0.1707
fbcaa7b5-9ca9-4df2-a214-b98918e91f49	12	37618765	99398036	38392	0.0187
fbcaa7b5-9ca9-4df2-a214-b98918e91f49	12	99401515	99404956	31	-0.5301
fbcaa7b5-9ca9-4df2-a214-b98918e91f49	12	99409315	105545873	4018	0.0167
fbcaa7b5-9ca9-4df2-a214-b98918e91f49	12	105546038	105547550	2	1.3369
fbcaa7b5-9ca9-4df2-a214-b98918e91f49	12	105549177	107815797	1636	0.0145
fbcaa7b5-9ca9-4df2-a214-b98918e91f49	12	107819233	107819706	2	-1.3769
fbcaa7b5-9ca9-4df2-a214-b98918e91f49	12	107827137	124370357	10296	0.0225
fbcaa7b5-9ca9-4df2-a214-b98918e91f49	12	124370730	124370829	2	-1.9896
fbcaa7b5-9ca9-4df2-a214-b98918e91f49	12	124370916	131636170	6112	0.0182
fbcaa7b5-9ca9-4df2-a214-b98918e91f49	12	131648039	131648790	13	-2.3957
fbcaa7b5-9ca9-4df2-a214-b98918e91f49	12	131657925	133201603	557	0.0102
fbcaa7b5-9ca9-4df2-a214-b98918e91f49	13	18452809	58010656	26432	0.0189
fbcaa7b5-9ca9-4df2-a214-b98918e91f49	13	58016147	58031349	10	-0.984
fbcaa7b5-9ca9-4df2-a214-b98918e91f49	13	58031460	82590399	15829	0.019
fbcaa7b5-9ca9-4df2-a214-b98918e91f49	13	82594832	82596543	2	-3.4823
fbcaa7b5-9ca9-4df2-a214-b98918e91f49	13	82598520	110020621	19132	0.0195
fbcaa7b5-9ca9-4df2-a214-b98918e91f49	13	110021267	110021301	2	-1.6622
fbcaa7b5-9ca9-4df2-a214-b98918e91f49	13	110022432	114342922	2621	0.0195
fbcaa7b5-9ca9-4df2-a214-b98918e91f49	14	18239283	19732024	65	0.0299
fbcaa7b5-9ca9-4df2-a214-b98918e91f49	14	19732222	19955213	102	0.5879
fbcaa7b5-9ca9-4df2-a214-b98918e91f49	14	19956767	23986216	2715	0.0378
fbcaa7b5-9ca9-4df2-a214-b98918e91f49	14	23989435	23989734	3	-1.7072
fbcaa7b5-9ca9-4df2-a214-b98918e91f49	14	23992645	27066228	2063	0.0156
fbcaa7b5-9ca9-4df2-a214-b98918e91f49	14	27067046	27067184	2	-1.8404
fbcaa7b5-9ca9-4df2-a214-b98918e91f49	14	27069512	44244665	10661	0.0199
fbcaa7b5-9ca9-4df2-a214-b98918e91f49	14	44246880	44247879	2	-1.8584
fbcaa7b5-9ca9-4df2-a214-b98918e91f49	14	44252472	47227057	1664	0.0239
fbcaa7b5-9ca9-4df2-a214-b98918e91f49	14	47238133	47248244	9	-0.7125
fbcaa7b5-9ca9-4df2-a214-b98918e91f49	14	47252721	73529070	16893	0.0163
fbcaa7b5-9ca9-4df2-a214-b98918e91f49	14	73534419	73554275	9	-2.0536
fbcaa7b5-9ca9-4df2-a214-b98918e91f49	14	73563196	93477148	12974	0.0156
fbcaa7b5-9ca9-4df2-a214-b98918e91f49	14	93478224	93481328	2	-2.9667
fbcaa7b5-9ca9-4df2-a214-b98918e91f49	14	93481997	106340774	7859	0.0153
fbcaa7b5-9ca9-4df2-a214-b98918e91f49	14	106345431	106346129	4	1.2352
fbcaa7b5-9ca9-4df2-a214-b98918e91f49	14	106360014	106418444	31	0.0632
fbcaa7b5-9ca9-4df2-a214-b98918e91f49	14	106423925	106475361	50	-0.5048
fbcaa7b5-9ca9-4df2-a214-b98918e91f49	14	106487515	106877229	193	0.0258
fbcaa7b5-9ca9-4df2-a214-b98918e91f49	15	19811075	20381406	101	0.0076
fbcaa7b5-9ca9-4df2-a214-b98918e91f49	15	20381492	21272760	73	0.2639
fbcaa7b5-9ca9-4df2-a214-b98918e91f49	15	21417107	24424598	1022	0.0106
fbcaa7b5-9ca9-4df2-a214-b98918e91f49	15	24429604	24473449	34	-0.758
fbcaa7b5-9ca9-4df2-a214-b98918e91f49	15	24480146	76586021	32625	0.0176
fbcaa7b5-9ca9-4df2-a214-b98918e91f49	15	76598900	76603003	15	0.676
fbcaa7b5-9ca9-4df2-a214-b98918e91f49	15	76603426	101928837	17571	0.016
fbcaa7b5-9ca9-4df2-a214-b98918e91f49	16	10777	1023552	389	-0.0174
fbcaa7b5-9ca9-4df2-a214-b98918e91f49	16	1028763	1038797	2	-2.0748
fbcaa7b5-9ca9-4df2-a214-b98918e91f49	16	1039949	11510016	8263	0.0207
fbcaa7b5-9ca9-4df2-a214-b98918e91f49	16	11514388	11539626	11	-0.6195
fbcaa7b5-9ca9-4df2-a214-b98918e91f49	16	11539890	12317651	492	0.003
fbcaa7b5-9ca9-4df2-a214-b98918e91f49	16	12321971	12335169	8	-0.8768
fbcaa7b5-9ca9-4df2-a214-b98918e91f49	16	12336672	12555002	222	0.0468
fbcaa7b5-9ca9-4df2-a214-b98918e91f49	16	12555121	12555138	2	1.7814
fbcaa7b5-9ca9-4df2-a214-b98918e91f49	16	12556390	14676775	1675	0.016
fbcaa7b5-9ca9-4df2-a214-b98918e91f49	16	14683536	14956124	30	-0.3938
fbcaa7b5-9ca9-4df2-a214-b98918e91f49	16	14956141	19933041	2337	0.0191
fbcaa7b5-9ca9-4df2-a214-b98918e91f49	16	19934328	19959168	31	-0.8402
fbcaa7b5-9ca9-4df2-a214-b98918e91f49	16	19959496	82546792	32240	0.0158
fbcaa7b5-9ca9-4df2-a214-b98918e91f49	16	82546952	82547264	2	-2.7632
fbcaa7b5-9ca9-4df2-a214-b98918e91f49	16	82547266	90096867	6046	0.0103
fbcaa7b5-9ca9-4df2-a214-b98918e91f49	17	150733	1036804	480	0.0106
fbcaa7b5-9ca9-4df2-a214-b98918e91f49	17	1037830	1047718	3	-1.2695
fbcaa7b5-9ca9-4df2-a214-b98918e91f49	17	1055442	18455635	10892	0.017
fbcaa7b5-9ca9-4df2-a214-b98918e91f49	17	18458372	18550123	22	-0.5018
fbcaa7b5-9ca9-4df2-a214-b98918e91f49	17	18561272	19594577	362	0.0091
fbcaa7b5-9ca9-4df2-a214-b98918e91f49	17	19596423	19635445	31	-0.8354
fbcaa7b5-9ca9-4df2-a214-b98918e91f49	17	19639849	28452035	1862	0.006
fbcaa7b5-9ca9-4df2-a214-b98918e91f49	17	28454323	28455301	2	-2.2325
fbcaa7b5-9ca9-4df2-a214-b98918e91f49	17	28462253	41265433	7121	0.0161
fbcaa7b5-9ca9-4df2-a214-b98918e91f49	17	41265456	41274279	25	-0.7626
fbcaa7b5-9ca9-4df2-a214-b98918e91f49	17	41276472	46130967	2528	0.0062
fbcaa7b5-9ca9-4df2-a214-b98918e91f49	17	46131308	46569894	97	0.3187
fbcaa7b5-9ca9-4df2-a214-b98918e91f49	17	46571001	78398459	19257	0.0205
fbcaa7b5-9ca9-4df2-a214-b98918e91f49	17	78399475	78399775	3	-1.5793
fbcaa7b5-9ca9-4df2-a214-b98918e91f49	17	78402323	79493331	727	0.0061
fbcaa7b5-9ca9-4df2-a214-b98918e91f49	17	79493863	79501634	2	-2.7625
fbcaa7b5-9ca9-4df2-a214-b98918e91f49	17	79511815	83091923	1532	-0.0001
fbcaa7b5-9ca9-4df2-a214-b98918e91f49	18	48133	80257174	50646	0.0174
fbcaa7b5-9ca9-4df2-a214-b98918e91f49	19	90910	10066953	3839	0.0157
fbcaa7b5-9ca9-4df2-a214-b98918e91f49	19	10067819	10074331	8	-0.9978
fbcaa7b5-9ca9-4df2-a214-b98918e91f49	19	10080509	54740939	22882	0.0161
fbcaa7b5-9ca9-4df2-a214-b98918e91f49	19	54772391	54867244	45	-0.8772
fbcaa7b5-9ca9-4df2-a214-b98918e91f49	19	54868000	58586487	2268	0.0105
fbcaa7b5-9ca9-4df2-a214-b98918e91f49	20	80664	995401	739	0.0043
fbcaa7b5-9ca9-4df2-a214-b98918e91f49	20	995460	1004123	11	-0.6761
fbcaa7b5-9ca9-4df2-a214-b98918e91f49	20	1005069	1580156	450	0.0246
fbcaa7b5-9ca9-4df2-a214-b98918e91f49	20	1580276	1613203	43	-0.9474
fbcaa7b5-9ca9-4df2-a214-b98918e91f49	20	1613247	14888669	10000	0.0236
fbcaa7b5-9ca9-4df2-a214-b98918e91f49	20	14889229	15005509	111	-0.9048
fbcaa7b5-9ca9-4df2-a214-b98918e91f49	20	15007861	64284715	30918	0.0194
fbcaa7b5-9ca9-4df2-a214-b98918e91f49	20	64323342	64324800	5	-2.2284
fbcaa7b5-9ca9-4df2-a214-b98918e91f49	21	10354168	46677045	23831	0.0187
fbcaa7b5-9ca9-4df2-a214-b98918e91f49	22	15294547	18167915	1127	0.0183
fbcaa7b5-9ca9-4df2-a214-b98918e91f49	22	18190590	18947964	15	-0.7137
fbcaa7b5-9ca9-4df2-a214-b98918e91f49	22	18950430	20596277	1020	-0.0388
fbcaa7b5-9ca9-4df2-a214-b98918e91f49	22	20598622	20605404	5	-1.6337
fbcaa7b5-9ca9-4df2-a214-b98918e91f49	22	20606366	23929558	2204	-0.0373
fbcaa7b5-9ca9-4df2-a214-b98918e91f49	22	23940911	23990739	18	-0.6964
fbcaa7b5-9ca9-4df2-a214-b98918e91f49	22	23995113	38894915	10776	0.0165
fbcaa7b5-9ca9-4df2-a214-b98918e91f49	22	38899250	38900899	3	-3.245
fbcaa7b5-9ca9-4df2-a214-b98918e91f49	22	38903109	40397256	756	-0.0129
fbcaa7b5-9ca9-4df2-a214-b98918e91f49	22	40398586	40398816	2	-2.821
fbcaa7b5-9ca9-4df2-a214-b98918e91f49	22	40401668	42501276	1185	-0.0011
fbcaa7b5-9ca9-4df2-a214-b98918e91f49	22	42503434	42538456	21	0.5695
fbcaa7b5-9ca9-4df2-a214-b98918e91f49	22	42546956	42554485	3	-0.0308
fbcaa7b5-9ca9-4df2-a214-b98918e91f49	22	42559425	42584045	12	-1.0331
fbcaa7b5-9ca9-4df2-a214-b98918e91f49	22	42585161	50796027	6068	0.0159
fbcaa7b5-9ca9-4df2-a214-b98918e91f49	X	251810	17341233	10588	0.0246
fbcaa7b5-9ca9-4df2-a214-b98918e91f49	X	17353195	17354512	3	-1.3716
fbcaa7b5-9ca9-4df2-a214-b98918e91f49	X	17354673	77179707	29184	0.0199
fbcaa7b5-9ca9-4df2-a214-b98918e91f49	X	77191372	77296889	9	-0.8925
fbcaa7b5-9ca9-4df2-a214-b98918e91f49	X	77324696	138490273	33099	0.016
fbcaa7b5-9ca9-4df2-a214-b98918e91f49	X	138490511	138490686	3	-1.2791
fbcaa7b5-9ca9-4df2-a214-b98918e91f49	X	138490846	155952689	10671	0.0204
fbcaa7b5-9ca9-4df2-a214-b98918e91f49	Y	2782397	3442606	212	-2.84
fbcaa7b5-9ca9-4df2-a214-b98918e91f49	Y	3460727	6081903	509	-2.4374
fbcaa7b5-9ca9-4df2-a214-b98918e91f49	Y	6082843	9327138	1503	-3.0254
fbcaa7b5-9ca9-4df2-a214-b98918e91f49	Y	9329696	9554275	27	-4.6168
fbcaa7b5-9ca9-4df2-a214-b98918e91f49	Y	9554586	13478396	1012	-2.8855
fbcaa7b5-9ca9-4df2-a214-b98918e91f49	Y	13478462	13482643	3	-7.8202
fbcaa7b5-9ca9-4df2-a214-b98918e91f49	Y	13483009	56872112	3372	-2.9407
