GDC_Aliquot	Chromosome	Start	End	Num_Probes	Segment_Mean
d4f1f42a-526a-4d2b-9ee3-aa9334916dd6	1	62920	3109148	655	0.1498
d4f1f42a-526a-4d2b-9ee3-aa9334916dd6	1	3109536	12792599	5826	0.0179
d4f1f42a-526a-4d2b-9ee3-aa9334916dd6	1	12797714	13326062	40	0.291
d4f1f42a-526a-4d2b-9ee3-aa9334916dd6	1	13338980	16525019	2114	0.0101
d4f1f42a-526a-4d2b-9ee3-aa9334916dd6	1	16542868	16999460	135	0.3929
d4f1f42a-526a-4d2b-9ee3-aa9334916dd6	1	17003142	25256850	5239	0.0157
d4f1f42a-526a-4d2b-9ee3-aa9334916dd6	1	25266637	25320253	23	0.7965
d4f1f42a-526a-4d2b-9ee3-aa9334916dd6	1	25320455	27052980	734	0.0158
d4f1f42a-526a-4d2b-9ee3-aa9334916dd6	1	27053459	27053461	2	1.4072
d4f1f42a-526a-4d2b-9ee3-aa9334916dd6	1	27054388	30266949	1659	0.0175
d4f1f42a-526a-4d2b-9ee3-aa9334916dd6	1	30268649	30272363	4	0.7139
d4f1f42a-526a-4d2b-9ee3-aa9334916dd6	1	30274729	34626073	2547	0.0187
d4f1f42a-526a-4d2b-9ee3-aa9334916dd6	1	34637053	34649941	22	-0.4587
d4f1f42a-526a-4d2b-9ee3-aa9334916dd6	1	34650960	54752482	11131	0.0143
d4f1f42a-526a-4d2b-9ee3-aa9334916dd6	1	54755221	54808979	38	0.2879
d4f1f42a-526a-4d2b-9ee3-aa9334916dd6	1	54809137	71521813	12093	0.0123
d4f1f42a-526a-4d2b-9ee3-aa9334916dd6	1	71523887	71546962	14	-0.4189
d4f1f42a-526a-4d2b-9ee3-aa9334916dd6	1	71547250	72284165	459	0.0014
d4f1f42a-526a-4d2b-9ee3-aa9334916dd6	1	72284670	72297687	10	-0.7625
d4f1f42a-526a-4d2b-9ee3-aa9334916dd6	1	72302735	72328779	25	0.3089
d4f1f42a-526a-4d2b-9ee3-aa9334916dd6	1	72329532	74773801	1497	-0.0024
d4f1f42a-526a-4d2b-9ee3-aa9334916dd6	1	74774527	74776897	6	-0.9571
d4f1f42a-526a-4d2b-9ee3-aa9334916dd6	1	74777039	103560608	18499	0.0099
d4f1f42a-526a-4d2b-9ee3-aa9334916dd6	1	103566616	103760781	34	0.6396
d4f1f42a-526a-4d2b-9ee3-aa9334916dd6	1	103760879	105476583	916	0.0042
d4f1f42a-526a-4d2b-9ee3-aa9334916dd6	1	105476614	105481468	19	0.3491
d4f1f42a-526a-4d2b-9ee3-aa9334916dd6	1	105481515	105487979	7	-0.2045
d4f1f42a-526a-4d2b-9ee3-aa9334916dd6	1	105491310	105491593	2	-1.6553
d4f1f42a-526a-4d2b-9ee3-aa9334916dd6	1	105492316	109684893	2621	-0.0003
d4f1f42a-526a-4d2b-9ee3-aa9334916dd6	1	109690352	109692006	10	-0.7998
d4f1f42a-526a-4d2b-9ee3-aa9334916dd6	1	109696900	112147704	1951	0.0184
d4f1f42a-526a-4d2b-9ee3-aa9334916dd6	1	112153343	112154768	25	-1.1688
d4f1f42a-526a-4d2b-9ee3-aa9334916dd6	1	112163334	120146498	5057	0.0164
d4f1f42a-526a-4d2b-9ee3-aa9334916dd6	1	120370887	120385535	2	1.2157
d4f1f42a-526a-4d2b-9ee3-aa9334916dd6	1	120414592	121597150	96	0.0455
d4f1f42a-526a-4d2b-9ee3-aa9334916dd6	1	121598439	145664420	150	0.2454
d4f1f42a-526a-4d2b-9ee3-aa9334916dd6	1	145670653	152583230	2289	0.0445
d4f1f42a-526a-4d2b-9ee3-aa9334916dd6	1	152583291	152613762	30	-0.6591
d4f1f42a-526a-4d2b-9ee3-aa9334916dd6	1	152613802	152787202	171	0.0354
d4f1f42a-526a-4d2b-9ee3-aa9334916dd6	1	152789447	152806082	42	0.4896
d4f1f42a-526a-4d2b-9ee3-aa9334916dd6	1	152806100	174827267	14785	0.0188
d4f1f42a-526a-4d2b-9ee3-aa9334916dd6	1	174827418	174828439	11	-0.4594
d4f1f42a-526a-4d2b-9ee3-aa9334916dd6	1	174828454	196745743	14627	0.0136
d4f1f42a-526a-4d2b-9ee3-aa9334916dd6	1	196758720	196847600	62	0.4084
d4f1f42a-526a-4d2b-9ee3-aa9334916dd6	1	196854187	242960635	32032	0.0173
d4f1f42a-526a-4d2b-9ee3-aa9334916dd6	1	242966050	243129825	31	0.4088
d4f1f42a-526a-4d2b-9ee3-aa9334916dd6	1	243131680	248930189	3721	0.0219
d4f1f42a-526a-4d2b-9ee3-aa9334916dd6	2	12784	4170084	2995	0.0302
d4f1f42a-526a-4d2b-9ee3-aa9334916dd6	2	4170418	4171949	10	-0.894
d4f1f42a-526a-4d2b-9ee3-aa9334916dd6	2	4171952	34460213	21053	0.0088
d4f1f42a-526a-4d2b-9ee3-aa9334916dd6	2	34466002	34512096	48	-0.2668
d4f1f42a-526a-4d2b-9ee3-aa9334916dd6	2	34512489	35742970	860	-0.0316
d4f1f42a-526a-4d2b-9ee3-aa9334916dd6	2	35750907	35762850	7	-1.2158
d4f1f42a-526a-4d2b-9ee3-aa9334916dd6	2	35762881	41011095	3921	0.0099
d4f1f42a-526a-4d2b-9ee3-aa9334916dd6	2	41011303	41016199	19	-1.4307
d4f1f42a-526a-4d2b-9ee3-aa9334916dd6	2	41016287	41401483	287	-0.0916
d4f1f42a-526a-4d2b-9ee3-aa9334916dd6	2	41401861	50665558	6613	0.0076
d4f1f42a-526a-4d2b-9ee3-aa9334916dd6	2	50666236	51088922	285	-0.1035
d4f1f42a-526a-4d2b-9ee3-aa9334916dd6	2	51089302	52215741	763	0.0044
d4f1f42a-526a-4d2b-9ee3-aa9334916dd6	2	52215864	52514599	221	-0.0898
d4f1f42a-526a-4d2b-9ee3-aa9334916dd6	2	52516787	52560811	42	0.5196
d4f1f42a-526a-4d2b-9ee3-aa9334916dd6	2	52563002	55004693	1914	0.0087
d4f1f42a-526a-4d2b-9ee3-aa9334916dd6	2	55009224	55009410	2	-1.2758
d4f1f42a-526a-4d2b-9ee3-aa9334916dd6	2	55011429	64122500	5433	0.0067
d4f1f42a-526a-4d2b-9ee3-aa9334916dd6	2	64122999	64142612	12	-0.4504
d4f1f42a-526a-4d2b-9ee3-aa9334916dd6	2	64143452	66894497	1941	-0.0008
d4f1f42a-526a-4d2b-9ee3-aa9334916dd6	2	66894550	66894566	2	-1.3954
d4f1f42a-526a-4d2b-9ee3-aa9334916dd6	2	66899862	71999562	3507	0.0124
d4f1f42a-526a-4d2b-9ee3-aa9334916dd6	2	72006476	72008558	4	-1.1942
d4f1f42a-526a-4d2b-9ee3-aa9334916dd6	2	72014374	86878753	9135	0.0028
d4f1f42a-526a-4d2b-9ee3-aa9334916dd6	2	86881088	87997552	163	0.2263
d4f1f42a-526a-4d2b-9ee3-aa9334916dd6	2	88000106	88962303	544	0.0162
d4f1f42a-526a-4d2b-9ee3-aa9334916dd6	2	88963555	94681256	292	0.1935
d4f1f42a-526a-4d2b-9ee3-aa9334916dd6	2	94682300	97164886	837	0.0307
d4f1f42a-526a-4d2b-9ee3-aa9334916dd6	2	97168345	97211436	25	0.5265
d4f1f42a-526a-4d2b-9ee3-aa9334916dd6	2	97310327	115776934	10715	0.0167
d4f1f42a-526a-4d2b-9ee3-aa9334916dd6	2	115777346	115824196	32	-0.2908
d4f1f42a-526a-4d2b-9ee3-aa9334916dd6	2	115824811	115826054	3	-0.7982
d4f1f42a-526a-4d2b-9ee3-aa9334916dd6	2	115826769	119287958	2288	0.016
d4f1f42a-526a-4d2b-9ee3-aa9334916dd6	2	119288886	119292266	4	-0.9588
d4f1f42a-526a-4d2b-9ee3-aa9334916dd6	2	119293268	130037806	6824	0.007
d4f1f42a-526a-4d2b-9ee3-aa9334916dd6	2	130059766	130116915	11	1.0282
d4f1f42a-526a-4d2b-9ee3-aa9334916dd6	2	130117303	132571035	882	0.0735
d4f1f42a-526a-4d2b-9ee3-aa9334916dd6	2	132571232	146107526	8640	0.0037
d4f1f42a-526a-4d2b-9ee3-aa9334916dd6	2	146107615	146120238	18	-1.4253
d4f1f42a-526a-4d2b-9ee3-aa9334916dd6	2	146120827	242147305	58976	0.0104
d4f1f42a-526a-4d2b-9ee3-aa9334916dd6	3	20930	334920	300	-0.0528
d4f1f42a-526a-4d2b-9ee3-aa9334916dd6	3	335431	336109	4	1.7742
d4f1f42a-526a-4d2b-9ee3-aa9334916dd6	3	336165	2715132	2040	-0.0723
d4f1f42a-526a-4d2b-9ee3-aa9334916dd6	3	2716479	4063973	1320	0.0116
d4f1f42a-526a-4d2b-9ee3-aa9334916dd6	3	4064051	4064520	5	0.7867
d4f1f42a-526a-4d2b-9ee3-aa9334916dd6	3	4064586	5626019	1261	0.0114
d4f1f42a-526a-4d2b-9ee3-aa9334916dd6	3	5631953	5633029	3	-1.3961
d4f1f42a-526a-4d2b-9ee3-aa9334916dd6	3	5638774	10145397	3658	0.0065
d4f1f42a-526a-4d2b-9ee3-aa9334916dd6	3	10149361	10216895	67	0.2396
d4f1f42a-526a-4d2b-9ee3-aa9334916dd6	3	10217213	21704980	7579	0.0156
d4f1f42a-526a-4d2b-9ee3-aa9334916dd6	3	21705556	21978302	294	-0.1233
d4f1f42a-526a-4d2b-9ee3-aa9334916dd6	3	21978390	30225016	6012	0.0027
d4f1f42a-526a-4d2b-9ee3-aa9334916dd6	3	30226362	30233155	11	-0.6064
d4f1f42a-526a-4d2b-9ee3-aa9334916dd6	3	30234599	45501733	9737	0.0153
d4f1f42a-526a-4d2b-9ee3-aa9334916dd6	3	45504132	45508002	5	-0.9682
d4f1f42a-526a-4d2b-9ee3-aa9334916dd6	3	45513873	46790347	873	0.0263
d4f1f42a-526a-4d2b-9ee3-aa9334916dd6	3	46790471	46790486	2	-1.456
d4f1f42a-526a-4d2b-9ee3-aa9334916dd6	3	46790521	47437019	284	-0.0024
d4f1f42a-526a-4d2b-9ee3-aa9334916dd6	3	47450332	47451230	2	-1.7967
d4f1f42a-526a-4d2b-9ee3-aa9334916dd6	3	47455724	59811143	6909	0.0134
d4f1f42a-526a-4d2b-9ee3-aa9334916dd6	3	59811858	60657312	987	-0.0587
d4f1f42a-526a-4d2b-9ee3-aa9334916dd6	3	60661757	61141148	484	0.0119
d4f1f42a-526a-4d2b-9ee3-aa9334916dd6	3	61141532	61142344	3	-1.0703
d4f1f42a-526a-4d2b-9ee3-aa9334916dd6	3	61145227	65214027	3460	0.0091
d4f1f42a-526a-4d2b-9ee3-aa9334916dd6	3	65214192	65217857	5	0.7655
d4f1f42a-526a-4d2b-9ee3-aa9334916dd6	3	65217863	68697013	2437	0.0171
d4f1f42a-526a-4d2b-9ee3-aa9334916dd6	3	68697108	68698262	14	-0.8002
d4f1f42a-526a-4d2b-9ee3-aa9334916dd6	3	68699607	75383143	4864	0.0162
d4f1f42a-526a-4d2b-9ee3-aa9334916dd6	3	75390630	75511990	56	0.3619
d4f1f42a-526a-4d2b-9ee3-aa9334916dd6	3	75519398	75547095	9	1.1692
d4f1f42a-526a-4d2b-9ee3-aa9334916dd6	3	75559488	75727768	35	0.3235
d4f1f42a-526a-4d2b-9ee3-aa9334916dd6	3	75738966	107314617	15722	0.0073
d4f1f42a-526a-4d2b-9ee3-aa9334916dd6	3	107316951	107317337	2	1.5304
d4f1f42a-526a-4d2b-9ee3-aa9334916dd6	3	107320614	116657625	5813	0.0144
d4f1f42a-526a-4d2b-9ee3-aa9334916dd6	3	116659939	116670768	10	-0.5266
d4f1f42a-526a-4d2b-9ee3-aa9334916dd6	3	116671529	125688845	5638	0.0114
d4f1f42a-526a-4d2b-9ee3-aa9334916dd6	3	125705628	125750578	19	0.3845
d4f1f42a-526a-4d2b-9ee3-aa9334916dd6	3	125756491	126915645	727	0.0286
d4f1f42a-526a-4d2b-9ee3-aa9334916dd6	3	126917513	126923707	3	0.8533
d4f1f42a-526a-4d2b-9ee3-aa9334916dd6	3	126924666	128679860	1097	0.0128
d4f1f42a-526a-4d2b-9ee3-aa9334916dd6	3	128680378	128693488	8	0.7523
d4f1f42a-526a-4d2b-9ee3-aa9334916dd6	3	128695318	130044016	621	0.018
d4f1f42a-526a-4d2b-9ee3-aa9334916dd6	3	130044855	130088155	40	0.6914
d4f1f42a-526a-4d2b-9ee3-aa9334916dd6	3	130089433	130212605	35	0.2343
d4f1f42a-526a-4d2b-9ee3-aa9334916dd6	3	130212780	136300257	3985	0.0085
d4f1f42a-526a-4d2b-9ee3-aa9334916dd6	3	136304109	136306584	2	-1.5409
d4f1f42a-526a-4d2b-9ee3-aa9334916dd6	3	136319699	143375075	4186	0.0099
d4f1f42a-526a-4d2b-9ee3-aa9334916dd6	3	143375798	143375994	2	1.6095
d4f1f42a-526a-4d2b-9ee3-aa9334916dd6	3	143376099	146705500	2194	-0.0007
d4f1f42a-526a-4d2b-9ee3-aa9334916dd6	3	146705553	147983535	678	-0.0654
d4f1f42a-526a-4d2b-9ee3-aa9334916dd6	3	147983657	162775954	9148	0.0061
d4f1f42a-526a-4d2b-9ee3-aa9334916dd6	3	162776329	162822221	32	-0.3203
d4f1f42a-526a-4d2b-9ee3-aa9334916dd6	3	162822685	162822702	2	-1.8254
d4f1f42a-526a-4d2b-9ee3-aa9334916dd6	3	162827928	162906109	46	-0.0276
d4f1f42a-526a-4d2b-9ee3-aa9334916dd6	3	162908192	162914213	11	-0.6418
d4f1f42a-526a-4d2b-9ee3-aa9334916dd6	3	162914232	162996729	63	-0.0431
d4f1f42a-526a-4d2b-9ee3-aa9334916dd6	3	162999939	163001774	2	-1.5875
d4f1f42a-526a-4d2b-9ee3-aa9334916dd6	3	163008371	165803935	1584	-0.0118
d4f1f42a-526a-4d2b-9ee3-aa9334916dd6	3	165804816	166030430	121	-0.1463
d4f1f42a-526a-4d2b-9ee3-aa9334916dd6	3	166032630	173282154	4408	0.0119
d4f1f42a-526a-4d2b-9ee3-aa9334916dd6	3	173282941	173284335	2	-1.1394
d4f1f42a-526a-4d2b-9ee3-aa9334916dd6	3	173287550	173444687	101	0.0378
d4f1f42a-526a-4d2b-9ee3-aa9334916dd6	3	173445369	173518093	61	-0.1656
d4f1f42a-526a-4d2b-9ee3-aa9334916dd6	3	173519113	173571890	25	0.4557
d4f1f42a-526a-4d2b-9ee3-aa9334916dd6	3	173582403	173798242	174	-0.0364
d4f1f42a-526a-4d2b-9ee3-aa9334916dd6	3	173808194	173832823	17	-0.456
d4f1f42a-526a-4d2b-9ee3-aa9334916dd6	3	173835947	175372453	1096	0.0087
d4f1f42a-526a-4d2b-9ee3-aa9334916dd6	3	175373237	175984093	387	-0.1089
d4f1f42a-526a-4d2b-9ee3-aa9334916dd6	3	175984363	186668801	6334	0.0118
d4f1f42a-526a-4d2b-9ee3-aa9334916dd6	3	186668814	186709623	52	0.2771
d4f1f42a-526a-4d2b-9ee3-aa9334916dd6	3	186709740	193155915	4709	0.0051
d4f1f42a-526a-4d2b-9ee3-aa9334916dd6	3	193156958	193165114	21	0.4867
d4f1f42a-526a-4d2b-9ee3-aa9334916dd6	3	193168646	195691392	1488	0.0122
d4f1f42a-526a-4d2b-9ee3-aa9334916dd6	3	195695418	195799712	55	0.2942
d4f1f42a-526a-4d2b-9ee3-aa9334916dd6	3	195800600	198045733	1069	0.028
d4f1f42a-526a-4d2b-9ee3-aa9334916dd6	3	198045878	198047127	4	1.0589
d4f1f42a-526a-4d2b-9ee3-aa9334916dd6	3	198052760	198107539	43	0.029
d4f1f42a-526a-4d2b-9ee3-aa9334916dd6	3	198107669	198169247	30	0.4049
d4f1f42a-526a-4d2b-9ee3-aa9334916dd6	4	68929	3869335	1566	0.032
d4f1f42a-526a-4d2b-9ee3-aa9334916dd6	4	3873169	4174902	78	0.3736
d4f1f42a-526a-4d2b-9ee3-aa9334916dd6	4	4175446	9496271	3522	0.0129
d4f1f42a-526a-4d2b-9ee3-aa9334916dd6	4	9499750	9652366	42	0.4711
d4f1f42a-526a-4d2b-9ee3-aa9334916dd6	4	9657770	10208766	492	0.0414
d4f1f42a-526a-4d2b-9ee3-aa9334916dd6	4	10212536	10232984	32	0.9861
d4f1f42a-526a-4d2b-9ee3-aa9334916dd6	4	10233383	10396987	180	0.0532
d4f1f42a-526a-4d2b-9ee3-aa9334916dd6	4	10397113	10399044	11	-0.6603
d4f1f42a-526a-4d2b-9ee3-aa9334916dd6	4	10401094	26287196	11529	0.0106
d4f1f42a-526a-4d2b-9ee3-aa9334916dd6	4	26290363	26293154	3	-1.1561
d4f1f42a-526a-4d2b-9ee3-aa9334916dd6	4	26293552	43143380	10789	0.0106
d4f1f42a-526a-4d2b-9ee3-aa9334916dd6	4	43143414	43154418	11	-0.7311
d4f1f42a-526a-4d2b-9ee3-aa9334916dd6	4	43154741	48276780	3074	0.0027
d4f1f42a-526a-4d2b-9ee3-aa9334916dd6	4	48286143	48288216	3	1.009
d4f1f42a-526a-4d2b-9ee3-aa9334916dd6	4	48291178	49204422	352	-0.0086
d4f1f42a-526a-4d2b-9ee3-aa9334916dd6	4	49214614	49656595	22	0.821
d4f1f42a-526a-4d2b-9ee3-aa9334916dd6	4	51819533	59756299	5235	0.0127
d4f1f42a-526a-4d2b-9ee3-aa9334916dd6	4	59757133	59764752	2	-1.4715
d4f1f42a-526a-4d2b-9ee3-aa9334916dd6	4	59764829	63841863	2332	0.0045
d4f1f42a-526a-4d2b-9ee3-aa9334916dd6	4	63841887	63865087	18	-0.4022
d4f1f42a-526a-4d2b-9ee3-aa9334916dd6	4	63866325	69254604	3233	-0.0032
d4f1f42a-526a-4d2b-9ee3-aa9334916dd6	4	69254981	69377178	66	0.2673
d4f1f42a-526a-4d2b-9ee3-aa9334916dd6	4	69378363	89935021	12826	0.0156
d4f1f42a-526a-4d2b-9ee3-aa9334916dd6	4	89935244	89999801	35	-0.2576
d4f1f42a-526a-4d2b-9ee3-aa9334916dd6	4	90001883	90361995	229	0.0287
d4f1f42a-526a-4d2b-9ee3-aa9334916dd6	4	90363792	90369563	6	-0.7526
d4f1f42a-526a-4d2b-9ee3-aa9334916dd6	4	90369667	107869215	10238	0.01
d4f1f42a-526a-4d2b-9ee3-aa9334916dd6	4	107871579	108107660	132	0.5287
d4f1f42a-526a-4d2b-9ee3-aa9334916dd6	4	108108431	114252456	3814	0.0018
d4f1f42a-526a-4d2b-9ee3-aa9334916dd6	4	114252472	114261019	26	0.4643
d4f1f42a-526a-4d2b-9ee3-aa9334916dd6	4	114263073	115244564	606	0.0015
d4f1f42a-526a-4d2b-9ee3-aa9334916dd6	4	115244637	115259214	30	-0.5918
d4f1f42a-526a-4d2b-9ee3-aa9334916dd6	4	115259399	143996000	17064	0.0076
d4f1f42a-526a-4d2b-9ee3-aa9334916dd6	4	143996159	144080936	42	0.2763
d4f1f42a-526a-4d2b-9ee3-aa9334916dd6	4	144083527	148006348	2170	0.0179
d4f1f42a-526a-4d2b-9ee3-aa9334916dd6	4	148007062	148009436	8	-0.6305
d4f1f42a-526a-4d2b-9ee3-aa9334916dd6	4	148015907	150245085	1297	0.0009
d4f1f42a-526a-4d2b-9ee3-aa9334916dd6	4	150245779	150245782	3	-1.1981
d4f1f42a-526a-4d2b-9ee3-aa9334916dd6	4	150248148	171448195	13376	0.0073
d4f1f42a-526a-4d2b-9ee3-aa9334916dd6	4	171453733	171456559	10	0.6775
d4f1f42a-526a-4d2b-9ee3-aa9334916dd6	4	171456573	188300104	11332	0.0053
d4f1f42a-526a-4d2b-9ee3-aa9334916dd6	4	188300206	188301659	5	1.0006
d4f1f42a-526a-4d2b-9ee3-aa9334916dd6	4	188301899	189543103	954	-0.0136
d4f1f42a-526a-4d2b-9ee3-aa9334916dd6	4	189550263	189560091	6	0.8993
d4f1f42a-526a-4d2b-9ee3-aa9334916dd6	4	189562094	189864410	121	0.0175
d4f1f42a-526a-4d2b-9ee3-aa9334916dd6	4	189870388	189871792	2	1.5981
d4f1f42a-526a-4d2b-9ee3-aa9334916dd6	4	189872905	190030808	50	0.321
d4f1f42a-526a-4d2b-9ee3-aa9334916dd6	4	190036331	190106768	7	0.9093
d4f1f42a-526a-4d2b-9ee3-aa9334916dd6	5	15532	667394	299	0.0836
d4f1f42a-526a-4d2b-9ee3-aa9334916dd6	5	670630	773453	34	0.706
d4f1f42a-526a-4d2b-9ee3-aa9334916dd6	5	779766	819817	11	0.3699
d4f1f42a-526a-4d2b-9ee3-aa9334916dd6	5	819921	1927179	598	0.0891
d4f1f42a-526a-4d2b-9ee3-aa9334916dd6	5	1927239	12819866	9238	0.0082
d4f1f42a-526a-4d2b-9ee3-aa9334916dd6	5	12819904	12962434	37	-0.2813
d4f1f42a-526a-4d2b-9ee3-aa9334916dd6	5	12964436	17342373	3029	0.0035
d4f1f42a-526a-4d2b-9ee3-aa9334916dd6	5	17344127	17356130	8	-0.7133
d4f1f42a-526a-4d2b-9ee3-aa9334916dd6	5	17358160	17470007	78	-0.0311
d4f1f42a-526a-4d2b-9ee3-aa9334916dd6	5	17472794	17608147	34	0.2197
d4f1f42a-526a-4d2b-9ee3-aa9334916dd6	5	17625524	17642176	8	-0.8494
d4f1f42a-526a-4d2b-9ee3-aa9334916dd6	5	17642442	21376735	2269	-0.0119
d4f1f42a-526a-4d2b-9ee3-aa9334916dd6	5	21377730	21377744	2	-1.4767
d4f1f42a-526a-4d2b-9ee3-aa9334916dd6	5	21385957	21451168	46	0.0623
d4f1f42a-526a-4d2b-9ee3-aa9334916dd6	5	21451855	21451889	2	-1.8419
d4f1f42a-526a-4d2b-9ee3-aa9334916dd6	5	21452329	45899689	14860	0.0055
d4f1f42a-526a-4d2b-9ee3-aa9334916dd6	5	45904420	50273126	121	0.1605
d4f1f42a-526a-4d2b-9ee3-aa9334916dd6	5	50276884	63296119	8507	0.0052
d4f1f42a-526a-4d2b-9ee3-aa9334916dd6	5	63296924	63741071	262	-0.1041
d4f1f42a-526a-4d2b-9ee3-aa9334916dd6	5	63741405	67244653	2143	0.012
d4f1f42a-526a-4d2b-9ee3-aa9334916dd6	5	67244755	67245812	2	-1.0381
d4f1f42a-526a-4d2b-9ee3-aa9334916dd6	5	67246697	69533520	1427	0.0065
d4f1f42a-526a-4d2b-9ee3-aa9334916dd6	5	69550476	70959073	14	0.5766
d4f1f42a-526a-4d2b-9ee3-aa9334916dd6	5	70959076	84965653	8608	0.0075
d4f1f42a-526a-4d2b-9ee3-aa9334916dd6	5	84965850	84966085	3	-1.1671
d4f1f42a-526a-4d2b-9ee3-aa9334916dd6	5	84968631	86819561	1021	0.0098
d4f1f42a-526a-4d2b-9ee3-aa9334916dd6	5	86820504	86823329	2	-2.7139
d4f1f42a-526a-4d2b-9ee3-aa9334916dd6	5	86825812	99027536	6692	0.0063
d4f1f42a-526a-4d2b-9ee3-aa9334916dd6	5	99027618	99485368	266	-0.0677
d4f1f42a-526a-4d2b-9ee3-aa9334916dd6	5	99498288	99540716	14	0.4857
d4f1f42a-526a-4d2b-9ee3-aa9334916dd6	5	99542483	100457908	541	-0.0691
d4f1f42a-526a-4d2b-9ee3-aa9334916dd6	5	100457940	156049988	35753	0.0079
d4f1f42a-526a-4d2b-9ee3-aa9334916dd6	5	156051752	156055719	11	-0.5246
d4f1f42a-526a-4d2b-9ee3-aa9334916dd6	5	156068240	172014600	11096	0.0062
d4f1f42a-526a-4d2b-9ee3-aa9334916dd6	5	172018480	172199106	144	0.1783
d4f1f42a-526a-4d2b-9ee3-aa9334916dd6	5	172199205	181363319	5538	0.0251
d4f1f42a-526a-4d2b-9ee3-aa9334916dd6	6	149661	149835	3	0.9176
d4f1f42a-526a-4d2b-9ee3-aa9334916dd6	6	150286	476395	289	0.1533
d4f1f42a-526a-4d2b-9ee3-aa9334916dd6	6	483629	29866171	21311	0.0113
d4f1f42a-526a-4d2b-9ee3-aa9334916dd6	6	29866672	29869295	12	0.2844
d4f1f42a-526a-4d2b-9ee3-aa9334916dd6	6	29869410	29907031	24	0.8039
d4f1f42a-526a-4d2b-9ee3-aa9334916dd6	6	29909182	31309909	655	0.0533
d4f1f42a-526a-4d2b-9ee3-aa9334916dd6	6	31313046	31328176	9	-1.2869
d4f1f42a-526a-4d2b-9ee3-aa9334916dd6	6	31328210	31376880	43	-0.0802
d4f1f42a-526a-4d2b-9ee3-aa9334916dd6	6	31377819	32212119	294	0.1433
d4f1f42a-526a-4d2b-9ee3-aa9334916dd6	6	32212343	52746320	12926	0.0114
d4f1f42a-526a-4d2b-9ee3-aa9334916dd6	6	52746586	52795748	43	0.4081
d4f1f42a-526a-4d2b-9ee3-aa9334916dd6	6	52797717	54060406	948	0.0153
d4f1f42a-526a-4d2b-9ee3-aa9334916dd6	6	54066269	54070550	10	0.6156
d4f1f42a-526a-4d2b-9ee3-aa9334916dd6	6	54070617	61264479	2527	0.019
d4f1f42a-526a-4d2b-9ee3-aa9334916dd6	6	61264796	61532234	32	0.4014
d4f1f42a-526a-4d2b-9ee3-aa9334916dd6	6	61537573	76730151	9588	0.0057
d4f1f42a-526a-4d2b-9ee3-aa9334916dd6	6	76730331	76733530	10	-0.6866
d4f1f42a-526a-4d2b-9ee3-aa9334916dd6	6	76736482	78261995	989	0.0151
d4f1f42a-526a-4d2b-9ee3-aa9334916dd6	6	78262064	78325223	106	0.2031
d4f1f42a-526a-4d2b-9ee3-aa9334916dd6	6	78325310	93761322	9902	0.0065
d4f1f42a-526a-4d2b-9ee3-aa9334916dd6	6	93765426	94514050	491	-0.1093
d4f1f42a-526a-4d2b-9ee3-aa9334916dd6	6	94516901	103299735	5088	0.0053
d4f1f42a-526a-4d2b-9ee3-aa9334916dd6	6	103299855	103317855	34	0.6311
d4f1f42a-526a-4d2b-9ee3-aa9334916dd6	6	103320903	114874292	7231	0.0111
d4f1f42a-526a-4d2b-9ee3-aa9334916dd6	6	114881368	114881626	4	-5.2559
d4f1f42a-526a-4d2b-9ee3-aa9334916dd6	6	114885112	170741917	36880	0.0136
d4f1f42a-526a-4d2b-9ee3-aa9334916dd6	7	43355	1192042	351	0.121
d4f1f42a-526a-4d2b-9ee3-aa9334916dd6	7	1198303	5777366	2657	0.0043
d4f1f42a-526a-4d2b-9ee3-aa9334916dd6	7	5777622	5868042	38	0.1455
d4f1f42a-526a-4d2b-9ee3-aa9334916dd6	7	5871660	5879479	6	0.8959
d4f1f42a-526a-4d2b-9ee3-aa9334916dd6	7	5888325	6836554	374	0.0311
d4f1f42a-526a-4d2b-9ee3-aa9334916dd6	7	6842621	6890031	15	0.7443
d4f1f42a-526a-4d2b-9ee3-aa9334916dd6	7	6893145	8786255	1613	0.0012
d4f1f42a-526a-4d2b-9ee3-aa9334916dd6	7	8787540	8826367	49	-1.0684
d4f1f42a-526a-4d2b-9ee3-aa9334916dd6	7	8833366	9188222	331	-0.0865
d4f1f42a-526a-4d2b-9ee3-aa9334916dd6	7	9190042	17167132	6382	-0.0007
d4f1f42a-526a-4d2b-9ee3-aa9334916dd6	7	17168958	17458471	179	-0.1155
d4f1f42a-526a-4d2b-9ee3-aa9334916dd6	7	17458987	17460971	4	1.1149
d4f1f42a-526a-4d2b-9ee3-aa9334916dd6	7	17461008	18772599	997	0.0005
d4f1f42a-526a-4d2b-9ee3-aa9334916dd6	7	18772791	19756563	1021	-0.0507
d4f1f42a-526a-4d2b-9ee3-aa9334916dd6	7	19756660	29648549	7391	0.0096
d4f1f42a-526a-4d2b-9ee3-aa9334916dd6	7	29650069	29650443	2	-1.1458
d4f1f42a-526a-4d2b-9ee3-aa9334916dd6	7	29651467	38279875	5930	0.0077
d4f1f42a-526a-4d2b-9ee3-aa9334916dd6	7	38280173	38331191	96	0.1925
d4f1f42a-526a-4d2b-9ee3-aa9334916dd6	7	38331733	56682345	12547	0.0054
d4f1f42a-526a-4d2b-9ee3-aa9334916dd6	7	56682932	63797140	813	0.1693
d4f1f42a-526a-4d2b-9ee3-aa9334916dd6	7	63804090	64087812	130	-0.0061
d4f1f42a-526a-4d2b-9ee3-aa9334916dd6	7	64089882	64114217	8	0.6424
d4f1f42a-526a-4d2b-9ee3-aa9334916dd6	7	64115014	65059538	507	0.0083
d4f1f42a-526a-4d2b-9ee3-aa9334916dd6	7	65067040	65271235	49	0.2371
d4f1f42a-526a-4d2b-9ee3-aa9334916dd6	7	65271291	65473676	125	0.0075
d4f1f42a-526a-4d2b-9ee3-aa9334916dd6	7	65475914	65502854	13	0.4276
d4f1f42a-526a-4d2b-9ee3-aa9334916dd6	7	65539561	65561579	4	-0.9601
d4f1f42a-526a-4d2b-9ee3-aa9334916dd6	7	65586825	65617846	21	0.3409
d4f1f42a-526a-4d2b-9ee3-aa9334916dd6	7	65619649	72532220	3972	0.0052
d4f1f42a-526a-4d2b-9ee3-aa9334916dd6	7	72532544	72557787	15	0.5733
d4f1f42a-526a-4d2b-9ee3-aa9334916dd6	7	72567077	78394824	2095	0.0246
d4f1f42a-526a-4d2b-9ee3-aa9334916dd6	7	78395099	78399381	3	-1.2062
d4f1f42a-526a-4d2b-9ee3-aa9334916dd6	7	78400937	88611539	6613	0.0032
d4f1f42a-526a-4d2b-9ee3-aa9334916dd6	7	88611573	89744451	756	-0.1117
d4f1f42a-526a-4d2b-9ee3-aa9334916dd6	7	89746799	100727566	6428	0.0069
d4f1f42a-526a-4d2b-9ee3-aa9334916dd6	7	100731621	100731642	2	-1.6818
d4f1f42a-526a-4d2b-9ee3-aa9334916dd6	7	100735219	102460859	766	0.0003
d4f1f42a-526a-4d2b-9ee3-aa9334916dd6	7	102461717	102754481	23	0.4242
d4f1f42a-526a-4d2b-9ee3-aa9334916dd6	7	102754800	109797700	4539	0.0035
d4f1f42a-526a-4d2b-9ee3-aa9334916dd6	7	109797715	109800866	9	0.7226
d4f1f42a-526a-4d2b-9ee3-aa9334916dd6	7	109801155	126405597	10032	0.0039
d4f1f42a-526a-4d2b-9ee3-aa9334916dd6	7	126405632	126406827	15	0.4888
d4f1f42a-526a-4d2b-9ee3-aa9334916dd6	7	126412712	126643426	149	-0.0158
d4f1f42a-526a-4d2b-9ee3-aa9334916dd6	7	126643707	126644754	3	-0.8912
d4f1f42a-526a-4d2b-9ee3-aa9334916dd6	7	126646547	128288655	1119	0.0178
d4f1f42a-526a-4d2b-9ee3-aa9334916dd6	7	128288776	128291386	13	0.4749
d4f1f42a-526a-4d2b-9ee3-aa9334916dd6	7	128300616	128522840	108	0.0088
d4f1f42a-526a-4d2b-9ee3-aa9334916dd6	7	128523281	128667935	27	0.3204
d4f1f42a-526a-4d2b-9ee3-aa9334916dd6	7	128668332	134093899	3273	0.0093
d4f1f42a-526a-4d2b-9ee3-aa9334916dd6	7	134100424	134114093	34	0.636
d4f1f42a-526a-4d2b-9ee3-aa9334916dd6	7	134114401	142083169	5205	0.0095
d4f1f42a-526a-4d2b-9ee3-aa9334916dd6	7	142084696	142090383	15	0.4684
d4f1f42a-526a-4d2b-9ee3-aa9334916dd6	7	142090403	142440316	280	0.0142
d4f1f42a-526a-4d2b-9ee3-aa9334916dd6	7	142440552	142783177	164	0.2038
d4f1f42a-526a-4d2b-9ee3-aa9334916dd6	7	142784177	149843725	4240	0.0051
d4f1f42a-526a-4d2b-9ee3-aa9334916dd6	7	149844637	150331807	183	0.1499
d4f1f42a-526a-4d2b-9ee3-aa9334916dd6	7	150331869	153450553	1899	0.0156
d4f1f42a-526a-4d2b-9ee3-aa9334916dd6	7	153450560	153450627	2	-1.2558
d4f1f42a-526a-4d2b-9ee3-aa9334916dd6	7	153450630	154598185	850	0.0414
d4f1f42a-526a-4d2b-9ee3-aa9334916dd6	7	154601461	154607903	4	-1.3184
d4f1f42a-526a-4d2b-9ee3-aa9334916dd6	7	154609120	159334314	3230	0.0254
d4f1f42a-526a-4d2b-9ee3-aa9334916dd6	8	81254	643041	322	0.0589
d4f1f42a-526a-4d2b-9ee3-aa9334916dd6	8	644944	645908	10	1.4089
d4f1f42a-526a-4d2b-9ee3-aa9334916dd6	8	656117	7076236	7354	0
d4f1f42a-526a-4d2b-9ee3-aa9334916dd6	8	7078298	8196822	98	0.3838
d4f1f42a-526a-4d2b-9ee3-aa9334916dd6	8	8197738	9644613	1340	0.0022
d4f1f42a-526a-4d2b-9ee3-aa9334916dd6	8	9644645	9644751	3	-1.5009
d4f1f42a-526a-4d2b-9ee3-aa9334916dd6	8	9644826	12002231	1867	0.0243
d4f1f42a-526a-4d2b-9ee3-aa9334916dd6	8	12004300	12143614	13	0.4047
d4f1f42a-526a-4d2b-9ee3-aa9334916dd6	8	12176798	12419769	33	1.0519
d4f1f42a-526a-4d2b-9ee3-aa9334916dd6	8	12454103	12697234	42	0.4917
d4f1f42a-526a-4d2b-9ee3-aa9334916dd6	8	12698533	27184643	11994	0.0089
d4f1f42a-526a-4d2b-9ee3-aa9334916dd6	8	27188793	27188884	2	-1.4505
d4f1f42a-526a-4d2b-9ee3-aa9334916dd6	8	27196125	27538332	253	0.0225
d4f1f42a-526a-4d2b-9ee3-aa9334916dd6	8	27538691	27543121	6	0.8853
d4f1f42a-526a-4d2b-9ee3-aa9334916dd6	8	27543396	32821348	3560	0.0073
d4f1f42a-526a-4d2b-9ee3-aa9334916dd6	8	32825580	32834588	9	0.591
d4f1f42a-526a-4d2b-9ee3-aa9334916dd6	8	32834603	39373140	3569	0.0056
d4f1f42a-526a-4d2b-9ee3-aa9334916dd6	8	39378084	39529446	58	-1.5436
d4f1f42a-526a-4d2b-9ee3-aa9334916dd6	8	39530780	43274534	2414	0.0052
d4f1f42a-526a-4d2b-9ee3-aa9334916dd6	8	43277933	43280173	2	-1.0998
d4f1f42a-526a-4d2b-9ee3-aa9334916dd6	8	43280222	43769752	135	0.0548
d4f1f42a-526a-4d2b-9ee3-aa9334916dd6	8	43769977	46503830	160	0.2284
d4f1f42a-526a-4d2b-9ee3-aa9334916dd6	8	46503845	114622478	41065	0.0075
d4f1f42a-526a-4d2b-9ee3-aa9334916dd6	8	114622678	114623472	8	-0.9731
d4f1f42a-526a-4d2b-9ee3-aa9334916dd6	8	114626121	133157992	13056	0.008
d4f1f42a-526a-4d2b-9ee3-aa9334916dd6	8	133158243	133161244	12	-0.4735
d4f1f42a-526a-4d2b-9ee3-aa9334916dd6	8	133161292	140990666	6183	0.0058
d4f1f42a-526a-4d2b-9ee3-aa9334916dd6	8	140990814	145072769	1815	0.0992
d4f1f42a-526a-4d2b-9ee3-aa9334916dd6	9	46587	5079156	5238	0.0211
d4f1f42a-526a-4d2b-9ee3-aa9334916dd6	9	5081416	5081766	8	-0.8548
d4f1f42a-526a-4d2b-9ee3-aa9334916dd6	9	5081852	9247009	3581	0.0111
d4f1f42a-526a-4d2b-9ee3-aa9334916dd6	9	9247105	12617397	2904	-0.0461
d4f1f42a-526a-4d2b-9ee3-aa9334916dd6	9	12617803	28570654	12617	0.0095
d4f1f42a-526a-4d2b-9ee3-aa9334916dd6	9	28571237	28941651	298	-0.1091
d4f1f42a-526a-4d2b-9ee3-aa9334916dd6	9	28943169	38808961	6436	0.0068
d4f1f42a-526a-4d2b-9ee3-aa9334916dd6	9	38912300	42014203	172	0.2861
d4f1f42a-526a-4d2b-9ee3-aa9334916dd6	9	42037471	42546668	35	-0.2395
d4f1f42a-526a-4d2b-9ee3-aa9334916dd6	9	42566207	61405110	57	0.4519
d4f1f42a-526a-4d2b-9ee3-aa9334916dd6	9	61520021	61629689	28	-0.5102
d4f1f42a-526a-4d2b-9ee3-aa9334916dd6	9	61633080	68424128	194	0.3329
d4f1f42a-526a-4d2b-9ee3-aa9334916dd6	9	68425024	102745738	24007	0.0129
d4f1f42a-526a-4d2b-9ee3-aa9334916dd6	9	102753540	102753569	2	-2.012
d4f1f42a-526a-4d2b-9ee3-aa9334916dd6	9	102754029	118593401	12229	0.0084
d4f1f42a-526a-4d2b-9ee3-aa9334916dd6	9	118596825	118636643	40	-0.2662
d4f1f42a-526a-4d2b-9ee3-aa9334916dd6	9	118638630	135319522	10462	0.0121
d4f1f42a-526a-4d2b-9ee3-aa9334916dd6	9	135322259	135402232	69	0.2154
d4f1f42a-526a-4d2b-9ee3-aa9334916dd6	9	135410880	137325416	615	0.0221
d4f1f42a-526a-4d2b-9ee3-aa9334916dd6	9	137333703	137333905	6	0.8865
d4f1f42a-526a-4d2b-9ee3-aa9334916dd6	9	137334669	137339957	7	-0.0637
d4f1f42a-526a-4d2b-9ee3-aa9334916dd6	9	137356366	137361381	8	0.6166
d4f1f42a-526a-4d2b-9ee3-aa9334916dd6	9	137378551	138107414	346	0.007
d4f1f42a-526a-4d2b-9ee3-aa9334916dd6	9	138109449	138200944	60	0.3245
d4f1f42a-526a-4d2b-9ee3-aa9334916dd6	10	45792	42186685	29061	0.0122
d4f1f42a-526a-4d2b-9ee3-aa9334916dd6	10	42189813	42264605	13	0.7056
d4f1f42a-526a-4d2b-9ee3-aa9334916dd6	10	42267782	46035554	2345	0.0155
d4f1f42a-526a-4d2b-9ee3-aa9334916dd6	10	46035886	47084490	296	0.1593
d4f1f42a-526a-4d2b-9ee3-aa9334916dd6	10	47084999	48463351	484	0.057
d4f1f42a-526a-4d2b-9ee3-aa9334916dd6	10	48467919	49929507	1144	0.0151
d4f1f42a-526a-4d2b-9ee3-aa9334916dd6	10	49975891	50062639	31	0.3801
d4f1f42a-526a-4d2b-9ee3-aa9334916dd6	10	50070600	50210870	9	-0.087
d4f1f42a-526a-4d2b-9ee3-aa9334916dd6	10	50222104	50649381	346	-0.046
d4f1f42a-526a-4d2b-9ee3-aa9334916dd6	10	50650568	50716389	29	0.3544
d4f1f42a-526a-4d2b-9ee3-aa9334916dd6	10	50719256	55990954	3971	-0.0045
d4f1f42a-526a-4d2b-9ee3-aa9334916dd6	10	55994804	56029906	19	-0.4845
d4f1f42a-526a-4d2b-9ee3-aa9334916dd6	10	56030370	65549243	6633	0.0125
d4f1f42a-526a-4d2b-9ee3-aa9334916dd6	10	65549249	65554672	14	-0.5587
d4f1f42a-526a-4d2b-9ee3-aa9334916dd6	10	65554688	130343472	44086	0.0096
d4f1f42a-526a-4d2b-9ee3-aa9334916dd6	10	130348091	133420688	1957	0.0557
d4f1f42a-526a-4d2b-9ee3-aa9334916dd6	10	133429369	133574363	111	0.6255
d4f1f42a-526a-4d2b-9ee3-aa9334916dd6	10	133574371	133654968	33	0.132
d4f1f42a-526a-4d2b-9ee3-aa9334916dd6	11	198510	3389379	1273	0.0413
d4f1f42a-526a-4d2b-9ee3-aa9334916dd6	11	3390147	3657448	100	0.2093
d4f1f42a-526a-4d2b-9ee3-aa9334916dd6	11	3658428	4946166	1041	0.0099
d4f1f42a-526a-4d2b-9ee3-aa9334916dd6	11	4946420	4969872	37	-0.8758
d4f1f42a-526a-4d2b-9ee3-aa9334916dd6	11	4971052	5766850	777	-0.0067
d4f1f42a-526a-4d2b-9ee3-aa9334916dd6	11	5766862	5788108	32	0.3333
d4f1f42a-526a-4d2b-9ee3-aa9334916dd6	11	5788231	6086560	238	0.0391
d4f1f42a-526a-4d2b-9ee3-aa9334916dd6	11	6087039	6095613	4	-1.0921
d4f1f42a-526a-4d2b-9ee3-aa9334916dd6	11	6095784	49686823	30186	0.01
d4f1f42a-526a-4d2b-9ee3-aa9334916dd6	11	49689309	49736039	15	-0.5505
d4f1f42a-526a-4d2b-9ee3-aa9334916dd6	11	49736119	50096159	161	0.0285
d4f1f42a-526a-4d2b-9ee3-aa9334916dd6	11	50101778	55606727	576	0.1088
d4f1f42a-526a-4d2b-9ee3-aa9334916dd6	11	55608547	55608804	4	1.0722
d4f1f42a-526a-4d2b-9ee3-aa9334916dd6	11	55609022	55670243	37	0.1214
d4f1f42a-526a-4d2b-9ee3-aa9334916dd6	11	55671856	64790643	5120	0.0081
d4f1f42a-526a-4d2b-9ee3-aa9334916dd6	11	64791212	65867819	403	0.1467
d4f1f42a-526a-4d2b-9ee3-aa9334916dd6	11	65868582	65885838	8	0.0411
d4f1f42a-526a-4d2b-9ee3-aa9334916dd6	11	65893863	65894490	3	-0.445
d4f1f42a-526a-4d2b-9ee3-aa9334916dd6	11	65894607	66046006	73	0.0807
d4f1f42a-526a-4d2b-9ee3-aa9334916dd6	11	66049676	66050121	3	-0.6735
d4f1f42a-526a-4d2b-9ee3-aa9334916dd6	11	66050263	67577849	563	-0.0006
d4f1f42a-526a-4d2b-9ee3-aa9334916dd6	11	67581985	67981851	128	0.3179
d4f1f42a-526a-4d2b-9ee3-aa9334916dd6	11	67996609	71659754	2022	0.004
d4f1f42a-526a-4d2b-9ee3-aa9334916dd6	11	71660739	71689412	9	0.6993
d4f1f42a-526a-4d2b-9ee3-aa9334916dd6	11	71694420	71832965	39	0.1812
d4f1f42a-526a-4d2b-9ee3-aa9334916dd6	11	71838957	71840556	3	0.7808
d4f1f42a-526a-4d2b-9ee3-aa9334916dd6	11	71841619	81792950	6203	0.008
d4f1f42a-526a-4d2b-9ee3-aa9334916dd6	11	81794421	81795182	2	-1.1678
d4f1f42a-526a-4d2b-9ee3-aa9334916dd6	11	81800560	81951161	123	0.0068
d4f1f42a-526a-4d2b-9ee3-aa9334916dd6	11	81951604	81951982	3	1.2926
d4f1f42a-526a-4d2b-9ee3-aa9334916dd6	11	81957602	103464497	14953	0.004
d4f1f42a-526a-4d2b-9ee3-aa9334916dd6	11	103465296	103486745	14	-0.481
d4f1f42a-526a-4d2b-9ee3-aa9334916dd6	11	103487363	103593639	84	-0.0842
d4f1f42a-526a-4d2b-9ee3-aa9334916dd6	11	103593797	103594322	7	-0.9784
d4f1f42a-526a-4d2b-9ee3-aa9334916dd6	11	103598688	134486015	21999	0.0107
d4f1f42a-526a-4d2b-9ee3-aa9334916dd6	11	134486039	135074876	479	0.089
d4f1f42a-526a-4d2b-9ee3-aa9334916dd6	12	51460	555340	294	0.0505
d4f1f42a-526a-4d2b-9ee3-aa9334916dd6	12	558444	586884	31	0.3314
d4f1f42a-526a-4d2b-9ee3-aa9334916dd6	12	586971	1854782	745	0.006
d4f1f42a-526a-4d2b-9ee3-aa9334916dd6	12	1855101	1862112	13	0.4915
d4f1f42a-526a-4d2b-9ee3-aa9334916dd6	12	1867142	4276217	1794	0.0213
d4f1f42a-526a-4d2b-9ee3-aa9334916dd6	12	4276294	4278918	10	0.4686
d4f1f42a-526a-4d2b-9ee3-aa9334916dd6	12	4279105	6904094	2031	0.0047
d4f1f42a-526a-4d2b-9ee3-aa9334916dd6	12	6905443	6920703	8	0.6156
d4f1f42a-526a-4d2b-9ee3-aa9334916dd6	12	6920902	8165239	600	-0.0025
d4f1f42a-526a-4d2b-9ee3-aa9334916dd6	12	8168303	8405892	72	0.322
d4f1f42a-526a-4d2b-9ee3-aa9334916dd6	12	8406040	8432076	17	0.8321
d4f1f42a-526a-4d2b-9ee3-aa9334916dd6	12	8442298	8572830	89	0.0067
d4f1f42a-526a-4d2b-9ee3-aa9334916dd6	12	8573031	8575726	4	0.4236
d4f1f42a-526a-4d2b-9ee3-aa9334916dd6	12	8577184	9274270	373	-0.0018
d4f1f42a-526a-4d2b-9ee3-aa9334916dd6	12	9282219	9283548	7	-0.7747
d4f1f42a-526a-4d2b-9ee3-aa9334916dd6	12	9290254	9481274	84	0.208
d4f1f42a-526a-4d2b-9ee3-aa9334916dd6	12	9485313	9561078	21	-0.815
d4f1f42a-526a-4d2b-9ee3-aa9334916dd6	12	9562969	11359558	1181	0.0081
d4f1f42a-526a-4d2b-9ee3-aa9334916dd6	12	11359597	11390472	28	-0.6086
d4f1f42a-526a-4d2b-9ee3-aa9334916dd6	12	11399258	24240820	8717	0.013
d4f1f42a-526a-4d2b-9ee3-aa9334916dd6	12	24242268	24242338	3	-0.9766
d4f1f42a-526a-4d2b-9ee3-aa9334916dd6	12	24244010	34167583	7287	0.0117
d4f1f42a-526a-4d2b-9ee3-aa9334916dd6	12	34170269	37792947	243	0.2535
d4f1f42a-526a-4d2b-9ee3-aa9334916dd6	12	37813240	38217308	112	0.0983
d4f1f42a-526a-4d2b-9ee3-aa9334916dd6	12	38219278	87369661	30213	0.0111
d4f1f42a-526a-4d2b-9ee3-aa9334916dd6	12	87369716	87369847	5	-0.923
d4f1f42a-526a-4d2b-9ee3-aa9334916dd6	12	87370018	95847445	5563	0.0063
d4f1f42a-526a-4d2b-9ee3-aa9334916dd6	12	95847679	95850205	3	-0.9081
d4f1f42a-526a-4d2b-9ee3-aa9334916dd6	12	95856811	99401959	2481	0.0141
d4f1f42a-526a-4d2b-9ee3-aa9334916dd6	12	99401995	99402073	2	-1.134
d4f1f42a-526a-4d2b-9ee3-aa9334916dd6	12	99402408	107802836	5681	0.0141
d4f1f42a-526a-4d2b-9ee3-aa9334916dd6	12	107805159	107827137	19	0.3915
d4f1f42a-526a-4d2b-9ee3-aa9334916dd6	12	107827783	111534475	2140	0.0092
d4f1f42a-526a-4d2b-9ee3-aa9334916dd6	12	111540340	111540492	2	-1.2203
d4f1f42a-526a-4d2b-9ee3-aa9334916dd6	12	111542193	113837508	1393	0.0162
d4f1f42a-526a-4d2b-9ee3-aa9334916dd6	12	113840906	114009055	178	0.1591
d4f1f42a-526a-4d2b-9ee3-aa9334916dd6	12	114009144	128166699	9689	0.0072
d4f1f42a-526a-4d2b-9ee3-aa9334916dd6	12	128167572	131238770	2669	0.0404
d4f1f42a-526a-4d2b-9ee3-aa9334916dd6	12	131241440	131292887	62	0.2916
d4f1f42a-526a-4d2b-9ee3-aa9334916dd6	12	131309623	131635702	316	0.0557
d4f1f42a-526a-4d2b-9ee3-aa9334916dd6	12	131636170	131657925	15	0.6616
d4f1f42a-526a-4d2b-9ee3-aa9334916dd6	12	131658450	133201603	558	0.0619
d4f1f42a-526a-4d2b-9ee3-aa9334916dd6	13	18452809	18874255	100	0.2847
d4f1f42a-526a-4d2b-9ee3-aa9334916dd6	13	18876666	24455235	3881	0.0217
d4f1f42a-526a-4d2b-9ee3-aa9334916dd6	13	24455250	24465540	15	-0.4573
d4f1f42a-526a-4d2b-9ee3-aa9334916dd6	13	24465893	31958485	5559	0.0132
d4f1f42a-526a-4d2b-9ee3-aa9334916dd6	13	31958590	31964286	17	-0.8313
d4f1f42a-526a-4d2b-9ee3-aa9334916dd6	13	31965910	37502130	3901	0.0076
d4f1f42a-526a-4d2b-9ee3-aa9334916dd6	13	37502150	37514193	12	0.4474
d4f1f42a-526a-4d2b-9ee3-aa9334916dd6	13	37514237	37539478	50	-0.03
d4f1f42a-526a-4d2b-9ee3-aa9334916dd6	13	37540973	37551050	2	-1.0137
d4f1f42a-526a-4d2b-9ee3-aa9334916dd6	13	37551077	38478674	646	0.0088
d4f1f42a-526a-4d2b-9ee3-aa9334916dd6	13	38483435	38483919	2	-1.508
d4f1f42a-526a-4d2b-9ee3-aa9334916dd6	13	38490920	49664680	7659	0.0159
d4f1f42a-526a-4d2b-9ee3-aa9334916dd6	13	49669720	49672116	5	-1.0597
d4f1f42a-526a-4d2b-9ee3-aa9334916dd6	13	49679997	53871588	2377	0.0122
d4f1f42a-526a-4d2b-9ee3-aa9334916dd6	13	53871810	53897689	22	-0.3655
d4f1f42a-526a-4d2b-9ee3-aa9334916dd6	13	53899998	57128433	1734	-0.0051
d4f1f42a-526a-4d2b-9ee3-aa9334916dd6	13	57128885	57175038	14	0.5934
d4f1f42a-526a-4d2b-9ee3-aa9334916dd6	13	57175139	57199585	34	0.0649
d4f1f42a-526a-4d2b-9ee3-aa9334916dd6	13	57200942	57428308	143	-0.1285
d4f1f42a-526a-4d2b-9ee3-aa9334916dd6	13	57429432	63545929	3599	0.0056
d4f1f42a-526a-4d2b-9ee3-aa9334916dd6	13	63552279	67635166	2581	-0.0384
d4f1f42a-526a-4d2b-9ee3-aa9334916dd6	13	67642710	68905856	767	0.0071
d4f1f42a-526a-4d2b-9ee3-aa9334916dd6	13	68906032	68906505	2	-1.0463
d4f1f42a-526a-4d2b-9ee3-aa9334916dd6	13	68906809	70122369	753	0.0024
d4f1f42a-526a-4d2b-9ee3-aa9334916dd6	13	70122385	70159671	27	-0.3514
d4f1f42a-526a-4d2b-9ee3-aa9334916dd6	13	70159712	105183509	23642	0.0094
d4f1f42a-526a-4d2b-9ee3-aa9334916dd6	13	105186691	105209200	23	-0.4008
d4f1f42a-526a-4d2b-9ee3-aa9334916dd6	13	105212019	114342922	6503	0.01
d4f1f42a-526a-4d2b-9ee3-aa9334916dd6	14	18239283	19110634	33	0.1375
d4f1f42a-526a-4d2b-9ee3-aa9334916dd6	14	19134873	19955213	134	0.6169
d4f1f42a-526a-4d2b-9ee3-aa9334916dd6	14	19956767	20485383	386	-0.0091
d4f1f42a-526a-4d2b-9ee3-aa9334916dd6	14	20486838	20489274	2	-1.4821
d4f1f42a-526a-4d2b-9ee3-aa9334916dd6	14	20489312	21885921	910	-0.0001
d4f1f42a-526a-4d2b-9ee3-aa9334916dd6	14	21891483	22284212	382	0.075
d4f1f42a-526a-4d2b-9ee3-aa9334916dd6	14	22284740	22292568	4	-0.8732
d4f1f42a-526a-4d2b-9ee3-aa9334916dd6	14	22293335	22803712	393	0.0951
d4f1f42a-526a-4d2b-9ee3-aa9334916dd6	14	22806422	65602335	26988	0.0039
d4f1f42a-526a-4d2b-9ee3-aa9334916dd6	14	65602888	65608496	4	-1.3115
d4f1f42a-526a-4d2b-9ee3-aa9334916dd6	14	65613313	73529070	4959	0.022
d4f1f42a-526a-4d2b-9ee3-aa9334916dd6	14	73534419	73578479	16	0.6311
d4f1f42a-526a-4d2b-9ee3-aa9334916dd6	14	73578493	74103405	271	0.0111
d4f1f42a-526a-4d2b-9ee3-aa9334916dd6	14	74104199	74108070	10	-0.4909
d4f1f42a-526a-4d2b-9ee3-aa9334916dd6	14	74108098	85098951	7293	0.0107
d4f1f42a-526a-4d2b-9ee3-aa9334916dd6	14	85099082	85099150	3	0.9292
d4f1f42a-526a-4d2b-9ee3-aa9334916dd6	14	85099456	85985567	663	0.017
d4f1f42a-526a-4d2b-9ee3-aa9334916dd6	14	85994282	86022097	37	-0.9143
d4f1f42a-526a-4d2b-9ee3-aa9334916dd6	14	86023867	105521701	12332	0.01
d4f1f42a-526a-4d2b-9ee3-aa9334916dd6	14	105533894	105688531	21	0.4821
d4f1f42a-526a-4d2b-9ee3-aa9334916dd6	14	105691429	106441480	261	0.1238
d4f1f42a-526a-4d2b-9ee3-aa9334916dd6	14	106443587	106475361	40	0.3566
d4f1f42a-526a-4d2b-9ee3-aa9334916dd6	14	106487515	106877229	193	0.0179
d4f1f42a-526a-4d2b-9ee3-aa9334916dd6	15	19811075	19947475	27	0.428
d4f1f42a-526a-4d2b-9ee3-aa9334916dd6	15	19950385	20373168	61	0.0255
d4f1f42a-526a-4d2b-9ee3-aa9334916dd6	15	20376198	20376311	7	0.8972
d4f1f42a-526a-4d2b-9ee3-aa9334916dd6	15	20380735	22262408	98	-0.1755
d4f1f42a-526a-4d2b-9ee3-aa9334916dd6	15	22265258	24354429	985	0.0313
d4f1f42a-526a-4d2b-9ee3-aa9334916dd6	15	24355178	24461771	44	-0.2547
d4f1f42a-526a-4d2b-9ee3-aa9334916dd6	15	24462170	28294842	2759	0.014
d4f1f42a-526a-4d2b-9ee3-aa9334916dd6	15	28300781	28765123	33	0.4004
d4f1f42a-526a-4d2b-9ee3-aa9334916dd6	15	28767052	32116865	1865	0.0396
d4f1f42a-526a-4d2b-9ee3-aa9334916dd6	15	32119221	32151854	30	-0.1948
d4f1f42a-526a-4d2b-9ee3-aa9334916dd6	15	32179735	32610782	35	0.4665
d4f1f42a-526a-4d2b-9ee3-aa9334916dd6	15	32612414	76586021	27947	0.0133
d4f1f42a-526a-4d2b-9ee3-aa9334916dd6	15	76598900	76603434	22	0.8644
d4f1f42a-526a-4d2b-9ee3-aa9334916dd6	15	76609838	84563088	4620	0.0176
d4f1f42a-526a-4d2b-9ee3-aa9334916dd6	15	84563687	84571696	2	1.5729
d4f1f42a-526a-4d2b-9ee3-aa9334916dd6	15	84572571	91071488	4547	0.0167
d4f1f42a-526a-4d2b-9ee3-aa9334916dd6	15	91072317	91083783	14	-0.5081
d4f1f42a-526a-4d2b-9ee3-aa9334916dd6	15	91083833	101928837	8408	0.0154
d4f1f42a-526a-4d2b-9ee3-aa9334916dd6	16	10777	2655940	890	0.0584
d4f1f42a-526a-4d2b-9ee3-aa9334916dd6	16	2655981	2679700	14	0.7545
d4f1f42a-526a-4d2b-9ee3-aa9334916dd6	16	2688178	12554409	8503	0.0181
d4f1f42a-526a-4d2b-9ee3-aa9334916dd6	16	12554945	12555138	5	1.0849
d4f1f42a-526a-4d2b-9ee3-aa9334916dd6	16	12556390	14657199	1671	0.0144
d4f1f42a-526a-4d2b-9ee3-aa9334916dd6	16	14658352	15057504	93	0.321
d4f1f42a-526a-4d2b-9ee3-aa9334916dd6	16	15059070	21368130	3205	0.0499
d4f1f42a-526a-4d2b-9ee3-aa9334916dd6	16	21401082	21586954	27	0.6376
d4f1f42a-526a-4d2b-9ee3-aa9334916dd6	16	21588178	21728953	91	0.1004
d4f1f42a-526a-4d2b-9ee3-aa9334916dd6	16	21730864	21776197	12	0.7316
d4f1f42a-526a-4d2b-9ee3-aa9334916dd6	16	21806139	22412847	250	0.0721
d4f1f42a-526a-4d2b-9ee3-aa9334916dd6	16	22417041	22708868	84	0.456
d4f1f42a-526a-4d2b-9ee3-aa9334916dd6	16	22709045	29319344	4225	0.0167
d4f1f42a-526a-4d2b-9ee3-aa9334916dd6	16	29324414	29998728	163	0.2246
d4f1f42a-526a-4d2b-9ee3-aa9334916dd6	16	30000120	31954295	707	0.0184
d4f1f42a-526a-4d2b-9ee3-aa9334916dd6	16	31959228	34161502	114	0.2737
d4f1f42a-526a-4d2b-9ee3-aa9334916dd6	16	34165318	35225338	107	0.0554
d4f1f42a-526a-4d2b-9ee3-aa9334916dd6	16	35232200	35522700	168	0.5203
d4f1f42a-526a-4d2b-9ee3-aa9334916dd6	16	35526596	55762598	6589	0.01
d4f1f42a-526a-4d2b-9ee3-aa9334916dd6	16	55762663	55782734	16	-0.6055
d4f1f42a-526a-4d2b-9ee3-aa9334916dd6	16	55782793	55808603	8	0.0082
d4f1f42a-526a-4d2b-9ee3-aa9334916dd6	16	55809606	55824881	9	0.7157
d4f1f42a-526a-4d2b-9ee3-aa9334916dd6	16	55834527	63129383	4593	0.0058
d4f1f42a-526a-4d2b-9ee3-aa9334916dd6	16	63132013	63143198	12	-0.399
d4f1f42a-526a-4d2b-9ee3-aa9334916dd6	16	63144101	69994790	4092	0.006
d4f1f42a-526a-4d2b-9ee3-aa9334916dd6	16	69995999	70006481	2	1.1074
d4f1f42a-526a-4d2b-9ee3-aa9334916dd6	16	70015893	70090510	26	0.0577
d4f1f42a-526a-4d2b-9ee3-aa9334916dd6	16	70090862	70212430	23	0.5365
d4f1f42a-526a-4d2b-9ee3-aa9334916dd6	16	70212436	77176043	4254	0.0029
d4f1f42a-526a-4d2b-9ee3-aa9334916dd6	16	77176341	77176482	2	-1.3652
d4f1f42a-526a-4d2b-9ee3-aa9334916dd6	16	77177388	78337711	1245	0.0172
d4f1f42a-526a-4d2b-9ee3-aa9334916dd6	16	78338543	78350868	16	0.984
d4f1f42a-526a-4d2b-9ee3-aa9334916dd6	16	78351104	84041316	6374	0.0098
d4f1f42a-526a-4d2b-9ee3-aa9334916dd6	16	84041761	84877016	751	0.0908
d4f1f42a-526a-4d2b-9ee3-aa9334916dd6	16	84877892	88469691	2800	0.0045
d4f1f42a-526a-4d2b-9ee3-aa9334916dd6	16	88504267	90096867	676	0.1174
d4f1f42a-526a-4d2b-9ee3-aa9334916dd6	17	150733	5682237	2945	0.0311
d4f1f42a-526a-4d2b-9ee3-aa9334916dd6	17	5683783	5685747	3	-1.1922
d4f1f42a-526a-4d2b-9ee3-aa9334916dd6	17	5687190	10059723	2807	0.0103
d4f1f42a-526a-4d2b-9ee3-aa9334916dd6	17	10060096	10076522	12	0.6545
d4f1f42a-526a-4d2b-9ee3-aa9334916dd6	17	10077612	15019709	3811	0.01
d4f1f42a-526a-4d2b-9ee3-aa9334916dd6	17	15021110	15027917	10	0.6704
d4f1f42a-526a-4d2b-9ee3-aa9334916dd6	17	15028662	16759600	880	0.0499
d4f1f42a-526a-4d2b-9ee3-aa9334916dd6	17	16759737	16870835	17	0.477
d4f1f42a-526a-4d2b-9ee3-aa9334916dd6	17	16875871	21502968	2128	0.0342
d4f1f42a-526a-4d2b-9ee3-aa9334916dd6	17	21504194	27073087	328	0.1522
d4f1f42a-526a-4d2b-9ee3-aa9334916dd6	17	27073114	83091923	32067	0.0164
d4f1f42a-526a-4d2b-9ee3-aa9334916dd6	18	48133	5960166	4210	0.0021
d4f1f42a-526a-4d2b-9ee3-aa9334916dd6	18	5960389	6393168	309	0.1112
d4f1f42a-526a-4d2b-9ee3-aa9334916dd6	18	6395386	14144778	5521	0.0147
d4f1f42a-526a-4d2b-9ee3-aa9334916dd6	18	14144901	14351376	49	0.3368
d4f1f42a-526a-4d2b-9ee3-aa9334916dd6	18	14351753	15098542	242	0.0325
d4f1f42a-526a-4d2b-9ee3-aa9334916dd6	18	15099163	15396946	59	0.2619
d4f1f42a-526a-4d2b-9ee3-aa9334916dd6	18	15401764	43533892	14270	0.0088
d4f1f42a-526a-4d2b-9ee3-aa9334916dd6	18	43536113	43537088	2	-1.2144
d4f1f42a-526a-4d2b-9ee3-aa9334916dd6	18	43540581	44394853	484	0.0078
d4f1f42a-526a-4d2b-9ee3-aa9334916dd6	18	44396921	44398660	6	-1.0508
d4f1f42a-526a-4d2b-9ee3-aa9334916dd6	18	44402706	53675521	6528	0.0136
d4f1f42a-526a-4d2b-9ee3-aa9334916dd6	18	53677765	53684270	6	-0.9967
d4f1f42a-526a-4d2b-9ee3-aa9334916dd6	18	53685778	65537087	8203	0.0061
d4f1f42a-526a-4d2b-9ee3-aa9334916dd6	18	65537183	66060439	369	-0.0896
d4f1f42a-526a-4d2b-9ee3-aa9334916dd6	18	66060531	68036625	1417	0.0036
d4f1f42a-526a-4d2b-9ee3-aa9334916dd6	18	68038547	68102828	44	-0.2503
d4f1f42a-526a-4d2b-9ee3-aa9334916dd6	18	68103732	71378886	2369	0.011
d4f1f42a-526a-4d2b-9ee3-aa9334916dd6	18	71380423	73647572	1789	-0.0709
d4f1f42a-526a-4d2b-9ee3-aa9334916dd6	18	73648366	80257174	4803	0.0256
d4f1f42a-526a-4d2b-9ee3-aa9334916dd6	19	90910	260912	8	0.4427
d4f1f42a-526a-4d2b-9ee3-aa9334916dd6	19	260970	19724944	8487	0.0194
d4f1f42a-526a-4d2b-9ee3-aa9334916dd6	19	19725867	20405326	418	0.1066
d4f1f42a-526a-4d2b-9ee3-aa9334916dd6	19	20406027	20411869	6	-1.0491
d4f1f42a-526a-4d2b-9ee3-aa9334916dd6	19	20413400	20541093	72	-0.4257
d4f1f42a-526a-4d2b-9ee3-aa9334916dd6	19	20542173	20543816	4	-1.7949
d4f1f42a-526a-4d2b-9ee3-aa9334916dd6	19	20553547	23870028	1905	0.0156
d4f1f42a-526a-4d2b-9ee3-aa9334916dd6	19	23870190	27636726	305	0.1349
d4f1f42a-526a-4d2b-9ee3-aa9334916dd6	19	27636756	35365384	5497	0.0113
d4f1f42a-526a-4d2b-9ee3-aa9334916dd6	19	35365657	35379534	21	0.3562
d4f1f42a-526a-4d2b-9ee3-aa9334916dd6	19	35383481	36354973	434	0.011
d4f1f42a-526a-4d2b-9ee3-aa9334916dd6	19	36355248	36355827	5	0.8167
d4f1f42a-526a-4d2b-9ee3-aa9334916dd6	19	36356476	42711176	3215	0.01
d4f1f42a-526a-4d2b-9ee3-aa9334916dd6	19	42712819	43103053	155	0.2544
d4f1f42a-526a-4d2b-9ee3-aa9334916dd6	19	43105847	43139226	22	-0.1256
d4f1f42a-526a-4d2b-9ee3-aa9334916dd6	19	43142696	43342086	88	0.2237
d4f1f42a-526a-4d2b-9ee3-aa9334916dd6	19	43342242	49982501	3171	0.0172
d4f1f42a-526a-4d2b-9ee3-aa9334916dd6	19	49982837	50088857	89	0.1939
d4f1f42a-526a-4d2b-9ee3-aa9334916dd6	19	50088867	52706243	1562	0.0181
d4f1f42a-526a-4d2b-9ee3-aa9334916dd6	19	52707688	52970184	196	0.1966
d4f1f42a-526a-4d2b-9ee3-aa9334916dd6	19	52970820	54226360	826	0.0696
d4f1f42a-526a-4d2b-9ee3-aa9334916dd6	19	54226378	54237443	14	0.8302
d4f1f42a-526a-4d2b-9ee3-aa9334916dd6	19	54249482	54306752	22	0.0199
d4f1f42a-526a-4d2b-9ee3-aa9334916dd6	19	54306923	54326087	7	0.5204
d4f1f42a-526a-4d2b-9ee3-aa9334916dd6	19	54326343	54725849	233	0.0254
d4f1f42a-526a-4d2b-9ee3-aa9334916dd6	19	54726927	54867209	52	0.3245
d4f1f42a-526a-4d2b-9ee3-aa9334916dd6	19	54867244	58586487	2271	0.0319
d4f1f42a-526a-4d2b-9ee3-aa9334916dd6	20	80664	1590091	1211	0.05
d4f1f42a-526a-4d2b-9ee3-aa9334916dd6	20	1590106	1613247	32	-0.5089
d4f1f42a-526a-4d2b-9ee3-aa9334916dd6	20	1617300	4030168	1671	0.0234
d4f1f42a-526a-4d2b-9ee3-aa9334916dd6	20	4031314	4077030	51	0.2938
d4f1f42a-526a-4d2b-9ee3-aa9334916dd6	20	4079102	8165995	3148	0.0118
d4f1f42a-526a-4d2b-9ee3-aa9334916dd6	20	8166687	8187836	16	0.6463
d4f1f42a-526a-4d2b-9ee3-aa9334916dd6	20	8189775	15101356	5319	0.0109
d4f1f42a-526a-4d2b-9ee3-aa9334916dd6	20	15101900	15126332	28	-0.2782
d4f1f42a-526a-4d2b-9ee3-aa9334916dd6	20	15126392	26229118	8484	0.0207
d4f1f42a-526a-4d2b-9ee3-aa9334916dd6	20	26229816	30417073	87	0.3351
d4f1f42a-526a-4d2b-9ee3-aa9334916dd6	20	31247246	60990189	20497	0.0216
d4f1f42a-526a-4d2b-9ee3-aa9334916dd6	20	60993969	61015145	50	0.5914
d4f1f42a-526a-4d2b-9ee3-aa9334916dd6	20	61015428	63610578	1445	0.0186
d4f1f42a-526a-4d2b-9ee3-aa9334916dd6	20	63610702	64238698	258	0.1482
d4f1f42a-526a-4d2b-9ee3-aa9334916dd6	20	64239470	64324800	41	-0.1048
d4f1f42a-526a-4d2b-9ee3-aa9334916dd6	21	10354168	14039762	333	0.1538
d4f1f42a-526a-4d2b-9ee3-aa9334916dd6	21	14040078	15091590	718	0.0098
d4f1f42a-526a-4d2b-9ee3-aa9334916dd6	21	15092828	15094289	3	-1.1518
d4f1f42a-526a-4d2b-9ee3-aa9334916dd6	21	15097696	17007819	1340	0.0008
d4f1f42a-526a-4d2b-9ee3-aa9334916dd6	21	17012019	17012507	3	-1.3034
d4f1f42a-526a-4d2b-9ee3-aa9334916dd6	21	17013450	22973619	4391	0.0036
d4f1f42a-526a-4d2b-9ee3-aa9334916dd6	21	22976887	22977014	2	1.3827
d4f1f42a-526a-4d2b-9ee3-aa9334916dd6	21	22977252	36199369	9709	0.0059
d4f1f42a-526a-4d2b-9ee3-aa9334916dd6	21	36200103	36212583	13	0.5347
d4f1f42a-526a-4d2b-9ee3-aa9334916dd6	21	36213884	38748827	1935	0.0084
d4f1f42a-526a-4d2b-9ee3-aa9334916dd6	21	38752048	38752385	2	1.3087
d4f1f42a-526a-4d2b-9ee3-aa9334916dd6	21	38752417	43205491	3642	0.0149
d4f1f42a-526a-4d2b-9ee3-aa9334916dd6	21	43264710	43373304	73	0.2978
d4f1f42a-526a-4d2b-9ee3-aa9334916dd6	21	43373568	44602612	454	0.0197
d4f1f42a-526a-4d2b-9ee3-aa9334916dd6	21	44603656	44603796	4	0.9461
d4f1f42a-526a-4d2b-9ee3-aa9334916dd6	21	44603809	46677045	1219	0.0379
d4f1f42a-526a-4d2b-9ee3-aa9334916dd6	22	15294547	17101987	353	0.1396
d4f1f42a-526a-4d2b-9ee3-aa9334916dd6	22	17102037	18161934	775	-0.0024
d4f1f42a-526a-4d2b-9ee3-aa9334916dd6	22	18167915	18918093	15	0.6676
d4f1f42a-526a-4d2b-9ee3-aa9334916dd6	22	18947964	22114208	1972	0.1189
d4f1f42a-526a-4d2b-9ee3-aa9334916dd6	22	22119549	22120255	6	-0.9989
d4f1f42a-526a-4d2b-9ee3-aa9334916dd6	22	22127104	23987520	1268	0.106
d4f1f42a-526a-4d2b-9ee3-aa9334916dd6	22	23988078	23989773	2	-1.5944
d4f1f42a-526a-4d2b-9ee3-aa9334916dd6	22	23990431	25310951	837	0.0223
d4f1f42a-526a-4d2b-9ee3-aa9334916dd6	22	25315890	25407582	121	0.2248
d4f1f42a-526a-4d2b-9ee3-aa9334916dd6	22	25407680	25547708	173	0.0823
d4f1f42a-526a-4d2b-9ee3-aa9334916dd6	22	25548511	25550178	5	0.8277
d4f1f42a-526a-4d2b-9ee3-aa9334916dd6	22	25550858	25749299	114	0.0612
d4f1f42a-526a-4d2b-9ee3-aa9334916dd6	22	25749518	38952895	9579	0.0163
d4f1f42a-526a-4d2b-9ee3-aa9334916dd6	22	38954034	38999476	36	0.3535
d4f1f42a-526a-4d2b-9ee3-aa9334916dd6	22	38999487	48805335	6738	0.0178
d4f1f42a-526a-4d2b-9ee3-aa9334916dd6	22	48805479	50528603	1113	0.0858
d4f1f42a-526a-4d2b-9ee3-aa9334916dd6	22	50534679	50534687	5	-1.5525
d4f1f42a-526a-4d2b-9ee3-aa9334916dd6	22	50535325	50796027	143	0.1136
d4f1f42a-526a-4d2b-9ee3-aa9334916dd6	X	251810	4198611	979	0.0338
d4f1f42a-526a-4d2b-9ee3-aa9334916dd6	X	4199370	8631339	3551	-0.0307
d4f1f42a-526a-4d2b-9ee3-aa9334916dd6	X	8631650	33022044	15977	0.0066
d4f1f42a-526a-4d2b-9ee3-aa9334916dd6	X	33022186	33023337	3	-1.4392
d4f1f42a-526a-4d2b-9ee3-aa9334916dd6	X	33029932	151124426	60676	0.0124
d4f1f42a-526a-4d2b-9ee3-aa9334916dd6	X	151125462	151126987	2	-1.8744
d4f1f42a-526a-4d2b-9ee3-aa9334916dd6	X	151128083	155952689	2359	0.0363
d4f1f42a-526a-4d2b-9ee3-aa9334916dd6	Y	2782397	6081903	721	-1.9844
d4f1f42a-526a-4d2b-9ee3-aa9334916dd6	Y	6082843	6097128	3	-5.5998
d4f1f42a-526a-4d2b-9ee3-aa9334916dd6	Y	6097492	6249869	60	-2.0026
d4f1f42a-526a-4d2b-9ee3-aa9334916dd6	Y	6252391	23586854	5658	-2.4042
d4f1f42a-526a-4d2b-9ee3-aa9334916dd6	Y	23784615	56872112	192	-2.0164
