GDC_Aliquot	Chromosome	Start	End	Num_Probes	Segment_Mean
83255030-c4f5-48ed-829b-3b06dd57adbb	1	62920	259422	15	0.8123
83255030-c4f5-48ed-829b-3b06dd57adbb	1	259926	3298168	721	-0.046
83255030-c4f5-48ed-829b-3b06dd57adbb	1	3301765	16542868	7897	0.1038
83255030-c4f5-48ed-829b-3b06dd57adbb	1	16544783	16679239	31	0.6558
83255030-c4f5-48ed-829b-3b06dd57adbb	1	16679281	63878023	28297	0.0937
83255030-c4f5-48ed-829b-3b06dd57adbb	1	63878348	63880690	2	-2.1016
83255030-c4f5-48ed-829b-3b06dd57adbb	1	63882084	69085728	3828	0.0714
83255030-c4f5-48ed-829b-3b06dd57adbb	1	69085815	72297687	1911	0.3974
83255030-c4f5-48ed-829b-3b06dd57adbb	1	72302735	72345465	48	-0.5742
83255030-c4f5-48ed-829b-3b06dd57adbb	1	72346221	84108677	7583	0.4163
83255030-c4f5-48ed-829b-3b06dd57adbb	1	84112070	109684893	15983	0.2527
83255030-c4f5-48ed-829b-3b06dd57adbb	1	109690352	109702376	14	-0.8901
83255030-c4f5-48ed-829b-3b06dd57adbb	1	109703504	116705996	4895	0.2959
83255030-c4f5-48ed-829b-3b06dd57adbb	1	116706386	143494500	2241	0.4549
83255030-c4f5-48ed-829b-3b06dd57adbb	1	143541857	143942271	126	-0.4712
83255030-c4f5-48ed-829b-3b06dd57adbb	1	144432083	152583230	2316	0.4387
83255030-c4f5-48ed-829b-3b06dd57adbb	1	152583291	152613762	30	1.7238
83255030-c4f5-48ed-829b-3b06dd57adbb	1	152613802	152787202	170	0.4701
83255030-c4f5-48ed-829b-3b06dd57adbb	1	152789447	152806100	43	-0.0105
83255030-c4f5-48ed-829b-3b06dd57adbb	1	152806341	169247699	11268	0.448
83255030-c4f5-48ed-829b-3b06dd57adbb	1	169264736	169273163	8	-0.5503
83255030-c4f5-48ed-829b-3b06dd57adbb	1	169285639	174732730	3449	0.4372
83255030-c4f5-48ed-829b-3b06dd57adbb	1	174733487	174742253	3	-0.9046
83255030-c4f5-48ed-829b-3b06dd57adbb	1	174743384	185134141	7055	0.447
83255030-c4f5-48ed-829b-3b06dd57adbb	1	185138722	185164934	13	1.1715
83255030-c4f5-48ed-829b-3b06dd57adbb	1	185165763	186484027	817	0.4299
83255030-c4f5-48ed-829b-3b06dd57adbb	1	186484621	196740093	6794	0.392
83255030-c4f5-48ed-829b-3b06dd57adbb	1	196740316	196830375	60	0.8035
83255030-c4f5-48ed-829b-3b06dd57adbb	1	196832298	199138574	1378	0.3986
83255030-c4f5-48ed-829b-3b06dd57adbb	1	199142235	199143343	6	-0.4602
83255030-c4f5-48ed-829b-3b06dd57adbb	1	199143396	199664908	371	0.3933
83255030-c4f5-48ed-829b-3b06dd57adbb	1	199665274	209897717	7024	0.4681
83255030-c4f5-48ed-829b-3b06dd57adbb	1	209908268	209908720	2	-1.8041
83255030-c4f5-48ed-829b-3b06dd57adbb	1	209910639	212831113	1943	0.4454
83255030-c4f5-48ed-829b-3b06dd57adbb	1	212831670	212833055	6	-0.7469
83255030-c4f5-48ed-829b-3b06dd57adbb	1	212837094	226283077	9042	0.4346
83255030-c4f5-48ed-829b-3b06dd57adbb	1	226288859	236528858	7077	0.4665
83255030-c4f5-48ed-829b-3b06dd57adbb	1	236531190	248930189	8912	0.435
83255030-c4f5-48ed-829b-3b06dd57adbb	2	12784	700580	493	-0.1287
83255030-c4f5-48ed-829b-3b06dd57adbb	2	701122	1912858	741	-0.2251
83255030-c4f5-48ed-829b-3b06dd57adbb	2	1913832	4158097	1750	-0.1288
83255030-c4f5-48ed-829b-3b06dd57adbb	2	4166274	4176429	42	-0.7798
83255030-c4f5-48ed-829b-3b06dd57adbb	2	4182472	52512079	34001	-0.1162
83255030-c4f5-48ed-829b-3b06dd57adbb	2	52514599	52554404	41	0.6132
83255030-c4f5-48ed-829b-3b06dd57adbb	2	52560811	54106592	1162	-0.1354
83255030-c4f5-48ed-829b-3b06dd57adbb	2	54108826	54110262	2	-1.9191
83255030-c4f5-48ed-829b-3b06dd57adbb	2	54112284	65491681	7060	-0.1222
83255030-c4f5-48ed-829b-3b06dd57adbb	2	65492705	65492807	2	-3.0415
83255030-c4f5-48ed-829b-3b06dd57adbb	2	65496822	75607167	6582	-0.108
83255030-c4f5-48ed-829b-3b06dd57adbb	2	75609885	83310629	5078	-0.1534
83255030-c4f5-48ed-829b-3b06dd57adbb	2	83311738	86710564	1970	-0.1099
83255030-c4f5-48ed-829b-3b06dd57adbb	2	86725947	86726731	2	1.5801
83255030-c4f5-48ed-829b-3b06dd57adbb	2	86743283	89956227	862	-0.1423
83255030-c4f5-48ed-829b-3b06dd57adbb	2	89960252	90228255	121	-1.1342
83255030-c4f5-48ed-829b-3b06dd57adbb	2	90230139	97172393	911	-0.0841
83255030-c4f5-48ed-829b-3b06dd57adbb	2	97180592	97310327	22	0.5904
83255030-c4f5-48ed-829b-3b06dd57adbb	2	97348052	97359885	12	-0.3099
83255030-c4f5-48ed-829b-3b06dd57adbb	2	97524284	97545247	8	-1.4767
83255030-c4f5-48ed-829b-3b06dd57adbb	2	97545726	103101250	3383	-0.1167
83255030-c4f5-48ed-829b-3b06dd57adbb	2	103102496	103112863	9	1.127
83255030-c4f5-48ed-829b-3b06dd57adbb	2	103112960	103239983	81	1.4751
83255030-c4f5-48ed-829b-3b06dd57adbb	2	103246044	103588438	199	1.1754
83255030-c4f5-48ed-829b-3b06dd57adbb	2	103591960	129791707	15963	-0.3906
83255030-c4f5-48ed-829b-3b06dd57adbb	2	129792678	129794612	4	-5.0043
83255030-c4f5-48ed-829b-3b06dd57adbb	2	129798082	129800804	2	-2.3917
83255030-c4f5-48ed-829b-3b06dd57adbb	2	129801456	137642524	4451	-0.3843
83255030-c4f5-48ed-829b-3b06dd57adbb	2	137646962	137647181	2	-2.8765
83255030-c4f5-48ed-829b-3b06dd57adbb	2	137647291	146104517	5185	-0.4136
83255030-c4f5-48ed-829b-3b06dd57adbb	2	146106836	146120907	30	0.2892
83255030-c4f5-48ed-829b-3b06dd57adbb	2	146121077	159099246	7732	-0.3901
83255030-c4f5-48ed-829b-3b06dd57adbb	2	159100008	159104461	7	-1.8991
83255030-c4f5-48ed-829b-3b06dd57adbb	2	159106775	193823021	20955	-0.3992
83255030-c4f5-48ed-829b-3b06dd57adbb	2	193825580	193829074	2	1.8036
83255030-c4f5-48ed-829b-3b06dd57adbb	2	193837590	202428368	4893	-0.3757
83255030-c4f5-48ed-829b-3b06dd57adbb	2	202431052	202448759	42	-1.1336
83255030-c4f5-48ed-829b-3b06dd57adbb	2	202448774	242072479	25078	-0.391
83255030-c4f5-48ed-829b-3b06dd57adbb	2	242075032	242147305	39	-0.1675
83255030-c4f5-48ed-829b-3b06dd57adbb	3	20930	5184574	4580	-0.1308
83255030-c4f5-48ed-829b-3b06dd57adbb	3	5185978	5190776	3	-1.8001
83255030-c4f5-48ed-829b-3b06dd57adbb	3	5190804	46760374	28512	-0.1281
83255030-c4f5-48ed-829b-3b06dd57adbb	3	46760471	46808099	38	-0.8655
83255030-c4f5-48ed-829b-3b06dd57adbb	3	46817989	52320756	2161	-0.1028
83255030-c4f5-48ed-829b-3b06dd57adbb	3	52321551	52535464	79	0.1496
83255030-c4f5-48ed-829b-3b06dd57adbb	3	52535745	68697013	12292	-0.1304
83255030-c4f5-48ed-829b-3b06dd57adbb	3	68697108	68698262	14	1.6345
83255030-c4f5-48ed-829b-3b06dd57adbb	3	68699607	75478054	4904	-0.1401
83255030-c4f5-48ed-829b-3b06dd57adbb	3	75481744	75519398	18	0.2433
83255030-c4f5-48ed-829b-3b06dd57adbb	3	75523398	75537654	6	1.0508
83255030-c4f5-48ed-829b-3b06dd57adbb	3	75546030	75869718	73	0.0897
83255030-c4f5-48ed-829b-3b06dd57adbb	3	75870006	106596648	15284	-0.164
83255030-c4f5-48ed-829b-3b06dd57adbb	3	106600845	106606048	4	-2.6708
83255030-c4f5-48ed-829b-3b06dd57adbb	3	106606298	118828619	7730	-0.1545
83255030-c4f5-48ed-829b-3b06dd57adbb	3	118830074	130047743	6548	-0.1224
83255030-c4f5-48ed-829b-3b06dd57adbb	3	130057015	130087393	36	0.2116
83255030-c4f5-48ed-829b-3b06dd57adbb	3	130088081	136164220	3963	-0.1397
83255030-c4f5-48ed-829b-3b06dd57adbb	3	136166729	136586512	143	-0.3981
83255030-c4f5-48ed-829b-3b06dd57adbb	3	136586634	154775592	11251	-0.1412
83255030-c4f5-48ed-829b-3b06dd57adbb	3	154777163	154778164	5	-1.4986
83255030-c4f5-48ed-829b-3b06dd57adbb	3	154778302	162803704	4860	-0.1471
83255030-c4f5-48ed-829b-3b06dd57adbb	3	162803835	162881312	45	0.3082
83255030-c4f5-48ed-829b-3b06dd57adbb	3	162881399	193162798	19144	-0.148
83255030-c4f5-48ed-829b-3b06dd57adbb	3	193162937	193165114	11	0.8935
83255030-c4f5-48ed-829b-3b06dd57adbb	3	193168646	196935650	2066	-0.1225
83255030-c4f5-48ed-829b-3b06dd57adbb	3	196936450	196936953	2	-1.9487
83255030-c4f5-48ed-829b-3b06dd57adbb	3	196937058	198169247	623	-0.1045
83255030-c4f5-48ed-829b-3b06dd57adbb	4	68929	3597723	1435	-0.1376
83255030-c4f5-48ed-829b-3b06dd57adbb	4	3598142	3600457	2	-2.2473
83255030-c4f5-48ed-829b-3b06dd57adbb	4	3607663	8720526	3651	-0.1177
83255030-c4f5-48ed-829b-3b06dd57adbb	4	8722817	9477699	66	0.528
83255030-c4f5-48ed-829b-3b06dd57adbb	4	9484440	68501424	36935	-0.1486
83255030-c4f5-48ed-829b-3b06dd57adbb	4	68506285	69402980	453	-0.0226
83255030-c4f5-48ed-829b-3b06dd57adbb	4	69403151	142873379	44250	-0.1511
83255030-c4f5-48ed-829b-3b06dd57adbb	4	142873396	142879820	29	-0.6726
83255030-c4f5-48ed-829b-3b06dd57adbb	4	142879943	150947789	4501	-0.1377
83255030-c4f5-48ed-829b-3b06dd57adbb	4	150955157	150963158	27	-0.6222
83255030-c4f5-48ed-829b-3b06dd57adbb	4	150964975	154881396	2405	-0.1322
83255030-c4f5-48ed-829b-3b06dd57adbb	4	154881853	154881926	3	-2.437
83255030-c4f5-48ed-829b-3b06dd57adbb	4	154882047	160952773	3897	-0.1533
83255030-c4f5-48ed-829b-3b06dd57adbb	4	160952788	160963756	23	0.3856
83255030-c4f5-48ed-829b-3b06dd57adbb	4	160963767	162349424	912	-0.163
83255030-c4f5-48ed-829b-3b06dd57adbb	4	162349973	162357305	9	-1.1604
83255030-c4f5-48ed-829b-3b06dd57adbb	4	162360395	171447291	5724	-0.1521
83255030-c4f5-48ed-829b-3b06dd57adbb	4	171447380	171456559	12	0.7115
83255030-c4f5-48ed-829b-3b06dd57adbb	4	171456573	172066777	392	-0.1621
83255030-c4f5-48ed-829b-3b06dd57adbb	4	172067997	172068382	12	-1.5384
83255030-c4f5-48ed-829b-3b06dd57adbb	4	172074828	190106768	12041	-0.1495
83255030-c4f5-48ed-829b-3b06dd57adbb	5	15532	5298654	4035	-0.1685
83255030-c4f5-48ed-829b-3b06dd57adbb	5	5299093	57415576	31165	-0.1423
83255030-c4f5-48ed-829b-3b06dd57adbb	5	57419574	58987903	1192	-0.1605
83255030-c4f5-48ed-829b-3b06dd57adbb	5	58993507	59457441	424	-0.3141
83255030-c4f5-48ed-829b-3b06dd57adbb	5	59458043	59459754	6	-1.4746
83255030-c4f5-48ed-829b-3b06dd57adbb	5	59460764	59492616	24	-0.2602
83255030-c4f5-48ed-829b-3b06dd57adbb	5	59493255	150822643	55307	-0.1664
83255030-c4f5-48ed-829b-3b06dd57adbb	5	150825938	150839042	8	-2.1666
83255030-c4f5-48ed-829b-3b06dd57adbb	5	150843825	170306479	13590	-0.1733
83255030-c4f5-48ed-829b-3b06dd57adbb	5	170306944	170323154	19	-1.1403
83255030-c4f5-48ed-829b-3b06dd57adbb	5	170323435	175946505	4064	-0.1451
83255030-c4f5-48ed-829b-3b06dd57adbb	5	175960543	176009608	11	0.6022
83255030-c4f5-48ed-829b-3b06dd57adbb	5	176011493	176899947	389	-0.1701
83255030-c4f5-48ed-829b-3b06dd57adbb	5	176900188	176900453	2	-1.9782
83255030-c4f5-48ed-829b-3b06dd57adbb	5	176901021	180947523	2129	-0.143
83255030-c4f5-48ed-829b-3b06dd57adbb	5	180951710	180991103	19	0.4877
83255030-c4f5-48ed-829b-3b06dd57adbb	5	181006225	181363319	170	-0.2133
83255030-c4f5-48ed-829b-3b06dd57adbb	6	149661	294837	124	0.4513
83255030-c4f5-48ed-829b-3b06dd57adbb	6	302306	385056	84	0.1537
83255030-c4f5-48ed-829b-3b06dd57adbb	6	385687	6025978	4628	0.4852
83255030-c4f5-48ed-829b-3b06dd57adbb	6	6033698	6034203	3	-1.3341
83255030-c4f5-48ed-829b-3b06dd57adbb	6	6036812	15750287	7398	0.4723
83255030-c4f5-48ed-829b-3b06dd57adbb	6	15750636	16264105	417	0.355
83255030-c4f5-48ed-829b-3b06dd57adbb	6	16265011	23457249	5312	0.4514
83255030-c4f5-48ed-829b-3b06dd57adbb	6	23464254	23464782	4	-1.2555
83255030-c4f5-48ed-829b-3b06dd57adbb	6	23467617	29907031	3668	0.4459
83255030-c4f5-48ed-829b-3b06dd57adbb	6	29909182	29931120	7	-4.3957
83255030-c4f5-48ed-829b-3b06dd57adbb	6	29931900	29933799	5	-0.7298
83255030-c4f5-48ed-829b-3b06dd57adbb	6	29940692	29985665	30	0.0912
83255030-c4f5-48ed-829b-3b06dd57adbb	6	29986587	30318178	157	0.4616
83255030-c4f5-48ed-829b-3b06dd57adbb	6	30331468	30338530	4	-0.4971
83255030-c4f5-48ed-829b-3b06dd57adbb	6	30341328	31309909	449	0.4619
83255030-c4f5-48ed-829b-3b06dd57adbb	6	31313046	31328674	12	-1.1387
83255030-c4f5-48ed-829b-3b06dd57adbb	6	31342147	32550992	520	0.4028
83255030-c4f5-48ed-829b-3b06dd57adbb	6	32559507	32602588	10	-0.4319
83255030-c4f5-48ed-829b-3b06dd57adbb	6	32605994	32656527	26	0.2759
83255030-c4f5-48ed-829b-3b06dd57adbb	6	32656814	32658841	5	-1.0655
83255030-c4f5-48ed-829b-3b06dd57adbb	6	32682835	33970222	801	0.4634
83255030-c4f5-48ed-829b-3b06dd57adbb	6	33970966	33974928	7	-1.5253
83255030-c4f5-48ed-829b-3b06dd57adbb	6	33976809	41651023	5097	0.4836
83255030-c4f5-48ed-829b-3b06dd57adbb	6	41651312	41651509	2	-1.9112
83255030-c4f5-48ed-829b-3b06dd57adbb	6	41651951	43438379	955	0.4913
83255030-c4f5-48ed-829b-3b06dd57adbb	6	43438763	43441680	2	-1.4752
83255030-c4f5-48ed-829b-3b06dd57adbb	6	43442100	44543043	623	0.464
83255030-c4f5-48ed-829b-3b06dd57adbb	6	44545604	44547214	5	-1.2522
83255030-c4f5-48ed-829b-3b06dd57adbb	6	44549930	58096364	8276	0.454
83255030-c4f5-48ed-829b-3b06dd57adbb	6	58099774	58100791	4	-1.1122
83255030-c4f5-48ed-829b-3b06dd57adbb	6	58106296	61824917	681	0.4744
83255030-c4f5-48ed-829b-3b06dd57adbb	6	61825425	67795267	3722	0.4146
83255030-c4f5-48ed-829b-3b06dd57adbb	6	67796057	78261995	6660	0.4635
83255030-c4f5-48ed-829b-3b06dd57adbb	6	78262064	78331916	111	0.7903
83255030-c4f5-48ed-829b-3b06dd57adbb	6	78332002	78636741	217	0.4301
83255030-c4f5-48ed-829b-3b06dd57adbb	6	78640995	78643000	2	-1.1705
83255030-c4f5-48ed-829b-3b06dd57adbb	6	78643288	79329438	356	0.4331
83255030-c4f5-48ed-829b-3b06dd57adbb	6	79332320	92091225	8147	0.4585
83255030-c4f5-48ed-829b-3b06dd57adbb	6	92095439	103290101	6711	0.4208
83255030-c4f5-48ed-829b-3b06dd57adbb	6	103290164	103314186	45	-0.8841
83255030-c4f5-48ed-829b-3b06dd57adbb	6	103317795	104870607	978	0.4242
83255030-c4f5-48ed-829b-3b06dd57adbb	6	104871522	112371980	4654	0.4775
83255030-c4f5-48ed-829b-3b06dd57adbb	6	112372757	123913061	6832	0.4308
83255030-c4f5-48ed-829b-3b06dd57adbb	6	123913214	123915173	7	-0.7551
83255030-c4f5-48ed-829b-3b06dd57adbb	6	123915590	133422083	6202	0.4378
83255030-c4f5-48ed-829b-3b06dd57adbb	6	133425969	133426155	2	-1.5477
83255030-c4f5-48ed-829b-3b06dd57adbb	6	133427243	150395752	11057	0.4485
83255030-c4f5-48ed-829b-3b06dd57adbb	6	150397285	150398477	2	-1.5249
83255030-c4f5-48ed-829b-3b06dd57adbb	6	150398574	170741917	14348	0.4552
83255030-c4f5-48ed-829b-3b06dd57adbb	7	43355	1149589	328	-0.2748
83255030-c4f5-48ed-829b-3b06dd57adbb	7	1152826	3349458	1088	-0.1238
83255030-c4f5-48ed-829b-3b06dd57adbb	7	3355447	3355694	5	-1.6339
83255030-c4f5-48ed-829b-3b06dd57adbb	7	3359128	76234706	45107	-0.1286
83255030-c4f5-48ed-829b-3b06dd57adbb	7	76236953	76242162	3	-2.4763
83255030-c4f5-48ed-829b-3b06dd57adbb	7	76244576	88245077	7491	-0.1535
83255030-c4f5-48ed-829b-3b06dd57adbb	7	88249065	89746799	986	0.1281
83255030-c4f5-48ed-829b-3b06dd57adbb	7	89747158	97766150	5131	-0.1316
83255030-c4f5-48ed-829b-3b06dd57adbb	7	97766153	97773163	14	-0.8478
83255030-c4f5-48ed-829b-3b06dd57adbb	7	97774928	111406770	7690	-0.1229
83255030-c4f5-48ed-829b-3b06dd57adbb	7	111408523	111442785	39	-0.7027
83255030-c4f5-48ed-829b-3b06dd57adbb	7	111452408	159334314	29700	-0.1313
83255030-c4f5-48ed-829b-3b06dd57adbb	8	81254	2132302	1474	0.8304
83255030-c4f5-48ed-829b-3b06dd57adbb	8	2132407	2137191	19	-0.5034
83255030-c4f5-48ed-829b-3b06dd57adbb	8	2142105	2995735	704	0.8538
83255030-c4f5-48ed-829b-3b06dd57adbb	8	2997472	3726178	855	-0.725
83255030-c4f5-48ed-829b-3b06dd57adbb	8	3726550	3728955	10	-1.8065
83255030-c4f5-48ed-829b-3b06dd57adbb	8	3729710	7775900	4657	-0.6971
83255030-c4f5-48ed-829b-3b06dd57adbb	8	7788805	8234503	31	0.3104
83255030-c4f5-48ed-829b-3b06dd57adbb	8	8235660	11449268	2780	-0.6693
83255030-c4f5-48ed-829b-3b06dd57adbb	8	11449296	11449609	2	-3.2301
83255030-c4f5-48ed-829b-3b06dd57adbb	8	11450063	12134008	409	-0.7131
83255030-c4f5-48ed-829b-3b06dd57adbb	8	12134777	12695342	78	-0.0771
83255030-c4f5-48ed-829b-3b06dd57adbb	8	12697234	32821197	15706	-0.6774
83255030-c4f5-48ed-829b-3b06dd57adbb	8	32821348	32830895	9	0.8448
83255030-c4f5-48ed-829b-3b06dd57adbb	8	32834588	32870279	40	-0.6253
83255030-c4f5-48ed-829b-3b06dd57adbb	8	32876020	35638343	1558	0.8339
83255030-c4f5-48ed-829b-3b06dd57adbb	8	35643344	36100067	219	1.0809
83255030-c4f5-48ed-829b-3b06dd57adbb	8	36106168	38034774	1067	-0.6757
83255030-c4f5-48ed-829b-3b06dd57adbb	8	38040266	38433805	187	1.0708
83255030-c4f5-48ed-829b-3b06dd57adbb	8	38433828	38459672	32	0.6905
83255030-c4f5-48ed-829b-3b06dd57adbb	8	38459695	39352527	461	1.0613
83255030-c4f5-48ed-829b-3b06dd57adbb	8	39354980	39531496	74	1.5113
83255030-c4f5-48ed-829b-3b06dd57adbb	8	39531510	40103925	394	0.8305
83255030-c4f5-48ed-829b-3b06dd57adbb	8	40107549	40107694	2	-0.5885
83255030-c4f5-48ed-829b-3b06dd57adbb	8	40111181	40661024	500	0.8378
83255030-c4f5-48ed-829b-3b06dd57adbb	8	40665763	40948284	196	1.0599
83255030-c4f5-48ed-829b-3b06dd57adbb	8	40952803	41484284	331	1.7209
83255030-c4f5-48ed-829b-3b06dd57adbb	8	41485856	43306789	1010	0.8349
83255030-c4f5-48ed-829b-3b06dd57adbb	8	43313864	43326874	6	-0.32
83255030-c4f5-48ed-829b-3b06dd57adbb	8	43331331	46012735	152	0.8181
83255030-c4f5-48ed-829b-3b06dd57adbb	8	46014827	47954713	753	1.5647
83255030-c4f5-48ed-829b-3b06dd57adbb	8	47954879	48861928	473	1.889
83255030-c4f5-48ed-829b-3b06dd57adbb	8	48863797	49406152	339	1.2645
83255030-c4f5-48ed-829b-3b06dd57adbb	8	49415749	51799291	1488	1.6317
83255030-c4f5-48ed-829b-3b06dd57adbb	8	51800446	51853962	34	1.1689
83255030-c4f5-48ed-829b-3b06dd57adbb	8	51854336	52980970	739	1.3611
83255030-c4f5-48ed-829b-3b06dd57adbb	8	52984656	53018760	32	1.1517
83255030-c4f5-48ed-829b-3b06dd57adbb	8	53020475	53020483	2	-1.0713
83255030-c4f5-48ed-829b-3b06dd57adbb	8	53020524	57005385	2598	1.1471
83255030-c4f5-48ed-829b-3b06dd57adbb	8	57006920	57016644	7	-1.1631
83255030-c4f5-48ed-829b-3b06dd57adbb	8	57025292	67636412	6467	1.1392
83255030-c4f5-48ed-829b-3b06dd57adbb	8	67636578	70502699	1906	1.2184
83255030-c4f5-48ed-829b-3b06dd57adbb	8	70507805	76322226	3752	1.1353
83255030-c4f5-48ed-829b-3b06dd57adbb	8	76326157	77675899	801	1.0194
83255030-c4f5-48ed-829b-3b06dd57adbb	8	77680268	78153948	280	1.1164
83255030-c4f5-48ed-829b-3b06dd57adbb	8	78154490	78912011	438	1.7304
83255030-c4f5-48ed-829b-3b06dd57adbb	8	78914937	79456652	342	1.3051
83255030-c4f5-48ed-829b-3b06dd57adbb	8	79457288	82314235	1625	1.8171
83255030-c4f5-48ed-829b-3b06dd57adbb	8	82316222	82410933	51	1.0806
83255030-c4f5-48ed-829b-3b06dd57adbb	8	82411798	83401140	568	1.6753
83255030-c4f5-48ed-829b-3b06dd57adbb	8	83401151	83474481	32	1.3288
83255030-c4f5-48ed-829b-3b06dd57adbb	8	83476994	83777419	182	0.9406
83255030-c4f5-48ed-829b-3b06dd57adbb	8	83778025	84128134	213	1.0657
83255030-c4f5-48ed-829b-3b06dd57adbb	8	84136834	84173744	28	1.8035
83255030-c4f5-48ed-829b-3b06dd57adbb	8	84174540	89177064	2753	1.0877
83255030-c4f5-48ed-829b-3b06dd57adbb	8	89184556	89409221	199	0.9069
83255030-c4f5-48ed-829b-3b06dd57adbb	8	89411845	90431033	628	1.1129
83255030-c4f5-48ed-829b-3b06dd57adbb	8	90431544	94227100	2190	0.9754
83255030-c4f5-48ed-829b-3b06dd57adbb	8	94227715	94545324	182	1.7688
83255030-c4f5-48ed-829b-3b06dd57adbb	8	94545374	94545701	5	3.4417
83255030-c4f5-48ed-829b-3b06dd57adbb	8	94545764	94576222	23	1.2848
83255030-c4f5-48ed-829b-3b06dd57adbb	8	94576978	94592441	7	1.7197
83255030-c4f5-48ed-829b-3b06dd57adbb	8	94592790	94604752	6	2.2031
83255030-c4f5-48ed-829b-3b06dd57adbb	8	94609592	94652630	21	1.7036
83255030-c4f5-48ed-829b-3b06dd57adbb	8	94657336	96208071	1157	1.3505
83255030-c4f5-48ed-829b-3b06dd57adbb	8	96208611	96789807	400	1.6652
83255030-c4f5-48ed-829b-3b06dd57adbb	8	96798524	97015464	108	0.9508
83255030-c4f5-48ed-829b-3b06dd57adbb	8	97016239	98910930	1107	1.2015
83255030-c4f5-48ed-829b-3b06dd57adbb	8	98913673	98961990	17	1.7926
83255030-c4f5-48ed-829b-3b06dd57adbb	8	98962850	99317806	163	0.987
83255030-c4f5-48ed-829b-3b06dd57adbb	8	99318962	99528395	112	1.1941
83255030-c4f5-48ed-829b-3b06dd57adbb	8	99531567	99586292	23	1.9159
83255030-c4f5-48ed-829b-3b06dd57adbb	8	99586493	100527459	478	1.4005
83255030-c4f5-48ed-829b-3b06dd57adbb	8	100540277	101849745	978	1.2177
83255030-c4f5-48ed-829b-3b06dd57adbb	8	101850891	102177869	239	1.6281
83255030-c4f5-48ed-829b-3b06dd57adbb	8	102177972	102804878	334	1.9966
83255030-c4f5-48ed-829b-3b06dd57adbb	8	102809260	104163568	777	1.6385
83255030-c4f5-48ed-829b-3b06dd57adbb	8	104163845	104538235	232	1.9474
83255030-c4f5-48ed-829b-3b06dd57adbb	8	104539841	106378098	1113	2.072
83255030-c4f5-48ed-829b-3b06dd57adbb	8	106378113	106850534	335	1.9433
83255030-c4f5-48ed-829b-3b06dd57adbb	8	106850573	106850918	2	0.2865
83255030-c4f5-48ed-829b-3b06dd57adbb	8	106850923	108813036	1283	1.9463
83255030-c4f5-48ed-829b-3b06dd57adbb	8	108814571	109889924	606	1.6073
83255030-c4f5-48ed-829b-3b06dd57adbb	8	109890248	111279265	733	0.9531
83255030-c4f5-48ed-829b-3b06dd57adbb	8	111282050	111283031	10	0.1877
83255030-c4f5-48ed-829b-3b06dd57adbb	8	111288052	112299682	534	0.9691
83255030-c4f5-48ed-829b-3b06dd57adbb	8	112301881	114315422	1109	1.1242
83255030-c4f5-48ed-829b-3b06dd57adbb	8	114319762	114551594	127	1.5497
83255030-c4f5-48ed-829b-3b06dd57adbb	8	114553284	114626166	58	2.209
83255030-c4f5-48ed-829b-3b06dd57adbb	8	114626238	114628588	7	1.383
83255030-c4f5-48ed-829b-3b06dd57adbb	8	114628679	114868212	160	2.2729
83255030-c4f5-48ed-829b-3b06dd57adbb	8	114868722	116094392	750	2.0883
83255030-c4f5-48ed-829b-3b06dd57adbb	8	116094683	117773221	1117	1.7829
83255030-c4f5-48ed-829b-3b06dd57adbb	8	117778822	124122853	4405	1.0024
83255030-c4f5-48ed-829b-3b06dd57adbb	8	124135152	124990644	603	1.608
83255030-c4f5-48ed-829b-3b06dd57adbb	8	125000892	137271905	9320	1.0086
83255030-c4f5-48ed-829b-3b06dd57adbb	8	137273932	137400276	109	1.1556
83255030-c4f5-48ed-829b-3b06dd57adbb	8	137400697	137622949	212	1.6123
83255030-c4f5-48ed-829b-3b06dd57adbb	8	137623747	137810080	142	1.1546
83255030-c4f5-48ed-829b-3b06dd57adbb	8	137811491	137812781	4	-1.0891
83255030-c4f5-48ed-829b-3b06dd57adbb	8	137813527	138130829	277	1.1786
83255030-c4f5-48ed-829b-3b06dd57adbb	8	138131176	138131668	3	0.0342
83255030-c4f5-48ed-829b-3b06dd57adbb	8	138132671	139027943	754	1.2149
83255030-c4f5-48ed-829b-3b06dd57adbb	8	139031274	139423172	354	1.0283
83255030-c4f5-48ed-829b-3b06dd57adbb	8	139425870	140200004	639	1.2208
83255030-c4f5-48ed-829b-3b06dd57adbb	8	140200115	142662564	1343	0.996
83255030-c4f5-48ed-829b-3b06dd57adbb	8	142668300	142668654	3	-0.495
83255030-c4f5-48ed-829b-3b06dd57adbb	8	142670817	143227622	224	1.0713
83255030-c4f5-48ed-829b-3b06dd57adbb	8	143227655	143228432	7	-0.2013
83255030-c4f5-48ed-829b-3b06dd57adbb	8	143228447	143616987	120	1.0939
83255030-c4f5-48ed-829b-3b06dd57adbb	8	143622987	143625638	9	-0.2413
83255030-c4f5-48ed-829b-3b06dd57adbb	8	143636819	145072769	504	0.9688
83255030-c4f5-48ed-829b-3b06dd57adbb	9	46587	602903	508	0.0453
83255030-c4f5-48ed-829b-3b06dd57adbb	9	606699	606961	4	-1.7295
83255030-c4f5-48ed-829b-3b06dd57adbb	9	607307	1790185	1441	0.0745
83255030-c4f5-48ed-829b-3b06dd57adbb	9	1791177	1791611	2	-1.9584
83255030-c4f5-48ed-829b-3b06dd57adbb	9	1792095	5074813	3267	0.0771
83255030-c4f5-48ed-829b-3b06dd57adbb	9	5076691	7123345	1527	0.2571
83255030-c4f5-48ed-829b-3b06dd57adbb	9	7123421	29835678	18474	0.0501
83255030-c4f5-48ed-829b-3b06dd57adbb	9	29837989	30418803	412	0.1928
83255030-c4f5-48ed-829b-3b06dd57adbb	9	30419130	30455672	27	0.5319
83255030-c4f5-48ed-829b-3b06dd57adbb	9	30456126	31539594	720	0.2055
83255030-c4f5-48ed-829b-3b06dd57adbb	9	31540370	31540545	2	-1.1391
83255030-c4f5-48ed-829b-3b06dd57adbb	9	31541169	33723112	1566	0.2613
83255030-c4f5-48ed-829b-3b06dd57adbb	9	33723604	39588611	3159	0.0839
83255030-c4f5-48ed-829b-3b06dd57adbb	9	39747848	39840169	5	1.3875
83255030-c4f5-48ed-829b-3b06dd57adbb	9	40018947	42046831	104	0.158
83255030-c4f5-48ed-829b-3b06dd57adbb	9	42073850	42202227	18	-0.564
83255030-c4f5-48ed-829b-3b06dd57adbb	9	42211663	42794777	47	0.0523
83255030-c4f5-48ed-829b-3b06dd57adbb	9	42798441	60894341	16	0.6508
83255030-c4f5-48ed-829b-3b06dd57adbb	9	60898630	61952740	51	0.1624
83255030-c4f5-48ed-829b-3b06dd57adbb	9	61977370	63697032	52	-0.2666
83255030-c4f5-48ed-829b-3b06dd57adbb	9	63697496	64467459	26	0.1666
83255030-c4f5-48ed-829b-3b06dd57adbb	9	64480563	64480578	3	1.8869
83255030-c4f5-48ed-829b-3b06dd57adbb	9	64493528	64510407	9	-0.0087
83255030-c4f5-48ed-829b-3b06dd57adbb	9	64520620	64839518	13	1.1751
83255030-c4f5-48ed-829b-3b06dd57adbb	9	64845973	67042427	29	0.2464
83255030-c4f5-48ed-829b-3b06dd57adbb	9	67073081	112349146	31358	-0.4024
83255030-c4f5-48ed-829b-3b06dd57adbb	9	112352933	112569416	133	-0.6777
83255030-c4f5-48ed-829b-3b06dd57adbb	9	112569536	135322259	15162	-0.399
83255030-c4f5-48ed-829b-3b06dd57adbb	9	135323776	135324566	2	-2.887
83255030-c4f5-48ed-829b-3b06dd57adbb	9	135325951	138200944	1103	-0.4198
83255030-c4f5-48ed-829b-3b06dd57adbb	10	45792	2490477	1879	-0.2054
83255030-c4f5-48ed-829b-3b06dd57adbb	10	2490672	7892722	4925	-0.1374
83255030-c4f5-48ed-829b-3b06dd57adbb	10	7901555	8524377	528	-0.4223
83255030-c4f5-48ed-829b-3b06dd57adbb	10	8525926	12251185	2887	-0.145
83255030-c4f5-48ed-829b-3b06dd57adbb	10	12254451	12255566	7	-1.6079
83255030-c4f5-48ed-829b-3b06dd57adbb	10	12257033	16263793	3363	-0.1314
83255030-c4f5-48ed-829b-3b06dd57adbb	10	16265151	16272718	3	-1.7029
83255030-c4f5-48ed-829b-3b06dd57adbb	10	16273627	17352807	916	-0.1455
83255030-c4f5-48ed-829b-3b06dd57adbb	10	17353501	17353891	3	-2.095
83255030-c4f5-48ed-829b-3b06dd57adbb	10	17354214	45233172	16574	-0.1491
83255030-c4f5-48ed-829b-3b06dd57adbb	10	45234143	45235853	3	-1.8494
83255030-c4f5-48ed-829b-3b06dd57adbb	10	45236235	65546518	13183	-0.1624
83255030-c4f5-48ed-829b-3b06dd57adbb	10	65548165	65563037	29	0.4009
83255030-c4f5-48ed-829b-3b06dd57adbb	10	65563168	115145740	32628	-0.1469
83255030-c4f5-48ed-829b-3b06dd57adbb	10	115145770	122574497	5584	-0.2291
83255030-c4f5-48ed-829b-3b06dd57adbb	10	122584593	122591497	6	1.2373
83255030-c4f5-48ed-829b-3b06dd57adbb	10	122597296	133108747	7642	-0.2344
83255030-c4f5-48ed-829b-3b06dd57adbb	10	133114635	133420688	99	-0.1333
83255030-c4f5-48ed-829b-3b06dd57adbb	10	133429369	133563765	108	0.4319
83255030-c4f5-48ed-829b-3b06dd57adbb	10	133563774	133654968	36	-0.1609
83255030-c4f5-48ed-829b-3b06dd57adbb	11	198510	5762693	3215	-0.4173
83255030-c4f5-48ed-829b-3b06dd57adbb	11	5766175	5791130	36	0.1349
83255030-c4f5-48ed-829b-3b06dd57adbb	11	5794956	50792187	30730	-0.4111
83255030-c4f5-48ed-829b-3b06dd57adbb	11	50810146	55609186	387	0.0951
83255030-c4f5-48ed-829b-3b06dd57adbb	11	55609201	55693207	48	-0.706
83255030-c4f5-48ed-829b-3b06dd57adbb	11	55693312	74313212	9519	0.1031
83255030-c4f5-48ed-829b-3b06dd57adbb	11	74314244	74315183	2	-1.5261
83255030-c4f5-48ed-829b-3b06dd57adbb	11	74318485	79679087	3301	0.0942
83255030-c4f5-48ed-829b-3b06dd57adbb	11	79679706	79683752	3	-1.6217
83255030-c4f5-48ed-829b-3b06dd57adbb	11	79685592	80256469	407	0.0708
83255030-c4f5-48ed-829b-3b06dd57adbb	11	80256504	80260060	8	-0.4702
83255030-c4f5-48ed-829b-3b06dd57adbb	11	80261889	80272296	22	-5.2715
83255030-c4f5-48ed-829b-3b06dd57adbb	11	80272554	90833345	7117	0.0639
83255030-c4f5-48ed-829b-3b06dd57adbb	11	90835019	90837769	3	-3.555
83255030-c4f5-48ed-829b-3b06dd57adbb	11	90837870	95445735	3273	0.0732
83255030-c4f5-48ed-829b-3b06dd57adbb	11	95447515	95452936	4	-1.4006
83255030-c4f5-48ed-829b-3b06dd57adbb	11	95453143	107359993	8621	0.0646
83255030-c4f5-48ed-829b-3b06dd57adbb	11	107367930	107368402	7	-0.8693
83255030-c4f5-48ed-829b-3b06dd57adbb	11	107381636	107563980	159	0.0576
83255030-c4f5-48ed-829b-3b06dd57adbb	11	107570212	132520397	17804	0.0987
83255030-c4f5-48ed-829b-3b06dd57adbb	11	132520506	135074876	1923	0.0475
83255030-c4f5-48ed-829b-3b06dd57adbb	12	51460	83454	9	0.5305
83255030-c4f5-48ed-829b-3b06dd57adbb	12	85586	1481349	829	-0.1533
83255030-c4f5-48ed-829b-3b06dd57adbb	12	1481462	1638307	92	-0.3546
83255030-c4f5-48ed-829b-3b06dd57adbb	12	1638488	8249238	4609	-0.1217
83255030-c4f5-48ed-829b-3b06dd57adbb	12	8253044	8404097	48	0.1545
83255030-c4f5-48ed-829b-3b06dd57adbb	12	8405892	8410039	10	1.3389
83255030-c4f5-48ed-829b-3b06dd57adbb	12	8415012	11358644	1762	-0.143
83255030-c4f5-48ed-829b-3b06dd57adbb	12	11359558	11390452	28	-0.8162
83255030-c4f5-48ed-829b-3b06dd57adbb	12	11390472	90041118	48051	-0.1469
83255030-c4f5-48ed-829b-3b06dd57adbb	12	90043578	90043785	2	-2.3165
83255030-c4f5-48ed-829b-3b06dd57adbb	12	90045281	98369755	5856	-0.1559
83255030-c4f5-48ed-829b-3b06dd57adbb	12	98369783	126382640	18171	-0.1253
83255030-c4f5-48ed-829b-3b06dd57adbb	12	126383870	133201603	5143	-0.1685
83255030-c4f5-48ed-829b-3b06dd57adbb	13	18452809	19665773	584	0.0771
83255030-c4f5-48ed-829b-3b06dd57adbb	13	19667885	19723896	32	0.6718
83255030-c4f5-48ed-829b-3b06dd57adbb	13	19725777	37501828	12841	0.0956
83255030-c4f5-48ed-829b-3b06dd57adbb	13	37502130	37510620	12	0.8438
83255030-c4f5-48ed-829b-3b06dd57adbb	13	37514193	43062281	3931	0.0845
83255030-c4f5-48ed-829b-3b06dd57adbb	13	43073355	43567886	394	-0.7938
83255030-c4f5-48ed-829b-3b06dd57adbb	13	43568924	43570683	2	-3.0997
83255030-c4f5-48ed-829b-3b06dd57adbb	13	43571824	51043725	4776	-0.735
83255030-c4f5-48ed-829b-3b06dd57adbb	13	51044024	51047647	2	-3.7139
83255030-c4f5-48ed-829b-3b06dd57adbb	13	51048532	51781729	412	-0.759
83255030-c4f5-48ed-829b-3b06dd57adbb	13	51782049	52034621	184	-0.3925
83255030-c4f5-48ed-829b-3b06dd57adbb	13	52035057	52035072	2	-2.7201
83255030-c4f5-48ed-829b-3b06dd57adbb	13	52036990	54892783	1625	-0.4107
83255030-c4f5-48ed-829b-3b06dd57adbb	13	54893794	57583993	1380	-0.7173
83255030-c4f5-48ed-829b-3b06dd57adbb	13	57585945	58727033	640	-0.4142
83255030-c4f5-48ed-829b-3b06dd57adbb	13	58729993	68668123	6015	0.2589
83255030-c4f5-48ed-829b-3b06dd57adbb	13	68674167	68696189	43	-0.3535
83255030-c4f5-48ed-829b-3b06dd57adbb	13	68696208	71903417	2054	0.2378
83255030-c4f5-48ed-829b-3b06dd57adbb	13	71905409	78694103	4855	0.2862
83255030-c4f5-48ed-829b-3b06dd57adbb	13	78694983	96863201	11390	0.2564
83255030-c4f5-48ed-829b-3b06dd57adbb	13	96863529	112866048	12127	0.2933
83255030-c4f5-48ed-829b-3b06dd57adbb	13	112869676	114342922	655	0.2485
83255030-c4f5-48ed-829b-3b06dd57adbb	14	18239283	19298389	48	-0.1155
83255030-c4f5-48ed-829b-3b06dd57adbb	14	19326853	19952080	117	0.2834
83255030-c4f5-48ed-829b-3b06dd57adbb	14	19954424	69547262	31363	-0.0805
83255030-c4f5-48ed-829b-3b06dd57adbb	14	69551330	69555582	7	-1.2322
83255030-c4f5-48ed-829b-3b06dd57adbb	14	69555597	78302453	5699	-0.0592
83255030-c4f5-48ed-829b-3b06dd57adbb	14	78302541	87434050	6128	-0.1061
83255030-c4f5-48ed-829b-3b06dd57adbb	14	87435497	105728426	11420	-0.0647
83255030-c4f5-48ed-829b-3b06dd57adbb	14	105728964	105877120	68	-0.3246
83255030-c4f5-48ed-829b-3b06dd57adbb	14	105912076	106434898	183	-0.0585
83255030-c4f5-48ed-829b-3b06dd57adbb	14	106437363	106462183	43	-0.5846
83255030-c4f5-48ed-829b-3b06dd57adbb	14	106462724	106877229	195	-0.067
83255030-c4f5-48ed-829b-3b06dd57adbb	15	19811075	20206125	57	0.0371
83255030-c4f5-48ed-829b-3b06dd57adbb	15	20206395	22413894	152	-0.8908
83255030-c4f5-48ed-829b-3b06dd57adbb	15	22455811	24424598	986	-0.142
83255030-c4f5-48ed-829b-3b06dd57adbb	15	24429604	24482084	36	-1.5329
83255030-c4f5-48ed-829b-3b06dd57adbb	15	24485848	37815207	8524	-0.1371
83255030-c4f5-48ed-829b-3b06dd57adbb	15	37816448	37817575	2	-2.7664
83255030-c4f5-48ed-829b-3b06dd57adbb	15	37819527	76586021	24085	-0.1091
83255030-c4f5-48ed-829b-3b06dd57adbb	15	76598900	76609838	23	0.457
83255030-c4f5-48ed-829b-3b06dd57adbb	15	76609853	85964486	5508	-0.0976
83255030-c4f5-48ed-829b-3b06dd57adbb	15	85965728	85977902	7	-1.1137
83255030-c4f5-48ed-829b-3b06dd57adbb	15	85978606	101905038	12039	-0.1174
83255030-c4f5-48ed-829b-3b06dd57adbb	15	101919053	101928837	2	-2.042
83255030-c4f5-48ed-829b-3b06dd57adbb	16	10777	601128	268	-0.0638
83255030-c4f5-48ed-829b-3b06dd57adbb	16	601250	20489224	13604	0.0504
83255030-c4f5-48ed-829b-3b06dd57adbb	16	20501459	20521320	21	-0.8183
83255030-c4f5-48ed-829b-3b06dd57adbb	16	20522124	58450910	14629	0.0497
83255030-c4f5-48ed-829b-3b06dd57adbb	16	58454276	65620853	4757	-0.0021
83255030-c4f5-48ed-829b-3b06dd57adbb	16	65620978	88545605	17821	0.0463
83255030-c4f5-48ed-829b-3b06dd57adbb	16	88546604	90096867	668	-0.1132
83255030-c4f5-48ed-829b-3b06dd57adbb	17	150733	36069375	18165	-0.3828
83255030-c4f5-48ed-829b-3b06dd57adbb	17	36069424	36074358	3	0.6079
83255030-c4f5-48ed-829b-3b06dd57adbb	17	36074558	36109315	27	-0.0571
83255030-c4f5-48ed-829b-3b06dd57adbb	17	36109735	36157718	35	0.5077
83255030-c4f5-48ed-829b-3b06dd57adbb	17	36200725	46130967	5064	-0.3691
83255030-c4f5-48ed-829b-3b06dd57adbb	17	46131308	46446345	93	-0.6368
83255030-c4f5-48ed-829b-3b06dd57adbb	17	46446360	46571001	3	1.6143
83255030-c4f5-48ed-829b-3b06dd57adbb	17	46664059	73747641	16694	-0.3849
83255030-c4f5-48ed-829b-3b06dd57adbb	17	73749837	73751471	17	-1.1119
83255030-c4f5-48ed-829b-3b06dd57adbb	17	73751886	77219404	1850	-0.3998
83255030-c4f5-48ed-829b-3b06dd57adbb	17	77221097	77235674	10	0.3357
83255030-c4f5-48ed-829b-3b06dd57adbb	17	77237632	83091923	2933	-0.4186
83255030-c4f5-48ed-829b-3b06dd57adbb	18	48133	290824	107	0.0464
83255030-c4f5-48ed-829b-3b06dd57adbb	18	293519	304251	30	-0.9619
83255030-c4f5-48ed-829b-3b06dd57adbb	18	304262	80257174	50468	0.0733
83255030-c4f5-48ed-829b-3b06dd57adbb	19	90910	20972787	9227	0.1101
83255030-c4f5-48ed-829b-3b06dd57adbb	19	20975084	20982361	4	-1.3015
83255030-c4f5-48ed-829b-3b06dd57adbb	19	20985642	54736440	17518	0.0892
83255030-c4f5-48ed-829b-3b06dd57adbb	19	54736513	54822429	26	-0.8243
83255030-c4f5-48ed-829b-3b06dd57adbb	19	54823536	58586487	2295	0.0672
83255030-c4f5-48ed-829b-3b06dd57adbb	20	80664	1580353	1202	-0.0404
83255030-c4f5-48ed-829b-3b06dd57adbb	20	1580934	1613247	41	-0.4806
83255030-c4f5-48ed-829b-3b06dd57adbb	20	1617300	37882394	22133	-0.0364
83255030-c4f5-48ed-829b-3b06dd57adbb	20	37885750	40250597	1612	0.1691
83255030-c4f5-48ed-829b-3b06dd57adbb	20	40251360	40251603	3	-1.5934
83255030-c4f5-48ed-829b-3b06dd57adbb	20	40255529	55079182	10766	0.176
83255030-c4f5-48ed-829b-3b06dd57adbb	20	55080867	55085460	3	-1.8828
83255030-c4f5-48ed-829b-3b06dd57adbb	20	55085590	64324800	6528	0.1778
83255030-c4f5-48ed-829b-3b06dd57adbb	21	10354168	13013569	95	0.2909
83255030-c4f5-48ed-829b-3b06dd57adbb	21	13028413	15643952	1403	0.5215
83255030-c4f5-48ed-829b-3b06dd57adbb	21	15644194	15650401	7	1.3617
83255030-c4f5-48ed-829b-3b06dd57adbb	21	15654512	16659946	654	0.5048
83255030-c4f5-48ed-829b-3b06dd57adbb	21	16661656	16974047	211	1.2663
83255030-c4f5-48ed-829b-3b06dd57adbb	21	16974103	18851151	1301	0.8958
83255030-c4f5-48ed-829b-3b06dd57adbb	21	18851640	20583595	1336	0.7582
83255030-c4f5-48ed-829b-3b06dd57adbb	21	20583842	22348208	1339	1.2889
83255030-c4f5-48ed-829b-3b06dd57adbb	21	22350960	22362806	12	-1.1038
83255030-c4f5-48ed-829b-3b06dd57adbb	21	22371115	23007183	444	1.3673
83255030-c4f5-48ed-829b-3b06dd57adbb	21	23024136	23057531	51	0.9363
83255030-c4f5-48ed-829b-3b06dd57adbb	21	23057545	23126765	82	0.5826
83255030-c4f5-48ed-829b-3b06dd57adbb	21	23126883	23736396	483	0.754
83255030-c4f5-48ed-829b-3b06dd57adbb	21	23738009	30740591	5225	0.5259
83255030-c4f5-48ed-829b-3b06dd57adbb	21	30740619	45229407	10337	0.5671
83255030-c4f5-48ed-829b-3b06dd57adbb	21	45231935	45506637	147	0.4248
83255030-c4f5-48ed-829b-3b06dd57adbb	21	45511103	45513553	4	-1.4464
83255030-c4f5-48ed-829b-3b06dd57adbb	21	45520594	46677045	685	0.5489
83255030-c4f5-48ed-829b-3b06dd57adbb	22	15294547	18138194	1106	0.3416
83255030-c4f5-48ed-829b-3b06dd57adbb	22	18141598	18142004	2	1.8688
83255030-c4f5-48ed-829b-3b06dd57adbb	22	18143362	18649244	25	0.479
83255030-c4f5-48ed-829b-3b06dd57adbb	22	18760927	23240991	2801	0.2558
83255030-c4f5-48ed-829b-3b06dd57adbb	22	23244758	48952145	18132	0.3296
83255030-c4f5-48ed-829b-3b06dd57adbb	22	48953531	50252407	957	0.2409
83255030-c4f5-48ed-829b-3b06dd57adbb	22	50253903	50277638	4	-1.8456
83255030-c4f5-48ed-829b-3b06dd57adbb	22	50292457	50528603	75	0.2479
83255030-c4f5-48ed-829b-3b06dd57adbb	22	50534679	50534687	5	1.0428
83255030-c4f5-48ed-829b-3b06dd57adbb	22	50535325	50796027	143	0.2345
83255030-c4f5-48ed-829b-3b06dd57adbb	X	251810	39018644	24146	0.0068
83255030-c4f5-48ed-829b-3b06dd57adbb	X	39020002	76169339	15094	0.0286
83255030-c4f5-48ed-829b-3b06dd57adbb	X	76174235	112468139	18904	0.0033
83255030-c4f5-48ed-829b-3b06dd57adbb	X	112474685	112499549	16	-1.1651
83255030-c4f5-48ed-829b-3b06dd57adbb	X	112508614	123237855	6255	0.004
83255030-c4f5-48ed-829b-3b06dd57adbb	X	123238933	123239256	2	-1.7428
83255030-c4f5-48ed-829b-3b06dd57adbb	X	123239733	149541910	15806	-0.0005
83255030-c4f5-48ed-829b-3b06dd57adbb	X	149547035	149572955	11	-0.7423
83255030-c4f5-48ed-829b-3b06dd57adbb	X	149604380	149758163	70	-0.024
83255030-c4f5-48ed-829b-3b06dd57adbb	X	149793935	149899987	66	0.6379
83255030-c4f5-48ed-829b-3b06dd57adbb	X	149932109	155952689	3128	0.0126
83255030-c4f5-48ed-829b-3b06dd57adbb	Y	2782397	19710635	5577	-1.12
83255030-c4f5-48ed-829b-3b06dd57adbb	Y	19710852	19711000	2	-4.7756
83255030-c4f5-48ed-829b-3b06dd57adbb	Y	19711123	56872112	1031	-1.0738
