GDC_Aliquot	Chromosome	Start	End	Num_Probes	Segment_Mean
33f0ee56-ed28-4e68-9f6c-a0587874e350	1	62920	833413	37	0.0748
33f0ee56-ed28-4e68-9f6c-a0587874e350	1	841742	855630	7	-0.8308
33f0ee56-ed28-4e68-9f6c-a0587874e350	1	860781	15822848	8281	-0.0001
33f0ee56-ed28-4e68-9f6c-a0587874e350	1	15823420	15827430	7	0.6381
33f0ee56-ed28-4e68-9f6c-a0587874e350	1	15827706	16721984	343	-0.0315
33f0ee56-ed28-4e68-9f6c-a0587874e350	1	16766762	16785682	11	0.5142
33f0ee56-ed28-4e68-9f6c-a0587874e350	1	16787932	16863509	4	-0.1987
33f0ee56-ed28-4e68-9f6c-a0587874e350	1	16864367	16935737	53	-0.5012
33f0ee56-ed28-4e68-9f6c-a0587874e350	1	16935752	25256850	5258	0.0019
33f0ee56-ed28-4e68-9f6c-a0587874e350	1	25266637	25320198	22	0.5067
33f0ee56-ed28-4e68-9f6c-a0587874e350	1	25320253	30268649	2396	0.0058
33f0ee56-ed28-4e68-9f6c-a0587874e350	1	30268809	30272363	3	0.9802
33f0ee56-ed28-4e68-9f6c-a0587874e350	1	30274729	61648334	19023	0.0053
33f0ee56-ed28-4e68-9f6c-a0587874e350	1	61648509	61652515	3	-1.0595
33f0ee56-ed28-4e68-9f6c-a0587874e350	1	61654137	72303233	7282	0.0092
33f0ee56-ed28-4e68-9f6c-a0587874e350	1	72303253	72345465	45	-1.2196
33f0ee56-ed28-4e68-9f6c-a0587874e350	1	72346221	103560608	19954	0.0083
33f0ee56-ed28-4e68-9f6c-a0587874e350	1	103566616	103760781	33	0.4013
33f0ee56-ed28-4e68-9f6c-a0587874e350	1	103760879	105470754	913	0.0078
33f0ee56-ed28-4e68-9f6c-a0587874e350	1	105476583	105479753	17	-1.5696
33f0ee56-ed28-4e68-9f6c-a0587874e350	1	105481433	109684893	2629	-0.0023
33f0ee56-ed28-4e68-9f6c-a0587874e350	1	109690352	109697556	13	-1.3775
33f0ee56-ed28-4e68-9f6c-a0587874e350	1	109702376	112147704	1944	0.0083
33f0ee56-ed28-4e68-9f6c-a0587874e350	1	112153343	112153686	5	-0.745
33f0ee56-ed28-4e68-9f6c-a0587874e350	1	112153851	152583051	7599	0.004
33f0ee56-ed28-4e68-9f6c-a0587874e350	1	152583230	152614064	33	0.3332
33f0ee56-ed28-4e68-9f6c-a0587874e350	1	152614100	152784298	165	-0.0374
33f0ee56-ed28-4e68-9f6c-a0587874e350	1	152784330	152801429	41	-0.3678
33f0ee56-ed28-4e68-9f6c-a0587874e350	1	152804279	196758720	29380	0.0094
33f0ee56-ed28-4e68-9f6c-a0587874e350	1	196761905	196788990	34	0.2979
33f0ee56-ed28-4e68-9f6c-a0587874e350	1	196789019	222193326	17381	0.0088
33f0ee56-ed28-4e68-9f6c-a0587874e350	1	222201492	222203662	2	-2.9728
33f0ee56-ed28-4e68-9f6c-a0587874e350	1	222208792	248930189	18382	0.009
33f0ee56-ed28-4e68-9f6c-a0587874e350	2	12784	52527330	37076	0.0046
33f0ee56-ed28-4e68-9f6c-a0587874e350	2	52527342	52554404	39	0.4993
33f0ee56-ed28-4e68-9f6c-a0587874e350	2	52560811	87286164	22004	0.0044
33f0ee56-ed28-4e68-9f6c-a0587874e350	2	87287256	87295819	3	-1.2295
33f0ee56-ed28-4e68-9f6c-a0587874e350	2	87299357	97359885	1798	-0.0078
33f0ee56-ed28-4e68-9f6c-a0587874e350	2	97524284	97545726	9	0.6812
33f0ee56-ed28-4e68-9f6c-a0587874e350	2	97550415	106258266	5563	0.0133
33f0ee56-ed28-4e68-9f6c-a0587874e350	2	106263639	106268901	12	0.526
33f0ee56-ed28-4e68-9f6c-a0587874e350	2	106270799	122719438	9472	0.0086
33f0ee56-ed28-4e68-9f6c-a0587874e350	2	122722323	122724665	8	-0.79
33f0ee56-ed28-4e68-9f6c-a0587874e350	2	122726077	146106875	14291	0.0115
33f0ee56-ed28-4e68-9f6c-a0587874e350	2	146106889	146109366	21	0.6048
33f0ee56-ed28-4e68-9f6c-a0587874e350	2	146120238	179546427	20445	0.0084
33f0ee56-ed28-4e68-9f6c-a0587874e350	2	179548635	179557410	32	-0.8282
33f0ee56-ed28-4e68-9f6c-a0587874e350	2	179560916	242147305	38427	0.0061
33f0ee56-ed28-4e68-9f6c-a0587874e350	3	20930	182919	152	0.0294
33f0ee56-ed28-4e68-9f6c-a0587874e350	3	188339	191117	4	-2.5917
33f0ee56-ed28-4e68-9f6c-a0587874e350	3	193194	47358421	33248	0.0065
33f0ee56-ed28-4e68-9f6c-a0587874e350	3	47358841	47363961	3	-1.2794
33f0ee56-ed28-4e68-9f6c-a0587874e350	3	47367722	99218940	30185	0.009
33f0ee56-ed28-4e68-9f6c-a0587874e350	3	99225614	99230577	38	0.368
33f0ee56-ed28-4e68-9f6c-a0587874e350	3	99232120	112380800	7921	0.0143
33f0ee56-ed28-4e68-9f6c-a0587874e350	3	112384674	112394487	27	-0.7693
33f0ee56-ed28-4e68-9f6c-a0587874e350	3	112395969	162813082	31000	0.0058
33f0ee56-ed28-4e68-9f6c-a0587874e350	3	162815162	162822702	7	-1.2881
33f0ee56-ed28-4e68-9f6c-a0587874e350	3	162827928	162996729	120	-0.0949
33f0ee56-ed28-4e68-9f6c-a0587874e350	3	162999939	163001774	2	-2.0404
33f0ee56-ed28-4e68-9f6c-a0587874e350	3	163008371	198169247	21753	0.0061
33f0ee56-ed28-4e68-9f6c-a0587874e350	4	68929	10221792	5702	-0.0018
33f0ee56-ed28-4e68-9f6c-a0587874e350	4	10222004	10229874	27	-1.7921
33f0ee56-ed28-4e68-9f6c-a0587874e350	4	10232590	23995151	10037	0.0081
33f0ee56-ed28-4e68-9f6c-a0587874e350	4	23998050	23998417	2	-4.1313
33f0ee56-ed28-4e68-9f6c-a0587874e350	4	23998857	34777353	6898	0.0065
33f0ee56-ed28-4e68-9f6c-a0587874e350	4	34777382	34823103	42	0.3221
33f0ee56-ed28-4e68-9f6c-a0587874e350	4	34828250	63839481	16518	0.009
33f0ee56-ed28-4e68-9f6c-a0587874e350	4	63839590	63842540	17	0.4307
33f0ee56-ed28-4e68-9f6c-a0587874e350	4	63850713	68418873	2851	0.0117
33f0ee56-ed28-4e68-9f6c-a0587874e350	4	68422420	68422424	3	-1.2466
33f0ee56-ed28-4e68-9f6c-a0587874e350	4	68429081	68478894	9	-0.0533
33f0ee56-ed28-4e68-9f6c-a0587874e350	4	68494770	68623617	69	0.3278
33f0ee56-ed28-4e68-9f6c-a0587874e350	4	68639397	69254604	308	0.0013
33f0ee56-ed28-4e68-9f6c-a0587874e350	4	69254981	69366406	61	-0.5962
33f0ee56-ed28-4e68-9f6c-a0587874e350	4	69370433	114252544	27255	0.0082
33f0ee56-ed28-4e68-9f6c-a0587874e350	4	114254167	114261019	23	-1.2567
33f0ee56-ed28-4e68-9f6c-a0587874e350	4	114263073	137171085	13210	0.0087
33f0ee56-ed28-4e68-9f6c-a0587874e350	4	137171266	137173804	14	-0.5423
33f0ee56-ed28-4e68-9f6c-a0587874e350	4	137173818	151868634	8812	0.0045
33f0ee56-ed28-4e68-9f6c-a0587874e350	4	151870381	151871415	12	-1.0802
33f0ee56-ed28-4e68-9f6c-a0587874e350	4	151871739	151873707	4	0.8082
33f0ee56-ed28-4e68-9f6c-a0587874e350	4	151874236	152069134	184	0.0226
33f0ee56-ed28-4e68-9f6c-a0587874e350	4	152069741	152072978	5	-1.1128
33f0ee56-ed28-4e68-9f6c-a0587874e350	4	152073038	154881396	1752	0.0071
33f0ee56-ed28-4e68-9f6c-a0587874e350	4	154881853	154881926	3	-2.6415
33f0ee56-ed28-4e68-9f6c-a0587874e350	4	154882047	160958989	3909	0.0043
33f0ee56-ed28-4e68-9f6c-a0587874e350	4	160959045	160963806	20	-0.4986
33f0ee56-ed28-4e68-9f6c-a0587874e350	4	160963815	189844248	19031	0.0091
33f0ee56-ed28-4e68-9f6c-a0587874e350	4	189847213	189847541	2	-1.5168
33f0ee56-ed28-4e68-9f6c-a0587874e350	4	189850015	190106768	72	-0.0184
33f0ee56-ed28-4e68-9f6c-a0587874e350	5	15532	779766	334	-0.0343
33f0ee56-ed28-4e68-9f6c-a0587874e350	5	800724	833513	19	0.5275
33f0ee56-ed28-4e68-9f6c-a0587874e350	5	852451	21449167	15324	0.0077
33f0ee56-ed28-4e68-9f6c-a0587874e350	5	21451091	21451889	4	-1.8368
33f0ee56-ed28-4e68-9f6c-a0587874e350	5	21452329	27524345	3521	0.0065
33f0ee56-ed28-4e68-9f6c-a0587874e350	5	27525283	27527372	11	-0.5371
33f0ee56-ed28-4e68-9f6c-a0587874e350	5	27528377	58025819	16457	0.0101
33f0ee56-ed28-4e68-9f6c-a0587874e350	5	58030200	58037706	32	1.2247
33f0ee56-ed28-4e68-9f6c-a0587874e350	5	58042530	70959071	7289	0.0116
33f0ee56-ed28-4e68-9f6c-a0587874e350	5	70959073	71053366	11	-0.7806
33f0ee56-ed28-4e68-9f6c-a0587874e350	5	71095358	150822643	49202	0.0084
33f0ee56-ed28-4e68-9f6c-a0587874e350	5	150825938	150839042	8	-0.8304
33f0ee56-ed28-4e68-9f6c-a0587874e350	5	150843825	152134610	961	0.0126
33f0ee56-ed28-4e68-9f6c-a0587874e350	5	152135825	152138790	14	-0.6654
33f0ee56-ed28-4e68-9f6c-a0587874e350	5	152140710	177771448	17434	0.0014
33f0ee56-ed28-4e68-9f6c-a0587874e350	5	177800550	177805604	3	1.8328
33f0ee56-ed28-4e68-9f6c-a0587874e350	5	177827964	181363319	1984	0.0013
33f0ee56-ed28-4e68-9f6c-a0587874e350	6	149661	254283	101	-0.0199
33f0ee56-ed28-4e68-9f6c-a0587874e350	6	257353	303121	26	0.4385
33f0ee56-ed28-4e68-9f6c-a0587874e350	6	314962	395810	90	0.1549
33f0ee56-ed28-4e68-9f6c-a0587874e350	6	397937	29869295	21397	0.0008
33f0ee56-ed28-4e68-9f6c-a0587874e350	6	29869410	29881490	16	-1.1684
33f0ee56-ed28-4e68-9f6c-a0587874e350	6	29882419	30003229	68	-0.2328
33f0ee56-ed28-4e68-9f6c-a0587874e350	6	30003771	31309909	594	0.0085
33f0ee56-ed28-4e68-9f6c-a0587874e350	6	31313046	31318528	3	-0.4361
33f0ee56-ed28-4e68-9f6c-a0587874e350	6	31318754	31328176	6	-1.6049
33f0ee56-ed28-4e68-9f6c-a0587874e350	6	31328210	32614112	544	-0.0264
33f0ee56-ed28-4e68-9f6c-a0587874e350	6	32614426	32637799	12	-0.5841
33f0ee56-ed28-4e68-9f6c-a0587874e350	6	32638107	66328153	19049	0.0068
33f0ee56-ed28-4e68-9f6c-a0587874e350	6	66331020	66333299	7	-0.7642
33f0ee56-ed28-4e68-9f6c-a0587874e350	6	66333342	76726815	6771	0.0059
33f0ee56-ed28-4e68-9f6c-a0587874e350	6	76730151	76742665	15	-2.7433
33f0ee56-ed28-4e68-9f6c-a0587874e350	6	76742675	76743040	6	-1.1971
33f0ee56-ed28-4e68-9f6c-a0587874e350	6	76751356	77319910	353	0.0004
33f0ee56-ed28-4e68-9f6c-a0587874e350	6	77321320	77321416	3	0.8671
33f0ee56-ed28-4e68-9f6c-a0587874e350	6	77322441	78246151	606	-0.0055
33f0ee56-ed28-4e68-9f6c-a0587874e350	6	78246837	78342896	136	0.1551
33f0ee56-ed28-4e68-9f6c-a0587874e350	6	78343128	152975406	47191	0.0074
33f0ee56-ed28-4e68-9f6c-a0587874e350	6	152975548	152975637	2	-2.2059
33f0ee56-ed28-4e68-9f6c-a0587874e350	6	152976015	170741917	12342	0.0033
33f0ee56-ed28-4e68-9f6c-a0587874e350	7	43355	148300	90	-0.0005
33f0ee56-ed28-4e68-9f6c-a0587874e350	7	155066	158626	10	-0.6676
33f0ee56-ed28-4e68-9f6c-a0587874e350	7	161442	13543641	8723	0.0054
33f0ee56-ed28-4e68-9f6c-a0587874e350	7	13547787	13551572	8	-1.051
33f0ee56-ed28-4e68-9f6c-a0587874e350	7	13551859	39037797	19119	0.0053
33f0ee56-ed28-4e68-9f6c-a0587874e350	7	39037805	39039873	2	-1.6979
33f0ee56-ed28-4e68-9f6c-a0587874e350	7	39040000	40752308	1004	0.0173
33f0ee56-ed28-4e68-9f6c-a0587874e350	7	40756227	40758550	3	-0.9979
33f0ee56-ed28-4e68-9f6c-a0587874e350	7	40760102	43957113	2209	0.007
33f0ee56-ed28-4e68-9f6c-a0587874e350	7	43957453	43995416	9	0.552
33f0ee56-ed28-4e68-9f6c-a0587874e350	7	44009722	52661195	6023	0.0027
33f0ee56-ed28-4e68-9f6c-a0587874e350	7	52669031	52675050	4	0.8062
33f0ee56-ed28-4e68-9f6c-a0587874e350	7	52682077	54305455	1185	0.0122
33f0ee56-ed28-4e68-9f6c-a0587874e350	7	54318812	54318824	6	1.7875
33f0ee56-ed28-4e68-9f6c-a0587874e350	7	54325795	83384937	12763	0.0023
33f0ee56-ed28-4e68-9f6c-a0587874e350	7	83389531	83395254	5	-1.2049
33f0ee56-ed28-4e68-9f6c-a0587874e350	7	83395269	97766148	9010	0.0124
33f0ee56-ed28-4e68-9f6c-a0587874e350	7	97766150	97773163	15	-1.6783
33f0ee56-ed28-4e68-9f6c-a0587874e350	7	97774928	101409205	1543	0.0106
33f0ee56-ed28-4e68-9f6c-a0587874e350	7	101416451	101416668	2	-1.7868
33f0ee56-ed28-4e68-9f6c-a0587874e350	7	101419630	134100424	19787	0.0058
33f0ee56-ed28-4e68-9f6c-a0587874e350	7	134100442	134113314	29	0.4064
33f0ee56-ed28-4e68-9f6c-a0587874e350	7	134113356	142063324	5184	0.0046
33f0ee56-ed28-4e68-9f6c-a0587874e350	7	142069843	142088203	28	-0.699
33f0ee56-ed28-4e68-9f6c-a0587874e350	7	142090177	144264193	1214	-0.0083
33f0ee56-ed28-4e68-9f6c-a0587874e350	7	144295437	144312471	3	-1.2655
33f0ee56-ed28-4e68-9f6c-a0587874e350	7	144326306	152908665	5101	0.007
33f0ee56-ed28-4e68-9f6c-a0587874e350	7	152909834	152919014	6	-0.9331
33f0ee56-ed28-4e68-9f6c-a0587874e350	7	152923287	154598185	1295	0.0021
33f0ee56-ed28-4e68-9f6c-a0587874e350	7	154601461	154607903	4	-1.8826
33f0ee56-ed28-4e68-9f6c-a0587874e350	7	154609120	155671335	914	0.0003
33f0ee56-ed28-4e68-9f6c-a0587874e350	7	155673169	155674244	2	1.2729
33f0ee56-ed28-4e68-9f6c-a0587874e350	7	155676942	156592980	687	-0.0007
33f0ee56-ed28-4e68-9f6c-a0587874e350	7	156599096	156601485	4	-0.9376
33f0ee56-ed28-4e68-9f6c-a0587874e350	7	156602214	159334314	1624	-0.011
33f0ee56-ed28-4e68-9f6c-a0587874e350	8	81254	2844412	2039	-0.0118
33f0ee56-ed28-4e68-9f6c-a0587874e350	8	2846011	2846377	7	-0.6989
33f0ee56-ed28-4e68-9f6c-a0587874e350	8	2849649	4137231	1645	0.0025
33f0ee56-ed28-4e68-9f6c-a0587874e350	8	4137245	4145783	20	-0.4476
33f0ee56-ed28-4e68-9f6c-a0587874e350	8	4145941	4145956	2	-2.289
33f0ee56-ed28-4e68-9f6c-a0587874e350	8	4146039	12176798	7295	0.0107
33f0ee56-ed28-4e68-9f6c-a0587874e350	8	12177488	12562158	42	0.2587
33f0ee56-ed28-4e68-9f6c-a0587874e350	8	12562581	39373140	19407	0.0071
33f0ee56-ed28-4e68-9f6c-a0587874e350	8	39378084	39529446	58	-1.83
33f0ee56-ed28-4e68-9f6c-a0587874e350	8	39530780	71300130	17865	0.0088
33f0ee56-ed28-4e68-9f6c-a0587874e350	8	71303076	71304364	8	-2.0867
33f0ee56-ed28-4e68-9f6c-a0587874e350	8	71307628	111279265	24055	0.0064
33f0ee56-ed28-4e68-9f6c-a0587874e350	8	111282050	111288052	11	-0.9974
33f0ee56-ed28-4e68-9f6c-a0587874e350	8	111289023	119139771	4948	0.0147
33f0ee56-ed28-4e68-9f6c-a0587874e350	8	119142545	119147207	4	-0.8461
33f0ee56-ed28-4e68-9f6c-a0587874e350	8	119150615	142047413	16788	0.0092
33f0ee56-ed28-4e68-9f6c-a0587874e350	8	142047414	142049377	3	-1.047
33f0ee56-ed28-4e68-9f6c-a0587874e350	8	142055279	145072769	1127	-0.0087
33f0ee56-ed28-4e68-9f6c-a0587874e350	9	46587	23361807	20370	0.0101
33f0ee56-ed28-4e68-9f6c-a0587874e350	9	23363117	23373486	8	0.788
33f0ee56-ed28-4e68-9f6c-a0587874e350	9	23378490	42697878	10865	0.0059
33f0ee56-ed28-4e68-9f6c-a0587874e350	9	42698168	42719891	9	-0.5496
33f0ee56-ed28-4e68-9f6c-a0587874e350	9	42720266	61405110	44	-0.0094
33f0ee56-ed28-4e68-9f6c-a0587874e350	9	61520021	61633080	29	-1.0349
33f0ee56-ed28-4e68-9f6c-a0587874e350	9	61647899	87907679	14354	0.0041
33f0ee56-ed28-4e68-9f6c-a0587874e350	9	87939236	87939304	2	-1.2938
33f0ee56-ed28-4e68-9f6c-a0587874e350	9	87943042	138200944	33651	0.0053
33f0ee56-ed28-4e68-9f6c-a0587874e350	10	45792	65546518	44311	0.0077
33f0ee56-ed28-4e68-9f6c-a0587874e350	10	65548165	65554688	28	0.3337
33f0ee56-ed28-4e68-9f6c-a0587874e350	10	65563037	133654968	46149	0.0054
33f0ee56-ed28-4e68-9f6c-a0587874e350	11	198510	4234899	1737	0.012
33f0ee56-ed28-4e68-9f6c-a0587874e350	11	4235070	4274526	12	-0.8231
33f0ee56-ed28-4e68-9f6c-a0587874e350	11	4280126	5766175	1474	-0.0067
33f0ee56-ed28-4e68-9f6c-a0587874e350	11	5766850	5788231	34	0.4676
33f0ee56-ed28-4e68-9f6c-a0587874e350	11	5791130	49737304	30421	0.009
33f0ee56-ed28-4e68-9f6c-a0587874e350	11	49738003	49739136	6	-0.7321
33f0ee56-ed28-4e68-9f6c-a0587874e350	11	49744609	55123806	502	-0.0186
33f0ee56-ed28-4e68-9f6c-a0587874e350	11	55130021	55268996	27	-0.3339
33f0ee56-ed28-4e68-9f6c-a0587874e350	11	55271781	92289319	21666	0.0084
33f0ee56-ed28-4e68-9f6c-a0587874e350	11	92291620	92294987	7	-0.7817
33f0ee56-ed28-4e68-9f6c-a0587874e350	11	92296034	103334583	8112	0.0086
33f0ee56-ed28-4e68-9f6c-a0587874e350	11	103336766	103339292	5	-0.9577
33f0ee56-ed28-4e68-9f6c-a0587874e350	11	103339387	107359993	2741	0.0056
33f0ee56-ed28-4e68-9f6c-a0587874e350	11	107367930	107368402	7	-0.6101
33f0ee56-ed28-4e68-9f6c-a0587874e350	11	107381636	135074876	19877	0.0056
33f0ee56-ed28-4e68-9f6c-a0587874e350	12	51460	11068125	7220	0.0058
33f0ee56-ed28-4e68-9f6c-a0587874e350	12	11070111	11088933	9	-1.125
33f0ee56-ed28-4e68-9f6c-a0587874e350	12	11099275	27942560	11676	0.0043
33f0ee56-ed28-4e68-9f6c-a0587874e350	12	27942625	27944711	10	-0.8162
33f0ee56-ed28-4e68-9f6c-a0587874e350	12	27950527	33141726	3812	0.0083
33f0ee56-ed28-4e68-9f6c-a0587874e350	12	33148472	33154440	27	-0.7531
33f0ee56-ed28-4e68-9f6c-a0587874e350	12	33155426	130619369	60519	0.0069
33f0ee56-ed28-4e68-9f6c-a0587874e350	12	130619537	130619612	2	-1.4838
33f0ee56-ed28-4e68-9f6c-a0587874e350	12	130619910	133201603	1396	-0.02
33f0ee56-ed28-4e68-9f6c-a0587874e350	13	18452809	20246642	869	-0.0079
33f0ee56-ed28-4e68-9f6c-a0587874e350	13	20253112	20253801	2	-0.8354
33f0ee56-ed28-4e68-9f6c-a0587874e350	13	20258408	20307116	30	0.0603
33f0ee56-ed28-4e68-9f6c-a0587874e350	13	20307704	20312249	2	-1.0532
33f0ee56-ed28-4e68-9f6c-a0587874e350	13	20312409	23055071	1944	0.0069
33f0ee56-ed28-4e68-9f6c-a0587874e350	13	23058539	23059376	12	-0.5252
33f0ee56-ed28-4e68-9f6c-a0587874e350	13	23064056	30695983	5694	0.0047
33f0ee56-ed28-4e68-9f6c-a0587874e350	13	30696085	30704536	5	-0.7342
33f0ee56-ed28-4e68-9f6c-a0587874e350	13	30704741	48957415	12924	0.0077
33f0ee56-ed28-4e68-9f6c-a0587874e350	13	48959579	48962368	2	-2.0626
33f0ee56-ed28-4e68-9f6c-a0587874e350	13	48963569	71902850	13471	0.0104
33f0ee56-ed28-4e68-9f6c-a0587874e350	13	71903417	71906418	4	-1.4527
33f0ee56-ed28-4e68-9f6c-a0587874e350	13	71906467	87301793	10143	0.007
33f0ee56-ed28-4e68-9f6c-a0587874e350	13	87309021	87309338	2	-1.2336
33f0ee56-ed28-4e68-9f6c-a0587874e350	13	87310847	110551070	16756	0.0079
33f0ee56-ed28-4e68-9f6c-a0587874e350	13	110551134	110551379	3	1.1004
33f0ee56-ed28-4e68-9f6c-a0587874e350	13	110553250	114342922	2106	0.0029
33f0ee56-ed28-4e68-9f6c-a0587874e350	14	18239283	18639714	14	-0.0542
33f0ee56-ed28-4e68-9f6c-a0587874e350	14	18640726	19954424	152	-0.343
33f0ee56-ed28-4e68-9f6c-a0587874e350	14	19955213	69547262	31364	0.0052
33f0ee56-ed28-4e68-9f6c-a0587874e350	14	69551330	69556009	11	-0.6121
33f0ee56-ed28-4e68-9f6c-a0587874e350	14	69556227	73526068	2614	-0.0024
33f0ee56-ed28-4e68-9f6c-a0587874e350	14	73529070	73554275	10	-0.8791
33f0ee56-ed28-4e68-9f6c-a0587874e350	14	73563196	82433475	5810	0.0034
33f0ee56-ed28-4e68-9f6c-a0587874e350	14	82439740	82439879	2	-1.7026
33f0ee56-ed28-4e68-9f6c-a0587874e350	14	82444353	106321086	15043	0.006
33f0ee56-ed28-4e68-9f6c-a0587874e350	14	106340102	106346129	7	0.9299
33f0ee56-ed28-4e68-9f6c-a0587874e350	14	106360014	106719325	202	-0.0094
33f0ee56-ed28-4e68-9f6c-a0587874e350	14	106769689	106770361	4	-1.6918
33f0ee56-ed28-4e68-9f6c-a0587874e350	14	106775945	106877229	68	0.0356
33f0ee56-ed28-4e68-9f6c-a0587874e350	15	19811075	20001686	45	0.0428
33f0ee56-ed28-4e68-9f6c-a0587874e350	15	20011702	20670989	106	0.2631
33f0ee56-ed28-4e68-9f6c-a0587874e350	15	20981071	21071626	13	-0.5767
33f0ee56-ed28-4e68-9f6c-a0587874e350	15	21078947	22385639	42	0.2172
33f0ee56-ed28-4e68-9f6c-a0587874e350	15	22395047	30158166	4617	0.0026
33f0ee56-ed28-4e68-9f6c-a0587874e350	15	30199184	30440076	22	0.3446
33f0ee56-ed28-4e68-9f6c-a0587874e350	15	30442554	32212063	1057	0.0037
33f0ee56-ed28-4e68-9f6c-a0587874e350	15	32217691	32220019	8	-1.1678
33f0ee56-ed28-4e68-9f6c-a0587874e350	15	32239115	37182911	3439	0.0058
33f0ee56-ed28-4e68-9f6c-a0587874e350	15	37184232	37187039	3	-1.0051
33f0ee56-ed28-4e68-9f6c-a0587874e350	15	37190225	66996316	18932	0.0038
33f0ee56-ed28-4e68-9f6c-a0587874e350	15	66996900	66997050	3	-1.0111
33f0ee56-ed28-4e68-9f6c-a0587874e350	15	67000402	76586021	5551	-0.0008
33f0ee56-ed28-4e68-9f6c-a0587874e350	15	76598900	76603434	22	0.8434
33f0ee56-ed28-4e68-9f6c-a0587874e350	15	76609838	101928837	17591	0.0054
33f0ee56-ed28-4e68-9f6c-a0587874e350	16	10777	5557889	2622	0.002
33f0ee56-ed28-4e68-9f6c-a0587874e350	16	5558088	5558150	2	-1.334
33f0ee56-ed28-4e68-9f6c-a0587874e350	16	5558336	90096867	49169	0.0043
33f0ee56-ed28-4e68-9f6c-a0587874e350	17	150733	16510898	10360	-0.0002
33f0ee56-ed28-4e68-9f6c-a0587874e350	17	16511116	16511542	4	-0.9985
33f0ee56-ed28-4e68-9f6c-a0587874e350	17	16513106	46136800	12984	0.0035
33f0ee56-ed28-4e68-9f6c-a0587874e350	17	46137998	46687628	95	-0.3408
33f0ee56-ed28-4e68-9f6c-a0587874e350	17	46707286	56081683	5798	0.0042
33f0ee56-ed28-4e68-9f6c-a0587874e350	17	56083553	56095462	27	-0.8853
33f0ee56-ed28-4e68-9f6c-a0587874e350	17	56095886	56182293	76	0.0519
33f0ee56-ed28-4e68-9f6c-a0587874e350	17	56182730	56183781	2	-1.0382
33f0ee56-ed28-4e68-9f6c-a0587874e350	17	56185484	57610128	1093	0.0048
33f0ee56-ed28-4e68-9f6c-a0587874e350	17	57610972	57611632	2	-1.3627
33f0ee56-ed28-4e68-9f6c-a0587874e350	17	57614632	83091923	14546	0.0044
33f0ee56-ed28-4e68-9f6c-a0587874e350	18	48133	53997831	31873	0.0035
33f0ee56-ed28-4e68-9f6c-a0587874e350	18	53998472	53998782	3	-1.1573
33f0ee56-ed28-4e68-9f6c-a0587874e350	18	54001998	66095064	8390	0.0057
33f0ee56-ed28-4e68-9f6c-a0587874e350	18	66099904	66100686	3	-2.0285
33f0ee56-ed28-4e68-9f6c-a0587874e350	18	66108359	69289750	2346	0.0111
33f0ee56-ed28-4e68-9f6c-a0587874e350	18	69290203	69294631	3	-1.4611
33f0ee56-ed28-4e68-9f6c-a0587874e350	18	69300770	80257174	8006	0.007
33f0ee56-ed28-4e68-9f6c-a0587874e350	19	90910	35167825	16515	0.0043
33f0ee56-ed28-4e68-9f6c-a0587874e350	19	35172871	35173140	6	-0.7735
33f0ee56-ed28-4e68-9f6c-a0587874e350	19	35175144	51628560	8218	0.0044
33f0ee56-ed28-4e68-9f6c-a0587874e350	19	51639099	51644944	11	0.4769
33f0ee56-ed28-4e68-9f6c-a0587874e350	19	51651652	52813087	785	0.0083
33f0ee56-ed28-4e68-9f6c-a0587874e350	19	52815851	52824717	5	-0.7828
33f0ee56-ed28-4e68-9f6c-a0587874e350	19	52824773	58586487	3539	0.0048
33f0ee56-ed28-4e68-9f6c-a0587874e350	20	80664	1571811	1181	0.0037
33f0ee56-ed28-4e68-9f6c-a0587874e350	20	1576544	1580353	21	-0.6753
33f0ee56-ed28-4e68-9f6c-a0587874e350	20	1580934	1613247	41	0.3294
33f0ee56-ed28-4e68-9f6c-a0587874e350	20	1617300	64284215	41067	0.0033
33f0ee56-ed28-4e68-9f6c-a0587874e350	20	64284715	64324800	6	0.3039
33f0ee56-ed28-4e68-9f6c-a0587874e350	21	10354168	13291782	137	0.1536
33f0ee56-ed28-4e68-9f6c-a0587874e350	21	13292006	46677045	23659	0.0059
33f0ee56-ed28-4e68-9f6c-a0587874e350	22	15294547	47837251	21005	-0.0011
33f0ee56-ed28-4e68-9f6c-a0587874e350	22	47838080	47839093	2	-1.3457
33f0ee56-ed28-4e68-9f6c-a0587874e350	22	47840194	50796027	2252	-0.0116
33f0ee56-ed28-4e68-9f6c-a0587874e350	X	251810	18814070	11344	0.0043
33f0ee56-ed28-4e68-9f6c-a0587874e350	X	18816453	19470443	384	0.5593
33f0ee56-ed28-4e68-9f6c-a0587874e350	X	19471191	155952689	71784	0.0047
33f0ee56-ed28-4e68-9f6c-a0587874e350	Y	2782397	56872112	6640	-1.0431
