GDC_Aliquot	Chromosome	Start	End	Num_Probes	Segment_Mean
3d1b3745-b588-437d-b6bf-19f4de5d4d74	1	62920	266187	17	0.2475
3d1b3745-b588-437d-b6bf-19f4de5d4d74	1	462795	462894	2	2.0406
3d1b3745-b588-437d-b6bf-19f4de5d4d74	1	599171	3094022	636	0.0911
3d1b3745-b588-437d-b6bf-19f4de5d4d74	1	3109148	16018760	7777	0.0111
3d1b3745-b588-437d-b6bf-19f4de5d4d74	1	16037445	16052921	7	0.7827
3d1b3745-b588-437d-b6bf-19f4de5d4d74	1	16063071	16493138	200	-0.0282
3d1b3745-b588-437d-b6bf-19f4de5d4d74	1	16494124	16627800	20	0.2586
3d1b3745-b588-437d-b6bf-19f4de5d4d74	1	16636774	16641978	10	-0.4715
3d1b3745-b588-437d-b6bf-19f4de5d4d74	1	16643031	16643961	7	-0.0967
3d1b3745-b588-437d-b6bf-19f4de5d4d74	1	16679239	16855942	26	0.1746
3d1b3745-b588-437d-b6bf-19f4de5d4d74	1	16863509	16971203	65	0.3693
3d1b3745-b588-437d-b6bf-19f4de5d4d74	1	16972001	25256850	5254	0.0047
3d1b3745-b588-437d-b6bf-19f4de5d4d74	1	25266637	25320455	24	-1.5893
3d1b3745-b588-437d-b6bf-19f4de5d4d74	1	25336819	72305460	28743	0.0084
3d1b3745-b588-437d-b6bf-19f4de5d4d74	1	72305684	72346757	45	0.4395
3d1b3745-b588-437d-b6bf-19f4de5d4d74	1	72351072	86695954	9356	0.0002
3d1b3745-b588-437d-b6bf-19f4de5d4d74	1	86697550	86706044	4	-1.0727
3d1b3745-b588-437d-b6bf-19f4de5d4d74	1	86708299	94514017	4876	0.0109
3d1b3745-b588-437d-b6bf-19f4de5d4d74	1	94514119	94519383	2	-1.3553
3d1b3745-b588-437d-b6bf-19f4de5d4d74	1	94519411	103616762	5791	-0.0029
3d1b3745-b588-437d-b6bf-19f4de5d4d74	1	103620877	103621165	2	1.2608
3d1b3745-b588-437d-b6bf-19f4de5d4d74	1	103697067	105476583	922	-0.0127
3d1b3745-b588-437d-b6bf-19f4de5d4d74	1	105476614	105481448	18	0.5661
3d1b3745-b588-437d-b6bf-19f4de5d4d74	1	105481468	108214097	1952	-0.0127
3d1b3745-b588-437d-b6bf-19f4de5d4d74	1	108217204	108310972	8	0.5503
3d1b3745-b588-437d-b6bf-19f4de5d4d74	1	108311187	108311801	5	-0.3029
3d1b3745-b588-437d-b6bf-19f4de5d4d74	1	108315281	109676386	661	0.0114
3d1b3745-b588-437d-b6bf-19f4de5d4d74	1	109677464	109679105	4	-0.5089
3d1b3745-b588-437d-b6bf-19f4de5d4d74	1	109684695	109697556	15	0.7767
3d1b3745-b588-437d-b6bf-19f4de5d4d74	1	109702376	143547055	7142	0.0099
3d1b3745-b588-437d-b6bf-19f4de5d4d74	1	143547139	143796140	113	-0.5349
3d1b3745-b588-437d-b6bf-19f4de5d4d74	1	143811517	152580015	2317	0.0252
3d1b3745-b588-437d-b6bf-19f4de5d4d74	1	152580278	152614118	40	0.3618
3d1b3745-b588-437d-b6bf-19f4de5d4d74	1	152618018	196769493	29681	0.0058
3d1b3745-b588-437d-b6bf-19f4de5d4d74	1	196769506	196802150	38	0.3316
3d1b3745-b588-437d-b6bf-19f4de5d4d74	1	196820098	196847600	19	-0.1431
3d1b3745-b588-437d-b6bf-19f4de5d4d74	1	196854187	196932623	60	-0.8775
3d1b3745-b588-437d-b6bf-19f4de5d4d74	1	196936029	207082860	6514	0.0091
3d1b3745-b588-437d-b6bf-19f4de5d4d74	1	207083572	207087851	6	-0.7771
3d1b3745-b588-437d-b6bf-19f4de5d4d74	1	207088542	248930189	29232	0.0064
3d1b3745-b588-437d-b6bf-19f4de5d4d74	2	12784	4149699	2981	0.0189
3d1b3745-b588-437d-b6bf-19f4de5d4d74	2	4151151	4176243	48	0.2535
3d1b3745-b588-437d-b6bf-19f4de5d4d74	2	4176429	22376054	13622	0.0025
3d1b3745-b588-437d-b6bf-19f4de5d4d74	2	22378048	22378280	3	-1.0742
3d1b3745-b588-437d-b6bf-19f4de5d4d74	2	22382166	27706447	2887	0.0138
3d1b3745-b588-437d-b6bf-19f4de5d4d74	2	27712282	27722105	4	-1.1108
3d1b3745-b588-437d-b6bf-19f4de5d4d74	2	27722551	30800196	2169	0.0095
3d1b3745-b588-437d-b6bf-19f4de5d4d74	2	30803737	30804644	3	-0.97
3d1b3745-b588-437d-b6bf-19f4de5d4d74	2	30804710	34450400	2370	-0.0055
3d1b3745-b588-437d-b6bf-19f4de5d4d74	2	34456427	34512096	51	0.4209
3d1b3745-b588-437d-b6bf-19f4de5d4d74	2	34512489	35750907	871	-0.036
3d1b3745-b588-437d-b6bf-19f4de5d4d74	2	35752724	35762850	6	-1.3348
3d1b3745-b588-437d-b6bf-19f4de5d4d74	2	35762881	52514599	12125	-0.0074
3d1b3745-b588-437d-b6bf-19f4de5d4d74	2	52516787	52554404	41	0.7651
3d1b3745-b588-437d-b6bf-19f4de5d4d74	2	52560811	88867126	22639	0.0032
3d1b3745-b588-437d-b6bf-19f4de5d4d74	2	88876707	94669081	332	0.1469
3d1b3745-b588-437d-b6bf-19f4de5d4d74	2	94675825	97164886	841	0.0184
3d1b3745-b588-437d-b6bf-19f4de5d4d74	2	97168345	97211264	24	0.4191
3d1b3745-b588-437d-b6bf-19f4de5d4d74	2	97211436	106258193	5588	-0.0033
3d1b3745-b588-437d-b6bf-19f4de5d4d74	2	106258266	106270952	15	0.487
3d1b3745-b588-437d-b6bf-19f4de5d4d74	2	106271414	107824280	990	-0.0035
3d1b3745-b588-437d-b6bf-19f4de5d4d74	2	107830513	107864451	2	1.5667
3d1b3745-b588-437d-b6bf-19f4de5d4d74	2	107875632	109072516	709	0.0059
3d1b3745-b588-437d-b6bf-19f4de5d4d74	2	109075969	109078660	3	-1.0246
3d1b3745-b588-437d-b6bf-19f4de5d4d74	2	109078954	114778337	2800	0.0132
3d1b3745-b588-437d-b6bf-19f4de5d4d74	2	114778592	114784493	23	-0.7919
3d1b3745-b588-437d-b6bf-19f4de5d4d74	2	114784693	130022580	9740	0.0019
3d1b3745-b588-437d-b6bf-19f4de5d4d74	2	130022674	130165459	29	0.3804
3d1b3745-b588-437d-b6bf-19f4de5d4d74	2	130166394	137949043	4515	0.0123
3d1b3745-b588-437d-b6bf-19f4de5d4d74	2	137949743	137950116	2	-1.9481
3d1b3745-b588-437d-b6bf-19f4de5d4d74	2	137951818	179548644	25513	0.0015
3d1b3745-b588-437d-b6bf-19f4de5d4d74	2	179553484	179557161	27	-1.1464
3d1b3745-b588-437d-b6bf-19f4de5d4d74	2	179557179	194060252	8447	-0.0021
3d1b3745-b588-437d-b6bf-19f4de5d4d74	2	194060792	194078723	21	-0.3701
3d1b3745-b588-437d-b6bf-19f4de5d4d74	2	194078749	207480656	7965	0.0023
3d1b3745-b588-437d-b6bf-19f4de5d4d74	2	207481338	207494425	26	0.3207
3d1b3745-b588-437d-b6bf-19f4de5d4d74	2	207494612	212316597	3041	-0.0036
3d1b3745-b588-437d-b6bf-19f4de5d4d74	2	212321824	212327101	25	-0.9336
3d1b3745-b588-437d-b6bf-19f4de5d4d74	2	212327402	242147305	19012	0.0036
3d1b3745-b588-437d-b6bf-19f4de5d4d74	3	20930	1646474	1457	-0.0278
3d1b3745-b588-437d-b6bf-19f4de5d4d74	3	1648970	1670424	14	-0.4848
3d1b3745-b588-437d-b6bf-19f4de5d4d74	3	1670441	37935926	26149	0.0037
3d1b3745-b588-437d-b6bf-19f4de5d4d74	3	37940617	37945437	18	-0.6976
3d1b3745-b588-437d-b6bf-19f4de5d4d74	3	37945615	60794907	13897	0.0003
3d1b3745-b588-437d-b6bf-19f4de5d4d74	3	60795013	60795294	3	-2.8606
3d1b3745-b588-437d-b6bf-19f4de5d4d74	3	60798502	68697013	6242	0.0074
3d1b3745-b588-437d-b6bf-19f4de5d4d74	3	68697108	68698262	14	-1.0432
3d1b3745-b588-437d-b6bf-19f4de5d4d74	3	68699607	75331295	4850	0.0039
3d1b3745-b588-437d-b6bf-19f4de5d4d74	3	75332618	75511394	75	0.2666
3d1b3745-b588-437d-b6bf-19f4de5d4d74	3	75511990	75547095	10	0.8738
3d1b3745-b588-437d-b6bf-19f4de5d4d74	3	75559488	75774420	44	0.2659
3d1b3745-b588-437d-b6bf-19f4de5d4d74	3	75777035	95737262	9074	-0.0053
3d1b3745-b588-437d-b6bf-19f4de5d4d74	3	95748036	95749266	2	-2.8246
3d1b3745-b588-437d-b6bf-19f4de5d4d74	3	95749836	125717394	18124	0.0061
3d1b3745-b588-437d-b6bf-19f4de5d4d74	3	125724765	125750578	13	0.9943
3d1b3745-b588-437d-b6bf-19f4de5d4d74	3	125756491	130027784	2447	0.009
3d1b3745-b588-437d-b6bf-19f4de5d4d74	3	130028313	130087393	47	0.6258
3d1b3745-b588-437d-b6bf-19f4de5d4d74	3	130088081	130124023	13	0.0185
3d1b3745-b588-437d-b6bf-19f4de5d4d74	3	130124329	130201415	21	0.361
3d1b3745-b588-437d-b6bf-19f4de5d4d74	3	130202376	136300257	3993	0.0046
3d1b3745-b588-437d-b6bf-19f4de5d4d74	3	136304109	136306584	2	1.3117
3d1b3745-b588-437d-b6bf-19f4de5d4d74	3	136319699	143566958	4336	0.0094
3d1b3745-b588-437d-b6bf-19f4de5d4d74	3	143566976	143567073	2	-1.1776
3d1b3745-b588-437d-b6bf-19f4de5d4d74	3	143567132	146661402	2023	0.0039
3d1b3745-b588-437d-b6bf-19f4de5d4d74	3	146665207	146674197	5	-1.2089
3d1b3745-b588-437d-b6bf-19f4de5d4d74	3	146675288	162790480	9865	0.0044
3d1b3745-b588-437d-b6bf-19f4de5d4d74	3	162794869	162908207	70	-0.4176
3d1b3745-b588-437d-b6bf-19f4de5d4d74	3	162908784	175362822	7656	-0.0027
3d1b3745-b588-437d-b6bf-19f4de5d4d74	3	175362958	175363437	4	-1.0514
3d1b3745-b588-437d-b6bf-19f4de5d4d74	3	175363536	189642114	9003	0.0042
3d1b3745-b588-437d-b6bf-19f4de5d4d74	3	189642489	189653225	15	-0.6732
3d1b3745-b588-437d-b6bf-19f4de5d4d74	3	189654562	198169247	5201	0.0096
3d1b3745-b588-437d-b6bf-19f4de5d4d74	4	68929	3884081	1568	0.0135
3d1b3745-b588-437d-b6bf-19f4de5d4d74	4	3896017	4193122	89	0.2699
3d1b3745-b588-437d-b6bf-19f4de5d4d74	4	4193673	9370577	3444	0.0152
3d1b3745-b588-437d-b6bf-19f4de5d4d74	4	9374840	9578388	90	0.2431
3d1b3745-b588-437d-b6bf-19f4de5d4d74	4	9584689	10208766	514	0.0359
3d1b3745-b588-437d-b6bf-19f4de5d4d74	4	10212536	10229625	28	-1.6203
3d1b3745-b588-437d-b6bf-19f4de5d4d74	4	10229874	10389091	179	0.0304
3d1b3745-b588-437d-b6bf-19f4de5d4d74	4	10390730	10399044	16	0.5858
3d1b3745-b588-437d-b6bf-19f4de5d4d74	4	10401094	28983266	13256	0.0019
3d1b3745-b588-437d-b6bf-19f4de5d4d74	4	28987125	29034983	28	0.6048
3d1b3745-b588-437d-b6bf-19f4de5d4d74	4	29035641	32514244	2234	-0.0093
3d1b3745-b588-437d-b6bf-19f4de5d4d74	4	32516108	32520678	6	-0.6616
3d1b3745-b588-437d-b6bf-19f4de5d4d74	4	32522907	34777432	1258	-0.0162
3d1b3745-b588-437d-b6bf-19f4de5d4d74	4	34784878	34823103	38	-0.6859
3d1b3745-b588-437d-b6bf-19f4de5d4d74	4	34828250	36011231	770	-0.0071
3d1b3745-b588-437d-b6bf-19f4de5d4d74	4	36011519	36015912	10	-0.7122
3d1b3745-b588-437d-b6bf-19f4de5d4d74	4	36016647	49289338	8196	-0.0026
3d1b3745-b588-437d-b6bf-19f4de5d4d74	4	49295203	49654578	17	0.6604
3d1b3745-b588-437d-b6bf-19f4de5d4d74	4	49656206	63825160	7559	0.0023
3d1b3745-b588-437d-b6bf-19f4de5d4d74	4	63825689	63842411	29	0.3475
3d1b3745-b588-437d-b6bf-19f4de5d4d74	4	63842490	68506285	2874	0.0045
3d1b3745-b588-437d-b6bf-19f4de5d4d74	4	68509223	68620261	65	-1.2546
3d1b3745-b588-437d-b6bf-19f4de5d4d74	4	68623617	69278088	329	-0.027
3d1b3745-b588-437d-b6bf-19f4de5d4d74	4	69283159	69366081	40	-0.499
3d1b3745-b588-437d-b6bf-19f4de5d4d74	4	69366304	102431917	20223	0.0053
3d1b3745-b588-437d-b6bf-19f4de5d4d74	4	102433567	102439004	3	-1.325
3d1b3745-b588-437d-b6bf-19f4de5d4d74	4	102439039	114254167	7094	0
3d1b3745-b588-437d-b6bf-19f4de5d4d74	4	114254188	114261019	22	0.5577
3d1b3745-b588-437d-b6bf-19f4de5d4d74	4	114263073	121360818	4337	-0.0061
3d1b3745-b588-437d-b6bf-19f4de5d4d74	4	121361313	121363980	28	-0.6534
3d1b3745-b588-437d-b6bf-19f4de5d4d74	4	121369976	121413177	32	0.0492
3d1b3745-b588-437d-b6bf-19f4de5d4d74	4	121414338	121449969	12	0.3761
3d1b3745-b588-437d-b6bf-19f4de5d4d74	4	121450499	189803262	42617	0.0006
3d1b3745-b588-437d-b6bf-19f4de5d4d74	4	189803649	190106768	104	0.1842
3d1b3745-b588-437d-b6bf-19f4de5d4d74	5	15532	17470007	13353	0.0135
3d1b3745-b588-437d-b6bf-19f4de5d4d74	5	17472794	17642442	43	-0.8519
3d1b3745-b588-437d-b6bf-19f4de5d4d74	5	17655029	27521042	5851	-0.0057
3d1b3745-b588-437d-b6bf-19f4de5d4d74	5	27524345	27525913	11	-0.7165
3d1b3745-b588-437d-b6bf-19f4de5d4d74	5	27527372	58025819	16492	0.002
3d1b3745-b588-437d-b6bf-19f4de5d4d74	5	58030200	58037706	32	1.4752
3d1b3745-b588-437d-b6bf-19f4de5d4d74	5	58042530	178680821	75541	0.004
3d1b3745-b588-437d-b6bf-19f4de5d4d74	5	178682974	178686162	3	-2.1071
3d1b3745-b588-437d-b6bf-19f4de5d4d74	5	178691854	180947523	1346	0.0206
3d1b3745-b588-437d-b6bf-19f4de5d4d74	5	180951710	180991103	19	0.5433
3d1b3745-b588-437d-b6bf-19f4de5d4d74	5	181006225	181363319	170	0.0223
3d1b3745-b588-437d-b6bf-19f4de5d4d74	6	149661	314962	127	0.0682
3d1b3745-b588-437d-b6bf-19f4de5d4d74	6	315197	375277	68	-0.3789
3d1b3745-b588-437d-b6bf-19f4de5d4d74	6	375759	29866672	21450	0.0071
3d1b3745-b588-437d-b6bf-19f4de5d4d74	6	29866695	29992259	82	0.3005
3d1b3745-b588-437d-b6bf-19f4de5d4d74	6	29992554	31318528	610	0.0124
3d1b3745-b588-437d-b6bf-19f4de5d4d74	6	31318754	31328176	6	-1.1775
3d1b3745-b588-437d-b6bf-19f4de5d4d74	6	31328210	32486746	506	0.024
3d1b3745-b588-437d-b6bf-19f4de5d4d74	6	32488906	32605994	29	0.9771
3d1b3745-b588-437d-b6bf-19f4de5d4d74	6	32606237	32641650	25	0.0898
3d1b3745-b588-437d-b6bf-19f4de5d4d74	6	32656527	32658841	6	1.4418
3d1b3745-b588-437d-b6bf-19f4de5d4d74	6	32682835	32718419	36	-0.0708
3d1b3745-b588-437d-b6bf-19f4de5d4d74	6	32720838	32721076	3	1.2396
3d1b3745-b588-437d-b6bf-19f4de5d4d74	6	32721547	32723053	8	0.4067
3d1b3745-b588-437d-b6bf-19f4de5d4d74	6	32732907	33970966	755	0.0237
3d1b3745-b588-437d-b6bf-19f4de5d4d74	6	33974234	33974928	6	-0.8113
3d1b3745-b588-437d-b6bf-19f4de5d4d74	6	33976809	64627049	17126	0.0076
3d1b3745-b588-437d-b6bf-19f4de5d4d74	6	64637651	64639099	2	-2.3472
3d1b3745-b588-437d-b6bf-19f4de5d4d74	6	64640883	73882509	6162	-0.0019
3d1b3745-b588-437d-b6bf-19f4de5d4d74	6	73882741	73887625	8	-2.5372
3d1b3745-b588-437d-b6bf-19f4de5d4d74	6	73891694	76726815	1768	-0.0001
3d1b3745-b588-437d-b6bf-19f4de5d4d74	6	76730151	76742665	15	-0.8221
3d1b3745-b588-437d-b6bf-19f4de5d4d74	6	76742675	78261995	987	-0.0172
3d1b3745-b588-437d-b6bf-19f4de5d4d74	6	78262064	78325457	108	0.235
3d1b3745-b588-437d-b6bf-19f4de5d4d74	6	78325468	93942689	10008	0.0019
3d1b3745-b588-437d-b6bf-19f4de5d4d74	6	93942822	93947846	2	-1.6579
3d1b3745-b588-437d-b6bf-19f4de5d4d74	6	93949814	94063633	84	-0.0384
3d1b3745-b588-437d-b6bf-19f4de5d4d74	6	94065719	94131251	41	-0.2879
3d1b3745-b588-437d-b6bf-19f4de5d4d74	6	94135582	103290164	5344	-0.0032
3d1b3745-b588-437d-b6bf-19f4de5d4d74	6	103290209	103317795	45	0.644
3d1b3745-b588-437d-b6bf-19f4de5d4d74	6	103317836	114874292	7246	0.0081
3d1b3745-b588-437d-b6bf-19f4de5d4d74	6	114881368	114881626	4	-1.4268
3d1b3745-b588-437d-b6bf-19f4de5d4d74	6	114885112	143218696	17705	0.0008
3d1b3745-b588-437d-b6bf-19f4de5d4d74	6	143227144	143227440	3	1.1727
3d1b3745-b588-437d-b6bf-19f4de5d4d74	6	143228784	170741917	19204	0.0092
3d1b3745-b588-437d-b6bf-19f4de5d4d74	7	43355	6834642	3427	0.0117
3d1b3745-b588-437d-b6bf-19f4de5d4d74	7	6835755	6951986	39	0.3388
3d1b3745-b588-437d-b6bf-19f4de5d4d74	7	6961976	56645958	36549	0.0009
3d1b3745-b588-437d-b6bf-19f4de5d4d74	7	56646419	63032314	687	0.1039
3d1b3745-b588-437d-b6bf-19f4de5d4d74	7	63033219	142063324	46222	0.0009
3d1b3745-b588-437d-b6bf-19f4de5d4d74	7	142069843	142087846	25	-0.662
3d1b3745-b588-437d-b6bf-19f4de5d4d74	7	142088099	150588016	5061	0.0141
3d1b3745-b588-437d-b6bf-19f4de5d4d74	7	150588713	150610834	9	-0.9242
3d1b3745-b588-437d-b6bf-19f4de5d4d74	7	150612196	154598185	2565	0.0286
3d1b3745-b588-437d-b6bf-19f4de5d4d74	7	154601461	154605369	3	1.2079
3d1b3745-b588-437d-b6bf-19f4de5d4d74	7	154607903	158913101	2938	0.0234
3d1b3745-b588-437d-b6bf-19f4de5d4d74	7	158913116	159124557	163	0.1572
3d1b3745-b588-437d-b6bf-19f4de5d4d74	7	159125308	159334314	134	0.0117
3d1b3745-b588-437d-b6bf-19f4de5d4d74	8	81254	2370507	1644	0.0291
3d1b3745-b588-437d-b6bf-19f4de5d4d74	8	2370575	2370865	4	1.6716
3d1b3745-b588-437d-b6bf-19f4de5d4d74	8	2371071	2844412	392	0.0108
3d1b3745-b588-437d-b6bf-19f4de5d4d74	8	2846011	2846377	7	-1.0989
3d1b3745-b588-437d-b6bf-19f4de5d4d74	8	2849649	7380497	5701	-0.0035
3d1b3745-b588-437d-b6bf-19f4de5d4d74	8	7396819	8235660	50	0.3809
3d1b3745-b588-437d-b6bf-19f4de5d4d74	8	8237241	11873758	3117	0.0095
3d1b3745-b588-437d-b6bf-19f4de5d4d74	8	11876909	11941175	40	0.3114
3d1b3745-b588-437d-b6bf-19f4de5d4d74	8	11942145	12143614	64	0.0466
3d1b3745-b588-437d-b6bf-19f4de5d4d74	8	12176798	12389813	28	0.5461
3d1b3745-b588-437d-b6bf-19f4de5d4d74	8	12389846	12419769	5	1.2261
3d1b3745-b588-437d-b6bf-19f4de5d4d74	8	12454103	12697234	42	0.4053
3d1b3745-b588-437d-b6bf-19f4de5d4d74	8	12698533	25117007	10368	0.0001
3d1b3745-b588-437d-b6bf-19f4de5d4d74	8	25117062	25126708	22	-0.3902
3d1b3745-b588-437d-b6bf-19f4de5d4d74	8	25126735	27085142	1531	0.0042
3d1b3745-b588-437d-b6bf-19f4de5d4d74	8	27087930	27088236	3	-1.3723
3d1b3745-b588-437d-b6bf-19f4de5d4d74	8	27089213	39373140	7479	0.0045
3d1b3745-b588-437d-b6bf-19f4de5d4d74	8	39378084	39529446	59	-0.4889
3d1b3745-b588-437d-b6bf-19f4de5d4d74	8	39530780	40914477	1073	0.0028
3d1b3745-b588-437d-b6bf-19f4de5d4d74	8	40920333	40920952	2	-1.477
3d1b3745-b588-437d-b6bf-19f4de5d4d74	8	40926161	43890077	1500	0.0041
3d1b3745-b588-437d-b6bf-19f4de5d4d74	8	43892545	46267692	94	0.2076
3d1b3745-b588-437d-b6bf-19f4de5d4d74	8	46271659	67635434	12857	0.0067
3d1b3745-b588-437d-b6bf-19f4de5d4d74	8	67635897	67636165	6	-0.8089
3d1b3745-b588-437d-b6bf-19f4de5d4d74	8	67636256	111282417	26466	0.0002
3d1b3745-b588-437d-b6bf-19f4de5d4d74	8	111282441	111283016	5	-1.6942
3d1b3745-b588-437d-b6bf-19f4de5d4d74	8	111283031	140990632	21098	0.0083
3d1b3745-b588-437d-b6bf-19f4de5d4d74	8	140990666	145072769	1817	0.0583
3d1b3745-b588-437d-b6bf-19f4de5d4d74	9	46587	8643259	8320	0.007
3d1b3745-b588-437d-b6bf-19f4de5d4d74	9	8644117	12619065	3426	-0.0393
3d1b3745-b588-437d-b6bf-19f4de5d4d74	9	12619365	23361807	8674	0.0071
3d1b3745-b588-437d-b6bf-19f4de5d4d74	9	23363117	23373486	8	-0.8404
3d1b3745-b588-437d-b6bf-19f4de5d4d74	9	23378490	38796110	10683	-0.0025
3d1b3745-b588-437d-b6bf-19f4de5d4d74	9	38805383	39014965	12	0.6104
3d1b3745-b588-437d-b6bf-19f4de5d4d74	9	39053795	41473533	132	0.0922
3d1b3745-b588-437d-b6bf-19f4de5d4d74	9	41533430	42037471	31	0.4541
3d1b3745-b588-437d-b6bf-19f4de5d4d74	9	42042339	42202227	20	-0.4278
3d1b3745-b588-437d-b6bf-19f4de5d4d74	9	42211663	68404657	285	0.1996
3d1b3745-b588-437d-b6bf-19f4de5d4d74	9	68406745	87907679	14191	-0.0011
3d1b3745-b588-437d-b6bf-19f4de5d4d74	9	87939236	87939304	2	-1.6322
3d1b3745-b588-437d-b6bf-19f4de5d4d74	9	87943042	138200944	33703	0.0065
3d1b3745-b588-437d-b6bf-19f4de5d4d74	10	45792	4248622	3573	0.0175
3d1b3745-b588-437d-b6bf-19f4de5d4d74	10	4248646	4248732	2	1.4139
3d1b3745-b588-437d-b6bf-19f4de5d4d74	10	4248824	5660257	1225	0.0124
3d1b3745-b588-437d-b6bf-19f4de5d4d74	10	5662188	5667325	3	-0.9209
3d1b3745-b588-437d-b6bf-19f4de5d4d74	10	5667424	6369109	590	0.0073
3d1b3745-b588-437d-b6bf-19f4de5d4d74	10	6369253	6369488	4	1.2682
3d1b3745-b588-437d-b6bf-19f4de5d4d74	10	6369504	24086334	13790	0.0014
3d1b3745-b588-437d-b6bf-19f4de5d4d74	10	24088745	24088992	10	-0.65
3d1b3745-b588-437d-b6bf-19f4de5d4d74	10	24089125	26934974	1984	-0.0011
3d1b3745-b588-437d-b6bf-19f4de5d4d74	10	26936975	26939421	9	-0.8908
3d1b3745-b588-437d-b6bf-19f4de5d4d74	10	26939492	50062639	12211	0.0068
3d1b3745-b588-437d-b6bf-19f4de5d4d74	10	50070600	50132160	5	-1.65
3d1b3745-b588-437d-b6bf-19f4de5d4d74	10	50144008	65546321	10995	-0.0057
3d1b3745-b588-437d-b6bf-19f4de5d4d74	10	65546400	65563037	31	0.3791
3d1b3745-b588-437d-b6bf-19f4de5d4d74	10	65563168	98829614	21979	0.0028
3d1b3745-b588-437d-b6bf-19f4de5d4d74	10	98832419	98834664	3	-1.0925
3d1b3745-b588-437d-b6bf-19f4de5d4d74	10	98835122	122574497	16331	0.0076
3d1b3745-b588-437d-b6bf-19f4de5d4d74	10	122584593	122598210	8	-0.906
3d1b3745-b588-437d-b6bf-19f4de5d4d74	10	122623497	133654968	7898	0.0197
3d1b3745-b588-437d-b6bf-19f4de5d4d74	11	198510	4274526	1753	0.0401
3d1b3745-b588-437d-b6bf-19f4de5d4d74	11	4280126	4280146	3	-1.0374
3d1b3745-b588-437d-b6bf-19f4de5d4d74	11	4280161	4946021	662	0.0083
3d1b3745-b588-437d-b6bf-19f4de5d4d74	11	4946166	4952633	24	-0.4399
3d1b3745-b588-437d-b6bf-19f4de5d4d74	11	4952648	55609022	32050	0.0059
3d1b3745-b588-437d-b6bf-19f4de5d4d74	11	55609035	55701077	57	-0.4802
3d1b3745-b588-437d-b6bf-19f4de5d4d74	11	55701206	64756022	5089	0.0026
3d1b3745-b588-437d-b6bf-19f4de5d4d74	11	64758172	65864502	414	0.0931
3d1b3745-b588-437d-b6bf-19f4de5d4d74	11	65867496	67782924	731	0.0049
3d1b3745-b588-437d-b6bf-19f4de5d4d74	11	67786535	67981851	51	0.2668
3d1b3745-b588-437d-b6bf-19f4de5d4d74	11	67996609	80256460	6962	0.0095
3d1b3745-b588-437d-b6bf-19f4de5d4d74	11	80256469	80256520	3	1.0259
3d1b3745-b588-437d-b6bf-19f4de5d4d74	11	80256642	81792426	1309	-0.0031
3d1b3745-b588-437d-b6bf-19f4de5d4d74	11	81795182	81804285	4	-1.574
3d1b3745-b588-437d-b6bf-19f4de5d4d74	11	81804654	81806116	4	-6.584
3d1b3745-b588-437d-b6bf-19f4de5d4d74	11	81811590	134368495	37136	0.0061
3d1b3745-b588-437d-b6bf-19f4de5d4d74	11	134373155	134754994	328	0.1377
3d1b3745-b588-437d-b6bf-19f4de5d4d74	11	134755137	135074876	246	0.0441
3d1b3745-b588-437d-b6bf-19f4de5d4d74	12	51460	8157472	5527	0.0166
3d1b3745-b588-437d-b6bf-19f4de5d4d74	12	8165239	8432076	90	0.2683
3d1b3745-b588-437d-b6bf-19f4de5d4d74	12	8442298	34210344	17839	0.0051
3d1b3745-b588-437d-b6bf-19f4de5d4d74	12	34211278	37792947	221	0.165
3d1b3745-b588-437d-b6bf-19f4de5d4d74	12	37813240	45510655	4720	0.0019
3d1b3745-b588-437d-b6bf-19f4de5d4d74	12	45512057	45515754	3	-1.9568
3d1b3745-b588-437d-b6bf-19f4de5d4d74	12	45519509	99398036	33697	0.0029
3d1b3745-b588-437d-b6bf-19f4de5d4d74	12	99401515	99403311	20	0.4012
3d1b3745-b588-437d-b6bf-19f4de5d4d74	12	99404031	128744341	19651	0.0072
3d1b3745-b588-437d-b6bf-19f4de5d4d74	12	128745968	128747752	6	-0.8621
3d1b3745-b588-437d-b6bf-19f4de5d4d74	12	128748000	133201603	3063	0.0327
3d1b3745-b588-437d-b6bf-19f4de5d4d74	13	18452809	18825840	80	0.2183
3d1b3745-b588-437d-b6bf-19f4de5d4d74	13	18827938	37496998	13394	0.0079
3d1b3745-b588-437d-b6bf-19f4de5d4d74	13	37497899	37510620	16	0.6167
3d1b3745-b588-437d-b6bf-19f4de5d4d74	13	37514193	57189013	12531	0.0084
3d1b3745-b588-437d-b6bf-19f4de5d4d74	13	57189156	57204234	27	-0.6276
3d1b3745-b588-437d-b6bf-19f4de5d4d74	13	57204246	68668123	6893	-0.0082
3d1b3745-b588-437d-b6bf-19f4de5d4d74	13	68674167	68675349	7	-0.7942
3d1b3745-b588-437d-b6bf-19f4de5d4d74	13	68676647	68685082	11	0.0571
3d1b3745-b588-437d-b6bf-19f4de5d4d74	13	68685140	68694110	20	-0.8464
3d1b3745-b588-437d-b6bf-19f4de5d4d74	13	68694987	114342922	31147	0.0015
3d1b3745-b588-437d-b6bf-19f4de5d4d74	14	18239283	19689684	64	0.3344
3d1b3745-b588-437d-b6bf-19f4de5d4d74	14	19732024	19954424	102	-0.3715
3d1b3745-b588-437d-b6bf-19f4de5d4d74	14	19955213	22102654	1493	-0.0021
3d1b3745-b588-437d-b6bf-19f4de5d4d74	14	22104226	22162256	68	-0.2303
3d1b3745-b588-437d-b6bf-19f4de5d4d74	14	22163845	42201545	12684	0.0049
3d1b3745-b588-437d-b6bf-19f4de5d4d74	14	42202542	42203968	2	-1.4002
3d1b3745-b588-437d-b6bf-19f4de5d4d74	14	42205355	42509872	202	0.0016
3d1b3745-b588-437d-b6bf-19f4de5d4d74	14	42516965	42523231	7	-0.7729
3d1b3745-b588-437d-b6bf-19f4de5d4d74	14	42526308	98682666	36710	0.0037
3d1b3745-b588-437d-b6bf-19f4de5d4d74	14	98683386	98686655	15	-1.0505
3d1b3745-b588-437d-b6bf-19f4de5d4d74	14	98686853	106407612	3799	0.0239
3d1b3745-b588-437d-b6bf-19f4de5d4d74	14	106407614	106462183	52	-0.5631
3d1b3745-b588-437d-b6bf-19f4de5d4d74	14	106462724	106877229	195	0.044
3d1b3745-b588-437d-b6bf-19f4de5d4d74	15	19811075	20381689	104	0.126
3d1b3745-b588-437d-b6bf-19f4de5d4d74	15	20381704	20418953	24	-0.3351
3d1b3745-b588-437d-b6bf-19f4de5d4d74	15	20421755	20642631	10	0.2797
3d1b3745-b588-437d-b6bf-19f4de5d4d74	15	20644306	20657137	6	-0.2432
3d1b3745-b588-437d-b6bf-19f4de5d4d74	15	20657735	21018354	14	-0.664
3d1b3745-b588-437d-b6bf-19f4de5d4d74	15	21053458	21997003	19	-0.0157
3d1b3745-b588-437d-b6bf-19f4de5d4d74	15	21999319	22003073	2	1.3934
3d1b3745-b588-437d-b6bf-19f4de5d4d74	15	22005276	28289262	3801	0.0144
3d1b3745-b588-437d-b6bf-19f4de5d4d74	15	28294842	28717394	21	0.5086
3d1b3745-b588-437d-b6bf-19f4de5d4d74	15	28717541	28996456	80	0.1714
3d1b3745-b588-437d-b6bf-19f4de5d4d74	15	28998454	30077711	745	0.0371
3d1b3745-b588-437d-b6bf-19f4de5d4d74	15	30077828	30230885	12	0.5905
3d1b3745-b588-437d-b6bf-19f4de5d4d74	15	30231102	32151263	1070	0.0176
3d1b3745-b588-437d-b6bf-19f4de5d4d74	15	32151854	32507144	29	0.3715
3d1b3745-b588-437d-b6bf-19f4de5d4d74	15	32519403	35847205	2433	-0.0011
3d1b3745-b588-437d-b6bf-19f4de5d4d74	15	35847556	35847585	2	-1.4234
3d1b3745-b588-437d-b6bf-19f4de5d4d74	15	35849751	76586021	25541	0.0043
3d1b3745-b588-437d-b6bf-19f4de5d4d74	15	76598900	76603434	22	-1.2894
3d1b3745-b588-437d-b6bf-19f4de5d4d74	15	76609838	99952501	16069	0.0034
3d1b3745-b588-437d-b6bf-19f4de5d4d74	15	99952744	100408652	416	0.1146
3d1b3745-b588-437d-b6bf-19f4de5d4d74	15	100415538	100552021	129	0.0223
3d1b3745-b588-437d-b6bf-19f4de5d4d74	15	100552758	100552759	2	-1.404
3d1b3745-b588-437d-b6bf-19f4de5d4d74	15	100553480	101928837	998	0.0255
3d1b3745-b588-437d-b6bf-19f4de5d4d74	16	10777	14877558	11111	0.0072
3d1b3745-b588-437d-b6bf-19f4de5d4d74	16	14879136	15022400	57	0.3234
3d1b3745-b588-437d-b6bf-19f4de5d4d74	16	15031584	16236633	582	0.0071
3d1b3745-b588-437d-b6bf-19f4de5d4d74	16	16246583	16534205	15	0.5642
3d1b3745-b588-437d-b6bf-19f4de5d4d74	16	16539504	18104860	999	0.0482
3d1b3745-b588-437d-b6bf-19f4de5d4d74	16	18134261	18144432	2	1.3268
3d1b3745-b588-437d-b6bf-19f4de5d4d74	16	18148869	18624482	21	0.1356
3d1b3745-b588-437d-b6bf-19f4de5d4d74	16	18665971	18705983	5	-0.6058
3d1b3745-b588-437d-b6bf-19f4de5d4d74	16	18713525	19933041	678	0.0063
3d1b3745-b588-437d-b6bf-19f4de5d4d74	16	19934328	19956040	29	-0.7352
3d1b3745-b588-437d-b6bf-19f4de5d4d74	16	19958932	31948830	6449	0.0138
3d1b3745-b588-437d-b6bf-19f4de5d4d74	16	31954295	35214946	217	0.1349
3d1b3745-b588-437d-b6bf-19f4de5d4d74	16	35215237	35522700	173	0.5091
3d1b3745-b588-437d-b6bf-19f4de5d4d74	16	35526596	52376939	3840	0.0085
3d1b3745-b588-437d-b6bf-19f4de5d4d74	16	52379038	52380779	2	-1.4867
3d1b3745-b588-437d-b6bf-19f4de5d4d74	16	52383329	55761136	2754	0.0026
3d1b3745-b588-437d-b6bf-19f4de5d4d74	16	55762477	55788532	22	0.7753
3d1b3745-b588-437d-b6bf-19f4de5d4d74	16	55808442	78337711	14278	0.0068
3d1b3745-b588-437d-b6bf-19f4de5d4d74	16	78338543	78347366	14	-2.448
3d1b3745-b588-437d-b6bf-19f4de5d4d74	16	78349243	90096867	10621	0.0128
3d1b3745-b588-437d-b6bf-19f4de5d4d74	17	150733	18455635	11395	0.0112
3d1b3745-b588-437d-b6bf-19f4de5d4d74	17	18458372	18550123	22	0.5245
3d1b3745-b588-437d-b6bf-19f4de5d4d74	17	18561272	19032210	170	0.0312
3d1b3745-b588-437d-b6bf-19f4de5d4d74	17	19100750	19126843	2	1.5021
3d1b3745-b588-437d-b6bf-19f4de5d4d74	17	19190137	36109735	6668	0.0154
3d1b3745-b588-437d-b6bf-19f4de5d4d74	17	36112585	36466570	40	0.5669
3d1b3745-b588-437d-b6bf-19f4de5d4d74	17	36466633	41266838	2525	0.0033
3d1b3745-b588-437d-b6bf-19f4de5d4d74	17	41266851	41276993	27	-0.3238
3d1b3745-b588-437d-b6bf-19f4de5d4d74	17	41277014	46085732	2491	0.0184
3d1b3745-b588-437d-b6bf-19f4de5d4d74	17	46088437	46664059	131	0.2897
3d1b3745-b588-437d-b6bf-19f4de5d4d74	17	46687628	52980711	3632	0.004
3d1b3745-b588-437d-b6bf-19f4de5d4d74	17	52980869	53222535	153	-0.1254
3d1b3745-b588-437d-b6bf-19f4de5d4d74	17	53223423	74005936	13145	0.003
3d1b3745-b588-437d-b6bf-19f4de5d4d74	17	74006384	74695492	442	0.0933
3d1b3745-b588-437d-b6bf-19f4de5d4d74	17	74695789	83091923	4193	0.0192
3d1b3745-b588-437d-b6bf-19f4de5d4d74	18	48133	66239612	40460	0.0037
3d1b3745-b588-437d-b6bf-19f4de5d4d74	18	66239629	66244352	11	-0.7228
3d1b3745-b588-437d-b6bf-19f4de5d4d74	18	66244639	71378710	3667	0.0024
3d1b3745-b588-437d-b6bf-19f4de5d4d74	18	71378886	73596043	1752	-0.0566
3d1b3745-b588-437d-b6bf-19f4de5d4d74	18	73596855	80257174	4851	0.0164
3d1b3745-b588-437d-b6bf-19f4de5d4d74	19	90910	5506648	1592	0.0194
3d1b3745-b588-437d-b6bf-19f4de5d4d74	19	5510228	5510642	3	-1.6954
3d1b3745-b588-437d-b6bf-19f4de5d4d74	19	5510689	20406027	7327	0.0027
3d1b3745-b588-437d-b6bf-19f4de5d4d74	19	20406235	20538428	76	-0.5354
3d1b3745-b588-437d-b6bf-19f4de5d4d74	19	20538656	42839339	11441	0.0099
3d1b3745-b588-437d-b6bf-19f4de5d4d74	19	42845697	43249149	172	-0.7207
3d1b3745-b588-437d-b6bf-19f4de5d4d74	19	43249358	51628560	4150	0.0136
3d1b3745-b588-437d-b6bf-19f4de5d4d74	19	51639099	51644944	11	-0.6168
3d1b3745-b588-437d-b6bf-19f4de5d4d74	19	51651652	55761691	2490	0.0213
3d1b3745-b588-437d-b6bf-19f4de5d4d74	19	55766684	55771701	6	-0.9028
3d1b3745-b588-437d-b6bf-19f4de5d4d74	19	55774927	58586487	1839	0.0174
3d1b3745-b588-437d-b6bf-19f4de5d4d74	20	80664	1601561	1238	0.04
3d1b3745-b588-437d-b6bf-19f4de5d4d74	20	1609611	1613247	5	-0.9136
3d1b3745-b588-437d-b6bf-19f4de5d4d74	20	1617300	26229816	18738	0.0054
3d1b3745-b588-437d-b6bf-19f4de5d4d74	20	26229983	31247668	88	0.2527
3d1b3745-b588-437d-b6bf-19f4de5d4d74	20	31250815	64324800	22312	0.0105
3d1b3745-b588-437d-b6bf-19f4de5d4d74	21	10354168	10388383	5	0.742
3d1b3745-b588-437d-b6bf-19f4de5d4d74	21	10388521	13359063	178	0.1389
3d1b3745-b588-437d-b6bf-19f4de5d4d74	21	13363977	22402119	6197	-0.001
3d1b3745-b588-437d-b6bf-19f4de5d4d74	21	22403808	22414989	15	-0.4435
3d1b3745-b588-437d-b6bf-19f4de5d4d74	21	22415452	32250774	7337	-0.0041
3d1b3745-b588-437d-b6bf-19f4de5d4d74	21	32251133	32251135	2	-1.5587
3d1b3745-b588-437d-b6bf-19f4de5d4d74	21	32251434	46113312	9777	0.0092
3d1b3745-b588-437d-b6bf-19f4de5d4d74	21	46114005	46677045	348	0.0711
3d1b3745-b588-437d-b6bf-19f4de5d4d74	22	15294547	50796027	23274	0.0211
3d1b3745-b588-437d-b6bf-19f4de5d4d74	X	251810	151124426	81272	0.004
3d1b3745-b588-437d-b6bf-19f4de5d4d74	X	151125462	151126987	2	-2.2997
3d1b3745-b588-437d-b6bf-19f4de5d4d74	X	151128083	155952689	2363	0.0248
3d1b3745-b588-437d-b6bf-19f4de5d4d74	Y	2782397	10153361	2418	-0.8767
3d1b3745-b588-437d-b6bf-19f4de5d4d74	Y	10153375	10236314	25	-0.3273
3d1b3745-b588-437d-b6bf-19f4de5d4d74	Y	10624017	56872112	4197	-0.8747
