GDC_Aliquot	Chromosome	Start	End	Num_Probes	Segment_Mean
3fed2e7d-1fe3-4a0a-b022-243a01cfa469	1	62920	1991155	333	-0.0364
3fed2e7d-1fe3-4a0a-b022-243a01cfa469	1	1992065	3301765	405	-0.1049
3fed2e7d-1fe3-4a0a-b022-243a01cfa469	1	3302046	12777697	5751	-0.0089
3fed2e7d-1fe3-4a0a-b022-243a01cfa469	1	12778601	13110913	37	0.4917
3fed2e7d-1fe3-4a0a-b022-243a01cfa469	1	13114062	16719082	2157	-0.0131
3fed2e7d-1fe3-4a0a-b022-243a01cfa469	1	16719266	16788139	17	-0.845
3fed2e7d-1fe3-4a0a-b022-243a01cfa469	1	16855942	22170210	3505	-0.0079
3fed2e7d-1fe3-4a0a-b022-243a01cfa469	1	22175223	22182429	7	-1.833
3fed2e7d-1fe3-4a0a-b022-243a01cfa469	1	22182462	34622883	6779	-0.0018
3fed2e7d-1fe3-4a0a-b022-243a01cfa469	1	34625857	34638890	24	-0.6335
3fed2e7d-1fe3-4a0a-b022-243a01cfa469	1	34648667	72293529	23761	0.0009
3fed2e7d-1fe3-4a0a-b022-243a01cfa469	1	72293826	72345450	52	0.3074
3fed2e7d-1fe3-4a0a-b022-243a01cfa469	1	72345465	110834746	24458	0.0047
3fed2e7d-1fe3-4a0a-b022-243a01cfa469	1	110834943	110845604	38	-0.7264
3fed2e7d-1fe3-4a0a-b022-243a01cfa469	1	110849445	152789570	8912	0.0051
3fed2e7d-1fe3-4a0a-b022-243a01cfa469	1	152789781	152801429	33	-0.4759
3fed2e7d-1fe3-4a0a-b022-243a01cfa469	1	152804279	155210675	1339	-0.0066
3fed2e7d-1fe3-4a0a-b022-243a01cfa469	1	155219369	155231273	11	1.0119
3fed2e7d-1fe3-4a0a-b022-243a01cfa469	1	155241876	192704395	25359	0.0001
3fed2e7d-1fe3-4a0a-b022-243a01cfa469	1	192707014	192710567	5	-1.0093
3fed2e7d-1fe3-4a0a-b022-243a01cfa469	1	192728282	196745743	2753	0.0163
3fed2e7d-1fe3-4a0a-b022-243a01cfa469	1	196758720	196802150	43	-0.5655
3fed2e7d-1fe3-4a0a-b022-243a01cfa469	1	196820098	197849125	554	0.0126
3fed2e7d-1fe3-4a0a-b022-243a01cfa469	1	197852639	197920141	31	0.5862
3fed2e7d-1fe3-4a0a-b022-243a01cfa469	1	197922672	199138574	807	0.0093
3fed2e7d-1fe3-4a0a-b022-243a01cfa469	1	199142235	199146204	16	0.4142
3fed2e7d-1fe3-4a0a-b022-243a01cfa469	1	199146749	209897717	7398	-0.0052
3fed2e7d-1fe3-4a0a-b022-243a01cfa469	1	209908268	209908720	2	-1.6915
3fed2e7d-1fe3-4a0a-b022-243a01cfa469	1	209910639	248930189	27038	0.0009
3fed2e7d-1fe3-4a0a-b022-243a01cfa469	2	12784	15460615	11714	-0.0023
3fed2e7d-1fe3-4a0a-b022-243a01cfa469	2	15461317	15461450	2	-2.8058
3fed2e7d-1fe3-4a0a-b022-243a01cfa469	2	15469045	24376380	6214	0.0024
3fed2e7d-1fe3-4a0a-b022-243a01cfa469	2	24378642	24388858	20	-0.6075
3fed2e7d-1fe3-4a0a-b022-243a01cfa469	2	24390690	26153635	861	0.02
3fed2e7d-1fe3-4a0a-b022-243a01cfa469	2	26154385	26155878	3	-1.0568
3fed2e7d-1fe3-4a0a-b022-243a01cfa469	2	26157749	29418334	1835	0.0152
3fed2e7d-1fe3-4a0a-b022-243a01cfa469	2	29419008	29422071	11	-0.9758
3fed2e7d-1fe3-4a0a-b022-243a01cfa469	2	29423558	34295406	3334	0.0123
3fed2e7d-1fe3-4a0a-b022-243a01cfa469	2	34298911	34300513	2	-1.7143
3fed2e7d-1fe3-4a0a-b022-243a01cfa469	2	34300900	35750907	1012	0.0112
3fed2e7d-1fe3-4a0a-b022-243a01cfa469	2	35752724	35772438	9	0.7514
3fed2e7d-1fe3-4a0a-b022-243a01cfa469	2	35775353	41011095	3926	0.0083
3fed2e7d-1fe3-4a0a-b022-243a01cfa469	2	41011303	41015728	17	-0.582
3fed2e7d-1fe3-4a0a-b022-243a01cfa469	2	41015808	55680328	10550	0.0062
3fed2e7d-1fe3-4a0a-b022-243a01cfa469	2	55681804	55711444	13	0.6346
3fed2e7d-1fe3-4a0a-b022-243a01cfa469	2	55711612	89305244	20439	0.0061
3fed2e7d-1fe3-4a0a-b022-243a01cfa469	2	89896149	90224032	125	-0.7945
3fed2e7d-1fe3-4a0a-b022-243a01cfa469	2	90228220	102099931	3663	0.0094
3fed2e7d-1fe3-4a0a-b022-243a01cfa469	2	102100080	102100478	2	-1.343
3fed2e7d-1fe3-4a0a-b022-243a01cfa469	2	102100877	106263639	2860	0.0109
3fed2e7d-1fe3-4a0a-b022-243a01cfa469	2	106264257	106268901	11	-2.301
3fed2e7d-1fe3-4a0a-b022-243a01cfa469	2	106270799	183929124	47128	0.0066
3fed2e7d-1fe3-4a0a-b022-243a01cfa469	2	183929673	183937714	17	-0.7281
3fed2e7d-1fe3-4a0a-b022-243a01cfa469	2	183943862	202428368	10497	0.0147
3fed2e7d-1fe3-4a0a-b022-243a01cfa469	2	202431052	202447478	41	-2.3673
3fed2e7d-1fe3-4a0a-b022-243a01cfa469	2	202448759	242147305	25234	0.0052
3fed2e7d-1fe3-4a0a-b022-243a01cfa469	3	20930	11366589	9548	0
3fed2e7d-1fe3-4a0a-b022-243a01cfa469	3	11371130	11371926	4	-1.2084
3fed2e7d-1fe3-4a0a-b022-243a01cfa469	3	11375791	20045729	5541	-0.0039
3fed2e7d-1fe3-4a0a-b022-243a01cfa469	3	20049416	20049856	2	-1.4161
3fed2e7d-1fe3-4a0a-b022-243a01cfa469	3	20050571	38591003	12952	0.0011
3fed2e7d-1fe3-4a0a-b022-243a01cfa469	3	38591139	38592651	2	-1.3546
3fed2e7d-1fe3-4a0a-b022-243a01cfa469	3	38592722	44021137	3455	-0.0056
3fed2e7d-1fe3-4a0a-b022-243a01cfa469	3	44022441	44024530	3	-1.8136
3fed2e7d-1fe3-4a0a-b022-243a01cfa469	3	44029985	130068356	50974	0.0026
3fed2e7d-1fe3-4a0a-b022-243a01cfa469	3	130070627	130089433	28	0.478
3fed2e7d-1fe3-4a0a-b022-243a01cfa469	3	130089968	186980310	35004	0.0061
3fed2e7d-1fe3-4a0a-b022-243a01cfa469	3	186983049	186983135	2	-3.4006
3fed2e7d-1fe3-4a0a-b022-243a01cfa469	3	186991016	195656271	6006	0.0034
3fed2e7d-1fe3-4a0a-b022-243a01cfa469	3	195663809	195720051	24	-0.4436
3fed2e7d-1fe3-4a0a-b022-243a01cfa469	3	195728637	195752877	22	0.1712
3fed2e7d-1fe3-4a0a-b022-243a01cfa469	3	195754940	195822766	29	-0.1022
3fed2e7d-1fe3-4a0a-b022-243a01cfa469	3	195826313	195826388	2	-1.3685
3fed2e7d-1fe3-4a0a-b022-243a01cfa469	3	195830590	198169247	1132	0.0198
3fed2e7d-1fe3-4a0a-b022-243a01cfa469	4	68929	9455251	5161	-0.0008
3fed2e7d-1fe3-4a0a-b022-243a01cfa469	4	9459504	9477699	6	1.0559
3fed2e7d-1fe3-4a0a-b022-243a01cfa469	4	9484440	21370380	8783	-0.0028
3fed2e7d-1fe3-4a0a-b022-243a01cfa469	4	21370416	21375228	14	-2.1255
3fed2e7d-1fe3-4a0a-b022-243a01cfa469	4	21382117	30064714	5949	0.0005
3fed2e7d-1fe3-4a0a-b022-243a01cfa469	4	30065230	30069394	2	-1.6749
3fed2e7d-1fe3-4a0a-b022-243a01cfa469	4	30069571	33374961	2030	0.0063
3fed2e7d-1fe3-4a0a-b022-243a01cfa469	4	33377514	33384564	11	-0.9947
3fed2e7d-1fe3-4a0a-b022-243a01cfa469	4	33386731	34777238	757	0.0076
3fed2e7d-1fe3-4a0a-b022-243a01cfa469	4	34777340	34828291	46	0.5357
3fed2e7d-1fe3-4a0a-b022-243a01cfa469	4	34828306	44015124	6047	0.0062
3fed2e7d-1fe3-4a0a-b022-243a01cfa469	4	44019868	44024387	5	-0.9058
3fed2e7d-1fe3-4a0a-b022-243a01cfa469	4	44029382	49214614	2922	-0.001
3fed2e7d-1fe3-4a0a-b022-243a01cfa469	4	49289175	49289338	2	1.3954
3fed2e7d-1fe3-4a0a-b022-243a01cfa469	4	49295203	54353363	1621	-0.0101
3fed2e7d-1fe3-4a0a-b022-243a01cfa469	4	54353509	54354188	7	-1.0882
3fed2e7d-1fe3-4a0a-b022-243a01cfa469	4	54355243	60457099	4054	0.0043
3fed2e7d-1fe3-4a0a-b022-243a01cfa469	4	60461461	60461594	2	-3.0806
3fed2e7d-1fe3-4a0a-b022-243a01cfa469	4	60464276	68506285	4805	0.011
3fed2e7d-1fe3-4a0a-b022-243a01cfa469	4	68509223	68620261	65	-0.4991
3fed2e7d-1fe3-4a0a-b022-243a01cfa469	4	68623617	69257792	315	0.0249
3fed2e7d-1fe3-4a0a-b022-243a01cfa469	4	69261926	69366304	55	-0.3976
3fed2e7d-1fe3-4a0a-b022-243a01cfa469	4	69366406	86054070	10440	0.0042
3fed2e7d-1fe3-4a0a-b022-243a01cfa469	4	86054941	86058611	19	-2.0942
3fed2e7d-1fe3-4a0a-b022-243a01cfa469	4	86058791	90965057	2978	0.0038
3fed2e7d-1fe3-4a0a-b022-243a01cfa469	4	90967732	90977919	7	-1.1831
3fed2e7d-1fe3-4a0a-b022-243a01cfa469	4	90982717	154881396	37953	0.0059
3fed2e7d-1fe3-4a0a-b022-243a01cfa469	4	154881853	154881926	3	-3.3381
3fed2e7d-1fe3-4a0a-b022-243a01cfa469	4	154882047	171448195	10607	0.0064
3fed2e7d-1fe3-4a0a-b022-243a01cfa469	4	171453733	171456625	12	0.9297
3fed2e7d-1fe3-4a0a-b022-243a01cfa469	4	171459220	172066777	397	0.0062
3fed2e7d-1fe3-4a0a-b022-243a01cfa469	4	172067997	172068382	12	-1.7694
3fed2e7d-1fe3-4a0a-b022-243a01cfa469	4	172074828	189304732	11739	0.0036
3fed2e7d-1fe3-4a0a-b022-243a01cfa469	4	189318320	189396926	68	0.9852
3fed2e7d-1fe3-4a0a-b022-243a01cfa469	4	189404406	190106768	274	0.0141
3fed2e7d-1fe3-4a0a-b022-243a01cfa469	5	15532	731654	319	-0.0685
3fed2e7d-1fe3-4a0a-b022-243a01cfa469	5	731776	819817	25	-0.602
3fed2e7d-1fe3-4a0a-b022-243a01cfa469	5	819921	1967151	644	-0.0897
3fed2e7d-1fe3-4a0a-b022-243a01cfa469	5	1971538	5676334	3398	-0.0045
3fed2e7d-1fe3-4a0a-b022-243a01cfa469	5	5678884	5680788	30	-0.7141
3fed2e7d-1fe3-4a0a-b022-243a01cfa469	5	5680888	12800777	5780	0.0006
3fed2e7d-1fe3-4a0a-b022-243a01cfa469	5	12815668	12838421	14	0.6126
3fed2e7d-1fe3-4a0a-b022-243a01cfa469	5	12849089	46271006	20466	0.0085
3fed2e7d-1fe3-4a0a-b022-243a01cfa469	5	46271828	46273400	6	0.8355
3fed2e7d-1fe3-4a0a-b022-243a01cfa469	5	46278110	58037128	5102	0.0062
3fed2e7d-1fe3-4a0a-b022-243a01cfa469	5	58037466	58037706	3	-1.3549
3fed2e7d-1fe3-4a0a-b022-243a01cfa469	5	58042530	69571467	7295	0.0062
3fed2e7d-1fe3-4a0a-b022-243a01cfa469	5	69779150	69822308	4	-1.3992
3fed2e7d-1fe3-4a0a-b022-243a01cfa469	5	69937600	97709417	15618	0.0063
3fed2e7d-1fe3-4a0a-b022-243a01cfa469	5	97712762	97763616	43	-1.0438
3fed2e7d-1fe3-4a0a-b022-243a01cfa469	5	97763980	97780983	7	0.2186
3fed2e7d-1fe3-4a0a-b022-243a01cfa469	5	97781157	97784803	4	-1.4022
3fed2e7d-1fe3-4a0a-b022-243a01cfa469	5	97789963	104515520	3868	0.024
3fed2e7d-1fe3-4a0a-b022-243a01cfa469	5	104524672	104524903	4	1.798
3fed2e7d-1fe3-4a0a-b022-243a01cfa469	5	104525348	133795438	19213	0.0042
3fed2e7d-1fe3-4a0a-b022-243a01cfa469	5	133795782	133805215	10	-0.5272
3fed2e7d-1fe3-4a0a-b022-243a01cfa469	5	133807731	140839137	3997	-0.0003
3fed2e7d-1fe3-4a0a-b022-243a01cfa469	5	140844251	140852254	10	-0.8481
3fed2e7d-1fe3-4a0a-b022-243a01cfa469	5	140861442	141186281	136	-0.0111
3fed2e7d-1fe3-4a0a-b022-243a01cfa469	5	141190118	141191622	6	-1.1529
3fed2e7d-1fe3-4a0a-b022-243a01cfa469	5	141195638	144024886	1916	0.007
3fed2e7d-1fe3-4a0a-b022-243a01cfa469	5	144027118	144030771	5	-0.7768
3fed2e7d-1fe3-4a0a-b022-243a01cfa469	5	144031142	150819676	4508	0.001
3fed2e7d-1fe3-4a0a-b022-243a01cfa469	5	150822643	150839042	9	-0.6339
3fed2e7d-1fe3-4a0a-b022-243a01cfa469	5	150843825	156149576	3705	-0.0058
3fed2e7d-1fe3-4a0a-b022-243a01cfa469	5	156150331	156163274	9	-1.3091
3fed2e7d-1fe3-4a0a-b022-243a01cfa469	5	156170444	181111233	16630	0.0013
3fed2e7d-1fe3-4a0a-b022-243a01cfa469	5	181112725	181114251	3	-1.6989
3fed2e7d-1fe3-4a0a-b022-243a01cfa469	5	181116046	181363319	96	-0.0408
3fed2e7d-1fe3-4a0a-b022-243a01cfa469	6	149661	254267	100	-0.0506
3fed2e7d-1fe3-4a0a-b022-243a01cfa469	6	254283	381149	102	0.2134
3fed2e7d-1fe3-4a0a-b022-243a01cfa469	6	382559	8683526	6819	-0.0066
3fed2e7d-1fe3-4a0a-b022-243a01cfa469	6	8686345	8686432	2	-3.5756
3fed2e7d-1fe3-4a0a-b022-243a01cfa469	6	8692183	31313046	15313	0.0051
3fed2e7d-1fe3-4a0a-b022-243a01cfa469	6	31318499	31328674	11	0.995
3fed2e7d-1fe3-4a0a-b022-243a01cfa469	6	31342147	32486746	503	-0.035
3fed2e7d-1fe3-4a0a-b022-243a01cfa469	6	32488906	32641650	54	-0.413
3fed2e7d-1fe3-4a0a-b022-243a01cfa469	6	32656527	92864624	36227	0.0006
3fed2e7d-1fe3-4a0a-b022-243a01cfa469	6	92866148	92868912	31	-0.6185
3fed2e7d-1fe3-4a0a-b022-243a01cfa469	6	92873205	102250874	5609	0.0054
3fed2e7d-1fe3-4a0a-b022-243a01cfa469	6	102251118	102257352	4	-1.683
3fed2e7d-1fe3-4a0a-b022-243a01cfa469	6	102258588	103286950	596	0.0137
3fed2e7d-1fe3-4a0a-b022-243a01cfa469	6	103286954	103314186	47	0.6563
3fed2e7d-1fe3-4a0a-b022-243a01cfa469	6	103317795	170741917	44171	-0.0029
3fed2e7d-1fe3-4a0a-b022-243a01cfa469	7	43355	1139288	320	-0.1172
3fed2e7d-1fe3-4a0a-b022-243a01cfa469	7	1139699	13235917	8295	0.0024
3fed2e7d-1fe3-4a0a-b022-243a01cfa469	7	13238997	13239383	2	-1.7098
3fed2e7d-1fe3-4a0a-b022-243a01cfa469	7	13242328	54305455	29868	0.0024
3fed2e7d-1fe3-4a0a-b022-243a01cfa469	7	54318812	54318824	6	1.1324
3fed2e7d-1fe3-4a0a-b022-243a01cfa469	7	54325795	159334314	59346	0.0039
3fed2e7d-1fe3-4a0a-b022-243a01cfa469	8	81254	3155696	2341	-0.0196
3fed2e7d-1fe3-4a0a-b022-243a01cfa469	8	3156081	3156183	2	-2.6439
3fed2e7d-1fe3-4a0a-b022-243a01cfa469	8	3157701	3926665	1010	0.005
3fed2e7d-1fe3-4a0a-b022-243a01cfa469	8	3929538	3932584	24	-0.7144
3fed2e7d-1fe3-4a0a-b022-243a01cfa469	8	3933696	4834355	1474	0.0222
3fed2e7d-1fe3-4a0a-b022-243a01cfa469	8	4835126	4841110	9	-1.2982
3fed2e7d-1fe3-4a0a-b022-243a01cfa469	8	4842473	7312952	2868	0.007
3fed2e7d-1fe3-4a0a-b022-243a01cfa469	8	7329110	7329124	2	2.4684
3fed2e7d-1fe3-4a0a-b022-243a01cfa469	8	7336299	12323772	3298	-0.0053
3fed2e7d-1fe3-4a0a-b022-243a01cfa469	8	12358500	12418301	29	0.66
3fed2e7d-1fe3-4a0a-b022-243a01cfa469	8	12419769	12585546	18	0.1012
3fed2e7d-1fe3-4a0a-b022-243a01cfa469	8	12616034	12624538	9	-0.7011
3fed2e7d-1fe3-4a0a-b022-243a01cfa469	8	12649562	15424900	2628	0.0028
3fed2e7d-1fe3-4a0a-b022-243a01cfa469	8	15425239	15430983	4	-0.9333
3fed2e7d-1fe3-4a0a-b022-243a01cfa469	8	15435453	25117007	7759	0.0059
3fed2e7d-1fe3-4a0a-b022-243a01cfa469	8	25117062	25133589	25	0.4134
3fed2e7d-1fe3-4a0a-b022-243a01cfa469	8	25133612	32821348	5432	0.0064
3fed2e7d-1fe3-4a0a-b022-243a01cfa469	8	32825580	32830895	8	1.739
3fed2e7d-1fe3-4a0a-b022-243a01cfa469	8	32834588	37386079	2608	0.0081
3fed2e7d-1fe3-4a0a-b022-243a01cfa469	8	37388429	37389403	4	-0.9134
3fed2e7d-1fe3-4a0a-b022-243a01cfa469	8	37391868	39373140	964	0.0074
3fed2e7d-1fe3-4a0a-b022-243a01cfa469	8	39378084	39529446	59	0.3881
3fed2e7d-1fe3-4a0a-b022-243a01cfa469	8	39530780	42507855	2100	-0.0017
3fed2e7d-1fe3-4a0a-b022-243a01cfa469	8	42510362	42511937	2	-1.258
3fed2e7d-1fe3-4a0a-b022-243a01cfa469	8	42514154	50118212	2479	0.0003
3fed2e7d-1fe3-4a0a-b022-243a01cfa469	8	50119451	50120863	9	-0.6065
3fed2e7d-1fe3-4a0a-b022-243a01cfa469	8	50126018	53047187	1892	0.0034
3fed2e7d-1fe3-4a0a-b022-243a01cfa469	8	53047626	53080355	33	-0.9061
3fed2e7d-1fe3-4a0a-b022-243a01cfa469	8	53086835	59857523	4477	0.008
3fed2e7d-1fe3-4a0a-b022-243a01cfa469	8	59857574	59858921	2	-1.6692
3fed2e7d-1fe3-4a0a-b022-243a01cfa469	8	59859688	111282417	31019	0.0083
3fed2e7d-1fe3-4a0a-b022-243a01cfa469	8	111282441	111283031	6	0.9105
3fed2e7d-1fe3-4a0a-b022-243a01cfa469	8	111288052	127933542	11016	0.0055
3fed2e7d-1fe3-4a0a-b022-243a01cfa469	8	127934853	127935979	6	-0.9527
3fed2e7d-1fe3-4a0a-b022-243a01cfa469	8	127937888	139141133	8802	-0.0002
3fed2e7d-1fe3-4a0a-b022-243a01cfa469	8	139141600	139143199	3	-1.9429
3fed2e7d-1fe3-4a0a-b022-243a01cfa469	8	139144082	140991499	1286	-0.0027
3fed2e7d-1fe3-4a0a-b022-243a01cfa469	8	140991637	140994810	16	0.5089
3fed2e7d-1fe3-4a0a-b022-243a01cfa469	8	140995196	145072769	1789	-0.0541
3fed2e7d-1fe3-4a0a-b022-243a01cfa469	9	46587	1326014	1318	-0.009
3fed2e7d-1fe3-4a0a-b022-243a01cfa469	9	1330599	1330623	2	-1.5242
3fed2e7d-1fe3-4a0a-b022-243a01cfa469	9	1330872	40753470	29881	0.0069
3fed2e7d-1fe3-4a0a-b022-243a01cfa469	9	40769393	40796987	2	1.6956
3fed2e7d-1fe3-4a0a-b022-243a01cfa469	9	40832327	41741113	87	0.1323
3fed2e7d-1fe3-4a0a-b022-243a01cfa469	9	42014203	42501791	34	-0.2934
3fed2e7d-1fe3-4a0a-b022-243a01cfa469	9	42524983	42825767	44	0.4117
3fed2e7d-1fe3-4a0a-b022-243a01cfa469	9	42834329	61647899	45	-0.2646
3fed2e7d-1fe3-4a0a-b022-243a01cfa469	9	61665362	63580418	38	0.1353
3fed2e7d-1fe3-4a0a-b022-243a01cfa469	9	63590317	63592813	7	1.5291
3fed2e7d-1fe3-4a0a-b022-243a01cfa469	9	63614182	66084268	89	0.0638
3fed2e7d-1fe3-4a0a-b022-243a01cfa469	9	66103744	66908666	9	0.8404
3fed2e7d-1fe3-4a0a-b022-243a01cfa469	9	66996941	72067117	2876	0.0098
3fed2e7d-1fe3-4a0a-b022-243a01cfa469	9	72067706	72068168	4	-1.0136
3fed2e7d-1fe3-4a0a-b022-243a01cfa469	9	72071722	80365647	5900	-0.0004
3fed2e7d-1fe3-4a0a-b022-243a01cfa469	9	80367480	80369576	6	-1.1343
3fed2e7d-1fe3-4a0a-b022-243a01cfa469	9	80370811	86411623	4192	0.0005
3fed2e7d-1fe3-4a0a-b022-243a01cfa469	9	86415651	86430796	19	0.4277
3fed2e7d-1fe3-4a0a-b022-243a01cfa469	9	86431367	87907679	1237	-0.0183
3fed2e7d-1fe3-4a0a-b022-243a01cfa469	9	87939236	87939304	2	-2.1654
3fed2e7d-1fe3-4a0a-b022-243a01cfa469	9	87943042	127227714	27865	0.0001
3fed2e7d-1fe3-4a0a-b022-243a01cfa469	9	127228152	127240343	7	-1.0656
3fed2e7d-1fe3-4a0a-b022-243a01cfa469	9	127240351	135319522	4733	-0.0131
3fed2e7d-1fe3-4a0a-b022-243a01cfa469	9	135322259	135323776	2	-1.6559
3fed2e7d-1fe3-4a0a-b022-243a01cfa469	9	135324566	135327870	10	-0.2677
3fed2e7d-1fe3-4a0a-b022-243a01cfa469	9	135327897	135330996	9	0.2512
3fed2e7d-1fe3-4a0a-b022-243a01cfa469	9	135334696	135388596	39	-0.2358
3fed2e7d-1fe3-4a0a-b022-243a01cfa469	9	135390347	138106197	988	-0.0163
3fed2e7d-1fe3-4a0a-b022-243a01cfa469	9	138106837	138200944	62	-0.1943
3fed2e7d-1fe3-4a0a-b022-243a01cfa469	10	45792	46560525	31718	-0.0006
3fed2e7d-1fe3-4a0a-b022-243a01cfa469	10	46606240	46810571	15	-0.6393
3fed2e7d-1fe3-4a0a-b022-243a01cfa469	10	46836986	59604372	8665	0.0052
3fed2e7d-1fe3-4a0a-b022-243a01cfa469	10	59604671	59605316	4	-1.2019
3fed2e7d-1fe3-4a0a-b022-243a01cfa469	10	59605424	69515737	6599	0.0032
3fed2e7d-1fe3-4a0a-b022-243a01cfa469	10	69522716	69523086	5	-2.0201
3fed2e7d-1fe3-4a0a-b022-243a01cfa469	10	69531858	122574497	35778	-0.001
3fed2e7d-1fe3-4a0a-b022-243a01cfa469	10	122584593	122587462	5	-1.3768
3fed2e7d-1fe3-4a0a-b022-243a01cfa469	10	122591497	130714055	6106	-0.0053
3fed2e7d-1fe3-4a0a-b022-243a01cfa469	10	130714778	130779167	71	-0.218
3fed2e7d-1fe3-4a0a-b022-243a01cfa469	10	130779592	133654968	1726	-0.0416
3fed2e7d-1fe3-4a0a-b022-243a01cfa469	11	198510	733813	175	-0.0203
3fed2e7d-1fe3-4a0a-b022-243a01cfa469	11	741820	743813	5	-0.8829
3fed2e7d-1fe3-4a0a-b022-243a01cfa469	11	745581	3465494	1116	-0.0233
3fed2e7d-1fe3-4a0a-b022-243a01cfa469	11	3466435	3467311	3	-1.1615
3fed2e7d-1fe3-4a0a-b022-243a01cfa469	11	3485296	5757241	1924	0.0056
3fed2e7d-1fe3-4a0a-b022-243a01cfa469	11	5757293	5804315	54	0.2711
3fed2e7d-1fe3-4a0a-b022-243a01cfa469	11	5804782	18919323	9399	0.003
3fed2e7d-1fe3-4a0a-b022-243a01cfa469	11	18927525	18940441	45	-0.3895
3fed2e7d-1fe3-4a0a-b022-243a01cfa469	11	18940469	21633817	2456	-0.008
3fed2e7d-1fe3-4a0a-b022-243a01cfa469	11	21634048	21641716	4	-1.0801
3fed2e7d-1fe3-4a0a-b022-243a01cfa469	11	21642268	30143840	5823	0.0033
3fed2e7d-1fe3-4a0a-b022-243a01cfa469	11	30150367	30158896	28	-0.9323
3fed2e7d-1fe3-4a0a-b022-243a01cfa469	11	30159138	48476051	12231	0.0028
3fed2e7d-1fe3-4a0a-b022-243a01cfa469	11	48477889	48478853	2	-1.8197
3fed2e7d-1fe3-4a0a-b022-243a01cfa469	11	48482736	49686823	478	0.0197
3fed2e7d-1fe3-4a0a-b022-243a01cfa469	11	49689309	49736119	16	-2.7346
3fed2e7d-1fe3-4a0a-b022-243a01cfa469	11	49736215	55595864	734	0.0204
3fed2e7d-1fe3-4a0a-b022-243a01cfa469	11	55606556	55674842	48	0.3447
3fed2e7d-1fe3-4a0a-b022-243a01cfa469	11	55676735	80934943	13802	-0.0046
3fed2e7d-1fe3-4a0a-b022-243a01cfa469	11	80935302	80935449	3	-1.4046
3fed2e7d-1fe3-4a0a-b022-243a01cfa469	11	80938107	89741663	6065	0.0093
3fed2e7d-1fe3-4a0a-b022-243a01cfa469	11	89754781	89796439	5	-1.592
3fed2e7d-1fe3-4a0a-b022-243a01cfa469	11	89802300	105049353	11027	0.0035
3fed2e7d-1fe3-4a0a-b022-243a01cfa469	11	105053135	105060506	9	-0.799
3fed2e7d-1fe3-4a0a-b022-243a01cfa469	11	105061029	105718131	415	-0.0125
3fed2e7d-1fe3-4a0a-b022-243a01cfa469	11	105718976	105719375	2	-1.1943
3fed2e7d-1fe3-4a0a-b022-243a01cfa469	11	105719802	107359993	1049	-0.0013
3fed2e7d-1fe3-4a0a-b022-243a01cfa469	11	107367930	107368402	7	-1.9626
3fed2e7d-1fe3-4a0a-b022-243a01cfa469	11	107381636	135074876	19927	-0.0038
3fed2e7d-1fe3-4a0a-b022-243a01cfa469	12	51460	99398036	62105	0.0042
3fed2e7d-1fe3-4a0a-b022-243a01cfa469	12	99401515	99404412	26	-0.609
3fed2e7d-1fe3-4a0a-b022-243a01cfa469	12	99404577	114075654	9447	-0.0029
3fed2e7d-1fe3-4a0a-b022-243a01cfa469	12	114079313	114079331	2	-1.9334
3fed2e7d-1fe3-4a0a-b022-243a01cfa469	12	114080463	115406724	1131	-0.0041
3fed2e7d-1fe3-4a0a-b022-243a01cfa469	12	115406927	115407172	2	-1.1585
3fed2e7d-1fe3-4a0a-b022-243a01cfa469	12	115407228	117645585	1751	0.003
3fed2e7d-1fe3-4a0a-b022-243a01cfa469	12	117645840	117646041	2	-1.5352
3fed2e7d-1fe3-4a0a-b022-243a01cfa469	12	117646869	124998766	4077	0.0052
3fed2e7d-1fe3-4a0a-b022-243a01cfa469	12	125000835	125009132	7	-1.0046
3fed2e7d-1fe3-4a0a-b022-243a01cfa469	12	125011869	133201603	6305	-0.0152
3fed2e7d-1fe3-4a0a-b022-243a01cfa469	13	18452809	19199374	329	0.0043
3fed2e7d-1fe3-4a0a-b022-243a01cfa469	13	19202953	19203130	2	1.3909
3fed2e7d-1fe3-4a0a-b022-243a01cfa469	13	19207320	24056776	3302	0.012
3fed2e7d-1fe3-4a0a-b022-243a01cfa469	13	24058001	24058911	4	-1.3547
3fed2e7d-1fe3-4a0a-b022-243a01cfa469	13	24061115	27922634	2883	0.0128
3fed2e7d-1fe3-4a0a-b022-243a01cfa469	13	27937945	27950037	15	0.8164
3fed2e7d-1fe3-4a0a-b022-243a01cfa469	13	27955136	114342922	57617	0.0055
3fed2e7d-1fe3-4a0a-b022-243a01cfa469	14	18239283	19675350	63	-0.0213
3fed2e7d-1fe3-4a0a-b022-243a01cfa469	14	19689684	19955213	104	-0.4158
3fed2e7d-1fe3-4a0a-b022-243a01cfa469	14	19956767	22185862	1589	0.0023
3fed2e7d-1fe3-4a0a-b022-243a01cfa469	14	22185967	22474596	216	-0.1348
3fed2e7d-1fe3-4a0a-b022-243a01cfa469	14	22474658	76431427	34010	0.0064
3fed2e7d-1fe3-4a0a-b022-243a01cfa469	14	76431465	76450233	10	-0.6291
3fed2e7d-1fe3-4a0a-b022-243a01cfa469	14	76450914	97663665	14439	-0.0016
3fed2e7d-1fe3-4a0a-b022-243a01cfa469	14	97663715	97674343	28	-0.9056
3fed2e7d-1fe3-4a0a-b022-243a01cfa469	14	97680464	106877229	4961	-0.012
3fed2e7d-1fe3-4a0a-b022-243a01cfa469	15	19811075	20011702	46	0.0147
3fed2e7d-1fe3-4a0a-b022-243a01cfa469	15	20026653	22294951	157	-0.3038
3fed2e7d-1fe3-4a0a-b022-243a01cfa469	15	22296480	23809640	614	0.0098
3fed2e7d-1fe3-4a0a-b022-243a01cfa469	15	23810290	23813946	19	-1.1399
3fed2e7d-1fe3-4a0a-b022-243a01cfa469	15	23814160	48213461	14990	-0.0043
3fed2e7d-1fe3-4a0a-b022-243a01cfa469	15	48221145	48221166	2	-2.4215
3fed2e7d-1fe3-4a0a-b022-243a01cfa469	15	48221198	56497331	5314	-0.0008
3fed2e7d-1fe3-4a0a-b022-243a01cfa469	15	56497449	56508779	26	-0.647
3fed2e7d-1fe3-4a0a-b022-243a01cfa469	15	56509425	62166054	4225	-0.0057
3fed2e7d-1fe3-4a0a-b022-243a01cfa469	15	62168900	62174792	10	-1.1882
3fed2e7d-1fe3-4a0a-b022-243a01cfa469	15	62175307	65521764	1973	-0.0004
3fed2e7d-1fe3-4a0a-b022-243a01cfa469	15	65524604	65526049	3	-2.7183
3fed2e7d-1fe3-4a0a-b022-243a01cfa469	15	65530196	101894806	24176	-0.0068
3fed2e7d-1fe3-4a0a-b022-243a01cfa469	15	101900719	101928837	4	-1.1715
3fed2e7d-1fe3-4a0a-b022-243a01cfa469	16	10777	14660341	11091	-0.009
3fed2e7d-1fe3-4a0a-b022-243a01cfa469	16	14662430	15397543	134	0.1958
3fed2e7d-1fe3-4a0a-b022-243a01cfa469	16	15401029	29268429	7829	0
3fed2e7d-1fe3-4a0a-b022-243a01cfa469	16	29269203	29272383	5	-1.46
3fed2e7d-1fe3-4a0a-b022-243a01cfa469	16	29276882	76764575	20566	-0.0007
3fed2e7d-1fe3-4a0a-b022-243a01cfa469	16	76764612	76772531	3	-1.7197
3fed2e7d-1fe3-4a0a-b022-243a01cfa469	16	76774655	86717589	10435	-0.0092
3fed2e7d-1fe3-4a0a-b022-243a01cfa469	16	86719369	86719464	3	-1.2041
3fed2e7d-1fe3-4a0a-b022-243a01cfa469	16	86720416	89301090	1414	-0.0287
3fed2e7d-1fe3-4a0a-b022-243a01cfa469	16	89301622	89301638	2	-1.4851
3fed2e7d-1fe3-4a0a-b022-243a01cfa469	16	89304851	90096867	397	-0.0094
3fed2e7d-1fe3-4a0a-b022-243a01cfa469	17	150733	9398653	5246	0.0052
3fed2e7d-1fe3-4a0a-b022-243a01cfa469	17	9400982	9412739	10	-0.9273
3fed2e7d-1fe3-4a0a-b022-243a01cfa469	17	9416318	36108874	12999	-0.0013
3fed2e7d-1fe3-4a0a-b022-243a01cfa469	17	36109139	36468993	56	-0.3159
3fed2e7d-1fe3-4a0a-b022-243a01cfa469	17	36476767	46286804	5150	-0.0029
3fed2e7d-1fe3-4a0a-b022-243a01cfa469	17	46323701	46446360	4	-1.5349
3fed2e7d-1fe3-4a0a-b022-243a01cfa469	17	46569894	56081683	5806	-0.0014
3fed2e7d-1fe3-4a0a-b022-243a01cfa469	17	56083553	56095230	26	-1.0176
3fed2e7d-1fe3-4a0a-b022-243a01cfa469	17	56095462	73835799	10983	0.0048
3fed2e7d-1fe3-4a0a-b022-243a01cfa469	17	73837819	74694557	564	0.5641
3fed2e7d-1fe3-4a0a-b022-243a01cfa469	17	74695492	83091923	4192	-0.0051
3fed2e7d-1fe3-4a0a-b022-243a01cfa469	18	48133	3633735	2523	0.0178
3fed2e7d-1fe3-4a0a-b022-243a01cfa469	18	3636126	3637312	2	-1.3298
3fed2e7d-1fe3-4a0a-b022-243a01cfa469	18	3641647	9321971	4254	0.0124
3fed2e7d-1fe3-4a0a-b022-243a01cfa469	18	9324674	9326899	3	-1.3329
3fed2e7d-1fe3-4a0a-b022-243a01cfa469	18	9327028	13123646	2576	0.0032
3fed2e7d-1fe3-4a0a-b022-243a01cfa469	18	13130523	13133578	6	-1.2859
3fed2e7d-1fe3-4a0a-b022-243a01cfa469	18	13136353	31459028	7479	0.0033
3fed2e7d-1fe3-4a0a-b022-243a01cfa469	18	31461686	31462381	3	-1.1017
3fed2e7d-1fe3-4a0a-b022-243a01cfa469	18	31467464	44394853	8333	0.0043
3fed2e7d-1fe3-4a0a-b022-243a01cfa469	18	44396921	44398660	6	-1.0596
3fed2e7d-1fe3-4a0a-b022-243a01cfa469	18	44402706	47332529	1907	-0.0044
3fed2e7d-1fe3-4a0a-b022-243a01cfa469	18	47336072	47336524	2	-1.2859
3fed2e7d-1fe3-4a0a-b022-243a01cfa469	18	47337751	52788637	4057	0.0009
3fed2e7d-1fe3-4a0a-b022-243a01cfa469	18	52791126	52793233	2	-1.7668
3fed2e7d-1fe3-4a0a-b022-243a01cfa469	18	52793850	65533243	8779	0.0049
3fed2e7d-1fe3-4a0a-b022-243a01cfa469	18	65535759	65537481	16	-0.6245
3fed2e7d-1fe3-4a0a-b022-243a01cfa469	18	65540037	66049952	354	0.0309
3fed2e7d-1fe3-4a0a-b022-243a01cfa469	18	66050015	66061104	16	-0.4497
3fed2e7d-1fe3-4a0a-b022-243a01cfa469	18	66065502	66095064	47	0.0479
3fed2e7d-1fe3-4a0a-b022-243a01cfa469	18	66099904	66100686	3	1.1473
3fed2e7d-1fe3-4a0a-b022-243a01cfa469	18	66108359	67292264	775	0.0213
3fed2e7d-1fe3-4a0a-b022-243a01cfa469	18	67292676	67299235	15	-0.6959
3fed2e7d-1fe3-4a0a-b022-243a01cfa469	18	67300028	80257174	9587	0.005
3fed2e7d-1fe3-4a0a-b022-243a01cfa469	19	90910	54736869	26798	0.0046
3fed2e7d-1fe3-4a0a-b022-243a01cfa469	19	54740939	54822429	23	-1.1136
3fed2e7d-1fe3-4a0a-b022-243a01cfa469	19	54823536	55771003	454	0.0107
3fed2e7d-1fe3-4a0a-b022-243a01cfa469	19	55771169	55771701	3	-1.1775
3fed2e7d-1fe3-4a0a-b022-243a01cfa469	19	55774927	58586487	1839	0.0117
3fed2e7d-1fe3-4a0a-b022-243a01cfa469	20	80664	1580353	1204	0.0046
3fed2e7d-1fe3-4a0a-b022-243a01cfa469	20	1580934	1613247	41	2.9331
3fed2e7d-1fe3-4a0a-b022-243a01cfa469	20	1617300	16157786	11210	0.0006
3fed2e7d-1fe3-4a0a-b022-243a01cfa469	20	16158159	16159552	3	-1.0828
3fed2e7d-1fe3-4a0a-b022-243a01cfa469	20	16160511	18701191	2141	-0.001
3fed2e7d-1fe3-4a0a-b022-243a01cfa469	20	18705367	18708076	2	-1.4536
3fed2e7d-1fe3-4a0a-b022-243a01cfa469	20	18709046	48332005	16310	-0.0039
3fed2e7d-1fe3-4a0a-b022-243a01cfa469	20	48332062	48332373	3	-1.2592
3fed2e7d-1fe3-4a0a-b022-243a01cfa469	20	48332430	64324800	11470	-0.0026
3fed2e7d-1fe3-4a0a-b022-243a01cfa469	21	10354168	13028693	97	0.0607
3fed2e7d-1fe3-4a0a-b022-243a01cfa469	21	13080541	13223423	21	-0.4883
3fed2e7d-1fe3-4a0a-b022-243a01cfa469	21	13224688	33108730	14182	0.0134
3fed2e7d-1fe3-4a0a-b022-243a01cfa469	21	33108930	33108938	2	-1.4355
3fed2e7d-1fe3-4a0a-b022-243a01cfa469	21	33112544	38382183	3694	-0.0006
3fed2e7d-1fe3-4a0a-b022-243a01cfa469	21	38382288	38382653	6	-0.8586
3fed2e7d-1fe3-4a0a-b022-243a01cfa469	21	38384433	41376850	2751	0.0052
3fed2e7d-1fe3-4a0a-b022-243a01cfa469	21	41378810	41385029	5	-0.8376
3fed2e7d-1fe3-4a0a-b022-243a01cfa469	21	41387184	46569891	3021	-0.0124
3fed2e7d-1fe3-4a0a-b022-243a01cfa469	21	46570095	46572809	4	-1.1318
3fed2e7d-1fe3-4a0a-b022-243a01cfa469	21	46575196	46677045	87	0.0423
3fed2e7d-1fe3-4a0a-b022-243a01cfa469	22	15294547	18620743	1134	0.0078
3fed2e7d-1fe3-4a0a-b022-243a01cfa469	22	18649244	18818348	5	1.6503
3fed2e7d-1fe3-4a0a-b022-243a01cfa469	22	18822581	23987520	3256	-0.0148
3fed2e7d-1fe3-4a0a-b022-243a01cfa469	22	23988078	23990739	4	-2.2679
3fed2e7d-1fe3-4a0a-b022-243a01cfa469	22	23995113	33777419	7250	0.0029
3fed2e7d-1fe3-4a0a-b022-243a01cfa469	22	33778960	33778998	4	-2.098
3fed2e7d-1fe3-4a0a-b022-243a01cfa469	22	33785435	37346951	2779	-0.004
3fed2e7d-1fe3-4a0a-b022-243a01cfa469	22	37352689	37353906	4	-1.3103
3fed2e7d-1fe3-4a0a-b022-243a01cfa469	22	37354627	42501276	2722	0.0058
3fed2e7d-1fe3-4a0a-b022-243a01cfa469	22	42503434	42554485	24	0.8914
3fed2e7d-1fe3-4a0a-b022-243a01cfa469	22	42559425	48999055	4963	-0.0078
3fed2e7d-1fe3-4a0a-b022-243a01cfa469	22	49000601	49219057	248	-0.1351
3fed2e7d-1fe3-4a0a-b022-243a01cfa469	22	49221078	50528603	744	-0.0362
3fed2e7d-1fe3-4a0a-b022-243a01cfa469	22	50534679	50534687	5	-1.0398
3fed2e7d-1fe3-4a0a-b022-243a01cfa469	22	50535325	50796027	143	-0.0272
3fed2e7d-1fe3-4a0a-b022-243a01cfa469	X	251810	6734117	3102	0.0033
3fed2e7d-1fe3-4a0a-b022-243a01cfa469	X	6740740	6744041	4	-1.0545
3fed2e7d-1fe3-4a0a-b022-243a01cfa469	X	6746259	32965828	17373	0.0047
3fed2e7d-1fe3-4a0a-b022-243a01cfa469	X	32969337	32970141	3	-2.4074
3fed2e7d-1fe3-4a0a-b022-243a01cfa469	X	32971922	56630035	12104	0.003
3fed2e7d-1fe3-4a0a-b022-243a01cfa469	X	56635479	56646272	3	-2.254
3fed2e7d-1fe3-4a0a-b022-243a01cfa469	X	56652478	57715898	569	0.0039
3fed2e7d-1fe3-4a0a-b022-243a01cfa469	X	57720205	57725422	2	1.3739
3fed2e7d-1fe3-4a0a-b022-243a01cfa469	X	57732094	87276700	11977	0
3fed2e7d-1fe3-4a0a-b022-243a01cfa469	X	87277403	87283665	3	-1.1508
3fed2e7d-1fe3-4a0a-b022-243a01cfa469	X	87288612	90217056	1574	0.009
3fed2e7d-1fe3-4a0a-b022-243a01cfa469	X	90227723	90229013	3	-1.1734
3fed2e7d-1fe3-4a0a-b022-243a01cfa469	X	90239457	140943008	27828	0.0046
3fed2e7d-1fe3-4a0a-b022-243a01cfa469	X	140944242	140951372	8	-0.9958
3fed2e7d-1fe3-4a0a-b022-243a01cfa469	X	140953918	141475512	252	0.0212
3fed2e7d-1fe3-4a0a-b022-243a01cfa469	X	141559094	141578177	2	-1.8651
3fed2e7d-1fe3-4a0a-b022-243a01cfa469	X	141585262	155952689	8847	-0.0023
3fed2e7d-1fe3-4a0a-b022-243a01cfa469	Y	2782397	3243950	172	-3.2456
3fed2e7d-1fe3-4a0a-b022-243a01cfa469	Y	3248749	3249185	2	-7.0621
3fed2e7d-1fe3-4a0a-b022-243a01cfa469	Y	3263880	3489266	47	-3.1731
3fed2e7d-1fe3-4a0a-b022-243a01cfa469	Y	3501790	6227183	556	-2.752
3fed2e7d-1fe3-4a0a-b022-243a01cfa469	Y	6228570	6779969	82	-3.0502
3fed2e7d-1fe3-4a0a-b022-243a01cfa469	Y	6780142	7024192	127	-3.308
3fed2e7d-1fe3-4a0a-b022-243a01cfa469	Y	7026124	7026272	2	-7.3808
3fed2e7d-1fe3-4a0a-b022-243a01cfa469	Y	7029347	7656931	288	-3.276
3fed2e7d-1fe3-4a0a-b022-243a01cfa469	Y	7657186	7658374	4	-5.0831
3fed2e7d-1fe3-4a0a-b022-243a01cfa469	Y	7660075	7709231	26	-3.1379
3fed2e7d-1fe3-4a0a-b022-243a01cfa469	Y	7711757	9330531	920	-3.5486
3fed2e7d-1fe3-4a0a-b022-243a01cfa469	Y	9332936	9334605	3	-7.0582
3fed2e7d-1fe3-4a0a-b022-243a01cfa469	Y	9334951	9978018	104	-3.6045
3fed2e7d-1fe3-4a0a-b022-243a01cfa469	Y	9978725	25169825	4126	-3.3248
3fed2e7d-1fe3-4a0a-b022-243a01cfa469	Y	25472063	56872112	179	-2.7396
