GDC_Aliquot	Chromosome	Start	End	Num_Probes	Segment_Mean
183be256-92c8-41ec-9330-aa4d0de3a47d	1	3301765	247650984	129445	0.008
183be256-92c8-41ec-9330-aa4d0de3a47d	2	480597	241537572	131881	0.0038
183be256-92c8-41ec-9330-aa4d0de3a47d	3	2170634	197812401	106939	0.0058
183be256-92c8-41ec-9330-aa4d0de3a47d	4	1059384	187842528	103207	0.0062
183be256-92c8-41ec-9330-aa4d0de3a47d	5	913983	180934240	100857	0.0064
183be256-92c8-41ec-9330-aa4d0de3a47d	6	1011760	170596889	96922	0.0068
183be256-92c8-41ec-9330-aa4d0de3a47d	7	664936	150395732	77378	0.0082
183be256-92c8-41ec-9330-aa4d0de3a47d	7	150396613	150415352	10	-0.5946
183be256-92c8-41ec-9330-aa4d0de3a47d	7	150415518	158592540	4349	0.0125
183be256-92c8-41ec-9330-aa4d0de3a47d	8	667625	144182542	82042	0.0077
183be256-92c8-41ec-9330-aa4d0de3a47d	9	789794	138044505	68328	0.0048
183be256-92c8-41ec-9330-aa4d0de3a47d	10	366509	133411599	81092	0.007
183be256-92c8-41ec-9330-aa4d0de3a47d	11	456012	134272740	77388	0.0066
183be256-92c8-41ec-9330-aa4d0de3a47d	12	780472	21740315	12105	0.007
183be256-92c8-41ec-9330-aa4d0de3a47d	12	21741381	21741608	2	-1.6153
183be256-92c8-41ec-9330-aa4d0de3a47d	12	21741742	40867156	8723	0.0075
183be256-92c8-41ec-9330-aa4d0de3a47d	12	40872972	40875344	6	-1.1376
183be256-92c8-41ec-9330-aa4d0de3a47d	12	40879069	77457369	21045	0.0076
183be256-92c8-41ec-9330-aa4d0de3a47d	12	77458122	77461641	3	-1.252
183be256-92c8-41ec-9330-aa4d0de3a47d	12	77466236	132605822	32298	0.0084
183be256-92c8-41ec-9330-aa4d0de3a47d	13	18874255	114226675	56814	0.0055
183be256-92c8-41ec-9330-aa4d0de3a47d	14	20033191	105533894	49675	0.0059
183be256-92c8-41ec-9330-aa4d0de3a47d	15	23437561	51810940	14644	0.0048
183be256-92c8-41ec-9330-aa4d0de3a47d	15	51811414	51855814	22	0.5662
183be256-92c8-41ec-9330-aa4d0de3a47d	15	51856807	101344124	30030	0.0045
183be256-92c8-41ec-9330-aa4d0de3a47d	16	603333	48825066	15061	0.0094
183be256-92c8-41ec-9330-aa4d0de3a47d	16	48825621	48825683	2	-1.7808
183be256-92c8-41ec-9330-aa4d0de3a47d	16	48826164	89317317	26077	0.0052
183be256-92c8-41ec-9330-aa4d0de3a47d	17	1074619	82959812	37235	0.0056
183be256-92c8-41ec-9330-aa4d0de3a47d	18	326691	5179152	2480	-0.0005
183be256-92c8-41ec-9330-aa4d0de3a47d	18	5180910	5181360	3	-1.0809
183be256-92c8-41ec-9330-aa4d0de3a47d	18	5182462	12744267	4823	0.0049
183be256-92c8-41ec-9330-aa4d0de3a47d	18	12747060	12747943	2	-1.5936
183be256-92c8-41ec-9330-aa4d0de3a47d	18	12750219	79349796	35550	0.0081
183be256-92c8-41ec-9330-aa4d0de3a47d	19	283868	58370362	24115	0.0079
183be256-92c8-41ec-9330-aa4d0de3a47d	20	472817	10827183	6509	0.004
183be256-92c8-41ec-9330-aa4d0de3a47d	20	10827654	10828430	3	-1.2088
183be256-92c8-41ec-9330-aa4d0de3a47d	20	10832942	63588502	30971	0.0089
183be256-92c8-41ec-9330-aa4d0de3a47d	21	13974127	46262057	20539	0.0053
183be256-92c8-41ec-9330-aa4d0de3a47d	22	16934932	48940621	17072	0.0066
183be256-92c8-41ec-9330-aa4d0de3a47d	X	3236359	155677414	63863	0.0075
