GDC_Aliquot	Chromosome	Start	End	Num_Probes	Segment_Mean
c0325c83-4edc-401f-9f71-2bff3c9df2d1	1	62920	98588	12	0.5567
c0325c83-4edc-401f-9f71-2bff3c9df2d1	1	98602	4220767	1239	0.0007
c0325c83-4edc-401f-9f71-2bff3c9df2d1	1	4221100	4242020	17	-1.0809
c0325c83-4edc-401f-9f71-2bff3c9df2d1	1	4248843	4602472	377	0.007
c0325c83-4edc-401f-9f71-2bff3c9df2d1	1	4605172	4605355	2	1.3401
c0325c83-4edc-401f-9f71-2bff3c9df2d1	1	4605900	16583114	7002	0.0092
c0325c83-4edc-401f-9f71-2bff3c9df2d1	1	16604834	16721984	38	0.5736
c0325c83-4edc-401f-9f71-2bff3c9df2d1	1	16766762	16863509	15	-0.6046
c0325c83-4edc-401f-9f71-2bff3c9df2d1	1	16864367	16935752	54	0.4144
c0325c83-4edc-401f-9f71-2bff3c9df2d1	1	16949746	25269914	5265	0.0111
c0325c83-4edc-401f-9f71-2bff3c9df2d1	1	25273814	25351593	24	0.6211
c0325c83-4edc-401f-9f71-2bff3c9df2d1	1	25351871	105476583	49746	0.0077
c0325c83-4edc-401f-9f71-2bff3c9df2d1	1	105476614	105479753	16	0.8879
c0325c83-4edc-401f-9f71-2bff3c9df2d1	1	105481433	109690352	2638	0.0113
c0325c83-4edc-401f-9f71-2bff3c9df2d1	1	109690415	109692006	9	0.9923
c0325c83-4edc-401f-9f71-2bff3c9df2d1	1	109696900	110834943	841	0.0034
c0325c83-4edc-401f-9f71-2bff3c9df2d1	1	110834946	110845604	37	-0.85
c0325c83-4edc-401f-9f71-2bff3c9df2d1	1	110849445	114648826	2593	0.008
c0325c83-4edc-401f-9f71-2bff3c9df2d1	1	114652036	114653545	4	-1.0231
c0325c83-4edc-401f-9f71-2bff3c9df2d1	1	114655410	152582700	6109	0.0155
c0325c83-4edc-401f-9f71-2bff3c9df2d1	1	152583051	152583938	8	0.9564
c0325c83-4edc-401f-9f71-2bff3c9df2d1	1	152587808	152598693	5	0.2659
c0325c83-4edc-401f-9f71-2bff3c9df2d1	1	152598884	152614118	23	1.0601
c0325c83-4edc-401f-9f71-2bff3c9df2d1	1	152618018	152790593	187	0.0111
c0325c83-4edc-401f-9f71-2bff3c9df2d1	1	152794991	152796224	17	0.4818
c0325c83-4edc-401f-9f71-2bff3c9df2d1	1	152801429	179354603	17901	0.0109
c0325c83-4edc-401f-9f71-2bff3c9df2d1	1	179361393	179364180	4	-1.1715
c0325c83-4edc-401f-9f71-2bff3c9df2d1	1	179370071	194479104	10113	0.0081
c0325c83-4edc-401f-9f71-2bff3c9df2d1	1	194482281	194485888	2	1.7619
c0325c83-4edc-401f-9f71-2bff3c9df2d1	1	194487886	196745743	1451	0.0112
c0325c83-4edc-401f-9f71-2bff3c9df2d1	1	196758720	196832525	57	-0.8534
c0325c83-4edc-401f-9f71-2bff3c9df2d1	1	196832720	203986033	4585	0.0024
c0325c83-4edc-401f-9f71-2bff3c9df2d1	1	203986813	203986829	2	-1.7633
c0325c83-4edc-401f-9f71-2bff3c9df2d1	1	203986969	209897717	4205	0.0063
c0325c83-4edc-401f-9f71-2bff3c9df2d1	1	209908268	209910639	3	-2.4803
c0325c83-4edc-401f-9f71-2bff3c9df2d1	1	209913207	248437495	26825	0.0054
c0325c83-4edc-401f-9f71-2bff3c9df2d1	1	248442451	248475325	13	0.5122
c0325c83-4edc-401f-9f71-2bff3c9df2d1	1	248477891	248572774	15	0.0235
c0325c83-4edc-401f-9f71-2bff3c9df2d1	1	248574146	248645563	34	-0.741
c0325c83-4edc-401f-9f71-2bff3c9df2d1	1	248645808	248930189	140	-0.0214
c0325c83-4edc-401f-9f71-2bff3c9df2d1	2	12784	34466002	24088	0.0038
c0325c83-4edc-401f-9f71-2bff3c9df2d1	2	34474248	34511990	46	0.7672
c0325c83-4edc-401f-9f71-2bff3c9df2d1	2	34512096	41011095	4806	0.0047
c0325c83-4edc-401f-9f71-2bff3c9df2d1	2	41011303	41018747	22	-0.6155
c0325c83-4edc-401f-9f71-2bff3c9df2d1	2	41024093	44469523	2474	0.0082
c0325c83-4edc-401f-9f71-2bff3c9df2d1	2	44475646	44475839	2	-1.1825
c0325c83-4edc-401f-9f71-2bff3c9df2d1	2	44477656	44597581	86	0.0316
c0325c83-4edc-401f-9f71-2bff3c9df2d1	2	44599700	44601596	3	-0.7763
c0325c83-4edc-401f-9f71-2bff3c9df2d1	2	44605312	49305903	3338	0.0108
c0325c83-4edc-401f-9f71-2bff3c9df2d1	2	49308629	49314051	5	-1.2561
c0325c83-4edc-401f-9f71-2bff3c9df2d1	2	49317902	52531615	2280	0.0062
c0325c83-4edc-401f-9f71-2bff3c9df2d1	2	52531630	52554259	27	0.5116
c0325c83-4edc-401f-9f71-2bff3c9df2d1	2	52554274	74729846	14149	0.0061
c0325c83-4edc-401f-9f71-2bff3c9df2d1	2	74732429	74733811	3	-1.3838
c0325c83-4edc-401f-9f71-2bff3c9df2d1	2	74737426	77749622	2155	-0.0001
c0325c83-4edc-401f-9f71-2bff3c9df2d1	2	77750052	77750100	4	-1.5241
c0325c83-4edc-401f-9f71-2bff3c9df2d1	2	77759556	86901078	5683	-0.0017
c0325c83-4edc-401f-9f71-2bff3c9df2d1	2	86902080	86910262	2	-2.5395
c0325c83-4edc-401f-9f71-2bff3c9df2d1	2	86934730	131458124	22171	0.003
c0325c83-4edc-401f-9f71-2bff3c9df2d1	2	131464435	131468795	3	-1.9823
c0325c83-4edc-401f-9f71-2bff3c9df2d1	2	131472229	137748709	3955	0.0067
c0325c83-4edc-401f-9f71-2bff3c9df2d1	2	137751623	137754783	7	-1.0825
c0325c83-4edc-401f-9f71-2bff3c9df2d1	2	137757882	137947222	133	0.0074
c0325c83-4edc-401f-9f71-2bff3c9df2d1	2	137947468	137949743	4	-0.9461
c0325c83-4edc-401f-9f71-2bff3c9df2d1	2	137950116	146104517	5004	0.0103
c0325c83-4edc-401f-9f71-2bff3c9df2d1	2	146106836	146109366	24	0.7656
c0325c83-4edc-401f-9f71-2bff3c9df2d1	2	146120238	150802873	2660	0.0064
c0325c83-4edc-401f-9f71-2bff3c9df2d1	2	150804277	150804807	3	-1.1032
c0325c83-4edc-401f-9f71-2bff3c9df2d1	2	150810484	169956989	11732	0.0056
c0325c83-4edc-401f-9f71-2bff3c9df2d1	2	169960889	169965289	4	-1.1838
c0325c83-4edc-401f-9f71-2bff3c9df2d1	2	169967100	179553606	6106	0.0073
c0325c83-4edc-401f-9f71-2bff3c9df2d1	2	179553661	179557410	28	-2.8314
c0325c83-4edc-401f-9f71-2bff3c9df2d1	2	179560916	184379336	3106	0.0002
c0325c83-4edc-401f-9f71-2bff3c9df2d1	2	184392326	184396745	8	-0.3427
c0325c83-4edc-401f-9f71-2bff3c9df2d1	2	184396748	184400102	7	-0.7958
c0325c83-4edc-401f-9f71-2bff3c9df2d1	2	184400238	193823021	5224	0.0027
c0325c83-4edc-401f-9f71-2bff3c9df2d1	2	193825580	193829074	2	1.4892
c0325c83-4edc-401f-9f71-2bff3c9df2d1	2	193837590	204650599	6204	0.0152
c0325c83-4edc-401f-9f71-2bff3c9df2d1	2	204654002	204655467	2	-1.4693
c0325c83-4edc-401f-9f71-2bff3c9df2d1	2	204658998	242147305	23994	0.0045
c0325c83-4edc-401f-9f71-2bff3c9df2d1	3	20930	182919	154	0.0157
c0325c83-4edc-401f-9f71-2bff3c9df2d1	3	188339	190956	3	-4.0852
c0325c83-4edc-401f-9f71-2bff3c9df2d1	3	191117	11366589	9396	0.0146
c0325c83-4edc-401f-9f71-2bff3c9df2d1	3	11371130	11371926	4	-1.4023
c0325c83-4edc-401f-9f71-2bff3c9df2d1	3	11375791	46751887	23634	0.0036
c0325c83-4edc-401f-9f71-2bff3c9df2d1	3	46760327	46807689	39	-2.8113
c0325c83-4edc-401f-9f71-2bff3c9df2d1	3	46808099	62189079	9510	0.0076
c0325c83-4edc-401f-9f71-2bff3c9df2d1	3	62191243	62191584	6	-0.8536
c0325c83-4edc-401f-9f71-2bff3c9df2d1	3	62191725	68697013	5054	0.0123
c0325c83-4edc-401f-9f71-2bff3c9df2d1	3	68697108	68698262	14	0.9197
c0325c83-4edc-401f-9f71-2bff3c9df2d1	3	68699607	75519398	4930	0.0021
c0325c83-4edc-401f-9f71-2bff3c9df2d1	3	75523398	75559488	9	0.6843
c0325c83-4edc-401f-9f71-2bff3c9df2d1	3	75564023	125993496	27367	0.0078
c0325c83-4edc-401f-9f71-2bff3c9df2d1	3	125993720	125993913	6	1.0878
c0325c83-4edc-401f-9f71-2bff3c9df2d1	3	125994097	130047743	2352	-0.0002
c0325c83-4edc-401f-9f71-2bff3c9df2d1	3	130057015	130125709	53	-0.2329
c0325c83-4edc-401f-9f71-2bff3c9df2d1	3	130129574	133655385	2318	0.0126
c0325c83-4edc-401f-9f71-2bff3c9df2d1	3	133656237	133656493	2	-1.0801
c0325c83-4edc-401f-9f71-2bff3c9df2d1	3	133656801	134875577	781	0.0196
c0325c83-4edc-401f-9f71-2bff3c9df2d1	3	134875674	134876023	2	-2.0688
c0325c83-4edc-401f-9f71-2bff3c9df2d1	3	134876044	145915619	6770	0.005
c0325c83-4edc-401f-9f71-2bff3c9df2d1	3	145924135	145926549	8	-0.9538
c0325c83-4edc-401f-9f71-2bff3c9df2d1	3	145933879	154775592	5510	0.0095
c0325c83-4edc-401f-9f71-2bff3c9df2d1	3	154777163	154778164	5	-1.7422
c0325c83-4edc-401f-9f71-2bff3c9df2d1	3	154778302	162822221	4881	0.0031
c0325c83-4edc-401f-9f71-2bff3c9df2d1	3	162822685	162822702	2	2.2624
c0325c83-4edc-401f-9f71-2bff3c9df2d1	3	162827928	162874570	25	-0.0699
c0325c83-4edc-401f-9f71-2bff3c9df2d1	3	162875836	162908815	25	-0.4663
c0325c83-4edc-401f-9f71-2bff3c9df2d1	3	162910826	193160113	19168	0.0081
c0325c83-4edc-401f-9f71-2bff3c9df2d1	3	193160173	193165114	19	0.8326
c0325c83-4edc-401f-9f71-2bff3c9df2d1	3	193168646	195703252	1497	0.0136
c0325c83-4edc-401f-9f71-2bff3c9df2d1	3	195703918	195747892	31	0.3028
c0325c83-4edc-401f-9f71-2bff3c9df2d1	3	195751823	198169247	1166	0.0019
c0325c83-4edc-401f-9f71-2bff3c9df2d1	4	68929	3597723	1439	0.0116
c0325c83-4edc-401f-9f71-2bff3c9df2d1	4	3598142	3600457	2	-2.0042
c0325c83-4edc-401f-9f71-2bff3c9df2d1	4	3607663	9455251	3718	0.0033
c0325c83-4edc-401f-9f71-2bff3c9df2d1	4	9459504	9463248	3	2.2438
c0325c83-4edc-401f-9f71-2bff3c9df2d1	4	9469529	10208766	543	0.0284
c0325c83-4edc-401f-9f71-2bff3c9df2d1	4	10221792	10233644	35	-2.0743
c0325c83-4edc-401f-9f71-2bff3c9df2d1	4	10234518	10390730	172	-0.0112
c0325c83-4edc-401f-9f71-2bff3c9df2d1	4	10391530	10401094	16	0.3807
c0325c83-4edc-401f-9f71-2bff3c9df2d1	4	10401122	19984041	7079	0.0112
c0325c83-4edc-401f-9f71-2bff3c9df2d1	4	19985363	19993871	6	-0.9985
c0325c83-4edc-401f-9f71-2bff3c9df2d1	4	19997847	21289758	883	0.0106
c0325c83-4edc-401f-9f71-2bff3c9df2d1	4	21290590	21290789	2	1.1994
c0325c83-4edc-401f-9f71-2bff3c9df2d1	4	21299086	21367070	51	-0.0287
c0325c83-4edc-401f-9f71-2bff3c9df2d1	4	21370380	21375228	15	-0.5977
c0325c83-4edc-401f-9f71-2bff3c9df2d1	4	21382117	34785368	8757	0.0098
c0325c83-4edc-401f-9f71-2bff3c9df2d1	4	34785527	34823103	35	0.4232
c0325c83-4edc-401f-9f71-2bff3c9df2d1	4	34828250	49214614	8972	0.005
c0325c83-4edc-401f-9f71-2bff3c9df2d1	4	49289175	49289338	2	-1.5285
c0325c83-4edc-401f-9f71-2bff3c9df2d1	4	49295203	56663420	3197	0.0022
c0325c83-4edc-401f-9f71-2bff3c9df2d1	4	56664465	56678865	16	-0.708
c0325c83-4edc-401f-9f71-2bff3c9df2d1	4	56682117	63839646	4387	0.0115
c0325c83-4edc-401f-9f71-2bff3c9df2d1	4	63839797	63842540	14	0.6267
c0325c83-4edc-401f-9f71-2bff3c9df2d1	4	63850713	68378716	2851	0.0086
c0325c83-4edc-401f-9f71-2bff3c9df2d1	4	68389352	68422424	10	-1.0349
c0325c83-4edc-401f-9f71-2bff3c9df2d1	4	68429081	68620261	77	-0.1793
c0325c83-4edc-401f-9f71-2bff3c9df2d1	4	68623617	69261934	317	-0.0078
c0325c83-4edc-401f-9f71-2bff3c9df2d1	4	69262694	69366081	52	-0.7481
c0325c83-4edc-401f-9f71-2bff3c9df2d1	4	69366304	72625798	1923	0.008
c0325c83-4edc-401f-9f71-2bff3c9df2d1	4	72625861	72631733	10	-0.6086
c0325c83-4edc-401f-9f71-2bff3c9df2d1	4	72631963	86054070	8505	0.0074
c0325c83-4edc-401f-9f71-2bff3c9df2d1	4	86054941	86058791	20	-0.7551
c0325c83-4edc-401f-9f71-2bff3c9df2d1	4	86058936	91548852	3374	0.0157
c0325c83-4edc-401f-9f71-2bff3c9df2d1	4	91552163	91557170	6	-1.2008
c0325c83-4edc-401f-9f71-2bff3c9df2d1	4	91560210	132267989	24037	0.0075
c0325c83-4edc-401f-9f71-2bff3c9df2d1	4	132277177	132277486	2	-2.0527
c0325c83-4edc-401f-9f71-2bff3c9df2d1	4	132277997	143790458	7108	0.0087
c0325c83-4edc-401f-9f71-2bff3c9df2d1	4	143790744	143791313	2	-1.5776
c0325c83-4edc-401f-9f71-2bff3c9df2d1	4	143791356	172501371	17682	0.0111
c0325c83-4edc-401f-9f71-2bff3c9df2d1	4	172503796	172507492	7	0.8113
c0325c83-4edc-401f-9f71-2bff3c9df2d1	4	172519981	177675377	3091	0.0042
c0325c83-4edc-401f-9f71-2bff3c9df2d1	4	177675391	177688559	41	-0.877
c0325c83-4edc-401f-9f71-2bff3c9df2d1	4	177690871	188300104	7568	0.0034
c0325c83-4edc-401f-9f71-2bff3c9df2d1	4	188300206	188300285	4	1.262
c0325c83-4edc-401f-9f71-2bff3c9df2d1	4	188301659	190106768	1141	0.0138
c0325c83-4edc-401f-9f71-2bff3c9df2d1	5	15532	661708	296	-0.0053
c0325c83-4edc-401f-9f71-2bff3c9df2d1	5	667335	667394	3	-1.1122
c0325c83-4edc-401f-9f71-2bff3c9df2d1	5	670630	722090	15	0.1173
c0325c83-4edc-401f-9f71-2bff3c9df2d1	5	722281	863682	41	0.6525
c0325c83-4edc-401f-9f71-2bff3c9df2d1	5	866255	2912261	1485	0.001
c0325c83-4edc-401f-9f71-2bff3c9df2d1	5	2915309	2915697	3	-1.422
c0325c83-4edc-401f-9f71-2bff3c9df2d1	5	2918542	4662408	1603	0.0098
c0325c83-4edc-401f-9f71-2bff3c9df2d1	5	4664344	4664757	3	1.3464
c0325c83-4edc-401f-9f71-2bff3c9df2d1	5	4665065	5106067	380	0.0132
c0325c83-4edc-401f-9f71-2bff3c9df2d1	5	5107987	5108102	2	-1.4184
c0325c83-4edc-401f-9f71-2bff3c9df2d1	5	5110169	10884838	5000	0.013
c0325c83-4edc-401f-9f71-2bff3c9df2d1	5	10885258	10885296	2	-1.1476
c0325c83-4edc-401f-9f71-2bff3c9df2d1	5	10885362	11835919	814	0.0152
c0325c83-4edc-401f-9f71-2bff3c9df2d1	5	11837982	11838307	3	-0.8995
c0325c83-4edc-401f-9f71-2bff3c9df2d1	5	11839059	12819201	542	0.0141
c0325c83-4edc-401f-9f71-2bff3c9df2d1	5	12819263	12826538	8	0.7207
c0325c83-4edc-401f-9f71-2bff3c9df2d1	5	12833745	15719241	1976	0.0176
c0325c83-4edc-401f-9f71-2bff3c9df2d1	5	15719966	15720488	9	-0.835
c0325c83-4edc-401f-9f71-2bff3c9df2d1	5	15723237	21136639	3337	0.0149
c0325c83-4edc-401f-9f71-2bff3c9df2d1	5	21136891	21139177	3	-0.7955
c0325c83-4edc-401f-9f71-2bff3c9df2d1	5	21140461	21376735	142	0.0107
c0325c83-4edc-401f-9f71-2bff3c9df2d1	5	21377730	21377744	2	-1.814
c0325c83-4edc-401f-9f71-2bff3c9df2d1	5	21385957	34599911	8174	0.0145
c0325c83-4edc-401f-9f71-2bff3c9df2d1	5	34599942	34599977	3	-1.2766
c0325c83-4edc-401f-9f71-2bff3c9df2d1	5	34600158	58030336	11913	0.0104
c0325c83-4edc-401f-9f71-2bff3c9df2d1	5	58030453	58034492	11	-0.6518
c0325c83-4edc-401f-9f71-2bff3c9df2d1	5	58034507	69550476	7315	0.0002
c0325c83-4edc-401f-9f71-2bff3c9df2d1	5	69571467	69779150	2	2.7407
c0325c83-4edc-401f-9f71-2bff3c9df2d1	5	69779164	181363319	69805	0.0078
c0325c83-4edc-401f-9f71-2bff3c9df2d1	6	149661	294837	124	0.0273
c0325c83-4edc-401f-9f71-2bff3c9df2d1	6	302306	366333	70	0.2434
c0325c83-4edc-401f-9f71-2bff3c9df2d1	6	373453	2602123	1823	0.001
c0325c83-4edc-401f-9f71-2bff3c9df2d1	6	2603943	2604964	4	-1.2335
c0325c83-4edc-401f-9f71-2bff3c9df2d1	6	2608562	9612044	5645	0.0014
c0325c83-4edc-401f-9f71-2bff3c9df2d1	6	9613076	9613364	2	-1.8369
c0325c83-4edc-401f-9f71-2bff3c9df2d1	6	9614502	22000073	9159	0.0097
c0325c83-4edc-401f-9f71-2bff3c9df2d1	6	22000093	22000109	2	-2.188
c0325c83-4edc-401f-9f71-2bff3c9df2d1	6	22003666	23464254	1168	0.0189
c0325c83-4edc-401f-9f71-2bff3c9df2d1	6	23464561	23464782	3	-0.9865
c0325c83-4edc-401f-9f71-2bff3c9df2d1	6	23467617	29869295	3654	0.011
c0325c83-4edc-401f-9f71-2bff3c9df2d1	6	29869410	29933799	36	0.766
c0325c83-4edc-401f-9f71-2bff3c9df2d1	6	29940692	31318528	645	0.0217
c0325c83-4edc-401f-9f71-2bff3c9df2d1	6	31318754	31327629	5	-2.357
c0325c83-4edc-401f-9f71-2bff3c9df2d1	6	31328176	33970222	1368	0.0151
c0325c83-4edc-401f-9f71-2bff3c9df2d1	6	33970966	33974928	7	-1.3125
c0325c83-4edc-401f-9f71-2bff3c9df2d1	6	33976809	35784118	943	0.0147
c0325c83-4edc-401f-9f71-2bff3c9df2d1	6	35784491	35789301	5	-0.6001
c0325c83-4edc-401f-9f71-2bff3c9df2d1	6	35789522	36229927	237	0.0075
c0325c83-4edc-401f-9f71-2bff3c9df2d1	6	36234784	36240706	9	-1.1187
c0325c83-4edc-401f-9f71-2bff3c9df2d1	6	36241846	44674959	5614	0.0036
c0325c83-4edc-401f-9f71-2bff3c9df2d1	6	44675426	44675995	2	-1.5842
c0325c83-4edc-401f-9f71-2bff3c9df2d1	6	44677999	54066353	6083	0.004
c0325c83-4edc-401f-9f71-2bff3c9df2d1	6	54066432	54067057	6	1.2447
c0325c83-4edc-401f-9f71-2bff3c9df2d1	6	54070550	66412376	5443	0.0079
c0325c83-4edc-401f-9f71-2bff3c9df2d1	6	66412602	66413934	7	-0.8983
c0325c83-4edc-401f-9f71-2bff3c9df2d1	6	66416563	73882142	4941	0.0037
c0325c83-4edc-401f-9f71-2bff3c9df2d1	6	73882509	73891694	10	1.039
c0325c83-4edc-401f-9f71-2bff3c9df2d1	6	73893839	76726815	1768	-0.0049
c0325c83-4edc-401f-9f71-2bff3c9df2d1	6	76730151	76742972	20	-0.5534
c0325c83-4edc-401f-9f71-2bff3c9df2d1	6	76743040	77299271	337	-0.0215
c0325c83-4edc-401f-9f71-2bff3c9df2d1	6	77301050	77301685	3	-1.1106
c0325c83-4edc-401f-9f71-2bff3c9df2d1	6	77304438	78253172	638	-0.01
c0325c83-4edc-401f-9f71-2bff3c9df2d1	6	78259348	78329517	114	0.5683
c0325c83-4edc-401f-9f71-2bff3c9df2d1	6	78331916	85829979	4752	0.0072
c0325c83-4edc-401f-9f71-2bff3c9df2d1	6	85837374	85856745	5	-0.8849
c0325c83-4edc-401f-9f71-2bff3c9df2d1	6	85864821	86131583	113	-0.0145
c0325c83-4edc-401f-9f71-2bff3c9df2d1	6	86135097	86136497	2	-1.2716
c0325c83-4edc-401f-9f71-2bff3c9df2d1	6	86137436	92864624	4365	0.0085
c0325c83-4edc-401f-9f71-2bff3c9df2d1	6	92866148	92868912	31	-0.951
c0325c83-4edc-401f-9f71-2bff3c9df2d1	6	92873205	101999700	5465	-0.0013
c0325c83-4edc-401f-9f71-2bff3c9df2d1	6	102001151	102001951	2	-1.292
c0325c83-4edc-401f-9f71-2bff3c9df2d1	6	102006670	103286954	744	-0.0047
c0325c83-4edc-401f-9f71-2bff3c9df2d1	6	103290101	103314186	46	0.6826
c0325c83-4edc-401f-9f71-2bff3c9df2d1	6	103317795	161715127	37761	0.0072
c0325c83-4edc-401f-9f71-2bff3c9df2d1	6	161715360	161715731	3	-1.3607
c0325c83-4edc-401f-9f71-2bff3c9df2d1	6	161716480	166468157	3712	0.0085
c0325c83-4edc-401f-9f71-2bff3c9df2d1	6	166470356	166470613	3	-0.93
c0325c83-4edc-401f-9f71-2bff3c9df2d1	6	166472852	170741917	2698	0.0031
c0325c83-4edc-401f-9f71-2bff3c9df2d1	7	43355	22395161	16061	0.0108
c0325c83-4edc-401f-9f71-2bff3c9df2d1	7	22395853	22396868	2	-3.091
c0325c83-4edc-401f-9f71-2bff3c9df2d1	7	22399135	54318812	22422	0.0059
c0325c83-4edc-401f-9f71-2bff3c9df2d1	7	54318816	54318824	5	-1.5184
c0325c83-4edc-401f-9f71-2bff3c9df2d1	7	54325795	61093309	2046	0.0061
c0325c83-4edc-401f-9f71-2bff3c9df2d1	7	62239187	62265500	11	-0.7075
c0325c83-4edc-401f-9f71-2bff3c9df2d1	7	62271467	65502854	1140	0.0091
c0325c83-4edc-401f-9f71-2bff3c9df2d1	7	65539561	65560736	3	-1.5859
c0325c83-4edc-401f-9f71-2bff3c9df2d1	7	65561579	72022190	3657	0.0178
c0325c83-4edc-401f-9f71-2bff3c9df2d1	7	72024206	72024791	4	-1.1262
c0325c83-4edc-401f-9f71-2bff3c9df2d1	7	72025023	72120751	60	0.0727
c0325c83-4edc-401f-9f71-2bff3c9df2d1	7	72122262	72132596	6	-0.3504
c0325c83-4edc-401f-9f71-2bff3c9df2d1	7	72137766	72139251	5	0.0633
c0325c83-4edc-401f-9f71-2bff3c9df2d1	7	72146680	72150451	3	-1.0508
c0325c83-4edc-401f-9f71-2bff3c9df2d1	7	72150860	76234706	1244	0.0087
c0325c83-4edc-401f-9f71-2bff3c9df2d1	7	76236953	76242162	3	-1.7627
c0325c83-4edc-401f-9f71-2bff3c9df2d1	7	76244576	109801155	20284	0.0089
c0325c83-4edc-401f-9f71-2bff3c9df2d1	7	109801187	109813853	11	0.7485
c0325c83-4edc-401f-9f71-2bff3c9df2d1	7	109813925	110788876	673	0.012
c0325c83-4edc-401f-9f71-2bff3c9df2d1	7	110788955	110792438	6	-0.7289
c0325c83-4edc-401f-9f71-2bff3c9df2d1	7	110792471	111271758	305	0.0239
c0325c83-4edc-401f-9f71-2bff3c9df2d1	7	111272188	111272310	2	-1.2001
c0325c83-4edc-401f-9f71-2bff3c9df2d1	7	111273507	126404920	9047	0.0091
c0325c83-4edc-401f-9f71-2bff3c9df2d1	7	126405428	126406561	12	0.9432
c0325c83-4edc-401f-9f71-2bff3c9df2d1	7	126406822	144735934	11423	0.0114
c0325c83-4edc-401f-9f71-2bff3c9df2d1	7	144738226	144743846	5	-1.4835
c0325c83-4edc-401f-9f71-2bff3c9df2d1	7	144744094	159334314	9401	0.0045
c0325c83-4edc-401f-9f71-2bff3c9df2d1	8	81254	644973	324	-0.0003
c0325c83-4edc-401f-9f71-2bff3c9df2d1	8	645220	645908	8	1.0891
c0325c83-4edc-401f-9f71-2bff3c9df2d1	8	656117	2084312	1083	0.013
c0325c83-4edc-401f-9f71-2bff3c9df2d1	8	2088664	2088956	4	-0.9016
c0325c83-4edc-401f-9f71-2bff3c9df2d1	8	2091610	2844412	620	0.0066
c0325c83-4edc-401f-9f71-2bff3c9df2d1	8	2846011	2846377	7	0.7583
c0325c83-4edc-401f-9f71-2bff3c9df2d1	8	2849649	4140085	1645	0.014
c0325c83-4edc-401f-9f71-2bff3c9df2d1	8	4141366	4146769	28	-0.9299
c0325c83-4edc-401f-9f71-2bff3c9df2d1	8	4146976	4308904	352	0.0185
c0325c83-4edc-401f-9f71-2bff3c9df2d1	8	4308968	4309168	3	1.0877
c0325c83-4edc-401f-9f71-2bff3c9df2d1	8	4309259	4330989	78	-0.0044
c0325c83-4edc-401f-9f71-2bff3c9df2d1	8	4331391	4331463	3	1.5812
c0325c83-4edc-401f-9f71-2bff3c9df2d1	8	4332223	6335204	2705	0.0055
c0325c83-4edc-401f-9f71-2bff3c9df2d1	8	6335310	6339060	5	-1.0386
c0325c83-4edc-401f-9f71-2bff3c9df2d1	8	6339150	6376210	52	0.0469
c0325c83-4edc-401f-9f71-2bff3c9df2d1	8	6376396	6378028	7	-1.4133
c0325c83-4edc-401f-9f71-2bff3c9df2d1	8	6380685	7182331	798	-0.0065
c0325c83-4edc-401f-9f71-2bff3c9df2d1	8	7185818	7397588	27	-1.2204
c0325c83-4edc-401f-9f71-2bff3c9df2d1	8	7414835	7838739	18	0.1356
c0325c83-4edc-401f-9f71-2bff3c9df2d1	8	7873171	8139659	24	0.8415
c0325c83-4edc-401f-9f71-2bff3c9df2d1	8	8196822	12323772	3232	0.0068
c0325c83-4edc-401f-9f71-2bff3c9df2d1	8	12358500	12389977	28	0.3753
c0325c83-4edc-401f-9f71-2bff3c9df2d1	8	12418301	13745967	1064	0.0106
c0325c83-4edc-401f-9f71-2bff3c9df2d1	8	13752159	13752181	2	-1.3294
c0325c83-4edc-401f-9f71-2bff3c9df2d1	8	13752255	13947089	236	-0.0159
c0325c83-4edc-401f-9f71-2bff3c9df2d1	8	13947497	13957728	11	-0.4737
c0325c83-4edc-401f-9f71-2bff3c9df2d1	8	13957826	16404726	2223	0.0228
c0325c83-4edc-401f-9f71-2bff3c9df2d1	8	16404738	16417152	27	-0.7747
c0325c83-4edc-401f-9f71-2bff3c9df2d1	8	16421186	23544795	5715	0.007
c0325c83-4edc-401f-9f71-2bff3c9df2d1	8	23550227	23552812	7	-0.7742
c0325c83-4edc-401f-9f71-2bff3c9df2d1	8	23552922	25117007	1139	-0.0007
c0325c83-4edc-401f-9f71-2bff3c9df2d1	8	25117062	25126818	24	1.022
c0325c83-4edc-401f-9f71-2bff3c9df2d1	8	25133589	39373140	9019	0.0101
c0325c83-4edc-401f-9f71-2bff3c9df2d1	8	39378084	39530780	60	0.7516
c0325c83-4edc-401f-9f71-2bff3c9df2d1	8	39531260	50119451	4581	0.013
c0325c83-4edc-401f-9f71-2bff3c9df2d1	8	50119464	50119827	7	-2.4238
c0325c83-4edc-401f-9f71-2bff3c9df2d1	8	50120863	94545324	27150	0.0126
c0325c83-4edc-401f-9f71-2bff3c9df2d1	8	94545374	94545764	6	1.2396
c0325c83-4edc-401f-9f71-2bff3c9df2d1	8	94545887	96672136	1568	0.0134
c0325c83-4edc-401f-9f71-2bff3c9df2d1	8	96675947	96721787	20	-0.3731
c0325c83-4edc-401f-9f71-2bff3c9df2d1	8	96725939	102980362	3686	0.0121
c0325c83-4edc-401f-9f71-2bff3c9df2d1	8	102982683	102985207	3	-1.1924
c0325c83-4edc-401f-9f71-2bff3c9df2d1	8	102986318	105103510	1270	0.0055
c0325c83-4edc-401f-9f71-2bff3c9df2d1	8	105105855	105106416	4	-0.9783
c0325c83-4edc-401f-9f71-2bff3c9df2d1	8	105107199	106840278	1066	0.0141
c0325c83-4edc-401f-9f71-2bff3c9df2d1	8	106846291	106848098	13	-0.7039
c0325c83-4edc-401f-9f71-2bff3c9df2d1	8	106850042	111279265	2638	0.0008
c0325c83-4edc-401f-9f71-2bff3c9df2d1	8	111282050	111283031	10	1.1741
c0325c83-4edc-401f-9f71-2bff3c9df2d1	8	111288052	113926866	1429	0.007
c0325c83-4edc-401f-9f71-2bff3c9df2d1	8	113927096	113927162	2	-1.1064
c0325c83-4edc-401f-9f71-2bff3c9df2d1	8	113931451	114619207	391	0.0417
c0325c83-4edc-401f-9f71-2bff3c9df2d1	8	114619814	114629502	36	-0.6436
c0325c83-4edc-401f-9f71-2bff3c9df2d1	8	114638468	120800949	4183	0.01
c0325c83-4edc-401f-9f71-2bff3c9df2d1	8	120802573	120802992	3	-1.0697
c0325c83-4edc-401f-9f71-2bff3c9df2d1	8	120805883	129111967	5835	0.0038
c0325c83-4edc-401f-9f71-2bff3c9df2d1	8	129113143	129132280	11	-0.6597
c0325c83-4edc-401f-9f71-2bff3c9df2d1	8	129134311	135999391	5351	0.0082
c0325c83-4edc-401f-9f71-2bff3c9df2d1	8	136000593	136001345	4	-1.0034
c0325c83-4edc-401f-9f71-2bff3c9df2d1	8	136001899	143616987	5166	0.015
c0325c83-4edc-401f-9f71-2bff3c9df2d1	8	143622987	143625638	9	-0.6206
c0325c83-4edc-401f-9f71-2bff3c9df2d1	8	143636819	145072769	504	0.0248
c0325c83-4edc-401f-9f71-2bff3c9df2d1	9	46587	11967994	11234	0.0133
c0325c83-4edc-401f-9f71-2bff3c9df2d1	9	11975285	11975492	3	-2.4384
c0325c83-4edc-401f-9f71-2bff3c9df2d1	9	11978913	21954954	8247	0.0117
c0325c83-4edc-401f-9f71-2bff3c9df2d1	9	21956079	21956231	2	-1.6041
c0325c83-4edc-401f-9f71-2bff3c9df2d1	9	21956344	22492890	358	-0.0043
c0325c83-4edc-401f-9f71-2bff3c9df2d1	9	22501914	22502700	2	1.1895
c0325c83-4edc-401f-9f71-2bff3c9df2d1	9	22509341	23361807	581	0.0115
c0325c83-4edc-401f-9f71-2bff3c9df2d1	9	23363117	23380447	11	0.5279
c0325c83-4edc-401f-9f71-2bff3c9df2d1	9	23380836	34643291	8090	0.0114
c0325c83-4edc-401f-9f71-2bff3c9df2d1	9	34649053	34649458	3	-1.2503
c0325c83-4edc-401f-9f71-2bff3c9df2d1	9	34652900	36894154	1246	0.0126
c0325c83-4edc-401f-9f71-2bff3c9df2d1	9	36894590	36894636	2	-1.7534
c0325c83-4edc-401f-9f71-2bff3c9df2d1	9	36894840	36895664	5	-0.3277
c0325c83-4edc-401f-9f71-2bff3c9df2d1	9	36896146	39481878	1391	0.0131
c0325c83-4edc-401f-9f71-2bff3c9df2d1	9	39483251	39807498	14	-0.4025
c0325c83-4edc-401f-9f71-2bff3c9df2d1	9	39827488	40099921	6	0.8904
c0325c83-4edc-401f-9f71-2bff3c9df2d1	9	40189830	40922005	13	-0.0204
c0325c83-4edc-401f-9f71-2bff3c9df2d1	9	40926319	41388367	46	-0.4469
c0325c83-4edc-401f-9f71-2bff3c9df2d1	9	41388379	41644133	27	0.047
c0325c83-4edc-401f-9f71-2bff3c9df2d1	9	41644288	42574420	49	-0.2635
c0325c83-4edc-401f-9f71-2bff3c9df2d1	9	42585140	42726239	13	0.695
c0325c83-4edc-401f-9f71-2bff3c9df2d1	9	42727685	64480563	164	0.1378
c0325c83-4edc-401f-9f71-2bff3c9df2d1	9	64480573	64507211	10	-0.9383
c0325c83-4edc-401f-9f71-2bff3c9df2d1	9	64510407	67135566	51	-0.2293
c0325c83-4edc-401f-9f71-2bff3c9df2d1	9	67149991	69413658	887	0.0219
c0325c83-4edc-401f-9f71-2bff3c9df2d1	9	69420283	69434112	16	0.6271
c0325c83-4edc-401f-9f71-2bff3c9df2d1	9	69434688	69493369	58	0.0102
c0325c83-4edc-401f-9f71-2bff3c9df2d1	9	69493524	69493646	7	1.3389
c0325c83-4edc-401f-9f71-2bff3c9df2d1	9	69493659	127237979	41130	0.0069
c0325c83-4edc-401f-9f71-2bff3c9df2d1	9	127238771	127240343	3	-2.2902
c0325c83-4edc-401f-9f71-2bff3c9df2d1	9	127240351	133894465	3893	0.0117
c0325c83-4edc-401f-9f71-2bff3c9df2d1	9	133896550	133897678	6	-1.1832
c0325c83-4edc-401f-9f71-2bff3c9df2d1	9	133899710	135319522	834	0.001
c0325c83-4edc-401f-9f71-2bff3c9df2d1	9	135322259	135323776	2	-1.8752
c0325c83-4edc-401f-9f71-2bff3c9df2d1	9	135324566	138200944	1109	-0.0086
c0325c83-4edc-401f-9f71-2bff3c9df2d1	10	45792	4197915	3525	0.0094
c0325c83-4edc-401f-9f71-2bff3c9df2d1	10	4198530	4199380	4	-1.5625
c0325c83-4edc-401f-9f71-2bff3c9df2d1	10	4201806	4248622	46	0.0128
c0325c83-4edc-401f-9f71-2bff3c9df2d1	10	4248646	4248732	2	1.1832
c0325c83-4edc-401f-9f71-2bff3c9df2d1	10	4248824	4394981	195	0.0232
c0325c83-4edc-401f-9f71-2bff3c9df2d1	10	4396937	4397494	6	-0.7163
c0325c83-4edc-401f-9f71-2bff3c9df2d1	10	4401637	6369109	1620	0.0137
c0325c83-4edc-401f-9f71-2bff3c9df2d1	10	6369253	6369519	6	1.0838
c0325c83-4edc-401f-9f71-2bff3c9df2d1	10	6376792	12794602	5308	0.0105
c0325c83-4edc-401f-9f71-2bff3c9df2d1	10	12794752	12794840	2	-1.3793
c0325c83-4edc-401f-9f71-2bff3c9df2d1	10	12795443	17885034	4143	0.0154
c0325c83-4edc-401f-9f71-2bff3c9df2d1	10	17896194	17907840	2	-2.0742
c0325c83-4edc-401f-9f71-2bff3c9df2d1	10	17910884	24088745	4343	0.0123
c0325c83-4edc-401f-9f71-2bff3c9df2d1	10	24088746	24090110	14	0.4706
c0325c83-4edc-401f-9f71-2bff3c9df2d1	10	24091731	26934974	1981	0.0183
c0325c83-4edc-401f-9f71-2bff3c9df2d1	10	26936975	26941064	14	0.8482
c0325c83-4edc-401f-9f71-2bff3c9df2d1	10	26941746	34464864	5401	0.0173
c0325c83-4edc-401f-9f71-2bff3c9df2d1	10	34465788	34465826	2	-1.3925
c0325c83-4edc-401f-9f71-2bff3c9df2d1	10	34467788	46836986	5127	0.0086
c0325c83-4edc-401f-9f71-2bff3c9df2d1	10	46898735	46901552	2	2.7058
c0325c83-4edc-401f-9f71-2bff3c9df2d1	10	46967412	47066259	12	-0.7309
c0325c83-4edc-401f-9f71-2bff3c9df2d1	10	47075763	50150838	1672	-0.0072
c0325c83-4edc-401f-9f71-2bff3c9df2d1	10	50178219	50210870	2	1.3728
c0325c83-4edc-401f-9f71-2bff3c9df2d1	10	50222104	53316941	2410	0.0063
c0325c83-4edc-401f-9f71-2bff3c9df2d1	10	53317022	53329069	5	-1.084
c0325c83-4edc-401f-9f71-2bff3c9df2d1	10	53333771	58012787	3446	0.0035
c0325c83-4edc-401f-9f71-2bff3c9df2d1	10	58015004	58015028	2	-2.9246
c0325c83-4edc-401f-9f71-2bff3c9df2d1	10	58017816	79624118	14396	0.0074
c0325c83-4edc-401f-9f71-2bff3c9df2d1	10	79624128	79737848	13	-1.1065
c0325c83-4edc-401f-9f71-2bff3c9df2d1	10	79747269	82362026	1799	0.0114
c0325c83-4edc-401f-9f71-2bff3c9df2d1	10	82363137	82364569	2	-2.0036
c0325c83-4edc-401f-9f71-2bff3c9df2d1	10	82369899	90699854	5882	0.0045
c0325c83-4edc-401f-9f71-2bff3c9df2d1	10	90700170	90703534	5	-0.8078
c0325c83-4edc-401f-9f71-2bff3c9df2d1	10	90711823	95109306	2558	0.0089
c0325c83-4edc-401f-9f71-2bff3c9df2d1	10	95109317	95109949	5	-0.8244
c0325c83-4edc-401f-9f71-2bff3c9df2d1	10	95115957	127102428	22041	0.01
c0325c83-4edc-401f-9f71-2bff3c9df2d1	10	127103267	127103345	2	1.2576
c0325c83-4edc-401f-9f71-2bff3c9df2d1	10	127105736	128791470	1369	-0.0059
c0325c83-4edc-401f-9f71-2bff3c9df2d1	10	128792056	128792058	2	-1.3955
c0325c83-4edc-401f-9f71-2bff3c9df2d1	10	128795708	130518333	1369	-0.0018
c0325c83-4edc-401f-9f71-2bff3c9df2d1	10	130520290	130521845	5	-0.9379
c0325c83-4edc-401f-9f71-2bff3c9df2d1	10	130525001	130862026	324	-0.0171
c0325c83-4edc-401f-9f71-2bff3c9df2d1	10	130862896	130864908	5	-0.8197
c0325c83-4edc-401f-9f71-2bff3c9df2d1	10	130870526	133654968	1622	0.0083
c0325c83-4edc-401f-9f71-2bff3c9df2d1	11	198510	4946420	2419	0.0087
c0325c83-4edc-401f-9f71-2bff3c9df2d1	11	4947280	4954475	28	0.6581
c0325c83-4edc-401f-9f71-2bff3c9df2d1	11	4955027	5766175	785	0.0071
c0325c83-4edc-401f-9f71-2bff3c9df2d1	11	5766850	5788231	34	0.411
c0325c83-4edc-401f-9f71-2bff3c9df2d1	11	5791130	7788131	1497	0.0059
c0325c83-4edc-401f-9f71-2bff3c9df2d1	11	7791493	7820250	11	-0.5527
c0325c83-4edc-401f-9f71-2bff3c9df2d1	11	7822226	54924229	29475	0.0108
c0325c83-4edc-401f-9f71-2bff3c9df2d1	11	54933825	54934156	3	-2.055
c0325c83-4edc-401f-9f71-2bff3c9df2d1	11	54940988	81159261	14260	0.01
c0325c83-4edc-401f-9f71-2bff3c9df2d1	11	81161451	81167925	44	-0.951
c0325c83-4edc-401f-9f71-2bff3c9df2d1	11	81167962	107353063	18339	0.0088
c0325c83-4edc-401f-9f71-2bff3c9df2d1	11	107353389	107353673	4	-3.5818
c0325c83-4edc-401f-9f71-2bff3c9df2d1	11	107356630	107359993	13	0.0812
c0325c83-4edc-401f-9f71-2bff3c9df2d1	11	107367930	107368402	7	-2.5518
c0325c83-4edc-401f-9f71-2bff3c9df2d1	11	107381636	112383675	3150	0.0033
c0325c83-4edc-401f-9f71-2bff3c9df2d1	11	112388417	112390702	9	-0.9379
c0325c83-4edc-401f-9f71-2bff3c9df2d1	11	112391912	123650732	8083	0.0045
c0325c83-4edc-401f-9f71-2bff3c9df2d1	11	123652013	123652399	4	-2.5277
c0325c83-4edc-401f-9f71-2bff3c9df2d1	11	123652650	135074876	8683	-0.0007
c0325c83-4edc-401f-9f71-2bff3c9df2d1	12	51460	8289689	5562	0.0012
c0325c83-4edc-401f-9f71-2bff3c9df2d1	12	8296516	8296621	2	2.1773
c0325c83-4edc-401f-9f71-2bff3c9df2d1	12	8300870	9477960	612	0.0128
c0325c83-4edc-401f-9f71-2bff3c9df2d1	12	9481274	9575696	24	0.8599
c0325c83-4edc-401f-9f71-2bff3c9df2d1	12	9582373	10065611	382	0.0261
c0325c83-4edc-401f-9f71-2bff3c9df2d1	12	10067286	10067555	3	-1.0532
c0325c83-4edc-401f-9f71-2bff3c9df2d1	12	10068722	10430768	248	0.0087
c0325c83-4edc-401f-9f71-2bff3c9df2d1	12	10434196	10443207	4	-1.3972
c0325c83-4edc-401f-9f71-2bff3c9df2d1	12	10446203	20991368	7097	0.0103
c0325c83-4edc-401f-9f71-2bff3c9df2d1	12	20991497	20991572	3	-0.9856
c0325c83-4edc-401f-9f71-2bff3c9df2d1	12	20991608	30082488	6568	0.0057
c0325c83-4edc-401f-9f71-2bff3c9df2d1	12	30082648	30090642	20	-0.565
c0325c83-4edc-401f-9f71-2bff3c9df2d1	12	30090657	33232895	2332	0.016
c0325c83-4edc-401f-9f71-2bff3c9df2d1	12	33233822	33242483	6	-2.5296
c0325c83-4edc-401f-9f71-2bff3c9df2d1	12	33246118	34040477	500	0.0263
c0325c83-4edc-401f-9f71-2bff3c9df2d1	12	34046945	34057235	10	-0.5828
c0325c83-4edc-401f-9f71-2bff3c9df2d1	12	34059867	37659435	274	-0.0017
c0325c83-4edc-401f-9f71-2bff3c9df2d1	12	37659489	37714251	30	-0.4956
c0325c83-4edc-401f-9f71-2bff3c9df2d1	12	37767650	40356934	1364	0.0054
c0325c83-4edc-401f-9f71-2bff3c9df2d1	12	40357538	40361873	2	-1.2768
c0325c83-4edc-401f-9f71-2bff3c9df2d1	12	40362405	40423713	62	0.0206
c0325c83-4edc-401f-9f71-2bff3c9df2d1	12	40423795	40427676	13	-0.9562
c0325c83-4edc-401f-9f71-2bff3c9df2d1	12	40435353	83763954	26889	0.0031
c0325c83-4edc-401f-9f71-2bff3c9df2d1	12	83766884	83767406	7	-0.7913
c0325c83-4edc-401f-9f71-2bff3c9df2d1	12	83768940	97830247	9101	0.0071
c0325c83-4edc-401f-9f71-2bff3c9df2d1	12	97830412	97831188	3	-0.9423
c0325c83-4edc-401f-9f71-2bff3c9df2d1	12	97834532	99398036	991	-0.0017
c0325c83-4edc-401f-9f71-2bff3c9df2d1	12	99401515	99404956	31	-0.6354
c0325c83-4edc-401f-9f71-2bff3c9df2d1	12	99409315	121097547	14498	0.0093
c0325c83-4edc-401f-9f71-2bff3c9df2d1	12	121098142	121100700	6	-0.9706
c0325c83-4edc-401f-9f71-2bff3c9df2d1	12	121105170	126016597	2670	0.0098
c0325c83-4edc-401f-9f71-2bff3c9df2d1	12	126017243	126021794	9	-1.2296
c0325c83-4edc-401f-9f71-2bff3c9df2d1	12	126023168	127002679	893	0.0136
c0325c83-4edc-401f-9f71-2bff3c9df2d1	12	127006387	127009134	5	-1.099
c0325c83-4edc-401f-9f71-2bff3c9df2d1	12	127010817	133201603	4638	-0.0009
c0325c83-4edc-401f-9f71-2bff3c9df2d1	13	18452809	21321896	1573	0.0228
c0325c83-4edc-401f-9f71-2bff3c9df2d1	13	21322180	21322360	2	2.5604
c0325c83-4edc-401f-9f71-2bff3c9df2d1	13	21322617	21842035	341	-0.0063
c0325c83-4edc-401f-9f71-2bff3c9df2d1	13	21845143	21845865	3	-1.3574
c0325c83-4edc-401f-9f71-2bff3c9df2d1	13	21848162	37119092	11279	0.0099
c0325c83-4edc-401f-9f71-2bff3c9df2d1	13	37119835	37120825	2	-1.9806
c0325c83-4edc-401f-9f71-2bff3c9df2d1	13	37122112	57184136	12830	0.0038
c0325c83-4edc-401f-9f71-2bff3c9df2d1	13	57184155	57204246	33	-2.8423
c0325c83-4edc-401f-9f71-2bff3c9df2d1	13	57215580	63358287	3612	0.0054
c0325c83-4edc-401f-9f71-2bff3c9df2d1	13	63358740	63361271	4	-0.973
c0325c83-4edc-401f-9f71-2bff3c9df2d1	13	63363001	66019708	1608	-0.0023
c0325c83-4edc-401f-9f71-2bff3c9df2d1	13	66022356	66022499	2	-1.3944
c0325c83-4edc-401f-9f71-2bff3c9df2d1	13	66030079	71902850	3769	0.008
c0325c83-4edc-401f-9f71-2bff3c9df2d1	13	71903417	71906418	4	1.2116
c0325c83-4edc-401f-9f71-2bff3c9df2d1	13	71906467	87293833	10167	0.0102
c0325c83-4edc-401f-9f71-2bff3c9df2d1	13	87297492	87310847	9	-1.006
c0325c83-4edc-401f-9f71-2bff3c9df2d1	13	87313676	114342922	18925	0.0078
c0325c83-4edc-401f-9f71-2bff3c9df2d1	14	18239283	19732024	65	0.1169
c0325c83-4edc-401f-9f71-2bff3c9df2d1	14	19732222	19955213	102	0.7313
c0325c83-4edc-401f-9f71-2bff3c9df2d1	14	19956767	22623202	1963	0.0312
c0325c83-4edc-401f-9f71-2bff3c9df2d1	14	22625942	22630304	7	-0.955
c0325c83-4edc-401f-9f71-2bff3c9df2d1	14	22630485	73529070	32113	0.0076
c0325c83-4edc-401f-9f71-2bff3c9df2d1	14	73534419	73554275	9	0.7616
c0325c83-4edc-401f-9f71-2bff3c9df2d1	14	73563196	106258891	20852	0.0045
c0325c83-4edc-401f-9f71-2bff3c9df2d1	14	106260759	106266923	7	-0.7767
c0325c83-4edc-401f-9f71-2bff3c9df2d1	14	106271566	106321086	27	-0.0869
c0325c83-4edc-401f-9f71-2bff3c9df2d1	14	106340102	106346129	7	-1.7083
c0325c83-4edc-401f-9f71-2bff3c9df2d1	14	106360014	106877229	274	0.072
c0325c83-4edc-401f-9f71-2bff3c9df2d1	15	19811075	20001686	45	-0.0509
c0325c83-4edc-401f-9f71-2bff3c9df2d1	15	20011702	20376311	50	0.3031
c0325c83-4edc-401f-9f71-2bff3c9df2d1	15	20380735	20381704	10	0.8446
c0325c83-4edc-401f-9f71-2bff3c9df2d1	15	20384774	20538669	29	0.2782
c0325c83-4edc-401f-9f71-2bff3c9df2d1	15	20614765	20670989	17	0.1021
c0325c83-4edc-401f-9f71-2bff3c9df2d1	15	20981071	20982677	2	-1.8776
c0325c83-4edc-401f-9f71-2bff3c9df2d1	15	20986779	27673477	3420	0.0236
c0325c83-4edc-401f-9f71-2bff3c9df2d1	15	27674351	27682660	13	-1.0218
c0325c83-4edc-401f-9f71-2bff3c9df2d1	15	27683648	30077828	1240	0.0116
c0325c83-4edc-401f-9f71-2bff3c9df2d1	15	30094208	30284526	20	-0.7245
c0325c83-4edc-401f-9f71-2bff3c9df2d1	15	30291233	30515739	16	-1.9036
c0325c83-4edc-401f-9f71-2bff3c9df2d1	15	30595753	32220019	1057	0.0097
c0325c83-4edc-401f-9f71-2bff3c9df2d1	15	32239115	32323432	8	-0.9839
c0325c83-4edc-401f-9f71-2bff3c9df2d1	15	32339520	34669684	1646	0.0243
c0325c83-4edc-401f-9f71-2bff3c9df2d1	15	34670007	34670334	3	0.9031
c0325c83-4edc-401f-9f71-2bff3c9df2d1	15	34670650	40556152	4133	0.0141
c0325c83-4edc-401f-9f71-2bff3c9df2d1	15	40557499	40557629	2	-1.5921
c0325c83-4edc-401f-9f71-2bff3c9df2d1	15	40559556	101928837	39850	0.0122
c0325c83-4edc-401f-9f71-2bff3c9df2d1	16	10777	12612073	9518	0.0103
c0325c83-4edc-401f-9f71-2bff3c9df2d1	16	12612189	12613101	8	-0.7845
c0325c83-4edc-401f-9f71-2bff3c9df2d1	16	12613522	12688317	91	0.0084
c0325c83-4edc-401f-9f71-2bff3c9df2d1	16	12689628	12689678	2	-1.4157
c0325c83-4edc-401f-9f71-2bff3c9df2d1	16	12690077	14885112	1496	0.0143
c0325c83-4edc-401f-9f71-2bff3c9df2d1	16	14887120	15022400	54	0.3018
c0325c83-4edc-401f-9f71-2bff3c9df2d1	16	15031584	15176361	40	0.0341
c0325c83-4edc-401f-9f71-2bff3c9df2d1	16	15184961	15222869	6	-0.7872
c0325c83-4edc-401f-9f71-2bff3c9df2d1	16	15257825	32081442	8760	0.0163
c0325c83-4edc-401f-9f71-2bff3c9df2d1	16	32113010	33340712	43	-0.4986
c0325c83-4edc-401f-9f71-2bff3c9df2d1	16	33640096	55762682	6926	0.0099
c0325c83-4edc-401f-9f71-2bff3c9df2d1	16	55764310	55764867	3	3.3515
c0325c83-4edc-401f-9f71-2bff3c9df2d1	16	55770436	55775312	6	0.8796
c0325c83-4edc-401f-9f71-2bff3c9df2d1	16	55775554	55788532	9	0.4151
c0325c83-4edc-401f-9f71-2bff3c9df2d1	16	55808442	59251879	2121	0.0136
c0325c83-4edc-401f-9f71-2bff3c9df2d1	16	59254423	59254613	3	-1.059
c0325c83-4edc-401f-9f71-2bff3c9df2d1	16	59255189	75339870	9494	0.0101
c0325c83-4edc-401f-9f71-2bff3c9df2d1	16	75340131	75343801	2	-1.4756
c0325c83-4edc-401f-9f71-2bff3c9df2d1	16	75343852	90096867	13299	0.0112
c0325c83-4edc-401f-9f71-2bff3c9df2d1	17	150733	41265456	20823	0.0122
c0325c83-4edc-401f-9f71-2bff3c9df2d1	17	41266762	41274279	24	-0.6408
c0325c83-4edc-401f-9f71-2bff3c9df2d1	17	41276472	46135062	2534	0.0117
c0325c83-4edc-401f-9f71-2bff3c9df2d1	17	46135838	46351954	92	-0.2683
c0325c83-4edc-401f-9f71-2bff3c9df2d1	17	46446345	57610128	7008	0.0123
c0325c83-4edc-401f-9f71-2bff3c9df2d1	17	57610972	57611632	2	1.3779
c0325c83-4edc-401f-9f71-2bff3c9df2d1	17	57614632	65318073	3787	0.0123
c0325c83-4edc-401f-9f71-2bff3c9df2d1	17	65319166	65319878	3	-0.8661
c0325c83-4edc-401f-9f71-2bff3c9df2d1	17	65324866	67445364	1436	0.0122
c0325c83-4edc-401f-9f71-2bff3c9df2d1	17	67445377	67445801	2	-1.2482
c0325c83-4edc-401f-9f71-2bff3c9df2d1	17	67448377	69889125	1454	0.011
c0325c83-4edc-401f-9f71-2bff3c9df2d1	17	69889342	69895785	3	-2.158
c0325c83-4edc-401f-9f71-2bff3c9df2d1	17	69895877	72644523	2209	0.0102
c0325c83-4edc-401f-9f71-2bff3c9df2d1	17	72644687	72654873	16	0.4944
c0325c83-4edc-401f-9f71-2bff3c9df2d1	17	72659982	83091923	5657	0.0135
c0325c83-4edc-401f-9f71-2bff3c9df2d1	18	48133	1948376	1368	0.0052
c0325c83-4edc-401f-9f71-2bff3c9df2d1	18	1948607	1951871	3	-1.0908
c0325c83-4edc-401f-9f71-2bff3c9df2d1	18	1951901	12189118	7508	0.0099
c0325c83-4edc-401f-9f71-2bff3c9df2d1	18	12192232	12228773	12	0.6487
c0325c83-4edc-401f-9f71-2bff3c9df2d1	18	12238864	22436012	2210	0.0113
c0325c83-4edc-401f-9f71-2bff3c9df2d1	18	22436336	22505924	49	0.5086
c0325c83-4edc-401f-9f71-2bff3c9df2d1	18	22508970	31459028	5692	0.008
c0325c83-4edc-401f-9f71-2bff3c9df2d1	18	31461686	31473940	11	-0.4853
c0325c83-4edc-401f-9f71-2bff3c9df2d1	18	31475130	44394853	8324	0.0028
c0325c83-4edc-401f-9f71-2bff3c9df2d1	18	44396921	44398660	6	-0.8645
c0325c83-4edc-401f-9f71-2bff3c9df2d1	18	44402706	58263318	9536	0.0086
c0325c83-4edc-401f-9f71-2bff3c9df2d1	18	58263630	58268730	23	-0.7906
c0325c83-4edc-401f-9f71-2bff3c9df2d1	18	58271707	63653064	3899	0.0134
c0325c83-4edc-401f-9f71-2bff3c9df2d1	18	63655761	63656001	3	-1.3073
c0325c83-4edc-401f-9f71-2bff3c9df2d1	18	63656542	67292086	2501	0.011
c0325c83-4edc-401f-9f71-2bff3c9df2d1	18	67292135	67300028	18	-0.8705
c0325c83-4edc-401f-9f71-2bff3c9df2d1	18	67300481	80257174	9582	0.0033
c0325c83-4edc-401f-9f71-2bff3c9df2d1	19	90910	20411869	8928	0.0231
c0325c83-4edc-401f-9f71-2bff3c9df2d1	19	20413400	20538428	70	-0.7811
c0325c83-4edc-401f-9f71-2bff3c9df2d1	19	20538656	36267995	8171	0.0167
c0325c83-4edc-401f-9f71-2bff3c9df2d1	19	36314803	36315613	2	-1.4692
c0325c83-4edc-401f-9f71-2bff3c9df2d1	19	36316398	36339409	6	-0.0057
c0325c83-4edc-401f-9f71-2bff3c9df2d1	19	36354973	36356596	11	0.5776
c0325c83-4edc-401f-9f71-2bff3c9df2d1	19	36356735	41173219	2518	0.0134
c0325c83-4edc-401f-9f71-2bff3c9df2d1	19	41174480	41192785	6	-0.9633
c0325c83-4edc-401f-9f71-2bff3c9df2d1	19	41196760	42786621	712	0.0112
c0325c83-4edc-401f-9f71-2bff3c9df2d1	19	42790238	43038679	113	-0.9164
c0325c83-4edc-401f-9f71-2bff3c9df2d1	19	43044862	53013829	5187	0.0136
c0325c83-4edc-401f-9f71-2bff3c9df2d1	19	53015494	53048976	22	0.5186
c0325c83-4edc-401f-9f71-2bff3c9df2d1	19	53050987	56690354	2219	0.0195
c0325c83-4edc-401f-9f71-2bff3c9df2d1	19	56694503	56700143	5	-0.9453
c0325c83-4edc-401f-9f71-2bff3c9df2d1	19	56705460	57041718	229	0.0083
c0325c83-4edc-401f-9f71-2bff3c9df2d1	19	57042718	57042807	2	-1.0372
c0325c83-4edc-401f-9f71-2bff3c9df2d1	19	57046484	58586487	920	0.0261
c0325c83-4edc-401f-9f71-2bff3c9df2d1	20	80664	1580156	1199	0.0064
c0325c83-4edc-401f-9f71-2bff3c9df2d1	20	1580276	1601561	39	-0.2927
c0325c83-4edc-401f-9f71-2bff3c9df2d1	20	1609611	1613247	5	-1.5864
c0325c83-4edc-401f-9f71-2bff3c9df2d1	20	1617300	64324800	41137	0.0105
c0325c83-4edc-401f-9f71-2bff3c9df2d1	21	10354168	10459828	18	0.2166
c0325c83-4edc-401f-9f71-2bff3c9df2d1	21	10494350	10559033	35	-0.4082
c0325c83-4edc-401f-9f71-2bff3c9df2d1	21	10568903	32002488	13489	0.0101
c0325c83-4edc-401f-9f71-2bff3c9df2d1	21	32009187	32009351	4	-1.2664
c0325c83-4edc-401f-9f71-2bff3c9df2d1	21	32012006	40918245	6835	0.0086
c0325c83-4edc-401f-9f71-2bff3c9df2d1	21	40919752	40921767	5	-0.9568
c0325c83-4edc-401f-9f71-2bff3c9df2d1	21	40921772	46677045	3484	0.0038
c0325c83-4edc-401f-9f71-2bff3c9df2d1	22	15294547	22398127	3456	0.0207
c0325c83-4edc-401f-9f71-2bff3c9df2d1	22	22398345	22398545	4	0.9919
c0325c83-4edc-401f-9f71-2bff3c9df2d1	22	22402989	24002228	940	0.0177
c0325c83-4edc-401f-9f71-2bff3c9df2d1	22	24005083	24008384	6	-1.007
c0325c83-4edc-401f-9f71-2bff3c9df2d1	22	24009046	33777419	7236	0.0078
c0325c83-4edc-401f-9f71-2bff3c9df2d1	22	33778960	33778986	3	-1.0812
c0325c83-4edc-401f-9f71-2bff3c9df2d1	22	33778998	38282740	3242	0.0131
c0325c83-4edc-401f-9f71-2bff3c9df2d1	22	38284355	38284375	2	1.3479
c0325c83-4edc-401f-9f71-2bff3c9df2d1	22	38287631	38894915	305	0.0096
c0325c83-4edc-401f-9f71-2bff3c9df2d1	22	38899250	38900535	2	1.1087
c0325c83-4edc-401f-9f71-2bff3c9df2d1	22	38900899	39618161	355	0.0382
c0325c83-4edc-401f-9f71-2bff3c9df2d1	22	39619117	39619509	2	-1.7103
c0325c83-4edc-401f-9f71-2bff3c9df2d1	22	39622143	41359044	993	0.0194
c0325c83-4edc-401f-9f71-2bff3c9df2d1	22	41363033	41363322	4	-0.8673
c0325c83-4edc-401f-9f71-2bff3c9df2d1	22	41366447	42501276	599	0.0187
c0325c83-4edc-401f-9f71-2bff3c9df2d1	22	42503434	42559425	25	0.5106
c0325c83-4edc-401f-9f71-2bff3c9df2d1	22	42559782	44421911	1376	0.0082
c0325c83-4edc-401f-9f71-2bff3c9df2d1	22	44422170	44422756	5	-0.9343
c0325c83-4edc-401f-9f71-2bff3c9df2d1	22	44425214	45028479	465	-0.0154
c0325c83-4edc-401f-9f71-2bff3c9df2d1	22	45029654	45029860	3	-1.7181
c0325c83-4edc-401f-9f71-2bff3c9df2d1	22	45029963	49090879	3224	0.0026
c0325c83-4edc-401f-9f71-2bff3c9df2d1	22	49091316	49091605	5	-0.9523
c0325c83-4edc-401f-9f71-2bff3c9df2d1	22	49093113	50796027	1018	-0.0104
c0325c83-4edc-401f-9f71-2bff3c9df2d1	X	251810	16452009	10056	0.0193
c0325c83-4edc-401f-9f71-2bff3c9df2d1	X	16454081	16462476	34	-0.7581
c0325c83-4edc-401f-9f71-2bff3c9df2d1	X	16462535	48001197	18896	0.0082
c0325c83-4edc-401f-9f71-2bff3c9df2d1	X	48020763	48121492	76	-1.0679
c0325c83-4edc-401f-9f71-2bff3c9df2d1	X	48128795	57715898	4094	0.0162
c0325c83-4edc-401f-9f71-2bff3c9df2d1	X	57720205	57725422	2	1.7665
c0325c83-4edc-401f-9f71-2bff3c9df2d1	X	57732094	79697698	7648	0.0129
c0325c83-4edc-401f-9f71-2bff3c9df2d1	X	79699873	79700181	5	-0.8428
c0325c83-4edc-401f-9f71-2bff3c9df2d1	X	79702608	89820506	5773	0.0151
c0325c83-4edc-401f-9f71-2bff3c9df2d1	X	89821377	89821393	2	-1.43
c0325c83-4edc-401f-9f71-2bff3c9df2d1	X	89829762	155952689	37073	0.0097
c0325c83-4edc-401f-9f71-2bff3c9df2d1	Y	2782397	56872112	6640	-1.1303
