GDC_Aliquot	Chromosome	Start	End	Num_Probes	Segment_Mean
e9f6dacc-c812-45f5-8ec1-d70866537325	1	62920	98588	12	-1.0842
e9f6dacc-c812-45f5-8ec1-d70866537325	1	98602	2850406	531	-0.0396
e9f6dacc-c812-45f5-8ec1-d70866537325	1	2853893	16788139	8163	-0.1308
e9f6dacc-c812-45f5-8ec1-d70866537325	1	16855942	16935737	55	-0.5873
e9f6dacc-c812-45f5-8ec1-d70866537325	1	16935752	46680736	16915	-0.1262
e9f6dacc-c812-45f5-8ec1-d70866537325	1	46680779	47599666	528	-0.0962
e9f6dacc-c812-45f5-8ec1-d70866537325	1	47605484	47605505	2	-1.3954
e9f6dacc-c812-45f5-8ec1-d70866537325	1	47605676	72303233	16588	-0.1051
e9f6dacc-c812-45f5-8ec1-d70866537325	1	72303253	72345465	45	-1.1983
e9f6dacc-c812-45f5-8ec1-d70866537325	1	72346221	85996128	8935	-0.1068
e9f6dacc-c812-45f5-8ec1-d70866537325	1	85997467	102190637	10344	-0.5026
e9f6dacc-c812-45f5-8ec1-d70866537325	1	102192088	102387294	157	-3.5078
e9f6dacc-c812-45f5-8ec1-d70866537325	1	102393290	103570265	577	-0.5082
e9f6dacc-c812-45f5-8ec1-d70866537325	1	103570536	105476583	949	-0.0929
e9f6dacc-c812-45f5-8ec1-d70866537325	1	105476614	105479738	15	0.7409
e9f6dacc-c812-45f5-8ec1-d70866537325	1	105479753	109684893	2638	-0.107
e9f6dacc-c812-45f5-8ec1-d70866537325	1	109690352	109697556	13	1.1351
e9f6dacc-c812-45f5-8ec1-d70866537325	1	109702376	112147704	1951	-0.1213
e9f6dacc-c812-45f5-8ec1-d70866537325	1	112153343	112154552	19	-0.651
e9f6dacc-c812-45f5-8ec1-d70866537325	1	112154566	143546851	5176	-0.1059
e9f6dacc-c812-45f5-8ec1-d70866537325	1	143547055	144432313	124	-0.5409
e9f6dacc-c812-45f5-8ec1-d70866537325	1	144442092	152583051	2314	0.2898
e9f6dacc-c812-45f5-8ec1-d70866537325	1	152583230	152614118	35	1.3594
e9f6dacc-c812-45f5-8ec1-d70866537325	1	152618018	152787202	167	0.2639
e9f6dacc-c812-45f5-8ec1-d70866537325	1	152789447	152796224	37	0.6543
e9f6dacc-c812-45f5-8ec1-d70866537325	1	152801429	153402908	486	0.2967
e9f6dacc-c812-45f5-8ec1-d70866537325	1	153405027	161648901	4783	0.4885
e9f6dacc-c812-45f5-8ec1-d70866537325	1	161649069	161649268	6	1.1154
e9f6dacc-c812-45f5-8ec1-d70866537325	1	161678447	162946172	1093	0.4995
e9f6dacc-c812-45f5-8ec1-d70866537325	1	162946802	167795598	3805	0.524
e9f6dacc-c812-45f5-8ec1-d70866537325	1	167796946	167797682	4	-0.387
e9f6dacc-c812-45f5-8ec1-d70866537325	1	167799276	179470495	7806	0.525
e9f6dacc-c812-45f5-8ec1-d70866537325	1	179476998	179478146	2	-0.9795
e9f6dacc-c812-45f5-8ec1-d70866537325	1	179478408	185444970	4043	0.5245
e9f6dacc-c812-45f5-8ec1-d70866537325	1	185447538	185447580	2	-0.7899
e9f6dacc-c812-45f5-8ec1-d70866537325	1	185451592	189679027	2709	0.5386
e9f6dacc-c812-45f5-8ec1-d70866537325	1	189679353	189679397	2	-2.438
e9f6dacc-c812-45f5-8ec1-d70866537325	1	189682917	196069715	4325	0.5441
e9f6dacc-c812-45f5-8ec1-d70866537325	1	196070413	196605188	308	0.4523
e9f6dacc-c812-45f5-8ec1-d70866537325	1	196607728	196745743	105	0.5645
e9f6dacc-c812-45f5-8ec1-d70866537325	1	196758720	196846661	61	0.8184
e9f6dacc-c812-45f5-8ec1-d70866537325	1	196847600	198335406	820	0.5516
e9f6dacc-c812-45f5-8ec1-d70866537325	1	198337730	198338649	3	-0.7422
e9f6dacc-c812-45f5-8ec1-d70866537325	1	198342229	199142235	553	0.5223
e9f6dacc-c812-45f5-8ec1-d70866537325	1	199142298	199144712	8	-0.2564
e9f6dacc-c812-45f5-8ec1-d70866537325	1	199145110	208519172	6270	0.5083
e9f6dacc-c812-45f5-8ec1-d70866537325	1	208519411	222388960	9874	0.5389
e9f6dacc-c812-45f5-8ec1-d70866537325	1	222389936	248930189	18298	0.5169
e9f6dacc-c812-45f5-8ec1-d70866537325	2	12784	4168862	2993	-0.0284
e9f6dacc-c812-45f5-8ec1-d70866537325	2	4168879	4175577	31	-0.3561
e9f6dacc-c812-45f5-8ec1-d70866537325	2	4175922	6259887	1808	-0.0133
e9f6dacc-c812-45f5-8ec1-d70866537325	2	6261777	6262028	2	-1.4615
e9f6dacc-c812-45f5-8ec1-d70866537325	2	6262164	9037075	2210	-0.0141
e9f6dacc-c812-45f5-8ec1-d70866537325	2	9045183	9045247	2	-1.6059
e9f6dacc-c812-45f5-8ec1-d70866537325	2	9048359	27216883	12312	-0.009
e9f6dacc-c812-45f5-8ec1-d70866537325	2	27218434	27218632	3	-1.29
e9f6dacc-c812-45f5-8ec1-d70866537325	2	27219036	34460213	4730	-0.0003
e9f6dacc-c812-45f5-8ec1-d70866537325	2	34466002	34511990	47	-0.5363
e9f6dacc-c812-45f5-8ec1-d70866537325	2	34512096	35750907	872	-0.0126
e9f6dacc-c812-45f5-8ec1-d70866537325	2	35752724	35772438	9	-1.7545
e9f6dacc-c812-45f5-8ec1-d70866537325	2	35775353	37638553	1467	-0.0178
e9f6dacc-c812-45f5-8ec1-d70866537325	2	37638631	38822999	891	0.054
e9f6dacc-c812-45f5-8ec1-d70866537325	2	38823725	47119429	6182	-0.0142
e9f6dacc-c812-45f5-8ec1-d70866537325	2	47123589	47128137	8	-0.9314
e9f6dacc-c812-45f5-8ec1-d70866537325	2	47132527	52514599	3580	-0.0065
e9f6dacc-c812-45f5-8ec1-d70866537325	2	52516787	52527743	8	-0.8181
e9f6dacc-c812-45f5-8ec1-d70866537325	2	52531615	52554404	33	0.5796
e9f6dacc-c812-45f5-8ec1-d70866537325	2	52560811	87286164	22060	-0.0108
e9f6dacc-c812-45f5-8ec1-d70866537325	2	87287256	87295819	3	-1.6354
e9f6dacc-c812-45f5-8ec1-d70866537325	2	87299357	97537802	1803	-0.0044
e9f6dacc-c812-45f5-8ec1-d70866537325	2	97540809	97545247	3	1.4163
e9f6dacc-c812-45f5-8ec1-d70866537325	2	97545726	106264257	5568	-0.011
e9f6dacc-c812-45f5-8ec1-d70866537325	2	106265083	106268901	10	0.7203
e9f6dacc-c812-45f5-8ec1-d70866537325	2	106270799	106973649	415	-0.0059
e9f6dacc-c812-45f5-8ec1-d70866537325	2	106974194	106976789	3	1.3519
e9f6dacc-c812-45f5-8ec1-d70866537325	2	106977523	128880504	12975	-0.009
e9f6dacc-c812-45f5-8ec1-d70866537325	2	128880904	128882723	14	-1.06
e9f6dacc-c812-45f5-8ec1-d70866537325	2	128882741	137947468	5415	0.0005
e9f6dacc-c812-45f5-8ec1-d70866537325	2	137949022	138061072	69	-0.1983
e9f6dacc-c812-45f5-8ec1-d70866537325	2	138061483	146107675	4948	-0.0063
e9f6dacc-c812-45f5-8ec1-d70866537325	2	146107759	146120842	18	0.3845
e9f6dacc-c812-45f5-8ec1-d70866537325	2	146120874	156564260	6302	-0.0023
e9f6dacc-c812-45f5-8ec1-d70866537325	2	156567172	156822138	144	-0.3266
e9f6dacc-c812-45f5-8ec1-d70866537325	2	156827321	160003640	1957	-0.0115
e9f6dacc-c812-45f5-8ec1-d70866537325	2	160004707	160473750	292	-0.4022
e9f6dacc-c812-45f5-8ec1-d70866537325	2	160477124	160850662	218	-0.0025
e9f6dacc-c812-45f5-8ec1-d70866537325	2	160857045	160858096	3	-0.9693
e9f6dacc-c812-45f5-8ec1-d70866537325	2	160858218	165995334	2897	-0.0016
e9f6dacc-c812-45f5-8ec1-d70866537325	2	165996508	167178005	736	-0.3653
e9f6dacc-c812-45f5-8ec1-d70866537325	2	167183038	172466143	3400	-0.0055
e9f6dacc-c812-45f5-8ec1-d70866537325	2	172466259	173662765	887	-1.1029
e9f6dacc-c812-45f5-8ec1-d70866537325	2	173662829	173674619	18	-0.5745
e9f6dacc-c812-45f5-8ec1-d70866537325	2	173675069	174080229	281	-1.1128
e9f6dacc-c812-45f5-8ec1-d70866537325	2	174089253	181900773	4936	0.195
e9f6dacc-c812-45f5-8ec1-d70866537325	2	181901346	182151848	142	-1.0167
e9f6dacc-c812-45f5-8ec1-d70866537325	2	182151985	206553755	14136	-0.0032
e9f6dacc-c812-45f5-8ec1-d70866537325	2	206554218	207490454	623	-0.3788
e9f6dacc-c812-45f5-8ec1-d70866537325	2	207490614	207491198	5	0.385
e9f6dacc-c812-45f5-8ec1-d70866537325	2	207491271	208223927	433	-0.3604
e9f6dacc-c812-45f5-8ec1-d70866537325	2	208225268	213402193	3374	0.0144
e9f6dacc-c812-45f5-8ec1-d70866537325	2	213402306	213412835	6	-0.5752
e9f6dacc-c812-45f5-8ec1-d70866537325	2	213413897	213416736	7	-1.1773
e9f6dacc-c812-45f5-8ec1-d70866537325	2	213420115	218636156	3377	0.0009
e9f6dacc-c812-45f5-8ec1-d70866537325	2	218637409	218926813	140	-1.0806
e9f6dacc-c812-45f5-8ec1-d70866537325	2	218928766	220389988	895	0.1738
e9f6dacc-c812-45f5-8ec1-d70866537325	2	220390417	220390649	2	1.278
e9f6dacc-c812-45f5-8ec1-d70866537325	2	220397397	220528700	98	0.1977
e9f6dacc-c812-45f5-8ec1-d70866537325	2	220528954	220529671	2	-1.8399
e9f6dacc-c812-45f5-8ec1-d70866537325	2	220534682	224876786	2930	0.1911
e9f6dacc-c812-45f5-8ec1-d70866537325	2	224878251	225040901	144	-1.1553
e9f6dacc-c812-45f5-8ec1-d70866537325	2	225044693	227295665	1470	-0.0014
e9f6dacc-c812-45f5-8ec1-d70866537325	2	227296218	227737902	273	-1.0675
e9f6dacc-c812-45f5-8ec1-d70866537325	2	227738744	228397576	440	0.1768
e9f6dacc-c812-45f5-8ec1-d70866537325	2	228399698	228401658	2	-1.2047
e9f6dacc-c812-45f5-8ec1-d70866537325	2	228404140	229613864	838	0.1871
e9f6dacc-c812-45f5-8ec1-d70866537325	2	229616047	230914061	744	-1.1009
e9f6dacc-c812-45f5-8ec1-d70866537325	2	230924166	232362846	690	-0.0166
e9f6dacc-c812-45f5-8ec1-d70866537325	2	232363014	237260467	3425	-1.103
e9f6dacc-c812-45f5-8ec1-d70866537325	2	237264410	237280175	17	0.0431
e9f6dacc-c812-45f5-8ec1-d70866537325	2	237281890	237758405	359	-1.1721
e9f6dacc-c812-45f5-8ec1-d70866537325	2	237760140	241023430	1936	0.1454
e9f6dacc-c812-45f5-8ec1-d70866537325	2	241024553	241409643	201	-1.1623
e9f6dacc-c812-45f5-8ec1-d70866537325	2	241414289	242147305	273	0.1754
e9f6dacc-c812-45f5-8ec1-d70866537325	3	20930	2802013	2439	-0.0134
e9f6dacc-c812-45f5-8ec1-d70866537325	3	2802382	10598737	6555	0.0249
e9f6dacc-c812-45f5-8ec1-d70866537325	3	10599136	10601207	2	-1.3239
e9f6dacc-c812-45f5-8ec1-d70866537325	3	10603458	45566718	23389	0.0271
e9f6dacc-c812-45f5-8ec1-d70866537325	3	45567406	52821849	3247	-0.0075
e9f6dacc-c812-45f5-8ec1-d70866537325	3	52822440	56521900	2758	0.0348
e9f6dacc-c812-45f5-8ec1-d70866537325	3	56522542	61069477	3444	0.0044
e9f6dacc-c812-45f5-8ec1-d70866537325	3	61070479	84053071	15601	0.0372
e9f6dacc-c812-45f5-8ec1-d70866537325	3	84056282	84057015	2	-3.3577
e9f6dacc-c812-45f5-8ec1-d70866537325	3	84061816	89355967	3027	0.0333
e9f6dacc-c812-45f5-8ec1-d70866537325	3	89356604	89370231	39	-0.3973
e9f6dacc-c812-45f5-8ec1-d70866537325	3	89370771	105059129	6737	0.0299
e9f6dacc-c812-45f5-8ec1-d70866537325	3	105063306	105067700	4	-1.6666
e9f6dacc-c812-45f5-8ec1-d70866537325	3	105067877	108466011	2112	0.0301
e9f6dacc-c812-45f5-8ec1-d70866537325	3	108466026	108822467	193	-0.3042
e9f6dacc-c812-45f5-8ec1-d70866537325	3	108822793	119160442	6546	0.0302
e9f6dacc-c812-45f5-8ec1-d70866537325	3	119160496	119160687	3	-1.0829
e9f6dacc-c812-45f5-8ec1-d70866537325	3	119163758	130035506	6384	0.0167
e9f6dacc-c812-45f5-8ec1-d70866537325	3	130035762	130044855	6	-0.4176
e9f6dacc-c812-45f5-8ec1-d70866537325	3	130047743	130089433	40	0.4782
e9f6dacc-c812-45f5-8ec1-d70866537325	3	130089968	162790480	20272	0.0247
e9f6dacc-c812-45f5-8ec1-d70866537325	3	162794869	162908207	70	0.7574
e9f6dacc-c812-45f5-8ec1-d70866537325	3	162908784	169832971	4013	0.0282
e9f6dacc-c812-45f5-8ec1-d70866537325	3	169834467	169834593	2	-1.4962
e9f6dacc-c812-45f5-8ec1-d70866537325	3	169835193	175362958	3643	0.0165
e9f6dacc-c812-45f5-8ec1-d70866537325	3	175363114	175363437	3	-1.3017
e9f6dacc-c812-45f5-8ec1-d70866537325	3	175363536	189642965	9011	0.0181
e9f6dacc-c812-45f5-8ec1-d70866537325	3	189645889	189653199	12	-1.2462
e9f6dacc-c812-45f5-8ec1-d70866537325	3	189653225	195656271	3996	0.0205
e9f6dacc-c812-45f5-8ec1-d70866537325	3	195663809	195747892	43	0.4215
e9f6dacc-c812-45f5-8ec1-d70866537325	3	195751823	198118700	1151	0.0217
e9f6dacc-c812-45f5-8ec1-d70866537325	3	198119032	198169247	15	-0.5632
e9f6dacc-c812-45f5-8ec1-d70866537325	4	68929	9455251	5159	-0.093
e9f6dacc-c812-45f5-8ec1-d70866537325	4	9459504	9463248	3	1.5879
e9f6dacc-c812-45f5-8ec1-d70866537325	4	9469529	19104311	7327	-0.0651
e9f6dacc-c812-45f5-8ec1-d70866537325	4	19109331	19109887	3	-1.5481
e9f6dacc-c812-45f5-8ec1-d70866537325	4	19112495	34777432	10230	-0.072
e9f6dacc-c812-45f5-8ec1-d70866537325	4	34784878	34822561	37	-0.9975
e9f6dacc-c812-45f5-8ec1-d70866537325	4	34823103	49204422	8975	-0.0773
e9f6dacc-c812-45f5-8ec1-d70866537325	4	49214614	49289338	3	-1.2475
e9f6dacc-c812-45f5-8ec1-d70866537325	4	49295203	61071220	6083	-0.0696
e9f6dacc-c812-45f5-8ec1-d70866537325	4	61075217	61085118	7	-0.9267
e9f6dacc-c812-45f5-8ec1-d70866537325	4	61085147	63831799	1499	-0.0674
e9f6dacc-c812-45f5-8ec1-d70866537325	4	63831812	63850713	27	0.4351
e9f6dacc-c812-45f5-8ec1-d70866537325	4	63851308	68378716	2852	-0.0766
e9f6dacc-c812-45f5-8ec1-d70866537325	4	68389352	68391041	2	1.8129
e9f6dacc-c812-45f5-8ec1-d70866537325	4	68394355	69090632	306	-0.0927
e9f6dacc-c812-45f5-8ec1-d70866537325	4	69093407	69093961	2	1.2187
e9f6dacc-c812-45f5-8ec1-d70866537325	4	69096028	72686146	2109	-0.0682
e9f6dacc-c812-45f5-8ec1-d70866537325	4	72686527	72689721	2	-1.7446
e9f6dacc-c812-45f5-8ec1-d70866537325	4	72693098	139311392	40177	-0.0709
e9f6dacc-c812-45f5-8ec1-d70866537325	4	139312369	139317206	5	-1.6192
e9f6dacc-c812-45f5-8ec1-d70866537325	4	139318541	154881396	9268	-0.0716
e9f6dacc-c812-45f5-8ec1-d70866537325	4	154881853	154881926	3	-3.2466
e9f6dacc-c812-45f5-8ec1-d70866537325	4	154882047	163106515	5382	-0.0706
e9f6dacc-c812-45f5-8ec1-d70866537325	4	163106939	163109121	2	-1.7787
e9f6dacc-c812-45f5-8ec1-d70866537325	4	163117472	171448195	5222	-0.0749
e9f6dacc-c812-45f5-8ec1-d70866537325	4	171453733	171456559	10	0.88
e9f6dacc-c812-45f5-8ec1-d70866537325	4	171456573	188300104	11349	-0.0859
e9f6dacc-c812-45f5-8ec1-d70866537325	4	188300206	188300270	3	1.3128
e9f6dacc-c812-45f5-8ec1-d70866537325	4	188300285	189273964	789	-0.0993
e9f6dacc-c812-45f5-8ec1-d70866537325	4	189274468	189278110	3	-2.7057
e9f6dacc-c812-45f5-8ec1-d70866537325	4	189278617	190106768	350	-0.0907
e9f6dacc-c812-45f5-8ec1-d70866537325	5	15532	733497	322	0.2432
e9f6dacc-c812-45f5-8ec1-d70866537325	5	741924	742574	2	1.7662
e9f6dacc-c812-45f5-8ec1-d70866537325	5	760901	896700	47	0.3129
e9f6dacc-c812-45f5-8ec1-d70866537325	5	905586	908425	2	-3.9214
e9f6dacc-c812-45f5-8ec1-d70866537325	5	913276	12815668	9820	0.2899
e9f6dacc-c812-45f5-8ec1-d70866537325	5	12815753	12838421	13	0.7881
e9f6dacc-c812-45f5-8ec1-d70866537325	5	12849089	15719241	1973	0.2915
e9f6dacc-c812-45f5-8ec1-d70866537325	5	15719966	15720488	9	-0.8025
e9f6dacc-c812-45f5-8ec1-d70866537325	5	15723237	19458679	2386	0.2928
e9f6dacc-c812-45f5-8ec1-d70866537325	5	19458912	19462162	4	-0.5753
e9f6dacc-c812-45f5-8ec1-d70866537325	5	19462729	27525283	4677	0.3058
e9f6dacc-c812-45f5-8ec1-d70866537325	5	27525407	27525913	9	-0.4083
e9f6dacc-c812-45f5-8ec1-d70866537325	5	27527372	34700599	4670	0.2991
e9f6dacc-c812-45f5-8ec1-d70866537325	5	34700960	34701084	2	-1.6612
e9f6dacc-c812-45f5-8ec1-d70866537325	5	34703258	46191782	6728	0.2996
e9f6dacc-c812-45f5-8ec1-d70866537325	5	46195781	46199333	4	-1.1698
e9f6dacc-c812-45f5-8ec1-d70866537325	5	46209197	46271006	15	0.3414
e9f6dacc-c812-45f5-8ec1-d70866537325	5	46271828	46273300	5	1.6273
e9f6dacc-c812-45f5-8ec1-d70866537325	5	46273400	58025819	5077	0.3058
e9f6dacc-c812-45f5-8ec1-d70866537325	5	58030200	58037706	32	1.8718
e9f6dacc-c812-45f5-8ec1-d70866537325	5	58042530	59801097	1382	0.3175
e9f6dacc-c812-45f5-8ec1-d70866537325	5	59806934	68637920	5439	-0.5181
e9f6dacc-c812-45f5-8ec1-d70866537325	5	68645850	68667520	25	0.1702
e9f6dacc-c812-45f5-8ec1-d70866537325	5	68667642	69550476	452	-0.5066
e9f6dacc-c812-45f5-8ec1-d70866537325	5	69571467	69779150	2	1.6958
e9f6dacc-c812-45f5-8ec1-d70866537325	5	69779164	72745584	873	-0.4993
e9f6dacc-c812-45f5-8ec1-d70866537325	5	72749423	102682681	17657	0.2941
e9f6dacc-c812-45f5-8ec1-d70866537325	5	102700073	102867680	116	0.7513
e9f6dacc-c812-45f5-8ec1-d70866537325	5	102874334	104515520	900	0.2978
e9f6dacc-c812-45f5-8ec1-d70866537325	5	104524672	104524903	4	-1.4921
e9f6dacc-c812-45f5-8ec1-d70866537325	5	104525348	106875664	1393	0.2966
e9f6dacc-c812-45f5-8ec1-d70866537325	5	106876971	107837580	775	-0.3104
e9f6dacc-c812-45f5-8ec1-d70866537325	5	107841680	107959044	89	0.2884
e9f6dacc-c812-45f5-8ec1-d70866537325	5	107962367	110643102	1650	-0.3373
e9f6dacc-c812-45f5-8ec1-d70866537325	5	110646882	111232802	373	0.3075
e9f6dacc-c812-45f5-8ec1-d70866537325	5	111234478	113773710	1933	-0.3259
e9f6dacc-c812-45f5-8ec1-d70866537325	5	113773965	116226993	1757	0.3121
e9f6dacc-c812-45f5-8ec1-d70866537325	5	116231996	117518989	1051	-0.3423
e9f6dacc-c812-45f5-8ec1-d70866537325	5	117539668	117540371	3	-1.9422
e9f6dacc-c812-45f5-8ec1-d70866537325	5	117542893	128995853	7447	-0.3382
e9f6dacc-c812-45f5-8ec1-d70866537325	5	128999440	129110155	68	-2.1273
e9f6dacc-c812-45f5-8ec1-d70866537325	5	129125020	134743252	3214	-0.3314
e9f6dacc-c812-45f5-8ec1-d70866537325	5	134751636	135351135	389	0.3028
e9f6dacc-c812-45f5-8ec1-d70866537325	5	135353238	135372115	15	-0.3436
e9f6dacc-c812-45f5-8ec1-d70866537325	5	135377378	135434437	39	0.2717
e9f6dacc-c812-45f5-8ec1-d70866537325	5	135436421	145113996	5788	-0.3444
e9f6dacc-c812-45f5-8ec1-d70866537325	5	145114255	145115001	5	-2.0667
e9f6dacc-c812-45f5-8ec1-d70866537325	5	145115096	156570891	7833	-0.3354
e9f6dacc-c812-45f5-8ec1-d70866537325	5	156574071	156713994	95	0.309
e9f6dacc-c812-45f5-8ec1-d70866537325	5	156714008	156714289	2	-1.0882
e9f6dacc-c812-45f5-8ec1-d70866537325	5	156714703	163338972	4390	0.3005
e9f6dacc-c812-45f5-8ec1-d70866537325	5	163341879	163367441	22	-0.3024
e9f6dacc-c812-45f5-8ec1-d70866537325	5	163369222	164156776	541	0.3033
e9f6dacc-c812-45f5-8ec1-d70866537325	5	164158686	164855385	390	-0.34
e9f6dacc-c812-45f5-8ec1-d70866537325	5	164859664	165225860	224	0.0355
e9f6dacc-c812-45f5-8ec1-d70866537325	5	165229943	167963020	1965	-0.3433
e9f6dacc-c812-45f5-8ec1-d70866537325	5	167965698	168053314	86	0.3173
e9f6dacc-c812-45f5-8ec1-d70866537325	5	168054133	169240257	1004	-0.3273
e9f6dacc-c812-45f5-8ec1-d70866537325	5	169240425	171976745	2007	0.279
e9f6dacc-c812-45f5-8ec1-d70866537325	5	171979021	172132856	109	0.4342
e9f6dacc-c812-45f5-8ec1-d70866537325	5	172133027	175946505	2866	0.2715
e9f6dacc-c812-45f5-8ec1-d70866537325	5	175960543	175999690	8	1.057
e9f6dacc-c812-45f5-8ec1-d70866537325	5	176004572	177724103	726	0.2368
e9f6dacc-c812-45f5-8ec1-d70866537325	5	177730398	177838979	12	-0.3029
e9f6dacc-c812-45f5-8ec1-d70866537325	5	177839225	180766779	1689	0.2614
e9f6dacc-c812-45f5-8ec1-d70866537325	5	180767185	180768522	3	-1.7068
e9f6dacc-c812-45f5-8ec1-d70866537325	5	180769816	180947484	99	0.2803
e9f6dacc-c812-45f5-8ec1-d70866537325	5	180947523	181006225	21	0.8009
e9f6dacc-c812-45f5-8ec1-d70866537325	5	181006264	181363319	168	0.2905
e9f6dacc-c812-45f5-8ec1-d70866537325	6	149661	267622	108	0.1977
e9f6dacc-c812-45f5-8ec1-d70866537325	6	267693	373453	87	-0.1481
e9f6dacc-c812-45f5-8ec1-d70866537325	6	375277	9005502	7080	0.1693
e9f6dacc-c812-45f5-8ec1-d70866537325	6	9007193	9445792	257	-0.1134
e9f6dacc-c812-45f5-8ec1-d70866537325	6	9449627	16565597	5418	0.1759
e9f6dacc-c812-45f5-8ec1-d70866537325	6	16567520	16567942	2	-1.0142
e9f6dacc-c812-45f5-8ec1-d70866537325	6	16568154	19039888	1826	0.1767
e9f6dacc-c812-45f5-8ec1-d70866537325	6	19041950	19042587	3	-0.9522
e9f6dacc-c812-45f5-8ec1-d70866537325	6	19044471	25469306	4681	0.1926
e9f6dacc-c812-45f5-8ec1-d70866537325	6	25475623	27009790	833	0.0822
e9f6dacc-c812-45f5-8ec1-d70866537325	6	27009939	29869295	1366	0.1797
e9f6dacc-c812-45f5-8ec1-d70866537325	6	29869410	29940692	37	0.6578
e9f6dacc-c812-45f5-8ec1-d70866537325	6	29946443	31313046	643	0.1396
e9f6dacc-c812-45f5-8ec1-d70866537325	6	31318499	31327629	7	-1.3257
e9f6dacc-c812-45f5-8ec1-d70866537325	6	31328176	32641650	561	0.1356
e9f6dacc-c812-45f5-8ec1-d70866537325	6	32656527	32658841	6	-1.2636
e9f6dacc-c812-45f5-8ec1-d70866537325	6	32682835	32722250	44	0.3263
e9f6dacc-c812-45f5-8ec1-d70866537325	6	32723020	32723053	3	1.9547
e9f6dacc-c812-45f5-8ec1-d70866537325	6	32732907	32811611	68	0.2332
e9f6dacc-c812-45f5-8ec1-d70866537325	6	32813656	44503611	7347	0.1607
e9f6dacc-c812-45f5-8ec1-d70866537325	6	44503936	48963228	2931	0.1924
e9f6dacc-c812-45f5-8ec1-d70866537325	6	48964092	48967563	3	-2.0296
e9f6dacc-c812-45f5-8ec1-d70866537325	6	48978926	49055576	54	0.1426
e9f6dacc-c812-45f5-8ec1-d70866537325	6	49063224	49063404	2	-1.0818
e9f6dacc-c812-45f5-8ec1-d70866537325	6	49070524	55960697	4469	0.1969
e9f6dacc-c812-45f5-8ec1-d70866537325	6	55961357	55978862	10	-0.9191
e9f6dacc-c812-45f5-8ec1-d70866537325	6	55986080	78253172	11946	0.1928
e9f6dacc-c812-45f5-8ec1-d70866537325	6	78259348	78325468	112	-2.1921
e9f6dacc-c812-45f5-8ec1-d70866537325	6	78329517	103286954	15480	0.1884
e9f6dacc-c812-45f5-8ec1-d70866537325	6	103290101	103314186	46	-0.9036
e9f6dacc-c812-45f5-8ec1-d70866537325	6	103317795	170741917	44191	0.1862
e9f6dacc-c812-45f5-8ec1-d70866537325	7	43355	21153518	15070	0.1808
e9f6dacc-c812-45f5-8ec1-d70866537325	7	21155251	21617512	317	-0.5268
e9f6dacc-c812-45f5-8ec1-d70866537325	7	21634981	22395161	679	0.187
e9f6dacc-c812-45f5-8ec1-d70866537325	7	22395853	22396868	2	-2.3047
e9f6dacc-c812-45f5-8ec1-d70866537325	7	22399135	29628975	5375	0.179
e9f6dacc-c812-45f5-8ec1-d70866537325	7	29631102	29646732	7	-0.7334
e9f6dacc-c812-45f5-8ec1-d70866537325	7	29648549	37380810	5256	0.1856
e9f6dacc-c812-45f5-8ec1-d70866537325	7	37382535	37382595	2	-0.9215
e9f6dacc-c812-45f5-8ec1-d70866537325	7	37387149	38263833	677	0.1866
e9f6dacc-c812-45f5-8ec1-d70866537325	7	38271122	38356875	118	0.3982
e9f6dacc-c812-45f5-8ec1-d70866537325	7	38361356	39037797	530	0.1785
e9f6dacc-c812-45f5-8ec1-d70866537325	7	39037805	39039873	2	1.366
e9f6dacc-c812-45f5-8ec1-d70866537325	7	39040000	46760164	4885	0.1902
e9f6dacc-c812-45f5-8ec1-d70866537325	7	46761623	46761873	4	-0.7896
e9f6dacc-c812-45f5-8ec1-d70866537325	7	46762297	53136307	4702	0.1937
e9f6dacc-c812-45f5-8ec1-d70866537325	7	53136518	53136960	4	-0.5555
e9f6dacc-c812-45f5-8ec1-d70866537325	7	53137348	53151219	23	0.2399
e9f6dacc-c812-45f5-8ec1-d70866537325	7	53154695	53156532	3	-0.7482
e9f6dacc-c812-45f5-8ec1-d70866537325	7	53156879	54305455	841	0.1942
e9f6dacc-c812-45f5-8ec1-d70866537325	7	54318812	54318824	6	1.4871
e9f6dacc-c812-45f5-8ec1-d70866537325	7	54325795	79884497	10423	0.1887
e9f6dacc-c812-45f5-8ec1-d70866537325	7	79887801	82976253	2067	-0.52
e9f6dacc-c812-45f5-8ec1-d70866537325	7	82979988	82980946	5	-1.4631
e9f6dacc-c812-45f5-8ec1-d70866537325	7	82982689	89210466	3877	-0.5267
e9f6dacc-c812-45f5-8ec1-d70866537325	7	89214447	89214538	2	-2.0903
e9f6dacc-c812-45f5-8ec1-d70866537325	7	89218873	90646422	902	-0.5595
e9f6dacc-c812-45f5-8ec1-d70866537325	7	90646551	90886718	157	-0.1591
e9f6dacc-c812-45f5-8ec1-d70866537325	7	90889953	91320301	332	-0.5362
e9f6dacc-c812-45f5-8ec1-d70866537325	7	91320418	91446795	106	-0.1117
e9f6dacc-c812-45f5-8ec1-d70866537325	7	91447172	91541134	45	0.1615
e9f6dacc-c812-45f5-8ec1-d70866537325	7	91542693	91728539	155	-0.106
e9f6dacc-c812-45f5-8ec1-d70866537325	7	91728554	91729718	8	0.4378
e9f6dacc-c812-45f5-8ec1-d70866537325	7	91730021	91765720	48	-0.1349
e9f6dacc-c812-45f5-8ec1-d70866537325	7	91767121	91939161	77	0.2117
e9f6dacc-c812-45f5-8ec1-d70866537325	7	91944763	92159939	95	-0.1337
e9f6dacc-c812-45f5-8ec1-d70866537325	7	92160228	92245372	29	0.234
e9f6dacc-c812-45f5-8ec1-d70866537325	7	92245395	93214376	682	-0.117
e9f6dacc-c812-45f5-8ec1-d70866537325	7	93215582	93467919	147	0.1894
e9f6dacc-c812-45f5-8ec1-d70866537325	7	93468192	94059721	383	0.4211
e9f6dacc-c812-45f5-8ec1-d70866537325	7	94060841	94311102	153	0.8592
e9f6dacc-c812-45f5-8ec1-d70866537325	7	94314923	94812333	280	0.4017
e9f6dacc-c812-45f5-8ec1-d70866537325	7	94812772	94830152	11	1.0046
e9f6dacc-c812-45f5-8ec1-d70866537325	7	94833112	98942500	2415	-0.522
e9f6dacc-c812-45f5-8ec1-d70866537325	7	98945485	99046834	77	0.8838
e9f6dacc-c812-45f5-8ec1-d70866537325	7	99049516	101096524	789	0.745
e9f6dacc-c812-45f5-8ec1-d70866537325	7	101101756	101146230	25	1.1676
e9f6dacc-c812-45f5-8ec1-d70866537325	7	101147163	103741035	1138	0.7712
e9f6dacc-c812-45f5-8ec1-d70866537325	7	103750556	104125272	280	0.6398
e9f6dacc-c812-45f5-8ec1-d70866537325	7	104127457	105044725	679	0.9178
e9f6dacc-c812-45f5-8ec1-d70866537325	7	105046306	105287900	133	1.0882
e9f6dacc-c812-45f5-8ec1-d70866537325	7	105289908	105602470	140	0.93
e9f6dacc-c812-45f5-8ec1-d70866537325	7	105604684	105888857	214	1.4848
e9f6dacc-c812-45f5-8ec1-d70866537325	7	105893716	109793720	2567	-0.5308
e9f6dacc-c812-45f5-8ec1-d70866537325	7	109793728	109813853	37	0.0011
e9f6dacc-c812-45f5-8ec1-d70866537325	7	109813925	113363728	2277	-0.5169
e9f6dacc-c812-45f5-8ec1-d70866537325	7	113365558	115842404	1287	0.1966
e9f6dacc-c812-45f5-8ec1-d70866537325	7	115846157	116294957	336	-0.4894
e9f6dacc-c812-45f5-8ec1-d70866537325	7	116295011	116301612	5	-1.8133
e9f6dacc-c812-45f5-8ec1-d70866537325	7	116303460	119621964	2032	-0.5138
e9f6dacc-c812-45f5-8ec1-d70866537325	7	119623777	119637231	8	1.1195
e9f6dacc-c812-45f5-8ec1-d70866537325	7	119642686	126405502	4089	0.1986
e9f6dacc-c812-45f5-8ec1-d70866537325	7	126405597	126406823	12	-1.2252
e9f6dacc-c812-45f5-8ec1-d70866537325	7	126406824	128165864	1166	0.1722
e9f6dacc-c812-45f5-8ec1-d70866537325	7	128165952	137140493	5666	-0.111
e9f6dacc-c812-45f5-8ec1-d70866537325	7	137147516	137391258	193	0.2044
e9f6dacc-c812-45f5-8ec1-d70866537325	7	137394426	141757176	2724	-0.5222
e9f6dacc-c812-45f5-8ec1-d70866537325	7	141762501	142069843	179	0.1793
e9f6dacc-c812-45f5-8ec1-d70866537325	7	142069880	142092108	32	-0.3932
e9f6dacc-c812-45f5-8ec1-d70866537325	7	142092307	146610733	2608	0.2005
e9f6dacc-c812-45f5-8ec1-d70866537325	7	146611703	150655799	2493	-0.5297
e9f6dacc-c812-45f5-8ec1-d70866537325	7	150655943	151828380	748	0.1681
e9f6dacc-c812-45f5-8ec1-d70866537325	7	151843639	152842423	443	-0.5153
e9f6dacc-c812-45f5-8ec1-d70866537325	7	152859405	153450553	480	0.1631
e9f6dacc-c812-45f5-8ec1-d70866537325	7	153450560	153450627	2	-2.0966
e9f6dacc-c812-45f5-8ec1-d70866537325	7	153450630	154598185	852	0.1677
e9f6dacc-c812-45f5-8ec1-d70866537325	7	154601461	154607903	4	1.0666
e9f6dacc-c812-45f5-8ec1-d70866537325	7	154609120	158142921	2504	0.1699
e9f6dacc-c812-45f5-8ec1-d70866537325	7	158149251	159334314	731	-0.5158
e9f6dacc-c812-45f5-8ec1-d70866537325	8	81254	1418902	897	-0.0121
e9f6dacc-c812-45f5-8ec1-d70866537325	8	1419196	1419436	2	-2.2031
e9f6dacc-c812-45f5-8ec1-d70866537325	8	1419522	2725657	999	0.0073
e9f6dacc-c812-45f5-8ec1-d70866537325	8	2732385	2733520	4	-1.4308
e9f6dacc-c812-45f5-8ec1-d70866537325	8	2737696	2844412	138	-0.0313
e9f6dacc-c812-45f5-8ec1-d70866537325	8	2846011	2846377	7	0.6417
e9f6dacc-c812-45f5-8ec1-d70866537325	8	2849649	4308211	2019	0.001
e9f6dacc-c812-45f5-8ec1-d70866537325	8	4308501	4309665	13	-0.515
e9f6dacc-c812-45f5-8ec1-d70866537325	8	4309863	4919773	881	-0.0075
e9f6dacc-c812-45f5-8ec1-d70866537325	8	4926544	4930955	10	-0.6105
e9f6dacc-c812-45f5-8ec1-d70866537325	8	4931544	7473830	2793	0.0047
e9f6dacc-c812-45f5-8ec1-d70866537325	8	7477487	7838739	9	-1.401
e9f6dacc-c812-45f5-8ec1-d70866537325	8	7873171	8085660	16	-0.1136
e9f6dacc-c812-45f5-8ec1-d70866537325	8	8101440	8139659	8	-0.8265
e9f6dacc-c812-45f5-8ec1-d70866537325	8	8196822	8214781	4	0.7839
e9f6dacc-c812-45f5-8ec1-d70866537325	8	8234503	8426157	181	-0.0056
e9f6dacc-c812-45f5-8ec1-d70866537325	8	8429535	8433847	6	-1.3988
e9f6dacc-c812-45f5-8ec1-d70866537325	8	8434235	12176798	3041	0.0154
e9f6dacc-c812-45f5-8ec1-d70866537325	8	12177488	12418301	31	-0.5221
e9f6dacc-c812-45f5-8ec1-d70866537325	8	12419769	23544795	9282	0.027
e9f6dacc-c812-45f5-8ec1-d70866537325	8	23550227	23550392	6	-1.2417
e9f6dacc-c812-45f5-8ec1-d70866537325	8	23552812	25116961	1139	0.0258
e9f6dacc-c812-45f5-8ec1-d70866537325	8	25117007	25117062	2	-1.1314
e9f6dacc-c812-45f5-8ec1-d70866537325	8	25117985	25126735	22	-2.4017
e9f6dacc-c812-45f5-8ec1-d70866537325	8	25126818	39373140	9024	0.0256
e9f6dacc-c812-45f5-8ec1-d70866537325	8	39378084	39529446	59	0.7162
e9f6dacc-c812-45f5-8ec1-d70866537325	8	39530780	104146156	37693	0.0224
e9f6dacc-c812-45f5-8ec1-d70866537325	8	104147496	104192118	32	-0.5598
e9f6dacc-c812-45f5-8ec1-d70866537325	8	104193453	111282065	4295	0.0302
e9f6dacc-c812-45f5-8ec1-d70866537325	8	111282237	111282852	5	-0.8532
e9f6dacc-c812-45f5-8ec1-d70866537325	8	111282973	111283031	3	-3.3218
e9f6dacc-c812-45f5-8ec1-d70866537325	8	111288052	137882369	18743	0.0213
e9f6dacc-c812-45f5-8ec1-d70866537325	8	137889767	138241562	321	-0.331
e9f6dacc-c812-45f5-8ec1-d70866537325	8	138243490	145072769	3859	0.0144
e9f6dacc-c812-45f5-8ec1-d70866537325	9	46587	5074594	5226	-0.5143
e9f6dacc-c812-45f5-8ec1-d70866537325	9	5074727	5076691	5	-1.5564
e9f6dacc-c812-45f5-8ec1-d70866537325	9	5077915	9085530	3459	-0.5244
e9f6dacc-c812-45f5-8ec1-d70866537325	9	9085698	9291209	177	-0.7421
e9f6dacc-c812-45f5-8ec1-d70866537325	9	9294304	9584471	285	-0.9876
e9f6dacc-c812-45f5-8ec1-d70866537325	9	9584526	9746909	116	-0.7917
e9f6dacc-c812-45f5-8ec1-d70866537325	9	9747032	12749216	2578	-0.5037
e9f6dacc-c812-45f5-8ec1-d70866537325	9	12757059	13225509	319	-0.0927
e9f6dacc-c812-45f5-8ec1-d70866537325	9	13226503	21784823	7220	-0.4991
e9f6dacc-c812-45f5-8ec1-d70866537325	9	21785019	27152104	3713	-2.256
e9f6dacc-c812-45f5-8ec1-d70866537325	9	27152211	28970502	1569	-2.6058
e9f6dacc-c812-45f5-8ec1-d70866537325	9	28972318	29875105	612	-2.2896
e9f6dacc-c812-45f5-8ec1-d70866537325	9	29887128	39214987	5828	-0.5047
e9f6dacc-c812-45f5-8ec1-d70866537325	9	39242280	39455614	11	0.237
e9f6dacc-c812-45f5-8ec1-d70866537325	9	39456495	61405110	221	-0.4253
e9f6dacc-c812-45f5-8ec1-d70866537325	9	61520021	61573452	19	-1.5389
e9f6dacc-c812-45f5-8ec1-d70866537325	9	61574022	68328914	180	-0.2841
e9f6dacc-c812-45f5-8ec1-d70866537325	9	68335112	115490127	33752	-0.5001
e9f6dacc-c812-45f5-8ec1-d70866537325	9	115491602	115552388	60	-0.838
e9f6dacc-c812-45f5-8ec1-d70866537325	9	115552770	129965134	9571	-0.5084
e9f6dacc-c812-45f5-8ec1-d70866537325	9	129965574	129972000	3	-2.2517
e9f6dacc-c812-45f5-8ec1-d70866537325	9	129972967	133907134	2594	-0.5232
e9f6dacc-c812-45f5-8ec1-d70866537325	9	133909095	133909778	2	-3.2012
e9f6dacc-c812-45f5-8ec1-d70866537325	9	133914031	137356366	1518	-0.5196
e9f6dacc-c812-45f5-8ec1-d70866537325	9	137358233	137396369	15	0.0894
e9f6dacc-c812-45f5-8ec1-d70866537325	9	137396394	138098496	331	-0.4987
e9f6dacc-c812-45f5-8ec1-d70866537325	9	138098958	138117969	45	-0.1502
e9f6dacc-c812-45f5-8ec1-d70866537325	9	138119269	138200944	22	-0.547
e9f6dacc-c812-45f5-8ec1-d70866537325	10	45792	1878846	1323	0.1776
e9f6dacc-c812-45f5-8ec1-d70866537325	10	1879212	1879226	2	-1.338
e9f6dacc-c812-45f5-8ec1-d70866537325	10	1880102	8937098	6413	0.1708
e9f6dacc-c812-45f5-8ec1-d70866537325	10	8937497	9305839	295	0.454
e9f6dacc-c812-45f5-8ec1-d70866537325	10	9306510	10165519	613	0.1885
e9f6dacc-c812-45f5-8ec1-d70866537325	10	10169704	10239198	59	-0.4664
e9f6dacc-c812-45f5-8ec1-d70866537325	10	10242096	13008005	2214	0.1789
e9f6dacc-c812-45f5-8ec1-d70866537325	10	13008023	13008170	4	-1.0761
e9f6dacc-c812-45f5-8ec1-d70866537325	10	13008428	17050428	3419	0.1802
e9f6dacc-c812-45f5-8ec1-d70866537325	10	17052998	17053774	3	-0.8371
e9f6dacc-c812-45f5-8ec1-d70866537325	10	17061460	17885034	513	0.1786
e9f6dacc-c812-45f5-8ec1-d70866537325	10	17896194	17907840	2	-1.7308
e9f6dacc-c812-45f5-8ec1-d70866537325	10	17910884	20843658	2406	0.1942
e9f6dacc-c812-45f5-8ec1-d70866537325	10	20843671	20847931	8	-0.3933
e9f6dacc-c812-45f5-8ec1-d70866537325	10	20848817	23083928	1248	0.182
e9f6dacc-c812-45f5-8ec1-d70866537325	10	23085504	24088746	682	-0.5165
e9f6dacc-c812-45f5-8ec1-d70866537325	10	24088747	24089125	9	-1.3567
e9f6dacc-c812-45f5-8ec1-d70866537325	10	24089979	26934974	1984	-0.5086
e9f6dacc-c812-45f5-8ec1-d70866537325	10	26936975	26941064	14	0.2966
e9f6dacc-c812-45f5-8ec1-d70866537325	10	26941746	35236066	5845	-0.5146
e9f6dacc-c812-45f5-8ec1-d70866537325	10	35237646	35612921	183	0.2134
e9f6dacc-c812-45f5-8ec1-d70866537325	10	35618686	38783090	1830	-0.0991
e9f6dacc-c812-45f5-8ec1-d70866537325	10	41715085	42222863	42	-0.3912
e9f6dacc-c812-45f5-8ec1-d70866537325	10	42224301	46196488	2408	-0.1108
e9f6dacc-c812-45f5-8ec1-d70866537325	10	46197189	50070600	1897	-0.5107
e9f6dacc-c812-45f5-8ec1-d70866537325	10	50081224	50132160	4	-2.5107
e9f6dacc-c812-45f5-8ec1-d70866537325	10	50144008	60055954	7363	-0.5073
e9f6dacc-c812-45f5-8ec1-d70866537325	10	60060731	65545327	3638	0.198
e9f6dacc-c812-45f5-8ec1-d70866537325	10	65545353	65554688	32	0.5034
e9f6dacc-c812-45f5-8ec1-d70866537325	10	65563037	71536678	4170	0.1832
e9f6dacc-c812-45f5-8ec1-d70866537325	10	71537484	74944229	1596	0.1453
e9f6dacc-c812-45f5-8ec1-d70866537325	10	74956523	81431200	4537	0.1914
e9f6dacc-c812-45f5-8ec1-d70866537325	10	81435017	81501888	40	-0.5054
e9f6dacc-c812-45f5-8ec1-d70866537325	10	81505541	81673694	119	0.2187
e9f6dacc-c812-45f5-8ec1-d70866537325	10	81678579	82646692	764	-0.5167
e9f6dacc-c812-45f5-8ec1-d70866537325	10	82650973	82672084	38	0.292
e9f6dacc-c812-45f5-8ec1-d70866537325	10	82672599	87310039	3181	-0.5149
e9f6dacc-c812-45f5-8ec1-d70866537325	10	87310988	87321412	3	-2.8528
e9f6dacc-c812-45f5-8ec1-d70866537325	10	87321428	87353136	8	-1.2358
e9f6dacc-c812-45f5-8ec1-d70866537325	10	87357543	87866979	284	-0.5793
e9f6dacc-c812-45f5-8ec1-d70866537325	10	87868348	87985992	208	-0.3646
e9f6dacc-c812-45f5-8ec1-d70866537325	10	87986057	94807629	4379	-0.5096
e9f6dacc-c812-45f5-8ec1-d70866537325	10	94821337	101747160	4316	0.177
e9f6dacc-c812-45f5-8ec1-d70866537325	10	101751323	105448969	2114	-0.5091
e9f6dacc-c812-45f5-8ec1-d70866537325	10	105450616	106705275	951	0.2177
e9f6dacc-c812-45f5-8ec1-d70866537325	10	106707881	106711499	3	-0.5667
e9f6dacc-c812-45f5-8ec1-d70866537325	10	106713637	107870745	973	0.1976
e9f6dacc-c812-45f5-8ec1-d70866537325	10	107874617	111634812	2582	-0.5027
e9f6dacc-c812-45f5-8ec1-d70866537325	10	111636245	127764799	11815	0.1837
e9f6dacc-c812-45f5-8ec1-d70866537325	10	127765817	128215559	320	-0.5502
e9f6dacc-c812-45f5-8ec1-d70866537325	10	128220291	131639180	2859	0.1752
e9f6dacc-c812-45f5-8ec1-d70866537325	10	131640199	131641742	7	-0.6304
e9f6dacc-c812-45f5-8ec1-d70866537325	10	131648231	133654968	971	0.1669
e9f6dacc-c812-45f5-8ec1-d70866537325	11	198510	4705210	2146	-0.1408
e9f6dacc-c812-45f5-8ec1-d70866537325	11	4705388	4705567	4	-1.4221
e9f6dacc-c812-45f5-8ec1-d70866537325	11	4705661	4946420	269	-0.1684
e9f6dacc-c812-45f5-8ec1-d70866537325	11	4947280	4973997	42	-0.4845
e9f6dacc-c812-45f5-8ec1-d70866537325	11	4974218	5768371	775	-0.1154
e9f6dacc-c812-45f5-8ec1-d70866537325	11	5768495	5768511	2	0.489
e9f6dacc-c812-45f5-8ec1-d70866537325	11	5768639	5787096	23	0.103
e9f6dacc-c812-45f5-8ec1-d70866537325	11	5787110	5787909	4	0.4763
e9f6dacc-c812-45f5-8ec1-d70866537325	11	5788108	6011537	188	-0.1522
e9f6dacc-c812-45f5-8ec1-d70866537325	11	6011711	6014659	5	-1.3036
e9f6dacc-c812-45f5-8ec1-d70866537325	11	6016225	6096746	53	-0.1782
e9f6dacc-c812-45f5-8ec1-d70866537325	11	6099417	6100864	2	-2.059
e9f6dacc-c812-45f5-8ec1-d70866537325	11	6101273	18919309	9162	-0.1295
e9f6dacc-c812-45f5-8ec1-d70866537325	11	18919323	18940441	46	0.3421
e9f6dacc-c812-45f5-8ec1-d70866537325	11	18940469	49736215	21042	-0.1199
e9f6dacc-c812-45f5-8ec1-d70866537325	11	49736721	50001495	151	0.3018
e9f6dacc-c812-45f5-8ec1-d70866537325	11	50004465	50710522	201	-0.1357
e9f6dacc-c812-45f5-8ec1-d70866537325	11	50723208	54924229	140	0.1851
e9f6dacc-c812-45f5-8ec1-d70866537325	11	54933825	54934156	3	-1.8618
e9f6dacc-c812-45f5-8ec1-d70866537325	11	54940988	55241999	38	0.4144
e9f6dacc-c812-45f5-8ec1-d70866537325	11	55243668	55606556	201	0.1531
e9f6dacc-c812-45f5-8ec1-d70866537325	11	55606572	55672514	46	0.5525
e9f6dacc-c812-45f5-8ec1-d70866537325	11	55674842	60835736	3170	0.1773
e9f6dacc-c812-45f5-8ec1-d70866537325	11	60835825	64806290	1963	0.1445
e9f6dacc-c812-45f5-8ec1-d70866537325	11	64817487	65690698	301	0.2404
e9f6dacc-c812-45f5-8ec1-d70866537325	11	65690726	78315470	6338	0.146
e9f6dacc-c812-45f5-8ec1-d70866537325	11	78318661	101723653	16806	0.1825
e9f6dacc-c812-45f5-8ec1-d70866537325	11	101727129	101727233	4	1.3249
e9f6dacc-c812-45f5-8ec1-d70866537325	11	101727481	125205483	16168	0.1716
e9f6dacc-c812-45f5-8ec1-d70866537325	11	125205555	125213808	27	-0.7346
e9f6dacc-c812-45f5-8ec1-d70866537325	11	125218374	127919009	2005	0.169
e9f6dacc-c812-45f5-8ec1-d70866537325	11	127920860	127921023	2	-2.4094
e9f6dacc-c812-45f5-8ec1-d70866537325	11	127921067	131556517	2787	0.1615
e9f6dacc-c812-45f5-8ec1-d70866537325	11	131556906	131556971	2	1.4692
e9f6dacc-c812-45f5-8ec1-d70866537325	11	131557143	134731897	2462	0.173
e9f6dacc-c812-45f5-8ec1-d70866537325	11	134732386	134734098	3	-0.9637
e9f6dacc-c812-45f5-8ec1-d70866537325	11	134737977	135074876	281	0.1518
e9f6dacc-c812-45f5-8ec1-d70866537325	12	51460	81888	6	0.0856
e9f6dacc-c812-45f5-8ec1-d70866537325	12	82453	756804	411	0.4715
e9f6dacc-c812-45f5-8ec1-d70866537325	12	759943	764863	18	-0.4292
e9f6dacc-c812-45f5-8ec1-d70866537325	12	766188	7842191	4930	0.4423
e9f6dacc-c812-45f5-8ec1-d70866537325	12	7851829	7971304	58	-0.4956
e9f6dacc-c812-45f5-8ec1-d70866537325	12	7978362	9477960	755	0.4206
e9f6dacc-c812-45f5-8ec1-d70866537325	12	9481274	9575696	24	-1.5826
e9f6dacc-c812-45f5-8ec1-d70866537325	12	9582373	30082648	14313	0.4576
e9f6dacc-c812-45f5-8ec1-d70866537325	12	30086334	30090642	19	-0.2266
e9f6dacc-c812-45f5-8ec1-d70866537325	12	30090657	33148472	2262	0.4533
e9f6dacc-c812-45f5-8ec1-d70866537325	12	33148492	33154031	24	-0.1642
e9f6dacc-c812-45f5-8ec1-d70866537325	12	33154144	34682902	789	0.4506
e9f6dacc-c812-45f5-8ec1-d70866537325	12	34701563	47822342	6180	0.1113
e9f6dacc-c812-45f5-8ec1-d70866537325	12	47824373	58323655	5817	0.0829
e9f6dacc-c812-45f5-8ec1-d70866537325	12	58327273	58336379	8	-0.8972
e9f6dacc-c812-45f5-8ec1-d70866537325	12	58337065	83769408	16420	0.1103
e9f6dacc-c812-45f5-8ec1-d70866537325	12	83769511	83771462	3	-1.96
e9f6dacc-c812-45f5-8ec1-d70866537325	12	83771500	99078568	9886	0.108
e9f6dacc-c812-45f5-8ec1-d70866537325	12	99081912	99082397	3	-1.4202
e9f6dacc-c812-45f5-8ec1-d70866537325	12	99085192	120041878	14177	0.1005
e9f6dacc-c812-45f5-8ec1-d70866537325	12	120043781	123033676	1362	0.0511
e9f6dacc-c812-45f5-8ec1-d70866537325	12	123037456	126314787	2157	0.1022
e9f6dacc-c812-45f5-8ec1-d70866537325	12	126314984	126314999	2	1.0266
e9f6dacc-c812-45f5-8ec1-d70866537325	12	126316303	126509681	203	0.0883
e9f6dacc-c812-45f5-8ec1-d70866537325	12	126510400	126520044	7	-1.262
e9f6dacc-c812-45f5-8ec1-d70866537325	12	126522929	128745968	1973	0.0995
e9f6dacc-c812-45f5-8ec1-d70866537325	12	128746271	128747597	4	-1.3579
e9f6dacc-c812-45f5-8ec1-d70866537325	12	128748000	133201603	3065	0.1005
e9f6dacc-c812-45f5-8ec1-d70866537325	13	18452809	23055048	2857	0.1645
e9f6dacc-c812-45f5-8ec1-d70866537325	13	23055071	23059376	13	-0.5654
e9f6dacc-c812-45f5-8ec1-d70866537325	13	23064056	38478674	11336	0.1683
e9f6dacc-c812-45f5-8ec1-d70866537325	13	38483435	38483919	2	-2.5592
e9f6dacc-c812-45f5-8ec1-d70866537325	13	38490920	63650072	15664	0.1679
e9f6dacc-c812-45f5-8ec1-d70866537325	13	63650659	63662559	9	-0.4872
e9f6dacc-c812-45f5-8ec1-d70866537325	13	63665430	97875020	22144	0.1765
e9f6dacc-c812-45f5-8ec1-d70866537325	13	97877870	97878542	5	-0.865
e9f6dacc-c812-45f5-8ec1-d70866537325	13	97879211	106730287	6866	0.1682
e9f6dacc-c812-45f5-8ec1-d70866537325	13	106731890	106732362	2	-1.0615
e9f6dacc-c812-45f5-8ec1-d70866537325	13	106732887	114342922	5276	0.1521
e9f6dacc-c812-45f5-8ec1-d70866537325	14	18239283	19894661	132	-0.3662
e9f6dacc-c812-45f5-8ec1-d70866537325	14	19897191	21945704	1414	-0.2018
e9f6dacc-c812-45f5-8ec1-d70866537325	14	21945987	22530591	502	-0.0303
e9f6dacc-c812-45f5-8ec1-d70866537325	14	22530607	59081216	23108	-0.1979
e9f6dacc-c812-45f5-8ec1-d70866537325	14	59081551	59082062	2	-2.2571
e9f6dacc-c812-45f5-8ec1-d70866537325	14	59084496	61790291	1615	-0.2061
e9f6dacc-c812-45f5-8ec1-d70866537325	14	61793300	73529070	7480	-0.3265
e9f6dacc-c812-45f5-8ec1-d70866537325	14	73534419	73550834	8	1.0143
e9f6dacc-c812-45f5-8ec1-d70866537325	14	73554275	73583560	11	-1.1569
e9f6dacc-c812-45f5-8ec1-d70866537325	14	73589619	78612481	3302	-0.3308
e9f6dacc-c812-45f5-8ec1-d70866537325	14	78612833	78612956	2	-2.5808
e9f6dacc-c812-45f5-8ec1-d70866537325	14	78613616	89078026	6929	-0.3156
e9f6dacc-c812-45f5-8ec1-d70866537325	14	89079691	105433765	10383	-0.3438
e9f6dacc-c812-45f5-8ec1-d70866537325	14	105436866	106294689	238	-0.231
e9f6dacc-c812-45f5-8ec1-d70866537325	14	106297265	106297273	3	0.9835
e9f6dacc-c812-45f5-8ec1-d70866537325	14	106297409	106416146	51	-0.2806
e9f6dacc-c812-45f5-8ec1-d70866537325	14	106418444	106462183	49	-1.6544
e9f6dacc-c812-45f5-8ec1-d70866537325	14	106462724	106877229	195	-0.3683
e9f6dacc-c812-45f5-8ec1-d70866537325	15	19811075	20670516	150	0.1112
e9f6dacc-c812-45f5-8ec1-d70866537325	15	20670989	21067891	12	0.7988
e9f6dacc-c812-45f5-8ec1-d70866537325	15	21070355	21272760	12	0.291
e9f6dacc-c812-45f5-8ec1-d70866537325	15	21417107	22395047	34	-0.1063
e9f6dacc-c812-45f5-8ec1-d70866537325	15	22413894	29047981	3915	0.1916
e9f6dacc-c812-45f5-8ec1-d70866537325	15	29051425	30304026	728	-0.5224
e9f6dacc-c812-45f5-8ec1-d70866537325	15	30307497	30688842	37	0.1089
e9f6dacc-c812-45f5-8ec1-d70866537325	15	30708877	32285940	1038	-0.5171
e9f6dacc-c812-45f5-8ec1-d70866537325	15	32307601	37527688	3660	0.1901
e9f6dacc-c812-45f5-8ec1-d70866537325	15	37527790	42190430	2941	-0.5089
e9f6dacc-c812-45f5-8ec1-d70866537325	15	42192498	63183047	13705	-0.1071
e9f6dacc-c812-45f5-8ec1-d70866537325	15	63186077	64438853	683	0.3877
e9f6dacc-c812-45f5-8ec1-d70866537325	15	64443906	65524604	463	-0.1346
e9f6dacc-c812-45f5-8ec1-d70866537325	15	65525186	65526049	2	-2.1234
e9f6dacc-c812-45f5-8ec1-d70866537325	15	65530196	69683131	2701	-0.1205
e9f6dacc-c812-45f5-8ec1-d70866537325	15	69685118	69862547	153	0.4119
e9f6dacc-c812-45f5-8ec1-d70866537325	15	69863107	70378349	358	0.1693
e9f6dacc-c812-45f5-8ec1-d70866537325	15	70378841	70888143	344	-0.1193
e9f6dacc-c812-45f5-8ec1-d70866537325	15	70889658	71426508	318	0.2048
e9f6dacc-c812-45f5-8ec1-d70866537325	15	71426667	72732527	731	0.8095
e9f6dacc-c812-45f5-8ec1-d70866537325	15	72734320	73264603	315	-0.1138
e9f6dacc-c812-45f5-8ec1-d70866537325	15	73265095	73825171	297	0.1724
e9f6dacc-c812-45f5-8ec1-d70866537325	15	73832202	76599170	1330	-0.1385
e9f6dacc-c812-45f5-8ec1-d70866537325	15	76599286	76603003	13	-2.1755
e9f6dacc-c812-45f5-8ec1-d70866537325	15	76603426	82609230	3724	-0.1161
e9f6dacc-c812-45f5-8ec1-d70866537325	15	82610181	82726588	65	0.127
e9f6dacc-c812-45f5-8ec1-d70866537325	15	82726863	83736713	550	-0.1156
e9f6dacc-c812-45f5-8ec1-d70866537325	15	83736822	84105659	238	0.1577
e9f6dacc-c812-45f5-8ec1-d70866537325	15	84106899	84938846	253	0.3812
e9f6dacc-c812-45f5-8ec1-d70866537325	15	84943484	85022372	53	0.2036
e9f6dacc-c812-45f5-8ec1-d70866537325	15	85022853	87183077	1729	-0.0991
e9f6dacc-c812-45f5-8ec1-d70866537325	15	87190377	87394509	178	0.871
e9f6dacc-c812-45f5-8ec1-d70866537325	15	87394670	88430657	766	1.0461
e9f6dacc-c812-45f5-8ec1-d70866537325	15	88431396	88776740	214	0.9183
e9f6dacc-c812-45f5-8ec1-d70866537325	15	88777720	89103899	237	0.7513
e9f6dacc-c812-45f5-8ec1-d70866537325	15	89108023	89729944	367	0.8621
e9f6dacc-c812-45f5-8ec1-d70866537325	15	89730456	90022763	156	0.6599
e9f6dacc-c812-45f5-8ec1-d70866537325	15	90025728	90261474	164	0.9045
e9f6dacc-c812-45f5-8ec1-d70866537325	15	90261581	90822247	339	0.7359
e9f6dacc-c812-45f5-8ec1-d70866537325	15	90822992	90834099	7	0.4929
e9f6dacc-c812-45f5-8ec1-d70866537325	15	90835419	91242707	298	0.179
e9f6dacc-c812-45f5-8ec1-d70866537325	15	91242728	91747194	377	0.4185
e9f6dacc-c812-45f5-8ec1-d70866537325	15	91751712	93254765	1347	0.8863
e9f6dacc-c812-45f5-8ec1-d70866537325	15	93255507	93255675	5	-0.0278
e9f6dacc-c812-45f5-8ec1-d70866537325	15	93257196	93693179	445	0.9487
e9f6dacc-c812-45f5-8ec1-d70866537325	15	93693330	94622146	690	1.2333
e9f6dacc-c812-45f5-8ec1-d70866537325	15	94622626	94982199	304	1.0545
e9f6dacc-c812-45f5-8ec1-d70866537325	15	94984218	95633712	502	0.8257
e9f6dacc-c812-45f5-8ec1-d70866537325	15	95635794	96788564	855	1.0284
e9f6dacc-c812-45f5-8ec1-d70866537325	15	96789239	97050759	187	0.7952
e9f6dacc-c812-45f5-8ec1-d70866537325	15	97057421	98228730	870	1.1825
e9f6dacc-c812-45f5-8ec1-d70866537325	15	98232313	98661796	315	0.7929
e9f6dacc-c812-45f5-8ec1-d70866537325	15	98662924	99227875	417	1.2355
e9f6dacc-c812-45f5-8ec1-d70866537325	15	99228375	99496533	171	0.8031
e9f6dacc-c812-45f5-8ec1-d70866537325	15	99496746	99938199	257	1.0043
e9f6dacc-c812-45f5-8ec1-d70866537325	15	99942106	100047119	108	0.6071
e9f6dacc-c812-45f5-8ec1-d70866537325	15	100048272	100282472	232	0.4318
e9f6dacc-c812-45f5-8ec1-d70866537325	15	100282623	100504724	156	0.6315
e9f6dacc-c812-45f5-8ec1-d70866537325	15	100505035	100694975	166	0.9115
e9f6dacc-c812-45f5-8ec1-d70866537325	15	100695160	100884530	121	1.2997
e9f6dacc-c812-45f5-8ec1-d70866537325	15	100885073	100954766	53	1.5445
e9f6dacc-c812-45f5-8ec1-d70866537325	15	100964982	101928837	711	-0.5025
e9f6dacc-c812-45f5-8ec1-d70866537325	16	10777	5557889	2623	0.1576
e9f6dacc-c812-45f5-8ec1-d70866537325	16	5558088	5558150	2	-1.5845
e9f6dacc-c812-45f5-8ec1-d70866537325	16	5558336	14879136	8490	0.1908
e9f6dacc-c812-45f5-8ec1-d70866537325	16	14881435	15022400	56	-0.0704
e9f6dacc-c812-45f5-8ec1-d70866537325	16	15031584	19933041	2302	0.1948
e9f6dacc-c812-45f5-8ec1-d70866537325	16	19934328	19956040	29	-0.5934
e9f6dacc-c812-45f5-8ec1-d70866537325	16	19958932	22728839	1381	0.192
e9f6dacc-c812-45f5-8ec1-d70866537325	16	22728995	48562780	6555	0.1688
e9f6dacc-c812-45f5-8ec1-d70866537325	16	48568748	55761136	5505	0.1972
e9f6dacc-c812-45f5-8ec1-d70866537325	16	55762477	55788532	22	-0.5349
e9f6dacc-c812-45f5-8ec1-d70866537325	16	55808442	66231822	6967	0.1959
e9f6dacc-c812-45f5-8ec1-d70866537325	16	66233740	70804300	2070	0.1501
e9f6dacc-c812-45f5-8ec1-d70866537325	16	70805172	74321782	2024	0.1927
e9f6dacc-c812-45f5-8ec1-d70866537325	16	74322348	74373481	16	0.5987
e9f6dacc-c812-45f5-8ec1-d70866537325	16	74418138	78339440	3211	0.188
e9f6dacc-c812-45f5-8ec1-d70866537325	16	78339867	78339920	2	2.0092
e9f6dacc-c812-45f5-8ec1-d70866537325	16	78342480	90096867	10634	0.181
e9f6dacc-c812-45f5-8ec1-d70866537325	17	150733	5028876	2595	-0.5103
e9f6dacc-c812-45f5-8ec1-d70866537325	17	5032537	5292976	120	-0.1461
e9f6dacc-c812-45f5-8ec1-d70866537325	17	5295525	18414080	8679	-0.5182
e9f6dacc-c812-45f5-8ec1-d70866537325	17	18452078	18550123	25	-2.0219
e9f6dacc-c812-45f5-8ec1-d70866537325	17	18561272	22713655	1465	-0.4955
e9f6dacc-c812-45f5-8ec1-d70866537325	17	22714687	27779649	461	-0.2619
e9f6dacc-c812-45f5-8ec1-d70866537325	17	27782004	29597161	829	0.2457
e9f6dacc-c812-45f5-8ec1-d70866537325	17	29604994	40616408	6218	-0.3291
e9f6dacc-c812-45f5-8ec1-d70866537325	17	40622836	40724279	75	0.4809
e9f6dacc-c812-45f5-8ec1-d70866537325	17	40724967	41223419	333	-0.339
e9f6dacc-c812-45f5-8ec1-d70866537325	17	41224170	41266851	25	0.312
e9f6dacc-c812-45f5-8ec1-d70866537325	17	41266901	41274279	18	-0.3667
e9f6dacc-c812-45f5-8ec1-d70866537325	17	41276472	44703780	1793	0.3261
e9f6dacc-c812-45f5-8ec1-d70866537325	17	44706392	45577724	364	-0.3284
e9f6dacc-c812-45f5-8ec1-d70866537325	17	45579014	45582060	6	-1.3373
e9f6dacc-c812-45f5-8ec1-d70866537325	17	45587327	45740856	95	-0.285
e9f6dacc-c812-45f5-8ec1-d70866537325	17	45746093	45794167	30	0.4789
e9f6dacc-c812-45f5-8ec1-d70866537325	17	45800588	46131308	245	-0.2748
e9f6dacc-c812-45f5-8ec1-d70866537325	17	46135062	46286804	91	-0.6793
e9f6dacc-c812-45f5-8ec1-d70866537325	17	46323701	46446360	4	0.9772
e9f6dacc-c812-45f5-8ec1-d70866537325	17	46569894	46779693	57	0.314
e9f6dacc-c812-45f5-8ec1-d70866537325	17	46783587	47459815	345	0.4783
e9f6dacc-c812-45f5-8ec1-d70866537325	17	47467907	47625700	54	0.2548
e9f6dacc-c812-45f5-8ec1-d70866537325	17	47628076	51088284	1828	0.4769
e9f6dacc-c812-45f5-8ec1-d70866537325	17	51094053	54529698	2298	0.5301
e9f6dacc-c812-45f5-8ec1-d70866537325	17	54532674	54914989	309	-0.3199
e9f6dacc-c812-45f5-8ec1-d70866537325	17	54921830	54930915	7	-0.1056
e9f6dacc-c812-45f5-8ec1-d70866537325	17	54931512	57610128	2107	0.5109
e9f6dacc-c812-45f5-8ec1-d70866537325	17	57610972	57611632	2	-1.1461
e9f6dacc-c812-45f5-8ec1-d70866537325	17	57614632	75106406	10569	0.4969
e9f6dacc-c812-45f5-8ec1-d70866537325	17	75114084	76461367	591	-0.3313
e9f6dacc-c812-45f5-8ec1-d70866537325	17	76466526	83091923	3411	0.3372
e9f6dacc-c812-45f5-8ec1-d70866537325	18	48133	12493713	9031	-0.5162
e9f6dacc-c812-45f5-8ec1-d70866537325	18	12499292	14661644	1162	0.1867
e9f6dacc-c812-45f5-8ec1-d70866537325	18	14663972	14672480	2	-0.9799
e9f6dacc-c812-45f5-8ec1-d70866537325	18	14691686	15402409	214	0.1893
e9f6dacc-c812-45f5-8ec1-d70866537325	18	20949392	40677910	12366	-0.4966
e9f6dacc-c812-45f5-8ec1-d70866537325	18	40678106	40685425	34	-0.0297
e9f6dacc-c812-45f5-8ec1-d70866537325	18	40688060	44441254	2389	-0.485
e9f6dacc-c812-45f5-8ec1-d70866537325	18	44444542	44444592	2	-2.5858
e9f6dacc-c812-45f5-8ec1-d70866537325	18	44448552	52698528	5874	-0.5011
e9f6dacc-c812-45f5-8ec1-d70866537325	18	52699129	52699797	4	-1.6367
e9f6dacc-c812-45f5-8ec1-d70866537325	18	52700666	53997831	873	-0.489
e9f6dacc-c812-45f5-8ec1-d70866537325	18	53998472	53998782	3	-2.4655
e9f6dacc-c812-45f5-8ec1-d70866537325	18	54001998	61422139	5096	-0.5013
e9f6dacc-c812-45f5-8ec1-d70866537325	18	61427157	61427165	2	-2.2925
e9f6dacc-c812-45f5-8ec1-d70866537325	18	61427754	71377038	7085	-0.509
e9f6dacc-c812-45f5-8ec1-d70866537325	18	71377495	80257174	6604	-0.5478
e9f6dacc-c812-45f5-8ec1-d70866537325	19	90910	1247836	268	-0.1174
e9f6dacc-c812-45f5-8ec1-d70866537325	19	1271275	1723571	111	-0.5581
e9f6dacc-c812-45f5-8ec1-d70866537325	19	1724426	5506648	1214	-0.1419
e9f6dacc-c812-45f5-8ec1-d70866537325	19	5510228	5510569	2	-2.4387
e9f6dacc-c812-45f5-8ec1-d70866537325	19	5510642	27260767	9571	-0.1387
e9f6dacc-c812-45f5-8ec1-d70866537325	19	27275080	32531451	3708	0.3839
e9f6dacc-c812-45f5-8ec1-d70866537325	19	32531549	51639362	9902	0.3454
e9f6dacc-c812-45f5-8ec1-d70866537325	19	51639677	51644944	9	-0.368
e9f6dacc-c812-45f5-8ec1-d70866537325	19	51651652	52731318	728	0.3442
e9f6dacc-c812-45f5-8ec1-d70866537325	19	52731668	55766684	1765	0.3786
e9f6dacc-c812-45f5-8ec1-d70866537325	19	55770704	55774927	6	1.2798
e9f6dacc-c812-45f5-8ec1-d70866537325	19	55777575	58586487	1838	0.3573
e9f6dacc-c812-45f5-8ec1-d70866537325	20	80664	82279	16	0.0442
e9f6dacc-c812-45f5-8ec1-d70866537325	20	84659	1590770	1206	0.2964
e9f6dacc-c812-45f5-8ec1-d70866537325	20	1591078	1609809	19	-0.0768
e9f6dacc-c812-45f5-8ec1-d70866537325	20	1609888	1613247	3	-1.6767
e9f6dacc-c812-45f5-8ec1-d70866537325	20	1617300	3654549	1484	0.2617
e9f6dacc-c812-45f5-8ec1-d70866537325	20	3654705	14758677	8402	0.3029
e9f6dacc-c812-45f5-8ec1-d70866537325	20	14758927	15775312	957	0.2754
e9f6dacc-c812-45f5-8ec1-d70866537325	20	15775801	16333649	557	0.0554
e9f6dacc-c812-45f5-8ec1-d70866537325	20	16339847	33935366	8808	0.2924
e9f6dacc-c812-45f5-8ec1-d70866537325	20	33936250	38374215	2301	0.2423
e9f6dacc-c812-45f5-8ec1-d70866537325	20	38374656	50165997	8271	0.2867
e9f6dacc-c812-45f5-8ec1-d70866537325	20	50175182	50176256	2	-1.4095
e9f6dacc-c812-45f5-8ec1-d70866537325	20	50178380	54062746	2940	0.2724
e9f6dacc-c812-45f5-8ec1-d70866537325	20	54062819	54062840	2	1.4988
e9f6dacc-c812-45f5-8ec1-d70866537325	20	54062953	54065389	13	-0.001
e9f6dacc-c812-45f5-8ec1-d70866537325	20	54065719	64324800	7412	0.2885
e9f6dacc-c812-45f5-8ec1-d70866537325	21	10354168	10569525	55	0.0884
e9f6dacc-c812-45f5-8ec1-d70866537325	21	10571815	10756733	31	-0.2246
e9f6dacc-c812-45f5-8ec1-d70866537325	21	10775586	13583316	183	0.1764
e9f6dacc-c812-45f5-8ec1-d70866537325	21	13612103	13677975	4	1.1544
e9f6dacc-c812-45f5-8ec1-d70866537325	21	13803967	19067874	3619	0.1936
e9f6dacc-c812-45f5-8ec1-d70866537325	21	19068069	19075997	5	-0.5203
e9f6dacc-c812-45f5-8ec1-d70866537325	21	19076146	22278814	2406	0.1902
e9f6dacc-c812-45f5-8ec1-d70866537325	21	22283580	22294679	10	-0.7216
e9f6dacc-c812-45f5-8ec1-d70866537325	21	22296972	46677045	17560	0.174
e9f6dacc-c812-45f5-8ec1-d70866537325	22	15294547	15315221	2	1.499
e9f6dacc-c812-45f5-8ec1-d70866537325	22	15324751	23987520	4393	-0.1182
e9f6dacc-c812-45f5-8ec1-d70866537325	22	23988078	23990739	4	-1.9722
e9f6dacc-c812-45f5-8ec1-d70866537325	22	23995113	24685371	352	-0.1461
e9f6dacc-c812-45f5-8ec1-d70866537325	22	24686148	24686567	3	-1.6345
e9f6dacc-c812-45f5-8ec1-d70866537325	22	24691707	50796027	18525	-0.1414
e9f6dacc-c812-45f5-8ec1-d70866537325	X	251810	41313768	25468	0.0376
e9f6dacc-c812-45f5-8ec1-d70866537325	X	41318739	46667845	2827	-0.8088
e9f6dacc-c812-45f5-8ec1-d70866537325	X	46676924	155952689	55380	0.0383
e9f6dacc-c812-45f5-8ec1-d70866537325	Y	2782397	56872112	6639	-0.7351
