GDC_Aliquot	Chromosome	Start	End	Num_Probes	Segment_Mean
9817a432-9c60-42d5-928e-531e3fd480dd	1	3301765	247650984	129769	0.0028
9817a432-9c60-42d5-928e-531e3fd480dd	2	480597	123298448	65563	-0.0003
9817a432-9c60-42d5-928e-531e3fd480dd	2	123405705	123442112	31	0.5287
9817a432-9c60-42d5-928e-531e3fd480dd	2	123449151	133987156	4576	0.0011
9817a432-9c60-42d5-928e-531e3fd480dd	2	133988131	133991186	4	-1.3988
9817a432-9c60-42d5-928e-531e3fd480dd	2	133997658	241537572	62032	0.0045
9817a432-9c60-42d5-928e-531e3fd480dd	3	2170634	197812401	107184	0.0026
9817a432-9c60-42d5-928e-531e3fd480dd	4	1059384	187842528	103496	0.0029
9817a432-9c60-42d5-928e-531e3fd480dd	5	913983	18642563	11454	-0.002
9817a432-9c60-42d5-928e-531e3fd480dd	5	18650527	18696725	40	-1.0023
9817a432-9c60-42d5-928e-531e3fd480dd	5	18696838	67925776	24901	0.001
9817a432-9c60-42d5-928e-531e3fd480dd	5	67926008	67944467	16	-0.5536
9817a432-9c60-42d5-928e-531e3fd480dd	5	67944529	180934240	64723	0.0024
9817a432-9c60-42d5-928e-531e3fd480dd	6	1011760	150798462	85669	0.0053
9817a432-9c60-42d5-928e-531e3fd480dd	6	150799974	150800112	4	-1.0047
9817a432-9c60-42d5-928e-531e3fd480dd	6	150800848	170596889	11502	0.0032
9817a432-9c60-42d5-928e-531e3fd480dd	7	664936	158592540	81929	0
9817a432-9c60-42d5-928e-531e3fd480dd	8	667625	144182542	82240	0.0038
9817a432-9c60-42d5-928e-531e3fd480dd	9	789794	72665695	26688	-0.003
9817a432-9c60-42d5-928e-531e3fd480dd	9	72669643	72670153	3	-0.9768
9817a432-9c60-42d5-928e-531e3fd480dd	9	72670987	117496799	30083	0.0026
9817a432-9c60-42d5-928e-531e3fd480dd	9	117497843	117498842	4	-0.9938
9817a432-9c60-42d5-928e-531e3fd480dd	9	117501436	138044505	11714	0.002
9817a432-9c60-42d5-928e-531e3fd480dd	10	366509	133411599	81302	-0.0008
9817a432-9c60-42d5-928e-531e3fd480dd	11	456012	70227742	36948	-0.0015
9817a432-9c60-42d5-928e-531e3fd480dd	11	70229260	70230481	2	-1.1563
9817a432-9c60-42d5-928e-531e3fd480dd	11	70242901	85007095	8498	0.0014
9817a432-9c60-42d5-928e-531e3fd480dd	11	85008240	85011208	4	-1.2511
9817a432-9c60-42d5-928e-531e3fd480dd	11	85012846	134272740	32124	-0.0003
9817a432-9c60-42d5-928e-531e3fd480dd	12	780472	24240820	13822	0.0022
9817a432-9c60-42d5-928e-531e3fd480dd	12	24242268	24242338	3	-1.0764
9817a432-9c60-42d5-928e-531e3fd480dd	12	24244010	80446147	30093	0.0025
9817a432-9c60-42d5-928e-531e3fd480dd	12	80446276	80456533	2	-2.0313
9817a432-9c60-42d5-928e-531e3fd480dd	12	80458189	132605822	30424	0.0036
9817a432-9c60-42d5-928e-531e3fd480dd	13	18874255	114226675	56995	-0.001
9817a432-9c60-42d5-928e-531e3fd480dd	14	20033191	39932018	10945	-0.0055
9817a432-9c60-42d5-928e-531e3fd480dd	14	39939336	40133773	12	-0.6216
9817a432-9c60-42d5-928e-531e3fd480dd	14	40137194	79354938	22909	0.003
9817a432-9c60-42d5-928e-531e3fd480dd	14	79357647	79357829	2	-1.1888
9817a432-9c60-42d5-928e-531e3fd480dd	14	79361203	105533894	15923	-0.0024
9817a432-9c60-42d5-928e-531e3fd480dd	15	23437561	101344124	44786	-0.0012
9817a432-9c60-42d5-928e-531e3fd480dd	16	603333	89317317	41215	0.0006
9817a432-9c60-42d5-928e-531e3fd480dd	17	1074619	82959812	37285	-0.0045
9817a432-9c60-42d5-928e-531e3fd480dd	18	326691	79349796	42972	0.0003
9817a432-9c60-42d5-928e-531e3fd480dd	19	283868	58370362	24154	-0.0015
9817a432-9c60-42d5-928e-531e3fd480dd	20	472817	63588502	37565	-0.0001
9817a432-9c60-42d5-928e-531e3fd480dd	21	13974127	46262057	20595	-0.0041
9817a432-9c60-42d5-928e-531e3fd480dd	22	16934932	48940621	17097	-0.0001
9817a432-9c60-42d5-928e-531e3fd480dd	X	3236359	155677414	63959	0.0011
