GDC_Aliquot	Chromosome	Start	End	Num_Probes	Segment_Mean
fb504c0c-2c3c-4b5d-8836-dc9bbf30ff98	1	62920	8832918	4393	0.0188
fb504c0c-2c3c-4b5d-8836-dc9bbf30ff98	1	8834915	8834930	2	-1.7857
fb504c0c-2c3c-4b5d-8836-dc9bbf30ff98	1	8838567	10847151	1055	0.0278
fb504c0c-2c3c-4b5d-8836-dc9bbf30ff98	1	10847240	10847322	2	-1.2682
fb504c0c-2c3c-4b5d-8836-dc9bbf30ff98	1	10847785	11631382	415	0.018
fb504c0c-2c3c-4b5d-8836-dc9bbf30ff98	1	11636779	11637041	2	-1.02
fb504c0c-2c3c-4b5d-8836-dc9bbf30ff98	1	11638845	12779433	600	0.0518
fb504c0c-2c3c-4b5d-8836-dc9bbf30ff98	1	12792599	12807507	16	-0.842
fb504c0c-2c3c-4b5d-8836-dc9bbf30ff98	1	12807715	16604834	2145	0.029
fb504c0c-2c3c-4b5d-8836-dc9bbf30ff98	1	16605031	16643961	25	-0.3767
fb504c0c-2c3c-4b5d-8836-dc9bbf30ff98	1	16679239	25275481	5343	0.038
fb504c0c-2c3c-4b5d-8836-dc9bbf30ff98	1	25276376	25320198	14	-0.614
fb504c0c-2c3c-4b5d-8836-dc9bbf30ff98	1	25320253	30450214	2530	0.0359
fb504c0c-2c3c-4b5d-8836-dc9bbf30ff98	1	30450324	30450576	2	-1.9066
fb504c0c-2c3c-4b5d-8836-dc9bbf30ff98	1	30450939	65165416	21494	0.0485
fb504c0c-2c3c-4b5d-8836-dc9bbf30ff98	1	65168747	68191337	2230	0.401
fb504c0c-2c3c-4b5d-8836-dc9bbf30ff98	1	68193278	109690352	26079	0.0596
fb504c0c-2c3c-4b5d-8836-dc9bbf30ff98	1	109690415	109697556	12	-1.4797
fb504c0c-2c3c-4b5d-8836-dc9bbf30ff98	1	109702376	111385772	1321	0.0682
fb504c0c-2c3c-4b5d-8836-dc9bbf30ff98	1	111386515	111387158	4	-1.1185
fb504c0c-2c3c-4b5d-8836-dc9bbf30ff98	1	111390609	112147704	621	0.0627
fb504c0c-2c3c-4b5d-8836-dc9bbf30ff98	1	112153343	112154566	20	-0.5697
fb504c0c-2c3c-4b5d-8836-dc9bbf30ff98	1	112154576	143541857	5163	0.0616
fb504c0c-2c3c-4b5d-8836-dc9bbf30ff98	1	143545399	143927536	122	-0.7765
fb504c0c-2c3c-4b5d-8836-dc9bbf30ff98	1	143927887	146039555	176	0.0974
fb504c0c-2c3c-4b5d-8836-dc9bbf30ff98	1	146040040	146042474	2	-1.5762
fb504c0c-2c3c-4b5d-8836-dc9bbf30ff98	1	146043237	146062439	4	0.2015
fb504c0c-2c3c-4b5d-8836-dc9bbf30ff98	1	146150530	147004967	7	-0.6739
fb504c0c-2c3c-4b5d-8836-dc9bbf30ff98	1	147008051	152583051	2125	0.0477
fb504c0c-2c3c-4b5d-8836-dc9bbf30ff98	1	152583230	152614118	35	-2.6228
fb504c0c-2c3c-4b5d-8836-dc9bbf30ff98	1	152618018	152787202	167	0.025
fb504c0c-2c3c-4b5d-8836-dc9bbf30ff98	1	152789447	152796224	37	-1.7705
fb504c0c-2c3c-4b5d-8836-dc9bbf30ff98	1	152801429	153220353	330	0.0179
fb504c0c-2c3c-4b5d-8836-dc9bbf30ff98	1	153220702	153225469	6	-1.1892
fb504c0c-2c3c-4b5d-8836-dc9bbf30ff98	1	153228332	157508748	2153	0.0419
fb504c0c-2c3c-4b5d-8836-dc9bbf30ff98	1	157512664	157513157	2	-1.6636
fb504c0c-2c3c-4b5d-8836-dc9bbf30ff98	1	157513483	169264736	8785	0.0538
fb504c0c-2c3c-4b5d-8836-dc9bbf30ff98	1	169265291	169272528	5	-1.7787
fb504c0c-2c3c-4b5d-8836-dc9bbf30ff98	1	169273163	187187090	11807	0.0648
fb504c0c-2c3c-4b5d-8836-dc9bbf30ff98	1	187187732	189110271	1233	-0.4032
fb504c0c-2c3c-4b5d-8836-dc9bbf30ff98	1	189110851	189679027	387	0.0911
fb504c0c-2c3c-4b5d-8836-dc9bbf30ff98	1	189679353	189679397	2	-3.4398
fb504c0c-2c3c-4b5d-8836-dc9bbf30ff98	1	189682917	190154537	402	0.0937
fb504c0c-2c3c-4b5d-8836-dc9bbf30ff98	1	190161618	191025609	550	-0.3623
fb504c0c-2c3c-4b5d-8836-dc9bbf30ff98	1	191033666	193186662	1383	0.069
fb504c0c-2c3c-4b5d-8836-dc9bbf30ff98	1	193187149	193187187	2	-1.2262
fb504c0c-2c3c-4b5d-8836-dc9bbf30ff98	1	193187202	199138574	3830	0.0782
fb504c0c-2c3c-4b5d-8836-dc9bbf30ff98	1	199142235	199144712	9	-0.7008
fb504c0c-2c3c-4b5d-8836-dc9bbf30ff98	1	199145110	199762642	406	0.0694
fb504c0c-2c3c-4b5d-8836-dc9bbf30ff98	1	199767067	202598144	1896	0.391
fb504c0c-2c3c-4b5d-8836-dc9bbf30ff98	1	202598425	202598658	3	-0.8057
fb504c0c-2c3c-4b5d-8836-dc9bbf30ff98	1	202599414	220793942	12675	0.3937
fb504c0c-2c3c-4b5d-8836-dc9bbf30ff98	1	220797042	220797251	5	-0.3126
fb504c0c-2c3c-4b5d-8836-dc9bbf30ff98	1	220797706	223471064	1776	0.3899
fb504c0c-2c3c-4b5d-8836-dc9bbf30ff98	1	223471097	223471914	3	-0.9349
fb504c0c-2c3c-4b5d-8836-dc9bbf30ff98	1	223472019	225478047	1223	0.3779
fb504c0c-2c3c-4b5d-8836-dc9bbf30ff98	1	225480329	229412235	2295	0.3346
fb504c0c-2c3c-4b5d-8836-dc9bbf30ff98	1	229414929	248930189	14134	-0.0375
fb504c0c-2c3c-4b5d-8836-dc9bbf30ff98	2	12784	295136	179	0.0347
fb504c0c-2c3c-4b5d-8836-dc9bbf30ff98	2	295255	296852	4	-1.1444
fb504c0c-2c3c-4b5d-8836-dc9bbf30ff98	2	300879	29420466	20445	0.0536
fb504c0c-2c3c-4b5d-8836-dc9bbf30ff98	2	29421019	29421356	5	-1.0584
fb504c0c-2c3c-4b5d-8836-dc9bbf30ff98	2	29421729	34485661	3440	0.054
fb504c0c-2c3c-4b5d-8836-dc9bbf30ff98	2	34485743	34498234	28	-0.3482
fb504c0c-2c3c-4b5d-8836-dc9bbf30ff98	2	34501613	43328255	6514	0.0594
fb504c0c-2c3c-4b5d-8836-dc9bbf30ff98	2	43328367	43328666	2	-1.5491
fb504c0c-2c3c-4b5d-8836-dc9bbf30ff98	2	43332337	52527743	6490	0.0463
fb504c0c-2c3c-4b5d-8836-dc9bbf30ff98	2	52531615	52554404	33	0.5705
fb504c0c-2c3c-4b5d-8836-dc9bbf30ff98	2	52560811	87218834	22015	0.0563
fb504c0c-2c3c-4b5d-8836-dc9bbf30ff98	2	87221597	87696853	91	0.568
fb504c0c-2c3c-4b5d-8836-dc9bbf30ff98	2	87725148	97359885	1729	0.0503
fb504c0c-2c3c-4b5d-8836-dc9bbf30ff98	2	97524284	97545726	9	1.1151
fb504c0c-2c3c-4b5d-8836-dc9bbf30ff98	2	97550415	122719438	15051	0.052
fb504c0c-2c3c-4b5d-8836-dc9bbf30ff98	2	122722323	122724665	8	-0.9669
fb504c0c-2c3c-4b5d-8836-dc9bbf30ff98	2	122726077	130036283	4773	0.0615
fb504c0c-2c3c-4b5d-8836-dc9bbf30ff98	2	130036310	130116915	13	-0.5815
fb504c0c-2c3c-4b5d-8836-dc9bbf30ff98	2	130117303	146106875	9525	0.0556
fb504c0c-2c3c-4b5d-8836-dc9bbf30ff98	2	146106889	146109366	21	0.7961
fb504c0c-2c3c-4b5d-8836-dc9bbf30ff98	2	146120238	225839662	48865	0.0621
fb504c0c-2c3c-4b5d-8836-dc9bbf30ff98	2	225841738	242147305	10107	-0.4451
fb504c0c-2c3c-4b5d-8836-dc9bbf30ff98	3	20930	37935926	27514	-0.4093
fb504c0c-2c3c-4b5d-8836-dc9bbf30ff98	3	37940970	37945437	17	-2.0171
fb504c0c-2c3c-4b5d-8836-dc9bbf30ff98	3	37945615	68697013	20061	-0.4211
fb504c0c-2c3c-4b5d-8836-dc9bbf30ff98	3	68697108	68697295	3	-2.3006
fb504c0c-2c3c-4b5d-8836-dc9bbf30ff98	3	68697557	68698138	8	-1.324
fb504c0c-2c3c-4b5d-8836-dc9bbf30ff98	3	68698178	68698262	3	-2.1966
fb504c0c-2c3c-4b5d-8836-dc9bbf30ff98	3	68699607	74585946	4457	-0.4285
fb504c0c-2c3c-4b5d-8836-dc9bbf30ff98	3	74597741	74598116	2	-1.9432
fb504c0c-2c3c-4b5d-8836-dc9bbf30ff98	3	74600034	79718374	2805	-0.3983
fb504c0c-2c3c-4b5d-8836-dc9bbf30ff98	3	79718896	79755982	24	-1.1876
fb504c0c-2c3c-4b5d-8836-dc9bbf30ff98	3	79758360	81658539	1082	-0.4201
fb504c0c-2c3c-4b5d-8836-dc9bbf30ff98	3	81667071	99225754	7518	0.0622
fb504c0c-2c3c-4b5d-8836-dc9bbf30ff98	3	99225775	99232990	36	-0.4965
fb504c0c-2c3c-4b5d-8836-dc9bbf30ff98	3	99233548	123220310	14624	0.0619
fb504c0c-2c3c-4b5d-8836-dc9bbf30ff98	3	123221530	123222108	2	-1.8337
fb504c0c-2c3c-4b5d-8836-dc9bbf30ff98	3	123225512	130044016	4065	0.0526
fb504c0c-2c3c-4b5d-8836-dc9bbf30ff98	3	130044855	130124023	51	-0.2287
fb504c0c-2c3c-4b5d-8836-dc9bbf30ff98	3	130124329	137314218	4485	0.0589
fb504c0c-2c3c-4b5d-8836-dc9bbf30ff98	3	137314418	137314421	3	-1.2178
fb504c0c-2c3c-4b5d-8836-dc9bbf30ff98	3	137314580	151792254	9072	0.0628
fb504c0c-2c3c-4b5d-8836-dc9bbf30ff98	3	151793297	151828091	29	-1.2299
fb504c0c-2c3c-4b5d-8836-dc9bbf30ff98	3	151830703	162807070	6670	0.0683
fb504c0c-2c3c-4b5d-8836-dc9bbf30ff98	3	162810842	162822702	10	-0.9951
fb504c0c-2c3c-4b5d-8836-dc9bbf30ff98	3	162827928	162863585	19	0.1077
fb504c0c-2c3c-4b5d-8836-dc9bbf30ff98	3	162863680	162908815	31	-0.3194
fb504c0c-2c3c-4b5d-8836-dc9bbf30ff98	3	162910826	164097779	695	0.063
fb504c0c-2c3c-4b5d-8836-dc9bbf30ff98	3	164098411	164111563	5	1.1365
fb504c0c-2c3c-4b5d-8836-dc9bbf30ff98	3	164113459	189642965	15953	0.0611
fb504c0c-2c3c-4b5d-8836-dc9bbf30ff98	3	189645889	189646849	11	-0.8765
fb504c0c-2c3c-4b5d-8836-dc9bbf30ff98	3	189653199	193160804	2496	0.0608
fb504c0c-2c3c-4b5d-8836-dc9bbf30ff98	3	193161032	193161217	2	-1.4583
fb504c0c-2c3c-4b5d-8836-dc9bbf30ff98	3	193162684	195695422	1506	0.0525
fb504c0c-2c3c-4b5d-8836-dc9bbf30ff98	3	195702737	195801753	57	-0.2998
fb504c0c-2c3c-4b5d-8836-dc9bbf30ff98	3	195802815	198142659	1139	0.0599
fb504c0c-2c3c-4b5d-8836-dc9bbf30ff98	3	198169114	198169247	4	-0.4572
fb504c0c-2c3c-4b5d-8836-dc9bbf30ff98	4	68929	12329132	7480	0.0432
fb504c0c-2c3c-4b5d-8836-dc9bbf30ff98	4	12340485	12341951	3	1.7262
fb504c0c-2c3c-4b5d-8836-dc9bbf30ff98	4	12342459	34777382	15206	0.0614
fb504c0c-2c3c-4b5d-8836-dc9bbf30ff98	4	34777403	34823103	41	-0.5242
fb504c0c-2c3c-4b5d-8836-dc9bbf30ff98	4	34828250	40698556	3874	0.0483
fb504c0c-2c3c-4b5d-8836-dc9bbf30ff98	4	40701994	40702175	3	-3.8653
fb504c0c-2c3c-4b5d-8836-dc9bbf30ff98	4	40702670	41220435	368	0.0674
fb504c0c-2c3c-4b5d-8836-dc9bbf30ff98	4	41225900	41230733	5	-0.7257
fb504c0c-2c3c-4b5d-8836-dc9bbf30ff98	4	41230882	44964987	2336	0.057
fb504c0c-2c3c-4b5d-8836-dc9bbf30ff98	4	44965001	44997602	39	0.7064
fb504c0c-2c3c-4b5d-8836-dc9bbf30ff98	4	45001503	59107300	7166	0.0566
fb504c0c-2c3c-4b5d-8836-dc9bbf30ff98	4	59108353	59122391	9	0.7175
fb504c0c-2c3c-4b5d-8836-dc9bbf30ff98	4	59123359	63823000	2740	0.0563
fb504c0c-2c3c-4b5d-8836-dc9bbf30ff98	4	63825160	63842540	33	0.3855
fb504c0c-2c3c-4b5d-8836-dc9bbf30ff98	4	63850713	68389352	2853	0.0613
fb504c0c-2c3c-4b5d-8836-dc9bbf30ff98	4	68391041	68509237	23	0.1198
fb504c0c-2c3c-4b5d-8836-dc9bbf30ff98	4	68509442	68640616	66	0.611
fb504c0c-2c3c-4b5d-8836-dc9bbf30ff98	4	68655691	69261926	313	0.073
fb504c0c-2c3c-4b5d-8836-dc9bbf30ff98	4	69261934	69366081	53	-0.7192
fb504c0c-2c3c-4b5d-8836-dc9bbf30ff98	4	69366304	114252544	27325	0.0619
fb504c0c-2c3c-4b5d-8836-dc9bbf30ff98	4	114254167	114263096	25	0.6838
fb504c0c-2c3c-4b5d-8836-dc9bbf30ff98	4	114263110	115244712	607	0.0551
fb504c0c-2c3c-4b5d-8836-dc9bbf30ff98	4	115244948	115254969	23	-0.6487
fb504c0c-2c3c-4b5d-8836-dc9bbf30ff98	4	115259026	121360818	3703	0.067
fb504c0c-2c3c-4b5d-8836-dc9bbf30ff98	4	121361313	121369976	29	-0.8362
fb504c0c-2c3c-4b5d-8836-dc9bbf30ff98	4	121370367	129962169	4934	0.066
fb504c0c-2c3c-4b5d-8836-dc9bbf30ff98	4	129966116	130008795	30	-0.2758
fb504c0c-2c3c-4b5d-8836-dc9bbf30ff98	4	130015629	132267989	1178	0.0726
fb504c0c-2c3c-4b5d-8836-dc9bbf30ff98	4	132277177	132277486	2	-1.6361
fb504c0c-2c3c-4b5d-8836-dc9bbf30ff98	4	132277997	132375518	57	0.0255
fb504c0c-2c3c-4b5d-8836-dc9bbf30ff98	4	132375635	132375715	2	-1.8792
fb504c0c-2c3c-4b5d-8836-dc9bbf30ff98	4	132380796	153448576	12497	0.0628
fb504c0c-2c3c-4b5d-8836-dc9bbf30ff98	4	153453206	153457543	3	-0.9564
fb504c0c-2c3c-4b5d-8836-dc9bbf30ff98	4	153458091	160958866	4877	0.0581
fb504c0c-2c3c-4b5d-8836-dc9bbf30ff98	4	160958972	160963448	19	-0.6127
fb504c0c-2c3c-4b5d-8836-dc9bbf30ff98	4	160963756	172501371	7316	0.0664
fb504c0c-2c3c-4b5d-8836-dc9bbf30ff98	4	172503796	172507492	7	0.9848
fb504c0c-2c3c-4b5d-8836-dc9bbf30ff98	4	172519981	185024445	8476	0.0632
fb504c0c-2c3c-4b5d-8836-dc9bbf30ff98	4	185025977	188300104	2221	0.4092
fb504c0c-2c3c-4b5d-8836-dc9bbf30ff98	4	188300206	188300285	4	-1.3826
fb504c0c-2c3c-4b5d-8836-dc9bbf30ff98	4	188301659	190036988	1136	0.3944
fb504c0c-2c3c-4b5d-8836-dc9bbf30ff98	4	190046094	190106768	5	-0.1411
fb504c0c-2c3c-4b5d-8836-dc9bbf30ff98	5	15532	8702128	6925	0.0384
fb504c0c-2c3c-4b5d-8836-dc9bbf30ff98	5	8702410	8747030	47	-0.7792
fb504c0c-2c3c-4b5d-8836-dc9bbf30ff98	5	8749619	15718383	5181	0.0622
fb504c0c-2c3c-4b5d-8836-dc9bbf30ff98	5	15719113	15720488	11	-0.8435
fb504c0c-2c3c-4b5d-8836-dc9bbf30ff98	5	15723237	21376735	3479	0.0453
fb504c0c-2c3c-4b5d-8836-dc9bbf30ff98	5	21377730	21377744	2	-2.0145
fb504c0c-2c3c-4b5d-8836-dc9bbf30ff98	5	21385957	27524345	3578	0.0468
fb504c0c-2c3c-4b5d-8836-dc9bbf30ff98	5	27525283	27525913	10	-0.68
fb504c0c-2c3c-4b5d-8836-dc9bbf30ff98	5	27527372	58025759	16484	0.0572
fb504c0c-2c3c-4b5d-8836-dc9bbf30ff98	5	58030200	58037466	30	-0.6657
fb504c0c-2c3c-4b5d-8836-dc9bbf30ff98	5	58037688	85748450	16346	0.0579
fb504c0c-2c3c-4b5d-8836-dc9bbf30ff98	5	85749293	85941443	121	0.3953
fb504c0c-2c3c-4b5d-8836-dc9bbf30ff98	5	85952078	89594138	1899	0.0507
fb504c0c-2c3c-4b5d-8836-dc9bbf30ff98	5	89594811	89599533	2	-1.4688
fb504c0c-2c3c-4b5d-8836-dc9bbf30ff98	5	89599755	104515520	8458	0.0696
fb504c0c-2c3c-4b5d-8836-dc9bbf30ff98	5	104524672	104524903	4	-1.6186
fb504c0c-2c3c-4b5d-8836-dc9bbf30ff98	5	104525348	104612534	90	0.0355
fb504c0c-2c3c-4b5d-8836-dc9bbf30ff98	5	104616980	104619553	8	-0.5565
fb504c0c-2c3c-4b5d-8836-dc9bbf30ff98	5	104625595	110266968	3598	0.0628
fb504c0c-2c3c-4b5d-8836-dc9bbf30ff98	5	110271301	110273689	3	-1.4175
fb504c0c-2c3c-4b5d-8836-dc9bbf30ff98	5	110274352	150689952	26009	0.058
fb504c0c-2c3c-4b5d-8836-dc9bbf30ff98	5	150690742	150726527	25	-0.353
fb504c0c-2c3c-4b5d-8836-dc9bbf30ff98	5	150729930	152135825	1016	0.0485
fb504c0c-2c3c-4b5d-8836-dc9bbf30ff98	5	152135909	152140710	13	-0.8401
fb504c0c-2c3c-4b5d-8836-dc9bbf30ff98	5	152140861	155582709	2285	0.0553
fb504c0c-2c3c-4b5d-8836-dc9bbf30ff98	5	155585068	155589981	5	-1.6029
fb504c0c-2c3c-4b5d-8836-dc9bbf30ff98	5	155590393	177771448	15155	0.0559
fb504c0c-2c3c-4b5d-8836-dc9bbf30ff98	5	177800550	177805604	3	3.2474
fb504c0c-2c3c-4b5d-8836-dc9bbf30ff98	5	177827964	178680821	447	0.0316
fb504c0c-2c3c-4b5d-8836-dc9bbf30ff98	5	178682974	178685260	2	-2.8136
fb504c0c-2c3c-4b5d-8836-dc9bbf30ff98	5	178686162	181363319	1530	0.0292
fb504c0c-2c3c-4b5d-8836-dc9bbf30ff98	6	149661	20445983	15811	-0.0352
fb504c0c-2c3c-4b5d-8836-dc9bbf30ff98	6	20448972	26743855	4402	0.3388
fb504c0c-2c3c-4b5d-8836-dc9bbf30ff98	6	26747492	26759781	5	-0.5567
fb504c0c-2c3c-4b5d-8836-dc9bbf30ff98	6	26831719	29288643	1050	0.3274
fb504c0c-2c3c-4b5d-8836-dc9bbf30ff98	6	29290627	29875657	373	0.03
fb504c0c-2c3c-4b5d-8836-dc9bbf30ff98	6	29876257	29881490	7	-1.6462
fb504c0c-2c3c-4b5d-8836-dc9bbf30ff98	6	29882419	33970222	2034	0.0371
fb504c0c-2c3c-4b5d-8836-dc9bbf30ff98	6	33970966	33974928	7	-3.7116
fb504c0c-2c3c-4b5d-8836-dc9bbf30ff98	6	33976809	35752748	923	0.0487
fb504c0c-2c3c-4b5d-8836-dc9bbf30ff98	6	35754662	41650440	4163	-0.0099
fb504c0c-2c3c-4b5d-8836-dc9bbf30ff98	6	41651023	41652139	5	-0.7743
fb504c0c-2c3c-4b5d-8836-dc9bbf30ff98	6	41652999	41914385	141	-0.0293
fb504c0c-2c3c-4b5d-8836-dc9bbf30ff98	6	41916818	44892930	1687	0.0513
fb504c0c-2c3c-4b5d-8836-dc9bbf30ff98	6	44893146	44916206	5	-0.829
fb504c0c-2c3c-4b5d-8836-dc9bbf30ff98	6	44916267	54066286	5946	0.056
fb504c0c-2c3c-4b5d-8836-dc9bbf30ff98	6	54066353	54067057	7	-1.3916
fb504c0c-2c3c-4b5d-8836-dc9bbf30ff98	6	54070550	61531071	2549	0.0651
fb504c0c-2c3c-4b5d-8836-dc9bbf30ff98	6	61531078	65000836	1913	-0.413
fb504c0c-2c3c-4b5d-8836-dc9bbf30ff98	6	65001506	65003899	3	-2.1464
fb504c0c-2c3c-4b5d-8836-dc9bbf30ff98	6	65007491	73882142	5896	-0.4096
fb504c0c-2c3c-4b5d-8836-dc9bbf30ff98	6	73882509	73891694	10	0.5391
fb504c0c-2c3c-4b5d-8836-dc9bbf30ff98	6	73893839	76307360	1477	-0.4055
fb504c0c-2c3c-4b5d-8836-dc9bbf30ff98	6	76312261	76314644	9	-1.0234
fb504c0c-2c3c-4b5d-8836-dc9bbf30ff98	6	76314659	76315003	10	-0.6872
fb504c0c-2c3c-4b5d-8836-dc9bbf30ff98	6	76317033	76317890	6	-1.0744
fb504c0c-2c3c-4b5d-8836-dc9bbf30ff98	6	76318064	77643049	879	-0.3789
fb504c0c-2c3c-4b5d-8836-dc9bbf30ff98	6	77645883	77646522	6	-2.3495
fb504c0c-2c3c-4b5d-8836-dc9bbf30ff98	6	77648058	78253172	374	-0.4296
fb504c0c-2c3c-4b5d-8836-dc9bbf30ff98	6	78259348	78325468	113	0.1669
fb504c0c-2c3c-4b5d-8836-dc9bbf30ff98	6	78329517	103286954	15436	-0.4115
fb504c0c-2c3c-4b5d-8836-dc9bbf30ff98	6	103290101	103314186	46	0.1011
fb504c0c-2c3c-4b5d-8836-dc9bbf30ff98	6	103317795	111073366	4804	-0.4263
fb504c0c-2c3c-4b5d-8836-dc9bbf30ff98	6	111073399	111073435	2	-3.7728
fb504c0c-2c3c-4b5d-8836-dc9bbf30ff98	6	111073726	111902405	483	-0.4046
fb504c0c-2c3c-4b5d-8836-dc9bbf30ff98	6	111910712	111928907	14	-1.2105
fb504c0c-2c3c-4b5d-8836-dc9bbf30ff98	6	111936275	115920657	2442	-0.4153
fb504c0c-2c3c-4b5d-8836-dc9bbf30ff98	6	115921104	115921577	2	-2.9786
fb504c0c-2c3c-4b5d-8836-dc9bbf30ff98	6	115922215	133945130	11280	-0.4096
fb504c0c-2c3c-4b5d-8836-dc9bbf30ff98	6	133947933	133948494	2	-2.5564
fb504c0c-2c3c-4b5d-8836-dc9bbf30ff98	6	133950934	157671748	15776	-0.4179
fb504c0c-2c3c-4b5d-8836-dc9bbf30ff98	6	157673270	157674251	3	-2.1929
fb504c0c-2c3c-4b5d-8836-dc9bbf30ff98	6	157675266	166431854	6504	-0.4261
fb504c0c-2c3c-4b5d-8836-dc9bbf30ff98	6	166432562	170241716	2478	-0.4867
fb504c0c-2c3c-4b5d-8836-dc9bbf30ff98	6	170244076	170741917	234	-0.405
fb504c0c-2c3c-4b5d-8836-dc9bbf30ff98	7	43355	5861567	3045	0.3769
fb504c0c-2c3c-4b5d-8836-dc9bbf30ff98	7	5861644	5888325	12	-0.1794
fb504c0c-2c3c-4b5d-8836-dc9bbf30ff98	7	5890914	6845907	376	0.3579
fb504c0c-2c3c-4b5d-8836-dc9bbf30ff98	7	6853677	6880649	10	-0.4782
fb504c0c-2c3c-4b5d-8836-dc9bbf30ff98	7	6889070	14970188	6596	0.3911
fb504c0c-2c3c-4b5d-8836-dc9bbf30ff98	7	14978234	14995946	14	0.9555
fb504c0c-2c3c-4b5d-8836-dc9bbf30ff98	7	14999874	16130033	941	0.4017
fb504c0c-2c3c-4b5d-8836-dc9bbf30ff98	7	16131935	16132634	2	1.8372
fb504c0c-2c3c-4b5d-8836-dc9bbf30ff98	7	16137216	19180847	2589	0.4034
fb504c0c-2c3c-4b5d-8836-dc9bbf30ff98	7	19180879	19185191	12	-0.0973
fb504c0c-2c3c-4b5d-8836-dc9bbf30ff98	7	19199968	32102645	9549	0.3892
fb504c0c-2c3c-4b5d-8836-dc9bbf30ff98	7	32104749	32123476	5	-0.8162
fb504c0c-2c3c-4b5d-8836-dc9bbf30ff98	7	32125901	38251092	4212	0.3979
fb504c0c-2c3c-4b5d-8836-dc9bbf30ff98	7	38251113	38263833	8	1.3846
fb504c0c-2c3c-4b5d-8836-dc9bbf30ff98	7	38271122	38368593	124	0.5515
fb504c0c-2c3c-4b5d-8836-dc9bbf30ff98	7	38368878	48510037	6705	0.3955
fb504c0c-2c3c-4b5d-8836-dc9bbf30ff98	7	48510906	48541346	25	0.5189
fb504c0c-2c3c-4b5d-8836-dc9bbf30ff98	7	48542256	48552429	8	-0.3329
fb504c0c-2c3c-4b5d-8836-dc9bbf30ff98	7	48560583	49496712	665	0.3874
fb504c0c-2c3c-4b5d-8836-dc9bbf30ff98	7	49496915	54305455	3580	0.0487
fb504c0c-2c3c-4b5d-8836-dc9bbf30ff98	7	54318812	54318824	6	-1.1833
fb504c0c-2c3c-4b5d-8836-dc9bbf30ff98	7	54325795	56997653	1613	0.03
fb504c0c-2c3c-4b5d-8836-dc9bbf30ff98	7	56999885	57016425	3	-1.232
fb504c0c-2c3c-4b5d-8836-dc9bbf30ff98	7	57048761	67164253	2111	0.0354
fb504c0c-2c3c-4b5d-8836-dc9bbf30ff98	7	67164342	67233947	23	-0.869
fb504c0c-2c3c-4b5d-8836-dc9bbf30ff98	7	67234797	72110772	3158	0.0331
fb504c0c-2c3c-4b5d-8836-dc9bbf30ff98	7	72111125	72111259	2	-1.3813
fb504c0c-2c3c-4b5d-8836-dc9bbf30ff98	7	72115790	88738943	9101	0.0457
fb504c0c-2c3c-4b5d-8836-dc9bbf30ff98	7	88739218	88760000	22	-0.3209
fb504c0c-2c3c-4b5d-8836-dc9bbf30ff98	7	88760399	94730954	3888	0.049
fb504c0c-2c3c-4b5d-8836-dc9bbf30ff98	7	94731495	109789993	8491	0.0843
fb504c0c-2c3c-4b5d-8836-dc9bbf30ff98	7	109793690	109813853	39	0.588
fb504c0c-2c3c-4b5d-8836-dc9bbf30ff98	7	109813925	134100424	14735	0.0954
fb504c0c-2c3c-4b5d-8836-dc9bbf30ff98	7	134100442	134111088	27	-2.0154
fb504c0c-2c3c-4b5d-8836-dc9bbf30ff98	7	134113300	134114444	8	-0.7074
fb504c0c-2c3c-4b5d-8836-dc9bbf30ff98	7	134121491	142069880	5188	0.0989
fb504c0c-2c3c-4b5d-8836-dc9bbf30ff98	7	142069891	142087828	22	0.4628
fb504c0c-2c3c-4b5d-8836-dc9bbf30ff98	7	142087846	144176859	1211	0.0947
fb504c0c-2c3c-4b5d-8836-dc9bbf30ff98	7	144199159	144306653	11	0.8043
fb504c0c-2c3c-4b5d-8836-dc9bbf30ff98	7	144312471	154598185	6412	0.0925
fb504c0c-2c3c-4b5d-8836-dc9bbf30ff98	7	154601461	154607903	4	1.0803
fb504c0c-2c3c-4b5d-8836-dc9bbf30ff98	7	154609120	158913101	2933	0.0996
fb504c0c-2c3c-4b5d-8836-dc9bbf30ff98	7	158913116	159209715	207	-0.0324
fb504c0c-2c3c-4b5d-8836-dc9bbf30ff98	7	159214650	159324925	77	0.0854
fb504c0c-2c3c-4b5d-8836-dc9bbf30ff98	7	159324952	159334314	12	0.3063
fb504c0c-2c3c-4b5d-8836-dc9bbf30ff98	8	81254	213414	7	0.5808
fb504c0c-2c3c-4b5d-8836-dc9bbf30ff98	8	214984	5736610	5988	0.035
fb504c0c-2c3c-4b5d-8836-dc9bbf30ff98	8	5736745	5746973	28	-0.7939
fb504c0c-2c3c-4b5d-8836-dc9bbf30ff98	8	5749566	6956923	1557	0.0513
fb504c0c-2c3c-4b5d-8836-dc9bbf30ff98	8	6957134	6957806	6	-0.981
fb504c0c-2c3c-4b5d-8836-dc9bbf30ff98	8	6958057	6968330	26	0.0449
fb504c0c-2c3c-4b5d-8836-dc9bbf30ff98	8	6968741	6969677	12	-0.5749
fb504c0c-2c3c-4b5d-8836-dc9bbf30ff98	8	6975846	12177488	3385	0.0414
fb504c0c-2c3c-4b5d-8836-dc9bbf30ff98	8	12323772	12418301	30	0.5013
fb504c0c-2c3c-4b5d-8836-dc9bbf30ff98	8	12419769	15857331	3062	0.052
fb504c0c-2c3c-4b5d-8836-dc9bbf30ff98	8	15860538	22642498	5668	-0.0043
fb504c0c-2c3c-4b5d-8836-dc9bbf30ff98	8	22643129	25114672	1683	0.0514
fb504c0c-2c3c-4b5d-8836-dc9bbf30ff98	8	25116928	25126818	27	-2.4689
fb504c0c-2c3c-4b5d-8836-dc9bbf30ff98	8	25133589	27021561	1480	0.0516
fb504c0c-2c3c-4b5d-8836-dc9bbf30ff98	8	27022006	27023165	6	-0.8335
fb504c0c-2c3c-4b5d-8836-dc9bbf30ff98	8	27029290	39372806	7522	0.0516
fb504c0c-2c3c-4b5d-8836-dc9bbf30ff98	8	39373140	39529446	60	0.934
fb504c0c-2c3c-4b5d-8836-dc9bbf30ff98	8	39530780	51006172	5132	0.0604
fb504c0c-2c3c-4b5d-8836-dc9bbf30ff98	8	51010217	88493705	22964	0.4106
fb504c0c-2c3c-4b5d-8836-dc9bbf30ff98	8	88498459	97522584	5709	0.4696
fb504c0c-2c3c-4b5d-8836-dc9bbf30ff98	8	97527668	97536598	4	0.0156
fb504c0c-2c3c-4b5d-8836-dc9bbf30ff98	8	97536949	111279265	8195	0.7192
fb504c0c-2c3c-4b5d-8836-dc9bbf30ff98	8	111282050	111283016	9	-1.5899
fb504c0c-2c3c-4b5d-8836-dc9bbf30ff98	8	111283031	114619814	1824	0.7226
fb504c0c-2c3c-4b5d-8836-dc9bbf30ff98	8	114622258	114629502	35	0.2434
fb504c0c-2c3c-4b5d-8836-dc9bbf30ff98	8	114638468	116820421	1367	0.7228
fb504c0c-2c3c-4b5d-8836-dc9bbf30ff98	8	116823892	123347165	4527	0.8824
fb504c0c-2c3c-4b5d-8836-dc9bbf30ff98	8	123349340	123587546	159	1.2295
fb504c0c-2c3c-4b5d-8836-dc9bbf30ff98	8	123589421	123600584	4	2.2804
fb504c0c-2c3c-4b5d-8836-dc9bbf30ff98	8	123603376	129568728	4282	1.2045
fb504c0c-2c3c-4b5d-8836-dc9bbf30ff98	8	129574074	139168820	7656	0.8471
fb504c0c-2c3c-4b5d-8836-dc9bbf30ff98	8	139171019	141574857	1634	0.6288
fb504c0c-2c3c-4b5d-8836-dc9bbf30ff98	8	141576010	141580496	2	-1.0764
fb504c0c-2c3c-4b5d-8836-dc9bbf30ff98	8	141585696	142384318	473	0.6149
fb504c0c-2c3c-4b5d-8836-dc9bbf30ff98	8	142384519	142384532	2	-2.581
fb504c0c-2c3c-4b5d-8836-dc9bbf30ff98	8	142392565	143227622	320	0.6297
fb504c0c-2c3c-4b5d-8836-dc9bbf30ff98	8	143227655	143228447	8	-0.5107
fb504c0c-2c3c-4b5d-8836-dc9bbf30ff98	8	143232207	145072769	631	0.626
fb504c0c-2c3c-4b5d-8836-dc9bbf30ff98	9	46587	672786	650	-0.0011
fb504c0c-2c3c-4b5d-8836-dc9bbf30ff98	9	672895	673512	5	-1.7311
fb504c0c-2c3c-4b5d-8836-dc9bbf30ff98	9	676055	41451846	30568	0.0296
fb504c0c-2c3c-4b5d-8836-dc9bbf30ff98	9	41473331	42014203	33	0.3697
fb504c0c-2c3c-4b5d-8836-dc9bbf30ff98	9	42037471	42179276	20	-1.6383
fb504c0c-2c3c-4b5d-8836-dc9bbf30ff98	9	42202227	42585140	18	-0.4752
fb504c0c-2c3c-4b5d-8836-dc9bbf30ff98	9	42697878	42719891	10	1.1942
fb504c0c-2c3c-4b5d-8836-dc9bbf30ff98	9	42720266	61378951	43	0.0831
fb504c0c-2c3c-4b5d-8836-dc9bbf30ff98	9	61405110	61629689	29	0.5551
fb504c0c-2c3c-4b5d-8836-dc9bbf30ff98	9	61633080	64493528	97	-0.0441
fb504c0c-2c3c-4b5d-8836-dc9bbf30ff98	9	64495298	64510407	8	-1.0668
fb504c0c-2c3c-4b5d-8836-dc9bbf30ff98	9	64520620	75337570	4994	0.0399
fb504c0c-2c3c-4b5d-8836-dc9bbf30ff98	9	75337679	75341442	3	-1.4842
fb504c0c-2c3c-4b5d-8836-dc9bbf30ff98	9	75350902	106761735	22062	0.0424
fb504c0c-2c3c-4b5d-8836-dc9bbf30ff98	9	106768408	116683132	7563	-0.422
fb504c0c-2c3c-4b5d-8836-dc9bbf30ff98	9	116686951	116691790	3	-2.2793
fb504c0c-2c3c-4b5d-8836-dc9bbf30ff98	9	116692194	118050820	1288	-0.4222
fb504c0c-2c3c-4b5d-8836-dc9bbf30ff98	9	118051263	118051398	3	-1.6758
fb504c0c-2c3c-4b5d-8836-dc9bbf30ff98	9	118052674	118581710	377	-0.416
fb504c0c-2c3c-4b5d-8836-dc9bbf30ff98	9	118584407	135371843	10546	0.0288
fb504c0c-2c3c-4b5d-8836-dc9bbf30ff98	9	135374850	135458638	55	-0.2322
fb504c0c-2c3c-4b5d-8836-dc9bbf30ff98	9	135459768	137358336	598	0.0232
fb504c0c-2c3c-4b5d-8836-dc9bbf30ff98	9	137358495	137361381	4	-0.8065
fb504c0c-2c3c-4b5d-8836-dc9bbf30ff98	9	137378551	138200944	407	0.0276
fb504c0c-2c3c-4b5d-8836-dc9bbf30ff98	10	45792	11448024	9777	-0.3289
fb504c0c-2c3c-4b5d-8836-dc9bbf30ff98	10	11452337	20493656	7114	0.0521
fb504c0c-2c3c-4b5d-8836-dc9bbf30ff98	10	20494467	20526776	26	0.6129
fb504c0c-2c3c-4b5d-8836-dc9bbf30ff98	10	20532967	24086334	2224	0.0573
fb504c0c-2c3c-4b5d-8836-dc9bbf30ff98	10	24088745	24089125	11	0.5921
fb504c0c-2c3c-4b5d-8836-dc9bbf30ff98	10	24089979	26939421	1993	0.0496
fb504c0c-2c3c-4b5d-8836-dc9bbf30ff98	10	26939492	26941064	5	-0.7484
fb504c0c-2c3c-4b5d-8836-dc9bbf30ff98	10	26941746	45798061	10222	0.0568
fb504c0c-2c3c-4b5d-8836-dc9bbf30ff98	10	45798171	45817039	2	-1.6699
fb504c0c-2c3c-4b5d-8836-dc9bbf30ff98	10	45936113	46657149	281	0.0445
fb504c0c-2c3c-4b5d-8836-dc9bbf30ff98	10	46693480	46836986	10	0.8092
fb504c0c-2c3c-4b5d-8836-dc9bbf30ff98	10	46898735	49792548	1601	0.0566
fb504c0c-2c3c-4b5d-8836-dc9bbf30ff98	10	49796090	49802852	5	-0.9344
fb504c0c-2c3c-4b5d-8836-dc9bbf30ff98	10	49806996	51445316	968	0.0318
fb504c0c-2c3c-4b5d-8836-dc9bbf30ff98	10	51447874	51450517	5	-1.1213
fb504c0c-2c3c-4b5d-8836-dc9bbf30ff98	10	51451689	58846728	5513	0.0671
fb504c0c-2c3c-4b5d-8836-dc9bbf30ff98	10	58846964	58847230	2	-1.4988
fb504c0c-2c3c-4b5d-8836-dc9bbf30ff98	10	58847410	59605724	571	0.0872
fb504c0c-2c3c-4b5d-8836-dc9bbf30ff98	10	59606045	59606047	3	-1.6955
fb504c0c-2c3c-4b5d-8836-dc9bbf30ff98	10	59606506	65958173	4402	0.0673
fb504c0c-2c3c-4b5d-8836-dc9bbf30ff98	10	65960700	76374773	6335	0.3973
fb504c0c-2c3c-4b5d-8836-dc9bbf30ff98	10	76375361	122574497	31436	-0.4197
fb504c0c-2c3c-4b5d-8836-dc9bbf30ff98	10	122584593	122587462	5	-2.3827
fb504c0c-2c3c-4b5d-8836-dc9bbf30ff98	10	122591497	133654968	7861	-0.4564
fb504c0c-2c3c-4b5d-8836-dc9bbf30ff98	11	198510	4946420	2399	-0.44
fb504c0c-2c3c-4b5d-8836-dc9bbf30ff98	11	4947280	4955042	30	-1.8629
fb504c0c-2c3c-4b5d-8836-dc9bbf30ff98	11	4955781	5766175	782	-0.4164
fb504c0c-2c3c-4b5d-8836-dc9bbf30ff98	11	5766850	5787909	32	-3.2127
fb504c0c-2c3c-4b5d-8836-dc9bbf30ff98	11	5788108	14568889	6578	-0.4331
fb504c0c-2c3c-4b5d-8836-dc9bbf30ff98	11	14571364	24260982	7112	0.0473
fb504c0c-2c3c-4b5d-8836-dc9bbf30ff98	11	24264675	24265953	4	-1.3867
fb504c0c-2c3c-4b5d-8836-dc9bbf30ff98	11	24267993	50710522	17090	0.052
fb504c0c-2c3c-4b5d-8836-dc9bbf30ff98	11	50723208	55756095	490	0.1593
fb504c0c-2c3c-4b5d-8836-dc9bbf30ff98	11	55759171	61919953	3629	0.0492
fb504c0c-2c3c-4b5d-8836-dc9bbf30ff98	11	61920202	62746849	498	-0.0337
fb504c0c-2c3c-4b5d-8836-dc9bbf30ff98	11	62747328	62768456	9	-0.7041
fb504c0c-2c3c-4b5d-8836-dc9bbf30ff98	11	62770802	65746815	1253	-0.0205
fb504c0c-2c3c-4b5d-8836-dc9bbf30ff98	11	65747336	77353313	5813	0.0328
fb504c0c-2c3c-4b5d-8836-dc9bbf30ff98	11	77357109	133915231	39988	-0.4224
fb504c0c-2c3c-4b5d-8836-dc9bbf30ff98	11	133924593	135074876	857	-0.5333
fb504c0c-2c3c-4b5d-8836-dc9bbf30ff98	12	51460	71531	5	0.0285
fb504c0c-2c3c-4b5d-8836-dc9bbf30ff98	12	81888	30308518	20714	-0.3201
fb504c0c-2c3c-4b5d-8836-dc9bbf30ff98	12	30311162	33027217	1915	0.0346
fb504c0c-2c3c-4b5d-8836-dc9bbf30ff98	12	33027559	33148472	86	0.0815
fb504c0c-2c3c-4b5d-8836-dc9bbf30ff98	12	33148492	33154440	26	0.4648
fb504c0c-2c3c-4b5d-8836-dc9bbf30ff98	12	33155426	99649144	39440	0.056
fb504c0c-2c3c-4b5d-8836-dc9bbf30ff98	12	99649593	99649980	3	-1.3595
fb504c0c-2c3c-4b5d-8836-dc9bbf30ff98	12	99650237	109226414	6492	0.058
fb504c0c-2c3c-4b5d-8836-dc9bbf30ff98	12	109231865	133201603	16029	0.0215
fb504c0c-2c3c-4b5d-8836-dc9bbf30ff98	13	18452809	21321896	1565	-0.4247
fb504c0c-2c3c-4b5d-8836-dc9bbf30ff98	13	21322180	21322360	2	2.0618
fb504c0c-2c3c-4b5d-8836-dc9bbf30ff98	13	21322617	23055048	1277	-0.4269
fb504c0c-2c3c-4b5d-8836-dc9bbf30ff98	13	23055071	23058737	4	-1.4996
fb504c0c-2c3c-4b5d-8836-dc9bbf30ff98	13	23058767	23059376	9	-2.8213
fb504c0c-2c3c-4b5d-8836-dc9bbf30ff98	13	23064056	71775049	31985	-0.4178
fb504c0c-2c3c-4b5d-8836-dc9bbf30ff98	13	71782676	106227417	23505	0.0579
fb504c0c-2c3c-4b5d-8836-dc9bbf30ff98	13	106227985	106242306	13	-0.4504
fb504c0c-2c3c-4b5d-8836-dc9bbf30ff98	13	106242436	114340311	5642	0.0534
fb504c0c-2c3c-4b5d-8836-dc9bbf30ff98	13	114341521	114342922	2	-0.6426
fb504c0c-2c3c-4b5d-8836-dc9bbf30ff98	14	18239283	19956767	168	0.0603
fb504c0c-2c3c-4b5d-8836-dc9bbf30ff98	14	19957350	21221171	896	0.4005
fb504c0c-2c3c-4b5d-8836-dc9bbf30ff98	14	21221443	64318715	27410	0.0668
fb504c0c-2c3c-4b5d-8836-dc9bbf30ff98	14	64321361	66564177	1325	-0.4041
fb504c0c-2c3c-4b5d-8836-dc9bbf30ff98	14	66565352	66574722	5	-1.7464
fb504c0c-2c3c-4b5d-8836-dc9bbf30ff98	14	66574917	92611213	16864	-0.4253
fb504c0c-2c3c-4b5d-8836-dc9bbf30ff98	14	92612361	92612643	2	-4.7584
fb504c0c-2c3c-4b5d-8836-dc9bbf30ff98	14	92613037	106434898	8349	-0.4411
fb504c0c-2c3c-4b5d-8836-dc9bbf30ff98	14	106437363	106462183	43	-1.2918
fb504c0c-2c3c-4b5d-8836-dc9bbf30ff98	14	106462724	106877229	195	-0.4222
fb504c0c-2c3c-4b5d-8836-dc9bbf30ff98	15	19811075	20001686	45	0.1403
fb504c0c-2c3c-4b5d-8836-dc9bbf30ff98	15	20011702	20056983	5	-2.0011
fb504c0c-2c3c-4b5d-8836-dc9bbf30ff98	15	20059033	21063689	110	0.0234
fb504c0c-2c3c-4b5d-8836-dc9bbf30ff98	15	21065721	21067891	2	-2.0917
fb504c0c-2c3c-4b5d-8836-dc9bbf30ff98	15	21070355	21975606	14	0.0519
fb504c0c-2c3c-4b5d-8836-dc9bbf30ff98	15	21997003	21999319	2	-1.7843
fb504c0c-2c3c-4b5d-8836-dc9bbf30ff98	15	22003073	30253522	4663	0.0463
fb504c0c-2c3c-4b5d-8836-dc9bbf30ff98	15	30259942	30269364	2	-2.1682
fb504c0c-2c3c-4b5d-8836-dc9bbf30ff98	15	30281107	84657715	33726	0.0503
fb504c0c-2c3c-4b5d-8836-dc9bbf30ff98	15	84666771	101888834	12941	0.6468
fb504c0c-2c3c-4b5d-8836-dc9bbf30ff98	15	101888850	101928837	7	0.0575
fb504c0c-2c3c-4b5d-8836-dc9bbf30ff98	16	10777	19933041	13458	0.0494
fb504c0c-2c3c-4b5d-8836-dc9bbf30ff98	16	19934328	19954553	28	-3.9452
fb504c0c-2c3c-4b5d-8836-dc9bbf30ff98	16	19956040	20046578	69	-0.0119
fb504c0c-2c3c-4b5d-8836-dc9bbf30ff98	16	20047451	20047761	3	-1.4179
fb504c0c-2c3c-4b5d-8836-dc9bbf30ff98	16	20048355	90096867	38250	0.0463
fb504c0c-2c3c-4b5d-8836-dc9bbf30ff98	17	150733	18255442	11242	-0.4444
fb504c0c-2c3c-4b5d-8836-dc9bbf30ff98	17	18271121	18455635	98	-0.0083
fb504c0c-2c3c-4b5d-8836-dc9bbf30ff98	17	18458372	18602377	31	0.422
fb504c0c-2c3c-4b5d-8836-dc9bbf30ff98	17	18606845	36109139	6822	0.0353
fb504c0c-2c3c-4b5d-8836-dc9bbf30ff98	17	36109315	36157718	36	0.4917
fb504c0c-2c3c-4b5d-8836-dc9bbf30ff98	17	36200725	41265456	2525	0.0345
fb504c0c-2c3c-4b5d-8836-dc9bbf30ff98	17	41266762	41277289	39	0.5001
fb504c0c-2c3c-4b5d-8836-dc9bbf30ff98	17	41282110	45117838	1971	0.0293
fb504c0c-2c3c-4b5d-8836-dc9bbf30ff98	17	45118296	45118646	5	-1.0089
fb504c0c-2c3c-4b5d-8836-dc9bbf30ff98	17	45119179	45577724	158	0.0297
fb504c0c-2c3c-4b5d-8836-dc9bbf30ff98	17	45579014	45582060	6	0.8377
fb504c0c-2c3c-4b5d-8836-dc9bbf30ff98	17	45587327	46085732	336	0.0033
fb504c0c-2c3c-4b5d-8836-dc9bbf30ff98	17	46088437	46286804	124	0.6755
fb504c0c-2c3c-4b5d-8836-dc9bbf30ff98	17	46323701	46446360	4	-1.531
fb504c0c-2c3c-4b5d-8836-dc9bbf30ff98	17	46569894	47746206	514	0.0496
fb504c0c-2c3c-4b5d-8836-dc9bbf30ff98	17	47746353	56617719	5704	0.3967
fb504c0c-2c3c-4b5d-8836-dc9bbf30ff98	17	56618871	58641024	1408	0.4578
fb504c0c-2c3c-4b5d-8836-dc9bbf30ff98	17	58643301	63738645	2394	0.415
fb504c0c-2c3c-4b5d-8836-dc9bbf30ff98	17	63746184	66498594	1519	0.2604
fb504c0c-2c3c-4b5d-8836-dc9bbf30ff98	17	66499061	74011926	5398	0.4463
fb504c0c-2c3c-4b5d-8836-dc9bbf30ff98	17	74015441	75470162	799	0.3706
fb504c0c-2c3c-4b5d-8836-dc9bbf30ff98	17	75475238	83091923	3825	0.4287
fb504c0c-2c3c-4b5d-8836-dc9bbf30ff98	18	48133	14350655	10096	0.0527
fb504c0c-2c3c-4b5d-8836-dc9bbf30ff98	18	14351036	14355174	7	-1.1266
fb504c0c-2c3c-4b5d-8836-dc9bbf30ff98	18	14362423	65532809	29794	0.064
fb504c0c-2c3c-4b5d-8836-dc9bbf30ff98	18	65532829	65537481	20	0.6893
fb504c0c-2c3c-4b5d-8836-dc9bbf30ff98	18	65540037	66060309	360	0.0596
fb504c0c-2c3c-4b5d-8836-dc9bbf30ff98	18	66060363	66061104	10	-1.9889
fb504c0c-2c3c-4b5d-8836-dc9bbf30ff98	18	66065502	66095064	47	0.0526
fb504c0c-2c3c-4b5d-8836-dc9bbf30ff98	18	66099904	66100686	3	1.1079
fb504c0c-2c3c-4b5d-8836-dc9bbf30ff98	18	66108359	66239629	98	0.0425
fb504c0c-2c3c-4b5d-8836-dc9bbf30ff98	18	66240197	66244352	10	-0.8945
fb504c0c-2c3c-4b5d-8836-dc9bbf30ff98	18	66244639	80257174	10259	0.0604
fb504c0c-2c3c-4b5d-8836-dc9bbf30ff98	19	90910	5506648	1589	0.0145
fb504c0c-2c3c-4b5d-8836-dc9bbf30ff98	19	5510228	5510642	3	-2.3046
fb504c0c-2c3c-4b5d-8836-dc9bbf30ff98	19	5510689	54815158	25187	0.03
fb504c0c-2c3c-4b5d-8836-dc9bbf30ff98	19	54819199	54836508	12	-1.5473
fb504c0c-2c3c-4b5d-8836-dc9bbf30ff98	19	54837236	58586487	2286	0.0264
fb504c0c-2c3c-4b5d-8836-dc9bbf30ff98	20	80664	80670	6	-0.8988
fb504c0c-2c3c-4b5d-8836-dc9bbf30ff98	20	80671	1580934	1198	0.0288
fb504c0c-2c3c-4b5d-8836-dc9bbf30ff98	20	1581021	1601561	35	-0.7496
fb504c0c-2c3c-4b5d-8836-dc9bbf30ff98	20	1609611	1613247	5	-2.1284
fb504c0c-2c3c-4b5d-8836-dc9bbf30ff98	20	1617300	4057725	1690	0.019
fb504c0c-2c3c-4b5d-8836-dc9bbf30ff98	20	4058019	4058537	2	-1.9744
fb504c0c-2c3c-4b5d-8836-dc9bbf30ff98	20	4060093	39806910	21756	0.0406
fb504c0c-2c3c-4b5d-8836-dc9bbf30ff98	20	39807045	40476646	476	0.3787
fb504c0c-2c3c-4b5d-8836-dc9bbf30ff98	20	40478338	54062731	9755	0.6478
fb504c0c-2c3c-4b5d-8836-dc9bbf30ff98	20	54062746	54062840	3	-0.4006
fb504c0c-2c3c-4b5d-8836-dc9bbf30ff98	20	54062953	57986462	3202	0.6343
fb504c0c-2c3c-4b5d-8836-dc9bbf30ff98	20	57986952	57987860	3	-0.3675
fb504c0c-2c3c-4b5d-8836-dc9bbf30ff98	20	57987960	60981510	2412	0.6495
fb504c0c-2c3c-4b5d-8836-dc9bbf30ff98	20	60982427	61069706	130	0.488
fb504c0c-2c3c-4b5d-8836-dc9bbf30ff98	20	61069725	61973114	697	0.662
fb504c0c-2c3c-4b5d-8836-dc9bbf30ff98	20	61983972	61984028	3	2.0275
fb504c0c-2c3c-4b5d-8836-dc9bbf30ff98	20	61992694	64324800	975	0.63
fb504c0c-2c3c-4b5d-8836-dc9bbf30ff98	21	10354168	34281004	15095	0.051
fb504c0c-2c3c-4b5d-8836-dc9bbf30ff98	21	34281533	39400510	3889	-0.3478
fb504c0c-2c3c-4b5d-8836-dc9bbf30ff98	21	39400558	41496204	1914	0.0974
fb504c0c-2c3c-4b5d-8836-dc9bbf30ff98	21	41496268	41496286	2	-1.4051
fb504c0c-2c3c-4b5d-8836-dc9bbf30ff98	21	41496410	44602612	1714	0.0946
fb504c0c-2c3c-4b5d-8836-dc9bbf30ff98	21	44603732	44603796	3	-2.1276
fb504c0c-2c3c-4b5d-8836-dc9bbf30ff98	21	44603809	46329743	972	0.096
fb504c0c-2c3c-4b5d-8836-dc9bbf30ff98	21	46334949	46335974	2	-1.4416
fb504c0c-2c3c-4b5d-8836-dc9bbf30ff98	21	46337878	46677045	245	0.0451
fb504c0c-2c3c-4b5d-8836-dc9bbf30ff98	22	15294547	17014661	301	0.0886
fb504c0c-2c3c-4b5d-8836-dc9bbf30ff98	22	17018144	17018618	2	2.014
fb504c0c-2c3c-4b5d-8836-dc9bbf30ff98	22	17019000	24685371	4441	0.0263
fb504c0c-2c3c-4b5d-8836-dc9bbf30ff98	22	24686148	24686548	2	-1.9049
fb504c0c-2c3c-4b5d-8836-dc9bbf30ff98	22	24686567	42496590	12376	0.0359
fb504c0c-2c3c-4b5d-8836-dc9bbf30ff98	22	42501276	42538456	22	0.5604
fb504c0c-2c3c-4b5d-8836-dc9bbf30ff98	22	42546956	42581060	12	-0.7038
fb504c0c-2c3c-4b5d-8836-dc9bbf30ff98	22	42581184	47408042	3462	0.0402
fb504c0c-2c3c-4b5d-8836-dc9bbf30ff98	22	47408493	47410604	4	-1.8358
fb504c0c-2c3c-4b5d-8836-dc9bbf30ff98	22	47416460	50067076	2292	0.0365
fb504c0c-2c3c-4b5d-8836-dc9bbf30ff98	22	50068126	50070767	3	-2.0416
fb504c0c-2c3c-4b5d-8836-dc9bbf30ff98	22	50071829	50796027	316	0.0637
fb504c0c-2c3c-4b5d-8836-dc9bbf30ff98	X	251810	417141	11	0.1343
fb504c0c-2c3c-4b5d-8836-dc9bbf30ff98	X	426990	554899	20	-0.3523
fb504c0c-2c3c-4b5d-8836-dc9bbf30ff98	X	555958	5143807	1750	0.0942
fb504c0c-2c3c-4b5d-8836-dc9bbf30ff98	X	5144102	5657895	427	0.1479
fb504c0c-2c3c-4b5d-8836-dc9bbf30ff98	X	5658180	5660819	2	-1.2022
fb504c0c-2c3c-4b5d-8836-dc9bbf30ff98	X	5661662	5785597	123	0.1945
fb504c0c-2c3c-4b5d-8836-dc9bbf30ff98	X	5788866	5793196	3	-0.8393
fb504c0c-2c3c-4b5d-8836-dc9bbf30ff98	X	5794092	7088777	1024	0.1726
fb504c0c-2c3c-4b5d-8836-dc9bbf30ff98	X	7095727	7096726	3	-1.3083
fb504c0c-2c3c-4b5d-8836-dc9bbf30ff98	X	7096944	9292005	1634	0.1597
fb504c0c-2c3c-4b5d-8836-dc9bbf30ff98	X	9293170	15782477	4675	0.1124
fb504c0c-2c3c-4b5d-8836-dc9bbf30ff98	X	15782628	17167471	810	0.1423
fb504c0c-2c3c-4b5d-8836-dc9bbf30ff98	X	17168537	17168720	6	-1.2205
fb504c0c-2c3c-4b5d-8836-dc9bbf30ff98	X	17168790	19442472	1226	0.1162
fb504c0c-2c3c-4b5d-8836-dc9bbf30ff98	X	19448185	19450600	2	-1.3448
fb504c0c-2c3c-4b5d-8836-dc9bbf30ff98	X	19454127	24451605	3150	0.1581
fb504c0c-2c3c-4b5d-8836-dc9bbf30ff98	X	24453323	24560434	75	-0.6703
fb504c0c-2c3c-4b5d-8836-dc9bbf30ff98	X	24571457	26791206	1335	0.1749
fb504c0c-2c3c-4b5d-8836-dc9bbf30ff98	X	26791248	26805367	11	0.6493
fb504c0c-2c3c-4b5d-8836-dc9bbf30ff98	X	26805469	27561485	514	0.1798
fb504c0c-2c3c-4b5d-8836-dc9bbf30ff98	X	27561974	27565822	5	-0.7692
fb504c0c-2c3c-4b5d-8836-dc9bbf30ff98	X	27568368	32965828	3670	0.1816
fb504c0c-2c3c-4b5d-8836-dc9bbf30ff98	X	32969337	32970141	3	-0.8913
fb504c0c-2c3c-4b5d-8836-dc9bbf30ff98	X	32971922	34534284	1108	0.1714
fb504c0c-2c3c-4b5d-8836-dc9bbf30ff98	X	34537867	90634991	25234	-0.1903
fb504c0c-2c3c-4b5d-8836-dc9bbf30ff98	X	90640076	90656859	11	-0.934
fb504c0c-2c3c-4b5d-8836-dc9bbf30ff98	X	90674980	100400126	5138	-0.1868
fb504c0c-2c3c-4b5d-8836-dc9bbf30ff98	X	100402111	101061689	349	0.1015
fb504c0c-2c3c-4b5d-8836-dc9bbf30ff98	X	101062101	101063428	2	-1.178
fb504c0c-2c3c-4b5d-8836-dc9bbf30ff98	X	101067190	114931729	7309	0.1152
fb504c0c-2c3c-4b5d-8836-dc9bbf30ff98	X	114932092	114943309	4	-1.0367
fb504c0c-2c3c-4b5d-8836-dc9bbf30ff98	X	114944052	147097576	19007	0.1102
fb504c0c-2c3c-4b5d-8836-dc9bbf30ff98	X	147098467	147103942	21	-0.6155
fb504c0c-2c3c-4b5d-8836-dc9bbf30ff98	X	147105313	155952689	4982	0.1136
fb504c0c-2c3c-4b5d-8836-dc9bbf30ff98	Y	2782397	6875084	910	-1.0323
fb504c0c-2c3c-4b5d-8836-dc9bbf30ff98	Y	6883528	11905671	1596	-1.2313
fb504c0c-2c3c-4b5d-8836-dc9bbf30ff98	Y	11907118	56872112	4128	-1.12
