GDC_Aliquot	Chromosome	Start	End	Num_Probes	Segment_Mean
81981dc5-f5f8-47af-ba31-a5aa57b7e8f3	1	3301765	187323476	91014	0
81981dc5-f5f8-47af-ba31-a5aa57b7e8f3	1	187329235	187331559	4	-1.3052
81981dc5-f5f8-47af-ba31-a5aa57b7e8f3	1	187331953	222810686	22546	0.0027
81981dc5-f5f8-47af-ba31-a5aa57b7e8f3	1	222811969	222812546	3	-1.1008
81981dc5-f5f8-47af-ba31-a5aa57b7e8f3	1	222814251	247650984	15585	0.0017
81981dc5-f5f8-47af-ba31-a5aa57b7e8f3	2	480597	241537572	131724	0.0062
81981dc5-f5f8-47af-ba31-a5aa57b7e8f3	3	2170634	197812401	106742	0.0015
81981dc5-f5f8-47af-ba31-a5aa57b7e8f3	4	1059384	17421087	10132	0.0022
81981dc5-f5f8-47af-ba31-a5aa57b7e8f3	4	17422200	17425775	3	-1.7353
81981dc5-f5f8-47af-ba31-a5aa57b7e8f3	4	17425950	180049352	89276	0.0013
81981dc5-f5f8-47af-ba31-a5aa57b7e8f3	4	180050541	180052971	3	-1.7877
81981dc5-f5f8-47af-ba31-a5aa57b7e8f3	4	180053339	187842528	3695	0.0023
81981dc5-f5f8-47af-ba31-a5aa57b7e8f3	5	913983	102205119	53367	0.0031
81981dc5-f5f8-47af-ba31-a5aa57b7e8f3	5	102205839	102223359	14	-0.9899
81981dc5-f5f8-47af-ba31-a5aa57b7e8f3	5	102223498	180934240	47296	-0.0003
81981dc5-f5f8-47af-ba31-a5aa57b7e8f3	6	1011760	170596889	96759	0.0016
81981dc5-f5f8-47af-ba31-a5aa57b7e8f3	7	664936	23995508	12271	0.0027
81981dc5-f5f8-47af-ba31-a5aa57b7e8f3	7	24000259	24000764	2	1.7303
81981dc5-f5f8-47af-ba31-a5aa57b7e8f3	7	24001198	82094589	29398	0.0044
81981dc5-f5f8-47af-ba31-a5aa57b7e8f3	7	82097610	82097647	2	-2.7116
81981dc5-f5f8-47af-ba31-a5aa57b7e8f3	7	82098245	131773325	25535	-0.0001
81981dc5-f5f8-47af-ba31-a5aa57b7e8f3	7	131773686	131777937	3	-1.0816
81981dc5-f5f8-47af-ba31-a5aa57b7e8f3	7	131778031	133535356	1061	-0.0049
81981dc5-f5f8-47af-ba31-a5aa57b7e8f3	7	133537710	133538263	2	-1.2294
81981dc5-f5f8-47af-ba31-a5aa57b7e8f3	7	133539830	135283818	1124	0.0037
81981dc5-f5f8-47af-ba31-a5aa57b7e8f3	7	135286658	135286816	2	-1.7328
81981dc5-f5f8-47af-ba31-a5aa57b7e8f3	7	135287657	144037412	4579	0.0043
81981dc5-f5f8-47af-ba31-a5aa57b7e8f3	7	144040428	144045002	6	-0.9265
81981dc5-f5f8-47af-ba31-a5aa57b7e8f3	7	144046911	151818242	4137	0.004
81981dc5-f5f8-47af-ba31-a5aa57b7e8f3	7	151819615	151819734	2	-1.4491
81981dc5-f5f8-47af-ba31-a5aa57b7e8f3	7	151820074	158592540	3521	0.0029
81981dc5-f5f8-47af-ba31-a5aa57b7e8f3	8	667625	2163073	768	-0.0024
81981dc5-f5f8-47af-ba31-a5aa57b7e8f3	8	2164591	2849664	12	-0.9457
81981dc5-f5f8-47af-ba31-a5aa57b7e8f3	8	2849674	3332574	405	-0.0093
81981dc5-f5f8-47af-ba31-a5aa57b7e8f3	8	3335718	4943067	1027	0.0538
81981dc5-f5f8-47af-ba31-a5aa57b7e8f3	8	4944916	103166538	55041	0.0013
81981dc5-f5f8-47af-ba31-a5aa57b7e8f3	8	103168273	103170262	2	-2.1411
81981dc5-f5f8-47af-ba31-a5aa57b7e8f3	8	103176687	103833192	343	0.0021
81981dc5-f5f8-47af-ba31-a5aa57b7e8f3	8	103833981	103836965	2	-1.4022
81981dc5-f5f8-47af-ba31-a5aa57b7e8f3	8	103838250	124939431	12297	-0.0017
81981dc5-f5f8-47af-ba31-a5aa57b7e8f3	8	124939544	124939906	2	-1.4746
81981dc5-f5f8-47af-ba31-a5aa57b7e8f3	8	124940999	144182542	12020	0.0033
81981dc5-f5f8-47af-ba31-a5aa57b7e8f3	9	789794	2124140	738	0.0119
81981dc5-f5f8-47af-ba31-a5aa57b7e8f3	9	2125101	2125231	2	-1.6104
81981dc5-f5f8-47af-ba31-a5aa57b7e8f3	9	2125918	138044505	67481	0.0015
81981dc5-f5f8-47af-ba31-a5aa57b7e8f3	10	366509	23994974	16787	-0.0012
81981dc5-f5f8-47af-ba31-a5aa57b7e8f3	10	23995600	23995835	4	-1.2357
81981dc5-f5f8-47af-ba31-a5aa57b7e8f3	10	24011792	36102376	7921	-0.0019
81981dc5-f5f8-47af-ba31-a5aa57b7e8f3	10	36103517	36105241	8	-0.7749
81981dc5-f5f8-47af-ba31-a5aa57b7e8f3	10	36107514	133411599	56228	0.0011
81981dc5-f5f8-47af-ba31-a5aa57b7e8f3	11	456012	100060556	54520	0.0011
81981dc5-f5f8-47af-ba31-a5aa57b7e8f3	11	100062951	100063836	3	-1.6598
81981dc5-f5f8-47af-ba31-a5aa57b7e8f3	11	100064136	134272740	22710	0.002
81981dc5-f5f8-47af-ba31-a5aa57b7e8f3	12	780472	9741565	4845	0.0001
81981dc5-f5f8-47af-ba31-a5aa57b7e8f3	12	9742067	9744043	2	2.1898
81981dc5-f5f8-47af-ba31-a5aa57b7e8f3	12	9744838	132605822	69219	0.0009
81981dc5-f5f8-47af-ba31-a5aa57b7e8f3	13	18874255	114226675	56766	0.0021
81981dc5-f5f8-47af-ba31-a5aa57b7e8f3	14	20033191	105533894	49560	0.0018
81981dc5-f5f8-47af-ba31-a5aa57b7e8f3	15	23437561	97005991	42153	-0.0016
81981dc5-f5f8-47af-ba31-a5aa57b7e8f3	15	97006387	97009030	2	-1.3938
81981dc5-f5f8-47af-ba31-a5aa57b7e8f3	15	97009227	101344124	2457	-0.0008
81981dc5-f5f8-47af-ba31-a5aa57b7e8f3	16	603333	82340474	36943	-0.002
81981dc5-f5f8-47af-ba31-a5aa57b7e8f3	16	82341877	82348558	8	-0.9133
81981dc5-f5f8-47af-ba31-a5aa57b7e8f3	16	82356979	86389645	2666	0.0058
81981dc5-f5f8-47af-ba31-a5aa57b7e8f3	16	86392587	86393160	2	-1.3544
81981dc5-f5f8-47af-ba31-a5aa57b7e8f3	16	86395644	89317317	1422	0.0026
81981dc5-f5f8-47af-ba31-a5aa57b7e8f3	17	1074619	41041508	15959	0.0044
81981dc5-f5f8-47af-ba31-a5aa57b7e8f3	17	41120530	41126756	7	-1.1334
81981dc5-f5f8-47af-ba31-a5aa57b7e8f3	17	41132951	82959812	21163	-0.0005
81981dc5-f5f8-47af-ba31-a5aa57b7e8f3	18	326691	61614923	33554	-0.0049
81981dc5-f5f8-47af-ba31-a5aa57b7e8f3	18	61614963	61615076	2	-1.758
81981dc5-f5f8-47af-ba31-a5aa57b7e8f3	18	61617632	79349796	9259	0.0035
81981dc5-f5f8-47af-ba31-a5aa57b7e8f3	19	283868	48028055	19823	0.0039
81981dc5-f5f8-47af-ba31-a5aa57b7e8f3	19	48028073	48028075	2	-1.3527
81981dc5-f5f8-47af-ba31-a5aa57b7e8f3	19	48028119	58370362	4249	0.0002
81981dc5-f5f8-47af-ba31-a5aa57b7e8f3	20	472817	15242390	9079	0.0012
81981dc5-f5f8-47af-ba31-a5aa57b7e8f3	20	15242986	15243099	4	-0.9716
81981dc5-f5f8-47af-ba31-a5aa57b7e8f3	20	15247649	53546628	21395	0.0031
81981dc5-f5f8-47af-ba31-a5aa57b7e8f3	20	53547098	53559068	18	0.4475
81981dc5-f5f8-47af-ba31-a5aa57b7e8f3	20	53560375	63588502	6920	-0.0012
81981dc5-f5f8-47af-ba31-a5aa57b7e8f3	21	13974127	46262057	20527	0.003
81981dc5-f5f8-47af-ba31-a5aa57b7e8f3	22	16934932	27662853	3764	-0.0013
81981dc5-f5f8-47af-ba31-a5aa57b7e8f3	22	27666022	27667767	2	-1.3697
81981dc5-f5f8-47af-ba31-a5aa57b7e8f3	22	27668326	48940621	13254	0.0048
81981dc5-f5f8-47af-ba31-a5aa57b7e8f3	X	3236359	155677414	63746	0.0024
