GDC_Aliquot	Chromosome	Start	End	Num_Probes	Segment_Mean
e69620b7-c659-4b4b-8b7d-c999f86d37e8	1	3301765	67565646	36921	0.0052
e69620b7-c659-4b4b-8b7d-c999f86d37e8	1	67565728	198782093	61222	0.0162
e69620b7-c659-4b4b-8b7d-c999f86d37e8	1	198782411	208664109	6396	0.0069
e69620b7-c659-4b4b-8b7d-c999f86d37e8	1	208664298	208664564	2	-1.5592
e69620b7-c659-4b4b-8b7d-c999f86d37e8	1	208664621	230762485	14284	0.013
e69620b7-c659-4b4b-8b7d-c999f86d37e8	1	230764833	230765361	5	-0.8933
e69620b7-c659-4b4b-8b7d-c999f86d37e8	1	230765860	247650984	10999	0.0033
e69620b7-c659-4b4b-8b7d-c999f86d37e8	2	480597	241537572	132278	0.0127
e69620b7-c659-4b4b-8b7d-c999f86d37e8	3	2170634	197812401	107243	0.0143
e69620b7-c659-4b4b-8b7d-c999f86d37e8	4	1059384	69860681	38298	0.0146
e69620b7-c659-4b4b-8b7d-c999f86d37e8	4	69873279	69873993	2	-3.0426
e69620b7-c659-4b4b-8b7d-c999f86d37e8	4	69875737	187842528	65259	0.0141
e69620b7-c659-4b4b-8b7d-c999f86d37e8	5	913983	180934240	101175	0.0126
e69620b7-c659-4b4b-8b7d-c999f86d37e8	6	1011760	170596889	97206	0.0121
e69620b7-c659-4b4b-8b7d-c999f86d37e8	7	664936	21133633	10312	0.0141
e69620b7-c659-4b4b-8b7d-c999f86d37e8	7	21134209	21141371	3	-1.995
e69620b7-c659-4b4b-8b7d-c999f86d37e8	7	21141668	158592540	71665	0.0114
e69620b7-c659-4b4b-8b7d-c999f86d37e8	8	667625	144182542	82276	0.0129
e69620b7-c659-4b4b-8b7d-c999f86d37e8	9	789794	138044505	68515	0.0135
e69620b7-c659-4b4b-8b7d-c999f86d37e8	10	366509	25442956	17806	0.0118
e69620b7-c659-4b4b-8b7d-c999f86d37e8	10	25443242	25444066	3	-1.4265
e69620b7-c659-4b4b-8b7d-c999f86d37e8	10	25444351	133411599	63525	0.0118
e69620b7-c659-4b4b-8b7d-c999f86d37e8	11	456012	120665335	68154	0.0113
e69620b7-c659-4b4b-8b7d-c999f86d37e8	11	120665606	120665900	3	-1.4383
e69620b7-c659-4b4b-8b7d-c999f86d37e8	11	120670086	134272740	9456	0.0131
e69620b7-c659-4b4b-8b7d-c999f86d37e8	12	780472	73594001	39663	0.0107
e69620b7-c659-4b4b-8b7d-c999f86d37e8	12	73597646	73603601	7	-0.9166
e69620b7-c659-4b4b-8b7d-c999f86d37e8	12	73604806	132605822	34713	0.0063
e69620b7-c659-4b4b-8b7d-c999f86d37e8	13	18874255	108708551	53780	0.0154
e69620b7-c659-4b4b-8b7d-c999f86d37e8	13	108708715	108710522	2	-1.4385
e69620b7-c659-4b4b-8b7d-c999f86d37e8	13	108711002	114226675	3244	0.0164
e69620b7-c659-4b4b-8b7d-c999f86d37e8	14	20033191	26406601	3084	0.0127
e69620b7-c659-4b4b-8b7d-c999f86d37e8	14	26408011	26426460	14	0.4636
e69620b7-c659-4b4b-8b7d-c999f86d37e8	14	26429409	105533894	46716	0.0155
e69620b7-c659-4b4b-8b7d-c999f86d37e8	15	23437561	101344124	44809	0.007
e69620b7-c659-4b4b-8b7d-c999f86d37e8	16	603333	89317317	41236	0.0091
e69620b7-c659-4b4b-8b7d-c999f86d37e8	17	1074619	16945436	8009	0.0018
e69620b7-c659-4b4b-8b7d-c999f86d37e8	17	16945606	16946165	2	-1.6406
e69620b7-c659-4b4b-8b7d-c999f86d37e8	17	16947824	58667348	17049	0.0073
e69620b7-c659-4b4b-8b7d-c999f86d37e8	17	58668244	58671875	5	-0.9188
e69620b7-c659-4b4b-8b7d-c999f86d37e8	17	58674572	82959812	12228	0.008
e69620b7-c659-4b4b-8b7d-c999f86d37e8	18	326691	79349796	42985	0.0164
e69620b7-c659-4b4b-8b7d-c999f86d37e8	19	283868	58370362	24161	0.0046
e69620b7-c659-4b4b-8b7d-c999f86d37e8	20	472817	63588502	37575	0.0077
e69620b7-c659-4b4b-8b7d-c999f86d37e8	21	13974127	46262057	20611	0.0178
e69620b7-c659-4b4b-8b7d-c999f86d37e8	22	16934932	34700287	8461	0.0051
e69620b7-c659-4b4b-8b7d-c999f86d37e8	22	34700668	34701037	2	-2.2345
e69620b7-c659-4b4b-8b7d-c999f86d37e8	22	34703167	42350871	4008	0.0275
e69620b7-c659-4b4b-8b7d-c999f86d37e8	22	42351273	42355085	3	-1.033
e69620b7-c659-4b4b-8b7d-c999f86d37e8	22	42356921	48940621	4625	0.0132
e69620b7-c659-4b4b-8b7d-c999f86d37e8	X	3236359	155677414	63995	0.012
