GDC_Aliquot	Chromosome	Start	End	Num_Probes	Segment_Mean
6aa5f08a-5c88-4337-b711-4842a00378c2	1	62920	3054992	640	0.1049
6aa5f08a-5c88-4337-b711-4842a00378c2	1	3055869	15823420	7698	0.0202
6aa5f08a-5c88-4337-b711-4842a00378c2	1	15827002	15827430	6	0.976
6aa5f08a-5c88-4337-b711-4842a00378c2	1	15827706	16489595	293	0.0238
6aa5f08a-5c88-4337-b711-4842a00378c2	1	16493138	16877002	68	0.3127
6aa5f08a-5c88-4337-b711-4842a00378c2	1	16883108	16951445	53	0.564
6aa5f08a-5c88-4337-b711-4842a00378c2	1	16955930	25256850	5260	0.022
6aa5f08a-5c88-4337-b711-4842a00378c2	1	25266637	25320455	24	-1.729
6aa5f08a-5c88-4337-b711-4842a00378c2	1	25336819	58016357	18808	0.0163
6aa5f08a-5c88-4337-b711-4842a00378c2	1	58016644	58017448	5	-0.8398
6aa5f08a-5c88-4337-b711-4842a00378c2	1	58017548	72303233	9931	0.014
6aa5f08a-5c88-4337-b711-4842a00378c2	1	72303253	72345450	44	-1.1251
6aa5f08a-5c88-4337-b711-4842a00378c2	1	72345465	112147704	25577	0.012
6aa5f08a-5c88-4337-b711-4842a00378c2	1	112153343	112163576	35	0.3427
6aa5f08a-5c88-4337-b711-4842a00378c2	1	112163583	114289343	1316	0.0093
6aa5f08a-5c88-4337-b711-4842a00378c2	1	114291004	114291088	2	-1.6629
6aa5f08a-5c88-4337-b711-4842a00378c2	1	114291180	143494500	3836	0.011
6aa5f08a-5c88-4337-b711-4842a00378c2	1	143541857	144451288	133	0.2466
6aa5f08a-5c88-4337-b711-4842a00378c2	1	144451316	152583051	2307	0.0122
6aa5f08a-5c88-4337-b711-4842a00378c2	1	152583230	152614064	33	-1.8185
6aa5f08a-5c88-4337-b711-4842a00378c2	1	152614100	152789570	174	0.0258
6aa5f08a-5c88-4337-b711-4842a00378c2	1	152789781	152801429	33	-0.3655
6aa5f08a-5c88-4337-b711-4842a00378c2	1	152804279	167795598	10170	0.0127
6aa5f08a-5c88-4337-b711-4842a00378c2	1	167796946	167797682	4	-0.9665
6aa5f08a-5c88-4337-b711-4842a00378c2	1	167799276	169247699	1112	0.0247
6aa5f08a-5c88-4337-b711-4842a00378c2	1	169264736	169285639	9	0.5333
6aa5f08a-5c88-4337-b711-4842a00378c2	1	169286164	179354603	6605	0.0148
6aa5f08a-5c88-4337-b711-4842a00378c2	1	179361393	179364180	4	-0.9075
6aa5f08a-5c88-4337-b711-4842a00378c2	1	179370071	196745743	11568	0.0126
6aa5f08a-5c88-4337-b711-4842a00378c2	1	196758720	196846661	60	-1.522
6aa5f08a-5c88-4337-b711-4842a00378c2	1	196847600	208355284	7516	0.0166
6aa5f08a-5c88-4337-b711-4842a00378c2	1	208355686	208355700	2	-1.3637
6aa5f08a-5c88-4337-b711-4842a00378c2	1	208356284	232753275	16665	0.0147
6aa5f08a-5c88-4337-b711-4842a00378c2	1	232757002	232771803	9	-1.0016
6aa5f08a-5c88-4337-b711-4842a00378c2	1	232772723	248930189	11632	0.0108
6aa5f08a-5c88-4337-b711-4842a00378c2	2	12784	34466002	24094	0.0168
6aa5f08a-5c88-4337-b711-4842a00378c2	2	34474248	34502718	42	-0.43
6aa5f08a-5c88-4337-b711-4842a00378c2	2	34502784	52527330	13012	0.0075
6aa5f08a-5c88-4337-b711-4842a00378c2	2	52527342	52554404	39	0.5487
6aa5f08a-5c88-4337-b711-4842a00378c2	2	52560811	54356280	1349	0.0096
6aa5f08a-5c88-4337-b711-4842a00378c2	2	54356405	54356453	2	-1.3926
6aa5f08a-5c88-4337-b711-4842a00378c2	2	54356619	79102020	15847	0.0153
6aa5f08a-5c88-4337-b711-4842a00378c2	2	79103652	79115685	8	0.5996
6aa5f08a-5c88-4337-b711-4842a00378c2	2	79116692	86881088	4777	0.0097
6aa5f08a-5c88-4337-b711-4842a00378c2	2	86882149	87320178	79	0.27
6aa5f08a-5c88-4337-b711-4842a00378c2	2	87320657	97535071	1796	0.0365
6aa5f08a-5c88-4337-b711-4842a00378c2	2	97537802	97545247	4	-0.9558
6aa5f08a-5c88-4337-b711-4842a00378c2	2	97545726	106263639	5571	0.0142
6aa5f08a-5c88-4337-b711-4842a00378c2	2	106264257	106270799	12	0.9335
6aa5f08a-5c88-4337-b711-4842a00378c2	2	106270952	107824280	992	-0.0101
6aa5f08a-5c88-4337-b711-4842a00378c2	2	107830513	107903920	8	0.7642
6aa5f08a-5c88-4337-b711-4842a00378c2	2	107909583	137224578	17353	0.0121
6aa5f08a-5c88-4337-b711-4842a00378c2	2	137226077	137226691	5	-1.309
6aa5f08a-5c88-4337-b711-4842a00378c2	2	137227715	146104517	5469	0.0093
6aa5f08a-5c88-4337-b711-4842a00378c2	2	146106836	146109139	21	0.6263
6aa5f08a-5c88-4337-b711-4842a00378c2	2	146109230	159102108	7793	0.0154
6aa5f08a-5c88-4337-b711-4842a00378c2	2	159103831	159106775	3	-1.2248
6aa5f08a-5c88-4337-b711-4842a00378c2	2	159106794	183929073	15494	0.0141
6aa5f08a-5c88-4337-b711-4842a00378c2	2	183929124	183937714	18	-0.6322
6aa5f08a-5c88-4337-b711-4842a00378c2	2	183943862	206705398	13139	0.0106
6aa5f08a-5c88-4337-b711-4842a00378c2	2	206709843	206711036	3	-1.2316
6aa5f08a-5c88-4337-b711-4842a00378c2	2	206711073	212316597	3583	0.0009
6aa5f08a-5c88-4337-b711-4842a00378c2	2	212321824	212327101	25	-0.9236
6aa5f08a-5c88-4337-b711-4842a00378c2	2	212327402	242147305	19013	0.0181
6aa5f08a-5c88-4337-b711-4842a00378c2	3	20930	6534550	5785	-0.0083
6aa5f08a-5c88-4337-b711-4842a00378c2	3	6543781	16195240	7105	0.0192
6aa5f08a-5c88-4337-b711-4842a00378c2	3	16195501	16199877	10	0.498
6aa5f08a-5c88-4337-b711-4842a00378c2	3	16202089	35742831	13177	0.0135
6aa5f08a-5c88-4337-b711-4842a00378c2	3	35743089	37935926	1545	-0.0002
6aa5f08a-5c88-4337-b711-4842a00378c2	3	37940617	37945615	19	-0.7884
6aa5f08a-5c88-4337-b711-4842a00378c2	3	37945651	45501733	4685	0.018
6aa5f08a-5c88-4337-b711-4842a00378c2	3	45504132	45508002	5	-0.9224
6aa5f08a-5c88-4337-b711-4842a00378c2	3	45513873	52989195	3385	0.0146
6aa5f08a-5c88-4337-b711-4842a00378c2	3	52994359	53005263	40	-0.4197
6aa5f08a-5c88-4337-b711-4842a00378c2	3	53005439	75325508	16895	0.0142
6aa5f08a-5c88-4337-b711-4842a00378c2	3	75326959	75519398	83	0.2041
6aa5f08a-5c88-4337-b711-4842a00378c2	3	75523398	75559488	9	0.7705
6aa5f08a-5c88-4337-b711-4842a00378c2	3	75564023	75713194	30	0.1335
6aa5f08a-5c88-4337-b711-4842a00378c2	3	75715277	84053071	4641	0.012
6aa5f08a-5c88-4337-b711-4842a00378c2	3	84056282	84057015	2	-2.9676
6aa5f08a-5c88-4337-b711-4842a00378c2	3	84061816	99218940	6295	0.0177
6aa5f08a-5c88-4337-b711-4842a00378c2	3	99225614	99230470	37	0.3479
6aa5f08a-5c88-4337-b711-4842a00378c2	3	99230577	125705628	16238	0.0143
6aa5f08a-5c88-4337-b711-4842a00378c2	3	125706925	125739919	15	0.528
6aa5f08a-5c88-4337-b711-4842a00378c2	3	125743486	125993496	104	0.0187
6aa5f08a-5c88-4337-b711-4842a00378c2	3	125993720	125993913	6	0.6554
6aa5f08a-5c88-4337-b711-4842a00378c2	3	125994097	130044016	2349	0.0254
6aa5f08a-5c88-4337-b711-4842a00378c2	3	130044855	130088155	40	0.6254
6aa5f08a-5c88-4337-b711-4842a00378c2	3	130089433	146665207	10393	0.0144
6aa5f08a-5c88-4337-b711-4842a00378c2	3	146665349	146668345	3	-1.6423
6aa5f08a-5c88-4337-b711-4842a00378c2	3	146674197	162795304	9873	0.01
6aa5f08a-5c88-4337-b711-4842a00378c2	3	162795361	162898127	61	0.4683
6aa5f08a-5c88-4337-b711-4842a00378c2	3	162906054	169012392	3446	0.0081
6aa5f08a-5c88-4337-b711-4842a00378c2	3	169015614	169020840	2	-1.6072
6aa5f08a-5c88-4337-b711-4842a00378c2	3	169022039	173470981	2875	0.0206
6aa5f08a-5c88-4337-b711-4842a00378c2	3	173475415	173871419	280	-0.0802
6aa5f08a-5c88-4337-b711-4842a00378c2	3	173872424	175460787	1142	0.0149
6aa5f08a-5c88-4337-b711-4842a00378c2	3	175463203	175504973	44	-0.2253
6aa5f08a-5c88-4337-b711-4842a00378c2	3	175506207	193156958	11385	0.0129
6aa5f08a-5c88-4337-b711-4842a00378c2	3	193160113	193168646	21	0.5019
6aa5f08a-5c88-4337-b711-4842a00378c2	3	193168669	195455343	1457	0.013
6aa5f08a-5c88-4337-b711-4842a00378c2	3	195458232	196012333	159	0.1861
6aa5f08a-5c88-4337-b711-4842a00378c2	3	196012418	198169247	1077	0.0247
6aa5f08a-5c88-4337-b711-4842a00378c2	4	68929	9428543	5145	0.0245
6aa5f08a-5c88-4337-b711-4842a00378c2	4	9430125	9477699	22	0.3805
6aa5f08a-5c88-4337-b711-4842a00378c2	4	9484440	10221792	541	0.0246
6aa5f08a-5c88-4337-b711-4842a00378c2	4	10222004	10233383	31	-0.5517
6aa5f08a-5c88-4337-b711-4842a00378c2	4	10233542	32461834	15684	0.0142
6aa5f08a-5c88-4337-b711-4842a00378c2	4	32464507	32527867	40	-0.226
6aa5f08a-5c88-4337-b711-4842a00378c2	4	32531421	34784878	1255	0.0088
6aa5f08a-5c88-4337-b711-4842a00378c2	4	34785333	34823103	37	-0.6676
6aa5f08a-5c88-4337-b711-4842a00378c2	4	34828250	49214614	8972	0.0128
6aa5f08a-5c88-4337-b711-4842a00378c2	4	49289175	51819827	23	0.4486
6aa5f08a-5c88-4337-b711-4842a00378c2	4	51819878	63823000	7554	0.0129
6aa5f08a-5c88-4337-b711-4842a00378c2	4	63825160	63841887	27	0.3313
6aa5f08a-5c88-4337-b711-4842a00378c2	4	63842036	69261926	3260	0.007
6aa5f08a-5c88-4337-b711-4842a00378c2	4	69261934	69366081	53	-0.6646
6aa5f08a-5c88-4337-b711-4842a00378c2	4	69366304	76368633	4260	0.01
6aa5f08a-5c88-4337-b711-4842a00378c2	4	76370923	76371166	3	-1.5019
6aa5f08a-5c88-4337-b711-4842a00378c2	4	76371213	82746858	4094	0.014
6aa5f08a-5c88-4337-b711-4842a00378c2	4	82747477	82747649	2	-1.8743
6aa5f08a-5c88-4337-b711-4842a00378c2	4	82750922	114252544	18967	0.0106
6aa5f08a-5c88-4337-b711-4842a00378c2	4	114254167	114261019	23	0.6388
6aa5f08a-5c88-4337-b711-4842a00378c2	4	114263073	160958972	27968	0.0159
6aa5f08a-5c88-4337-b711-4842a00378c2	4	160958989	160963448	18	-0.6825
6aa5f08a-5c88-4337-b711-4842a00378c2	4	160963756	172066777	7076	0.0113
6aa5f08a-5c88-4337-b711-4842a00378c2	4	172067997	172068382	12	0.8792
6aa5f08a-5c88-4337-b711-4842a00378c2	4	172074828	172501371	231	-0.0356
6aa5f08a-5c88-4337-b711-4842a00378c2	4	172503796	172537694	12	0.5092
6aa5f08a-5c88-4337-b711-4842a00378c2	4	172542320	188300104	10697	0.0092
6aa5f08a-5c88-4337-b711-4842a00378c2	4	188300206	188300285	4	1.1361
6aa5f08a-5c88-4337-b711-4842a00378c2	4	188301659	189267889	788	0.0053
6aa5f08a-5c88-4337-b711-4842a00378c2	4	189273964	189278110	4	-2.3992
6aa5f08a-5c88-4337-b711-4842a00378c2	4	189278617	190106768	350	0.0293
6aa5f08a-5c88-4337-b711-4842a00378c2	5	15532	698390	309	0.0814
6aa5f08a-5c88-4337-b711-4842a00378c2	5	717264	773453	24	0.4498
6aa5f08a-5c88-4337-b711-4842a00378c2	5	779766	1670254	432	0.0637
6aa5f08a-5c88-4337-b711-4842a00378c2	5	1671163	1674823	5	-0.8047
6aa5f08a-5c88-4337-b711-4842a00378c2	5	1674857	5112576	3071	0.02
6aa5f08a-5c88-4337-b711-4842a00378c2	5	5112814	5119610	2	-1.2448
6aa5f08a-5c88-4337-b711-4842a00378c2	5	5120663	5133347	13	0.1292
6aa5f08a-5c88-4337-b711-4842a00378c2	5	5136916	12800777	6339	0.0117
6aa5f08a-5c88-4337-b711-4842a00378c2	5	12815668	12819964	9	-1.149
6aa5f08a-5c88-4337-b711-4842a00378c2	5	12824299	12998813	59	-0.052
6aa5f08a-5c88-4337-b711-4842a00378c2	5	13005102	13014395	3	-1.26
6aa5f08a-5c88-4337-b711-4842a00378c2	5	13014933	69550476	32825	0.0082
6aa5f08a-5c88-4337-b711-4842a00378c2	5	69571467	69779150	2	1.7274
6aa5f08a-5c88-4337-b711-4842a00378c2	5	69779164	180951888	69617	0.0123
6aa5f08a-5c88-4337-b711-4842a00378c2	5	180953203	181006225	18	0.5443
6aa5f08a-5c88-4337-b711-4842a00378c2	5	181006264	181363319	169	0.0452
6aa5f08a-5c88-4337-b711-4842a00378c2	6	149661	264756	105	0.0798
6aa5f08a-5c88-4337-b711-4842a00378c2	6	265113	294474	17	-0.3776
6aa5f08a-5c88-4337-b711-4842a00378c2	6	294725	336218	23	0.1127
6aa5f08a-5c88-4337-b711-4842a00378c2	6	336809	381149	57	0.2547
6aa5f08a-5c88-4337-b711-4842a00378c2	6	382559	19039888	14573	0.0132
6aa5f08a-5c88-4337-b711-4842a00378c2	6	19041950	19044471	4	-1.2825
6aa5f08a-5c88-4337-b711-4842a00378c2	6	19044485	29731476	6760	0.014
6aa5f08a-5c88-4337-b711-4842a00378c2	6	29731936	29732302	2	-1.0466
6aa5f08a-5c88-4337-b711-4842a00378c2	6	29732406	29869295	115	-0.0071
6aa5f08a-5c88-4337-b711-4842a00378c2	6	29869410	29933799	36	0.6637
6aa5f08a-5c88-4337-b711-4842a00378c2	6	29940692	31313046	644	0.0054
6aa5f08a-5c88-4337-b711-4842a00378c2	6	31318499	31342147	12	-0.9453
6aa5f08a-5c88-4337-b711-4842a00378c2	6	31349570	32106013	299	-0.0001
6aa5f08a-5c88-4337-b711-4842a00378c2	6	32106085	32106814	5	1.2043
6aa5f08a-5c88-4337-b711-4842a00378c2	6	32124430	32614112	236	-0.0234
6aa5f08a-5c88-4337-b711-4842a00378c2	6	32614426	32619131	2	-2.0198
6aa5f08a-5c88-4337-b711-4842a00378c2	6	32619680	32641650	13	-0.2717
6aa5f08a-5c88-4337-b711-4842a00378c2	6	32656527	32658841	6	1.0237
6aa5f08a-5c88-4337-b711-4842a00378c2	6	32682835	54066286	13701	0.0097
6aa5f08a-5c88-4337-b711-4842a00378c2	6	54066353	54067057	7	1.8173
6aa5f08a-5c88-4337-b711-4842a00378c2	6	54070550	66971937	5905	0.0119
6aa5f08a-5c88-4337-b711-4842a00378c2	6	66973914	66974166	5	-0.79
6aa5f08a-5c88-4337-b711-4842a00378c2	6	66974605	73882085	4476	0.0077
6aa5f08a-5c88-4337-b711-4842a00378c2	6	73882142	73891694	11	0.6077
6aa5f08a-5c88-4337-b711-4842a00378c2	6	73893839	78253172	2767	0.003
6aa5f08a-5c88-4337-b711-4842a00378c2	6	78259348	78325223	110	0.2715
6aa5f08a-5c88-4337-b711-4842a00378c2	6	78325310	80568270	1433	0.0148
6aa5f08a-5c88-4337-b711-4842a00378c2	6	80574472	80579817	33	-0.6997
6aa5f08a-5c88-4337-b711-4842a00378c2	6	80584624	103286954	14011	0.012
6aa5f08a-5c88-4337-b711-4842a00378c2	6	103290101	103314186	46	-1.0746
6aa5f08a-5c88-4337-b711-4842a00378c2	6	103317795	154639748	32992	0.0135
6aa5f08a-5c88-4337-b711-4842a00378c2	6	154642532	154644703	3	-1.1433
6aa5f08a-5c88-4337-b711-4842a00378c2	6	154645133	170741917	11179	0.0135
6aa5f08a-5c88-4337-b711-4842a00378c2	7	43355	38286633	27391	0.009
6aa5f08a-5c88-4337-b711-4842a00378c2	7	38286669	38347842	96	0.2139
6aa5f08a-5c88-4337-b711-4842a00378c2	7	38351764	54305455	10994	0.0061
6aa5f08a-5c88-4337-b711-4842a00378c2	7	54318812	54318821	5	1.7509
6aa5f08a-5c88-4337-b711-4842a00378c2	7	54318824	109768506	28413	0.0136
6aa5f08a-5c88-4337-b711-4842a00378c2	7	109770260	109770355	5	-1.1305
6aa5f08a-5c88-4337-b711-4842a00378c2	7	109777651	109793720	19	-0.022
6aa5f08a-5c88-4337-b711-4842a00378c2	7	109793728	109814172	39	0.2882
6aa5f08a-5c88-4337-b711-4842a00378c2	7	109814214	120662233	6477	0.0093
6aa5f08a-5c88-4337-b711-4842a00378c2	7	120664313	120672705	7	-0.732
6aa5f08a-5c88-4337-b711-4842a00378c2	7	120675165	126404920	3546	0.0172
6aa5f08a-5c88-4337-b711-4842a00378c2	7	126405428	126406561	12	0.535
6aa5f08a-5c88-4337-b711-4842a00378c2	7	126406822	135451971	5735	0.0119
6aa5f08a-5c88-4337-b711-4842a00378c2	7	135457003	135458334	5	-0.9126
6aa5f08a-5c88-4337-b711-4842a00378c2	7	135462677	142063324	4185	0.0194
6aa5f08a-5c88-4337-b711-4842a00378c2	7	142069843	142099360	36	0.3383
6aa5f08a-5c88-4337-b711-4842a00378c2	7	142105742	143888658	944	0.0562
6aa5f08a-5c88-4337-b711-4842a00378c2	7	143895362	158735209	9531	0.0161
6aa5f08a-5c88-4337-b711-4842a00378c2	7	158735467	159334314	387	0.0887
6aa5f08a-5c88-4337-b711-4842a00378c2	8	81254	644973	324	0.0483
6aa5f08a-5c88-4337-b711-4842a00378c2	8	645220	645908	8	0.9543
6aa5f08a-5c88-4337-b711-4842a00378c2	8	656117	2844412	1706	0.015
6aa5f08a-5c88-4337-b711-4842a00378c2	8	2846011	2846377	7	-1.6727
6aa5f08a-5c88-4337-b711-4842a00378c2	8	2849649	8085660	5742	0.0092
6aa5f08a-5c88-4337-b711-4842a00378c2	8	8101440	8214781	12	-0.6063
6aa5f08a-5c88-4337-b711-4842a00378c2	8	8234503	12143614	3226	0.0142
6aa5f08a-5c88-4337-b711-4842a00378c2	8	12176798	12555293	41	0.4209
6aa5f08a-5c88-4337-b711-4842a00378c2	8	12561014	12585546	9	0.1431
6aa5f08a-5c88-4337-b711-4842a00378c2	8	12616034	12649562	10	-0.5515
6aa5f08a-5c88-4337-b711-4842a00378c2	8	12670919	25114672	10393	0.01
6aa5f08a-5c88-4337-b711-4842a00378c2	8	25116928	25126818	27	0.6203
6aa5f08a-5c88-4337-b711-4842a00378c2	8	25133589	39389156	9018	0.015
6aa5f08a-5c88-4337-b711-4842a00378c2	8	39389592	39527675	56	-0.4748
6aa5f08a-5c88-4337-b711-4842a00378c2	8	39529446	111282809	42010	0.0115
6aa5f08a-5c88-4337-b711-4842a00378c2	8	111282852	111283016	3	-2.0286
6aa5f08a-5c88-4337-b711-4842a00378c2	8	111283031	114622424	1824	-0.0071
6aa5f08a-5c88-4337-b711-4842a00378c2	8	114622438	114626166	12	-0.7182
6aa5f08a-5c88-4337-b711-4842a00378c2	8	114626238	114628759	9	-0.0839
6aa5f08a-5c88-4337-b711-4842a00378c2	8	114628773	114629502	11	-0.6271
6aa5f08a-5c88-4337-b711-4842a00378c2	8	114638468	139591259	18397	0.0124
6aa5f08a-5c88-4337-b711-4842a00378c2	8	139592093	139593472	6	0.7164
6aa5f08a-5c88-4337-b711-4842a00378c2	8	139594788	140930001	804	0.0095
6aa5f08a-5c88-4337-b711-4842a00378c2	8	140932756	142409225	899	0.0843
6aa5f08a-5c88-4337-b711-4842a00378c2	8	142409456	143624714	444	0.0194
6aa5f08a-5c88-4337-b711-4842a00378c2	8	143624808	143625638	3	-1.232
6aa5f08a-5c88-4337-b711-4842a00378c2	8	143636819	145072769	503	0.0549
6aa5f08a-5c88-4337-b711-4842a00378c2	9	46587	1446459	1458	0.0166
6aa5f08a-5c88-4337-b711-4842a00378c2	9	1446987	1450274	11	-1.3953
6aa5f08a-5c88-4337-b711-4842a00378c2	9	1450320	11837596	9673	0.0056
6aa5f08a-5c88-4337-b711-4842a00378c2	9	11837690	11839399	3	-1.1573
6aa5f08a-5c88-4337-b711-4842a00378c2	9	11839805	23361807	9273	0.0073
6aa5f08a-5c88-4337-b711-4842a00378c2	9	23363117	23373486	8	-2.3141
6aa5f08a-5c88-4337-b711-4842a00378c2	9	23378490	39807498	10749	0.0044
6aa5f08a-5c88-4337-b711-4842a00378c2	9	39827488	39833357	2	-1.7074
6aa5f08a-5c88-4337-b711-4842a00378c2	9	39840169	61405110	194	0.1286
6aa5f08a-5c88-4337-b711-4842a00378c2	9	61520021	61647899	30	-1.0298
6aa5f08a-5c88-4337-b711-4842a00378c2	9	61665362	138200944	48098	0.0134
6aa5f08a-5c88-4337-b711-4842a00378c2	10	45792	26934974	21192	0.0102
6aa5f08a-5c88-4337-b711-4842a00378c2	10	26936975	26939544	13	0.5918
6aa5f08a-5c88-4337-b711-4842a00378c2	10	26941064	45574604	10176	0.0133
6aa5f08a-5c88-4337-b711-4842a00378c2	10	45577424	45578738	3	-1.1369
6aa5f08a-5c88-4337-b711-4842a00378c2	10	45579330	54920517	5674	0.0125
6aa5f08a-5c88-4337-b711-4842a00378c2	10	54923330	54924277	2	-3.0237
6aa5f08a-5c88-4337-b711-4842a00378c2	10	54927534	65549213	7378	0.0055
6aa5f08a-5c88-4337-b711-4842a00378c2	10	65549243	65554688	16	-0.4418
6aa5f08a-5c88-4337-b711-4842a00378c2	10	65563037	80234421	9477	0.0098
6aa5f08a-5c88-4337-b711-4842a00378c2	10	80234562	80237322	2	-2.6333
6aa5f08a-5c88-4337-b711-4842a00378c2	10	80237692	122584593	28844	0.0098
6aa5f08a-5c88-4337-b711-4842a00378c2	10	122584707	122591497	5	-1.242
6aa5f08a-5c88-4337-b711-4842a00378c2	10	122597296	133654968	7905	0.0198
6aa5f08a-5c88-4337-b711-4842a00378c2	11	198510	4949013	2421	0.022
6aa5f08a-5c88-4337-b711-4842a00378c2	11	4949047	4955042	28	0.7604
6aa5f08a-5c88-4337-b711-4842a00378c2	11	4955781	6086560	1055	0.002
6aa5f08a-5c88-4337-b711-4842a00378c2	11	6087039	6102658	10	-0.5469
6aa5f08a-5c88-4337-b711-4842a00378c2	11	6106296	20822345	10878	0.0119
6aa5f08a-5c88-4337-b711-4842a00378c2	11	20823306	20828212	3	-1.2088
6aa5f08a-5c88-4337-b711-4842a00378c2	11	20828684	55595864	20089	0.0101
6aa5f08a-5c88-4337-b711-4842a00378c2	11	55606556	55672514	47	0.5018
6aa5f08a-5c88-4337-b711-4842a00378c2	11	55674842	89736714	19868	0.0158
6aa5f08a-5c88-4337-b711-4842a00378c2	11	89739376	89847184	16	0.4584
6aa5f08a-5c88-4337-b711-4842a00378c2	11	89878176	133017004	30876	0.0129
6aa5f08a-5c88-4337-b711-4842a00378c2	11	133017370	133019762	2	-1.5628
6aa5f08a-5c88-4337-b711-4842a00378c2	11	133021163	135074876	1551	0.034
6aa5f08a-5c88-4337-b711-4842a00378c2	12	51460	8289689	5562	0.0209
6aa5f08a-5c88-4337-b711-4842a00378c2	12	8296516	8329044	9	0.6109
6aa5f08a-5c88-4337-b711-4842a00378c2	12	8329264	9477960	605	0.0298
6aa5f08a-5c88-4337-b711-4842a00378c2	12	9481274	9562969	23	0.9168
6aa5f08a-5c88-4337-b711-4842a00378c2	12	9575696	33141653	16583	0.0115
6aa5f08a-5c88-4337-b711-4842a00378c2	12	33141688	33155525	33	0.3372
6aa5f08a-5c88-4337-b711-4842a00378c2	12	33155563	33822094	452	-0.0032
6aa5f08a-5c88-4337-b711-4842a00378c2	12	33822316	38494178	659	0.0793
6aa5f08a-5c88-4337-b711-4842a00378c2	12	38494420	45506042	4473	0.001
6aa5f08a-5c88-4337-b711-4842a00378c2	12	45510655	45515754	4	-1.1147
6aa5f08a-5c88-4337-b711-4842a00378c2	12	45519509	80446147	21528	0.0111
6aa5f08a-5c88-4337-b711-4842a00378c2	12	80446276	80456533	2	-1.7843
6aa5f08a-5c88-4337-b711-4842a00378c2	12	80458189	99398036	12164	0.0122
6aa5f08a-5c88-4337-b711-4842a00378c2	12	99401515	99404956	31	-0.3026
6aa5f08a-5c88-4337-b711-4842a00378c2	12	99409315	118836362	13117	0.0143
6aa5f08a-5c88-4337-b711-4842a00378c2	12	118836617	118837693	3	-1.378
6aa5f08a-5c88-4337-b711-4842a00378c2	12	118837902	131636170	9019	0.0138
6aa5f08a-5c88-4337-b711-4842a00378c2	12	131648039	131657925	14	0.565
6aa5f08a-5c88-4337-b711-4842a00378c2	12	131658450	133201603	558	0.0282
6aa5f08a-5c88-4337-b711-4842a00378c2	13	18452809	24451779	3982	0.0131
6aa5f08a-5c88-4337-b711-4842a00378c2	13	24454534	24465460	18	0.4075
6aa5f08a-5c88-4337-b711-4842a00378c2	13	24465540	38478674	10200	0.0162
6aa5f08a-5c88-4337-b711-4842a00378c2	13	38483435	38483919	2	-1.4491
6aa5f08a-5c88-4337-b711-4842a00378c2	13	38490920	42984536	3187	0.0171
6aa5f08a-5c88-4337-b711-4842a00378c2	13	42984697	42984710	2	-1.3746
6aa5f08a-5c88-4337-b711-4842a00378c2	13	42985632	48957415	4134	0.0155
6aa5f08a-5c88-4337-b711-4842a00378c2	13	48959579	48962368	2	-3.2826
6aa5f08a-5c88-4337-b711-4842a00378c2	13	48963569	57176962	4498	0.0115
6aa5f08a-5c88-4337-b711-4842a00378c2	13	57184136	57204246	34	-0.773
6aa5f08a-5c88-4337-b711-4842a00378c2	13	57215580	62387834	3113	0.006
6aa5f08a-5c88-4337-b711-4842a00378c2	13	62388777	62389467	2	-2.4089
6aa5f08a-5c88-4337-b711-4842a00378c2	13	62393055	65628806	1815	0.0146
6aa5f08a-5c88-4337-b711-4842a00378c2	13	65628931	65631572	3	-1.3797
6aa5f08a-5c88-4337-b711-4842a00378c2	13	65634346	66598647	676	-0.0156
6aa5f08a-5c88-4337-b711-4842a00378c2	13	66602087	66603651	2	-1.8944
6aa5f08a-5c88-4337-b711-4842a00378c2	13	66604212	71902850	3380	0.0043
6aa5f08a-5c88-4337-b711-4842a00378c2	13	71903417	71905409	2	1.6063
6aa5f08a-5c88-4337-b711-4842a00378c2	13	71906311	114342922	29099	0.0117
6aa5f08a-5c88-4337-b711-4842a00378c2	14	18239283	73534419	34251	0.011
6aa5f08a-5c88-4337-b711-4842a00378c2	14	73540003	73554275	8	-1.56
6aa5f08a-5c88-4337-b711-4842a00378c2	14	73563196	105632998	20664	0.0114
6aa5f08a-5c88-4337-b711-4842a00378c2	14	105636696	105758187	20	0.6826
6aa5f08a-5c88-4337-b711-4842a00378c2	14	105779965	105825418	39	0.0013
6aa5f08a-5c88-4337-b711-4842a00378c2	14	105829345	106136087	77	0.2285
6aa5f08a-5c88-4337-b711-4842a00378c2	14	106140824	106307401	76	-0.0663
6aa5f08a-5c88-4337-b711-4842a00378c2	14	106308664	106462169	92	0.2756
6aa5f08a-5c88-4337-b711-4842a00378c2	14	106462183	106877229	196	-0.0036
6aa5f08a-5c88-4337-b711-4842a00378c2	15	19811075	20235285	63	0.16
6aa5f08a-5c88-4337-b711-4842a00378c2	15	20240885	20373168	25	0.8193
6aa5f08a-5c88-4337-b711-4842a00378c2	15	20376198	20380837	9	0.1753
6aa5f08a-5c88-4337-b711-4842a00378c2	15	20380851	20422239	33	0.5144
6aa5f08a-5c88-4337-b711-4842a00378c2	15	20441322	20625279	7	-0.0561
6aa5f08a-5c88-4337-b711-4842a00378c2	15	20642631	22413894	72	0.7986
6aa5f08a-5c88-4337-b711-4842a00378c2	15	22455811	30215235	4628	0.0193
6aa5f08a-5c88-4337-b711-4842a00378c2	15	30230885	30259942	6	0.9161
6aa5f08a-5c88-4337-b711-4842a00378c2	15	30269364	65521764	22526	0.0136
6aa5f08a-5c88-4337-b711-4842a00378c2	15	65524604	65526049	3	-2.3416
6aa5f08a-5c88-4337-b711-4842a00378c2	15	65530196	101928837	24182	0.0141
6aa5f08a-5c88-4337-b711-4842a00378c2	16	10777	954694	368	0.0712
6aa5f08a-5c88-4337-b711-4842a00378c2	16	955360	955666	2	-1.3884
6aa5f08a-5c88-4337-b711-4842a00378c2	16	957268	13851431	10251	0.0095
6aa5f08a-5c88-4337-b711-4842a00378c2	16	13856502	23278297	4640	0.0443
6aa5f08a-5c88-4337-b711-4842a00378c2	16	23278518	35232200	4912	0.0138
6aa5f08a-5c88-4337-b711-4842a00378c2	16	35236333	35522700	167	0.5465
6aa5f08a-5c88-4337-b711-4842a00378c2	16	35526596	55762682	6602	0.0189
6aa5f08a-5c88-4337-b711-4842a00378c2	16	55764310	55764867	3	3.3151
6aa5f08a-5c88-4337-b711-4842a00378c2	16	55770436	55775312	6	1.0367
6aa5f08a-5c88-4337-b711-4842a00378c2	16	55775554	78337711	14294	0.0123
6aa5f08a-5c88-4337-b711-4842a00378c2	16	78338543	78351540	19	0.6538
6aa5f08a-5c88-4337-b711-4842a00378c2	16	78351585	80966732	3067	0.0153
6aa5f08a-5c88-4337-b711-4842a00378c2	16	80968666	80972861	5	-0.7423
6aa5f08a-5c88-4337-b711-4842a00378c2	16	80973635	81139057	140	0.0545
6aa5f08a-5c88-4337-b711-4842a00378c2	16	81144100	81154247	12	-0.714
6aa5f08a-5c88-4337-b711-4842a00378c2	16	81154947	90096867	7398	0.0211
6aa5f08a-5c88-4337-b711-4842a00378c2	17	150733	7354708	4085	0.013
6aa5f08a-5c88-4337-b711-4842a00378c2	17	7362030	7362487	2	-2.5872
6aa5f08a-5c88-4337-b711-4842a00378c2	17	7363157	46099741	19269	0.0189
6aa5f08a-5c88-4337-b711-4842a00378c2	17	46100092	46286804	114	-0.4465
6aa5f08a-5c88-4337-b711-4842a00378c2	17	46323701	46446360	4	1.7676
6aa5f08a-5c88-4337-b711-4842a00378c2	17	46569894	83091923	21573	0.0139
6aa5f08a-5c88-4337-b711-4842a00378c2	18	48133	40680516	22788	0.0136
6aa5f08a-5c88-4337-b711-4842a00378c2	18	40680526	40685425	14	-1.375
6aa5f08a-5c88-4337-b711-4842a00378c2	18	40688060	42464143	1211	0.0044
6aa5f08a-5c88-4337-b711-4842a00378c2	18	42469085	42477802	29	-0.4479
6aa5f08a-5c88-4337-b711-4842a00378c2	18	42478430	80257174	26698	0.0062
6aa5f08a-5c88-4337-b711-4842a00378c2	19	90910	35358420	16710	0.0165
6aa5f08a-5c88-4337-b711-4842a00378c2	19	35364451	35375884	23	-0.5226
6aa5f08a-5c88-4337-b711-4842a00378c2	19	35375899	54997337	10177	0.0167
6aa5f08a-5c88-4337-b711-4842a00378c2	19	54997939	54998320	2	-2.3333
6aa5f08a-5c88-4337-b711-4842a00378c2	19	54998497	55771169	362	0.0253
6aa5f08a-5c88-4337-b711-4842a00378c2	19	55771663	55771701	2	-2.5702
6aa5f08a-5c88-4337-b711-4842a00378c2	19	55774927	58586487	1838	0.0022
6aa5f08a-5c88-4337-b711-4842a00378c2	20	80664	1571811	1183	0.0266
6aa5f08a-5c88-4337-b711-4842a00378c2	20	1576544	1587098	27	-0.6343
6aa5f08a-5c88-4337-b711-4842a00378c2	20	1587360	1601446	29	-0.2337
6aa5f08a-5c88-4337-b711-4842a00378c2	20	1601561	4056881	1697	0.0078
6aa5f08a-5c88-4337-b711-4842a00378c2	20	4056980	4067990	15	-0.4764
6aa5f08a-5c88-4337-b711-4842a00378c2	20	4068009	64284715	39425	0.0143
6aa5f08a-5c88-4337-b711-4842a00378c2	20	64323342	64324800	5	-0.8502
6aa5f08a-5c88-4337-b711-4842a00378c2	21	10354168	12973348	88	0.2908
6aa5f08a-5c88-4337-b711-4842a00378c2	21	12992210	39186019	18801	0.0105
6aa5f08a-5c88-4337-b711-4842a00378c2	21	39186052	39187986	4	-1.9816
6aa5f08a-5c88-4337-b711-4842a00378c2	21	39188728	46677045	4970	0.0194
6aa5f08a-5c88-4337-b711-4842a00378c2	22	15294547	23987520	4393	0.0588
6aa5f08a-5c88-4337-b711-4842a00378c2	22	23988078	23990739	4	-1.6696
6aa5f08a-5c88-4337-b711-4842a00378c2	22	23995113	25275764	822	0.0077
6aa5f08a-5c88-4337-b711-4842a00378c2	22	25276030	25450251	164	0.1453
6aa5f08a-5c88-4337-b711-4842a00378c2	22	25451031	29474269	3339	0.0142
6aa5f08a-5c88-4337-b711-4842a00378c2	22	29474323	29474386	3	0.9853
6aa5f08a-5c88-4337-b711-4842a00378c2	22	29485712	38894915	6470	0.0094
6aa5f08a-5c88-4337-b711-4842a00378c2	22	38899250	38900899	3	-2.4541
6aa5f08a-5c88-4337-b711-4842a00378c2	22	38903109	50796027	8077	0.0203
6aa5f08a-5c88-4337-b711-4842a00378c2	X	251810	5784950	2334	0.0019
6aa5f08a-5c88-4337-b711-4842a00378c2	X	5785597	5793196	4	-1.2003
6aa5f08a-5c88-4337-b711-4842a00378c2	X	5794092	135619994	68988	0.0115
6aa5f08a-5c88-4337-b711-4842a00378c2	X	135623557	135675462	33	0.6925
6aa5f08a-5c88-4337-b711-4842a00378c2	X	135675713	141578177	3446	0.0153
6aa5f08a-5c88-4337-b711-4842a00378c2	X	141585262	141694897	69	0.5786
6aa5f08a-5c88-4337-b711-4842a00378c2	X	141700588	155952689	8780	0.0152
6aa5f08a-5c88-4337-b711-4842a00378c2	Y	2782397	3314408	191	-2.6218
6aa5f08a-5c88-4337-b711-4842a00378c2	Y	3326047	6233384	593	-2.1962
6aa5f08a-5c88-4337-b711-4842a00378c2	Y	6249869	9332936	1445	-2.82
6aa5f08a-5c88-4337-b711-4842a00378c2	Y	9334069	9550385	20	-5.3341
6aa5f08a-5c88-4337-b711-4842a00378c2	Y	9550653	16731279	2613	-2.6332
6aa5f08a-5c88-4337-b711-4842a00378c2	Y	16738883	56872112	1777	-2.1391
