GDC_Aliquot	Chromosome	Start	End	Num_Probes	Segment_Mean
d66c3227-4b95-4bdf-9abb-4c4c19601e34	1	62920	105476583	63478	-0.0018
d66c3227-4b95-4bdf-9abb-4c4c19601e34	1	105476614	105479753	16	-1.7513
d66c3227-4b95-4bdf-9abb-4c4c19601e34	1	105481433	109028555	2338	0.0097
d66c3227-4b95-4bdf-9abb-4c4c19601e34	1	109031904	109063745	5	-1.3704
d66c3227-4b95-4bdf-9abb-4c4c19601e34	1	109067737	109684695	285	0.024
d66c3227-4b95-4bdf-9abb-4c4c19601e34	1	109684893	109697556	14	1.0595
d66c3227-4b95-4bdf-9abb-4c4c19601e34	1	109702376	110811880	812	-0.0044
d66c3227-4b95-4bdf-9abb-4c4c19601e34	1	110817113	110817313	5	-0.9192
d66c3227-4b95-4bdf-9abb-4c4c19601e34	1	110817923	110828115	11	-0.0039
d66c3227-4b95-4bdf-9abb-4c4c19601e34	1	110831471	110845604	43	-0.7613
d66c3227-4b95-4bdf-9abb-4c4c19601e34	1	110849445	113902991	2107	0.0073
d66c3227-4b95-4bdf-9abb-4c4c19601e34	1	113904412	113905292	2	-2.1313
d66c3227-4b95-4bdf-9abb-4c4c19601e34	1	113910908	152582700	6534	0.0079
d66c3227-4b95-4bdf-9abb-4c4c19601e34	1	152583051	152614118	36	-1.6714
d66c3227-4b95-4bdf-9abb-4c4c19601e34	1	152618018	152787202	166	-0.0101
d66c3227-4b95-4bdf-9abb-4c4c19601e34	1	152789447	152795883	35	0.512
d66c3227-4b95-4bdf-9abb-4c4c19601e34	1	152796094	158545295	3271	0.0105
d66c3227-4b95-4bdf-9abb-4c4c19601e34	1	158547206	158550505	16	-1.0577
d66c3227-4b95-4bdf-9abb-4c4c19601e34	1	158553881	189447191	21151	0.0004
d66c3227-4b95-4bdf-9abb-4c4c19601e34	1	189448449	189463694	11	-0.8444
d66c3227-4b95-4bdf-9abb-4c4c19601e34	1	189468293	196762956	4877	0.0053
d66c3227-4b95-4bdf-9abb-4c4c19601e34	1	196769493	196832525	53	-1.3043
d66c3227-4b95-4bdf-9abb-4c4c19601e34	1	196832720	199142235	1369	0.0147
d66c3227-4b95-4bdf-9abb-4c4c19601e34	1	199142298	199144712	8	-1.9102
d66c3227-4b95-4bdf-9abb-4c4c19601e34	1	199145110	209897717	7375	0.0078
d66c3227-4b95-4bdf-9abb-4c4c19601e34	1	209908268	209910639	3	-1.944
d66c3227-4b95-4bdf-9abb-4c4c19601e34	1	209913207	240228440	21065	0.0042
d66c3227-4b95-4bdf-9abb-4c4c19601e34	1	240230715	240230824	5	-1.5545
d66c3227-4b95-4bdf-9abb-4c4c19601e34	1	240230839	241914315	1340	-0.0158
d66c3227-4b95-4bdf-9abb-4c4c19601e34	1	241917551	241917920	2	-1.6729
d66c3227-4b95-4bdf-9abb-4c4c19601e34	1	241919594	242109627	92	-0.1147
d66c3227-4b95-4bdf-9abb-4c4c19601e34	1	242113701	242113960	2	-2.3814
d66c3227-4b95-4bdf-9abb-4c4c19601e34	1	242114828	247781066	3784	0.0145
d66c3227-4b95-4bdf-9abb-4c4c19601e34	1	247783081	247785470	2	-2.374
d66c3227-4b95-4bdf-9abb-4c4c19601e34	1	247786501	248442451	412	0.0602
d66c3227-4b95-4bdf-9abb-4c4c19601e34	1	248446755	248458851	5	-1.0662
d66c3227-4b95-4bdf-9abb-4c4c19601e34	1	248461036	248631988	53	0.1951
d66c3227-4b95-4bdf-9abb-4c4c19601e34	1	248633821	248664935	9	0.9805
d66c3227-4b95-4bdf-9abb-4c4c19601e34	1	248668953	248703037	28	0.0022
d66c3227-4b95-4bdf-9abb-4c4c19601e34	1	248703602	248709357	5	-1.4528
d66c3227-4b95-4bdf-9abb-4c4c19601e34	1	248713007	248930189	100	0.0374
d66c3227-4b95-4bdf-9abb-4c4c19601e34	2	12784	6160061	4674	-0.0115
d66c3227-4b95-4bdf-9abb-4c4c19601e34	2	6160351	6167743	30	-0.8959
d66c3227-4b95-4bdf-9abb-4c4c19601e34	2	6170371	17791700	8627	0.0086
d66c3227-4b95-4bdf-9abb-4c4c19601e34	2	17791888	17795107	3	-1.5942
d66c3227-4b95-4bdf-9abb-4c4c19601e34	2	17796483	29418334	7230	0.012
d66c3227-4b95-4bdf-9abb-4c4c19601e34	2	29419008	29422071	11	-1.4052
d66c3227-4b95-4bdf-9abb-4c4c19601e34	2	29423558	34485794	3428	0.0097
d66c3227-4b95-4bdf-9abb-4c4c19601e34	2	34485834	34512489	36	0.5231
d66c3227-4b95-4bdf-9abb-4c4c19601e34	2	34512965	35750907	867	-0.0144
d66c3227-4b95-4bdf-9abb-4c4c19601e34	2	35752724	35762850	6	-1.6991
d66c3227-4b95-4bdf-9abb-4c4c19601e34	2	35762881	89305244	34799	0.0121
d66c3227-4b95-4bdf-9abb-4c4c19601e34	2	89896149	89956227	7	1.414
d66c3227-4b95-4bdf-9abb-4c4c19601e34	2	89960252	105521668	5970	0.0198
d66c3227-4b95-4bdf-9abb-4c4c19601e34	2	105522355	105522759	2	-2.3491
d66c3227-4b95-4bdf-9abb-4c4c19601e34	2	105523754	242147305	83227	0.0102
d66c3227-4b95-4bdf-9abb-4c4c19601e34	3	20930	46731388	33020	0.0026
d66c3227-4b95-4bdf-9abb-4c4c19601e34	3	46732421	46818342	53	-0.4203
d66c3227-4b95-4bdf-9abb-4c4c19601e34	3	46827338	95737262	28528	-0.001
d66c3227-4b95-4bdf-9abb-4c4c19601e34	3	95748036	95749266	2	-3.5512
d66c3227-4b95-4bdf-9abb-4c4c19601e34	3	95749836	109077096	7819	0.0089
d66c3227-4b95-4bdf-9abb-4c4c19601e34	3	109086518	109092904	10	-0.8256
d66c3227-4b95-4bdf-9abb-4c4c19601e34	3	109097082	130035506	12666	0.0068
d66c3227-4b95-4bdf-9abb-4c4c19601e34	3	130035762	130133020	62	-0.3468
d66c3227-4b95-4bdf-9abb-4c4c19601e34	3	130137637	134608284	2875	0.0195
d66c3227-4b95-4bdf-9abb-4c4c19601e34	3	134612398	134613131	3	1.6111
d66c3227-4b95-4bdf-9abb-4c4c19601e34	3	134617910	151791550	10621	0.0039
d66c3227-4b95-4bdf-9abb-4c4c19601e34	3	151792254	151828091	28	-1.012
d66c3227-4b95-4bdf-9abb-4c4c19601e34	3	151830703	189645889	23288	0.0072
d66c3227-4b95-4bdf-9abb-4c4c19601e34	3	189646041	189653225	12	-0.7604
d66c3227-4b95-4bdf-9abb-4c4c19601e34	3	189654562	190874697	905	0.0191
d66c3227-4b95-4bdf-9abb-4c4c19601e34	3	190877992	190879163	2	-2.5729
d66c3227-4b95-4bdf-9abb-4c4c19601e34	3	190900872	190923665	10	-0.3314
d66c3227-4b95-4bdf-9abb-4c4c19601e34	3	190927130	195549253	3053	0.0034
d66c3227-4b95-4bdf-9abb-4c4c19601e34	3	195552392	195720051	29	-0.5642
d66c3227-4b95-4bdf-9abb-4c4c19601e34	3	195728637	198169247	1181	-0.0109
d66c3227-4b95-4bdf-9abb-4c4c19601e34	4	68929	9415994	5116	-0.0285
d66c3227-4b95-4bdf-9abb-4c4c19601e34	4	9416326	9516340	36	-0.5073
d66c3227-4b95-4bdf-9abb-4c4c19601e34	4	9516451	10208766	529	0.0336
d66c3227-4b95-4bdf-9abb-4c4c19601e34	4	10221792	10232642	30	0.5391
d66c3227-4b95-4bdf-9abb-4c4c19601e34	4	10232984	10390730	176	0.0619
d66c3227-4b95-4bdf-9abb-4c4c19601e34	4	10391530	10399044	15	-0.7805
d66c3227-4b95-4bdf-9abb-4c4c19601e34	4	10401094	34764149	16715	-0.0006
d66c3227-4b95-4bdf-9abb-4c4c19601e34	4	34768684	34830245	54	0.3728
d66c3227-4b95-4bdf-9abb-4c4c19601e34	4	34833940	68509223	19388	0.0011
d66c3227-4b95-4bdf-9abb-4c4c19601e34	4	68509237	68544538	14	1.1709
d66c3227-4b95-4bdf-9abb-4c4c19601e34	4	68548054	68655691	54	0.3463
d66c3227-4b95-4bdf-9abb-4c4c19601e34	4	68663241	69265628	316	0.023
d66c3227-4b95-4bdf-9abb-4c4c19601e34	4	69266404	69374271	53	0.4835
d66c3227-4b95-4bdf-9abb-4c4c19601e34	4	69376311	69523998	105	0.0368
d66c3227-4b95-4bdf-9abb-4c4c19601e34	4	69524143	69525061	2	-2.4836
d66c3227-4b95-4bdf-9abb-4c4c19601e34	4	69526170	70702150	740	-0.0004
d66c3227-4b95-4bdf-9abb-4c4c19601e34	4	70702609	70706214	2	-2.6472
d66c3227-4b95-4bdf-9abb-4c4c19601e34	4	70706780	103824414	20084	0.0009
d66c3227-4b95-4bdf-9abb-4c4c19601e34	4	103830473	103830480	5	1.4254
d66c3227-4b95-4bdf-9abb-4c4c19601e34	4	103830487	114252544	6275	0.0022
d66c3227-4b95-4bdf-9abb-4c4c19601e34	4	114254167	114263110	26	0.7173
d66c3227-4b95-4bdf-9abb-4c4c19601e34	4	114263154	190106768	46932	-0.0002
d66c3227-4b95-4bdf-9abb-4c4c19601e34	5	15532	620164	260	-0.0775
d66c3227-4b95-4bdf-9abb-4c4c19601e34	5	620371	886872	108	-0.3213
d66c3227-4b95-4bdf-9abb-4c4c19601e34	5	896611	12785079	9755	-0.0104
d66c3227-4b95-4bdf-9abb-4c4c19601e34	5	12785134	12819964	16	0.8942
d66c3227-4b95-4bdf-9abb-4c4c19601e34	5	12824299	19002182	4062	-0.0013
d66c3227-4b95-4bdf-9abb-4c4c19601e34	5	19003629	19003781	2	-2.3489
d66c3227-4b95-4bdf-9abb-4c4c19601e34	5	19004543	58660999	21865	-0.0008
d66c3227-4b95-4bdf-9abb-4c4c19601e34	5	58661016	58663305	23	-0.8087
d66c3227-4b95-4bdf-9abb-4c4c19601e34	5	58663865	104515520	26257	0.0034
d66c3227-4b95-4bdf-9abb-4c4c19601e34	5	104524672	104524780	2	3.8986
d66c3227-4b95-4bdf-9abb-4c4c19601e34	5	104524847	156049762	33288	0.0003
d66c3227-4b95-4bdf-9abb-4c4c19601e34	5	156049910	156055719	13	-0.8421
d66c3227-4b95-4bdf-9abb-4c4c19601e34	5	156068240	181363319	16711	-0.0077
d66c3227-4b95-4bdf-9abb-4c4c19601e34	6	149661	31318528	22227	-0.0032
d66c3227-4b95-4bdf-9abb-4c4c19601e34	6	31318754	31328674	8	-1.6599
d66c3227-4b95-4bdf-9abb-4c4c19601e34	6	31342147	32656814	555	-0.045
d66c3227-4b95-4bdf-9abb-4c4c19601e34	6	32657318	32658841	4	-1.8654
d66c3227-4b95-4bdf-9abb-4c4c19601e34	6	32682835	69463404	21129	0.0072
d66c3227-4b95-4bdf-9abb-4c4c19601e34	6	69468568	69476380	4	-1.4866
d66c3227-4b95-4bdf-9abb-4c4c19601e34	6	69476612	73882142	2850	-0.0093
d66c3227-4b95-4bdf-9abb-4c4c19601e34	6	73882509	73891694	10	-0.746
d66c3227-4b95-4bdf-9abb-4c4c19601e34	6	73893839	76307339	1475	-0.0067
d66c3227-4b95-4bdf-9abb-4c4c19601e34	6	76307352	76318064	28	-1.0849
d66c3227-4b95-4bdf-9abb-4c4c19601e34	6	76323236	76726815	264	0.0096
d66c3227-4b95-4bdf-9abb-4c4c19601e34	6	76730151	76743040	21	-0.4874
d66c3227-4b95-4bdf-9abb-4c4c19601e34	6	76751356	78259388	974	-0.0047
d66c3227-4b95-4bdf-9abb-4c4c19601e34	6	78261980	78325457	109	0.2974
d66c3227-4b95-4bdf-9abb-4c4c19601e34	6	78325468	82257458	2568	-0.0102
d66c3227-4b95-4bdf-9abb-4c4c19601e34	6	82257885	82259395	3	-1.5899
d66c3227-4b95-4bdf-9abb-4c4c19601e34	6	82260063	92864624	6631	-0.0033
d66c3227-4b95-4bdf-9abb-4c4c19601e34	6	92866148	92868912	31	-2.1356
d66c3227-4b95-4bdf-9abb-4c4c19601e34	6	92873205	103286954	6188	0.005
d66c3227-4b95-4bdf-9abb-4c4c19601e34	6	103290101	103314186	46	-1.2191
d66c3227-4b95-4bdf-9abb-4c4c19601e34	6	103317795	104063388	466	0.0009
d66c3227-4b95-4bdf-9abb-4c4c19601e34	6	104066294	104067830	2	-1.855
d66c3227-4b95-4bdf-9abb-4c4c19601e34	6	104071911	125861617	13366	0.0025
d66c3227-4b95-4bdf-9abb-4c4c19601e34	6	125862546	125865630	3	-2.6039
d66c3227-4b95-4bdf-9abb-4c4c19601e34	6	125867747	153633805	18274	0.0054
d66c3227-4b95-4bdf-9abb-4c4c19601e34	6	153636235	153640284	3	-2.5003
d66c3227-4b95-4bdf-9abb-4c4c19601e34	6	153640764	170741917	11847	-0.009
d66c3227-4b95-4bdf-9abb-4c4c19601e34	7	43355	54299223	38311	-0.0045
d66c3227-4b95-4bdf-9abb-4c4c19601e34	7	54318812	54318824	6	2.2388
d66c3227-4b95-4bdf-9abb-4c4c19601e34	7	54325795	91728554	18009	-0.0025
d66c3227-4b95-4bdf-9abb-4c4c19601e34	7	91728979	91729225	3	2.3455
d66c3227-4b95-4bdf-9abb-4c4c19601e34	7	91729456	126405502	20368	0.0033
d66c3227-4b95-4bdf-9abb-4c4c19601e34	7	126405597	126406827	16	-0.9075
d66c3227-4b95-4bdf-9abb-4c4c19601e34	7	126412712	134093899	4677	-0.0108
d66c3227-4b95-4bdf-9abb-4c4c19601e34	7	134100424	134110881	26	-0.7712
d66c3227-4b95-4bdf-9abb-4c4c19601e34	7	134110912	150209431	10037	-0.0101
d66c3227-4b95-4bdf-9abb-4c4c19601e34	7	150211753	150212265	3	-2.9077
d66c3227-4b95-4bdf-9abb-4c4c19601e34	7	150224578	159334314	6008	-0.0165
d66c3227-4b95-4bdf-9abb-4c4c19601e34	8	81254	645875	329	-0.0844
d66c3227-4b95-4bdf-9abb-4c4c19601e34	8	645892	645908	2	-3.1567
d66c3227-4b95-4bdf-9abb-4c4c19601e34	8	656117	2179870	1224	-0.0349
d66c3227-4b95-4bdf-9abb-4c4c19601e34	8	2181344	2185178	6	-1.5722
d66c3227-4b95-4bdf-9abb-4c4c19601e34	8	2193931	2844412	470	-0.0007
d66c3227-4b95-4bdf-9abb-4c4c19601e34	8	2846011	2846377	7	-1.2796
d66c3227-4b95-4bdf-9abb-4c4c19601e34	8	2849649	3521518	714	-0.0156
d66c3227-4b95-4bdf-9abb-4c4c19601e34	8	3523140	3527222	12	-1.219
d66c3227-4b95-4bdf-9abb-4c4c19601e34	8	3529777	5218071	2513	-0.0073
d66c3227-4b95-4bdf-9abb-4c4c19601e34	8	5218126	5218330	7	1.6154
d66c3227-4b95-4bdf-9abb-4c4c19601e34	8	5218430	7473830	2441	-0.0258
d66c3227-4b95-4bdf-9abb-4c4c19601e34	8	7477487	7886542	11	-1.1694
d66c3227-4b95-4bdf-9abb-4c4c19601e34	8	7888457	25122039	13643	-0.01
d66c3227-4b95-4bdf-9abb-4c4c19601e34	8	25122389	25122391	2	-2.506
d66c3227-4b95-4bdf-9abb-4c4c19601e34	8	25122414	32540415	5170	-0.0044
d66c3227-4b95-4bdf-9abb-4c4c19601e34	8	32541249	32541772	2	-1.9007
d66c3227-4b95-4bdf-9abb-4c4c19601e34	8	32543983	39372806	3811	-0.0097
d66c3227-4b95-4bdf-9abb-4c4c19601e34	8	39373140	39527675	59	-0.5904
d66c3227-4b95-4bdf-9abb-4c4c19601e34	8	39529446	46581028	2745	-0.002
d66c3227-4b95-4bdf-9abb-4c4c19601e34	8	46581638	46588976	9	0.9576
d66c3227-4b95-4bdf-9abb-4c4c19601e34	8	46589459	56284260	5813	-0.0007
d66c3227-4b95-4bdf-9abb-4c4c19601e34	8	56285655	56301813	15	-0.5849
d66c3227-4b95-4bdf-9abb-4c4c19601e34	8	56301937	63936079	5010	0.0014
d66c3227-4b95-4bdf-9abb-4c4c19601e34	8	63936340	63936953	7	1.2333
d66c3227-4b95-4bdf-9abb-4c4c19601e34	8	63937166	82805737	11304	0.0019
d66c3227-4b95-4bdf-9abb-4c4c19601e34	8	82811655	82811813	2	-2.0668
d66c3227-4b95-4bdf-9abb-4c4c19601e34	8	82815359	89725972	3872	-0.0095
d66c3227-4b95-4bdf-9abb-4c4c19601e34	8	89726049	89727252	4	-2.624
d66c3227-4b95-4bdf-9abb-4c4c19601e34	8	89730275	114619814	14864	0.0026
d66c3227-4b95-4bdf-9abb-4c4c19601e34	8	114622258	114661835	43	0.3504
d66c3227-4b95-4bdf-9abb-4c4c19601e34	8	114662435	119139771	3087	-0.0006
d66c3227-4b95-4bdf-9abb-4c4c19601e34	8	119142545	119147207	4	-2.9951
d66c3227-4b95-4bdf-9abb-4c4c19601e34	8	119150615	145072769	17883	-0.0001
d66c3227-4b95-4bdf-9abb-4c4c19601e34	9	46587	5384069	5461	0.0052
d66c3227-4b95-4bdf-9abb-4c4c19601e34	9	5385783	5398011	20	-1.1922
d66c3227-4b95-4bdf-9abb-4c4c19601e34	9	5406118	28309880	18595	0.0082
d66c3227-4b95-4bdf-9abb-4c4c19601e34	9	28310572	28311631	2	2.8064
d66c3227-4b95-4bdf-9abb-4c4c19601e34	9	28312063	39807498	6954	0.0088
d66c3227-4b95-4bdf-9abb-4c4c19601e34	9	39827488	39833357	2	-2.9578
d66c3227-4b95-4bdf-9abb-4c4c19601e34	9	39840169	41714376	98	-0.1457
d66c3227-4b95-4bdf-9abb-4c4c19601e34	9	41741096	42302678	34	0.3488
d66c3227-4b95-4bdf-9abb-4c4c19601e34	9	42308537	61369645	56	-0.2853
d66c3227-4b95-4bdf-9abb-4c4c19601e34	9	61371448	61668104	37	0.601
d66c3227-4b95-4bdf-9abb-4c4c19601e34	9	61680289	63580418	36	-0.1663
d66c3227-4b95-4bdf-9abb-4c4c19601e34	9	63590317	63590322	3	1.9645
d66c3227-4b95-4bdf-9abb-4c4c19601e34	9	63590323	71641083	2671	-0.0001
d66c3227-4b95-4bdf-9abb-4c4c19601e34	9	71641820	71643908	19	-0.6162
d66c3227-4b95-4bdf-9abb-4c4c19601e34	9	71647284	90847295	13602	-0.0026
d66c3227-4b95-4bdf-9abb-4c4c19601e34	9	90847386	90847850	3	1.4884
d66c3227-4b95-4bdf-9abb-4c4c19601e34	9	90850677	94872076	2522	-0.0174
d66c3227-4b95-4bdf-9abb-4c4c19601e34	9	94874195	94885510	9	-1.0281
d66c3227-4b95-4bdf-9abb-4c4c19601e34	9	94886305	126882360	22934	-0.0022
d66c3227-4b95-4bdf-9abb-4c4c19601e34	9	126887077	126888361	2	-2.2536
d66c3227-4b95-4bdf-9abb-4c4c19601e34	9	126890006	138200944	6057	-0.0071
d66c3227-4b95-4bdf-9abb-4c4c19601e34	10	45792	1693855	1116	-0.0294
d66c3227-4b95-4bdf-9abb-4c4c19601e34	10	1694226	1696807	4	-1.6931
d66c3227-4b95-4bdf-9abb-4c4c19601e34	10	1696863	46522514	30430	0.0026
d66c3227-4b95-4bdf-9abb-4c4c19601e34	10	46522571	46526061	11	1.5508
d66c3227-4b95-4bdf-9abb-4c4c19601e34	10	46526086	117247041	46667	0.0019
d66c3227-4b95-4bdf-9abb-4c4c19601e34	10	117248823	117248974	2	-4.1984
d66c3227-4b95-4bdf-9abb-4c4c19601e34	10	117249360	133654968	12030	-0.0097
d66c3227-4b95-4bdf-9abb-4c4c19601e34	11	198510	5854637	3323	-0.0009
d66c3227-4b95-4bdf-9abb-4c4c19601e34	11	5855957	5857091	2	-2.9798
d66c3227-4b95-4bdf-9abb-4c4c19601e34	11	5860806	92097323	52242	0.0098
d66c3227-4b95-4bdf-9abb-4c4c19601e34	11	92097492	92097877	2	2.6343
d66c3227-4b95-4bdf-9abb-4c4c19601e34	11	92099538	93964792	1368	0.0224
d66c3227-4b95-4bdf-9abb-4c4c19601e34	11	93964894	93968422	8	-1.3561
d66c3227-4b95-4bdf-9abb-4c4c19601e34	11	93971294	97099997	2222	0.0104
d66c3227-4b95-4bdf-9abb-4c4c19601e34	11	97103220	97176950	72	-0.9554
d66c3227-4b95-4bdf-9abb-4c4c19601e34	11	97178564	107460977	7404	0.0023
d66c3227-4b95-4bdf-9abb-4c4c19601e34	11	107467227	107474032	31	-0.7795
d66c3227-4b95-4bdf-9abb-4c4c19601e34	11	107476508	116796745	6307	0.0058
d66c3227-4b95-4bdf-9abb-4c4c19601e34	11	116797795	116799960	4	-1.3918
d66c3227-4b95-4bdf-9abb-4c4c19601e34	11	116804102	133947577	12589	0.0023
d66c3227-4b95-4bdf-9abb-4c4c19601e34	11	133947761	133948202	2	1.8966
d66c3227-4b95-4bdf-9abb-4c4c19601e34	11	133949547	135074876	833	-0.0422
d66c3227-4b95-4bdf-9abb-4c4c19601e34	12	51460	20991368	13865	0.0012
d66c3227-4b95-4bdf-9abb-4c4c19601e34	12	20991497	20991572	3	-2.3182
d66c3227-4b95-4bdf-9abb-4c4c19601e34	12	20991608	33232895	8879	0.0014
d66c3227-4b95-4bdf-9abb-4c4c19601e34	12	33233822	33242207	5	-1.7555
d66c3227-4b95-4bdf-9abb-4c4c19601e34	12	33242483	34174999	579	0.053
d66c3227-4b95-4bdf-9abb-4c4c19601e34	12	34175632	34314940	65	-0.387
d66c3227-4b95-4bdf-9abb-4c4c19601e34	12	34315590	131250116	60126	0.0024
d66c3227-4b95-4bdf-9abb-4c4c19601e34	12	131250180	131250185	2	-2.7158
d66c3227-4b95-4bdf-9abb-4c4c19601e34	12	131250680	133201603	933	-0.0248
d66c3227-4b95-4bdf-9abb-4c4c19601e34	13	18452809	18833025	87	-0.0129
d66c3227-4b95-4bdf-9abb-4c4c19601e34	13	18833965	18835707	4	-1.7257
d66c3227-4b95-4bdf-9abb-4c4c19601e34	13	18842946	31957801	9432	0.0008
d66c3227-4b95-4bdf-9abb-4c4c19601e34	13	31957934	31964286	20	-0.7287
d66c3227-4b95-4bdf-9abb-4c4c19601e34	13	31965910	38478674	4586	0.013
d66c3227-4b95-4bdf-9abb-4c4c19601e34	13	38483435	38483919	2	1.6053
d66c3227-4b95-4bdf-9abb-4c4c19601e34	13	38490920	39171855	488	0.0144
d66c3227-4b95-4bdf-9abb-4c4c19601e34	13	39173626	39176999	3	-2.7604
d66c3227-4b95-4bdf-9abb-4c4c19601e34	13	39180574	114342922	49221	0.0054
d66c3227-4b95-4bdf-9abb-4c4c19601e34	14	18239283	19952080	164	-0.4547
d66c3227-4b95-4bdf-9abb-4c4c19601e34	14	19954424	21954753	1382	0.0123
d66c3227-4b95-4bdf-9abb-4c4c19601e34	14	21956321	22421420	375	-0.2292
d66c3227-4b95-4bdf-9abb-4c4c19601e34	14	22423470	50654816	17250	0.002
d66c3227-4b95-4bdf-9abb-4c4c19601e34	14	50657509	50657990	3	-2.417
d66c3227-4b95-4bdf-9abb-4c4c19601e34	14	50659131	87936730	24376	-0.0015
d66c3227-4b95-4bdf-9abb-4c4c19601e34	14	87937032	87937897	11	1.1992
d66c3227-4b95-4bdf-9abb-4c4c19601e34	14	87938138	106290131	11267	-0.0018
d66c3227-4b95-4bdf-9abb-4c4c19601e34	14	106290365	106297273	7	1.1267
d66c3227-4b95-4bdf-9abb-4c4c19601e34	14	106297409	106877229	295	0.017
d66c3227-4b95-4bdf-9abb-4c4c19601e34	15	19811075	20614765	135	-0.0054
d66c3227-4b95-4bdf-9abb-4c4c19601e34	15	20625071	21268107	37	0.581
d66c3227-4b95-4bdf-9abb-4c4c19601e34	15	21271643	30156392	4641	-0.0064
d66c3227-4b95-4bdf-9abb-4c4c19601e34	15	30157841	30656433	42	0.5574
d66c3227-4b95-4bdf-9abb-4c4c19601e34	15	30658326	31795679	741	0.006
d66c3227-4b95-4bdf-9abb-4c4c19601e34	15	31796002	31804319	10	-0.7039
d66c3227-4b95-4bdf-9abb-4c4c19601e34	15	31804788	32257550	298	0.0237
d66c3227-4b95-4bdf-9abb-4c4c19601e34	15	32283641	32307601	3	-1.7713
d66c3227-4b95-4bdf-9abb-4c4c19601e34	15	32323432	76598900	27871	0.0037
d66c3227-4b95-4bdf-9abb-4c4c19601e34	15	76599170	76603434	21	0.9949
d66c3227-4b95-4bdf-9abb-4c4c19601e34	15	76609838	101928837	17530	-0.005
d66c3227-4b95-4bdf-9abb-4c4c19601e34	16	10777	57258567	27718	-0.0083
d66c3227-4b95-4bdf-9abb-4c4c19601e34	16	57266665	57267072	2	-2.3039
d66c3227-4b95-4bdf-9abb-4c4c19601e34	16	57267200	86933533	22296	-0.0104
d66c3227-4b95-4bdf-9abb-4c4c19601e34	16	86935986	86936928	2	-2.6306
d66c3227-4b95-4bdf-9abb-4c4c19601e34	16	86937389	90089235	1591	-0.0379
d66c3227-4b95-4bdf-9abb-4c4c19601e34	16	90092430	90096867	4	-1.9307
d66c3227-4b95-4bdf-9abb-4c4c19601e34	17	150733	18523147	11359	-0.0092
d66c3227-4b95-4bdf-9abb-4c4c19601e34	17	18529764	18550123	7	-1.4747
d66c3227-4b95-4bdf-9abb-4c4c19601e34	17	18561272	36109735	6803	-0.0086
d66c3227-4b95-4bdf-9abb-4c4c19601e34	17	36112585	36157718	34	0.8637
d66c3227-4b95-4bdf-9abb-4c4c19601e34	17	36200725	41257158	2506	-0.0046
d66c3227-4b95-4bdf-9abb-4c4c19601e34	17	41258395	41274198	27	0.5927
d66c3227-4b95-4bdf-9abb-4c4c19601e34	17	41274279	41348341	74	0.0724
d66c3227-4b95-4bdf-9abb-4c4c19601e34	17	41348899	41366243	30	-0.7041
d66c3227-4b95-4bdf-9abb-4c4c19601e34	17	41370057	53640545	6573	-0.0053
d66c3227-4b95-4bdf-9abb-4c4c19601e34	17	53649631	53649820	2	-2.6424
d66c3227-4b95-4bdf-9abb-4c4c19601e34	17	53651183	80655063	16484	-0.01
d66c3227-4b95-4bdf-9abb-4c4c19601e34	17	80655993	80660379	2	2.172
d66c3227-4b95-4bdf-9abb-4c4c19601e34	17	80660500	83091923	939	-0.0382
d66c3227-4b95-4bdf-9abb-4c4c19601e34	18	48133	80257174	50524	0.0025
d66c3227-4b95-4bdf-9abb-4c4c19601e34	19	90910	58586487	29014	-0.0047
d66c3227-4b95-4bdf-9abb-4c4c19601e34	20	80664	961022	701	0.0022
d66c3227-4b95-4bdf-9abb-4c4c19601e34	20	965819	965855	2	-3.6088
d66c3227-4b95-4bdf-9abb-4c4c19601e34	20	966371	16584816	12102	0.0048
d66c3227-4b95-4bdf-9abb-4c4c19601e34	20	16587417	16605989	31	-0.9897
d66c3227-4b95-4bdf-9abb-4c4c19601e34	20	16606585	64324800	29327	-0.0041
d66c3227-4b95-4bdf-9abb-4c4c19601e34	21	10354168	15751536	1585	0.009
d66c3227-4b95-4bdf-9abb-4c4c19601e34	21	15751783	15754501	2	2.4826
d66c3227-4b95-4bdf-9abb-4c4c19601e34	21	15758051	39575330	17472	0.002
d66c3227-4b95-4bdf-9abb-4c4c19601e34	21	39575388	39575425	2	2.2097
d66c3227-4b95-4bdf-9abb-4c4c19601e34	21	39575548	46677045	4701	-0.0093
d66c3227-4b95-4bdf-9abb-4c4c19601e34	22	15294547	22395495	3437	-0.0399
d66c3227-4b95-4bdf-9abb-4c4c19601e34	22	22395652	22396060	4	1.5888
d66c3227-4b95-4bdf-9abb-4c4c19601e34	22	22396078	23987520	938	-0.0479
d66c3227-4b95-4bdf-9abb-4c4c19601e34	22	23988078	23990739	4	1.3675
d66c3227-4b95-4bdf-9abb-4c4c19601e34	22	23995113	25254681	805	-0.0042
d66c3227-4b95-4bdf-9abb-4c4c19601e34	22	25256216	25522742	290	0.4557
d66c3227-4b95-4bdf-9abb-4c4c19601e34	22	25526375	44093142	12669	-0.0061
d66c3227-4b95-4bdf-9abb-4c4c19601e34	22	44093304	44097943	7	-0.9993
d66c3227-4b95-4bdf-9abb-4c4c19601e34	22	44098167	48927399	3827	-0.0018
d66c3227-4b95-4bdf-9abb-4c4c19601e34	22	48929017	50796027	1197	-0.097
d66c3227-4b95-4bdf-9abb-4c4c19601e34	X	251810	56630035	32451	-0.0018
d66c3227-4b95-4bdf-9abb-4c4c19601e34	X	56635479	56646272	3	-2.4303
d66c3227-4b95-4bdf-9abb-4c4c19601e34	X	56652478	155952689	50887	0.0035
d66c3227-4b95-4bdf-9abb-4c4c19601e34	Y	2782397	6249869	783	-2.6147
d66c3227-4b95-4bdf-9abb-4c4c19601e34	Y	6252391	8545392	1124	-3.0166
d66c3227-4b95-4bdf-9abb-4c4c19601e34	Y	8546351	8698595	78	-3.8115
d66c3227-4b95-4bdf-9abb-4c4c19601e34	Y	8699146	9311691	226	-3.1561
d66c3227-4b95-4bdf-9abb-4c4c19601e34	Y	9312346	9557010	42	-4.2335
d66c3227-4b95-4bdf-9abb-4c4c19601e34	Y	9557764	12681069	648	-2.8747
d66c3227-4b95-4bdf-9abb-4c4c19601e34	Y	12681595	12702062	12	-5.4168
d66c3227-4b95-4bdf-9abb-4c4c19601e34	Y	12703051	26516107	3645	-2.9606
d66c3227-4b95-4bdf-9abb-4c4c19601e34	Y	26516590	56872112	71	-2.5521
