GDC_Aliquot	Chromosome	Start	End	Num_Probes	Segment_Mean
5cad481f-9a67-4ce1-8c4f-c458f74226a7	1	62920	12779433	6452	0.0022
5cad481f-9a67-4ce1-8c4f-c458f74226a7	1	12792599	12799143	4	-1.1704
5cad481f-9a67-4ce1-8c4f-c458f74226a7	1	12799250	12802201	7	-0.3322
5cad481f-9a67-4ce1-8c4f-c458f74226a7	1	12806954	12807830	9	-1.1711
5cad481f-9a67-4ce1-8c4f-c458f74226a7	1	12813243	16542868	2129	0.0086
5cad481f-9a67-4ce1-8c4f-c458f74226a7	1	16544783	16935302	108	0.394
5cad481f-9a67-4ce1-8c4f-c458f74226a7	1	16935393	25256850	5237	0.0065
5cad481f-9a67-4ce1-8c4f-c458f74226a7	1	25266637	25284961	14	0.8971
5cad481f-9a67-4ce1-8c4f-c458f74226a7	1	25289805	34626073	4944	0.0139
5cad481f-9a67-4ce1-8c4f-c458f74226a7	1	34637053	34638890	20	-2.8309
5cad481f-9a67-4ce1-8c4f-c458f74226a7	1	34648667	89009572	34614	0.0059
5cad481f-9a67-4ce1-8c4f-c458f74226a7	1	89012275	89012522	2	-3.6532
5cad481f-9a67-4ce1-8c4f-c458f74226a7	1	89015841	94685568	3494	-0.0001
5cad481f-9a67-4ce1-8c4f-c458f74226a7	1	94685590	94685862	2	-1.47
5cad481f-9a67-4ce1-8c4f-c458f74226a7	1	94685894	95689620	743	0.0264
5cad481f-9a67-4ce1-8c4f-c458f74226a7	1	95690160	95690510	2	-3.286
5cad481f-9a67-4ce1-8c4f-c458f74226a7	1	95690660	112147704	10336	0.0032
5cad481f-9a67-4ce1-8c4f-c458f74226a7	1	112153343	112154566	20	-0.6487
5cad481f-9a67-4ce1-8c4f-c458f74226a7	1	112154576	143713930	5236	0.0005
5cad481f-9a67-4ce1-8c4f-c458f74226a7	1	143714499	143751765	19	0.5452
5cad481f-9a67-4ce1-8c4f-c458f74226a7	1	143754062	152583051	2322	0.0143
5cad481f-9a67-4ce1-8c4f-c458f74226a7	1	152583230	152588065	9	-1.361
5cad481f-9a67-4ce1-8c4f-c458f74226a7	1	152588392	152614064	24	-2.3431
5cad481f-9a67-4ce1-8c4f-c458f74226a7	1	152614100	152614118	2	-1.2454
5cad481f-9a67-4ce1-8c4f-c458f74226a7	1	152618018	152789447	166	-0.0076
5cad481f-9a67-4ce1-8c4f-c458f74226a7	1	152789463	152806082	41	-0.3175
5cad481f-9a67-4ce1-8c4f-c458f74226a7	1	152806100	165241737	8074	0.0068
5cad481f-9a67-4ce1-8c4f-c458f74226a7	1	165244585	165245068	2	-2.4053
5cad481f-9a67-4ce1-8c4f-c458f74226a7	1	165245571	196745692	21281	0.0115
5cad481f-9a67-4ce1-8c4f-c458f74226a7	1	196745743	196802150	44	-0.8283
5cad481f-9a67-4ce1-8c4f-c458f74226a7	1	196820098	229675422	21748	0.0061
5cad481f-9a67-4ce1-8c4f-c458f74226a7	1	229681109	229684449	3	-3.6364
5cad481f-9a67-4ce1-8c4f-c458f74226a7	1	229684709	248930189	13920	0.0028
5cad481f-9a67-4ce1-8c4f-c458f74226a7	2	12784	78473831	53717	0.0008
5cad481f-9a67-4ce1-8c4f-c458f74226a7	2	78474950	78494555	13	-1.1392
5cad481f-9a67-4ce1-8c4f-c458f74226a7	2	78494776	97048036	6974	-0.0016
5cad481f-9a67-4ce1-8c4f-c458f74226a7	2	97049417	97211436	66	0.3415
5cad481f-9a67-4ce1-8c4f-c458f74226a7	2	97310327	128880504	18923	-0.0001
5cad481f-9a67-4ce1-8c4f-c458f74226a7	2	128880904	128882755	16	-0.6902
5cad481f-9a67-4ce1-8c4f-c458f74226a7	2	128888874	136865011	4648	-0.0044
5cad481f-9a67-4ce1-8c4f-c458f74226a7	2	136865426	136865436	2	-2.2229
5cad481f-9a67-4ce1-8c4f-c458f74226a7	2	136865512	146106836	5729	0.0171
5cad481f-9a67-4ce1-8c4f-c458f74226a7	2	146106861	146109366	23	-0.6302
5cad481f-9a67-4ce1-8c4f-c458f74226a7	2	146120238	154836284	5353	0.0119
5cad481f-9a67-4ce1-8c4f-c458f74226a7	2	154838327	154838542	2	-2.3765
5cad481f-9a67-4ce1-8c4f-c458f74226a7	2	154838542	207490231	31481	0.0048
5cad481f-9a67-4ce1-8c4f-c458f74226a7	2	207490454	207494612	16	-3.184
5cad481f-9a67-4ce1-8c4f-c458f74226a7	2	207494752	228892290	13806	0.0018
5cad481f-9a67-4ce1-8c4f-c458f74226a7	2	228894763	228895197	7	-1.1566
5cad481f-9a67-4ce1-8c4f-c458f74226a7	2	228895367	242147305	8159	0.0011
5cad481f-9a67-4ce1-8c4f-c458f74226a7	3	20930	68697013	47598	0.0107
5cad481f-9a67-4ce1-8c4f-c458f74226a7	3	68697108	68698213	13	-1.234
5cad481f-9a67-4ce1-8c4f-c458f74226a7	3	68698262	75450448	4882	-0.0071
5cad481f-9a67-4ce1-8c4f-c458f74226a7	3	75450463	75777035	80	0.2811
5cad481f-9a67-4ce1-8c4f-c458f74226a7	3	75778459	162810842	49842	0.0108
5cad481f-9a67-4ce1-8c4f-c458f74226a7	3	162812527	162822702	9	-1.2554
5cad481f-9a67-4ce1-8c4f-c458f74226a7	3	162827928	193155761	19153	0.0141
5cad481f-9a67-4ce1-8c4f-c458f74226a7	3	193155873	193165114	24	-0.6586
5cad481f-9a67-4ce1-8c4f-c458f74226a7	3	193168646	195707392	1498	0.0158
5cad481f-9a67-4ce1-8c4f-c458f74226a7	3	195707409	195729177	15	0.7404
5cad481f-9a67-4ce1-8c4f-c458f74226a7	3	195730018	198169247	1170	0.0241
5cad481f-9a67-4ce1-8c4f-c458f74226a7	4	68929	3877891	1557	0.0009
5cad481f-9a67-4ce1-8c4f-c458f74226a7	4	3884081	4180275	78	0.3038
5cad481f-9a67-4ce1-8c4f-c458f74226a7	4	4182970	6402659	1833	-0.0147
5cad481f-9a67-4ce1-8c4f-c458f74226a7	4	6402804	6402987	2	-2.3472
5cad481f-9a67-4ce1-8c4f-c458f74226a7	4	6403047	6615439	156	-0.0088
5cad481f-9a67-4ce1-8c4f-c458f74226a7	4	6616897	6620201	10	-0.8664
5cad481f-9a67-4ce1-8c4f-c458f74226a7	4	6620748	9455251	1485	0.0124
5cad481f-9a67-4ce1-8c4f-c458f74226a7	4	9459504	9477699	6	1.6356
5cad481f-9a67-4ce1-8c4f-c458f74226a7	4	9484440	34784878	17485	0.0087
5cad481f-9a67-4ce1-8c4f-c458f74226a7	4	34785333	34822561	36	0.513
5cad481f-9a67-4ce1-8c4f-c458f74226a7	4	34823103	40162041	3536	0.0181
5cad481f-9a67-4ce1-8c4f-c458f74226a7	4	40163685	40170436	2	-1.7718
5cad481f-9a67-4ce1-8c4f-c458f74226a7	4	40170766	48075312	4760	0.0076
5cad481f-9a67-4ce1-8c4f-c458f74226a7	4	48075703	49146817	648	0.572
5cad481f-9a67-4ce1-8c4f-c458f74226a7	4	49146905	63828222	7566	0.0056
5cad481f-9a67-4ce1-8c4f-c458f74226a7	4	63831751	63842099	24	-1.2859
5cad481f-9a67-4ce1-8c4f-c458f74226a7	4	63842411	63842540	4	-3.7206
5cad481f-9a67-4ce1-8c4f-c458f74226a7	4	63850713	68394355	2850	0.0114
5cad481f-9a67-4ce1-8c4f-c458f74226a7	4	68394833	69252259	391	0.1515
5cad481f-9a67-4ce1-8c4f-c458f74226a7	4	69252275	78679623	5987	0.0044
5cad481f-9a67-4ce1-8c4f-c458f74226a7	4	78681022	78682417	2	-2.0345
5cad481f-9a67-4ce1-8c4f-c458f74226a7	4	78682766	103294549	14659	0.0091
5cad481f-9a67-4ce1-8c4f-c458f74226a7	4	103296943	103308384	10	-0.6974
5cad481f-9a67-4ce1-8c4f-c458f74226a7	4	103308567	108464247	3062	0.0142
5cad481f-9a67-4ce1-8c4f-c458f74226a7	4	108464432	108467479	3	-1.9069
5cad481f-9a67-4ce1-8c4f-c458f74226a7	4	108482941	114252544	3576	0.0054
5cad481f-9a67-4ce1-8c4f-c458f74226a7	4	114254167	114261019	23	-1.3662
5cad481f-9a67-4ce1-8c4f-c458f74226a7	4	114263073	154881396	23961	0.0067
5cad481f-9a67-4ce1-8c4f-c458f74226a7	4	154881853	154881926	3	-3.1631
5cad481f-9a67-4ce1-8c4f-c458f74226a7	4	154882047	171447380	10574	0.0064
5cad481f-9a67-4ce1-8c4f-c458f74226a7	4	171448195	171459811	15	-0.7286
5cad481f-9a67-4ce1-8c4f-c458f74226a7	4	171460247	172066777	394	0.0009
5cad481f-9a67-4ce1-8c4f-c458f74226a7	4	172067997	172068382	12	-1.6263
5cad481f-9a67-4ce1-8c4f-c458f74226a7	4	172074828	190106768	12034	0.0171
5cad481f-9a67-4ce1-8c4f-c458f74226a7	5	15532	46271006	30564	0.008
5cad481f-9a67-4ce1-8c4f-c458f74226a7	5	46271828	46273400	6	-2.493
5cad481f-9a67-4ce1-8c4f-c458f74226a7	5	46278110	58025819	5058	0.0159
5cad481f-9a67-4ce1-8c4f-c458f74226a7	5	58030200	58035852	15	1.6012
5cad481f-9a67-4ce1-8c4f-c458f74226a7	5	58035867	176131551	74138	0.008
5cad481f-9a67-4ce1-8c4f-c458f74226a7	5	176131994	176223216	53	0.6203
5cad481f-9a67-4ce1-8c4f-c458f74226a7	5	176223481	180947523	2448	0.0145
5cad481f-9a67-4ce1-8c4f-c458f74226a7	5	180951710	181006225	20	-0.8384
5cad481f-9a67-4ce1-8c4f-c458f74226a7	5	181006264	181363319	169	-0.0125
5cad481f-9a67-4ce1-8c4f-c458f74226a7	6	149661	209462	41	0.1075
5cad481f-9a67-4ce1-8c4f-c458f74226a7	6	210815	213782	2	-2.0021
5cad481f-9a67-4ce1-8c4f-c458f74226a7	6	215382	254267	57	0.0635
5cad481f-9a67-4ce1-8c4f-c458f74226a7	6	254283	382559	102	0.2835
5cad481f-9a67-4ce1-8c4f-c458f74226a7	6	382897	31313046	22028	0.012
5cad481f-9a67-4ce1-8c4f-c458f74226a7	6	31318499	31328176	8	-1.9269
5cad481f-9a67-4ce1-8c4f-c458f74226a7	6	31328210	32463515	498	0.0134
5cad481f-9a67-4ce1-8c4f-c458f74226a7	6	32463775	32682835	67	-0.5336
5cad481f-9a67-4ce1-8c4f-c458f74226a7	6	32686863	54066269	13633	0.003
5cad481f-9a67-4ce1-8c4f-c458f74226a7	6	54066286	54067057	8	-1.738
5cad481f-9a67-4ce1-8c4f-c458f74226a7	6	54070550	57874363	2009	0.0219
5cad481f-9a67-4ce1-8c4f-c458f74226a7	6	57887150	57969092	13	0.4977
5cad481f-9a67-4ce1-8c4f-c458f74226a7	6	57969626	58049858	30	0.045
5cad481f-9a67-4ce1-8c4f-c458f74226a7	6	58050122	58051320	4	1.2497
5cad481f-9a67-4ce1-8c4f-c458f74226a7	6	58060085	65689879	2872	0.0166
5cad481f-9a67-4ce1-8c4f-c458f74226a7	6	65690336	65697234	17	-0.7713
5cad481f-9a67-4ce1-8c4f-c458f74226a7	6	65697317	78253172	8187	0.0071
5cad481f-9a67-4ce1-8c4f-c458f74226a7	6	78259348	78325468	113	-0.6167
5cad481f-9a67-4ce1-8c4f-c458f74226a7	6	78329517	92866163	9197	0.0106
5cad481f-9a67-4ce1-8c4f-c458f74226a7	6	92866201	92868579	24	-0.3946
5cad481f-9a67-4ce1-8c4f-c458f74226a7	6	92868712	95586978	1540	0.024
5cad481f-9a67-4ce1-8c4f-c458f74226a7	6	95587534	95688874	55	0.5804
5cad481f-9a67-4ce1-8c4f-c458f74226a7	6	95691229	103286941	4604	0.0168
5cad481f-9a67-4ce1-8c4f-c458f74226a7	6	103286950	103317795	49	0.465
5cad481f-9a67-4ce1-8c4f-c458f74226a7	6	103317836	170741917	44003	0.0077
5cad481f-9a67-4ce1-8c4f-c458f74226a7	7	43355	159334314	97504	0.0086
5cad481f-9a67-4ce1-8c4f-c458f74226a7	8	81254	8102048	7747	-0.0042
5cad481f-9a67-4ce1-8c4f-c458f74226a7	8	8104937	8214781	10	-1.0502
5cad481f-9a67-4ce1-8c4f-c458f74226a7	8	8234503	25114672	13616	0.0098
5cad481f-9a67-4ce1-8c4f-c458f74226a7	8	25116928	25126735	26	-0.6066
5cad481f-9a67-4ce1-8c4f-c458f74226a7	8	25126818	39373140	8986	0.0031
5cad481f-9a67-4ce1-8c4f-c458f74226a7	8	39378084	39529446	58	-2.2916
5cad481f-9a67-4ce1-8c4f-c458f74226a7	8	39530780	136670116	59566	0.0073
5cad481f-9a67-4ce1-8c4f-c458f74226a7	8	136675642	136849952	170	-0.9409
5cad481f-9a67-4ce1-8c4f-c458f74226a7	8	136850173	145072769	4974	-0.0088
5cad481f-9a67-4ce1-8c4f-c458f74226a7	9	46587	40769393	31071	0.0075
5cad481f-9a67-4ce1-8c4f-c458f74226a7	9	40796987	42524983	123	0.324
5cad481f-9a67-4ce1-8c4f-c458f74226a7	9	42546668	138200944	47974	0.0036
5cad481f-9a67-4ce1-8c4f-c458f74226a7	10	45792	24086334	19100	0.0035
5cad481f-9a67-4ce1-8c4f-c458f74226a7	10	24088745	24088753	7	-2.058
5cad481f-9a67-4ce1-8c4f-c458f74226a7	10	24088989	26934974	1978	-0.015
5cad481f-9a67-4ce1-8c4f-c458f74226a7	10	26936975	26941808	16	0.7692
5cad481f-9a67-4ce1-8c4f-c458f74226a7	10	26942681	46560525	10461	0.0051
5cad481f-9a67-4ce1-8c4f-c458f74226a7	10	46606240	46836986	16	0.9105
5cad481f-9a67-4ce1-8c4f-c458f74226a7	10	46898735	65546518	12638	0.0097
5cad481f-9a67-4ce1-8c4f-c458f74226a7	10	65548165	65549252	15	-0.4244
5cad481f-9a67-4ce1-8c4f-c458f74226a7	10	65551197	65551602	7	-1.1571
5cad481f-9a67-4ce1-8c4f-c458f74226a7	10	65554104	65563037	7	-0.5283
5cad481f-9a67-4ce1-8c4f-c458f74226a7	10	65563168	133654968	46018	0.0043
5cad481f-9a67-4ce1-8c4f-c458f74226a7	11	198510	5768371	3218	0.0028
5cad481f-9a67-4ce1-8c4f-c458f74226a7	11	5768495	5809710	49	0.3488
5cad481f-9a67-4ce1-8c4f-c458f74226a7	11	5814879	10602668	3292	0.0052
5cad481f-9a67-4ce1-8c4f-c458f74226a7	11	10603599	10604016	2	-2.0251
5cad481f-9a67-4ce1-8c4f-c458f74226a7	11	10607239	18919323	6046	0.0027
5cad481f-9a67-4ce1-8c4f-c458f74226a7	11	18927525	18940586	47	-1.108
5cad481f-9a67-4ce1-8c4f-c458f74226a7	11	18949158	55595864	21677	0.0071
5cad481f-9a67-4ce1-8c4f-c458f74226a7	11	55606556	55685058	57	-0.3705
5cad481f-9a67-4ce1-8c4f-c458f74226a7	11	55685501	92289319	21384	0.0076
5cad481f-9a67-4ce1-8c4f-c458f74226a7	11	92291620	92296034	8	-1.1944
5cad481f-9a67-4ce1-8c4f-c458f74226a7	11	92296197	99854869	5504	0.0109
5cad481f-9a67-4ce1-8c4f-c458f74226a7	11	99854902	99855766	3	-2.0118
5cad481f-9a67-4ce1-8c4f-c458f74226a7	11	99859176	134731118	24886	0.003
5cad481f-9a67-4ce1-8c4f-c458f74226a7	11	134731897	134740846	9	-1.4607
5cad481f-9a67-4ce1-8c4f-c458f74226a7	11	134744086	135074876	272	0.0209
5cad481f-9a67-4ce1-8c4f-c458f74226a7	12	51460	128334968	81077	0.0021
5cad481f-9a67-4ce1-8c4f-c458f74226a7	12	128335300	128335763	2	-2.5725
5cad481f-9a67-4ce1-8c4f-c458f74226a7	12	128336713	133201603	3418	-0.0098
5cad481f-9a67-4ce1-8c4f-c458f74226a7	13	18452809	57176962	25938	0.0056
5cad481f-9a67-4ce1-8c4f-c458f74226a7	13	57184136	57204246	34	-0.7891
5cad481f-9a67-4ce1-8c4f-c458f74226a7	13	57215580	71902850	8963	0.0079
5cad481f-9a67-4ce1-8c4f-c458f74226a7	13	71903417	71905409	2	2.183
5cad481f-9a67-4ce1-8c4f-c458f74226a7	13	71906311	105231752	22526	0.0064
5cad481f-9a67-4ce1-8c4f-c458f74226a7	13	105231963	105246804	7	-1.1008
5cad481f-9a67-4ce1-8c4f-c458f74226a7	13	105248088	114342922	6463	0.0022
5cad481f-9a67-4ce1-8c4f-c458f74226a7	14	18239283	19197351	40	-0.0834
5cad481f-9a67-4ce1-8c4f-c458f74226a7	14	19203845	19430665	16	0.6563
5cad481f-9a67-4ce1-8c4f-c458f74226a7	14	19445992	19732024	9	-0.046
5cad481f-9a67-4ce1-8c4f-c458f74226a7	14	19732222	19955213	102	0.8076
5cad481f-9a67-4ce1-8c4f-c458f74226a7	14	19956767	26314697	4311	0.0036
5cad481f-9a67-4ce1-8c4f-c458f74226a7	14	26314707	26314712	6	-1.8524
5cad481f-9a67-4ce1-8c4f-c458f74226a7	14	26315707	43354625	10588	0.0108
5cad481f-9a67-4ce1-8c4f-c458f74226a7	14	43357439	43765771	198	0.6272
5cad481f-9a67-4ce1-8c4f-c458f74226a7	14	43772115	73540003	18831	0.0019
5cad481f-9a67-4ce1-8c4f-c458f74226a7	14	73540147	73563196	8	1.1224
5cad481f-9a67-4ce1-8c4f-c458f74226a7	14	73563211	100341511	18213	0.0042
5cad481f-9a67-4ce1-8c4f-c458f74226a7	14	100341818	100346069	3	-1.9036
5cad481f-9a67-4ce1-8c4f-c458f74226a7	14	100346105	105588560	2355	-0.0051
5cad481f-9a67-4ce1-8c4f-c458f74226a7	14	105612353	105701150	16	0.5928
5cad481f-9a67-4ce1-8c4f-c458f74226a7	14	105728140	106437546	255	-0.0625
5cad481f-9a67-4ce1-8c4f-c458f74226a7	14	106438088	106458677	35	-0.7309
5cad481f-9a67-4ce1-8c4f-c458f74226a7	14	106458728	106877229	200	0.059
5cad481f-9a67-4ce1-8c4f-c458f74226a7	15	19811075	20373168	88	0.0256
5cad481f-9a67-4ce1-8c4f-c458f74226a7	15	20376198	20376311	7	-1.147
5cad481f-9a67-4ce1-8c4f-c458f74226a7	15	20380735	21975606	81	-0.0603
5cad481f-9a67-4ce1-8c4f-c458f74226a7	15	21997003	22299523	29	-0.6975
5cad481f-9a67-4ce1-8c4f-c458f74226a7	15	22385639	44928061	13464	0.0069
5cad481f-9a67-4ce1-8c4f-c458f74226a7	15	44929332	44946546	10	-0.8129
5cad481f-9a67-4ce1-8c4f-c458f74226a7	15	44947126	57789074	8242	0.0046
5cad481f-9a67-4ce1-8c4f-c458f74226a7	15	57789648	57791230	3	-1.7027
5cad481f-9a67-4ce1-8c4f-c458f74226a7	15	57796193	76599170	11871	0.0053
5cad481f-9a67-4ce1-8c4f-c458f74226a7	15	76599286	76603434	20	-1.887
5cad481f-9a67-4ce1-8c4f-c458f74226a7	15	76609838	97255430	14113	0.0056
5cad481f-9a67-4ce1-8c4f-c458f74226a7	15	97255783	97301919	20	-0.6
5cad481f-9a67-4ce1-8c4f-c458f74226a7	15	97302726	99875395	1835	0.0077
5cad481f-9a67-4ce1-8c4f-c458f74226a7	15	99880708	99884400	3	-1.8464
5cad481f-9a67-4ce1-8c4f-c458f74226a7	15	99884653	101928837	1563	0.0256
5cad481f-9a67-4ce1-8c4f-c458f74226a7	16	10777	15717805	11322	0.0025
5cad481f-9a67-4ce1-8c4f-c458f74226a7	16	15719776	15720088	3	-2.3534
5cad481f-9a67-4ce1-8c4f-c458f74226a7	16	15720852	16168702	322	-0.028
5cad481f-9a67-4ce1-8c4f-c458f74226a7	16	16169293	16169980	4	-2.7263
5cad481f-9a67-4ce1-8c4f-c458f74226a7	16	16170241	21607427	2690	0.0082
5cad481f-9a67-4ce1-8c4f-c458f74226a7	16	21608949	21609085	3	-1.4579
5cad481f-9a67-4ce1-8c4f-c458f74226a7	16	21609226	24818404	1801	0.0058
5cad481f-9a67-4ce1-8c4f-c458f74226a7	16	24823058	24823828	2	-3.0813
5cad481f-9a67-4ce1-8c4f-c458f74226a7	16	24827176	90096867	35470	0.0041
5cad481f-9a67-4ce1-8c4f-c458f74226a7	17	150733	7354708	4061	0.0028
5cad481f-9a67-4ce1-8c4f-c458f74226a7	17	7362030	7362487	2	-2.8113
5cad481f-9a67-4ce1-8c4f-c458f74226a7	17	7363157	41266851	16664	0.0077
5cad481f-9a67-4ce1-8c4f-c458f74226a7	17	41266901	41274198	17	-0.8079
5cad481f-9a67-4ce1-8c4f-c458f74226a7	17	41274279	46085732	2488	0.0029
5cad481f-9a67-4ce1-8c4f-c458f74226a7	17	46088437	46284997	123	0.7154
5cad481f-9a67-4ce1-8c4f-c458f74226a7	17	46286804	77401915	18682	0.0066
5cad481f-9a67-4ce1-8c4f-c458f74226a7	17	77404018	77404655	2	-2.6758
5cad481f-9a67-4ce1-8c4f-c458f74226a7	17	77405481	83091923	2804	0.0028
5cad481f-9a67-4ce1-8c4f-c458f74226a7	18	48133	6484817	4582	0.0031
5cad481f-9a67-4ce1-8c4f-c458f74226a7	18	6487466	6506473	11	-0.7903
5cad481f-9a67-4ce1-8c4f-c458f74226a7	18	6506898	26785899	9214	0.0041
5cad481f-9a67-4ce1-8c4f-c458f74226a7	18	26785951	26786181	3	-2.4982
5cad481f-9a67-4ce1-8c4f-c458f74226a7	18	26786415	53681183	17772	0.0049
5cad481f-9a67-4ce1-8c4f-c458f74226a7	18	53681706	53683207	2	-3.2059
5cad481f-9a67-4ce1-8c4f-c458f74226a7	18	53684270	62425703	5985	0.0038
5cad481f-9a67-4ce1-8c4f-c458f74226a7	18	62427759	62447463	22	-1.2112
5cad481f-9a67-4ce1-8c4f-c458f74226a7	18	62448485	80257174	12914	0.0061
5cad481f-9a67-4ce1-8c4f-c458f74226a7	19	90910	58586487	28987	0.0082
5cad481f-9a67-4ce1-8c4f-c458f74226a7	20	80664	1579916	1195	0.0104
5cad481f-9a67-4ce1-8c4f-c458f74226a7	20	1580141	1601446	40	0.6681
5cad481f-9a67-4ce1-8c4f-c458f74226a7	20	1601561	54031269	33486	0.0033
5cad481f-9a67-4ce1-8c4f-c458f74226a7	20	54034615	54042022	34	-0.9185
5cad481f-9a67-4ce1-8c4f-c458f74226a7	20	54042054	64324800	7416	-0.0086
5cad481f-9a67-4ce1-8c4f-c458f74226a7	21	10354168	46677045	23771	0.0167
5cad481f-9a67-4ce1-8c4f-c458f74226a7	22	15294547	50796027	23150	-0.0007
5cad481f-9a67-4ce1-8c4f-c458f74226a7	X	251810	4209527	994	0.0078
5cad481f-9a67-4ce1-8c4f-c458f74226a7	X	4209738	4210616	2	-1.8606
5cad481f-9a67-4ce1-8c4f-c458f74226a7	X	4210762	10249084	4772	0.0001
5cad481f-9a67-4ce1-8c4f-c458f74226a7	X	10253449	10418623	126	-0.2121
5cad481f-9a67-4ce1-8c4f-c458f74226a7	X	10418752	17341233	4690	0.0078
5cad481f-9a67-4ce1-8c4f-c458f74226a7	X	17353195	17354512	3	-1.848
5cad481f-9a67-4ce1-8c4f-c458f74226a7	X	17354673	155952689	72885	0.0089
5cad481f-9a67-4ce1-8c4f-c458f74226a7	Y	2782397	6732807	847	-1.1303
5cad481f-9a67-4ce1-8c4f-c458f74226a7	Y	6739540	26318193	5623	-1.262
5cad481f-9a67-4ce1-8c4f-c458f74226a7	Y	26318549	56872112	165	-1.1314
