GDC_Aliquot	Chromosome	Start	End	Num_Probes	Segment_Mean
f5222559-bf86-457c-af8d-b14e676ae34c	1	62920	599171	20	0.3883
f5222559-bf86-457c-af8d-b14e676ae34c	1	668210	25256850	13978	-0.4901
f5222559-bf86-457c-af8d-b14e676ae34c	1	25266637	25320253	23	0.2148
f5222559-bf86-457c-af8d-b14e676ae34c	1	25320455	30379166	2485	-0.4861
f5222559-bf86-457c-af8d-b14e676ae34c	1	30379250	33347337	1486	0.6171
f5222559-bf86-457c-af8d-b14e676ae34c	1	33354213	34637053	976	-0.5027
f5222559-bf86-457c-af8d-b14e676ae34c	1	34637069	34637435	5	-2.1234
f5222559-bf86-457c-af8d-b14e676ae34c	1	34637541	34638226	5	-0.4763
f5222559-bf86-457c-af8d-b14e676ae34c	1	34638263	34638890	9	-2.4972
f5222559-bf86-457c-af8d-b14e676ae34c	1	34648667	35567522	441	-0.5056
f5222559-bf86-457c-af8d-b14e676ae34c	1	35575795	48805477	7605	0.6198
f5222559-bf86-457c-af8d-b14e676ae34c	1	48805639	49141329	219	0.9508
f5222559-bf86-457c-af8d-b14e676ae34c	1	49141481	49516847	153	0.6316
f5222559-bf86-457c-af8d-b14e676ae34c	1	49522138	54975403	2906	0.9131
f5222559-bf86-457c-af8d-b14e676ae34c	1	54977932	55341828	270	0.6534
f5222559-bf86-457c-af8d-b14e676ae34c	1	55342559	59566646	3423	0.9195
f5222559-bf86-457c-af8d-b14e676ae34c	1	59568620	69869999	7286	0.6085
f5222559-bf86-457c-af8d-b14e676ae34c	1	69870256	69879252	4	2.1271
f5222559-bf86-457c-af8d-b14e676ae34c	1	69881194	72284670	1452	0.6297
f5222559-bf86-457c-af8d-b14e676ae34c	1	72290430	72297687	9	-0.6363
f5222559-bf86-457c-af8d-b14e676ae34c	1	72302735	72346757	50	1.0697
f5222559-bf86-457c-af8d-b14e676ae34c	1	72351072	78761341	4038	0.6152
f5222559-bf86-457c-af8d-b14e676ae34c	1	78761699	84125319	3571	-0.5498
f5222559-bf86-457c-af8d-b14e676ae34c	1	84128716	84352910	141	0.1661
f5222559-bf86-457c-af8d-b14e676ae34c	1	84357167	103560435	12238	-0.5404
f5222559-bf86-457c-af8d-b14e676ae34c	1	103560608	103616762	28	0.0974
f5222559-bf86-457c-af8d-b14e676ae34c	1	103620877	105478597	931	-0.4914
f5222559-bf86-457c-af8d-b14e676ae34c	1	105478759	105479738	9	-2.2131
f5222559-bf86-457c-af8d-b14e676ae34c	1	105479753	112153343	4595	-0.5245
f5222559-bf86-457c-af8d-b14e676ae34c	1	112153465	112163460	28	0.0139
f5222559-bf86-457c-af8d-b14e676ae34c	1	112163496	121705338	5153	-0.5223
f5222559-bf86-457c-af8d-b14e676ae34c	1	143459641	152582700	2442	0.6134
f5222559-bf86-457c-af8d-b14e676ae34c	1	152583051	152613762	32	1.1083
f5222559-bf86-457c-af8d-b14e676ae34c	1	152613802	152787202	171	0.5865
f5222559-bf86-457c-af8d-b14e676ae34c	1	152789447	152796224	37	1.0017
f5222559-bf86-457c-af8d-b14e676ae34c	1	152801429	158883163	3612	0.5999
f5222559-bf86-457c-af8d-b14e676ae34c	1	158884978	158899969	5	1.9108
f5222559-bf86-457c-af8d-b14e676ae34c	1	158905028	165067758	4350	0.5931
f5222559-bf86-457c-af8d-b14e676ae34c	1	165076228	165076317	3	-0.9499
f5222559-bf86-457c-af8d-b14e676ae34c	1	165077278	169264736	3319	0.5897
f5222559-bf86-457c-af8d-b14e676ae34c	1	169265291	169272528	5	-1.9915
f5222559-bf86-457c-af8d-b14e676ae34c	1	169273163	187336241	11900	0.5814
f5222559-bf86-457c-af8d-b14e676ae34c	1	187339106	190353597	2058	0.629
f5222559-bf86-457c-af8d-b14e676ae34c	1	190355753	192901661	1602	0.5615
f5222559-bf86-457c-af8d-b14e676ae34c	1	192904768	192925414	16	-0.7334
f5222559-bf86-457c-af8d-b14e676ae34c	1	192927304	193365088	375	0.5337
f5222559-bf86-457c-af8d-b14e676ae34c	1	193365179	223876411	20699	0.5813
f5222559-bf86-457c-af8d-b14e676ae34c	1	223878014	229029806	2985	0.5427
f5222559-bf86-457c-af8d-b14e676ae34c	1	229030603	234023715	3846	0.5789
f5222559-bf86-457c-af8d-b14e676ae34c	1	234024360	243894192	7373	0.5423
f5222559-bf86-457c-af8d-b14e676ae34c	1	243895822	244296459	272	1.074
f5222559-bf86-457c-af8d-b14e676ae34c	1	244296481	246780043	1700	0.6011
f5222559-bf86-457c-af8d-b14e676ae34c	1	246780235	246782457	5	-0.5953
f5222559-bf86-457c-af8d-b14e676ae34c	1	246782473	247858523	687	0.5826
f5222559-bf86-457c-af8d-b14e676ae34c	1	247859077	247908710	35	0.0374
f5222559-bf86-457c-af8d-b14e676ae34c	1	247912967	248930189	513	0.5692
f5222559-bf86-457c-af8d-b14e676ae34c	2	12784	35742970	24999	-0.1317
f5222559-bf86-457c-af8d-b14e676ae34c	2	35750907	35762850	7	-1.6612
f5222559-bf86-457c-af8d-b14e676ae34c	2	35762881	41011095	3928	-0.1143
f5222559-bf86-457c-af8d-b14e676ae34c	2	41011303	41018747	22	-0.8829
f5222559-bf86-457c-af8d-b14e676ae34c	2	41024093	97355911	32076	-0.1182
f5222559-bf86-457c-af8d-b14e676ae34c	2	97357159	97545247	11	1.0316
f5222559-bf86-457c-af8d-b14e676ae34c	2	97545726	106263639	5563	-0.1152
f5222559-bf86-457c-af8d-b14e676ae34c	2	106264257	106266773	4	-0.9301
f5222559-bf86-457c-af8d-b14e676ae34c	2	106266875	106268901	7	-2.1637
f5222559-bf86-457c-af8d-b14e676ae34c	2	106270799	146106861	23826	-0.1233
f5222559-bf86-457c-af8d-b14e676ae34c	2	146106875	146109366	22	-1.8
f5222559-bf86-457c-af8d-b14e676ae34c	2	146120238	228892233	50856	-0.1451
f5222559-bf86-457c-af8d-b14e676ae34c	2	228892290	228895197	9	-1.2374
f5222559-bf86-457c-af8d-b14e676ae34c	2	228895367	242147305	8201	-0.131
f5222559-bf86-457c-af8d-b14e676ae34c	3	20930	734952	608	-0.1789
f5222559-bf86-457c-af8d-b14e676ae34c	3	735968	736560	2	-2.397
f5222559-bf86-457c-af8d-b14e676ae34c	3	738461	3371126	2391	-0.1705
f5222559-bf86-457c-af8d-b14e676ae34c	3	3371154	14873150	9055	-0.1334
f5222559-bf86-457c-af8d-b14e676ae34c	3	14873192	20271633	3196	-0.1885
f5222559-bf86-457c-af8d-b14e676ae34c	3	20273630	20274591	2	-2.4554
f5222559-bf86-457c-af8d-b14e676ae34c	3	20286589	68697013	32532	-0.1463
f5222559-bf86-457c-af8d-b14e676ae34c	3	68697108	68699607	15	-0.9761
f5222559-bf86-457c-af8d-b14e676ae34c	3	68699635	75519398	4927	-0.1599
f5222559-bf86-457c-af8d-b14e676ae34c	3	75523398	75537654	6	-2.2437
f5222559-bf86-457c-af8d-b14e676ae34c	3	75546030	75879414	78	-0.1502
f5222559-bf86-457c-af8d-b14e676ae34c	3	75881208	75881781	2	-2.7171
f5222559-bf86-457c-af8d-b14e676ae34c	3	75883312	77444853	987	-0.1509
f5222559-bf86-457c-af8d-b14e676ae34c	3	77445016	82815398	3036	0.4289
f5222559-bf86-457c-af8d-b14e676ae34c	3	82823628	82823892	6	-0.5351
f5222559-bf86-457c-af8d-b14e676ae34c	3	82831894	87080729	2255	0.4289
f5222559-bf86-457c-af8d-b14e676ae34c	3	87081726	158632329	41058	0.1911
f5222559-bf86-457c-af8d-b14e676ae34c	3	158633095	158633756	2	-3.4815
f5222559-bf86-457c-af8d-b14e676ae34c	3	158641083	162405578	2334	0.2078
f5222559-bf86-457c-af8d-b14e676ae34c	3	162419812	162419975	3	-1.3369
f5222559-bf86-457c-af8d-b14e676ae34c	3	162420067	162807070	280	0.2041
f5222559-bf86-457c-af8d-b14e676ae34c	3	162810842	162822221	8	0.8316
f5222559-bf86-457c-af8d-b14e676ae34c	3	162822685	162822702	2	2.2996
f5222559-bf86-457c-af8d-b14e676ae34c	3	162827928	167721419	2708	0.2052
f5222559-bf86-457c-af8d-b14e676ae34c	3	167723197	189642965	14011	0.6263
f5222559-bf86-457c-af8d-b14e676ae34c	3	189645889	189653199	12	-0.7199
f5222559-bf86-457c-af8d-b14e676ae34c	3	189653225	195729069	4022	0.6321
f5222559-bf86-457c-af8d-b14e676ae34c	3	195729085	195747892	13	1.363
f5222559-bf86-457c-af8d-b14e676ae34c	3	195751823	198169247	1166	0.6592
f5222559-bf86-457c-af8d-b14e676ae34c	4	68929	7186622	4018	-0.3899
f5222559-bf86-457c-af8d-b14e676ae34c	4	7187455	10208766	1685	0.0774
f5222559-bf86-457c-af8d-b14e676ae34c	4	10221792	10233644	35	-1.8676
f5222559-bf86-457c-af8d-b14e676ae34c	4	10234518	30593935	14493	0.0306
f5222559-bf86-457c-af8d-b14e676ae34c	4	30595511	34785368	2488	-0.3965
f5222559-bf86-457c-af8d-b14e676ae34c	4	34785527	34823103	35	-1.5034
f5222559-bf86-457c-af8d-b14e676ae34c	4	34828250	40698556	3877	-0.3983
f5222559-bf86-457c-af8d-b14e676ae34c	4	40701994	40702175	3	-2.0723
f5222559-bf86-457c-af8d-b14e676ae34c	4	40702670	44506005	2417	-0.4148
f5222559-bf86-457c-af8d-b14e676ae34c	4	44506093	45003835	337	-0.3347
f5222559-bf86-457c-af8d-b14e676ae34c	4	45004175	45004318	3	-2.1264
f5222559-bf86-457c-af8d-b14e676ae34c	4	45008952	48143155	1745	-0.3202
f5222559-bf86-457c-af8d-b14e676ae34c	4	48143202	48701959	426	-0.2027
f5222559-bf86-457c-af8d-b14e676ae34c	4	48703834	49508382	168	0.0811
f5222559-bf86-457c-af8d-b14e676ae34c	4	49509185	49654578	13	-0.5131
f5222559-bf86-457c-af8d-b14e676ae34c	4	49656206	69252259	10843	0.0864
f5222559-bf86-457c-af8d-b14e676ae34c	4	69252275	69452478	112	0.2727
f5222559-bf86-457c-af8d-b14e676ae34c	4	69453762	77764202	5266	0.0806
f5222559-bf86-457c-af8d-b14e676ae34c	4	77764718	83608104	3504	0.0433
f5222559-bf86-457c-af8d-b14e676ae34c	4	83608207	88746440	3256	0.0723
f5222559-bf86-457c-af8d-b14e676ae34c	4	88750289	114252544	15256	-0.1156
f5222559-bf86-457c-af8d-b14e676ae34c	4	114254167	114261019	23	-1.2553
f5222559-bf86-457c-af8d-b14e676ae34c	4	114263073	143790458	17627	-0.113
f5222559-bf86-457c-af8d-b14e676ae34c	4	143790744	143791356	3	1.735
f5222559-bf86-457c-af8d-b14e676ae34c	4	143794196	154881853	6422	-0.1232
f5222559-bf86-457c-af8d-b14e676ae34c	4	154881905	154881926	2	-2.8507
f5222559-bf86-457c-af8d-b14e676ae34c	4	154882047	188524663	22190	-0.1191
f5222559-bf86-457c-af8d-b14e676ae34c	4	188525201	188532523	9	-1.0719
f5222559-bf86-457c-af8d-b14e676ae34c	4	188535079	190106768	910	-0.1454
f5222559-bf86-457c-af8d-b14e676ae34c	5	15532	12785139	10187	0.1867
f5222559-bf86-457c-af8d-b14e676ae34c	5	12785150	12849089	20	0.6914
f5222559-bf86-457c-af8d-b14e676ae34c	5	12857021	58025819	25553	0.1764
f5222559-bf86-457c-af8d-b14e676ae34c	5	58030200	58037706	32	1.789
f5222559-bf86-457c-af8d-b14e676ae34c	5	58042530	64399736	4009	0.1716
f5222559-bf86-457c-af8d-b14e676ae34c	5	64399982	64421112	11	-0.6377
f5222559-bf86-457c-af8d-b14e676ae34c	5	64423469	69550476	3278	0.1586
f5222559-bf86-457c-af8d-b14e676ae34c	5	69571467	69779150	2	2.0803
f5222559-bf86-457c-af8d-b14e676ae34c	5	69779164	71011558	18	0.068
f5222559-bf86-457c-af8d-b14e676ae34c	5	71011580	71011717	2	-1.4274
f5222559-bf86-457c-af8d-b14e676ae34c	5	71053366	74716502	2276	0.184
f5222559-bf86-457c-af8d-b14e676ae34c	5	74717624	115558671	24736	0.1536
f5222559-bf86-457c-af8d-b14e676ae34c	5	115558715	118052727	1905	0.2052
f5222559-bf86-457c-af8d-b14e676ae34c	5	118052915	118053390	10	-0.5804
f5222559-bf86-457c-af8d-b14e676ae34c	5	118068645	145113996	16589	0.1681
f5222559-bf86-457c-af8d-b14e676ae34c	5	145114255	145115001	5	-2.2912
f5222559-bf86-457c-af8d-b14e676ae34c	5	145115096	156068249	7474	0.1697
f5222559-bf86-457c-af8d-b14e676ae34c	5	156073982	166122620	6645	0.1425
f5222559-bf86-457c-af8d-b14e676ae34c	5	166124957	171733533	4257	0.1768
f5222559-bf86-457c-af8d-b14e676ae34c	5	171733888	175222464	2643	0.22
f5222559-bf86-457c-af8d-b14e676ae34c	5	175222986	181363319	3248	0.1784
f5222559-bf86-457c-af8d-b14e676ae34c	6	149661	303121	127	0.1199
f5222559-bf86-457c-af8d-b14e676ae34c	6	314962	421317	108	-0.1009
f5222559-bf86-457c-af8d-b14e676ae34c	6	422408	6025978	4612	0.1931
f5222559-bf86-457c-af8d-b14e676ae34c	6	6033698	6034203	3	-4.0005
f5222559-bf86-457c-af8d-b14e676ae34c	6	6036812	24223351	13719	0.1747
f5222559-bf86-457c-af8d-b14e676ae34c	6	24224671	26058145	1278	0.6015
f5222559-bf86-457c-af8d-b14e676ae34c	6	26059012	29903859	1830	0.1488
f5222559-bf86-457c-af8d-b14e676ae34c	6	29906865	29931120	10	-1.0834
f5222559-bf86-457c-af8d-b14e676ae34c	6	29931900	31318528	651	0.172
f5222559-bf86-457c-af8d-b14e676ae34c	6	31318754	31328674	9	-1.3942
f5222559-bf86-457c-af8d-b14e676ae34c	6	31342147	32533522	516	0.2548
f5222559-bf86-457c-af8d-b14e676ae34c	6	32540699	32550992	5	-2.0111
f5222559-bf86-457c-af8d-b14e676ae34c	6	32559507	78253157	26919	0.182
f5222559-bf86-457c-af8d-b14e676ae34c	6	78253172	78325468	114	0.7308
f5222559-bf86-457c-af8d-b14e676ae34c	6	78329517	93272973	9591	0.1593
f5222559-bf86-457c-af8d-b14e676ae34c	6	93275311	93318764	24	0.6261
f5222559-bf86-457c-af8d-b14e676ae34c	6	93319279	103286954	5864	0.1602
f5222559-bf86-457c-af8d-b14e676ae34c	6	103290101	103314186	46	0.9668
f5222559-bf86-457c-af8d-b14e676ae34c	6	103317795	132385122	17947	0.1461
f5222559-bf86-457c-af8d-b14e676ae34c	6	132388218	132391904	5	-1.0041
f5222559-bf86-457c-af8d-b14e676ae34c	6	132398229	139496221	4964	0.1398
f5222559-bf86-457c-af8d-b14e676ae34c	6	139500156	139505717	8	-1.1708
f5222559-bf86-457c-af8d-b14e676ae34c	6	139507624	170741917	21258	0.1467
f5222559-bf86-457c-af8d-b14e676ae34c	7	43355	20228961	14392	0.0581
f5222559-bf86-457c-af8d-b14e676ae34c	7	20232365	20234881	5	-1.4433
f5222559-bf86-457c-af8d-b14e676ae34c	7	20237371	20497561	202	0.0454
f5222559-bf86-457c-af8d-b14e676ae34c	7	20497795	20603743	79	0.4147
f5222559-bf86-457c-af8d-b14e676ae34c	7	20604187	27466037	5039	0.0379
f5222559-bf86-457c-af8d-b14e676ae34c	7	27466930	27473588	3	-1.564
f5222559-bf86-457c-af8d-b14e676ae34c	7	27474269	27532614	47	-0.0003
f5222559-bf86-457c-af8d-b14e676ae34c	7	27534412	27534969	2	2.5514
f5222559-bf86-457c-af8d-b14e676ae34c	7	27538548	38239007	7598	0.0524
f5222559-bf86-457c-af8d-b14e676ae34c	7	38239282	38248326	5	0.326
f5222559-bf86-457c-af8d-b14e676ae34c	7	38251092	38263833	9	0.997
f5222559-bf86-457c-af8d-b14e676ae34c	7	38271122	38347190	112	0.2822
f5222559-bf86-457c-af8d-b14e676ae34c	7	38347211	51768249	9077	0.0701
f5222559-bf86-457c-af8d-b14e676ae34c	7	51768612	51768737	2	2.0463
f5222559-bf86-457c-af8d-b14e676ae34c	7	51768988	54318812	1921	0.0844
f5222559-bf86-457c-af8d-b14e676ae34c	7	54318816	54318824	5	-2.078
f5222559-bf86-457c-af8d-b14e676ae34c	7	54325795	54988421	494	0.0563
f5222559-bf86-457c-af8d-b14e676ae34c	7	54989269	70955452	5633	0.1566
f5222559-bf86-457c-af8d-b14e676ae34c	7	70958264	70961155	2	-1.9907
f5222559-bf86-457c-af8d-b14e676ae34c	7	70963257	79815754	4249	0.1115
f5222559-bf86-457c-af8d-b14e676ae34c	7	79815891	99184727	12174	-0.4984
f5222559-bf86-457c-af8d-b14e676ae34c	7	99185127	112671099	7801	0.2049
f5222559-bf86-457c-af8d-b14e676ae34c	7	112671171	119326879	3902	0.1615
f5222559-bf86-457c-af8d-b14e676ae34c	7	119327903	119363631	23	0.6147
f5222559-bf86-457c-af8d-b14e676ae34c	7	119366808	126405502	4229	0.1664
f5222559-bf86-457c-af8d-b14e676ae34c	7	126405597	126406561	10	-1.0506
f5222559-bf86-457c-af8d-b14e676ae34c	7	126406822	154598185	17589	0.1511
f5222559-bf86-457c-af8d-b14e676ae34c	7	154601461	154607903	4	-2.0156
f5222559-bf86-457c-af8d-b14e676ae34c	7	154609120	157760038	2259	0.1731
f5222559-bf86-457c-af8d-b14e676ae34c	7	157760120	157760195	2	-1.4347
f5222559-bf86-457c-af8d-b14e676ae34c	7	157768071	159334314	972	0.1723
f5222559-bf86-457c-af8d-b14e676ae34c	8	81254	163380	3	0.1692
f5222559-bf86-457c-af8d-b14e676ae34c	8	208062	29782147	24772	-0.9124
f5222559-bf86-457c-af8d-b14e676ae34c	8	29787145	39373140	5639	-0.5323
f5222559-bf86-457c-af8d-b14e676ae34c	8	39378084	39529446	59	-2.0294
f5222559-bf86-457c-af8d-b14e676ae34c	8	39530780	40326278	589	-0.5135
f5222559-bf86-457c-af8d-b14e676ae34c	8	40326280	40331992	33	-2.2569
f5222559-bf86-457c-af8d-b14e676ae34c	8	40335391	42304485	1335	-0.5143
f5222559-bf86-457c-af8d-b14e676ae34c	8	42304806	111282441	40055	0.5989
f5222559-bf86-457c-af8d-b14e676ae34c	8	111282809	111283031	5	2.0278
f5222559-bf86-457c-af8d-b14e676ae34c	8	111288052	115803992	2592	0.6145
f5222559-bf86-457c-af8d-b14e676ae34c	8	115804214	116304741	292	0.9512
f5222559-bf86-457c-af8d-b14e676ae34c	8	116305578	139257302	17048	0.5781
f5222559-bf86-457c-af8d-b14e676ae34c	8	139260597	140991101	1180	0.6444
f5222559-bf86-457c-af8d-b14e676ae34c	8	140991267	145072769	1813	0.5845
f5222559-bf86-457c-af8d-b14e676ae34c	9	46587	23361807	20431	0.1495
f5222559-bf86-457c-af8d-b14e676ae34c	9	23363117	23373486	8	-2.7725
f5222559-bf86-457c-af8d-b14e676ae34c	9	23378490	41646850	10848	0.1625
f5222559-bf86-457c-af8d-b14e676ae34c	9	41659472	42259927	32	0.6692
f5222559-bf86-457c-af8d-b14e676ae34c	9	42265987	61405110	68	-0.0121
f5222559-bf86-457c-af8d-b14e676ae34c	9	61520021	61629689	28	-1.3618
f5222559-bf86-457c-af8d-b14e676ae34c	9	61633080	76939544	6488	0.1635
f5222559-bf86-457c-af8d-b14e676ae34c	9	76941965	76944420	4	-1.6163
f5222559-bf86-457c-af8d-b14e676ae34c	9	76951948	103804216	18488	0.1836
f5222559-bf86-457c-af8d-b14e676ae34c	9	103806415	103807009	2	-3.1767
f5222559-bf86-457c-af8d-b14e676ae34c	9	103808421	115751202	9147	0.1911
f5222559-bf86-457c-af8d-b14e676ae34c	9	115752861	116960428	998	0.5422
f5222559-bf86-457c-af8d-b14e676ae34c	9	116963772	132942840	10479	0.188
f5222559-bf86-457c-af8d-b14e676ae34c	9	132942894	132942909	2	4.0896
f5222559-bf86-457c-af8d-b14e676ae34c	9	132943023	135319522	1383	0.2409
f5222559-bf86-457c-af8d-b14e676ae34c	9	135322259	135323776	2	-1.7926
f5222559-bf86-457c-af8d-b14e676ae34c	9	135324566	138200944	1110	0.2027
f5222559-bf86-457c-af8d-b14e676ae34c	10	45792	1878846	1323	0.324
f5222559-bf86-457c-af8d-b14e676ae34c	10	1879212	1879226	2	-1.4292
f5222559-bf86-457c-af8d-b14e676ae34c	10	1880102	6369253	4076	0.3161
f5222559-bf86-457c-af8d-b14e676ae34c	10	6369395	6369519	5	2.0744
f5222559-bf86-457c-af8d-b14e676ae34c	10	6376792	8702058	2130	0.3048
f5222559-bf86-457c-af8d-b14e676ae34c	10	8702278	10044882	1016	0.3805
f5222559-bf86-457c-af8d-b14e676ae34c	10	10045068	18191019	6511	0.2968
f5222559-bf86-457c-af8d-b14e676ae34c	10	18191298	29216195	7772	0.1541
f5222559-bf86-457c-af8d-b14e676ae34c	10	29216559	29217639	2	2.1909
f5222559-bf86-457c-af8d-b14e676ae34c	10	29220027	44946855	8194	0.165
f5222559-bf86-457c-af8d-b14e676ae34c	10	44946866	45349943	237	0.6193
f5222559-bf86-457c-af8d-b14e676ae34c	10	45353397	45817039	183	0.203
f5222559-bf86-457c-af8d-b14e676ae34c	10	45936113	45998155	2	2.1909
f5222559-bf86-457c-af8d-b14e676ae34c	10	45999975	46898735	290	0.1342
f5222559-bf86-457c-af8d-b14e676ae34c	10	46901552	46967412	2	1.6879
f5222559-bf86-457c-af8d-b14e676ae34c	10	47002596	48446360	493	0.1807
f5222559-bf86-457c-af8d-b14e676ae34c	10	48452253	72387174	16898	-0.5474
f5222559-bf86-457c-af8d-b14e676ae34c	10	72387642	72956409	240	0.1344
f5222559-bf86-457c-af8d-b14e676ae34c	10	72960204	73298599	138	-0.5758
f5222559-bf86-457c-af8d-b14e676ae34c	10	73298843	74088706	300	0.1453
f5222559-bf86-457c-af8d-b14e676ae34c	10	74096922	74908959	369	0.5784
f5222559-bf86-457c-af8d-b14e676ae34c	10	74910553	74924294	11	-0.5381
f5222559-bf86-457c-af8d-b14e676ae34c	10	74926566	79491575	3469	0.2066
f5222559-bf86-457c-af8d-b14e676ae34c	10	79523511	79533859	2	-2.5233
f5222559-bf86-457c-af8d-b14e676ae34c	10	79576939	79689972	16	-0.0075
f5222559-bf86-457c-af8d-b14e676ae34c	10	79736999	79737848	3	-1.2615
f5222559-bf86-457c-af8d-b14e676ae34c	10	79747269	100653854	13827	0.1625
f5222559-bf86-457c-af8d-b14e676ae34c	10	100654647	100660705	2	-1.6081
f5222559-bf86-457c-af8d-b14e676ae34c	10	100662289	130395889	21107	0.1826
f5222559-bf86-457c-af8d-b14e676ae34c	10	130395908	130877247	457	0.0736
f5222559-bf86-457c-af8d-b14e676ae34c	10	130877538	133654968	1600	0.1525
f5222559-bf86-457c-af8d-b14e676ae34c	11	198510	4946166	2418	0.1769
f5222559-bf86-457c-af8d-b14e676ae34c	11	4946420	4952799	26	0.8302
f5222559-bf86-457c-af8d-b14e676ae34c	11	4953934	5499745	544	0.1393
f5222559-bf86-457c-af8d-b14e676ae34c	11	5500921	5502363	6	-0.9933
f5222559-bf86-457c-af8d-b14e676ae34c	11	5503234	18577085	9437	0.1788
f5222559-bf86-457c-af8d-b14e676ae34c	11	18577581	18584005	2	-1.5595
f5222559-bf86-457c-af8d-b14e676ae34c	11	18584091	18919323	239	0.1824
f5222559-bf86-457c-af8d-b14e676ae34c	11	18927525	18940066	41	0.5563
f5222559-bf86-457c-af8d-b14e676ae34c	11	18940191	30665463	8668	0.1622
f5222559-bf86-457c-af8d-b14e676ae34c	11	30667556	32617646	1323	0.6026
f5222559-bf86-457c-af8d-b14e676ae34c	11	32618299	33275650	314	0.1093
f5222559-bf86-457c-af8d-b14e676ae34c	11	33277523	45908971	9128	0.1927
f5222559-bf86-457c-af8d-b14e676ae34c	11	45909468	54554853	1967	0.148
f5222559-bf86-457c-af8d-b14e676ae34c	11	54555109	54743970	84	0.5884
f5222559-bf86-457c-af8d-b14e676ae34c	11	54762035	54766290	3	-1.1322
f5222559-bf86-457c-af8d-b14e676ae34c	11	54782119	55606572	287	0.5876
f5222559-bf86-457c-af8d-b14e676ae34c	11	55606712	55671856	44	0.2885
f5222559-bf86-457c-af8d-b14e676ae34c	11	55672514	61458926	3502	0.5966
f5222559-bf86-457c-af8d-b14e676ae34c	11	61459029	68032264	2825	0.1016
f5222559-bf86-457c-af8d-b14e676ae34c	11	68032282	70880532	1575	0.3469
f5222559-bf86-457c-af8d-b14e676ae34c	11	70884341	82208307	6990	-0.3742
f5222559-bf86-457c-af8d-b14e676ae34c	11	82209008	82916988	462	-1.7105
f5222559-bf86-457c-af8d-b14e676ae34c	11	82922274	92090485	5932	-0.522
f5222559-bf86-457c-af8d-b14e676ae34c	11	92090486	92090489	4	-2.3491
f5222559-bf86-457c-af8d-b14e676ae34c	11	92090831	101020350	6607	-0.5392
f5222559-bf86-457c-af8d-b14e676ae34c	11	101020514	101129818	245	-0.369
f5222559-bf86-457c-af8d-b14e676ae34c	11	101129894	101723653	411	-0.5125
f5222559-bf86-457c-af8d-b14e676ae34c	11	101727129	101727233	4	1.0254
f5222559-bf86-457c-af8d-b14e676ae34c	11	101727481	107367930	3796	-0.536
f5222559-bf86-457c-af8d-b14e676ae34c	11	107367945	107368402	6	-1.8117
f5222559-bf86-457c-af8d-b14e676ae34c	11	107381636	116558973	6253	-0.5483
f5222559-bf86-457c-af8d-b14e676ae34c	11	116560232	116563712	5	-2.9714
f5222559-bf86-457c-af8d-b14e676ae34c	11	116565423	120898268	2935	-0.5035
f5222559-bf86-457c-af8d-b14e676ae34c	11	120900763	125614149	3455	-0.5674
f5222559-bf86-457c-af8d-b14e676ae34c	11	125614706	127919009	1724	-0.5257
f5222559-bf86-457c-af8d-b14e676ae34c	11	127920860	127921067	3	-2.7729
f5222559-bf86-457c-af8d-b14e676ae34c	11	127922395	134229389	4868	-0.533
f5222559-bf86-457c-af8d-b14e676ae34c	11	134230251	134972318	587	-0.639
f5222559-bf86-457c-af8d-b14e676ae34c	11	134972320	134982384	7	-1.6178
f5222559-bf86-457c-af8d-b14e676ae34c	11	134983217	135074876	64	-0.6078
f5222559-bf86-457c-af8d-b14e676ae34c	12	51460	134437	39	0.2336
f5222559-bf86-457c-af8d-b14e676ae34c	12	139508	759943	379	0.0287
f5222559-bf86-457c-af8d-b14e676ae34c	12	760032	764863	17	-0.6817
f5222559-bf86-457c-af8d-b14e676ae34c	12	766188	7324304	4682	0.0094
f5222559-bf86-457c-af8d-b14e676ae34c	12	7326678	7327532	2	-1.6145
f5222559-bf86-457c-af8d-b14e676ae34c	12	7329703	7842191	246	-0.0191
f5222559-bf86-457c-af8d-b14e676ae34c	12	7851829	7971304	58	0.5837
f5222559-bf86-457c-af8d-b14e676ae34c	12	7978362	11066824	1816	-0.0427
f5222559-bf86-457c-af8d-b14e676ae34c	12	11068125	11088933	10	0.6791
f5222559-bf86-457c-af8d-b14e676ae34c	12	11099275	16090341	3544	-0.0059
f5222559-bf86-457c-af8d-b14e676ae34c	12	16093384	16723031	467	0.1489
f5222559-bf86-457c-af8d-b14e676ae34c	12	16725629	21542910	3047	0.213
f5222559-bf86-457c-af8d-b14e676ae34c	12	21544904	27941988	4654	0.1432
f5222559-bf86-457c-af8d-b14e676ae34c	12	27942560	27957416	16	-0.4956
f5222559-bf86-457c-af8d-b14e676ae34c	12	27966663	39201485	5392	0.1555
f5222559-bf86-457c-af8d-b14e676ae34c	12	39201763	51081570	7055	0.1223
f5222559-bf86-457c-af8d-b14e676ae34c	12	51081607	51590174	269	0.1673
f5222559-bf86-457c-af8d-b14e676ae34c	12	51593524	51593826	2	1.5884
f5222559-bf86-457c-af8d-b14e676ae34c	12	51594077	56686565	3051	0.1589
f5222559-bf86-457c-af8d-b14e676ae34c	12	56706269	56707854	2	2.2681
f5222559-bf86-457c-af8d-b14e676ae34c	12	56711034	133201603	50118	0.1243
f5222559-bf86-457c-af8d-b14e676ae34c	13	18452809	36896537	13087	0.0471
f5222559-bf86-457c-af8d-b14e676ae34c	13	36899249	37312272	232	-0.1973
f5222559-bf86-457c-af8d-b14e676ae34c	13	37318822	37496998	164	-0.672
f5222559-bf86-457c-af8d-b14e676ae34c	13	37497899	37514250	19	0.0278
f5222559-bf86-457c-af8d-b14e676ae34c	13	37514472	44015093	4653	-0.6569
f5222559-bf86-457c-af8d-b14e676ae34c	13	44016084	46557413	1563	-1.0273
f5222559-bf86-457c-af8d-b14e676ae34c	13	46559512	46560171	3	-5.2748
f5222559-bf86-457c-af8d-b14e676ae34c	13	46565956	48312693	1220	-1.0021
f5222559-bf86-457c-af8d-b14e676ae34c	13	48314337	48324035	9	-0.0471
f5222559-bf86-457c-af8d-b14e676ae34c	13	48324170	48372144	81	-1.0202
f5222559-bf86-457c-af8d-b14e676ae34c	13	48372214	54248030	3458	-0.5263
f5222559-bf86-457c-af8d-b14e676ae34c	13	54252735	54253678	3	-2.8107
f5222559-bf86-457c-af8d-b14e676ae34c	13	54254322	70870863	9933	-0.5108
f5222559-bf86-457c-af8d-b14e676ae34c	13	70871583	80465746	6622	-0.5549
f5222559-bf86-457c-af8d-b14e676ae34c	13	80465906	90543610	6082	-0.5096
f5222559-bf86-457c-af8d-b14e676ae34c	13	90545010	114342922	16973	-0.5525
f5222559-bf86-457c-af8d-b14e676ae34c	14	18239283	18646056	16	-0.0092
f5222559-bf86-457c-af8d-b14e676ae34c	14	18656322	18950560	10	0.8397
f5222559-bf86-457c-af8d-b14e676ae34c	14	18976793	19675350	37	0.2957
f5222559-bf86-457c-af8d-b14e676ae34c	14	19689684	19955213	104	0.7341
f5222559-bf86-457c-af8d-b14e676ae34c	14	19956767	21862151	1270	0.1599
f5222559-bf86-457c-af8d-b14e676ae34c	14	21862255	22497974	568	0.3455
f5222559-bf86-457c-af8d-b14e676ae34c	14	22499871	44920463	14025	0.14
f5222559-bf86-457c-af8d-b14e676ae34c	14	44921274	71153007	16602	0.0913
f5222559-bf86-457c-af8d-b14e676ae34c	14	71153360	71157091	2	1.8855
f5222559-bf86-457c-af8d-b14e676ae34c	14	71157573	73534419	1613	0.1082
f5222559-bf86-457c-af8d-b14e676ae34c	14	73540003	73554275	8	1.2915
f5222559-bf86-457c-af8d-b14e676ae34c	14	73563196	83969567	6903	0.0993
f5222559-bf86-457c-af8d-b14e676ae34c	14	83970127	83970988	2	1.9849
f5222559-bf86-457c-af8d-b14e676ae34c	14	83971730	93637890	6179	0.0741
f5222559-bf86-457c-af8d-b14e676ae34c	14	93642519	97562091	3020	0.1328
f5222559-bf86-457c-af8d-b14e676ae34c	14	97562909	98947769	1252	0.0707
f5222559-bf86-457c-af8d-b14e676ae34c	14	98947774	99810370	660	0.1344
f5222559-bf86-457c-af8d-b14e676ae34c	14	99811598	99812518	2	-1.1706
f5222559-bf86-457c-af8d-b14e676ae34c	14	99813064	101853549	1152	0.1264
f5222559-bf86-457c-af8d-b14e676ae34c	14	101854732	106423925	1753	0.0901
f5222559-bf86-457c-af8d-b14e676ae34c	14	106425447	106456727	38	0.4919
f5222559-bf86-457c-af8d-b14e676ae34c	14	106458271	106877229	204	0.0607
f5222559-bf86-457c-af8d-b14e676ae34c	15	19811075	30156392	4828	-0.5194
f5222559-bf86-457c-af8d-b14e676ae34c	15	30157841	30621384	35	0.2541
f5222559-bf86-457c-af8d-b14e676ae34c	15	30628421	101928837	46657	-0.517
f5222559-bf86-457c-af8d-b14e676ae34c	16	10777	1472669	467	0.1972
f5222559-bf86-457c-af8d-b14e676ae34c	16	1475778	1496860	11	-0.6554
f5222559-bf86-457c-af8d-b14e676ae34c	16	1505082	5557889	2143	0.2048
f5222559-bf86-457c-af8d-b14e676ae34c	16	5558088	5558150	2	-1.6495
f5222559-bf86-457c-af8d-b14e676ae34c	16	5558336	19934328	10846	0.2175
f5222559-bf86-457c-af8d-b14e676ae34c	16	19934486	19954553	27	-0.951
f5222559-bf86-457c-af8d-b14e676ae34c	16	19956040	21728953	1011	0.1983
f5222559-bf86-457c-af8d-b14e676ae34c	16	21730864	21810781	16	-0.4067
f5222559-bf86-457c-af8d-b14e676ae34c	16	21816477	25576060	2216	0.19
f5222559-bf86-457c-af8d-b14e676ae34c	16	25578518	25581385	2	1.7919
f5222559-bf86-457c-af8d-b14e676ae34c	16	25585316	33340712	3273	0.1996
f5222559-bf86-457c-af8d-b14e676ae34c	16	33640096	51566671	3541	-0.4787
f5222559-bf86-457c-af8d-b14e676ae34c	16	51568533	52084541	396	0.2186
f5222559-bf86-457c-af8d-b14e676ae34c	16	52086456	52153112	48	0.6555
f5222559-bf86-457c-af8d-b14e676ae34c	16	52154053	55761136	2937	0.233
f5222559-bf86-457c-af8d-b14e676ae34c	16	55762477	55788532	22	-0.7017
f5222559-bf86-457c-af8d-b14e676ae34c	16	55808442	57624601	1102	0.2096
f5222559-bf86-457c-af8d-b14e676ae34c	16	57626434	78337711	13164	-0.4976
f5222559-bf86-457c-af8d-b14e676ae34c	16	78338543	78347366	14	-1.5149
f5222559-bf86-457c-af8d-b14e676ae34c	16	78349243	80122932	2189	-0.5127
f5222559-bf86-457c-af8d-b14e676ae34c	16	80123066	80126263	9	-1.3556
f5222559-bf86-457c-af8d-b14e676ae34c	16	80126317	80218562	101	-0.4802
f5222559-bf86-457c-af8d-b14e676ae34c	16	80218606	80219179	5	-3.0282
f5222559-bf86-457c-af8d-b14e676ae34c	16	80219577	90096867	8301	-0.5052
f5222559-bf86-457c-af8d-b14e676ae34c	17	150733	407915	138	-0.5132
f5222559-bf86-457c-af8d-b14e676ae34c	17	410956	5975089	3047	-0.2882
f5222559-bf86-457c-af8d-b14e676ae34c	17	5976225	18455635	8206	-0.4937
f5222559-bf86-457c-af8d-b14e676ae34c	17	18458372	18561907	24	-2.0648
f5222559-bf86-457c-af8d-b14e676ae34c	17	18565883	22051839	1253	-0.4821
f5222559-bf86-457c-af8d-b14e676ae34c	17	22054380	41265456	8145	0.1878
f5222559-bf86-457c-af8d-b14e676ae34c	17	41266762	41274279	24	-0.464
f5222559-bf86-457c-af8d-b14e676ae34c	17	41276472	58388673	10130	0.2064
f5222559-bf86-457c-af8d-b14e676ae34c	17	58389456	70832416	6927	0.1798
f5222559-bf86-457c-af8d-b14e676ae34c	17	70833070	83091923	7145	0.2186
f5222559-bf86-457c-af8d-b14e676ae34c	18	48133	15359295	10408	0.1683
f5222559-bf86-457c-af8d-b14e676ae34c	18	15361215	28450494	4555	0.6377
f5222559-bf86-457c-af8d-b14e676ae34c	18	28455117	40677910	7807	-0.5091
f5222559-bf86-457c-af8d-b14e676ae34c	18	40678106	40689848	37	-0.0204
f5222559-bf86-457c-af8d-b14e676ae34c	18	40690108	58263318	11896	-0.5191
f5222559-bf86-457c-af8d-b14e676ae34c	18	58263630	58268730	23	-2.016
f5222559-bf86-457c-af8d-b14e676ae34c	18	58271707	78601202	15095	-0.5311
f5222559-bf86-457c-af8d-b14e676ae34c	18	78602084	78607500	3	-2.973
f5222559-bf86-457c-af8d-b14e676ae34c	18	78608437	80257174	886	-0.5628
f5222559-bf86-457c-af8d-b14e676ae34c	19	90910	258084	7	0.1385
f5222559-bf86-457c-af8d-b14e676ae34c	19	260912	7742664	2661	-0.4982
f5222559-bf86-457c-af8d-b14e676ae34c	19	7742724	33341379	12664	0.1963
f5222559-bf86-457c-af8d-b14e676ae34c	19	33345289	40246423	3849	0.0338
f5222559-bf86-457c-af8d-b14e676ae34c	19	40249130	55233139	7859	-0.0521
f5222559-bf86-457c-af8d-b14e676ae34c	19	55242819	57994702	1746	0.2796
f5222559-bf86-457c-af8d-b14e676ae34c	19	58002026	58586487	317	-0.0526
f5222559-bf86-457c-af8d-b14e676ae34c	20	80664	1579916	1198	0.1958
f5222559-bf86-457c-af8d-b14e676ae34c	20	1580141	1601561	41	1.4082
f5222559-bf86-457c-af8d-b14e676ae34c	20	1609611	14897846	10030	0.1602
f5222559-bf86-457c-af8d-b14e676ae34c	20	14902216	26316572	8750	0.189
f5222559-bf86-457c-af8d-b14e676ae34c	20	26324855	30374604	40	-0.251
f5222559-bf86-457c-af8d-b14e676ae34c	20	30377631	37697445	3256	0.1848
f5222559-bf86-457c-af8d-b14e676ae34c	20	37697600	63615625	18774	0.2182
f5222559-bf86-457c-af8d-b14e676ae34c	20	63615833	64324800	295	0.1588
f5222559-bf86-457c-af8d-b14e676ae34c	21	10354168	10550357	43	-0.5641
f5222559-bf86-457c-af8d-b14e676ae34c	21	10551986	13160062	65	-0.1138
f5222559-bf86-457c-af8d-b14e676ae34c	21	13160229	31864142	13315	-0.5112
f5222559-bf86-457c-af8d-b14e676ae34c	21	31865670	31867735	3	-2.5683
f5222559-bf86-457c-af8d-b14e676ae34c	21	31879236	46677045	10411	-0.5079
f5222559-bf86-457c-af8d-b14e676ae34c	22	15294547	15925481	37	-0.136
f5222559-bf86-457c-af8d-b14e676ae34c	22	16392123	17014661	264	-0.4676
f5222559-bf86-457c-af8d-b14e676ae34c	22	17018144	17018618	2	2.0406
f5222559-bf86-457c-af8d-b14e676ae34c	22	17019000	18190590	826	-0.4781
f5222559-bf86-457c-af8d-b14e676ae34c	22	18392404	18822581	9	0.6287
f5222559-bf86-457c-af8d-b14e676ae34c	22	18822597	19193876	165	-0.5729
f5222559-bf86-457c-af8d-b14e676ae34c	22	19193961	19703133	312	0.192
f5222559-bf86-457c-af8d-b14e676ae34c	22	19708302	20216982	348	-0.6206
f5222559-bf86-457c-af8d-b14e676ae34c	22	20217268	20226155	8	-1.7519
f5222559-bf86-457c-af8d-b14e676ae34c	22	20228633	38894915	13206	-0.496
f5222559-bf86-457c-af8d-b14e676ae34c	22	38899250	38900899	3	-2.8789
f5222559-bf86-457c-af8d-b14e676ae34c	22	38903109	49004572	6931	-0.4939
f5222559-bf86-457c-af8d-b14e676ae34c	22	49004740	49847528	736	-0.6198
f5222559-bf86-457c-af8d-b14e676ae34c	22	49850071	50528603	246	-0.4839
f5222559-bf86-457c-af8d-b14e676ae34c	22	50534679	50534687	5	-1.9404
f5222559-bf86-457c-af8d-b14e676ae34c	22	50535325	50796027	143	-0.477
f5222559-bf86-457c-af8d-b14e676ae34c	X	251810	91954079	47321	0.194
f5222559-bf86-457c-af8d-b14e676ae34c	X	91958023	92497102	220	-0.932
f5222559-bf86-457c-af8d-b14e676ae34c	X	92510811	155952689	35994	-0.2329
f5222559-bf86-457c-af8d-b14e676ae34c	Y	2782397	3558326	234	-0.6949
f5222559-bf86-457c-af8d-b14e676ae34c	Y	3564331	6233384	550	-0.9742
f5222559-bf86-457c-af8d-b14e676ae34c	Y	6249869	19074422	4564	-0.7147
f5222559-bf86-457c-af8d-b14e676ae34c	Y	19075007	19089310	3	2.8106
f5222559-bf86-457c-af8d-b14e676ae34c	Y	19095400	56872112	1281	-0.7164
