GDC_Aliquot	Chromosome	Start	End	Num_Probes	Segment_Mean
4100914c-192f-4cac-ac05-56f707463196	1	62920	72297687	42579	-0.0562
4100914c-192f-4cac-ac05-56f707463196	1	72302735	72345465	48	-1.5158
4100914c-192f-4cac-ac05-56f707463196	1	72346221	112709921	25884	-0.0439
4100914c-192f-4cac-ac05-56f707463196	1	112711645	112711862	2	-2.8898
4100914c-192f-4cac-ac05-56f707463196	1	112721619	121597150	4758	-0.0459
4100914c-192f-4cac-ac05-56f707463196	1	121598439	152582700	2439	0.1334
4100914c-192f-4cac-ac05-56f707463196	1	152583051	152613641	31	-1.464
4100914c-192f-4cac-ac05-56f707463196	1	152613762	152614100	4	-0.5352
4100914c-192f-4cac-ac05-56f707463196	1	152614118	152778761	158	0.1111
4100914c-192f-4cac-ac05-56f707463196	1	152782154	152790593	28	-0.3098
4100914c-192f-4cac-ac05-56f707463196	1	152794991	156810923	2068	0.1234
4100914c-192f-4cac-ac05-56f707463196	1	156815564	158595832	1278	0.3133
4100914c-192f-4cac-ac05-56f707463196	1	158595879	189679027	21327	0.1398
4100914c-192f-4cac-ac05-56f707463196	1	189679353	189679397	2	-1.8309
4100914c-192f-4cac-ac05-56f707463196	1	189682917	196762480	4726	0.1434
4100914c-192f-4cac-ac05-56f707463196	1	196762956	196843377	56	-0.2878
4100914c-192f-4cac-ac05-56f707463196	1	196843400	248930189	35692	0.139
4100914c-192f-4cac-ac05-56f707463196	2	12784	3144361	2171	-0.0066
4100914c-192f-4cac-ac05-56f707463196	2	3147886	3262826	123	-0.2337
4100914c-192f-4cac-ac05-56f707463196	2	3263267	17805901	11029	0.0314
4100914c-192f-4cac-ac05-56f707463196	2	17807374	17808199	3	-2.5681
4100914c-192f-4cac-ac05-56f707463196	2	17808233	130005319	67196	0.0348
4100914c-192f-4cac-ac05-56f707463196	2	130010077	130063277	18	-0.7336
4100914c-192f-4cac-ac05-56f707463196	2	130065662	179196928	29724	0.0404
4100914c-192f-4cac-ac05-56f707463196	2	179202465	179214417	3	-1.835
4100914c-192f-4cac-ac05-56f707463196	2	179218864	242147305	38632	0.0353
4100914c-192f-4cac-ac05-56f707463196	3	20930	6604856	5793	0.0721
4100914c-192f-4cac-ac05-56f707463196	3	6609441	6613391	24	-0.7276
4100914c-192f-4cac-ac05-56f707463196	3	6613561	46751887	27241	0.0504
4100914c-192f-4cac-ac05-56f707463196	3	46760327	46808099	40	-0.8559
4100914c-192f-4cac-ac05-56f707463196	3	46817989	65200174	12040	0.0559
4100914c-192f-4cac-ac05-56f707463196	3	65202778	65224777	53	-0.8585
4100914c-192f-4cac-ac05-56f707463196	3	65230674	68675541	2410	0.0486
4100914c-192f-4cac-ac05-56f707463196	3	68676600	68698262	17	-1.3957
4100914c-192f-4cac-ac05-56f707463196	3	68699607	72598994	2979	0.044
4100914c-192f-4cac-ac05-56f707463196	3	72599146	72601102	2	-1.635
4100914c-192f-4cac-ac05-56f707463196	3	72601204	75372019	1869	0.0426
4100914c-192f-4cac-ac05-56f707463196	3	75377956	75590356	74	-0.7107
4100914c-192f-4cac-ac05-56f707463196	3	75596233	128661409	29003	0.0551
4100914c-192f-4cac-ac05-56f707463196	3	128662406	128693488	16	0.7574
4100914c-192f-4cac-ac05-56f707463196	3	128695318	162822702	20888	0.0552
4100914c-192f-4cac-ac05-56f707463196	3	162827928	162906093	45	-0.4059
4100914c-192f-4cac-ac05-56f707463196	3	162906109	198169247	21818	0.0492
4100914c-192f-4cac-ac05-56f707463196	4	68929	266837	94	0.0926
4100914c-192f-4cac-ac05-56f707463196	4	266850	3915215	1475	-0.0787
4100914c-192f-4cac-ac05-56f707463196	4	3921381	4182970	69	0.29
4100914c-192f-4cac-ac05-56f707463196	4	4183221	9455251	3482	-0.0588
4100914c-192f-4cac-ac05-56f707463196	4	9459504	9477699	6	1.5825
4100914c-192f-4cac-ac05-56f707463196	4	9484440	10208245	531	-0.0448
4100914c-192f-4cac-ac05-56f707463196	4	10208322	10233558	41	-1.098
4100914c-192f-4cac-ac05-56f707463196	4	10233644	34784878	16914	-0.048
4100914c-192f-4cac-ac05-56f707463196	4	34785333	34823103	37	-2.4538
4100914c-192f-4cac-ac05-56f707463196	4	34828250	35079742	159	-0.1079
4100914c-192f-4cac-ac05-56f707463196	4	35080234	35092141	8	0.3072
4100914c-192f-4cac-ac05-56f707463196	4	35092418	49087357	8757	-0.0477
4100914c-192f-4cac-ac05-56f707463196	4	49091769	52551106	434	0.1495
4100914c-192f-4cac-ac05-56f707463196	4	52551416	62986298	6662	-0.1403
4100914c-192f-4cac-ac05-56f707463196	4	62989232	68395346	3332	0.0573
4100914c-192f-4cac-ac05-56f707463196	4	68416487	68422424	5	-1.2125
4100914c-192f-4cac-ac05-56f707463196	4	68429081	68524574	17	0.1008
4100914c-192f-4cac-ac05-56f707463196	4	68524748	68774516	96	0.3658
4100914c-192f-4cac-ac05-56f707463196	4	68774861	116294622	28829	0.0542
4100914c-192f-4cac-ac05-56f707463196	4	116295025	119417020	1833	-0.1259
4100914c-192f-4cac-ac05-56f707463196	4	119417504	121360818	1271	0.0359
4100914c-192f-4cac-ac05-56f707463196	4	121361313	121362996	23	-1.1088
4100914c-192f-4cac-ac05-56f707463196	4	121363014	172066706	30602	0.0225
4100914c-192f-4cac-ac05-56f707463196	4	172066777	172074828	14	0.9782
4100914c-192f-4cac-ac05-56f707463196	4	172075742	190106768	12028	0.0209
4100914c-192f-4cac-ac05-56f707463196	5	15532	12800777	10146	0.0374
4100914c-192f-4cac-ac05-56f707463196	5	12815668	12838421	14	-1.4581
4100914c-192f-4cac-ac05-56f707463196	5	12849089	17601444	3164	0.0447
4100914c-192f-4cac-ac05-56f707463196	5	17601619	17607658	7	-1.1034
4100914c-192f-4cac-ac05-56f707463196	5	17608130	58025819	22278	0.0546
4100914c-192f-4cac-ac05-56f707463196	5	58030200	58037466	30	-1.0077
4100914c-192f-4cac-ac05-56f707463196	5	58037688	86815939	16903	0.0469
4100914c-192f-4cac-ac05-56f707463196	5	86819561	86823329	3	-2.6386
4100914c-192f-4cac-ac05-56f707463196	5	86825812	152135909	40510	0.0516
4100914c-192f-4cac-ac05-56f707463196	5	152135923	152140710	13	-0.786
4100914c-192f-4cac-ac05-56f707463196	5	152140861	172661993	14231	0.0441
4100914c-192f-4cac-ac05-56f707463196	5	172663880	172668864	2	-2.1693
4100914c-192f-4cac-ac05-56f707463196	5	172671115	180947523	4975	0.0355
4100914c-192f-4cac-ac05-56f707463196	5	180951710	181006264	21	-0.5068
4100914c-192f-4cac-ac05-56f707463196	5	181015400	181363319	168	-0.0329
4100914c-192f-4cac-ac05-56f707463196	6	149661	5571878	4455	-0.0482
4100914c-192f-4cac-ac05-56f707463196	6	5574086	5575408	2	-2.6145
4100914c-192f-4cac-ac05-56f707463196	6	5575480	13413994	6123	-0.0567
4100914c-192f-4cac-ac05-56f707463196	6	13414316	13414368	3	-1.8195
4100914c-192f-4cac-ac05-56f707463196	6	13417107	29869295	10963	-0.0509
4100914c-192f-4cac-ac05-56f707463196	6	29869410	29906865	22	-0.9363
4100914c-192f-4cac-ac05-56f707463196	6	29906932	31377819	699	-0.0481
4100914c-192f-4cac-ac05-56f707463196	6	31379045	31380871	9	-1.0736
4100914c-192f-4cac-ac05-56f707463196	6	31383258	32550992	468	-0.0476
4100914c-192f-4cac-ac05-56f707463196	6	32559507	32625244	25	-0.52
4100914c-192f-4cac-ac05-56f707463196	6	32626664	52744866	12663	-0.0457
4100914c-192f-4cac-ac05-56f707463196	6	52745832	52797717	46	0.4481
4100914c-192f-4cac-ac05-56f707463196	6	52797780	54066353	947	-0.0673
4100914c-192f-4cac-ac05-56f707463196	6	54066432	54070617	8	-1.2363
4100914c-192f-4cac-ac05-56f707463196	6	54070900	66298369	5317	-0.0347
4100914c-192f-4cac-ac05-56f707463196	6	66298393	66339513	56	-0.7124
4100914c-192f-4cac-ac05-56f707463196	6	66339706	73882142	4987	-0.0433
4100914c-192f-4cac-ac05-56f707463196	6	73882509	73891694	10	0.6785
4100914c-192f-4cac-ac05-56f707463196	6	73893839	78253172	2758	-0.0412
4100914c-192f-4cac-ac05-56f707463196	6	78259348	78322600	106	-0.5131
4100914c-192f-4cac-ac05-56f707463196	6	78322875	170741917	59442	-0.0465
4100914c-192f-4cac-ac05-56f707463196	7	43355	19423227	13749	0.0556
4100914c-192f-4cac-ac05-56f707463196	7	19423330	19432596	8	-1.1086
4100914c-192f-4cac-ac05-56f707463196	7	19434743	38251092	13511	0.0433
4100914c-192f-4cac-ac05-56f707463196	7	38251113	38352435	123	-0.3637
4100914c-192f-4cac-ac05-56f707463196	7	38356373	97766148	32720	0.0535
4100914c-192f-4cac-ac05-56f707463196	7	97766150	97774928	16	-0.854
4100914c-192f-4cac-ac05-56f707463196	7	97774965	109793741	6575	0.0392
4100914c-192f-4cac-ac05-56f707463196	7	109797035	109797700	14	-1.3248
4100914c-192f-4cac-ac05-56f707463196	7	109797715	109801187	11	-0.0969
4100914c-192f-4cac-ac05-56f707463196	7	109801572	109813853	10	-1.9751
4100914c-192f-4cac-ac05-56f707463196	7	109813925	126405428	10002	0.0505
4100914c-192f-4cac-ac05-56f707463196	7	126405502	126406561	11	-1.5128
4100914c-192f-4cac-ac05-56f707463196	7	126406822	134100442	4684	0.0483
4100914c-192f-4cac-ac05-56f707463196	7	134100458	134105690	23	0.5462
4100914c-192f-4cac-ac05-56f707463196	7	134110881	142059987	5180	0.0463
4100914c-192f-4cac-ac05-56f707463196	7	142060194	142092307	38	0.458
4100914c-192f-4cac-ac05-56f707463196	7	142099190	142511792	330	0.0554
4100914c-192f-4cac-ac05-56f707463196	7	142512418	142740007	83	-0.2821
4100914c-192f-4cac-ac05-56f707463196	7	142741721	144176859	784	0.0366
4100914c-192f-4cac-ac05-56f707463196	7	144199159	144352208	16	-0.7492
4100914c-192f-4cac-ac05-56f707463196	7	144377836	153450553	5536	0.0535
4100914c-192f-4cac-ac05-56f707463196	7	153450560	153450627	2	-2.2804
4100914c-192f-4cac-ac05-56f707463196	7	153450630	159334314	4077	0.0351
4100914c-192f-4cac-ac05-56f707463196	8	81254	645875	328	0.0232
4100914c-192f-4cac-ac05-56f707463196	8	645892	645908	2	2.4582
4100914c-192f-4cac-ac05-56f707463196	8	656117	6161648	6195	0.05
4100914c-192f-4cac-ac05-56f707463196	8	6163162	6165532	2	-2.9328
4100914c-192f-4cac-ac05-56f707463196	8	6165560	7120877	1143	0.0491
4100914c-192f-4cac-ac05-56f707463196	8	7124748	7981252	74	0.5773
4100914c-192f-4cac-ac05-56f707463196	8	7982198	39373140	22649	0.0488
4100914c-192f-4cac-ac05-56f707463196	8	39378084	39529446	58	-2.1893
4100914c-192f-4cac-ac05-56f707463196	8	39530780	40326425	592	0.0568
4100914c-192f-4cac-ac05-56f707463196	8	40326629	40331992	30	-1.025
4100914c-192f-4cac-ac05-56f707463196	8	40335391	145072769	64085	0.0468
4100914c-192f-4cac-ac05-56f707463196	9	46587	39547279	31029	-0.0438
4100914c-192f-4cac-ac05-56f707463196	9	39547285	41639988	96	0.3376
4100914c-192f-4cac-ac05-56f707463196	9	41644133	41741096	12	0.0999
4100914c-192f-4cac-ac05-56f707463196	9	41741113	42160250	20	-0.5204
4100914c-192f-4cac-ac05-56f707463196	9	42164177	61405110	74	0.0441
4100914c-192f-4cac-ac05-56f707463196	9	61520021	61629689	28	-1.0627
4100914c-192f-4cac-ac05-56f707463196	9	61633080	118503888	36251	-0.0469
4100914c-192f-4cac-ac05-56f707463196	9	118513073	118844510	274	-0.9679
4100914c-192f-4cac-ac05-56f707463196	9	118848144	138200944	11327	-0.0622
4100914c-192f-4cac-ac05-56f707463196	10	45792	65546400	44261	0.0473
4100914c-192f-4cac-ac05-56f707463196	10	65546518	65566308	33	-0.5832
4100914c-192f-4cac-ac05-56f707463196	10	65566389	89178916	15766	0.0441
4100914c-192f-4cac-ac05-56f707463196	10	89183210	89190337	13	-1.0536
4100914c-192f-4cac-ac05-56f707463196	10	89190649	133654968	30271	0.0395
4100914c-192f-4cac-ac05-56f707463196	11	198510	135074876	86521	0.047
4100914c-192f-4cac-ac05-56f707463196	12	51460	760097	417	-0.0673
4100914c-192f-4cac-ac05-56f707463196	12	760112	764863	15	-1.1722
4100914c-192f-4cac-ac05-56f707463196	12	766188	11351157	6914	-0.0515
4100914c-192f-4cac-ac05-56f707463196	12	11358643	11388095	29	-1.1569
4100914c-192f-4cac-ac05-56f707463196	12	11390452	45506042	20915	-0.0464
4100914c-192f-4cac-ac05-56f707463196	12	45510655	45515754	4	-2.1008
4100914c-192f-4cac-ac05-56f707463196	12	45519509	68273682	13632	-0.0458
4100914c-192f-4cac-ac05-56f707463196	12	68274406	73143539	3203	0.0494
4100914c-192f-4cac-ac05-56f707463196	12	73145479	128013817	35629	-0.0502
4100914c-192f-4cac-ac05-56f707463196	12	128014354	128019279	4	-1.7414
4100914c-192f-4cac-ac05-56f707463196	12	128020224	131636170	3162	-0.083
4100914c-192f-4cac-ac05-56f707463196	12	131648039	131648790	13	-2.1703
4100914c-192f-4cac-ac05-56f707463196	12	131657925	133201603	556	-0.1254
4100914c-192f-4cac-ac05-56f707463196	13	18452809	21925135	1980	-0.1459
4100914c-192f-4cac-ac05-56f707463196	13	21927357	27751713	4382	-0.0651
4100914c-192f-4cac-ac05-56f707463196	13	27757541	48957415	15029	-0.1539
4100914c-192f-4cac-ac05-56f707463196	13	48959579	48962368	2	-3.0046
4100914c-192f-4cac-ac05-56f707463196	13	48963569	88740741	24410	-0.1345
4100914c-192f-4cac-ac05-56f707463196	13	88747398	90864722	1288	0.1102
4100914c-192f-4cac-ac05-56f707463196	13	90870053	94965085	2856	0.239
4100914c-192f-4cac-ac05-56f707463196	13	94965156	96986767	1192	0.0526
4100914c-192f-4cac-ac05-56f707463196	13	96987160	97199719	139	-0.2578
4100914c-192f-4cac-ac05-56f707463196	13	97201832	97875020	456	0.0991
4100914c-192f-4cac-ac05-56f707463196	13	97877870	97878542	5	-1.3917
4100914c-192f-4cac-ac05-56f707463196	13	97879211	101080212	2165	0.0506
4100914c-192f-4cac-ac05-56f707463196	13	101081066	111904710	8652	-0.1602
4100914c-192f-4cac-ac05-56f707463196	13	111907937	112128013	141	0.0893
4100914c-192f-4cac-ac05-56f707463196	13	112128118	114342922	1107	-0.2036
4100914c-192f-4cac-ac05-56f707463196	14	18239283	21952614	1548	0.0311
4100914c-192f-4cac-ac05-56f707463196	14	21953271	22500513	449	-0.3559
4100914c-192f-4cac-ac05-56f707463196	14	22500668	73550834	32116	0.0457
4100914c-192f-4cac-ac05-56f707463196	14	73554275	73583560	11	-1.0865
4100914c-192f-4cac-ac05-56f707463196	14	73589619	85818410	8126	0.0387
4100914c-192f-4cac-ac05-56f707463196	14	85819968	85845829	14	-1.3184
4100914c-192f-4cac-ac05-56f707463196	14	85849791	106877229	12937	0.0424
4100914c-192f-4cac-ac05-56f707463196	15	19811075	20001686	45	0.2091
4100914c-192f-4cac-ac05-56f707463196	15	20011702	22413894	163	-0.8465
4100914c-192f-4cac-ac05-56f707463196	15	22455811	101928837	51135	0.0431
4100914c-192f-4cac-ac05-56f707463196	16	10777	3242896	1134	-0.0119
4100914c-192f-4cac-ac05-56f707463196	16	3243008	55762682	25695	0.0388
4100914c-192f-4cac-ac05-56f707463196	16	55764310	55775554	10	0.9493
4100914c-192f-4cac-ac05-56f707463196	16	55776109	84249692	20778	0.0475
4100914c-192f-4cac-ac05-56f707463196	16	84249871	90096867	4053	-0.0063
4100914c-192f-4cac-ac05-56f707463196	17	150733	6418808	3548	-0.0733
4100914c-192f-4cac-ac05-56f707463196	17	6419105	18455632	7765	-0.1576
4100914c-192f-4cac-ac05-56f707463196	17	18455635	18550123	23	0.5008
4100914c-192f-4cac-ac05-56f707463196	17	18561272	22412743	1338	-0.1491
4100914c-192f-4cac-ac05-56f707463196	17	22418499	27371314	347	-0.0327
4100914c-192f-4cac-ac05-56f707463196	17	27375761	27870129	292	0.0315
4100914c-192f-4cac-ac05-56f707463196	17	27870743	31251342	1452	0.2006
4100914c-192f-4cac-ac05-56f707463196	17	31251366	31934741	358	-0.0327
4100914c-192f-4cac-ac05-56f707463196	17	31939909	33229500	784	0.1283
4100914c-192f-4cac-ac05-56f707463196	17	33230867	49144970	8680	-0.1663
4100914c-192f-4cac-ac05-56f707463196	17	49147207	54425476	3251	0.0444
4100914c-192f-4cac-ac05-56f707463196	17	54425890	55263047	582	-0.1543
4100914c-192f-4cac-ac05-56f707463196	17	55263508	56969204	1386	0.0555
4100914c-192f-4cac-ac05-56f707463196	17	56969583	58123113	846	0.2984
4100914c-192f-4cac-ac05-56f707463196	17	58134739	58140037	6	-0.694
4100914c-192f-4cac-ac05-56f707463196	17	58143674	59635919	709	0.2835
4100914c-192f-4cac-ac05-56f707463196	17	59636260	63129300	1679	0.5149
4100914c-192f-4cac-ac05-56f707463196	17	63138544	64171026	497	0.7442
4100914c-192f-4cac-ac05-56f707463196	17	64171139	64654075	208	0.5887
4100914c-192f-4cac-ac05-56f707463196	17	64655971	65525091	483	0.2889
4100914c-192f-4cac-ac05-56f707463196	17	65527485	66231556	403	0.4265
4100914c-192f-4cac-ac05-56f707463196	17	66232202	69473307	2072	0.2169
4100914c-192f-4cac-ac05-56f707463196	17	69473699	70073088	408	0.3817
4100914c-192f-4cac-ac05-56f707463196	17	70073103	70273848	170	0.1724
4100914c-192f-4cac-ac05-56f707463196	17	70276213	70323392	32	0.4838
4100914c-192f-4cac-ac05-56f707463196	17	70323599	70855603	408	0.2479
4100914c-192f-4cac-ac05-56f707463196	17	70856773	71180541	291	0.3855
4100914c-192f-4cac-ac05-56f707463196	17	71180738	71279888	93	0.5611
4100914c-192f-4cac-ac05-56f707463196	17	71285115	71336308	42	0.2781
4100914c-192f-4cac-ac05-56f707463196	17	71340168	72776752	1157	0.0686
4100914c-192f-4cac-ac05-56f707463196	17	72783626	76388178	2071	0.2183
4100914c-192f-4cac-ac05-56f707463196	17	76389084	81061328	2714	0.3265
4100914c-192f-4cac-ac05-56f707463196	17	81069175	82263309	328	0.1692
4100914c-192f-4cac-ac05-56f707463196	17	82267669	82464927	60	0.5376
4100914c-192f-4cac-ac05-56f707463196	17	82465310	82506829	21	0.2387
4100914c-192f-4cac-ac05-56f707463196	17	82514951	83091923	327	-0.0044
4100914c-192f-4cac-ac05-56f707463196	18	48133	80257174	50422	-0.1513
4100914c-192f-4cac-ac05-56f707463196	19	90910	43209110	20498	-0.05
4100914c-192f-4cac-ac05-56f707463196	19	43209225	43252085	17	-0.9536
4100914c-192f-4cac-ac05-56f707463196	19	43262507	54215136	5872	-0.0568
4100914c-192f-4cac-ac05-56f707463196	19	54226329	54237443	16	-1.0092
4100914c-192f-4cac-ac05-56f707463196	19	54249482	56958964	1589	-0.0744
4100914c-192f-4cac-ac05-56f707463196	19	56962752	56968114	7	-2.0198
4100914c-192f-4cac-ac05-56f707463196	19	56970224	58586487	986	-0.0688
4100914c-192f-4cac-ac05-56f707463196	20	80664	1571528	1174	-0.0516
4100914c-192f-4cac-ac05-56f707463196	20	1571784	1601446	58	-0.6411
4100914c-192f-4cac-ac05-56f707463196	20	1601561	1617690	9	-0.1265
4100914c-192f-4cac-ac05-56f707463196	20	1618356	1705001	105	-0.0321
4100914c-192f-4cac-ac05-56f707463196	20	1705464	1811274	77	0.0873
4100914c-192f-4cac-ac05-56f707463196	20	1814286	1815667	2	1.5089
4100914c-192f-4cac-ac05-56f707463196	20	1815815	3830786	1372	0.1309
4100914c-192f-4cac-ac05-56f707463196	20	3832059	3866951	18	-0.3123
4100914c-192f-4cac-ac05-56f707463196	20	3867769	4453371	442	0.1384
4100914c-192f-4cac-ac05-56f707463196	20	4453625	32552363	17328	-0.0503
4100914c-192f-4cac-ac05-56f707463196	20	32552408	35606889	1515	-0.1617
4100914c-192f-4cac-ac05-56f707463196	20	35609455	48469509	8812	-0.0592
4100914c-192f-4cac-ac05-56f707463196	20	48479209	48483101	7	1.704
4100914c-192f-4cac-ac05-56f707463196	20	48485443	48519878	11	0.0795
4100914c-192f-4cac-ac05-56f707463196	20	48533224	48855288	193	0.9938
4100914c-192f-4cac-ac05-56f707463196	20	48859337	48952962	71	1.3623
4100914c-192f-4cac-ac05-56f707463196	20	48953505	48967207	9	-0.0999
4100914c-192f-4cac-ac05-56f707463196	20	48972031	49025316	43	1.3161
4100914c-192f-4cac-ac05-56f707463196	20	49031125	49911896	516	-0.1338
4100914c-192f-4cac-ac05-56f707463196	20	49913224	49928574	10	1.0151
4100914c-192f-4cac-ac05-56f707463196	20	49929073	50962127	677	-0.1721
4100914c-192f-4cac-ac05-56f707463196	20	50965112	51566701	462	1.0232
4100914c-192f-4cac-ac05-56f707463196	20	51566966	52136218	410	0.3562
4100914c-192f-4cac-ac05-56f707463196	20	52139340	52378513	149	0.0475
4100914c-192f-4cac-ac05-56f707463196	20	52380665	52459734	44	0.381
4100914c-192f-4cac-ac05-56f707463196	20	52461754	52673780	157	0.76
4100914c-192f-4cac-ac05-56f707463196	20	52675421	52946001	218	0.9749
4100914c-192f-4cac-ac05-56f707463196	20	52946443	53850438	696	1.4883
4100914c-192f-4cac-ac05-56f707463196	20	53852153	54064568	225	1.1329
4100914c-192f-4cac-ac05-56f707463196	20	54064966	54297826	221	1.25
4100914c-192f-4cac-ac05-56f707463196	20	54298189	55033347	622	1.088
4100914c-192f-4cac-ac05-56f707463196	20	55033520	55423515	260	0.5731
4100914c-192f-4cac-ac05-56f707463196	20	55425056	55926457	427	1.2235
4100914c-192f-4cac-ac05-56f707463196	20	55926682	55957815	37	1.6059
4100914c-192f-4cac-ac05-56f707463196	20	55957834	56147076	114	1.1588
4100914c-192f-4cac-ac05-56f707463196	20	56147176	56416484	257	0.9726
4100914c-192f-4cac-ac05-56f707463196	20	56420080	56476301	39	0.3748
4100914c-192f-4cac-ac05-56f707463196	20	56477864	57011758	441	0.2401
4100914c-192f-4cac-ac05-56f707463196	20	57012392	57469047	351	0.3915
4100914c-192f-4cac-ac05-56f707463196	20	57473765	58194309	584	0.0854
4100914c-192f-4cac-ac05-56f707463196	20	58196113	58481874	212	0.4623
4100914c-192f-4cac-ac05-56f707463196	20	58490397	61707906	2690	0.2194
4100914c-192f-4cac-ac05-56f707463196	20	61713053	62810463	551	-0.2055
4100914c-192f-4cac-ac05-56f707463196	20	62813960	64324800	587	0.2988
4100914c-192f-4cac-ac05-56f707463196	21	10354168	25557001	8781	-0.0377
4100914c-192f-4cac-ac05-56f707463196	21	25565010	26688292	834	0.9128
4100914c-192f-4cac-ac05-56f707463196	21	26688704	26763965	78	1.305
4100914c-192f-4cac-ac05-56f707463196	21	26766649	27359138	542	0.9603
4100914c-192f-4cac-ac05-56f707463196	21	27359658	28054669	469	0.7972
4100914c-192f-4cac-ac05-56f707463196	21	28055779	28085833	33	1.14
4100914c-192f-4cac-ac05-56f707463196	21	28096016	28188489	79	1.5389
4100914c-192f-4cac-ac05-56f707463196	21	28189200	28205983	6	0.8153
4100914c-192f-4cac-ac05-56f707463196	21	28207549	28375803	122	1.5509
4100914c-192f-4cac-ac05-56f707463196	21	28376361	28550068	150	1.2544
4100914c-192f-4cac-ac05-56f707463196	21	28554425	29210706	484	0.988
4100914c-192f-4cac-ac05-56f707463196	21	29213186	29237253	24	1.4152
4100914c-192f-4cac-ac05-56f707463196	21	29241145	29459232	113	-0.0472
4100914c-192f-4cac-ac05-56f707463196	21	29460151	29468723	8	1.3319
4100914c-192f-4cac-ac05-56f707463196	21	29470753	29477295	12	0.0217
4100914c-192f-4cac-ac05-56f707463196	21	29477375	29653505	140	1.5329
4100914c-192f-4cac-ac05-56f707463196	21	29653876	30037472	301	1.7424
4100914c-192f-4cac-ac05-56f707463196	21	30039057	30248833	153	1.369
4100914c-192f-4cac-ac05-56f707463196	21	30249408	30519317	180	1.085
4100914c-192f-4cac-ac05-56f707463196	21	30522334	31054913	335	0.1215
4100914c-192f-4cac-ac05-56f707463196	21	31057340	31078427	23	0.7989
4100914c-192f-4cac-ac05-56f707463196	21	31089136	31095904	3	0.149
4100914c-192f-4cac-ac05-56f707463196	21	31096184	31663710	406	-0.0187
4100914c-192f-4cac-ac05-56f707463196	21	31673495	32158428	352	-0.2672
4100914c-192f-4cac-ac05-56f707463196	21	32160271	32890924	464	-0.0704
4100914c-192f-4cac-ac05-56f707463196	21	32891493	32892077	2	-2.4962
4100914c-192f-4cac-ac05-56f707463196	21	32894427	36153237	2317	-0.0454
4100914c-192f-4cac-ac05-56f707463196	21	36153531	36153629	2	-1.6778
4100914c-192f-4cac-ac05-56f707463196	21	36153647	39249643	2451	-0.0584
4100914c-192f-4cac-ac05-56f707463196	21	39251092	39419803	93	1.0532
4100914c-192f-4cac-ac05-56f707463196	21	39424533	39731459	239	0.6355
4100914c-192f-4cac-ac05-56f707463196	21	39732421	39791619	68	-0.0351
4100914c-192f-4cac-ac05-56f707463196	21	39791790	39817797	27	0.6144
4100914c-192f-4cac-ac05-56f707463196	21	39820276	41881672	1836	-0.0535
4100914c-192f-4cac-ac05-56f707463196	21	41883012	41890848	9	1.3662
4100914c-192f-4cac-ac05-56f707463196	21	41891334	42050887	130	1.6536
4100914c-192f-4cac-ac05-56f707463196	21	42051537	42694660	535	2.0205
4100914c-192f-4cac-ac05-56f707463196	21	42697315	42943126	155	1.7494
4100914c-192f-4cac-ac05-56f707463196	21	42948162	43309959	108	1.2813
4100914c-192f-4cac-ac05-56f707463196	21	43313191	43313400	3	-0.4282
4100914c-192f-4cac-ac05-56f707463196	21	43319168	43651015	83	1.411
4100914c-192f-4cac-ac05-56f707463196	21	43651860	43935611	159	1.1346
4100914c-192f-4cac-ac05-56f707463196	21	43936606	44026708	60	1.5941
4100914c-192f-4cac-ac05-56f707463196	21	44028257	44753476	306	0.8147
4100914c-192f-4cac-ac05-56f707463196	21	44755084	44761511	11	1.5192
4100914c-192f-4cac-ac05-56f707463196	21	44761764	44921282	89	0.8852
4100914c-192f-4cac-ac05-56f707463196	21	44921437	45136534	113	0.6844
4100914c-192f-4cac-ac05-56f707463196	21	45136889	46677045	894	0.0497
4100914c-192f-4cac-ac05-56f707463196	22	15294547	22242074	3342	-0.0844
4100914c-192f-4cac-ac05-56f707463196	22	22242719	22243567	3	-2.2447
4100914c-192f-4cac-ac05-56f707463196	22	22245125	23971577	1027	-0.0826
4100914c-192f-4cac-ac05-56f707463196	22	23971817	23990431	5	-2.0184
4100914c-192f-4cac-ac05-56f707463196	22	23990739	31519393	5436	-0.0571
4100914c-192f-4cac-ac05-56f707463196	22	31521862	33383196	1403	-0.1544
4100914c-192f-4cac-ac05-56f707463196	22	33390184	40397256	4667	-0.0645
4100914c-192f-4cac-ac05-56f707463196	22	40398586	40398816	2	-2.7626
4100914c-192f-4cac-ac05-56f707463196	22	40401668	50796027	7279	-0.076
4100914c-192f-4cac-ac05-56f707463196	X	251810	148856698	79647	0.0191
4100914c-192f-4cac-ac05-56f707463196	X	148858471	149071290	162	-0.2032
4100914c-192f-4cac-ac05-56f707463196	X	149071372	153031937	2433	0.0348
4100914c-192f-4cac-ac05-56f707463196	X	153033320	153033368	2	-3.5546
4100914c-192f-4cac-ac05-56f707463196	X	153033676	155952689	1135	0.0061
4100914c-192f-4cac-ac05-56f707463196	Y	2782397	6233384	784	-2.6413
4100914c-192f-4cac-ac05-56f707463196	Y	6249869	7759870	550	-3.1028
4100914c-192f-4cac-ac05-56f707463196	Y	7760443	9330531	893	-3.4993
4100914c-192f-4cac-ac05-56f707463196	Y	9332936	9554586	26	-4.9395
4100914c-192f-4cac-ac05-56f707463196	Y	9555122	25971733	4212	-3.1845
4100914c-192f-4cac-ac05-56f707463196	Y	26077669	56872112	171	-2.6693
