GDC_Aliquot	Chromosome	Start	End	Num_Probes	Segment_Mean
f7884b53-0968-485e-bd94-609b3702ac65	1	62920	1732392	223	-0.0028
f7884b53-0968-485e-bd94-609b3702ac65	1	1737662	1741164	3	-1.3938
f7884b53-0968-485e-bd94-609b3702ac65	1	1756148	7506641	3438	-0.0133
f7884b53-0968-485e-bd94-609b3702ac65	1	7506729	7511538	4	-1.7702
f7884b53-0968-485e-bd94-609b3702ac65	1	7511749	55257768	26852	-0.0081
f7884b53-0968-485e-bd94-609b3702ac65	1	55258350	55258626	6	-1.8012
f7884b53-0968-485e-bd94-609b3702ac65	1	55263695	64237641	6767	-0.022
f7884b53-0968-485e-bd94-609b3702ac65	1	64237743	64239245	3	-1.6279
f7884b53-0968-485e-bd94-609b3702ac65	1	64241560	64250357	14	-0.3381
f7884b53-0968-485e-bd94-609b3702ac65	1	64250367	72284670	5461	-0.0197
f7884b53-0968-485e-bd94-609b3702ac65	1	72290430	72297687	9	-0.6388
f7884b53-0968-485e-bd94-609b3702ac65	1	72302735	72345465	48	0.9994
f7884b53-0968-485e-bd94-609b3702ac65	1	72346221	109631153	23587	-0.0036
f7884b53-0968-485e-bd94-609b3702ac65	1	109631926	109697556	35	0.2436
f7884b53-0968-485e-bd94-609b3702ac65	1	109702376	119979137	7013	0.0263
f7884b53-0968-485e-bd94-609b3702ac65	1	119979978	143748012	222	0.1184
f7884b53-0968-485e-bd94-609b3702ac65	1	143748074	143760271	20	0.4462
f7884b53-0968-485e-bd94-609b3702ac65	1	143762042	152578988	2314	0.0371
f7884b53-0968-485e-bd94-609b3702ac65	1	152579167	152588065	17	-0.13
f7884b53-0968-485e-bd94-609b3702ac65	1	152588392	152588407	2	-2.6472
f7884b53-0968-485e-bd94-609b3702ac65	1	152598693	171462672	13035	0.0276
f7884b53-0968-485e-bd94-609b3702ac65	1	171462927	171465297	3	-1.4912
f7884b53-0968-485e-bd94-609b3702ac65	1	171465502	174828195	2003	0.0194
f7884b53-0968-485e-bd94-609b3702ac65	1	174828247	174832716	10	0.5873
f7884b53-0968-485e-bd94-609b3702ac65	1	174832734	189679027	9904	0.0219
f7884b53-0968-485e-bd94-609b3702ac65	1	189679353	189679397	2	-1.5832
f7884b53-0968-485e-bd94-609b3702ac65	1	189682917	196745692	4734	0.0263
f7884b53-0968-485e-bd94-609b3702ac65	1	196745743	196792690	41	0.4192
f7884b53-0968-485e-bd94-609b3702ac65	1	196798282	196829435	9	-0.0383
f7884b53-0968-485e-bd94-609b3702ac65	1	196829513	196932623	74	-0.8374
f7884b53-0968-485e-bd94-609b3702ac65	1	196936029	199138574	1313	0.0135
f7884b53-0968-485e-bd94-609b3702ac65	1	199142235	199145694	13	-0.706
f7884b53-0968-485e-bd94-609b3702ac65	1	199145844	208948509	6609	0.0246
f7884b53-0968-485e-bd94-609b3702ac65	1	208949329	208950951	11	-0.6143
f7884b53-0968-485e-bd94-609b3702ac65	1	208951058	209897717	777	0.0147
f7884b53-0968-485e-bd94-609b3702ac65	1	209908268	209913207	4	0.9744
f7884b53-0968-485e-bd94-609b3702ac65	1	209920149	210425493	345	0.0366
f7884b53-0968-485e-bd94-609b3702ac65	1	210431402	210439184	24	-0.8417
f7884b53-0968-485e-bd94-609b3702ac65	1	210441948	221572948	7744	0.0309
f7884b53-0968-485e-bd94-609b3702ac65	1	221574506	221580267	9	-0.9011
f7884b53-0968-485e-bd94-609b3702ac65	1	221583196	248930189	18907	0.0256
f7884b53-0968-485e-bd94-609b3702ac65	2	12784	34437911	24076	0.0008
f7884b53-0968-485e-bd94-609b3702ac65	2	34438291	34511990	55	-0.3512
f7884b53-0968-485e-bd94-609b3702ac65	2	34512096	35356085	538	0.0037
f7884b53-0968-485e-bd94-609b3702ac65	2	35356441	35390609	52	-0.7859
f7884b53-0968-485e-bd94-609b3702ac65	2	35396850	52531615	12424	-0.0033
f7884b53-0968-485e-bd94-609b3702ac65	2	52531630	52554137	23	0.6107
f7884b53-0968-485e-bd94-609b3702ac65	2	52554157	53616610	888	0.0096
f7884b53-0968-485e-bd94-609b3702ac65	2	53617917	53619410	4	-1.1538
f7884b53-0968-485e-bd94-609b3702ac65	2	53620145	55095759	1086	-0.0118
f7884b53-0968-485e-bd94-609b3702ac65	2	55097152	55103214	40	-0.7963
f7884b53-0968-485e-bd94-609b3702ac65	2	55113676	106263639	27414	-0.0026
f7884b53-0968-485e-bd94-609b3702ac65	2	106264257	106268901	11	-2.1571
f7884b53-0968-485e-bd94-609b3702ac65	2	106270799	113604438	3781	0.0061
f7884b53-0968-485e-bd94-609b3702ac65	2	113604837	113623244	3	-1.4101
f7884b53-0968-485e-bd94-609b3702ac65	2	113625975	184235808	43532	-0.0096
f7884b53-0968-485e-bd94-609b3702ac65	2	184239951	184272091	65	-0.7782
f7884b53-0968-485e-bd94-609b3702ac65	2	184272191	186554351	1255	-0.0055
f7884b53-0968-485e-bd94-609b3702ac65	2	186559790	202691803	9142	0.0335
f7884b53-0968-485e-bd94-609b3702ac65	2	202692025	241841244	24998	-0.0105
f7884b53-0968-485e-bd94-609b3702ac65	2	241973315	242001132	32	-0.9311
f7884b53-0968-485e-bd94-609b3702ac65	2	242011715	242147305	96	0.0641
f7884b53-0968-485e-bd94-609b3702ac65	3	20930	47437019	33495	0.01
f7884b53-0968-485e-bd94-609b3702ac65	3	47450332	47451230	2	-2.2061
f7884b53-0968-485e-bd94-609b3702ac65	3	47455724	68697013	14294	0.0106
f7884b53-0968-485e-bd94-609b3702ac65	3	68697108	68698262	14	-0.7519
f7884b53-0968-485e-bd94-609b3702ac65	3	68699607	89211124	12464	0.0077
f7884b53-0968-485e-bd94-609b3702ac65	3	89211176	89211843	4	-1.0448
f7884b53-0968-485e-bd94-609b3702ac65	3	89211911	90436812	592	0.005
f7884b53-0968-485e-bd94-609b3702ac65	3	90453712	91390926	2	-1.6069
f7884b53-0968-485e-bd94-609b3702ac65	3	91462299	162812527	41911	0.009
f7884b53-0968-485e-bd94-609b3702ac65	3	162813082	162822702	8	-1.2189
f7884b53-0968-485e-bd94-609b3702ac65	3	162827928	189642489	16717	0.0091
f7884b53-0968-485e-bd94-609b3702ac65	3	189642965	189654749	18	-0.579
f7884b53-0968-485e-bd94-609b3702ac65	3	189655037	192214746	1796	0.0075
f7884b53-0968-485e-bd94-609b3702ac65	3	192214793	192214889	2	-1.7554
f7884b53-0968-485e-bd94-609b3702ac65	3	192215217	193160804	691	-0.0085
f7884b53-0968-485e-bd94-609b3702ac65	3	193161032	193161217	2	1.3054
f7884b53-0968-485e-bd94-609b3702ac65	3	193162684	195559056	1496	0.0009
f7884b53-0968-485e-bd94-609b3702ac65	3	195656271	195728637	26	-0.9713
f7884b53-0968-485e-bd94-609b3702ac65	3	195728990	198169247	1183	-0.0025
f7884b53-0968-485e-bd94-609b3702ac65	4	68929	3876063	1567	-0.0025
f7884b53-0968-485e-bd94-609b3702ac65	4	3877891	3896017	3	-1.4267
f7884b53-0968-485e-bd94-609b3702ac65	4	3899125	18319134	10411	0.0071
f7884b53-0968-485e-bd94-609b3702ac65	4	18319259	18319515	3	-1.3313
f7884b53-0968-485e-bd94-609b3702ac65	4	18325331	42760100	15993	0.0065
f7884b53-0968-485e-bd94-609b3702ac65	4	42762932	42765846	2	-2.0734
f7884b53-0968-485e-bd94-609b3702ac65	4	42769229	49501149	3744	0.007
f7884b53-0968-485e-bd94-609b3702ac65	4	49501768	49582092	4	0.9571
f7884b53-0968-485e-bd94-609b3702ac65	4	49587131	54353118	1613	0.0064
f7884b53-0968-485e-bd94-609b3702ac65	4	54353318	54354188	9	-0.6558
f7884b53-0968-485e-bd94-609b3702ac65	4	54355243	62801002	5385	0.0112
f7884b53-0968-485e-bd94-609b3702ac65	4	62801051	62813912	15	-0.5336
f7884b53-0968-485e-bd94-609b3702ac65	4	62818784	68378716	3436	0.0096
f7884b53-0968-485e-bd94-609b3702ac65	4	68389352	68391041	2	2.4756
f7884b53-0968-485e-bd94-609b3702ac65	4	68394355	68429081	9	0.6318
f7884b53-0968-485e-bd94-609b3702ac65	4	68439221	69265191	395	0.0212
f7884b53-0968-485e-bd94-609b3702ac65	4	69265628	69366406	51	0.31
f7884b53-0968-485e-bd94-609b3702ac65	4	69370433	76244997	4153	0.0152
f7884b53-0968-485e-bd94-609b3702ac65	4	76252761	76257523	15	-0.8594
f7884b53-0968-485e-bd94-609b3702ac65	4	76261525	150955173	44776	0.007
f7884b53-0968-485e-bd94-609b3702ac65	4	150955199	150963154	24	-0.611
f7884b53-0968-485e-bd94-609b3702ac65	4	150963158	190106768	25521	-0.0031
f7884b53-0968-485e-bd94-609b3702ac65	5	15532	58025819	35754	0.0122
f7884b53-0968-485e-bd94-609b3702ac65	5	58030200	58037706	32	1.6818
f7884b53-0968-485e-bd94-609b3702ac65	5	58042530	58507732	353	0.0107
f7884b53-0968-485e-bd94-609b3702ac65	5	58511464	58526639	11	-0.5333
f7884b53-0968-485e-bd94-609b3702ac65	5	58526655	58658965	70	-0.0006
f7884b53-0968-485e-bd94-609b3702ac65	5	58659087	58663865	32	-0.7409
f7884b53-0968-485e-bd94-609b3702ac65	5	58663939	104515520	26370	0.0096
f7884b53-0968-485e-bd94-609b3702ac65	5	104524672	104524903	4	1.4183
f7884b53-0968-485e-bd94-609b3702ac65	5	104525348	116251149	7995	0.0135
f7884b53-0968-485e-bd94-609b3702ac65	5	116260580	116289531	43	-0.8721
f7884b53-0968-485e-bd94-609b3702ac65	5	116289560	177770954	40221	0.0164
f7884b53-0968-485e-bd94-609b3702ac65	5	177771448	177800550	2	-1.4823
f7884b53-0968-485e-bd94-609b3702ac65	5	177801578	181363319	1985	0.005
f7884b53-0968-485e-bd94-609b3702ac65	6	149661	4147948	3278	-0.0082
f7884b53-0968-485e-bd94-609b3702ac65	6	4148427	4148574	2	-1.5427
f7884b53-0968-485e-bd94-609b3702ac65	6	4153063	4467260	282	-0.0016
f7884b53-0968-485e-bd94-609b3702ac65	6	4467770	4470347	3	-1.2253
f7884b53-0968-485e-bd94-609b3702ac65	6	4471238	16087418	8995	-0.0058
f7884b53-0968-485e-bd94-609b3702ac65	6	16088037	16088500	4	-1.1149
f7884b53-0968-485e-bd94-609b3702ac65	6	16088820	17435895	990	-0.0075
f7884b53-0968-485e-bd94-609b3702ac65	6	17439987	17440150	3	-1.1627
f7884b53-0968-485e-bd94-609b3702ac65	6	17440228	29869295	8091	-0.0086
f7884b53-0968-485e-bd94-609b3702ac65	6	29869410	29906865	22	0.9567
f7884b53-0968-485e-bd94-609b3702ac65	6	29906932	31318528	658	-0.0274
f7884b53-0968-485e-bd94-609b3702ac65	6	31318754	31328674	9	0.9293
f7884b53-0968-485e-bd94-609b3702ac65	6	31342147	32463515	497	-0.0313
f7884b53-0968-485e-bd94-609b3702ac65	6	32463775	32606604	39	1.4837
f7884b53-0968-485e-bd94-609b3702ac65	6	32610305	32722250	71	0.2174
f7884b53-0968-485e-bd94-609b3702ac65	6	32723020	32723053	3	1.6908
f7884b53-0968-485e-bd94-609b3702ac65	6	32732907	32892975	122	-0.0257
f7884b53-0968-485e-bd94-609b3702ac65	6	32898021	32898220	3	-1.2328
f7884b53-0968-485e-bd94-609b3702ac65	6	32898318	33966898	620	-0.009
f7884b53-0968-485e-bd94-609b3702ac65	6	33969659	33970222	9	0.4558
f7884b53-0968-485e-bd94-609b3702ac65	6	33970966	33974928	7	-2.1034
f7884b53-0968-485e-bd94-609b3702ac65	6	33976809	64597834	17095	-0.0026
f7884b53-0968-485e-bd94-609b3702ac65	6	64599878	78253172	8968	-0.0311
f7884b53-0968-485e-bd94-609b3702ac65	6	78259348	78325468	113	-0.3985
f7884b53-0968-485e-bd94-609b3702ac65	6	78329517	103286954	15476	-0.0293
f7884b53-0968-485e-bd94-609b3702ac65	6	103290101	103314186	46	0.6978
f7884b53-0968-485e-bd94-609b3702ac65	6	103317795	153636235	32250	-0.0361
f7884b53-0968-485e-bd94-609b3702ac65	6	153639651	153640284	2	-2.92
f7884b53-0968-485e-bd94-609b3702ac65	6	153640764	157535098	2567	-0.036
f7884b53-0968-485e-bd94-609b3702ac65	6	157535247	157535476	4	-1.0834
f7884b53-0968-485e-bd94-609b3702ac65	6	157539671	160481758	2014	-0.0429
f7884b53-0968-485e-bd94-609b3702ac65	6	160482590	160486102	4	-1.6256
f7884b53-0968-485e-bd94-609b3702ac65	6	160487419	162075168	1257	-0.0347
f7884b53-0968-485e-bd94-609b3702ac65	6	162075259	162083373	29	-0.8907
f7884b53-0968-485e-bd94-609b3702ac65	6	162086658	170741917	6040	-0.0378
f7884b53-0968-485e-bd94-609b3702ac65	7	43355	11963143	7643	0.0004
f7884b53-0968-485e-bd94-609b3702ac65	7	11965346	11970376	6	-0.8752
f7884b53-0968-485e-bd94-609b3702ac65	7	11973353	13063277	813	-0.0013
f7884b53-0968-485e-bd94-609b3702ac65	7	13068443	13090444	23	-1.4886
f7884b53-0968-485e-bd94-609b3702ac65	7	13091032	53145660	29131	0.0053
f7884b53-0968-485e-bd94-609b3702ac65	7	53146318	53151219	11	-0.77
f7884b53-0968-485e-bd94-609b3702ac65	7	53154695	54305455	844	-0.0021
f7884b53-0968-485e-bd94-609b3702ac65	7	54318812	54318824	6	-1.8731
f7884b53-0968-485e-bd94-609b3702ac65	7	54325795	56999885	1617	0.0063
f7884b53-0968-485e-bd94-609b3702ac65	7	57001033	57086717	8	0.66
f7884b53-0968-485e-bd94-609b3702ac65	7	57088013	61091469	420	-0.0007
f7884b53-0968-485e-bd94-609b3702ac65	7	61093309	62332999	23	-0.3855
f7884b53-0968-485e-bd94-609b3702ac65	7	62526795	97985051	19884	0.0035
f7884b53-0968-485e-bd94-609b3702ac65	7	97986509	97986523	2	-2.0156
f7884b53-0968-485e-bd94-609b3702ac65	7	97991379	159324709	37370	0.0052
f7884b53-0968-485e-bd94-609b3702ac65	7	159324804	159334314	16	-0.7771
f7884b53-0968-485e-bd94-609b3702ac65	8	81254	1872579	1236	-0.017
f7884b53-0968-485e-bd94-609b3702ac65	8	1873326	1874273	3	-1.9413
f7884b53-0968-485e-bd94-609b3702ac65	8	1874734	2134242	250	-0.0248
f7884b53-0968-485e-bd94-609b3702ac65	8	2134500	2137191	4	-0.7393
f7884b53-0968-485e-bd94-609b3702ac65	8	2142105	2179870	67	-0.0136
f7884b53-0968-485e-bd94-609b3702ac65	8	2181344	2185178	7	-0.946
f7884b53-0968-485e-bd94-609b3702ac65	8	2193931	2846153	476	-0.0005
f7884b53-0968-485e-bd94-609b3702ac65	8	2846295	2846377	2	-2.2112
f7884b53-0968-485e-bd94-609b3702ac65	8	2849649	4140085	1646	0.015
f7884b53-0968-485e-bd94-609b3702ac65	8	4141366	4146490	27	-0.7963
f7884b53-0968-485e-bd94-609b3702ac65	8	4146769	4367371	516	0.0191
f7884b53-0968-485e-bd94-609b3702ac65	8	4369454	4369635	2	-2.6806
f7884b53-0968-485e-bd94-609b3702ac65	8	4370262	4382307	19	-0.054
f7884b53-0968-485e-bd94-609b3702ac65	8	4383403	4383532	3	-0.805
f7884b53-0968-485e-bd94-609b3702ac65	8	4383610	4436385	60	-0.0173
f7884b53-0968-485e-bd94-609b3702ac65	8	4438848	4438990	2	-2.2464
f7884b53-0968-485e-bd94-609b3702ac65	8	4440655	7312952	3406	-0.0082
f7884b53-0968-485e-bd94-609b3702ac65	8	7329110	7336299	3	1.323
f7884b53-0968-485e-bd94-609b3702ac65	8	7357089	7396819	20	-0.9633
f7884b53-0968-485e-bd94-609b3702ac65	8	7397588	8528287	334	-0.0158
f7884b53-0968-485e-bd94-609b3702ac65	8	8528640	8528932	4	-1.9827
f7884b53-0968-485e-bd94-609b3702ac65	8	8530797	35741739	20512	0.0107
f7884b53-0968-485e-bd94-609b3702ac65	8	35742190	36348741	295	0.1732
f7884b53-0968-485e-bd94-609b3702ac65	8	36351260	38828850	1367	0.3301
f7884b53-0968-485e-bd94-609b3702ac65	8	38830019	39373140	257	0.1347
f7884b53-0968-485e-bd94-609b3702ac65	8	39378084	39529446	59	0.7031
f7884b53-0968-485e-bd94-609b3702ac65	8	39530780	40066499	355	0.158
f7884b53-0968-485e-bd94-609b3702ac65	8	40066577	43306789	2083	0.0929
f7884b53-0968-485e-bd94-609b3702ac65	8	43313864	54374416	4886	0.0301
f7884b53-0968-485e-bd94-609b3702ac65	8	54377027	54379276	5	-0.9736
f7884b53-0968-485e-bd94-609b3702ac65	8	54379979	74396083	12763	0.0234
f7884b53-0968-485e-bd94-609b3702ac65	8	74406948	74416300	6	-1.1001
f7884b53-0968-485e-bd94-609b3702ac65	8	74419850	94545887	11652	0.027
f7884b53-0968-485e-bd94-609b3702ac65	8	94546864	94547604	4	-1.1304
f7884b53-0968-485e-bd94-609b3702ac65	8	94547824	106840278	7606	0.035
f7884b53-0968-485e-bd94-609b3702ac65	8	106846291	106850129	16	-0.5801
f7884b53-0968-485e-bd94-609b3702ac65	8	106850233	110547732	2241	0.0292
f7884b53-0968-485e-bd94-609b3702ac65	8	110548039	110558223	5	-0.9285
f7884b53-0968-485e-bd94-609b3702ac65	8	110561416	114622325	2221	0.021
f7884b53-0968-485e-bd94-609b3702ac65	8	114622424	114626166	13	-0.7263
f7884b53-0968-485e-bd94-609b3702ac65	8	114626238	114628588	7	0.0802
f7884b53-0968-485e-bd94-609b3702ac65	8	114628679	114629460	12	-0.4615
f7884b53-0968-485e-bd94-609b3702ac65	8	114629502	132163899	12209	0.0307
f7884b53-0968-485e-bd94-609b3702ac65	8	132164258	132164291	2	-1.305
f7884b53-0968-485e-bd94-609b3702ac65	8	132169683	145072769	8847	0.0239
f7884b53-0968-485e-bd94-609b3702ac65	9	46587	19074822	17286	-0.0161
f7884b53-0968-485e-bd94-609b3702ac65	9	19076896	19080331	2	-1.6784
f7884b53-0968-485e-bd94-609b3702ac65	9	19080354	39464757	13883	-0.0151
f7884b53-0968-485e-bd94-609b3702ac65	9	39481818	39484077	7	1.201
f7884b53-0968-485e-bd94-609b3702ac65	9	39484262	42014203	115	0.0111
f7884b53-0968-485e-bd94-609b3702ac65	9	42037471	42179276	20	-1.4315
f7884b53-0968-485e-bd94-609b3702ac65	9	42202227	42211663	2	-0.5651
f7884b53-0968-485e-bd94-609b3702ac65	9	42230926	42729302	30	0.496
f7884b53-0968-485e-bd94-609b3702ac65	9	42736668	61405110	40	-0.0545
f7884b53-0968-485e-bd94-609b3702ac65	9	61520021	61668104	32	0.6517
f7884b53-0968-485e-bd94-609b3702ac65	9	61680289	63580418	36	-0.0413
f7884b53-0968-485e-bd94-609b3702ac65	9	63590317	63592813	7	1.7165
f7884b53-0968-485e-bd94-609b3702ac65	9	63614182	137358495	47647	-0.0203
f7884b53-0968-485e-bd94-609b3702ac65	9	137361190	137361266	2	-1.8869
f7884b53-0968-485e-bd94-609b3702ac65	9	137361381	138200944	408	-0.0031
f7884b53-0968-485e-bd94-609b3702ac65	10	45792	2453308	1856	-0.0294
f7884b53-0968-485e-bd94-609b3702ac65	10	2455443	2456151	3	-1.0558
f7884b53-0968-485e-bd94-609b3702ac65	10	2456944	2645902	171	-0.0641
f7884b53-0968-485e-bd94-609b3702ac65	10	2646907	3091891	490	0.5124
f7884b53-0968-485e-bd94-609b3702ac65	10	3092331	50070600	30890	-0.0058
f7884b53-0968-485e-bd94-609b3702ac65	10	50081224	50107474	3	-1.884
f7884b53-0968-485e-bd94-609b3702ac65	10	50132160	53167767	2324	0.0155
f7884b53-0968-485e-bd94-609b3702ac65	10	53170094	53179393	10	-1.1009
f7884b53-0968-485e-bd94-609b3702ac65	10	53181641	53316941	81	0.0259
f7884b53-0968-485e-bd94-609b3702ac65	10	53317022	53329069	5	-1.2995
f7884b53-0968-485e-bd94-609b3702ac65	10	53333771	65540316	8583	0.0087
f7884b53-0968-485e-bd94-609b3702ac65	10	65545311	65554688	34	0.3402
f7884b53-0968-485e-bd94-609b3702ac65	10	65563037	65581795	19	0.0107
f7884b53-0968-485e-bd94-609b3702ac65	10	65583696	65584197	8	-0.5916
f7884b53-0968-485e-bd94-609b3702ac65	10	65585009	79625693	9206	0.0079
f7884b53-0968-485e-bd94-609b3702ac65	10	79649470	79684125	4	-1.0863
f7884b53-0968-485e-bd94-609b3702ac65	10	79689251	82362026	1802	0.0057
f7884b53-0968-485e-bd94-609b3702ac65	10	82363137	82364569	2	-2.0479
f7884b53-0968-485e-bd94-609b3702ac65	10	82369899	87269486	3400	0.0108
f7884b53-0968-485e-bd94-609b3702ac65	10	87278584	87310039	3	2.4172
f7884b53-0968-485e-bd94-609b3702ac65	10	87310988	90700170	2478	0.0076
f7884b53-0968-485e-bd94-609b3702ac65	10	90702958	90703388	3	-1.2367
f7884b53-0968-485e-bd94-609b3702ac65	10	90703534	133654968	29300	0.0073
f7884b53-0968-485e-bd94-609b3702ac65	11	198510	4940599	2396	-0.0203
f7884b53-0968-485e-bd94-609b3702ac65	11	4940679	4949013	23	-0.219
f7884b53-0968-485e-bd94-609b3702ac65	11	4949047	4955042	28	0.8169
f7884b53-0968-485e-bd94-609b3702ac65	11	4955781	5762693	783	-0.0132
f7884b53-0968-485e-bd94-609b3702ac65	11	5766175	5788231	35	0.465
f7884b53-0968-485e-bd94-609b3702ac65	11	5791130	5832413	41	-0.0156
f7884b53-0968-485e-bd94-609b3702ac65	11	5836002	5836004	3	-0.5199
f7884b53-0968-485e-bd94-609b3702ac65	11	5836272	5847746	22	-0.0466
f7884b53-0968-485e-bd94-609b3702ac65	11	5850293	5862087	8	-0.72
f7884b53-0968-485e-bd94-609b3702ac65	11	5864481	18919323	9335	0.0053
f7884b53-0968-485e-bd94-609b3702ac65	11	18927525	18949158	48	0.2657
f7884b53-0968-485e-bd94-609b3702ac65	11	18949201	21692916	2491	0.0067
f7884b53-0968-485e-bd94-609b3702ac65	11	21693006	21701937	5	-0.9507
f7884b53-0968-485e-bd94-609b3702ac65	11	21712549	35209596	9379	0.0118
f7884b53-0968-485e-bd94-609b3702ac65	11	35212068	35212524	3	-1.1849
f7884b53-0968-485e-bd94-609b3702ac65	11	35214608	49055048	8862	0.0088
f7884b53-0968-485e-bd94-609b3702ac65	11	49057319	49082138	11	-0.7261
f7884b53-0968-485e-bd94-609b3702ac65	11	49088013	55654863	1049	0.0164
f7884b53-0968-485e-bd94-609b3702ac65	11	55661931	55836092	130	-0.8429
f7884b53-0968-485e-bd94-609b3702ac65	11	55836215	64897000	5031	0.0046
f7884b53-0968-485e-bd94-609b3702ac65	11	64898471	64898476	2	-2.0735
f7884b53-0968-485e-bd94-609b3702ac65	11	64901633	66299193	575	-0.0492
f7884b53-0968-485e-bd94-609b3702ac65	11	66299506	66299522	2	-1.6264
f7884b53-0968-485e-bd94-609b3702ac65	11	66300832	67626393	461	-0.0319
f7884b53-0968-485e-bd94-609b3702ac65	11	67627184	71649248	2129	0.069
f7884b53-0968-485e-bd94-609b3702ac65	11	71649989	109628875	25419	-0.0175
f7884b53-0968-485e-bd94-609b3702ac65	11	109634194	109635040	3	-1.8715
f7884b53-0968-485e-bd94-609b3702ac65	11	109636624	129016170	14048	-0.0113
f7884b53-0968-485e-bd94-609b3702ac65	11	129019160	130921347	1191	0.0762
f7884b53-0968-485e-bd94-609b3702ac65	11	130922051	135074876	3319	-0.0144
f7884b53-0968-485e-bd94-609b3702ac65	12	51460	8404097	5598	0.0084
f7884b53-0968-485e-bd94-609b3702ac65	12	8405892	8406040	2	2.7925
f7884b53-0968-485e-bd94-609b3702ac65	12	8406196	8409838	7	0.2044
f7884b53-0968-485e-bd94-609b3702ac65	12	8410039	8423870	6	1.2271
f7884b53-0968-485e-bd94-609b3702ac65	12	8428232	9477960	562	-0.0002
f7884b53-0968-485e-bd94-609b3702ac65	12	9481274	9575696	24	-1.4972
f7884b53-0968-485e-bd94-609b3702ac65	12	9582373	11061546	1034	-0.01
f7884b53-0968-485e-bd94-609b3702ac65	12	11062773	11123437	24	0.4469
f7884b53-0968-485e-bd94-609b3702ac65	12	11126968	91327341	49200	0.0098
f7884b53-0968-485e-bd94-609b3702ac65	12	91328156	91328612	2	-1.7345
f7884b53-0968-485e-bd94-609b3702ac65	12	91328972	106972914	10773	0.0137
f7884b53-0968-485e-bd94-609b3702ac65	12	106978657	106979229	3	-1.6341
f7884b53-0968-485e-bd94-609b3702ac65	12	106985067	126640834	12663	0.012
f7884b53-0968-485e-bd94-609b3702ac65	12	126641198	126645946	2	1.5781
f7884b53-0968-485e-bd94-609b3702ac65	12	126646494	133201603	4944	0.0122
f7884b53-0968-485e-bd94-609b3702ac65	13	18452809	57176962	26025	-0.016
f7884b53-0968-485e-bd94-609b3702ac65	13	57184136	57222496	40	-0.4698
f7884b53-0968-485e-bd94-609b3702ac65	13	57227067	114342922	38075	-0.0246
f7884b53-0968-485e-bd94-609b3702ac65	14	18239283	18693043	25	0.2873
f7884b53-0968-485e-bd94-609b3702ac65	14	18950560	19952080	138	-0.3359
f7884b53-0968-485e-bd94-609b3702ac65	14	19954424	21913250	1327	-0.0152
f7884b53-0968-485e-bd94-609b3702ac65	14	21913580	21924790	20	-0.4678
f7884b53-0968-485e-bd94-609b3702ac65	14	21924807	22118651	165	-0.0016
f7884b53-0968-485e-bd94-609b3702ac65	14	22122919	22526849	365	0.0719
f7884b53-0968-485e-bd94-609b3702ac65	14	22528875	28195832	3561	-0.0224
f7884b53-0968-485e-bd94-609b3702ac65	14	28199167	28201532	5	-1.0536
f7884b53-0968-485e-bd94-609b3702ac65	14	28205420	47151481	11649	-0.0192
f7884b53-0968-485e-bd94-609b3702ac65	14	47152744	47156355	4	-1.7137
f7884b53-0968-485e-bd94-609b3702ac65	14	47156975	73526068	16972	-0.0198
f7884b53-0968-485e-bd94-609b3702ac65	14	73529070	73554275	10	0.7776
f7884b53-0968-485e-bd94-609b3702ac65	14	73563196	106294689	20860	-0.0202
f7884b53-0968-485e-bd94-609b3702ac65	14	106297265	106297273	3	1.4964
f7884b53-0968-485e-bd94-609b3702ac65	14	106297409	106340102	15	-0.1317
f7884b53-0968-485e-bd94-609b3702ac65	14	106340305	106346129	6	-1.2733
f7884b53-0968-485e-bd94-609b3702ac65	14	106360014	106877229	274	0.0143
f7884b53-0968-485e-bd94-609b3702ac65	15	19811075	20986997	155	-0.0802
f7884b53-0968-485e-bd94-609b3702ac65	15	20988347	22003073	24	-0.7641
f7884b53-0968-485e-bd94-609b3702ac65	15	22005276	22576496	34	-0.1269
f7884b53-0968-485e-bd94-609b3702ac65	15	22582296	22584747	2	-1.6886
f7884b53-0968-485e-bd94-609b3702ac65	15	22590285	23809640	602	-0.0174
f7884b53-0968-485e-bd94-609b3702ac65	15	23810290	23814160	20	-0.8234
f7884b53-0968-485e-bd94-609b3702ac65	15	23820546	30442554	4019	-0.0011
f7884b53-0968-485e-bd94-609b3702ac65	15	30483791	30487788	3	-1.1582
f7884b53-0968-485e-bd94-609b3702ac65	15	30488460	34421922	2570	0.0132
f7884b53-0968-485e-bd94-609b3702ac65	15	34430601	34526116	65	-0.7596
f7884b53-0968-485e-bd94-609b3702ac65	15	34570058	41205332	4510	0.0143
f7884b53-0968-485e-bd94-609b3702ac65	15	41207737	41210002	3	-1.1181
f7884b53-0968-485e-bd94-609b3702ac65	15	41213499	44931456	1709	0.0048
f7884b53-0968-485e-bd94-609b3702ac65	15	44933059	44942884	7	-0.9793
f7884b53-0968-485e-bd94-609b3702ac65	15	44946546	76577588	20197	0.0094
f7884b53-0968-485e-bd94-609b3702ac65	15	76586021	76602857	15	0.5496
f7884b53-0968-485e-bd94-609b3702ac65	15	76603003	101928837	17621	0.0103
f7884b53-0968-485e-bd94-609b3702ac65	16	10777	2810527	950	-0.0461
f7884b53-0968-485e-bd94-609b3702ac65	16	2818782	11415574	7656	0.0075
f7884b53-0968-485e-bd94-609b3702ac65	16	11417869	11420210	3	-1.4769
f7884b53-0968-485e-bd94-609b3702ac65	16	11421365	22576729	6168	0.0076
f7884b53-0968-485e-bd94-609b3702ac65	16	22579557	22699421	64	0.4051
f7884b53-0968-485e-bd94-609b3702ac65	16	22701658	29114764	4141	0.0008
f7884b53-0968-485e-bd94-609b3702ac65	16	29121560	29122575	10	-0.6618
f7884b53-0968-485e-bd94-609b3702ac65	16	29122679	31287618	654	0.0063
f7884b53-0968-485e-bd94-609b3702ac65	16	31288093	32169655	320	-0.0212
f7884b53-0968-485e-bd94-609b3702ac65	16	32197425	33640096	42	-0.4499
f7884b53-0968-485e-bd94-609b3702ac65	16	33682107	55762682	6925	-0.0148
f7884b53-0968-485e-bd94-609b3702ac65	16	55764310	55764867	3	1.9201
f7884b53-0968-485e-bd94-609b3702ac65	16	55770436	87291132	23645	-0.0256
f7884b53-0968-485e-bd94-609b3702ac65	16	87292123	87292507	2	-2.2381
f7884b53-0968-485e-bd94-609b3702ac65	16	87295937	90096867	1286	-0.0488
f7884b53-0968-485e-bd94-609b3702ac65	17	150733	8339592	4538	-0.0019
f7884b53-0968-485e-bd94-609b3702ac65	17	8344229	8344415	2	-2.2422
f7884b53-0968-485e-bd94-609b3702ac65	17	8346140	16819487	5946	-0.0033
f7884b53-0968-485e-bd94-609b3702ac65	17	16834846	16838214	3	1.363
f7884b53-0968-485e-bd94-609b3702ac65	17	16838470	18452078	907	-0.0049
f7884b53-0968-485e-bd94-609b3702ac65	17	18455632	18561272	25	0.5257
f7884b53-0968-485e-bd94-609b3702ac65	17	18561907	19594577	361	-0.0014
f7884b53-0968-485e-bd94-609b3702ac65	17	19596423	19635134	30	-0.6929
f7884b53-0968-485e-bd94-609b3702ac65	17	19635445	27410913	1319	-0.0102
f7884b53-0968-485e-bd94-609b3702ac65	17	27417133	27430849	9	-0.7661
f7884b53-0968-485e-bd94-609b3702ac65	17	27430853	36113405	5121	-0.0037
f7884b53-0968-485e-bd94-609b3702ac65	17	36113461	36465216	37	-0.2806
f7884b53-0968-485e-bd94-609b3702ac65	17	36466570	41231308	2504	0.0028
f7884b53-0968-485e-bd94-609b3702ac65	17	41233059	41237517	4	-1.1763
f7884b53-0968-485e-bd94-609b3702ac65	17	41239604	41265456	12	0.1377
f7884b53-0968-485e-bd94-609b3702ac65	17	41266762	41274279	24	1.0853
f7884b53-0968-485e-bd94-609b3702ac65	17	41276472	46446360	2627	-0.0011
f7884b53-0968-485e-bd94-609b3702ac65	17	46569894	46571001	2	1.6953
f7884b53-0968-485e-bd94-609b3702ac65	17	46664059	73747641	16743	-0.0013
f7884b53-0968-485e-bd94-609b3702ac65	17	73749837	73751886	17	-0.8933
f7884b53-0968-485e-bd94-609b3702ac65	17	73755406	83091923	4807	-0.0068
f7884b53-0968-485e-bd94-609b3702ac65	18	48133	67286034	41131	0.0017
f7884b53-0968-485e-bd94-609b3702ac65	18	67286412	67300028	22	-0.4841
f7884b53-0968-485e-bd94-609b3702ac65	18	67300481	68846995	1206	0.0094
f7884b53-0968-485e-bd94-609b3702ac65	18	68848636	68939976	60	0.5264
f7884b53-0968-485e-bd94-609b3702ac65	18	68940341	80257174	8323	0.0028
f7884b53-0968-485e-bd94-609b3702ac65	19	90910	5506648	1591	-0.0182
f7884b53-0968-485e-bd94-609b3702ac65	19	5510228	5510642	3	-2.1037
f7884b53-0968-485e-bd94-609b3702ac65	19	5510689	44401739	19767	-0.007
f7884b53-0968-485e-bd94-609b3702ac65	19	44402359	44402382	2	-1.5995
f7884b53-0968-485e-bd94-609b3702ac65	19	44402845	51639099	3399	0.002
f7884b53-0968-485e-bd94-609b3702ac65	19	51639362	51644944	10	1.0419
f7884b53-0968-485e-bd94-609b3702ac65	19	51651652	58586487	4336	0.0067
f7884b53-0968-485e-bd94-609b3702ac65	20	80664	23184378	18033	0.0374
f7884b53-0968-485e-bd94-609b3702ac65	20	23190094	23193757	7	-0.8206
f7884b53-0968-485e-bd94-609b3702ac65	20	23195875	30208745	1978	0.0439
f7884b53-0968-485e-bd94-609b3702ac65	20	30214279	30271154	12	-1.6128
f7884b53-0968-485e-bd94-609b3702ac65	20	30293217	64324800	22343	0.0367
f7884b53-0968-485e-bd94-609b3702ac65	21	10354168	10388383	5	-0.6331
f7884b53-0968-485e-bd94-609b3702ac65	21	10388521	10579237	53	0.0034
f7884b53-0968-485e-bd94-609b3702ac65	21	10582026	10682775	26	0.2879
f7884b53-0968-485e-bd94-609b3702ac65	21	10753316	13101978	21	-0.0194
f7884b53-0968-485e-bd94-609b3702ac65	21	13111368	13227761	16	-0.4469
f7884b53-0968-485e-bd94-609b3702ac65	21	13231256	33453011	14421	-0.0119
f7884b53-0968-485e-bd94-609b3702ac65	21	33453484	33463622	2	-1.5569
f7884b53-0968-485e-bd94-609b3702ac65	21	33464158	46677045	9313	-0.0098
f7884b53-0968-485e-bd94-609b3702ac65	22	15294547	23929558	4381	-0.0126
f7884b53-0968-485e-bd94-609b3702ac65	22	23940911	23990739	18	-0.722
f7884b53-0968-485e-bd94-609b3702ac65	22	23995113	25430519	972	0.0041
f7884b53-0968-485e-bd94-609b3702ac65	22	25439231	25439490	2	-1.3429
f7884b53-0968-485e-bd94-609b3702ac65	22	25440170	44881540	13546	0.011
f7884b53-0968-485e-bd94-609b3702ac65	22	44883440	44886207	2	-1.3957
f7884b53-0968-485e-bd94-609b3702ac65	22	44888716	50796027	4355	-0.0038
f7884b53-0968-485e-bd94-609b3702ac65	X	251810	136621991	71842	0.0027
f7884b53-0968-485e-bd94-609b3702ac65	X	136622340	136626354	4	-1.1495
f7884b53-0968-485e-bd94-609b3702ac65	X	136627710	152093671	10124	0.0016
f7884b53-0968-485e-bd94-609b3702ac65	X	152097148	152104792	4	-1.4055
f7884b53-0968-485e-bd94-609b3702ac65	X	152104859	155952689	1670	-0.0022
f7884b53-0968-485e-bd94-609b3702ac65	Y	2782397	6249869	783	-2.5413
f7884b53-0968-485e-bd94-609b3702ac65	Y	6252391	25692987	5681	-2.9286
f7884b53-0968-485e-bd94-609b3702ac65	Y	25968161	56872112	173	-2.5206
