GDC_Aliquot	Chromosome	Start	End	Num_Probes	Segment_Mean
c338d9aa-93a4-48d4-9774-e9c5b1a5b589	1	62920	810533	29	0.1454
c338d9aa-93a4-48d4-9774-e9c5b1a5b589	1	812759	25256850	13938	-0.4047
c338d9aa-93a4-48d4-9774-e9c5b1a5b589	1	25266637	25319167	20	-1.3273
c338d9aa-93a4-48d4-9774-e9c5b1a5b589	1	25319693	31332235	3082	-0.4037
c338d9aa-93a4-48d4-9774-e9c5b1a5b589	1	31340178	31812039	255	0.2734
c338d9aa-93a4-48d4-9774-e9c5b1a5b589	1	31812873	32961069	444	0.2119
c338d9aa-93a4-48d4-9774-e9c5b1a5b589	1	32961719	34626073	1156	0.3017
c338d9aa-93a4-48d4-9774-e9c5b1a5b589	1	34637053	34637435	6	-0.5834
c338d9aa-93a4-48d4-9774-e9c5b1a5b589	1	34637541	34638226	5	0.2016
c338d9aa-93a4-48d4-9774-e9c5b1a5b589	1	34638263	34638890	9	-0.6421
c338d9aa-93a4-48d4-9774-e9c5b1a5b589	1	34648667	47104132	6823	0.2607
c338d9aa-93a4-48d4-9774-e9c5b1a5b589	1	47106830	50644281	2084	0.3123
c338d9aa-93a4-48d4-9774-e9c5b1a5b589	1	50644702	72297687	14730	0.2731
c338d9aa-93a4-48d4-9774-e9c5b1a5b589	1	72302735	72345450	47	-0.7408
c338d9aa-93a4-48d4-9774-e9c5b1a5b589	1	72345465	103616725	19900	0.2603
c338d9aa-93a4-48d4-9774-e9c5b1a5b589	1	103616762	103717410	6	-1.0852
c338d9aa-93a4-48d4-9774-e9c5b1a5b589	1	103717617	105476583	911	0.2526
c338d9aa-93a4-48d4-9774-e9c5b1a5b589	1	105476614	105479753	16	0.8222
c338d9aa-93a4-48d4-9774-e9c5b1a5b589	1	105481433	109679105	2617	0.2551
c338d9aa-93a4-48d4-9774-e9c5b1a5b589	1	109684695	109692006	12	-0.3114
c338d9aa-93a4-48d4-9774-e9c5b1a5b589	1	109696900	111385772	1316	0.2456
c338d9aa-93a4-48d4-9774-e9c5b1a5b589	1	111386515	111390609	5	-0.8814
c338d9aa-93a4-48d4-9774-e9c5b1a5b589	1	111393046	112147626	617	0.2692
c338d9aa-93a4-48d4-9774-e9c5b1a5b589	1	112147704	112163572	35	-0.0908
c338d9aa-93a4-48d4-9774-e9c5b1a5b589	1	112163576	120414592	5031	0.269
c338d9aa-93a4-48d4-9774-e9c5b1a5b589	1	120885464	120954128	3	1.3451
c338d9aa-93a4-48d4-9774-e9c5b1a5b589	1	120954165	143459641	96	0.3115
c338d9aa-93a4-48d4-9774-e9c5b1a5b589	1	143494500	152583051	2425	0.6816
c338d9aa-93a4-48d4-9774-e9c5b1a5b589	1	152583230	152614100	34	0.2713
c338d9aa-93a4-48d4-9774-e9c5b1a5b589	1	152614118	153947928	922	0.7179
c338d9aa-93a4-48d4-9774-e9c5b1a5b589	1	153948693	155923806	929	0.8385
c338d9aa-93a4-48d4-9774-e9c5b1a5b589	1	155926088	158544724	1615	0.6952
c338d9aa-93a4-48d4-9774-e9c5b1a5b589	1	158544739	158545154	6	-0.0948
c338d9aa-93a4-48d4-9774-e9c5b1a5b589	1	158545168	158911534	333	0.7212
c338d9aa-93a4-48d4-9774-e9c5b1a5b589	1	158914729	158916988	3	-0.4432
c338d9aa-93a4-48d4-9774-e9c5b1a5b589	1	158917418	169264736	7586	0.7086
c338d9aa-93a4-48d4-9774-e9c5b1a5b589	1	169265291	169273163	7	-0.2612
c338d9aa-93a4-48d4-9774-e9c5b1a5b589	1	169285639	194479104	16608	0.7023
c338d9aa-93a4-48d4-9774-e9c5b1a5b589	1	194482281	194485888	2	-2.0611
c338d9aa-93a4-48d4-9774-e9c5b1a5b589	1	194487886	196745743	1444	0.7118
c338d9aa-93a4-48d4-9774-e9c5b1a5b589	1	196758720	196762956	4	1.6733
c338d9aa-93a4-48d4-9774-e9c5b1a5b589	1	196769493	209897717	8798	0.6982
c338d9aa-93a4-48d4-9774-e9c5b1a5b589	1	209908268	209910639	3	1.9527
c338d9aa-93a4-48d4-9774-e9c5b1a5b589	1	209913207	229675422	12971	0.7075
c338d9aa-93a4-48d4-9774-e9c5b1a5b589	1	229681109	229685464	9	-0.1522
c338d9aa-93a4-48d4-9774-e9c5b1a5b589	1	229686006	248930189	13882	0.709
c338d9aa-93a4-48d4-9774-e9c5b1a5b589	2	12784	4158097	2979	-0.382
c338d9aa-93a4-48d4-9774-e9c5b1a5b589	2	4166274	4176429	42	-0.9262
c338d9aa-93a4-48d4-9774-e9c5b1a5b589	2	4182472	30210703	18145	-0.3792
c338d9aa-93a4-48d4-9774-e9c5b1a5b589	2	30214911	30214920	2	-2.1488
c338d9aa-93a4-48d4-9774-e9c5b1a5b589	2	30216908	34485661	2796	-0.3912
c338d9aa-93a4-48d4-9774-e9c5b1a5b589	2	34485743	34515690	40	0.0129
c338d9aa-93a4-48d4-9774-e9c5b1a5b589	2	34515732	35750907	859	-0.402
c338d9aa-93a4-48d4-9774-e9c5b1a5b589	2	35752724	35776131	12	-1.0728
c338d9aa-93a4-48d4-9774-e9c5b1a5b589	2	35777082	106265177	41355	-0.3877
c338d9aa-93a4-48d4-9774-e9c5b1a5b589	2	106266773	106268378	5	-2.1834
c338d9aa-93a4-48d4-9774-e9c5b1a5b589	2	106268523	156366986	29877	-0.3869
c338d9aa-93a4-48d4-9774-e9c5b1a5b589	2	156370208	159960732	2156	-0.0093
c338d9aa-93a4-48d4-9774-e9c5b1a5b589	2	159963293	232377024	44209	-0.394
c338d9aa-93a4-48d4-9774-e9c5b1a5b589	2	232377193	232377633	5	0.9598
c338d9aa-93a4-48d4-9774-e9c5b1a5b589	2	232377647	242147305	6175	-0.379
c338d9aa-93a4-48d4-9774-e9c5b1a5b589	3	20930	33196501	24405	-0.3864
c338d9aa-93a4-48d4-9774-e9c5b1a5b589	3	33196534	33203032	4	-2.0109
c338d9aa-93a4-48d4-9774-e9c5b1a5b589	3	33203542	36242239	1889	-0.3932
c338d9aa-93a4-48d4-9774-e9c5b1a5b589	3	36242465	36243538	3	-1.7822
c338d9aa-93a4-48d4-9774-e9c5b1a5b589	3	36243787	78538098	27769	-0.3831
c338d9aa-93a4-48d4-9774-e9c5b1a5b589	3	78539245	78541038	2	-2.498
c338d9aa-93a4-48d4-9774-e9c5b1a5b589	3	78545561	81601625	1712	-0.3985
c338d9aa-93a4-48d4-9774-e9c5b1a5b589	3	81601629	84650533	1542	-0.0271
c338d9aa-93a4-48d4-9774-e9c5b1a5b589	3	84650607	84652985	13	-0.6612
c338d9aa-93a4-48d4-9774-e9c5b1a5b589	3	84653010	130044016	24578	-0.01
c338d9aa-93a4-48d4-9774-e9c5b1a5b589	3	130044855	130087209	37	0.5622
c338d9aa-93a4-48d4-9774-e9c5b1a5b589	3	130087393	142127992	7414	0.0098
c338d9aa-93a4-48d4-9774-e9c5b1a5b589	3	142131697	142132171	2	-1.3029
c338d9aa-93a4-48d4-9774-e9c5b1a5b589	3	142134891	143380948	770	0.0047
c338d9aa-93a4-48d4-9774-e9c5b1a5b589	3	143381574	148601446	3214	-0.0323
c338d9aa-93a4-48d4-9774-e9c5b1a5b589	3	148604266	149519280	655	0.0065
c338d9aa-93a4-48d4-9774-e9c5b1a5b589	3	149521664	149595596	52	0.2968
c338d9aa-93a4-48d4-9774-e9c5b1a5b589	3	149597816	162795304	8037	-0.013
c338d9aa-93a4-48d4-9774-e9c5b1a5b589	3	162795361	162807070	9	-2.2812
c338d9aa-93a4-48d4-9774-e9c5b1a5b589	3	162810842	162897779	50	-0.9704
c338d9aa-93a4-48d4-9774-e9c5b1a5b589	3	162897919	162898127	2	-2.7615
c338d9aa-93a4-48d4-9774-e9c5b1a5b589	3	162906054	163994736	640	-0.0263
c338d9aa-93a4-48d4-9774-e9c5b1a5b589	3	163996798	164015664	17	-0.8394
c338d9aa-93a4-48d4-9774-e9c5b1a5b589	3	164019966	193160113	18389	-0.0165
c338d9aa-93a4-48d4-9774-e9c5b1a5b589	3	193160173	193165114	19	1.1552
c338d9aa-93a4-48d4-9774-e9c5b1a5b589	3	193168646	195558822	1479	-0.0067
c338d9aa-93a4-48d4-9774-e9c5b1a5b589	3	195559056	195691392	7	-1.1082
c338d9aa-93a4-48d4-9774-e9c5b1a5b589	3	195695418	198169247	1201	-0.0321
c338d9aa-93a4-48d4-9774-e9c5b1a5b589	4	68929	4091837	1612	-0.0506
c338d9aa-93a4-48d4-9774-e9c5b1a5b589	4	4093722	9455251	3517	0.0079
c338d9aa-93a4-48d4-9774-e9c5b1a5b589	4	9459504	9477699	6	-0.8274
c338d9aa-93a4-48d4-9774-e9c5b1a5b589	4	9484440	11773430	1968	0.0065
c338d9aa-93a4-48d4-9774-e9c5b1a5b589	4	11776900	21370380	6761	-0.0367
c338d9aa-93a4-48d4-9774-e9c5b1a5b589	4	21370416	21382117	15	-0.7299
c338d9aa-93a4-48d4-9774-e9c5b1a5b589	4	21383586	34777353	8708	-0.0424
c338d9aa-93a4-48d4-9774-e9c5b1a5b589	4	34777382	34823103	42	0.3004
c338d9aa-93a4-48d4-9774-e9c5b1a5b589	4	34828250	44318616	6158	-0.0446
c338d9aa-93a4-48d4-9774-e9c5b1a5b589	4	44321815	44788551	284	-0.466
c338d9aa-93a4-48d4-9774-e9c5b1a5b589	4	44789203	44945562	105	-0.0381
c338d9aa-93a4-48d4-9774-e9c5b1a5b589	4	44948218	46636438	908	-0.4479
c338d9aa-93a4-48d4-9774-e9c5b1a5b589	4	46637162	65078596	9804	-0.0414
c338d9aa-93a4-48d4-9774-e9c5b1a5b589	4	65078607	65078760	2	-1.4308
c338d9aa-93a4-48d4-9774-e9c5b1a5b589	4	65081482	68354665	2054	-0.0487
c338d9aa-93a4-48d4-9774-e9c5b1a5b589	4	68361130	68395346	7	0.8033
c338d9aa-93a4-48d4-9774-e9c5b1a5b589	4	68416487	68478894	14	-0.0959
c338d9aa-93a4-48d4-9774-e9c5b1a5b589	4	68494770	68663241	72	0.5774
c338d9aa-93a4-48d4-9774-e9c5b1a5b589	4	68671434	68880076	97	-0.0999
c338d9aa-93a4-48d4-9774-e9c5b1a5b589	4	68884032	68884070	2	-1.6856
c338d9aa-93a4-48d4-9774-e9c5b1a5b589	4	68886430	96395896	16870	-0.0469
c338d9aa-93a4-48d4-9774-e9c5b1a5b589	4	96399079	96401252	3	-1.3617
c338d9aa-93a4-48d4-9774-e9c5b1a5b589	4	96405817	107145685	6135	-0.0549
c338d9aa-93a4-48d4-9774-e9c5b1a5b589	4	107147078	107147161	4	-1.0959
c338d9aa-93a4-48d4-9774-e9c5b1a5b589	4	107147227	108464432	832	-0.0387
c338d9aa-93a4-48d4-9774-e9c5b1a5b589	4	108466650	108467479	2	-1.1868
c338d9aa-93a4-48d4-9774-e9c5b1a5b589	4	108482941	111376259	1723	-0.0393
c338d9aa-93a4-48d4-9774-e9c5b1a5b589	4	111376338	111388439	22	-0.5312
c338d9aa-93a4-48d4-9774-e9c5b1a5b589	4	111388458	114252544	1828	-0.0366
c338d9aa-93a4-48d4-9774-e9c5b1a5b589	4	114254167	114254256	6	-1.1923
c338d9aa-93a4-48d4-9774-e9c5b1a5b589	4	114254358	114258196	5	-0.1251
c338d9aa-93a4-48d4-9774-e9c5b1a5b589	4	114258272	114261019	12	-1.6534
c338d9aa-93a4-48d4-9774-e9c5b1a5b589	4	114263073	143853609	17564	-0.0546
c338d9aa-93a4-48d4-9774-e9c5b1a5b589	4	143857763	143970895	37	-1.1403
c338d9aa-93a4-48d4-9774-e9c5b1a5b589	4	143979436	172501371	17481	-0.0464
c338d9aa-93a4-48d4-9774-e9c5b1a5b589	4	172503796	172507492	7	1.2066
c338d9aa-93a4-48d4-9774-e9c5b1a5b589	4	172519981	190036988	11775	-0.0454
c338d9aa-93a4-48d4-9774-e9c5b1a5b589	4	190046094	190106768	5	-1.0462
c338d9aa-93a4-48d4-9774-e9c5b1a5b589	5	15532	3419009	2380	0.2961
c338d9aa-93a4-48d4-9774-e9c5b1a5b589	5	3422886	6696935	2903	0.1983
c338d9aa-93a4-48d4-9774-e9c5b1a5b589	5	6699111	12790757	4853	0.2836
c338d9aa-93a4-48d4-9774-e9c5b1a5b589	5	12790933	12838421	17	-0.2343
c338d9aa-93a4-48d4-9774-e9c5b1a5b589	5	12849089	18307494	3610	0.2724
c338d9aa-93a4-48d4-9774-e9c5b1a5b589	5	18311560	18327204	16	-0.3566
c338d9aa-93a4-48d4-9774-e9c5b1a5b589	5	18327496	43517047	15621	0.2554
c338d9aa-93a4-48d4-9774-e9c5b1a5b589	5	43523135	44430722	424	0.5327
c338d9aa-93a4-48d4-9774-e9c5b1a5b589	5	44434884	44778619	168	1.5239
c338d9aa-93a4-48d4-9774-e9c5b1a5b589	5	44788163	45234951	184	0.2515
c338d9aa-93a4-48d4-9774-e9c5b1a5b589	5	45238202	45628045	139	0.5425
c338d9aa-93a4-48d4-9774-e9c5b1a5b589	5	45630288	69550476	12531	0.2592
c338d9aa-93a4-48d4-9774-e9c5b1a5b589	5	69571467	69822308	5	-0.9922
c338d9aa-93a4-48d4-9774-e9c5b1a5b589	5	69937600	104515520	19415	0.2568
c338d9aa-93a4-48d4-9774-e9c5b1a5b589	5	104524672	104524903	4	-1.272
c338d9aa-93a4-48d4-9774-e9c5b1a5b589	5	104525348	118050922	9318	0.2549
c338d9aa-93a4-48d4-9774-e9c5b1a5b589	5	118052727	118053390	11	-0.6031
c338d9aa-93a4-48d4-9774-e9c5b1a5b589	5	118068645	156149576	23965	0.2634
c338d9aa-93a4-48d4-9774-e9c5b1a5b589	5	156150331	156163274	9	-0.6984
c338d9aa-93a4-48d4-9774-e9c5b1a5b589	5	156170444	167670303	7639	0.2592
c338d9aa-93a4-48d4-9774-e9c5b1a5b589	5	167672980	175425208	5939	0.2969
c338d9aa-93a4-48d4-9774-e9c5b1a5b589	5	175428408	177800550	1074	0.2419
c338d9aa-93a4-48d4-9774-e9c5b1a5b589	5	177801578	177805604	2	-1.0353
c338d9aa-93a4-48d4-9774-e9c5b1a5b589	5	177827964	180951888	1793	0.2724
c338d9aa-93a4-48d4-9774-e9c5b1a5b589	5	180953203	180987465	12	-0.3632
c338d9aa-93a4-48d4-9774-e9c5b1a5b589	5	180990207	181363319	174	0.2209
c338d9aa-93a4-48d4-9774-e9c5b1a5b589	6	149661	1028445	777	0.2671
c338d9aa-93a4-48d4-9774-e9c5b1a5b589	6	1033968	1250644	214	0.7378
c338d9aa-93a4-48d4-9774-e9c5b1a5b589	6	1253752	2604411	1015	0.2909
c338d9aa-93a4-48d4-9774-e9c5b1a5b589	6	2604486	2604964	2	-1.1288
c338d9aa-93a4-48d4-9774-e9c5b1a5b589	6	2608562	11628931	7093	0.2728
c338d9aa-93a4-48d4-9774-e9c5b1a5b589	6	11634489	11640815	6	-0.888
c338d9aa-93a4-48d4-9774-e9c5b1a5b589	6	11643951	24946443	9847	0.2649
c338d9aa-93a4-48d4-9774-e9c5b1a5b589	6	24947544	24947577	2	1.6043
c338d9aa-93a4-48d4-9774-e9c5b1a5b589	6	24950971	26342741	958	0.2355
c338d9aa-93a4-48d4-9774-e9c5b1a5b589	6	26344913	26354344	5	-0.5923
c338d9aa-93a4-48d4-9774-e9c5b1a5b589	6	26354552	26739499	213	0.2313
c338d9aa-93a4-48d4-9774-e9c5b1a5b589	6	26743855	26759781	6	0.9904
c338d9aa-93a4-48d4-9774-e9c5b1a5b589	6	26831719	29881260	1421	0.2287
c338d9aa-93a4-48d4-9774-e9c5b1a5b589	6	29881324	29928644	17	0.6736
c338d9aa-93a4-48d4-9774-e9c5b1a5b589	6	29931120	31313046	643	0.2592
c338d9aa-93a4-48d4-9774-e9c5b1a5b589	6	31318499	31328674	11	1.0735
c338d9aa-93a4-48d4-9774-e9c5b1a5b589	6	31342147	32525591	506	0.263
c338d9aa-93a4-48d4-9774-e9c5b1a5b589	6	32529339	32606604	23	-0.2155
c338d9aa-93a4-48d4-9774-e9c5b1a5b589	6	32610305	32636595	17	0.2996
c338d9aa-93a4-48d4-9774-e9c5b1a5b589	6	32637799	32658841	10	-0.8408
c338d9aa-93a4-48d4-9774-e9c5b1a5b589	6	32682835	52760977	12660	0.266
c338d9aa-93a4-48d4-9774-e9c5b1a5b589	6	52761471	52762034	4	-1.1283
c338d9aa-93a4-48d4-9774-e9c5b1a5b589	6	52762393	54066353	970	0.2623
c338d9aa-93a4-48d4-9774-e9c5b1a5b589	6	54066432	54067057	6	1.2228
c338d9aa-93a4-48d4-9774-e9c5b1a5b589	6	54070550	73882142	10319	0.2579
c338d9aa-93a4-48d4-9774-e9c5b1a5b589	6	73882509	73891694	10	0.885
c338d9aa-93a4-48d4-9774-e9c5b1a5b589	6	73893839	76726815	1762	0.2586
c338d9aa-93a4-48d4-9774-e9c5b1a5b589	6	76730151	76743040	21	-0.2553
c338d9aa-93a4-48d4-9774-e9c5b1a5b589	6	76751356	78261995	975	0.2551
c338d9aa-93a4-48d4-9774-e9c5b1a5b589	6	78262064	78329517	108	0.6105
c338d9aa-93a4-48d4-9774-e9c5b1a5b589	6	78331916	81730565	2257	0.2491
c338d9aa-93a4-48d4-9774-e9c5b1a5b589	6	81732141	81861519	82	0.4546
c338d9aa-93a4-48d4-9774-e9c5b1a5b589	6	81861667	103286954	13064	0.2586
c338d9aa-93a4-48d4-9774-e9c5b1a5b589	6	103290101	103314186	46	-0.8966
c338d9aa-93a4-48d4-9774-e9c5b1a5b589	6	103317795	125924498	13844	0.2567
c338d9aa-93a4-48d4-9774-e9c5b1a5b589	6	125927450	126278020	183	0.5057
c338d9aa-93a4-48d4-9774-e9c5b1a5b589	6	126278372	147336188	13458	0.2539
c338d9aa-93a4-48d4-9774-e9c5b1a5b589	6	147337052	170741917	16431	0.2759
c338d9aa-93a4-48d4-9774-e9c5b1a5b589	7	43355	1132952	320	0.2705
c338d9aa-93a4-48d4-9774-e9c5b1a5b589	7	1139288	1143120	7	-0.7746
c338d9aa-93a4-48d4-9774-e9c5b1a5b589	7	1149522	4344018	1928	0.2626
c338d9aa-93a4-48d4-9774-e9c5b1a5b589	7	4344077	15113188	7844	0.2424
c338d9aa-93a4-48d4-9774-e9c5b1a5b589	7	15116747	15117948	5	-0.6397
c338d9aa-93a4-48d4-9774-e9c5b1a5b589	7	15120081	17476242	1858	0.2382
c338d9aa-93a4-48d4-9774-e9c5b1a5b589	7	17480281	17480732	3	-0.9108
c338d9aa-93a4-48d4-9774-e9c5b1a5b589	7	17480899	17487104	13	0.1176
c338d9aa-93a4-48d4-9774-e9c5b1a5b589	7	17488397	48541346	22045	0.2668
c338d9aa-93a4-48d4-9774-e9c5b1a5b589	7	48542256	48552289	7	-0.6317
c338d9aa-93a4-48d4-9774-e9c5b1a5b589	7	48552429	54299223	4215	0.2621
c338d9aa-93a4-48d4-9774-e9c5b1a5b589	7	54318812	54318824	6	-2.1361
c338d9aa-93a4-48d4-9774-e9c5b1a5b589	7	54325795	70955452	6103	0.2559
c338d9aa-93a4-48d4-9774-e9c5b1a5b589	7	70958264	70961155	2	2.2869
c338d9aa-93a4-48d4-9774-e9c5b1a5b589	7	70963257	76234706	2046	0.2505
c338d9aa-93a4-48d4-9774-e9c5b1a5b589	7	76236953	76242162	3	-1.0239
c338d9aa-93a4-48d4-9774-e9c5b1a5b589	7	76244576	109801155	20155	0.2512
c338d9aa-93a4-48d4-9774-e9c5b1a5b589	7	109801187	109813853	11	1.0524
c338d9aa-93a4-48d4-9774-e9c5b1a5b589	7	109813925	126404869	9975	0.2463
c338d9aa-93a4-48d4-9774-e9c5b1a5b589	7	126404920	126406822	14	-0.7012
c338d9aa-93a4-48d4-9774-e9c5b1a5b589	7	126406823	128020567	1088	0.2693
c338d9aa-93a4-48d4-9774-e9c5b1a5b589	7	128020690	131467559	1785	0.2287
c338d9aa-93a4-48d4-9774-e9c5b1a5b589	7	131469346	134090399	1807	0.288
c338d9aa-93a4-48d4-9774-e9c5b1a5b589	7	134090709	134130738	49	-0.0431
c338d9aa-93a4-48d4-9774-e9c5b1a5b589	7	134133228	142063324	5163	0.2588
c338d9aa-93a4-48d4-9774-e9c5b1a5b589	7	142069843	142092307	33	-0.2365
c338d9aa-93a4-48d4-9774-e9c5b1a5b589	7	142099190	142224559	88	0.2077
c338d9aa-93a4-48d4-9774-e9c5b1a5b589	7	142224590	142780878	350	0.351
c338d9aa-93a4-48d4-9774-e9c5b1a5b589	7	142783090	154598185	7152	0.2553
c338d9aa-93a4-48d4-9774-e9c5b1a5b589	7	154601461	154607903	4	-1.7263
c338d9aa-93a4-48d4-9774-e9c5b1a5b589	7	154609120	158513809	2697	0.2795
c338d9aa-93a4-48d4-9774-e9c5b1a5b589	7	158515778	158539511	7	-0.7481
c338d9aa-93a4-48d4-9774-e9c5b1a5b589	7	158543782	159334314	518	0.2538
c338d9aa-93a4-48d4-9774-e9c5b1a5b589	8	81254	645875	328	0.0036
c338d9aa-93a4-48d4-9774-e9c5b1a5b589	8	645892	645908	2	2.4494
c338d9aa-93a4-48d4-9774-e9c5b1a5b589	8	656117	8196822	7417	0.0149
c338d9aa-93a4-48d4-9774-e9c5b1a5b589	8	8197738	8214781	3	-1.4621
c338d9aa-93a4-48d4-9774-e9c5b1a5b589	8	8234503	12092042	3207	0.0246
c338d9aa-93a4-48d4-9774-e9c5b1a5b589	8	12130217	12143614	6	-1.8703
c338d9aa-93a4-48d4-9774-e9c5b1a5b589	8	12176798	12389977	31	0.3974
c338d9aa-93a4-48d4-9774-e9c5b1a5b589	8	12418301	25116961	10362	0.0092
c338d9aa-93a4-48d4-9774-e9c5b1a5b589	8	25117007	25126735	24	-2.1072
c338d9aa-93a4-48d4-9774-e9c5b1a5b589	8	25126818	32821348	5394	0.0139
c338d9aa-93a4-48d4-9774-e9c5b1a5b589	8	32825580	32830895	8	1.2017
c338d9aa-93a4-48d4-9774-e9c5b1a5b589	8	32834588	39373140	3556	0.0116
c338d9aa-93a4-48d4-9774-e9c5b1a5b589	8	39378084	39527450	57	-0.3994
c338d9aa-93a4-48d4-9774-e9c5b1a5b589	8	39527675	78899845	22597	0.0024
c338d9aa-93a4-48d4-9774-e9c5b1a5b589	8	78900119	78902873	21	0.4052
c338d9aa-93a4-48d4-9774-e9c5b1a5b589	8	78904156	111282237	19167	-0.0001
c338d9aa-93a4-48d4-9774-e9c5b1a5b589	8	111282417	111283016	6	0.9386
c338d9aa-93a4-48d4-9774-e9c5b1a5b589	8	111283031	123910208	8083	-0.0077
c338d9aa-93a4-48d4-9774-e9c5b1a5b589	8	123910425	123910496	2	-1.3866
c338d9aa-93a4-48d4-9774-e9c5b1a5b589	8	123910883	133674979	7225	0.0004
c338d9aa-93a4-48d4-9774-e9c5b1a5b589	8	133675096	139141133	4407	0.0249
c338d9aa-93a4-48d4-9774-e9c5b1a5b589	8	139141600	139143199	3	-1.0111
c338d9aa-93a4-48d4-9774-e9c5b1a5b589	8	139144082	139465790	262	0.0505
c338d9aa-93a4-48d4-9774-e9c5b1a5b589	8	139466343	139467032	3	-0.6487
c338d9aa-93a4-48d4-9774-e9c5b1a5b589	8	139468454	139590373	164	0.0831
c338d9aa-93a4-48d4-9774-e9c5b1a5b589	8	139591259	139593472	7	0.5861
c338d9aa-93a4-48d4-9774-e9c5b1a5b589	8	139594788	140734765	710	0.0543
c338d9aa-93a4-48d4-9774-e9c5b1a5b589	8	140736356	145072769	1932	0.0073
c338d9aa-93a4-48d4-9774-e9c5b1a5b589	9	46587	39588611	30958	-0.4227
c338d9aa-93a4-48d4-9774-e9c5b1a5b589	9	39747848	39840169	5	0.6966
c338d9aa-93a4-48d4-9774-e9c5b1a5b589	9	40018947	61405110	193	-0.3788
c338d9aa-93a4-48d4-9774-e9c5b1a5b589	9	61520021	61647899	30	-1.1365
c338d9aa-93a4-48d4-9774-e9c5b1a5b589	9	61665362	91149387	16625	-0.4176
c338d9aa-93a4-48d4-9774-e9c5b1a5b589	9	91152487	91152705	4	-2.1993
c338d9aa-93a4-48d4-9774-e9c5b1a5b589	9	91158945	127227714	25365	-0.4054
c338d9aa-93a4-48d4-9774-e9c5b1a5b589	9	127228152	127246375	12	-1.2751
c338d9aa-93a4-48d4-9774-e9c5b1a5b589	9	127246435	135319329	4710	-0.4132
c338d9aa-93a4-48d4-9774-e9c5b1a5b589	9	135319522	135324566	4	0.8487
c338d9aa-93a4-48d4-9774-e9c5b1a5b589	9	135325951	137275916	670	-0.4348
c338d9aa-93a4-48d4-9774-e9c5b1a5b589	9	137286284	137286808	2	-2.2085
c338d9aa-93a4-48d4-9774-e9c5b1a5b589	9	137294216	137378551	25	-0.1824
c338d9aa-93a4-48d4-9774-e9c5b1a5b589	9	137378583	138106837	345	-0.4081
c338d9aa-93a4-48d4-9774-e9c5b1a5b589	9	138107414	138200944	61	-0.1818
c338d9aa-93a4-48d4-9774-e9c5b1a5b589	10	45792	41796253	28913	0.1819
c338d9aa-93a4-48d4-9774-e9c5b1a5b589	10	41796971	42332543	41	-0.106
c338d9aa-93a4-48d4-9774-e9c5b1a5b589	10	42335359	57443289	9683	0.1801
c338d9aa-93a4-48d4-9774-e9c5b1a5b589	10	57450745	57451013	4	-1.9933
c338d9aa-93a4-48d4-9774-e9c5b1a5b589	10	57458735	65534816	5512	0.1773
c338d9aa-93a4-48d4-9774-e9c5b1a5b589	10	65535206	65566936	50	0.4158
c338d9aa-93a4-48d4-9774-e9c5b1a5b589	10	65567409	72073597	4536	0.1886
c338d9aa-93a4-48d4-9774-e9c5b1a5b589	10	72081914	74584724	1018	0.1234
c338d9aa-93a4-48d4-9774-e9c5b1a5b589	10	74585956	79684125	3627	0.2051
c338d9aa-93a4-48d4-9774-e9c5b1a5b589	10	79689251	79737848	5	-1.2168
c338d9aa-93a4-48d4-9774-e9c5b1a5b589	10	79747269	87286741	5178	0.185
c338d9aa-93a4-48d4-9774-e9c5b1a5b589	10	87310039	87353136	12	-0.5939
c338d9aa-93a4-48d4-9774-e9c5b1a5b589	10	87357543	103631967	9947	0.1763
c338d9aa-93a4-48d4-9774-e9c5b1a5b589	10	103632611	103634496	2	-1.6382
c338d9aa-93a4-48d4-9774-e9c5b1a5b589	10	103634538	113176150	6787	0.1878
c338d9aa-93a4-48d4-9774-e9c5b1a5b589	10	113178958	132490228	14364	0.2108
c338d9aa-93a4-48d4-9774-e9c5b1a5b589	10	132495432	133654968	496	0.1634
c338d9aa-93a4-48d4-9774-e9c5b1a5b589	11	198510	4228783	1732	0.2555
c338d9aa-93a4-48d4-9774-e9c5b1a5b589	11	4234899	4314837	25	-0.3858
c338d9aa-93a4-48d4-9774-e9c5b1a5b589	11	4325579	4949013	653	0.2804
c338d9aa-93a4-48d4-9774-e9c5b1a5b589	11	4949047	4952799	23	1.3735
c338d9aa-93a4-48d4-9774-e9c5b1a5b589	11	4953934	5766175	780	0.2602
c338d9aa-93a4-48d4-9774-e9c5b1a5b589	11	5766850	5787909	32	-2.3412
c338d9aa-93a4-48d4-9774-e9c5b1a5b589	11	5788108	5798299	8	0.0385
c338d9aa-93a4-48d4-9774-e9c5b1a5b589	11	5799331	5841423	43	-0.0491
c338d9aa-93a4-48d4-9774-e9c5b1a5b589	11	5844994	6094875	189	-0.4133
c338d9aa-93a4-48d4-9774-e9c5b1a5b589	11	6095613	6100864	5	0.5002
c338d9aa-93a4-48d4-9774-e9c5b1a5b589	11	6101273	6161959	35	-0.3896
c338d9aa-93a4-48d4-9774-e9c5b1a5b589	11	6167854	18918775	9067	0.281
c338d9aa-93a4-48d4-9774-e9c5b1a5b589	11	18919309	18939631	37	0.6869
c338d9aa-93a4-48d4-9774-e9c5b1a5b589	11	18939734	56075169	21994	0.269
c338d9aa-93a4-48d4-9774-e9c5b1a5b589	11	56080963	64828200	4804	-0.4206
c338d9aa-93a4-48d4-9774-e9c5b1a5b589	11	64855397	68155201	1238	0.2211
c338d9aa-93a4-48d4-9774-e9c5b1a5b589	11	68160725	68479087	140	0.7216
c338d9aa-93a4-48d4-9774-e9c5b1a5b589	11	68481999	68499317	8	-0.4057
c338d9aa-93a4-48d4-9774-e9c5b1a5b589	11	68514307	68539210	11	0.7849
c338d9aa-93a4-48d4-9774-e9c5b1a5b589	11	68540882	68578809	26	-0.4914
c338d9aa-93a4-48d4-9774-e9c5b1a5b589	11	68583446	69753669	710	2.2562
c338d9aa-93a4-48d4-9774-e9c5b1a5b589	11	69754456	69778046	9	1.4017
c338d9aa-93a4-48d4-9774-e9c5b1a5b589	11	69778408	70741831	528	1.7739
c338d9aa-93a4-48d4-9774-e9c5b1a5b589	11	70744277	71394165	352	1.5352
c338d9aa-93a4-48d4-9774-e9c5b1a5b589	11	71395160	71406417	13	0.9871
c338d9aa-93a4-48d4-9774-e9c5b1a5b589	11	71406613	71408187	5	1.3344
c338d9aa-93a4-48d4-9774-e9c5b1a5b589	11	71412538	71623337	134	1.0121
c338d9aa-93a4-48d4-9774-e9c5b1a5b589	11	71626328	71753030	42	0.4945
c338d9aa-93a4-48d4-9774-e9c5b1a5b589	11	71766534	71771008	6	-0.5622
c338d9aa-93a4-48d4-9774-e9c5b1a5b589	11	71802409	72119455	149	0.6545
c338d9aa-93a4-48d4-9774-e9c5b1a5b589	11	72121089	72666570	266	0.255
c338d9aa-93a4-48d4-9774-e9c5b1a5b589	11	72667293	73001757	126	0.6486
c338d9aa-93a4-48d4-9774-e9c5b1a5b589	11	73005119	74517943	772	1.0102
c338d9aa-93a4-48d4-9774-e9c5b1a5b589	11	74519247	74627009	76	0.226
c338d9aa-93a4-48d4-9774-e9c5b1a5b589	11	74634537	74804137	110	0.6574
c338d9aa-93a4-48d4-9774-e9c5b1a5b589	11	74804438	75392444	315	0.2575
c338d9aa-93a4-48d4-9774-e9c5b1a5b589	11	75393168	75530636	79	0.7389
c338d9aa-93a4-48d4-9774-e9c5b1a5b589	11	75534013	75842144	198	0.2329
c338d9aa-93a4-48d4-9774-e9c5b1a5b589	11	75843035	76562304	352	1.0483
c338d9aa-93a4-48d4-9774-e9c5b1a5b589	11	76562811	76787394	160	0.6874
c338d9aa-93a4-48d4-9774-e9c5b1a5b589	11	76798253	77669070	458	-0.4095
c338d9aa-93a4-48d4-9774-e9c5b1a5b589	11	77669189	77847087	82	-0.5942
c338d9aa-93a4-48d4-9774-e9c5b1a5b589	11	77850882	77970528	50	-0.4481
c338d9aa-93a4-48d4-9774-e9c5b1a5b589	11	77980486	77988201	7	2.5711
c338d9aa-93a4-48d4-9774-e9c5b1a5b589	11	77990815	135074876	40453	-0.4196
c338d9aa-93a4-48d4-9774-e9c5b1a5b589	12	51460	756804	414	-0.046
c338d9aa-93a4-48d4-9774-e9c5b1a5b589	12	759943	766188	19	-0.6163
c338d9aa-93a4-48d4-9774-e9c5b1a5b589	12	767080	1829882	610	-0.0673
c338d9aa-93a4-48d4-9774-e9c5b1a5b589	12	1830086	6273087	3565	-0.0014
c338d9aa-93a4-48d4-9774-e9c5b1a5b589	12	6278143	8204911	902	-0.052
c338d9aa-93a4-48d4-9774-e9c5b1a5b589	12	8209454	8220161	9	0.5877
c338d9aa-93a4-48d4-9774-e9c5b1a5b589	12	8241232	9477960	626	-0.047
c338d9aa-93a4-48d4-9774-e9c5b1a5b589	12	9481274	9562969	23	-1.4394
c338d9aa-93a4-48d4-9774-e9c5b1a5b589	12	9575696	49450144	24319	-0.043
c338d9aa-93a4-48d4-9774-e9c5b1a5b589	12	49458095	49505885	16	-0.5967
c338d9aa-93a4-48d4-9774-e9c5b1a5b589	12	49506097	58327448	4928	-0.0425
c338d9aa-93a4-48d4-9774-e9c5b1a5b589	12	58336368	58336379	2	2.3285
c338d9aa-93a4-48d4-9774-e9c5b1a5b589	12	58337065	70478078	7925	-0.0421
c338d9aa-93a4-48d4-9774-e9c5b1a5b589	12	70478895	70482706	4	-1.0141
c338d9aa-93a4-48d4-9774-e9c5b1a5b589	12	70483970	72479540	1302	-0.0396
c338d9aa-93a4-48d4-9774-e9c5b1a5b589	12	72484940	72485450	2	1.1728
c338d9aa-93a4-48d4-9774-e9c5b1a5b589	12	72486025	74472933	1119	-0.0415
c338d9aa-93a4-48d4-9774-e9c5b1a5b589	12	74473912	95659951	13399	-0.4386
c338d9aa-93a4-48d4-9774-e9c5b1a5b589	12	95663408	95663627	3	-2.5475
c338d9aa-93a4-48d4-9774-e9c5b1a5b589	12	95669106	121769706	17350	-0.4144
c338d9aa-93a4-48d4-9774-e9c5b1a5b589	12	121773127	131636170	7298	-0.0184
c338d9aa-93a4-48d4-9774-e9c5b1a5b589	12	131648039	131648790	13	-0.8465
c338d9aa-93a4-48d4-9774-e9c5b1a5b589	12	131657925	133201603	558	-0.0376
c338d9aa-93a4-48d4-9774-e9c5b1a5b589	13	18452809	19547319	528	0.2203
c338d9aa-93a4-48d4-9774-e9c5b1a5b589	13	19549755	19549770	2	-1.7009
c338d9aa-93a4-48d4-9774-e9c5b1a5b589	13	19550361	57139102	25326	0.256
c338d9aa-93a4-48d4-9774-e9c5b1a5b589	13	57139232	57192577	29	0.651
c338d9aa-93a4-48d4-9774-e9c5b1a5b589	13	57192665	71902850	8945	0.2431
c338d9aa-93a4-48d4-9774-e9c5b1a5b589	13	71903417	71905409	2	1.5645
c338d9aa-93a4-48d4-9774-e9c5b1a5b589	13	71906311	82613952	7232	0.2571
c338d9aa-93a4-48d4-9774-e9c5b1a5b589	13	82614643	82629163	13	0.7869
c338d9aa-93a4-48d4-9774-e9c5b1a5b589	13	82631841	83213898	386	0.2202
c338d9aa-93a4-48d4-9774-e9c5b1a5b589	13	83213928	83218079	11	-0.5551
c338d9aa-93a4-48d4-9774-e9c5b1a5b589	13	83218673	109107767	17896	0.2588
c338d9aa-93a4-48d4-9774-e9c5b1a5b589	13	109108603	109608728	429	-0.0632
c338d9aa-93a4-48d4-9774-e9c5b1a5b589	13	109610209	111070847	1175	0.2773
c338d9aa-93a4-48d4-9774-e9c5b1a5b589	13	111071777	111072185	2	-1.2474
c338d9aa-93a4-48d4-9774-e9c5b1a5b589	13	111072198	114342922	1739	0.292
c338d9aa-93a4-48d4-9774-e9c5b1a5b589	14	18239283	18687716	24	-0.3633
c338d9aa-93a4-48d4-9774-e9c5b1a5b589	14	18693043	19954424	141	0.0783
c338d9aa-93a4-48d4-9774-e9c5b1a5b589	14	19955213	26121134	4132	-0.4116
c338d9aa-93a4-48d4-9774-e9c5b1a5b589	14	26121404	26122390	2	-2.1573
c338d9aa-93a4-48d4-9774-e9c5b1a5b589	14	26126645	26310436	171	-0.4288
c338d9aa-93a4-48d4-9774-e9c5b1a5b589	14	26314697	26314712	7	0.4987
c338d9aa-93a4-48d4-9774-e9c5b1a5b589	14	26315707	29132147	1599	-0.4272
c338d9aa-93a4-48d4-9774-e9c5b1a5b589	14	29132806	30996925	1049	1.054
c338d9aa-93a4-48d4-9774-e9c5b1a5b589	14	30998632	31304188	131	0.7329
c338d9aa-93a4-48d4-9774-e9c5b1a5b589	14	31305791	31813914	245	1.0228
c338d9aa-93a4-48d4-9774-e9c5b1a5b589	14	31815671	32717340	650	2.0751
c338d9aa-93a4-48d4-9774-e9c5b1a5b589	14	32717403	33318093	491	2.2572
c338d9aa-93a4-48d4-9774-e9c5b1a5b589	14	33319695	33645761	358	2.1363
c338d9aa-93a4-48d4-9774-e9c5b1a5b589	14	33648260	41139155	4651	-0.4276
c338d9aa-93a4-48d4-9774-e9c5b1a5b589	14	41141293	41160039	7	-1.6018
c338d9aa-93a4-48d4-9774-e9c5b1a5b589	14	41164182	41184774	6	-4.3311
c338d9aa-93a4-48d4-9774-e9c5b1a5b589	14	41188046	42518302	843	-0.4448
c338d9aa-93a4-48d4-9774-e9c5b1a5b589	14	42523108	42523231	2	-1.8645
c338d9aa-93a4-48d4-9774-e9c5b1a5b589	14	42526308	45804580	1804	-0.4352
c338d9aa-93a4-48d4-9774-e9c5b1a5b589	14	45807340	45881899	36	2.4248
c338d9aa-93a4-48d4-9774-e9c5b1a5b589	14	45881943	45894681	19	1.7348
c338d9aa-93a4-48d4-9774-e9c5b1a5b589	14	45898131	46006727	66	2.4337
c338d9aa-93a4-48d4-9774-e9c5b1a5b589	14	46013196	46232941	126	-0.36
c338d9aa-93a4-48d4-9774-e9c5b1a5b589	14	46233356	52978828	4202	-0.4479
c338d9aa-93a4-48d4-9774-e9c5b1a5b589	14	52982454	73523491	13215	-0.4138
c338d9aa-93a4-48d4-9774-e9c5b1a5b589	14	73523917	73563196	14	0.2741
c338d9aa-93a4-48d4-9774-e9c5b1a5b589	14	73563211	82004385	5529	-0.4144
c338d9aa-93a4-48d4-9774-e9c5b1a5b589	14	82004789	82008094	2	-2.7776
c338d9aa-93a4-48d4-9774-e9c5b1a5b589	14	82008805	106321086	15236	-0.4247
c338d9aa-93a4-48d4-9774-e9c5b1a5b589	14	106340102	106365807	11	-1.5693
c338d9aa-93a4-48d4-9774-e9c5b1a5b589	14	106369985	106877229	269	-0.4421
c338d9aa-93a4-48d4-9774-e9c5b1a5b589	15	19811075	20373168	88	-0.4509
c338d9aa-93a4-48d4-9774-e9c5b1a5b589	15	20376198	20376202	5	0.3764
c338d9aa-93a4-48d4-9774-e9c5b1a5b589	15	20376309	20981071	59	-0.5302
c338d9aa-93a4-48d4-9774-e9c5b1a5b589	15	20982677	20986779	2	1.5073
c338d9aa-93a4-48d4-9774-e9c5b1a5b589	15	20986997	20988347	2	0.1531
c338d9aa-93a4-48d4-9774-e9c5b1a5b589	15	21005443	21272760	18	-0.502
c338d9aa-93a4-48d4-9774-e9c5b1a5b589	15	21417107	21975606	2	0.6287
c338d9aa-93a4-48d4-9774-e9c5b1a5b589	15	21997003	22003073	3	-1.548
c338d9aa-93a4-48d4-9774-e9c5b1a5b589	15	22005276	24429604	1015	-0.4185
c338d9aa-93a4-48d4-9774-e9c5b1a5b589	15	24429740	24429986	2	0.8756
c338d9aa-93a4-48d4-9774-e9c5b1a5b589	15	24435245	26315045	1357	-0.411
c338d9aa-93a4-48d4-9774-e9c5b1a5b589	15	26317005	26318009	2	-3.2611
c338d9aa-93a4-48d4-9774-e9c5b1a5b589	15	26318441	27733208	1064	-0.4064
c338d9aa-93a4-48d4-9774-e9c5b1a5b589	15	27740052	27740261	5	-1.8861
c338d9aa-93a4-48d4-9774-e9c5b1a5b589	15	27740468	53492956	15368	-0.4166
c338d9aa-93a4-48d4-9774-e9c5b1a5b589	15	53492997	53493082	3	-2.012
c338d9aa-93a4-48d4-9774-e9c5b1a5b589	15	53498050	56636349	2096	-0.4112
c338d9aa-93a4-48d4-9774-e9c5b1a5b589	15	56642320	58954772	1621	-0.0395
c338d9aa-93a4-48d4-9774-e9c5b1a5b589	15	58954812	59096209	64	-0.4039
c338d9aa-93a4-48d4-9774-e9c5b1a5b589	15	59097267	76598900	10917	-0.0292
c338d9aa-93a4-48d4-9774-e9c5b1a5b589	15	76599170	76599884	10	0.6574
c338d9aa-93a4-48d4-9774-e9c5b1a5b589	15	76602723	92222525	10140	-0.0188
c338d9aa-93a4-48d4-9774-e9c5b1a5b589	15	92222644	92223064	3	2.4634
c338d9aa-93a4-48d4-9774-e9c5b1a5b589	15	92223528	101928837	7389	-0.0187
c338d9aa-93a4-48d4-9774-e9c5b1a5b589	16	10777	5144954	2212	0.231
c338d9aa-93a4-48d4-9774-e9c5b1a5b589	16	5146084	5150514	5	-0.711
c338d9aa-93a4-48d4-9774-e9c5b1a5b589	16	5151597	5196929	24	0.1426
c338d9aa-93a4-48d4-9774-e9c5b1a5b589	16	5197683	5522125	307	0.3297
c338d9aa-93a4-48d4-9774-e9c5b1a5b589	16	5522377	5557889	71	0.1634
c338d9aa-93a4-48d4-9774-e9c5b1a5b589	16	5558088	5558150	2	-1.2391
c338d9aa-93a4-48d4-9774-e9c5b1a5b589	16	5558336	27951930	15891	0.2916
c338d9aa-93a4-48d4-9774-e9c5b1a5b589	16	27952028	35981677	1876	0.235
c338d9aa-93a4-48d4-9774-e9c5b1a5b589	16	35989290	48659004	1013	-0.3901
c338d9aa-93a4-48d4-9774-e9c5b1a5b589	16	48661400	48848885	110	0.01
c338d9aa-93a4-48d4-9774-e9c5b1a5b589	16	48850162	90096867	30101	-0.4072
c338d9aa-93a4-48d4-9774-e9c5b1a5b589	17	150733	6390567	3521	-0.426
c338d9aa-93a4-48d4-9774-e9c5b1a5b589	17	6392639	6408947	23	0.3758
c338d9aa-93a4-48d4-9774-e9c5b1a5b589	17	6409499	12997910	4336	-0.4168
c338d9aa-93a4-48d4-9774-e9c5b1a5b589	17	12998330	13153846	115	-0.0107
c338d9aa-93a4-48d4-9774-e9c5b1a5b589	17	13155525	18523147	3354	-0.4204
c338d9aa-93a4-48d4-9774-e9c5b1a5b589	17	18529764	18550123	7	-1.5629
c338d9aa-93a4-48d4-9774-e9c5b1a5b589	17	18561272	19924419	580	-0.4319
c338d9aa-93a4-48d4-9774-e9c5b1a5b589	17	19928098	20274103	163	-0.0324
c338d9aa-93a4-48d4-9774-e9c5b1a5b589	17	20276813	20630883	80	0.2346
c338d9aa-93a4-48d4-9774-e9c5b1a5b589	17	20630942	20808155	66	-0.3225
c338d9aa-93a4-48d4-9774-e9c5b1a5b589	17	20815119	22050386	361	0.1999
c338d9aa-93a4-48d4-9774-e9c5b1a5b589	17	22051839	22736323	224	-0.4063
c338d9aa-93a4-48d4-9774-e9c5b1a5b589	17	26943491	27669075	371	0.2246
c338d9aa-93a4-48d4-9774-e9c5b1a5b589	17	27671965	32184255	2029	0.1726
c338d9aa-93a4-48d4-9774-e9c5b1a5b589	17	32184377	41265456	5485	0.2294
c338d9aa-93a4-48d4-9774-e9c5b1a5b589	17	41266762	41274279	24	-0.8405
c338d9aa-93a4-48d4-9774-e9c5b1a5b589	17	41276472	41939842	441	0.2137
c338d9aa-93a4-48d4-9774-e9c5b1a5b589	17	41939955	51314058	4545	0.1801
c338d9aa-93a4-48d4-9774-e9c5b1a5b589	17	51318311	60661357	6141	0.219
c338d9aa-93a4-48d4-9774-e9c5b1a5b589	17	60665805	65084044	2069	0.2445
c338d9aa-93a4-48d4-9774-e9c5b1a5b589	17	65087820	74711717	6745	0.2803
c338d9aa-93a4-48d4-9774-e9c5b1a5b589	17	74715289	77858748	1655	0.2271
c338d9aa-93a4-48d4-9774-e9c5b1a5b589	17	77864587	77870847	3	-0.9164
c338d9aa-93a4-48d4-9774-e9c5b1a5b589	17	77872544	83091923	2509	0.2453
c338d9aa-93a4-48d4-9774-e9c5b1a5b589	18	48133	40680506	22654	-0.4131
c338d9aa-93a4-48d4-9774-e9c5b1a5b589	18	40680516	40685425	15	-1.3628
c338d9aa-93a4-48d4-9774-e9c5b1a5b589	18	40689534	53997831	9078	-0.405
c338d9aa-93a4-48d4-9774-e9c5b1a5b589	18	53998472	53998782	3	-2.576
c338d9aa-93a4-48d4-9774-e9c5b1a5b589	18	54001998	73877512	14087	-0.4141
c338d9aa-93a4-48d4-9774-e9c5b1a5b589	18	73877993	73878983	3	-1.8083
c338d9aa-93a4-48d4-9774-e9c5b1a5b589	18	73880517	80257174	4572	-0.418
c338d9aa-93a4-48d4-9774-e9c5b1a5b589	19	90910	1070867	222	-0.4458
c338d9aa-93a4-48d4-9774-e9c5b1a5b589	19	1070910	1099702	3	-2.0475
c338d9aa-93a4-48d4-9774-e9c5b1a5b589	19	1100075	3302891	661	-0.4474
c338d9aa-93a4-48d4-9774-e9c5b1a5b589	19	3305832	3429939	44	-0.0178
c338d9aa-93a4-48d4-9774-e9c5b1a5b589	19	3443472	4346351	219	-0.4256
c338d9aa-93a4-48d4-9774-e9c5b1a5b589	19	4346405	14928127	4924	0.2325
c338d9aa-93a4-48d4-9774-e9c5b1a5b589	19	14934380	14938487	3	-1.1002
c338d9aa-93a4-48d4-9774-e9c5b1a5b589	19	14940475	20411869	2816	0.2303
c338d9aa-93a4-48d4-9774-e9c5b1a5b589	19	20413400	20538428	69	-0.4043
c338d9aa-93a4-48d4-9774-e9c5b1a5b589	19	20538656	20931462	207	0.1915
c338d9aa-93a4-48d4-9774-e9c5b1a5b589	19	20932002	20950643	12	-0.7515
c338d9aa-93a4-48d4-9774-e9c5b1a5b589	19	20951278	20959836	9	-0.1713
c338d9aa-93a4-48d4-9774-e9c5b1a5b589	19	20962588	27741760	2003	0.2446
c338d9aa-93a4-48d4-9774-e9c5b1a5b589	19	27749110	34164154	4675	0.2856
c338d9aa-93a4-48d4-9774-e9c5b1a5b589	19	34170098	43193181	4650	0.2363
c338d9aa-93a4-48d4-9774-e9c5b1a5b589	19	43198881	43252085	22	-0.49
c338d9aa-93a4-48d4-9774-e9c5b1a5b589	19	43262507	58586487	8468	0.2456
c338d9aa-93a4-48d4-9774-e9c5b1a5b589	20	80664	4784663	3560	0.2667
c338d9aa-93a4-48d4-9774-e9c5b1a5b589	20	4791356	6920034	1577	0.6942
c338d9aa-93a4-48d4-9774-e9c5b1a5b589	20	6922323	13451050	5193	0.2796
c338d9aa-93a4-48d4-9774-e9c5b1a5b589	20	13451395	15578042	1472	-0.4109
c338d9aa-93a4-48d4-9774-e9c5b1a5b589	20	15579729	15599717	26	0.2619
c338d9aa-93a4-48d4-9774-e9c5b1a5b589	20	15602239	16577615	938	-0.4129
c338d9aa-93a4-48d4-9774-e9c5b1a5b589	20	16578761	16603020	41	0.076
c338d9aa-93a4-48d4-9774-e9c5b1a5b589	20	16604941	16832657	236	-0.4098
c338d9aa-93a4-48d4-9774-e9c5b1a5b589	20	16833042	17323758	402	0.2183
c338d9aa-93a4-48d4-9774-e9c5b1a5b589	20	17324984	17547829	236	-0.3935
c338d9aa-93a4-48d4-9774-e9c5b1a5b589	20	17548596	17848636	238	0.2492
c338d9aa-93a4-48d4-9774-e9c5b1a5b589	20	17850435	17882974	21	-0.1346
c338d9aa-93a4-48d4-9774-e9c5b1a5b589	20	17887577	17908736	25	0.1715
c338d9aa-93a4-48d4-9774-e9c5b1a5b589	20	17913074	18211607	179	-0.1029
c338d9aa-93a4-48d4-9774-e9c5b1a5b589	20	18212609	19348888	861	-0.4036
c338d9aa-93a4-48d4-9774-e9c5b1a5b589	20	19354063	20190626	832	-0.0885
c338d9aa-93a4-48d4-9774-e9c5b1a5b589	20	20195743	22038433	1132	-0.4143
c338d9aa-93a4-48d4-9774-e9c5b1a5b589	20	22040735	23432265	1139	-0.0946
c338d9aa-93a4-48d4-9774-e9c5b1a5b589	20	23432772	23455598	24	-0.2325
c338d9aa-93a4-48d4-9774-e9c5b1a5b589	20	23458312	25320386	1374	-0.4036
c338d9aa-93a4-48d4-9774-e9c5b1a5b589	20	25320632	25774214	209	-0.1206
c338d9aa-93a4-48d4-9774-e9c5b1a5b589	20	25847699	25891282	22	0.2825
c338d9aa-93a4-48d4-9774-e9c5b1a5b589	20	25898552	25956490	19	0.1132
c338d9aa-93a4-48d4-9774-e9c5b1a5b589	20	25962234	26037655	22	-0.1961
c338d9aa-93a4-48d4-9774-e9c5b1a5b589	20	26076659	26197385	56	0.199
c338d9aa-93a4-48d4-9774-e9c5b1a5b589	20	26198217	30234698	60	-0.0582
c338d9aa-93a4-48d4-9774-e9c5b1a5b589	20	30245164	37298449	3006	0.2365
c338d9aa-93a4-48d4-9774-e9c5b1a5b589	20	37299493	53419900	11353	0.2824
c338d9aa-93a4-48d4-9774-e9c5b1a5b589	20	53420869	54028258	438	0.243
c338d9aa-93a4-48d4-9774-e9c5b1a5b589	20	54028329	54042112	38	-0.4389
c338d9aa-93a4-48d4-9774-e9c5b1a5b589	20	54046035	61970531	6438	0.2976
c338d9aa-93a4-48d4-9774-e9c5b1a5b589	20	61973114	61984028	4	-0.7034
c338d9aa-93a4-48d4-9774-e9c5b1a5b589	20	61992694	64324800	968	0.2801
c338d9aa-93a4-48d4-9774-e9c5b1a5b589	21	10354168	13439418	220	0.2726
c338d9aa-93a4-48d4-9774-e9c5b1a5b589	21	13439994	13442195	2	-1.1118
c338d9aa-93a4-48d4-9774-e9c5b1a5b589	21	13446197	13583316	46	0.2876
c338d9aa-93a4-48d4-9774-e9c5b1a5b589	21	13612103	13831480	12	-0.3068
c338d9aa-93a4-48d4-9774-e9c5b1a5b589	21	13833696	39626196	18793	0.2672
c338d9aa-93a4-48d4-9774-e9c5b1a5b589	21	39628426	42139792	2239	0.3125
c338d9aa-93a4-48d4-9774-e9c5b1a5b589	21	42144088	46677045	2413	0.2587
c338d9aa-93a4-48d4-9774-e9c5b1a5b589	22	15294547	15729257	20	0.201
c338d9aa-93a4-48d4-9774-e9c5b1a5b589	22	15729272	16784963	132	-0.314
c338d9aa-93a4-48d4-9774-e9c5b1a5b589	22	16785515	20612109	2025	-0.4398
c338d9aa-93a4-48d4-9774-e9c5b1a5b589	22	20612260	22119654	931	-0.3656
c338d9aa-93a4-48d4-9774-e9c5b1a5b589	22	22120134	22120255	4	-1.9339
c338d9aa-93a4-48d4-9774-e9c5b1a5b589	22	22127104	22329868	259	-0.3842
c338d9aa-93a4-48d4-9774-e9c5b1a5b589	22	22336388	22450613	98	-0.1918
c338d9aa-93a4-48d4-9774-e9c5b1a5b589	22	22450898	23929558	897	-0.415
c338d9aa-93a4-48d4-9774-e9c5b1a5b589	22	23940911	23981995	13	0.1917
c338d9aa-93a4-48d4-9774-e9c5b1a5b589	22	23987520	28719445	3849	-0.3954
c338d9aa-93a4-48d4-9774-e9c5b1a5b589	22	28724501	30686808	1145	-0.0407
c338d9aa-93a4-48d4-9774-e9c5b1a5b589	22	30695947	44719669	9347	-0.4079
c338d9aa-93a4-48d4-9774-e9c5b1a5b589	22	44719699	44720323	2	-2.4857
c338d9aa-93a4-48d4-9774-e9c5b1a5b589	22	44721554	50796027	4462	-0.4105
c338d9aa-93a4-48d4-9774-e9c5b1a5b589	X	251810	13463511	8067	0.0154
c338d9aa-93a4-48d4-9774-e9c5b1a5b589	X	13464439	13464572	2	-1.8801
c338d9aa-93a4-48d4-9774-e9c5b1a5b589	X	13465454	38724565	15750	0.0076
c338d9aa-93a4-48d4-9774-e9c5b1a5b589	X	38726905	38726934	2	-1.6088
c338d9aa-93a4-48d4-9774-e9c5b1a5b589	X	38732379	48110549	5063	0.0001
c338d9aa-93a4-48d4-9774-e9c5b1a5b589	X	48110664	48144497	11	-0.5643
c338d9aa-93a4-48d4-9774-e9c5b1a5b589	X	48144628	64865087	5131	-0.0079
c338d9aa-93a4-48d4-9774-e9c5b1a5b589	X	64867446	64877181	5	-0.9492
c338d9aa-93a4-48d4-9774-e9c5b1a5b589	X	64877891	149803246	45992	0.0055
c338d9aa-93a4-48d4-9774-e9c5b1a5b589	X	149803608	149803773	4	1.115
c338d9aa-93a4-48d4-9774-e9c5b1a5b589	X	149804895	155532577	3053	0.0033
c338d9aa-93a4-48d4-9774-e9c5b1a5b589	X	155534060	155546243	16	-3.188
c338d9aa-93a4-48d4-9774-e9c5b1a5b589	X	155546290	155952689	109	0.0223
c338d9aa-93a4-48d4-9774-e9c5b1a5b589	Y	2782397	13478396	3261	-2.6341
c338d9aa-93a4-48d4-9774-e9c5b1a5b589	Y	13478462	13482643	3	-7.6439
c338d9aa-93a4-48d4-9774-e9c5b1a5b589	Y	13483009	56872112	3371	-2.7204
