GDC_Aliquot	Chromosome	Start	End	Num_Probes	Segment_Mean
29553102-edef-41d3-804e-bc2617c16bdf	1	62920	259407	14	-0.5773
29553102-edef-41d3-804e-bc2617c16bdf	1	259422	1696979	198	0.0191
29553102-edef-41d3-804e-bc2617c16bdf	1	1710664	1741164	13	-0.865
29553102-edef-41d3-804e-bc2617c16bdf	1	1756148	15827002	8107	0.0075
29553102-edef-41d3-804e-bc2617c16bdf	1	15827041	15827430	5	-1.5997
29553102-edef-41d3-804e-bc2617c16bdf	1	15827706	20556710	2949	-0.0087
29553102-edef-41d3-804e-bc2617c16bdf	1	20556929	20558448	5	-1.0324
29553102-edef-41d3-804e-bc2617c16bdf	1	20560274	34626073	7684	0.0136
29553102-edef-41d3-804e-bc2617c16bdf	1	34637053	34649941	22	-0.5709
29553102-edef-41d3-804e-bc2617c16bdf	1	34650960	72302815	23740	0.019
29553102-edef-41d3-804e-bc2617c16bdf	1	72303233	72345465	46	-1.3381
29553102-edef-41d3-804e-bc2617c16bdf	1	72346221	105470754	20919	0.0218
29553102-edef-41d3-804e-bc2617c16bdf	1	105476583	105479753	17	0.6863
29553102-edef-41d3-804e-bc2617c16bdf	1	105481433	121705338	9765	0.0179
29553102-edef-41d3-804e-bc2617c16bdf	1	143459641	144432083	129	-0.6252
29553102-edef-41d3-804e-bc2617c16bdf	1	144432313	152583051	2308	0.0165
29553102-edef-41d3-804e-bc2617c16bdf	1	152583230	152613762	31	-1.5648
29553102-edef-41d3-804e-bc2617c16bdf	1	152613802	194479104	28167	0.0225
29553102-edef-41d3-804e-bc2617c16bdf	1	194482281	194491801	5	-1.3117
29553102-edef-41d3-804e-bc2617c16bdf	1	194491904	196745743	1445	0.0292
29553102-edef-41d3-804e-bc2617c16bdf	1	196758720	196846661	61	-1.5291
29553102-edef-41d3-804e-bc2617c16bdf	1	196847600	248930189	35769	0.0156
29553102-edef-41d3-804e-bc2617c16bdf	2	12784	4158097	2987	-0.0076
29553102-edef-41d3-804e-bc2617c16bdf	2	4166274	4176105	39	-0.6185
29553102-edef-41d3-804e-bc2617c16bdf	2	4176135	34427512	21025	0.0184
29553102-edef-41d3-804e-bc2617c16bdf	2	34427804	34515690	63	0.3268
29553102-edef-41d3-804e-bc2617c16bdf	2	34515732	35742057	864	0.0446
29553102-edef-41d3-804e-bc2617c16bdf	2	35742319	35775353	13	0.5773
29553102-edef-41d3-804e-bc2617c16bdf	2	35775577	49305903	9836	0.0215
29553102-edef-41d3-804e-bc2617c16bdf	2	49308629	49311506	4	-1.3814
29553102-edef-41d3-804e-bc2617c16bdf	2	49314051	86710564	24198	0.0185
29553102-edef-41d3-804e-bc2617c16bdf	2	86725947	86726731	2	-1.8937
29553102-edef-41d3-804e-bc2617c16bdf	2	86743283	87489240	163	-0.0244
29553102-edef-41d3-804e-bc2617c16bdf	2	87489506	87528459	11	-0.8564
29553102-edef-41d3-804e-bc2617c16bdf	2	87542032	130539652	21712	0.0186
29553102-edef-41d3-804e-bc2617c16bdf	2	130560276	130560478	2	-3.1024
29553102-edef-41d3-804e-bc2617c16bdf	2	130720375	146104517	9413	0.0178
29553102-edef-41d3-804e-bc2617c16bdf	2	146106836	146120827	26	0.6688
29553102-edef-41d3-804e-bc2617c16bdf	2	146120842	203032174	34028	0.0198
29553102-edef-41d3-804e-bc2617c16bdf	2	203035077	203035352	2	-2.5302
29553102-edef-41d3-804e-bc2617c16bdf	2	203037323	207490614	2893	0.0064
29553102-edef-41d3-804e-bc2617c16bdf	2	207490972	207494425	13	-0.7905
29553102-edef-41d3-804e-bc2617c16bdf	2	207494612	236894723	18987	0.0119
29553102-edef-41d3-804e-bc2617c16bdf	2	236894890	236895291	4	-1.1065
29553102-edef-41d3-804e-bc2617c16bdf	2	236895339	242147305	3062	0.0054
29553102-edef-41d3-804e-bc2617c16bdf	3	20930	29653395	22126	0.0148
29553102-edef-41d3-804e-bc2617c16bdf	3	29653816	29658734	11	-0.8158
29553102-edef-41d3-804e-bc2617c16bdf	3	29660979	37935926	5450	0.0115
29553102-edef-41d3-804e-bc2617c16bdf	3	37940617	37945437	18	-0.7903
29553102-edef-41d3-804e-bc2617c16bdf	3	37945615	99225614	36027	0.015
29553102-edef-41d3-804e-bc2617c16bdf	3	99225632	99232990	40	-0.4248
29553102-edef-41d3-804e-bc2617c16bdf	3	99233548	130047743	18690	0.0139
29553102-edef-41d3-804e-bc2617c16bdf	3	130057015	130087393	36	-1.405
29553102-edef-41d3-804e-bc2617c16bdf	3	130088081	162794869	20244	0.0166
29553102-edef-41d3-804e-bc2617c16bdf	3	162794951	162908784	70	0.4469
29553102-edef-41d3-804e-bc2617c16bdf	3	162908815	162996729	71	0.0557
29553102-edef-41d3-804e-bc2617c16bdf	3	162999939	163001774	2	1.4759
29553102-edef-41d3-804e-bc2617c16bdf	3	163008371	163941168	506	0.0416
29553102-edef-41d3-804e-bc2617c16bdf	3	163941170	163941173	2	1.4759
29553102-edef-41d3-804e-bc2617c16bdf	3	163941185	165304048	722	0.0025
29553102-edef-41d3-804e-bc2617c16bdf	3	165304486	165323075	11	-0.2526
29553102-edef-41d3-804e-bc2617c16bdf	3	165323760	165341484	25	-0.8763
29553102-edef-41d3-804e-bc2617c16bdf	3	165341586	165342166	7	0.1293
29553102-edef-41d3-804e-bc2617c16bdf	3	165342182	165364151	33	-0.6689
29553102-edef-41d3-804e-bc2617c16bdf	3	165367641	193160113	17756	0.0189
29553102-edef-41d3-804e-bc2617c16bdf	3	193160173	193165114	19	-0.8935
29553102-edef-41d3-804e-bc2617c16bdf	3	193168646	195549253	1479	0.0002
29553102-edef-41d3-804e-bc2617c16bdf	3	195552392	195747892	48	0.376
29553102-edef-41d3-804e-bc2617c16bdf	3	195751823	198169247	1164	0.0119
29553102-edef-41d3-804e-bc2617c16bdf	4	68929	5160764	2422	0.011
29553102-edef-41d3-804e-bc2617c16bdf	4	5163328	5177975	11	-0.6777
29553102-edef-41d3-804e-bc2617c16bdf	4	5179462	49204422	29247	0.0142
29553102-edef-41d3-804e-bc2617c16bdf	4	49214614	49289338	3	-1.4875
29553102-edef-41d3-804e-bc2617c16bdf	4	49295203	63841863	7597	0.0186
29553102-edef-41d3-804e-bc2617c16bdf	4	63841887	63842036	2	-1.5753
29553102-edef-41d3-804e-bc2617c16bdf	4	63842099	66032194	1449	0.0282
29553102-edef-41d3-804e-bc2617c16bdf	4	66032727	66034188	2	-1.454
29553102-edef-41d3-804e-bc2617c16bdf	4	66035809	68472744	1421	0.0158
29553102-edef-41d3-804e-bc2617c16bdf	4	68472846	68620122	69	0.5046
29553102-edef-41d3-804e-bc2617c16bdf	4	68620261	69257792	316	0.0174
29553102-edef-41d3-804e-bc2617c16bdf	4	69261926	69363634	52	0.4023
29553102-edef-41d3-804e-bc2617c16bdf	4	69363716	171448195	61927	0.0189
29553102-edef-41d3-804e-bc2617c16bdf	4	171453733	171456573	11	1.225
29553102-edef-41d3-804e-bc2617c16bdf	4	171456625	172066777	398	0.0135
29553102-edef-41d3-804e-bc2617c16bdf	4	172067997	172068382	12	0.7665
29553102-edef-41d3-804e-bc2617c16bdf	4	172074828	190106768	12060	0.0166
29553102-edef-41d3-804e-bc2617c16bdf	5	15532	698357	308	0.0086
29553102-edef-41d3-804e-bc2617c16bdf	5	698390	773075	23	0.3504
29553102-edef-41d3-804e-bc2617c16bdf	5	773432	1920960	607	-0.0288
29553102-edef-41d3-804e-bc2617c16bdf	5	1922644	1936428	16	-0.4928
29553102-edef-41d3-804e-bc2617c16bdf	5	1936939	2737411	752	0.0067
29553102-edef-41d3-804e-bc2617c16bdf	5	2737586	2738341	2	-1.7207
29553102-edef-41d3-804e-bc2617c16bdf	5	2754408	12791608	8467	0.006
29553102-edef-41d3-804e-bc2617c16bdf	5	12800777	12838421	15	0.7406
29553102-edef-41d3-804e-bc2617c16bdf	5	12849089	163431168	90662	0.0174
29553102-edef-41d3-804e-bc2617c16bdf	5	163435178	163435536	2	-2.0936
29553102-edef-41d3-804e-bc2617c16bdf	5	163439542	175946505	9145	0.0075
29553102-edef-41d3-804e-bc2617c16bdf	5	175960543	176009608	11	0.6488
29553102-edef-41d3-804e-bc2617c16bdf	5	176011493	180951710	2524	0.0114
29553102-edef-41d3-804e-bc2617c16bdf	5	180951888	180991103	18	0.7573
29553102-edef-41d3-804e-bc2617c16bdf	5	181006225	181363319	170	-0.0243
29553102-edef-41d3-804e-bc2617c16bdf	6	149661	254283	101	-0.0518
29553102-edef-41d3-804e-bc2617c16bdf	6	257353	294837	23	-0.626
29553102-edef-41d3-804e-bc2617c16bdf	6	302306	23060763	17561	0.0142
29553102-edef-41d3-804e-bc2617c16bdf	6	23060767	23060771	2	-1.8602
29553102-edef-41d3-804e-bc2617c16bdf	6	23064026	29882603	3959	0.0275
29553102-edef-41d3-804e-bc2617c16bdf	6	29903859	29948591	22	-0.4713
29553102-edef-41d3-804e-bc2617c16bdf	6	29948709	31309909	635	0.0076
29553102-edef-41d3-804e-bc2617c16bdf	6	31313046	31328674	12	-1.4259
29553102-edef-41d3-804e-bc2617c16bdf	6	31342147	32722250	607	0.0279
29553102-edef-41d3-804e-bc2617c16bdf	6	32723020	32723035	2	1.9251
29553102-edef-41d3-804e-bc2617c16bdf	6	32723053	52744866	12645	0.0176
29553102-edef-41d3-804e-bc2617c16bdf	6	52745832	52807658	60	-0.2428
29553102-edef-41d3-804e-bc2617c16bdf	6	52808145	54066353	934	0.0129
29553102-edef-41d3-804e-bc2617c16bdf	6	54066432	54067057	6	1.4301
29553102-edef-41d3-804e-bc2617c16bdf	6	54070550	66298393	5331	0.0253
29553102-edef-41d3-804e-bc2617c16bdf	6	66299130	66344991	61	-0.4368
29553102-edef-41d3-804e-bc2617c16bdf	6	66345068	76726815	6763	0.0122
29553102-edef-41d3-804e-bc2617c16bdf	6	76730151	76742553	14	-3.4677
29553102-edef-41d3-804e-bc2617c16bdf	6	76742665	76743040	7	-1.1425
29553102-edef-41d3-804e-bc2617c16bdf	6	76751356	78253172	976	-0.0088
29553102-edef-41d3-804e-bc2617c16bdf	6	78259348	78332002	116	0.3899
29553102-edef-41d3-804e-bc2617c16bdf	6	78332056	103286954	15446	0.0196
29553102-edef-41d3-804e-bc2617c16bdf	6	103290101	103314186	46	0.7747
29553102-edef-41d3-804e-bc2617c16bdf	6	103317795	124110629	12669	0.0185
29553102-edef-41d3-804e-bc2617c16bdf	6	124114796	124149616	21	0.5839
29553102-edef-41d3-804e-bc2617c16bdf	6	124150388	170741917	31416	0.0123
29553102-edef-41d3-804e-bc2617c16bdf	7	43355	68659	30	0.4963
29553102-edef-41d3-804e-bc2617c16bdf	7	79263	38255395	27301	0.0184
29553102-edef-41d3-804e-bc2617c16bdf	7	38258234	38263833	5	0.3868
29553102-edef-41d3-804e-bc2617c16bdf	7	38271122	38279777	6	-0.361
29553102-edef-41d3-804e-bc2617c16bdf	7	38279875	38283317	4	-1.174
29553102-edef-41d3-804e-bc2617c16bdf	7	38283884	38345240	99	-0.2841
29553102-edef-41d3-804e-bc2617c16bdf	7	38347190	43092216	3190	0.0079
29553102-edef-41d3-804e-bc2617c16bdf	7	43095650	43096477	2	-1.8366
29553102-edef-41d3-804e-bc2617c16bdf	7	43098080	54299223	7793	0.0164
29553102-edef-41d3-804e-bc2617c16bdf	7	54305455	54318824	7	-2.169
29553102-edef-41d3-804e-bc2617c16bdf	7	54325795	101409205	23354	0.0129
29553102-edef-41d3-804e-bc2617c16bdf	7	101416451	101416668	2	-1.971
29553102-edef-41d3-804e-bc2617c16bdf	7	101419630	109793728	5042	0.0179
29553102-edef-41d3-804e-bc2617c16bdf	7	109793741	109801187	26	-0.4851
29553102-edef-41d3-804e-bc2617c16bdf	7	109801572	109813853	10	-1.6985
29553102-edef-41d3-804e-bc2617c16bdf	7	109813925	134100424	14728	0.0238
29553102-edef-41d3-804e-bc2617c16bdf	7	134100442	134105690	24	0.5229
29553102-edef-41d3-804e-bc2617c16bdf	7	134110881	142062894	5196	0.0092
29553102-edef-41d3-804e-bc2617c16bdf	7	142063324	142092307	35	-0.5463
29553102-edef-41d3-804e-bc2617c16bdf	7	142099190	142493614	317	-0.0074
29553102-edef-41d3-804e-bc2617c16bdf	7	142494784	142785320	128	-0.3485
29553102-edef-41d3-804e-bc2617c16bdf	7	142785841	154598185	7169	0.0135
29553102-edef-41d3-804e-bc2617c16bdf	7	154601461	154607903	4	1.3448
29553102-edef-41d3-804e-bc2617c16bdf	7	154609120	159334314	3236	0.0011
29553102-edef-41d3-804e-bc2617c16bdf	8	81254	4144670	3696	0.0118
29553102-edef-41d3-804e-bc2617c16bdf	8	4144685	4144794	3	-2.1409
29553102-edef-41d3-804e-bc2617c16bdf	8	4145131	4145956	12	-0.2705
29553102-edef-41d3-804e-bc2617c16bdf	8	4146039	7141698	4001	0.017
29553102-edef-41d3-804e-bc2617c16bdf	8	7152073	7457047	43	-0.3847
29553102-edef-41d3-804e-bc2617c16bdf	8	7457163	7537162	7	0.4697
29553102-edef-41d3-804e-bc2617c16bdf	8	7598502	7974123	15	-0.826
29553102-edef-41d3-804e-bc2617c16bdf	8	7981252	12092042	3230	-0.0206
29553102-edef-41d3-804e-bc2617c16bdf	8	12130217	12143614	6	-2.0595
29553102-edef-41d3-804e-bc2617c16bdf	8	12176798	25116928	10431	0.0201
29553102-edef-41d3-804e-bc2617c16bdf	8	25116961	25126735	25	-1.7962
29553102-edef-41d3-804e-bc2617c16bdf	8	25133589	111282852	51028	0.0144
29553102-edef-41d3-804e-bc2617c16bdf	8	111282973	111283031	3	-2.5428
29553102-edef-41d3-804e-bc2617c16bdf	8	111288052	138210087	19016	0.0174
29553102-edef-41d3-804e-bc2617c16bdf	8	138213883	138227964	14	-0.9872
29553102-edef-41d3-804e-bc2617c16bdf	8	138234694	145072769	3864	-0.001
29553102-edef-41d3-804e-bc2617c16bdf	9	46587	17442002	15694	0.0204
29553102-edef-41d3-804e-bc2617c16bdf	9	17442087	17442118	2	-3.025
29553102-edef-41d3-804e-bc2617c16bdf	9	17447753	27252787	7504	0.0162
29553102-edef-41d3-804e-bc2617c16bdf	9	27257584	27262003	18	-1.0018
29553102-edef-41d3-804e-bc2617c16bdf	9	27264123	39588611	7912	0.0204
29553102-edef-41d3-804e-bc2617c16bdf	9	39747848	41741113	105	-0.2814
29553102-edef-41d3-804e-bc2617c16bdf	9	42014203	63580418	161	0.0903
29553102-edef-41d3-804e-bc2617c16bdf	9	63590317	63592813	7	1.607
29553102-edef-41d3-804e-bc2617c16bdf	9	63614182	138200944	48000	0.0165
29553102-edef-41d3-804e-bc2617c16bdf	10	45792	2313190	1729	0.0162
29553102-edef-41d3-804e-bc2617c16bdf	10	2313295	2315508	5	-1.3471
29553102-edef-41d3-804e-bc2617c16bdf	10	2317809	20551945	15238	0.0184
29553102-edef-41d3-804e-bc2617c16bdf	10	20561183	20564574	5	-1.5311
29553102-edef-41d3-804e-bc2617c16bdf	10	20564605	45817039	14423	0.0139
29553102-edef-41d3-804e-bc2617c16bdf	10	45936113	46560397	270	-0.1281
29553102-edef-41d3-804e-bc2617c16bdf	10	46560437	65546400	12695	0.0212
29553102-edef-41d3-804e-bc2617c16bdf	10	65546518	65554688	29	-0.3858
29553102-edef-41d3-804e-bc2617c16bdf	10	65563037	87286741	14430	0.01
29553102-edef-41d3-804e-bc2617c16bdf	10	87310039	87348659	10	-0.6589
29553102-edef-41d3-804e-bc2617c16bdf	10	87352872	122574497	23835	0.0115
29553102-edef-41d3-804e-bc2617c16bdf	10	122584593	122591497	6	-1.1949
29553102-edef-41d3-804e-bc2617c16bdf	10	122597296	133654968	7892	0.0024
29553102-edef-41d3-804e-bc2617c16bdf	11	198510	4949013	2416	0.0209
29553102-edef-41d3-804e-bc2617c16bdf	11	4949047	4952799	23	-1.2126
29553102-edef-41d3-804e-bc2617c16bdf	11	4953934	11272119	4737	0.017
29553102-edef-41d3-804e-bc2617c16bdf	11	11272254	11282704	22	-0.4508
29553102-edef-41d3-804e-bc2617c16bdf	11	11283150	55606572	27249	0.0164
29553102-edef-41d3-804e-bc2617c16bdf	11	55606712	55677512	49	-0.3785
29553102-edef-41d3-804e-bc2617c16bdf	11	55677818	101723653	28532	0.0179
29553102-edef-41d3-804e-bc2617c16bdf	11	101727129	101727233	4	1.5103
29553102-edef-41d3-804e-bc2617c16bdf	11	101727481	135074876	23701	0.0105
29553102-edef-41d3-804e-bc2617c16bdf	12	51460	9467109	6158	0.0106
29553102-edef-41d3-804e-bc2617c16bdf	12	9467513	9582373	31	-1.2259
29553102-edef-41d3-804e-bc2617c16bdf	12	9582374	11061546	1031	0.0475
29553102-edef-41d3-804e-bc2617c16bdf	12	11062773	11119926	22	-0.5764
29553102-edef-41d3-804e-bc2617c16bdf	12	11121839	34104546	16120	0.0182
29553102-edef-41d3-804e-bc2617c16bdf	12	34106209	34122471	7	-1.241
29553102-edef-41d3-804e-bc2617c16bdf	12	34122859	45506042	4988	0.0287
29553102-edef-41d3-804e-bc2617c16bdf	12	45510655	45515754	4	-2.5109
29553102-edef-41d3-804e-bc2617c16bdf	12	45519509	129722157	54232	0.016
29553102-edef-41d3-804e-bc2617c16bdf	12	129722472	129722520	2	-1.8234
29553102-edef-41d3-804e-bc2617c16bdf	12	129723186	133201603	2150	0.0004
29553102-edef-41d3-804e-bc2617c16bdf	13	18452809	31957984	9552	0.0107
29553102-edef-41d3-804e-bc2617c16bdf	13	31958485	31964286	18	-0.7673
29553102-edef-41d3-804e-bc2617c16bdf	13	31965910	37496233	3896	0.0209
29553102-edef-41d3-804e-bc2617c16bdf	13	37496998	37514250	20	0.4506
29553102-edef-41d3-804e-bc2617c16bdf	13	37514472	60833499	14750	0.0216
29553102-edef-41d3-804e-bc2617c16bdf	13	60833524	60833562	2	-2.3613
29553102-edef-41d3-804e-bc2617c16bdf	13	60835480	114342922	35819	0.0223
29553102-edef-41d3-804e-bc2617c16bdf	14	18239283	19256296	43	0.138
29553102-edef-41d3-804e-bc2617c16bdf	14	19280948	19294475	4	-1.1206
29553102-edef-41d3-804e-bc2617c16bdf	14	19298389	19650668	13	0.0972
29553102-edef-41d3-804e-bc2617c16bdf	14	19667065	19939483	96	0.3024
29553102-edef-41d3-804e-bc2617c16bdf	14	19944641	22118209	1520	0.001
29553102-edef-41d3-804e-bc2617c16bdf	14	22118439	22481502	302	-0.4461
29553102-edef-41d3-804e-bc2617c16bdf	14	22484618	22526139	61	-0.1761
29553102-edef-41d3-804e-bc2617c16bdf	14	22526849	23975815	834	0.0131
29553102-edef-41d3-804e-bc2617c16bdf	14	23976425	24019956	27	-0.5775
29553102-edef-41d3-804e-bc2617c16bdf	14	24019973	42517374	11701	0.016
29553102-edef-41d3-804e-bc2617c16bdf	14	42518302	42523231	3	-1.4376
29553102-edef-41d3-804e-bc2617c16bdf	14	42526308	85994282	27839	0.022
29553102-edef-41d3-804e-bc2617c16bdf	14	85994298	86022097	37	-0.8153
29553102-edef-41d3-804e-bc2617c16bdf	14	86023867	106340102	12564	0.0125
29553102-edef-41d3-804e-bc2617c16bdf	14	106340305	106372206	14	0.6052
29553102-edef-41d3-804e-bc2617c16bdf	14	106378645	106877229	266	0.0731
29553102-edef-41d3-804e-bc2617c16bdf	15	19811075	19998708	44	0.0046
29553102-edef-41d3-804e-bc2617c16bdf	15	20001686	22624663	176	-0.3833
29553102-edef-41d3-804e-bc2617c16bdf	15	22631647	43553305	12933	0.0161
29553102-edef-41d3-804e-bc2617c16bdf	15	43592920	43646608	22	-0.8375
29553102-edef-41d3-804e-bc2617c16bdf	15	43692744	56499443	7946	0.0226
29553102-edef-41d3-804e-bc2617c16bdf	15	56499521	56508779	12	-0.602
29553102-edef-41d3-804e-bc2617c16bdf	15	56509425	76586021	12742	0.0262
29553102-edef-41d3-804e-bc2617c16bdf	15	76598900	76603434	22	0.5336
29553102-edef-41d3-804e-bc2617c16bdf	15	76609838	101928837	17596	0.0166
29553102-edef-41d3-804e-bc2617c16bdf	16	10777	22576729	14771	0.0113
29553102-edef-41d3-804e-bc2617c16bdf	16	22579557	22710317	72	-0.3985
29553102-edef-41d3-804e-bc2617c16bdf	16	22710545	35247096	5323	0.0047
29553102-edef-41d3-804e-bc2617c16bdf	16	35252489	35761341	223	-0.1239
29553102-edef-41d3-804e-bc2617c16bdf	16	35780702	55761136	6523	0.0107
29553102-edef-41d3-804e-bc2617c16bdf	16	55762477	55788485	21	-0.5504
29553102-edef-41d3-804e-bc2617c16bdf	16	55788532	90096867	24880	0.0127
29553102-edef-41d3-804e-bc2617c16bdf	17	150733	46351954	23443	0.0164
29553102-edef-41d3-804e-bc2617c16bdf	17	46446345	46446360	2	2.9848
29553102-edef-41d3-804e-bc2617c16bdf	17	46569894	83091923	21549	0.0174
29553102-edef-41d3-804e-bc2617c16bdf	18	48133	11176381	8218	0.014
29553102-edef-41d3-804e-bc2617c16bdf	18	11176927	11177109	2	-1.6823
29553102-edef-41d3-804e-bc2617c16bdf	18	11180662	40678652	14545	0.0178
29553102-edef-41d3-804e-bc2617c16bdf	18	40678741	40685425	21	0.5255
29553102-edef-41d3-804e-bc2617c16bdf	18	40688060	52596419	8172	0.0122
29553102-edef-41d3-804e-bc2617c16bdf	18	52598284	52598449	2	-1.4975
29553102-edef-41d3-804e-bc2617c16bdf	18	52598558	66095064	9351	0.0143
29553102-edef-41d3-804e-bc2617c16bdf	18	66099904	66100686	3	-2.3164
29553102-edef-41d3-804e-bc2617c16bdf	18	66108359	80257174	10364	0.022
29553102-edef-41d3-804e-bc2617c16bdf	19	90910	58586487	29079	0.0181
29553102-edef-41d3-804e-bc2617c16bdf	20	80664	1580353	1203	0.0108
29553102-edef-41d3-804e-bc2617c16bdf	20	1580934	1613247	41	1.5353
29553102-edef-41d3-804e-bc2617c16bdf	20	1617300	64284715	41081	0.0111
29553102-edef-41d3-804e-bc2617c16bdf	20	64323342	64324800	5	-1.3644
29553102-edef-41d3-804e-bc2617c16bdf	21	10354168	27072333	10009	0.0226
29553102-edef-41d3-804e-bc2617c16bdf	21	27079051	27085616	10	-0.653
29553102-edef-41d3-804e-bc2617c16bdf	21	27087592	46677045	13817	0.0159
29553102-edef-41d3-804e-bc2617c16bdf	22	15294547	17846645	877	0.0032
29553102-edef-41d3-804e-bc2617c16bdf	22	17850983	17855590	7	-1.1087
29553102-edef-41d3-804e-bc2617c16bdf	22	17855988	50796027	22377	0.0069
29553102-edef-41d3-804e-bc2617c16bdf	X	251810	155952689	83583	0.017
29553102-edef-41d3-804e-bc2617c16bdf	Y	2782397	3442606	212	-2.7257
29553102-edef-41d3-804e-bc2617c16bdf	Y	3460727	6167430	536	-2.3319
29553102-edef-41d3-804e-bc2617c16bdf	Y	6171310	6171622	2	-7.4274
29553102-edef-41d3-804e-bc2617c16bdf	Y	6180233	56872112	5888	-2.7122
