GDC_Aliquot	Chromosome	Start	End	Num_Probes	Segment_Mean
eed2ba7d-3f38-4761-ba97-9238151b218a	1	62920	259926	16	-0.6903
eed2ba7d-3f38-4761-ba97-9238151b218a	1	266187	12779433	6462	0.0138
eed2ba7d-3f38-4761-ba97-9238151b218a	1	12792599	13012913	34	-0.7302
eed2ba7d-3f38-4761-ba97-9238151b218a	1	13110913	15823420	1814	0.0122
eed2ba7d-3f38-4761-ba97-9238151b218a	1	15827002	15827430	6	-2.0891
eed2ba7d-3f38-4761-ba97-9238151b218a	1	15827706	21992508	3752	0.0098
eed2ba7d-3f38-4761-ba97-9238151b218a	1	21996664	22015896	7	-1.1243
eed2ba7d-3f38-4761-ba97-9238151b218a	1	22017709	25256850	1906	0.0174
eed2ba7d-3f38-4761-ba97-9238151b218a	1	25266637	25320198	22	-2.048
eed2ba7d-3f38-4761-ba97-9238151b218a	1	25320253	34626073	4944	0.0058
eed2ba7d-3f38-4761-ba97-9238151b218a	1	34637053	34638890	20	-0.6384
eed2ba7d-3f38-4761-ba97-9238151b218a	1	34648667	60511630	15596	0.0059
eed2ba7d-3f38-4761-ba97-9238151b218a	1	60517529	60518110	4	-1.1323
eed2ba7d-3f38-4761-ba97-9238151b218a	1	60519714	72303253	8148	0.013
eed2ba7d-3f38-4761-ba97-9238151b218a	1	72305460	72345465	44	-1.4727
eed2ba7d-3f38-4761-ba97-9238151b218a	1	72346221	105476583	20946	0.0126
eed2ba7d-3f38-4761-ba97-9238151b218a	1	105476614	105479753	16	-1.8979
eed2ba7d-3f38-4761-ba97-9238151b218a	1	105481433	109684893	2631	0.0108
eed2ba7d-3f38-4761-ba97-9238151b218a	1	109690352	109692006	10	1.0652
eed2ba7d-3f38-4761-ba97-9238151b218a	1	109696900	112147589	1950	0.0067
eed2ba7d-3f38-4761-ba97-9238151b218a	1	112147626	112154619	25	-0.4708
eed2ba7d-3f38-4761-ba97-9238151b218a	1	112154754	148319078	6108	0.0135
eed2ba7d-3f38-4761-ba97-9238151b218a	1	148319338	149844633	68	-0.2254
eed2ba7d-3f38-4761-ba97-9238151b218a	1	149844715	151375049	688	0.0236
eed2ba7d-3f38-4761-ba97-9238151b218a	1	151375224	151375344	2	-2.2954
eed2ba7d-3f38-4761-ba97-9238151b218a	1	151375579	158774875	4487	0.0037
eed2ba7d-3f38-4761-ba97-9238151b218a	1	158775863	158776090	2	-1.925
eed2ba7d-3f38-4761-ba97-9238151b218a	1	158776360	193186662	23534	0.0113
eed2ba7d-3f38-4761-ba97-9238151b218a	1	193187149	193187218	4	-1.3492
eed2ba7d-3f38-4761-ba97-9238151b218a	1	193190593	196758720	2397	-0.0011
eed2ba7d-3f38-4761-ba97-9238151b218a	1	196761905	196832525	56	-0.6672
eed2ba7d-3f38-4761-ba97-9238151b218a	1	196832720	199142235	1379	0.0013
eed2ba7d-3f38-4761-ba97-9238151b218a	1	199142298	199144712	8	-2.2956
eed2ba7d-3f38-4761-ba97-9238151b218a	1	199145110	210432558	7746	0.0081
eed2ba7d-3f38-4761-ba97-9238151b218a	1	210432626	210435736	6	-1.1189
eed2ba7d-3f38-4761-ba97-9238151b218a	1	210436070	228543976	11965	0.0031
eed2ba7d-3f38-4761-ba97-9238151b218a	1	228552420	228553446	2	-2.1688
eed2ba7d-3f38-4761-ba97-9238151b218a	1	228656037	248446755	14470	0.0131
eed2ba7d-3f38-4761-ba97-9238151b218a	1	248447206	248457862	2	-1.9485
eed2ba7d-3f38-4761-ba97-9238151b218a	1	248458096	248930189	198	0.0378
eed2ba7d-3f38-4761-ba97-9238151b218a	2	12784	34295406	23964	0.0063
eed2ba7d-3f38-4761-ba97-9238151b218a	2	34298911	34300513	2	-1.7188
eed2ba7d-3f38-4761-ba97-9238151b218a	2	34300900	34466002	95	0.0116
eed2ba7d-3f38-4761-ba97-9238151b218a	2	34474248	34511990	46	0.5523
eed2ba7d-3f38-4761-ba97-9238151b218a	2	34512096	39526740	3604	0.0053
eed2ba7d-3f38-4761-ba97-9238151b218a	2	39526975	39527009	2	-2.1572
eed2ba7d-3f38-4761-ba97-9238151b218a	2	39527052	54374769	10793	0.011
eed2ba7d-3f38-4761-ba97-9238151b218a	2	54375678	54379055	5	-1.5279
eed2ba7d-3f38-4761-ba97-9238151b218a	2	54380710	59400017	3408	0.0087
eed2ba7d-3f38-4761-ba97-9238151b218a	2	59411121	59417321	3	-1.2032
eed2ba7d-3f38-4761-ba97-9238151b218a	2	59417707	59525056	76	0.0219
eed2ba7d-3f38-4761-ba97-9238151b218a	2	59527713	59528643	3	-1.021
eed2ba7d-3f38-4761-ba97-9238151b218a	2	59529843	60399111	702	-0.0152
eed2ba7d-3f38-4761-ba97-9238151b218a	2	60399687	60401540	2	-2.0257
eed2ba7d-3f38-4761-ba97-9238151b218a	2	60401778	75148053	8903	0.0053
eed2ba7d-3f38-4761-ba97-9238151b218a	2	75154574	75154670	4	-1.2767
eed2ba7d-3f38-4761-ba97-9238151b218a	2	75154711	86710564	7430	0.0066
eed2ba7d-3f38-4761-ba97-9238151b218a	2	86725947	86726731	2	-2.1087
eed2ba7d-3f38-4761-ba97-9238151b218a	2	86743283	106265177	7501	-0.0003
eed2ba7d-3f38-4761-ba97-9238151b218a	2	106266773	106268901	8	0.9825
eed2ba7d-3f38-4761-ba97-9238151b218a	2	106270799	122719438	9479	0.0078
eed2ba7d-3f38-4761-ba97-9238151b218a	2	122722323	122724665	8	-0.8201
eed2ba7d-3f38-4761-ba97-9238151b218a	2	122726077	129229318	4188	0.0107
eed2ba7d-3f38-4761-ba97-9238151b218a	2	129231356	129782082	419	-1.0763
eed2ba7d-3f38-4761-ba97-9238151b218a	2	129783197	163780342	20310	0.01
eed2ba7d-3f38-4761-ba97-9238151b218a	2	163786978	163788616	5	-1.1843
eed2ba7d-3f38-4761-ba97-9238151b218a	2	163790132	179196928	9676	-0.0011
eed2ba7d-3f38-4761-ba97-9238151b218a	2	179202465	179214417	3	-1.8073
eed2ba7d-3f38-4761-ba97-9238151b218a	2	179218864	179223778	5	-0.2959
eed2ba7d-3f38-4761-ba97-9238151b218a	2	179224039	179544743	205	0.0205
eed2ba7d-3f38-4761-ba97-9238151b218a	2	179544756	179553606	10	-0.353
eed2ba7d-3f38-4761-ba97-9238151b218a	2	179553661	179556770	20	-1.3374
eed2ba7d-3f38-4761-ba97-9238151b218a	2	179556785	193621911	8257	0.0061
eed2ba7d-3f38-4761-ba97-9238151b218a	2	193625479	193640939	7	-0.9376
eed2ba7d-3f38-4761-ba97-9238151b218a	2	193641980	212316597	11236	0.0033
eed2ba7d-3f38-4761-ba97-9238151b218a	2	212321824	212327101	25	-0.817
eed2ba7d-3f38-4761-ba97-9238151b218a	2	212327402	232371275	12791	0.0074
eed2ba7d-3f38-4761-ba97-9238151b218a	2	232372012	232438231	60	-0.2374
eed2ba7d-3f38-4761-ba97-9238151b218a	2	232442126	241831203	6018	-0.0021
eed2ba7d-3f38-4761-ba97-9238151b218a	2	241832814	241832881	2	1.6706
eed2ba7d-3f38-4761-ba97-9238151b218a	2	241840119	242147305	131	0.0294
eed2ba7d-3f38-4761-ba97-9238151b218a	3	20930	16197556	12882	0.0029
eed2ba7d-3f38-4761-ba97-9238151b218a	3	16199049	16199672	6	-3.3441
eed2ba7d-3f38-4761-ba97-9238151b218a	3	16199818	17488053	844	-0.0018
eed2ba7d-3f38-4761-ba97-9238151b218a	3	17488456	17502521	5	-1.0426
eed2ba7d-3f38-4761-ba97-9238151b218a	3	17504946	37935926	13868	0.0031
eed2ba7d-3f38-4761-ba97-9238151b218a	3	37940617	37942957	14	-0.9689
eed2ba7d-3f38-4761-ba97-9238151b218a	3	37945316	68697013	20139	0.0036
eed2ba7d-3f38-4761-ba97-9238151b218a	3	68697108	68699607	15	0.9626
eed2ba7d-3f38-4761-ba97-9238151b218a	3	68699635	99225754	15908	0.0057
eed2ba7d-3f38-4761-ba97-9238151b218a	3	99225775	99230470	32	-0.5921
eed2ba7d-3f38-4761-ba97-9238151b218a	3	99230577	130035506	18698	0.0016
eed2ba7d-3f38-4761-ba97-9238151b218a	3	130035762	130075961	36	-0.3429
eed2ba7d-3f38-4761-ba97-9238151b218a	3	130079892	136300257	4030	0.0042
eed2ba7d-3f38-4761-ba97-9238151b218a	3	136304109	136306584	2	-3.0029
eed2ba7d-3f38-4761-ba97-9238151b218a	3	136319699	163944583	16882	0.0055
eed2ba7d-3f38-4761-ba97-9238151b218a	3	163944636	163944933	2	-1.9771
eed2ba7d-3f38-4761-ba97-9238151b218a	3	163945063	193160804	18574	0.0059
eed2ba7d-3f38-4761-ba97-9238151b218a	3	193161032	193161217	2	-1.9065
eed2ba7d-3f38-4761-ba97-9238151b218a	3	193162684	194913859	1171	0.0003
eed2ba7d-3f38-4761-ba97-9238151b218a	3	194920587	194921751	6	-0.9081
eed2ba7d-3f38-4761-ba97-9238151b218a	3	194921899	195934679	441	0.016
eed2ba7d-3f38-4761-ba97-9238151b218a	3	195963975	195973611	2	-1.7667
eed2ba7d-3f38-4761-ba97-9238151b218a	3	195974244	198169247	1084	0.0015
eed2ba7d-3f38-4761-ba97-9238151b218a	4	68929	10270469	5773	0.0014
eed2ba7d-3f38-4761-ba97-9238151b218a	4	10271164	10272578	7	-1.2394
eed2ba7d-3f38-4761-ba97-9238151b218a	4	10273002	10379058	113	-0.0207
eed2ba7d-3f38-4761-ba97-9238151b218a	4	10381381	10401122	26	0.392
eed2ba7d-3f38-4761-ba97-9238151b218a	4	10401140	34777432	16786	0.0063
eed2ba7d-3f38-4761-ba97-9238151b218a	4	34784878	34828291	40	0.5424
eed2ba7d-3f38-4761-ba97-9238151b218a	4	34828306	63828222	16551	0.01
eed2ba7d-3f38-4761-ba97-9238151b218a	4	63831751	63842540	28	-1.4854
eed2ba7d-3f38-4761-ba97-9238151b218a	4	63850713	69523998	3418	0.0039
eed2ba7d-3f38-4761-ba97-9238151b218a	4	69524143	69525061	2	-2.7902
eed2ba7d-3f38-4761-ba97-9238151b218a	4	69526170	91148753	13483	0.0085
eed2ba7d-3f38-4761-ba97-9238151b218a	4	91152891	91159466	7	-1.0741
eed2ba7d-3f38-4761-ba97-9238151b218a	4	91160414	103288129	7042	0.0104
eed2ba7d-3f38-4761-ba97-9238151b218a	4	103288160	103293872	11	-0.5503
eed2ba7d-3f38-4761-ba97-9238151b218a	4	103294549	107129798	2229	0.0136
eed2ba7d-3f38-4761-ba97-9238151b218a	4	107130169	107155376	40	-0.511
eed2ba7d-3f38-4761-ba97-9238151b218a	4	107156277	118357943	6941	0.0076
eed2ba7d-3f38-4761-ba97-9238151b218a	4	118364877	118385155	10	-0.7175
eed2ba7d-3f38-4761-ba97-9238151b218a	4	118385358	121360818	1819	-0.0102
eed2ba7d-3f38-4761-ba97-9238151b218a	4	121361313	121369976	29	-0.9194
eed2ba7d-3f38-4761-ba97-9238151b218a	4	121370367	129254594	4414	0.0059
eed2ba7d-3f38-4761-ba97-9238151b218a	4	129255330	129257175	2	-2.0013
eed2ba7d-3f38-4761-ba97-9238151b218a	4	129258419	137168393	4448	0.0085
eed2ba7d-3f38-4761-ba97-9238151b218a	4	137170949	137171772	13	-0.8086
eed2ba7d-3f38-4761-ba97-9238151b218a	4	137171784	160958989	14703	0.0017
eed2ba7d-3f38-4761-ba97-9238151b218a	4	160959045	160963448	17	-0.6962
eed2ba7d-3f38-4761-ba97-9238151b218a	4	160963756	161031076	59	0.0726
eed2ba7d-3f38-4761-ba97-9238151b218a	4	161031261	161042367	16	0.7341
eed2ba7d-3f38-4761-ba97-9238151b218a	4	161042413	161064659	13	0.2591
eed2ba7d-3f38-4761-ba97-9238151b218a	4	161066841	161082114	13	0.7415
eed2ba7d-3f38-4761-ba97-9238151b218a	4	161085672	171446624	6559	0.0131
eed2ba7d-3f38-4761-ba97-9238151b218a	4	171447291	171456559	13	-0.9685
eed2ba7d-3f38-4761-ba97-9238151b218a	4	171456573	172501371	642	0.007
eed2ba7d-3f38-4761-ba97-9238151b218a	4	172503796	172507492	7	0.9392
eed2ba7d-3f38-4761-ba97-9238151b218a	4	172519981	184129476	7814	0.0104
eed2ba7d-3f38-4761-ba97-9238151b218a	4	184136420	184137072	2	-1.608
eed2ba7d-3f38-4761-ba97-9238151b218a	4	184139569	188299749	2874	0.0091
eed2ba7d-3f38-4761-ba97-9238151b218a	4	188300076	188300104	2	-1.7349
eed2ba7d-3f38-4761-ba97-9238151b218a	4	188300206	188300270	3	2.3147
eed2ba7d-3f38-4761-ba97-9238151b218a	4	188300285	188301899	3	0.8182
eed2ba7d-3f38-4761-ba97-9238151b218a	4	188301957	188512737	198	-0.0114
eed2ba7d-3f38-4761-ba97-9238151b218a	4	188512772	188515761	9	0.6225
eed2ba7d-3f38-4761-ba97-9238151b218a	4	188515932	188516256	8	-4.1241
eed2ba7d-3f38-4761-ba97-9238151b218a	4	188518718	190106768	924	0.0265
eed2ba7d-3f38-4761-ba97-9238151b218a	5	15532	685633	305	0.0054
eed2ba7d-3f38-4761-ba97-9238151b218a	5	698256	808932	32	0.4168
eed2ba7d-3f38-4761-ba97-9238151b218a	5	817735	46271828	30310	0.0127
eed2ba7d-3f38-4761-ba97-9238151b218a	5	46272419	46273400	5	-2.8355
eed2ba7d-3f38-4761-ba97-9238151b218a	5	46278110	58025759	5070	0.003
eed2ba7d-3f38-4761-ba97-9238151b218a	5	58025819	58042530	34	-0.4458
eed2ba7d-3f38-4761-ba97-9238151b218a	5	58044246	152135923	57573	0.0056
eed2ba7d-3f38-4761-ba97-9238151b218a	5	152135937	152140710	11	-1.1061
eed2ba7d-3f38-4761-ba97-9238151b218a	5	152140861	181363319	19446	0.0066
eed2ba7d-3f38-4761-ba97-9238151b218a	6	149661	253861	99	0.0308
eed2ba7d-3f38-4761-ba97-9238151b218a	6	254267	294837	25	-0.6712
eed2ba7d-3f38-4761-ba97-9238151b218a	6	302306	380821	77	0.2074
eed2ba7d-3f38-4761-ba97-9238151b218a	6	381149	3430205	2479	-0.0117
eed2ba7d-3f38-4761-ba97-9238151b218a	6	3430253	3432961	4	-1.4125
eed2ba7d-3f38-4761-ba97-9238151b218a	6	3433084	26739499	17535	0.0023
eed2ba7d-3f38-4761-ba97-9238151b218a	6	26743855	26759781	6	-1.0555
eed2ba7d-3f38-4761-ba97-9238151b218a	6	26831719	29869295	1413	-0.0103
eed2ba7d-3f38-4761-ba97-9238151b218a	6	29869410	29933799	36	0.8722
eed2ba7d-3f38-4761-ba97-9238151b218a	6	29940692	31319445	644	0.0006
eed2ba7d-3f38-4761-ba97-9238151b218a	6	31319724	31328674	6	-1.3109
eed2ba7d-3f38-4761-ba97-9238151b218a	6	31342147	32614426	543	-0.0103
eed2ba7d-3f38-4761-ba97-9238151b218a	6	32619131	32641650	14	-0.9699
eed2ba7d-3f38-4761-ba97-9238151b218a	6	32656527	32658841	6	0.6919
eed2ba7d-3f38-4761-ba97-9238151b218a	6	32682835	32718088	35	-0.0305
eed2ba7d-3f38-4761-ba97-9238151b218a	6	32718419	32723053	12	0.8359
eed2ba7d-3f38-4761-ba97-9238151b218a	6	32732907	33740999	569	0.0321
eed2ba7d-3f38-4761-ba97-9238151b218a	6	33742243	33742261	2	-1.4884
eed2ba7d-3f38-4761-ba97-9238151b218a	6	33745833	50925015	10861	0.0046
eed2ba7d-3f38-4761-ba97-9238151b218a	6	50925538	50925578	2	1.7195
eed2ba7d-3f38-4761-ba97-9238151b218a	6	50931560	78253172	15364	0.0072
eed2ba7d-3f38-4761-ba97-9238151b218a	6	78259348	78322600	108	0.5906
eed2ba7d-3f38-4761-ba97-9238151b218a	6	78322875	103286954	15478	0.0061
eed2ba7d-3f38-4761-ba97-9238151b218a	6	103290101	103314186	46	-1.2359
eed2ba7d-3f38-4761-ba97-9238151b218a	6	103317795	170741917	44157	0.0053
eed2ba7d-3f38-4761-ba97-9238151b218a	7	43355	5892264	3060	0.0124
eed2ba7d-3f38-4761-ba97-9238151b218a	7	5895161	5999094	18	-0.47
eed2ba7d-3f38-4761-ba97-9238151b218a	7	5999270	15392007	7299	0.0068
eed2ba7d-3f38-4761-ba97-9238151b218a	7	15392045	15393664	2	-1.7916
eed2ba7d-3f38-4761-ba97-9238151b218a	7	15394440	17462707	1648	0.0151
eed2ba7d-3f38-4761-ba97-9238151b218a	7	17464515	17464569	2	1.8987
eed2ba7d-3f38-4761-ba97-9238151b218a	7	17465005	38233729	15314	0.0074
eed2ba7d-3f38-4761-ba97-9238151b218a	7	38234132	38368593	141	0.2138
eed2ba7d-3f38-4761-ba97-9238151b218a	7	38368878	43233688	3287	0.0075
eed2ba7d-3f38-4761-ba97-9238151b218a	7	43234123	43250941	15	-0.6681
eed2ba7d-3f38-4761-ba97-9238151b218a	7	43252724	54318812	7682	0.0148
eed2ba7d-3f38-4761-ba97-9238151b218a	7	54318816	54318824	5	-1.301
eed2ba7d-3f38-4761-ba97-9238151b218a	7	54325795	56717979	1572	0.0125
eed2ba7d-3f38-4761-ba97-9238151b218a	7	56718152	56718707	2	-1.692
eed2ba7d-3f38-4761-ba97-9238151b218a	7	56727795	56997653	41	-0.008
eed2ba7d-3f38-4761-ba97-9238151b218a	7	56999885	57016425	3	-1.4604
eed2ba7d-3f38-4761-ba97-9238151b218a	7	57048761	70955452	4505	0.0047
eed2ba7d-3f38-4761-ba97-9238151b218a	7	70958264	70961155	2	-2.766
eed2ba7d-3f38-4761-ba97-9238151b218a	7	70963257	109789993	22290	0.0062
eed2ba7d-3f38-4761-ba97-9238151b218a	7	109793690	109813853	39	0.4904
eed2ba7d-3f38-4761-ba97-9238151b218a	7	109813925	116285536	3879	0.0139
eed2ba7d-3f38-4761-ba97-9238151b218a	7	116287872	116288905	5	-1.3938
eed2ba7d-3f38-4761-ba97-9238151b218a	7	116288983	126404920	6143	0.006
eed2ba7d-3f38-4761-ba97-9238151b218a	7	126405428	126406561	12	1.0495
eed2ba7d-3f38-4761-ba97-9238151b218a	7	126406822	144012184	11004	0.0044
eed2ba7d-3f38-4761-ba97-9238151b218a	7	144012204	144014058	15	-0.6506
eed2ba7d-3f38-4761-ba97-9238151b218a	7	144014076	144264193	146	0.0161
eed2ba7d-3f38-4761-ba97-9238151b218a	7	144295437	144306653	2	-2.1803
eed2ba7d-3f38-4761-ba97-9238151b218a	7	144312471	159334314	9644	0.01
eed2ba7d-3f38-4761-ba97-9238151b218a	8	81254	4145783	3709	0.0173
eed2ba7d-3f38-4761-ba97-9238151b218a	8	4145941	4145956	2	-3.3694
eed2ba7d-3f38-4761-ba97-9238151b218a	8	4146039	16404738	10870	0.0154
eed2ba7d-3f38-4761-ba97-9238151b218a	8	16404755	16417152	26	-0.5066
eed2ba7d-3f38-4761-ba97-9238151b218a	8	16421186	39373140	15894	0.0028
eed2ba7d-3f38-4761-ba97-9238151b218a	8	39378084	39529446	58	-2.197
eed2ba7d-3f38-4761-ba97-9238151b218a	8	39530780	40914477	1073	0.0062
eed2ba7d-3f38-4761-ba97-9238151b218a	8	40920333	40920952	2	-2.411
eed2ba7d-3f38-4761-ba97-9238151b218a	8	40926161	91101034	28611	0.0093
eed2ba7d-3f38-4761-ba97-9238151b218a	8	91106779	91173841	42	-0.918
eed2ba7d-3f38-4761-ba97-9238151b218a	8	91174785	94545084	1987	-0.0151
eed2ba7d-3f38-4761-ba97-9238151b218a	8	94545324	94545764	7	1.2185
eed2ba7d-3f38-4761-ba97-9238151b218a	8	94545887	111282237	10255	0.0077
eed2ba7d-3f38-4761-ba97-9238151b218a	8	111282417	111282441	2	1.5064
eed2ba7d-3f38-4761-ba97-9238151b218a	8	111282809	114622325	1828	0.0133
eed2ba7d-3f38-4761-ba97-9238151b218a	8	114622424	114629502	33	-0.5086
eed2ba7d-3f38-4761-ba97-9238151b218a	8	114638468	128177578	9380	0.0129
eed2ba7d-3f38-4761-ba97-9238151b218a	8	128178044	128178148	2	-1.907
eed2ba7d-3f38-4761-ba97-9238151b218a	8	128178298	145072769	11655	0.0033
eed2ba7d-3f38-4761-ba97-9238151b218a	9	46587	1446459	1459	-0.0083
eed2ba7d-3f38-4761-ba97-9238151b218a	9	1446987	1450320	12	-1.3508
eed2ba7d-3f38-4761-ba97-9238151b218a	9	1453039	6682871	4891	0.0129
eed2ba7d-3f38-4761-ba97-9238151b218a	9	6684753	6708357	17	-0.9961
eed2ba7d-3f38-4761-ba97-9238151b218a	9	6712314	7052442	300	-0.0277
eed2ba7d-3f38-4761-ba97-9238151b218a	9	7055236	7055489	3	-1.6836
eed2ba7d-3f38-4761-ba97-9238151b218a	9	7057302	39807498	24491	0.0107
eed2ba7d-3f38-4761-ba97-9238151b218a	9	39827488	39833357	2	-2.1662
eed2ba7d-3f38-4761-ba97-9238151b218a	9	39840169	61561095	210	-0.0328
eed2ba7d-3f38-4761-ba97-9238151b218a	9	61566296	61572014	2	-2.0587
eed2ba7d-3f38-4761-ba97-9238151b218a	9	61573452	138200944	48059	0.0092
eed2ba7d-3f38-4761-ba97-9238151b218a	10	45792	6362738	5379	0.0096
eed2ba7d-3f38-4761-ba97-9238151b218a	10	6365775	6368170	2	-1.7401
eed2ba7d-3f38-4761-ba97-9238151b218a	10	6368325	20501297	11546	0.0052
eed2ba7d-3f38-4761-ba97-9238151b218a	10	20501307	20501932	2	-1.6738
eed2ba7d-3f38-4761-ba97-9238151b218a	10	20503367	32664152	8343	0.0118
eed2ba7d-3f38-4761-ba97-9238151b218a	10	32664245	32666158	20	-0.4143
eed2ba7d-3f38-4761-ba97-9238151b218a	10	32666177	45569813	6055	0.0166
eed2ba7d-3f38-4761-ba97-9238151b218a	10	45574604	45592613	14	-0.5083
eed2ba7d-3f38-4761-ba97-9238151b218a	10	45593515	46233532	152	0.0027
eed2ba7d-3f38-4761-ba97-9238151b218a	10	46234075	46238151	3	-1.4544
eed2ba7d-3f38-4761-ba97-9238151b218a	10	46238316	48084420	483	0.0175
eed2ba7d-3f38-4761-ba97-9238151b218a	10	48084439	48114825	2	-1.8212
eed2ba7d-3f38-4761-ba97-9238151b218a	10	48114838	56756643	6231	0.0132
eed2ba7d-3f38-4761-ba97-9238151b218a	10	56756761	56776292	43	-0.5471
eed2ba7d-3f38-4761-ba97-9238151b218a	10	56776303	57443289	547	0.021
eed2ba7d-3f38-4761-ba97-9238151b218a	10	57450745	57451013	4	-2.0469
eed2ba7d-3f38-4761-ba97-9238151b218a	10	57458735	65548178	5553	0.0008
eed2ba7d-3f38-4761-ba97-9238151b218a	10	65548193	65554688	26	-0.5145
eed2ba7d-3f38-4761-ba97-9238151b218a	10	65563037	80191665	9442	0.0111
eed2ba7d-3f38-4761-ba97-9238151b218a	10	80194582	80194616	2	-1.6589
eed2ba7d-3f38-4761-ba97-9238151b218a	10	80194672	93149660	8824	0.0117
eed2ba7d-3f38-4761-ba97-9238151b218a	10	93150376	93151543	4	-1.3499
eed2ba7d-3f38-4761-ba97-9238151b218a	10	93158691	105296521	7375	0
eed2ba7d-3f38-4761-ba97-9238151b218a	10	105297280	105299412	3	-2.448
eed2ba7d-3f38-4761-ba97-9238151b218a	10	105302718	129626732	17873	0.0081
eed2ba7d-3f38-4761-ba97-9238151b218a	10	129628526	129634770	14	-1.0811
eed2ba7d-3f38-4761-ba97-9238151b218a	10	129637872	133654968	2639	0.0022
eed2ba7d-3f38-4761-ba97-9238151b218a	11	198510	4241343	1741	-0.0033
eed2ba7d-3f38-4761-ba97-9238151b218a	11	4247390	4274526	8	-1.0895
eed2ba7d-3f38-4761-ba97-9238151b218a	11	4280126	4705210	393	-0.012
eed2ba7d-3f38-4761-ba97-9238151b218a	11	4705388	4705661	5	-1.1611
eed2ba7d-3f38-4761-ba97-9238151b218a	11	4707904	5757293	1072	-0.0168
eed2ba7d-3f38-4761-ba97-9238151b218a	11	5761695	5787909	41	0.4172
eed2ba7d-3f38-4761-ba97-9238151b218a	11	5788108	55608804	31207	0.0063
eed2ba7d-3f38-4761-ba97-9238151b218a	11	55609022	55685533	51	0.4056
eed2ba7d-3f38-4761-ba97-9238151b218a	11	55686100	101723653	28535	0.0059
eed2ba7d-3f38-4761-ba97-9238151b218a	11	101727129	101727233	4	1.9312
eed2ba7d-3f38-4761-ba97-9238151b218a	11	101727481	128468346	18599	0.0091
eed2ba7d-3f38-4761-ba97-9238151b218a	11	128468419	128469911	8	-1.8066
eed2ba7d-3f38-4761-ba97-9238151b218a	11	128469929	134368495	4520	0.0015
eed2ba7d-3f38-4761-ba97-9238151b218a	11	134373155	134374229	3	-1.484
eed2ba7d-3f38-4761-ba97-9238151b218a	11	134375390	135074876	571	0.0109
eed2ba7d-3f38-4761-ba97-9238151b218a	12	51460	11068125	7227	0.0056
eed2ba7d-3f38-4761-ba97-9238151b218a	12	11070111	11088933	9	-1.5836
eed2ba7d-3f38-4761-ba97-9238151b218a	12	11099275	11358644	133	-0.0049
eed2ba7d-3f38-4761-ba97-9238151b218a	12	11359558	11399258	30	-0.8643
eed2ba7d-3f38-4761-ba97-9238151b218a	12	11399668	12383363	823	0.0019
eed2ba7d-3f38-4761-ba97-9238151b218a	12	12383481	12389946	16	-1.0399
eed2ba7d-3f38-4761-ba97-9238151b218a	12	12389980	33141710	14534	0.0054
eed2ba7d-3f38-4761-ba97-9238151b218a	12	33141726	33154144	27	0.4863
eed2ba7d-3f38-4761-ba97-9238151b218a	12	33154440	58327273	12768	0.0082
eed2ba7d-3f38-4761-ba97-9238151b218a	12	58327297	58336379	7	-1.0349
eed2ba7d-3f38-4761-ba97-9238151b218a	12	58337065	63685755	3473	-0.0028
eed2ba7d-3f38-4761-ba97-9238151b218a	12	63690554	63705172	12	-0.5276
eed2ba7d-3f38-4761-ba97-9238151b218a	12	63710609	73404403	6360	0.0062
eed2ba7d-3f38-4761-ba97-9238151b218a	12	73405030	73423989	7	-1.1967
eed2ba7d-3f38-4761-ba97-9238151b218a	12	73424728	133201603	39356	0.007
eed2ba7d-3f38-4761-ba97-9238151b218a	13	18452809	23058721	2856	0.0099
eed2ba7d-3f38-4761-ba97-9238151b218a	13	23058737	23059376	10	-0.6381
eed2ba7d-3f38-4761-ba97-9238151b218a	13	23064056	31957984	6690	0.0083
eed2ba7d-3f38-4761-ba97-9238151b218a	13	31958485	31963486	10	-1.7069
eed2ba7d-3f38-4761-ba97-9238151b218a	13	31963595	38478674	4622	0.0004
eed2ba7d-3f38-4761-ba97-9238151b218a	13	38483435	38483919	2	-1.6769
eed2ba7d-3f38-4761-ba97-9238151b218a	13	38490920	57176962	11812	0.0093
eed2ba7d-3f38-4761-ba97-9238151b218a	13	57184136	57204246	34	-0.6771
eed2ba7d-3f38-4761-ba97-9238151b218a	13	57215580	114342922	38064	0.0052
eed2ba7d-3f38-4761-ba97-9238151b218a	14	18239283	18646056	16	0.0235
eed2ba7d-3f38-4761-ba97-9238151b218a	14	18656322	19954424	150	0.3375
eed2ba7d-3f38-4761-ba97-9238151b218a	14	19955213	21952555	1386	0.0112
eed2ba7d-3f38-4761-ba97-9238151b218a	14	21952614	22509114	480	0.1752
eed2ba7d-3f38-4761-ba97-9238151b218a	14	22509351	41139155	11727	0.0053
eed2ba7d-3f38-4761-ba97-9238151b218a	14	41141293	41188046	13	-2.8162
eed2ba7d-3f38-4761-ba97-9238151b218a	14	41188146	106320716	41312	0.0061
eed2ba7d-3f38-4761-ba97-9238151b218a	14	106321086	106369985	13	0.6982
eed2ba7d-3f38-4761-ba97-9238151b218a	14	106370181	106719325	197	0.0892
eed2ba7d-3f38-4761-ba97-9238151b218a	14	106769689	106770361	4	-0.9784
eed2ba7d-3f38-4761-ba97-9238151b218a	14	106775945	106877229	68	0.0502
eed2ba7d-3f38-4761-ba97-9238151b218a	15	19811075	20376311	95	0.0799
eed2ba7d-3f38-4761-ba97-9238151b218a	15	20380735	20381704	10	-0.8025
eed2ba7d-3f38-4761-ba97-9238151b218a	15	20384774	20986997	50	-0.0428
eed2ba7d-3f38-4761-ba97-9238151b218a	15	20988347	21096887	12	-0.7613
eed2ba7d-3f38-4761-ba97-9238151b218a	15	21262847	22751152	85	0.1476
eed2ba7d-3f38-4761-ba97-9238151b218a	15	22754420	22766001	3	-1.4673
eed2ba7d-3f38-4761-ba97-9238151b218a	15	22771708	24424598	944	0.0302
eed2ba7d-3f38-4761-ba97-9238151b218a	15	24429604	24473026	33	-2.0521
eed2ba7d-3f38-4761-ba97-9238151b218a	15	24473449	30252720	3604	0.0087
eed2ba7d-3f38-4761-ba97-9238151b218a	15	30253290	30269364	4	-1.3126
eed2ba7d-3f38-4761-ba97-9238151b218a	15	30281107	69135960	24856	0.0114
eed2ba7d-3f38-4761-ba97-9238151b218a	15	69137335	69137677	2	-2.3079
eed2ba7d-3f38-4761-ba97-9238151b218a	15	69144988	101928837	21810	0.0097
eed2ba7d-3f38-4761-ba97-9238151b218a	16	10777	55761136	26912	0.0044
eed2ba7d-3f38-4761-ba97-9238151b218a	16	55762477	55782734	18	-0.9591
eed2ba7d-3f38-4761-ba97-9238151b218a	16	55782793	90096867	24899	0.0129
eed2ba7d-3f38-4761-ba97-9238151b218a	17	150733	32059530	15239	0.0054
eed2ba7d-3f38-4761-ba97-9238151b218a	17	32068619	32071714	3	-1.7829
eed2ba7d-3f38-4761-ba97-9238151b218a	17	32073864	41266825	5556	0.0051
eed2ba7d-3f38-4761-ba97-9238151b218a	17	41266838	41274279	20	-0.6865
eed2ba7d-3f38-4761-ba97-9238151b218a	17	41276472	46118359	2514	0.0053
eed2ba7d-3f38-4761-ba97-9238151b218a	17	46120237	46284643	101	-0.2341
eed2ba7d-3f38-4761-ba97-9238151b218a	17	46284997	57610128	7003	0.003
eed2ba7d-3f38-4761-ba97-9238151b218a	17	57610972	57611632	2	-1.879
eed2ba7d-3f38-4761-ba97-9238151b218a	17	57614632	83091923	14539	0.0028
eed2ba7d-3f38-4761-ba97-9238151b218a	18	48133	26785899	13868	0.0029
eed2ba7d-3f38-4761-ba97-9238151b218a	18	26785951	26786181	3	-2.6775
eed2ba7d-3f38-4761-ba97-9238151b218a	18	26786415	80257174	36845	0.0071
eed2ba7d-3f38-4761-ba97-9238151b218a	19	90910	35358420	16686	0.0049
eed2ba7d-3f38-4761-ba97-9238151b218a	19	35364451	35370946	21	-0.6087
eed2ba7d-3f38-4761-ba97-9238151b218a	19	35375842	36265950	431	0.0164
eed2ba7d-3f38-4761-ba97-9238151b218a	19	36267995	36354973	10	-0.701
eed2ba7d-3f38-4761-ba97-9238151b218a	19	36355248	43193181	3421	0.0035
eed2ba7d-3f38-4761-ba97-9238151b218a	19	43198881	43262507	23	-0.6974
eed2ba7d-3f38-4761-ba97-9238151b218a	19	43262860	58586487	8490	-0.0089
eed2ba7d-3f38-4761-ba97-9238151b218a	20	80664	1580305	1200	-0.016
eed2ba7d-3f38-4761-ba97-9238151b218a	20	1580353	1601561	37	1.5827
eed2ba7d-3f38-4761-ba97-9238151b218a	20	1609611	64324800	41089	0.005
eed2ba7d-3f38-4761-ba97-9238151b218a	21	10354168	46677045	23849	0.0074
eed2ba7d-3f38-4761-ba97-9238151b218a	22	15294547	23987520	4388	0.0137
eed2ba7d-3f38-4761-ba97-9238151b218a	22	23988078	23989773	2	-3.2811
eed2ba7d-3f38-4761-ba97-9238151b218a	22	23990431	24339545	196	-0.0116
eed2ba7d-3f38-4761-ba97-9238151b218a	22	24349530	24489255	70	0.6459
eed2ba7d-3f38-4761-ba97-9238151b218a	22	24489781	50796027	18578	0.0056
eed2ba7d-3f38-4761-ba97-9238151b218a	X	251810	155551021	83527	0.0075
eed2ba7d-3f38-4761-ba97-9238151b218a	X	155553352	155574222	10	-1.3597
eed2ba7d-3f38-4761-ba97-9238151b218a	X	155575153	155952689	89	-0.0228
eed2ba7d-3f38-4761-ba97-9238151b218a	Y	2782397	56872112	6637	-0.9805
