GDC_Aliquot	Chromosome	Start	End	Num_Probes	Segment_Mean
aef59bff-af0b-44e5-905e-c061ebfba83f	1	62920	259926	16	0.2364
aef59bff-af0b-44e5-905e-c061ebfba83f	1	266187	805477	11	-0.4935
aef59bff-af0b-44e5-905e-c061ebfba83f	1	806913	16544783	8623	0.0174
aef59bff-af0b-44e5-905e-c061ebfba83f	1	16569132	16617327	10	-0.5175
aef59bff-af0b-44e5-905e-c061ebfba83f	1	16627347	16788139	44	-0.0751
aef59bff-af0b-44e5-905e-c061ebfba83f	1	16855942	16935737	55	-0.5436
aef59bff-af0b-44e5-905e-c061ebfba83f	1	16935752	25256850	5258	0.006
aef59bff-af0b-44e5-905e-c061ebfba83f	1	25266637	25292440	16	0.8283
aef59bff-af0b-44e5-905e-c061ebfba83f	1	25292549	72303233	28749	0.0132
aef59bff-af0b-44e5-905e-c061ebfba83f	1	72303253	72345465	45	-1.3642
aef59bff-af0b-44e5-905e-c061ebfba83f	1	72346221	83350794	7087	0.004
aef59bff-af0b-44e5-905e-c061ebfba83f	1	83359894	83359907	2	-2.3586
aef59bff-af0b-44e5-905e-c061ebfba83f	1	83362590	103560608	12921	0.0056
aef59bff-af0b-44e5-905e-c061ebfba83f	1	103566616	103760781	34	0.4254
aef59bff-af0b-44e5-905e-c061ebfba83f	1	103760879	105470754	917	0.0219
aef59bff-af0b-44e5-905e-c061ebfba83f	1	105476583	105479753	17	0.654
aef59bff-af0b-44e5-905e-c061ebfba83f	1	105481433	108187137	1940	0.004
aef59bff-af0b-44e5-905e-c061ebfba83f	1	108191613	108194874	3	-1.1974
aef59bff-af0b-44e5-905e-c061ebfba83f	1	108196482	109684893	695	0.0066
aef59bff-af0b-44e5-905e-c061ebfba83f	1	109690352	109697556	13	-1.6155
aef59bff-af0b-44e5-905e-c061ebfba83f	1	109702376	112147704	1951	0.0102
aef59bff-af0b-44e5-905e-c061ebfba83f	1	112153343	112154768	25	0.6922
aef59bff-af0b-44e5-905e-c061ebfba83f	1	112163334	143459641	5164	0.0083
aef59bff-af0b-44e5-905e-c061ebfba83f	1	143494500	143942271	127	-0.6865
aef59bff-af0b-44e5-905e-c061ebfba83f	1	144432083	248930189	67917	0.0087
aef59bff-af0b-44e5-905e-c061ebfba83f	2	12784	30143	10	-0.146
aef59bff-af0b-44e5-905e-c061ebfba83f	2	33901	34346	3	-1.3645
aef59bff-af0b-44e5-905e-c061ebfba83f	2	36862	3680971	2555	-0.0002
aef59bff-af0b-44e5-905e-c061ebfba83f	2	3684956	3688948	5	-0.9495
aef59bff-af0b-44e5-905e-c061ebfba83f	2	3694481	4169706	422	0.0145
aef59bff-af0b-44e5-905e-c061ebfba83f	2	4169966	4176429	33	0.3529
aef59bff-af0b-44e5-905e-c061ebfba83f	2	4182472	34474248	21066	0.0064
aef59bff-af0b-44e5-905e-c061ebfba83f	2	34476327	34511990	45	-2.3909
aef59bff-af0b-44e5-905e-c061ebfba83f	2	34512096	35742319	870	0.0035
aef59bff-af0b-44e5-905e-c061ebfba83f	2	35742970	35762850	8	0.6769
aef59bff-af0b-44e5-905e-c061ebfba83f	2	35762881	46262656	7833	0.0066
aef59bff-af0b-44e5-905e-c061ebfba83f	2	46262993	46265133	3	-1.2978
aef59bff-af0b-44e5-905e-c061ebfba83f	2	46265543	52512079	4294	0.0044
aef59bff-af0b-44e5-905e-c061ebfba83f	2	52514599	52554404	42	-0.307
aef59bff-af0b-44e5-905e-c061ebfba83f	2	52560811	86710564	21920	0.0014
aef59bff-af0b-44e5-905e-c061ebfba83f	2	86725947	86726731	2	2.3572
aef59bff-af0b-44e5-905e-c061ebfba83f	2	86743283	87286164	129	0.0666
aef59bff-af0b-44e5-905e-c061ebfba83f	2	87287256	87295819	3	-1.8146
aef59bff-af0b-44e5-905e-c061ebfba83f	2	87299357	111510522	10019	0.004
aef59bff-af0b-44e5-905e-c061ebfba83f	2	111511630	111610248	18	0.4594
aef59bff-af0b-44e5-905e-c061ebfba83f	2	111615592	128880504	10734	0.003
aef59bff-af0b-44e5-905e-c061ebfba83f	2	128880904	128882741	15	-0.8086
aef59bff-af0b-44e5-905e-c061ebfba83f	2	128882755	207490614	47423	0.0039
aef59bff-af0b-44e5-905e-c061ebfba83f	2	207490972	207494301	12	-0.6529
aef59bff-af0b-44e5-905e-c061ebfba83f	2	207494425	241841244	21952	0.0052
aef59bff-af0b-44e5-905e-c061ebfba83f	2	241973315	242092368	103	-1.0323
aef59bff-af0b-44e5-905e-c061ebfba83f	2	242095460	242147305	24	0.085
aef59bff-af0b-44e5-905e-c061ebfba83f	3	20930	6604856	5816	-0.0066
aef59bff-af0b-44e5-905e-c061ebfba83f	3	6609441	6611645	23	-0.8697
aef59bff-af0b-44e5-905e-c061ebfba83f	3	6613391	11366589	3710	-0.0002
aef59bff-af0b-44e5-905e-c061ebfba83f	3	11371130	11375791	5	-1.1435
aef59bff-af0b-44e5-905e-c061ebfba83f	3	11375858	16197556	3341	-0.0002
aef59bff-af0b-44e5-905e-c061ebfba83f	3	16199049	16199877	8	-0.6944
aef59bff-af0b-44e5-905e-c061ebfba83f	3	16202089	22043565	3712	0.0034
aef59bff-af0b-44e5-905e-c061ebfba83f	3	22043623	22043699	2	1.1992
aef59bff-af0b-44e5-905e-c061ebfba83f	3	22043733	26559609	3383	0.0041
aef59bff-af0b-44e5-905e-c061ebfba83f	3	26560269	26570394	9	0.5578
aef59bff-af0b-44e5-905e-c061ebfba83f	3	26570407	31461468	3532	0.0041
aef59bff-af0b-44e5-905e-c061ebfba83f	3	31461540	31468504	6	-0.9518
aef59bff-af0b-44e5-905e-c061ebfba83f	3	31469182	37935926	4078	0.0059
aef59bff-af0b-44e5-905e-c061ebfba83f	3	37940617	37945437	18	-0.9305
aef59bff-af0b-44e5-905e-c061ebfba83f	3	37945615	75519398	25091	0.0013
aef59bff-af0b-44e5-905e-c061ebfba83f	3	75523398	75590356	14	0.5986
aef59bff-af0b-44e5-905e-c061ebfba83f	3	75596233	76595907	486	0.0049
aef59bff-af0b-44e5-905e-c061ebfba83f	3	76596696	76596709	2	-1.3424
aef59bff-af0b-44e5-905e-c061ebfba83f	3	76596862	85555773	5022	0.0079
aef59bff-af0b-44e5-905e-c061ebfba83f	3	85555921	85556663	2	-1.3443
aef59bff-af0b-44e5-905e-c061ebfba83f	3	85561337	89211176	2011	0.0107
aef59bff-af0b-44e5-905e-c061ebfba83f	3	89211498	89211511	2	-1.9045
aef59bff-af0b-44e5-905e-c061ebfba83f	3	89211843	98172728	2845	-0.0006
aef59bff-af0b-44e5-905e-c061ebfba83f	3	98180476	98194581	5	0.8331
aef59bff-af0b-44e5-905e-c061ebfba83f	3	98195973	126922475	17618	0.0056
aef59bff-af0b-44e5-905e-c061ebfba83f	3	126923707	126924666	2	-1.4276
aef59bff-af0b-44e5-905e-c061ebfba83f	3	126926465	128661409	1088	0.0014
aef59bff-af0b-44e5-905e-c061ebfba83f	3	128662406	128676647	7	-0.603
aef59bff-af0b-44e5-905e-c061ebfba83f	3	128679860	136300257	4698	0.0076
aef59bff-af0b-44e5-905e-c061ebfba83f	3	136304109	136306584	2	1.3872
aef59bff-af0b-44e5-905e-c061ebfba83f	3	136319699	158632329	13633	0.0006
aef59bff-af0b-44e5-905e-c061ebfba83f	3	158633095	158633756	2	1.5064
aef59bff-af0b-44e5-905e-c061ebfba83f	3	158641083	162813082	2621	0.0113
aef59bff-af0b-44e5-905e-c061ebfba83f	3	162815162	162822702	7	-1.5523
aef59bff-af0b-44e5-905e-c061ebfba83f	3	162827928	162906093	45	-0.0737
aef59bff-af0b-44e5-905e-c061ebfba83f	3	162906109	162908815	5	-0.8563
aef59bff-af0b-44e5-905e-c061ebfba83f	3	162910826	193156958	19172	0.0061
aef59bff-af0b-44e5-905e-c061ebfba83f	3	193160113	193168646	21	1.0017
aef59bff-af0b-44e5-905e-c061ebfba83f	3	193168669	198169247	2693	0.0201
aef59bff-af0b-44e5-905e-c061ebfba83f	4	68929	5252915	2495	0.0058
aef59bff-af0b-44e5-905e-c061ebfba83f	4	5252931	5256034	6	-1.2356
aef59bff-af0b-44e5-905e-c061ebfba83f	4	5260321	9455251	2660	0.0131
aef59bff-af0b-44e5-905e-c061ebfba83f	4	9459504	9477699	6	1.1158
aef59bff-af0b-44e5-905e-c061ebfba83f	4	9484440	9858273	159	0.046
aef59bff-af0b-44e5-905e-c061ebfba83f	4	9858277	9862603	3	-1.6849
aef59bff-af0b-44e5-905e-c061ebfba83f	4	9863418	10385349	582	0.0289
aef59bff-af0b-44e5-905e-c061ebfba83f	4	10388498	10399044	18	-0.4474
aef59bff-af0b-44e5-905e-c061ebfba83f	4	10401094	34777353	16787	0.0006
aef59bff-af0b-44e5-905e-c061ebfba83f	4	34777382	34823103	42	0.5138
aef59bff-af0b-44e5-905e-c061ebfba83f	4	34828250	63828222	16563	0.0007
aef59bff-af0b-44e5-905e-c061ebfba83f	4	63831751	63850713	29	0.4091
aef59bff-af0b-44e5-905e-c061ebfba83f	4	63851308	68506285	2873	-0.0009
aef59bff-af0b-44e5-905e-c061ebfba83f	4	68509223	68620122	64	0.3197
aef59bff-af0b-44e5-905e-c061ebfba83f	4	68620261	69255175	312	-0.0258
aef59bff-af0b-44e5-905e-c061ebfba83f	4	69255532	69366304	58	-0.5745
aef59bff-af0b-44e5-905e-c061ebfba83f	4	69366406	118804851	30037	0.001
aef59bff-af0b-44e5-905e-c061ebfba83f	4	118808925	118813334	2	-3.6488
aef59bff-af0b-44e5-905e-c061ebfba83f	4	118814724	148572041	17654	0.0024
aef59bff-af0b-44e5-905e-c061ebfba83f	4	148572060	148572350	2	-1.3574
aef59bff-af0b-44e5-905e-c061ebfba83f	4	148573002	152634453	2235	0.0024
aef59bff-af0b-44e5-905e-c061ebfba83f	4	152636889	152636922	3	-0.9199
aef59bff-af0b-44e5-905e-c061ebfba83f	4	152641117	160958989	5399	0.003
aef59bff-af0b-44e5-905e-c061ebfba83f	4	160959045	160963756	18	-0.8236
aef59bff-af0b-44e5-905e-c061ebfba83f	4	160963767	171448195	6670	-0.0022
aef59bff-af0b-44e5-905e-c061ebfba83f	4	171453733	171456573	11	0.9547
aef59bff-af0b-44e5-905e-c061ebfba83f	4	171456625	172066777	398	-0.0063
aef59bff-af0b-44e5-905e-c061ebfba83f	4	172067997	172068382	12	0.8541
aef59bff-af0b-44e5-905e-c061ebfba83f	4	172074828	188300104	10935	0.0043
aef59bff-af0b-44e5-905e-c061ebfba83f	4	188300206	188300285	4	1.2162
aef59bff-af0b-44e5-905e-c061ebfba83f	4	188301659	190036988	1137	0.012
aef59bff-af0b-44e5-905e-c061ebfba83f	4	190046094	190106768	5	0.9608
aef59bff-af0b-44e5-905e-c061ebfba83f	5	15532	685633	306	0.0062
aef59bff-af0b-44e5-905e-c061ebfba83f	5	698256	773453	27	0.7624
aef59bff-af0b-44e5-905e-c061ebfba83f	5	779766	5805002	4211	0.0109
aef59bff-af0b-44e5-905e-c061ebfba83f	5	5806762	5808955	5	-1.7952
aef59bff-af0b-44e5-905e-c061ebfba83f	5	5810619	7924929	1737	0.0125
aef59bff-af0b-44e5-905e-c061ebfba83f	5	7930588	7931168	5	-1.3576
aef59bff-af0b-44e5-905e-c061ebfba83f	5	7932296	17828029	7239	0.0017
aef59bff-af0b-44e5-905e-c061ebfba83f	5	17828744	17828760	2	-1.3392
aef59bff-af0b-44e5-905e-c061ebfba83f	5	17829678	19458679	1039	-0.0002
aef59bff-af0b-44e5-905e-c061ebfba83f	5	19458912	19459518	3	-1.6917
aef59bff-af0b-44e5-905e-c061ebfba83f	5	19462162	46271828	16100	0.0025
aef59bff-af0b-44e5-905e-c061ebfba83f	5	46272419	46273400	5	-2.6591
aef59bff-af0b-44e5-905e-c061ebfba83f	5	46278110	180947523	82016	0.0023
aef59bff-af0b-44e5-905e-c061ebfba83f	5	180951710	180972373	7	-3.3952
aef59bff-af0b-44e5-905e-c061ebfba83f	5	180975764	180991103	12	-1.849
aef59bff-af0b-44e5-905e-c061ebfba83f	5	181006225	181363319	170	-0.011
aef59bff-af0b-44e5-905e-c061ebfba83f	6	149661	254283	101	-0.0349
aef59bff-af0b-44e5-905e-c061ebfba83f	6	257353	294725	21	-0.8392
aef59bff-af0b-44e5-905e-c061ebfba83f	6	294837	381149	79	-0.387
aef59bff-af0b-44e5-905e-c061ebfba83f	6	382559	16565597	12744	0.0102
aef59bff-af0b-44e5-905e-c061ebfba83f	6	16567520	16568154	3	-1.1061
aef59bff-af0b-44e5-905e-c061ebfba83f	6	16570200	31318528	9385	0.0069
aef59bff-af0b-44e5-905e-c061ebfba83f	6	31318754	31328674	9	1.0732
aef59bff-af0b-44e5-905e-c061ebfba83f	6	31342147	32718419	598	0.0064
aef59bff-af0b-44e5-905e-c061ebfba83f	6	32720838	32722250	8	0.4495
aef59bff-af0b-44e5-905e-c061ebfba83f	6	32723020	32723053	3	2.133
aef59bff-af0b-44e5-905e-c061ebfba83f	6	32732907	68976737	20894	0.0033
aef59bff-af0b-44e5-905e-c061ebfba83f	6	68977806	68981476	4	-1.0622
aef59bff-af0b-44e5-905e-c061ebfba83f	6	68987514	76726815	4926	0.0029
aef59bff-af0b-44e5-905e-c061ebfba83f	6	76730151	76742675	16	-0.6751
aef59bff-af0b-44e5-905e-c061ebfba83f	6	76742729	78252909	979	0.0103
aef59bff-af0b-44e5-905e-c061ebfba83f	6	78253157	78332056	119	0.3989
aef59bff-af0b-44e5-905e-c061ebfba83f	6	78332092	93942689	10005	0.0031
aef59bff-af0b-44e5-905e-c061ebfba83f	6	93942822	93947846	2	-1.4939
aef59bff-af0b-44e5-905e-c061ebfba83f	6	93949814	119353338	15309	0.0036
aef59bff-af0b-44e5-905e-c061ebfba83f	6	119353739	119354288	3	1.0228
aef59bff-af0b-44e5-905e-c061ebfba83f	6	119355012	133253501	8775	0.006
aef59bff-af0b-44e5-905e-c061ebfba83f	6	133254432	133254956	3	-1.1188
aef59bff-af0b-44e5-905e-c061ebfba83f	6	133257265	156148601	15471	0.0078
aef59bff-af0b-44e5-905e-c061ebfba83f	6	156149071	156149097	2	1.4552
aef59bff-af0b-44e5-905e-c061ebfba83f	6	156149931	170741917	10128	0.0042
aef59bff-af0b-44e5-905e-c061ebfba83f	7	43355	6903028	3456	0.0105
aef59bff-af0b-44e5-905e-c061ebfba83f	7	6915340	6915396	2	-1.4981
aef59bff-af0b-44e5-905e-c061ebfba83f	7	6915679	15278112	6827	0.0068
aef59bff-af0b-44e5-905e-c061ebfba83f	7	15278596	15325234	39	-1.0032
aef59bff-af0b-44e5-905e-c061ebfba83f	7	15332307	54305455	28166	0.005
aef59bff-af0b-44e5-905e-c061ebfba83f	7	54318812	54318824	6	1.4969
aef59bff-af0b-44e5-905e-c061ebfba83f	7	54325795	109800866	28469	0.0052
aef59bff-af0b-44e5-905e-c061ebfba83f	7	109801155	109813853	12	0.6902
aef59bff-af0b-44e5-905e-c061ebfba83f	7	109813925	126404920	10032	0.0037
aef59bff-af0b-44e5-905e-c061ebfba83f	7	126405428	126406561	12	-1.2726
aef59bff-af0b-44e5-905e-c061ebfba83f	7	126406822	134100458	4700	0.0018
aef59bff-af0b-44e5-905e-c061ebfba83f	7	134100556	134121491	35	-0.3119
aef59bff-af0b-44e5-905e-c061ebfba83f	7	134124039	142069843	5193	0.0086
aef59bff-af0b-44e5-905e-c061ebfba83f	7	142069880	142070732	6	-0.4536
aef59bff-af0b-44e5-905e-c061ebfba83f	7	142070827	142087828	17	-1.0705
aef59bff-af0b-44e5-905e-c061ebfba83f	7	142087846	142092307	10	-0.4628
aef59bff-af0b-44e5-905e-c061ebfba83f	7	142099190	150588016	5049	0.0052
aef59bff-af0b-44e5-905e-c061ebfba83f	7	150588713	150616096	14	-1.364
aef59bff-af0b-44e5-905e-c061ebfba83f	7	150616328	154016143	2118	0.0019
aef59bff-af0b-44e5-905e-c061ebfba83f	7	154016950	154031060	7	-0.53
aef59bff-af0b-44e5-905e-c061ebfba83f	7	154037238	154598185	436	0.0311
aef59bff-af0b-44e5-905e-c061ebfba83f	7	154601461	154607903	4	-1.4554
aef59bff-af0b-44e5-905e-c061ebfba83f	7	154609120	159334314	3236	0.0002
aef59bff-af0b-44e5-905e-c061ebfba83f	8	81254	2846043	2040	0.0084
aef59bff-af0b-44e5-905e-c061ebfba83f	8	2846101	2846377	5	-1.371
aef59bff-af0b-44e5-905e-c061ebfba83f	8	2849649	5736745	3955	0.0068
aef59bff-af0b-44e5-905e-c061ebfba83f	8	5741204	5746805	26	-0.6967
aef59bff-af0b-44e5-905e-c061ebfba83f	8	5746973	7397588	1727	-0.0024
aef59bff-af0b-44e5-905e-c061ebfba83f	8	7414835	8139659	42	-0.6165
aef59bff-af0b-44e5-905e-c061ebfba83f	8	8196822	12092042	3224	0.0118
aef59bff-af0b-44e5-905e-c061ebfba83f	8	12130217	12693259	75	-0.3607
aef59bff-af0b-44e5-905e-c061ebfba83f	8	12693626	15922354	3082	0.0041
aef59bff-af0b-44e5-905e-c061ebfba83f	8	15926898	15929380	5	-1.5101
aef59bff-af0b-44e5-905e-c061ebfba83f	8	15930760	25118687	7306	0.0093
aef59bff-af0b-44e5-905e-c061ebfba83f	8	25119021	25133612	22	0.6573
aef59bff-af0b-44e5-905e-c061ebfba83f	8	25133720	39368830	9017	0.0101
aef59bff-af0b-44e5-905e-c061ebfba83f	8	39372664	39530780	63	-0.3821
aef59bff-af0b-44e5-905e-c061ebfba83f	8	39531260	111282417	42011	0.0047
aef59bff-af0b-44e5-905e-c061ebfba83f	8	111282441	111283016	5	-1.7633
aef59bff-af0b-44e5-905e-c061ebfba83f	8	111283031	114622438	1828	-0.0031
aef59bff-af0b-44e5-905e-c061ebfba83f	8	114622478	114629502	31	-0.6426
aef59bff-af0b-44e5-905e-c061ebfba83f	8	114638468	145072769	21068	0.004
aef59bff-af0b-44e5-905e-c061ebfba83f	9	46587	6695986	6379	0.0078
aef59bff-af0b-44e5-905e-c061ebfba83f	9	6701145	6708357	6	-2.9408
aef59bff-af0b-44e5-905e-c061ebfba83f	9	6712314	27236646	16861	0.0071
aef59bff-af0b-44e5-905e-c061ebfba83f	9	27248179	27248646	5	-1.28
aef59bff-af0b-44e5-905e-c061ebfba83f	9	27248729	41644288	8039	0.0053
aef59bff-af0b-44e5-905e-c061ebfba83f	9	41644336	42046831	14	-0.179
aef59bff-af0b-44e5-905e-c061ebfba83f	9	42073850	42546668	32	0.5172
aef59bff-af0b-44e5-905e-c061ebfba83f	9	42566207	61405110	57	0.028
aef59bff-af0b-44e5-905e-c061ebfba83f	9	61520021	61647899	30	1.0893
aef59bff-af0b-44e5-905e-c061ebfba83f	9	61665362	63580418	38	-0.0759
aef59bff-af0b-44e5-905e-c061ebfba83f	9	63590317	63590325	5	1.5756
aef59bff-af0b-44e5-905e-c061ebfba83f	9	63592670	67073081	103	-0.0177
aef59bff-af0b-44e5-905e-c061ebfba83f	9	67073620	68335112	24	0.3252
aef59bff-af0b-44e5-905e-c061ebfba83f	9	68351648	95487916	19256	0.0088
aef59bff-af0b-44e5-905e-c061ebfba83f	9	95487949	95488277	3	1.3302
aef59bff-af0b-44e5-905e-c061ebfba83f	9	95488676	138200944	28670	0.0073
aef59bff-af0b-44e5-905e-c061ebfba83f	10	45792	2048827	1493	0.014
aef59bff-af0b-44e5-905e-c061ebfba83f	10	2050582	2051513	3	-1.2599
aef59bff-af0b-44e5-905e-c061ebfba83f	10	2052872	6369412	3906	0.0062
aef59bff-af0b-44e5-905e-c061ebfba83f	10	6369488	6369519	3	1.2162
aef59bff-af0b-44e5-905e-c061ebfba83f	10	6376792	13014263	5532	0.0109
aef59bff-af0b-44e5-905e-c061ebfba83f	10	13014550	13016840	25	-0.9678
aef59bff-af0b-44e5-905e-c061ebfba83f	10	13022223	20551945	6037	0.0042
aef59bff-af0b-44e5-905e-c061ebfba83f	10	20561183	20564605	6	-1.4356
aef59bff-af0b-44e5-905e-c061ebfba83f	10	20573498	24088747	2199	0.0134
aef59bff-af0b-44e5-905e-c061ebfba83f	10	24088749	24096443	21	0.3627
aef59bff-af0b-44e5-905e-c061ebfba83f	10	24098294	26933028	1970	0.0069
aef59bff-af0b-44e5-905e-c061ebfba83f	10	26933116	26941064	16	0.4579
aef59bff-af0b-44e5-905e-c061ebfba83f	10	26941746	30957581	3020	0.007
aef59bff-af0b-44e5-905e-c061ebfba83f	10	30962405	30962809	10	-0.8186
aef59bff-af0b-44e5-905e-c061ebfba83f	10	30962850	46146453	7269	0.006
aef59bff-af0b-44e5-905e-c061ebfba83f	10	46154876	46522571	177	0.4884
aef59bff-af0b-44e5-905e-c061ebfba83f	10	46525652	46552750	23	-0.2754
aef59bff-af0b-44e5-905e-c061ebfba83f	10	46552776	47045228	44	0.367
aef59bff-af0b-44e5-905e-c061ebfba83f	10	47066259	53348369	4097	0.0087
aef59bff-af0b-44e5-905e-c061ebfba83f	10	53359265	53359761	6	-0.9068
aef59bff-af0b-44e5-905e-c061ebfba83f	10	53359960	65545327	8577	0.0091
aef59bff-af0b-44e5-905e-c061ebfba83f	10	65545353	65554322	28	0.3986
aef59bff-af0b-44e5-905e-c061ebfba83f	10	65554484	80234421	9477	0.0102
aef59bff-af0b-44e5-905e-c061ebfba83f	10	80234562	80237322	2	-3.1983
aef59bff-af0b-44e5-905e-c061ebfba83f	10	80237692	80436801	116	-0.0116
aef59bff-af0b-44e5-905e-c061ebfba83f	10	80437154	80437824	2	-1.1083
aef59bff-af0b-44e5-905e-c061ebfba83f	10	80439034	82124522	1212	-0.0016
aef59bff-af0b-44e5-905e-c061ebfba83f	10	82124904	82128911	5	-1.4165
aef59bff-af0b-44e5-905e-c061ebfba83f	10	82129864	133654968	35417	0.0057
aef59bff-af0b-44e5-905e-c061ebfba83f	11	198510	3465494	1296	0.0099
aef59bff-af0b-44e5-905e-c061ebfba83f	11	3466435	3467311	3	-1.0455
aef59bff-af0b-44e5-905e-c061ebfba83f	11	3485296	4306942	463	0.0081
aef59bff-af0b-44e5-905e-c061ebfba83f	11	4314648	4365435	8	-0.8074
aef59bff-af0b-44e5-905e-c061ebfba83f	11	4365474	4946420	649	0.0028
aef59bff-af0b-44e5-905e-c061ebfba83f	11	4947280	4949137	7	-0.2971
aef59bff-af0b-44e5-905e-c061ebfba83f	11	4950775	4955042	23	-1.6033
aef59bff-af0b-44e5-905e-c061ebfba83f	11	4955781	5762693	783	0.0149
aef59bff-af0b-44e5-905e-c061ebfba83f	11	5766175	5787909	33	-0.7835
aef59bff-af0b-44e5-905e-c061ebfba83f	11	5788108	55608547	31227	0.004
aef59bff-af0b-44e5-905e-c061ebfba83f	11	55608760	55685533	54	-0.446
aef59bff-af0b-44e5-905e-c061ebfba83f	11	55686100	63949244	4767	0.0047
aef59bff-af0b-44e5-905e-c061ebfba83f	11	63953469	63958034	6	0.7222
aef59bff-af0b-44e5-905e-c061ebfba83f	11	63958137	80256460	8487	0.0086
aef59bff-af0b-44e5-905e-c061ebfba83f	11	80256469	80256504	2	-2.6307
aef59bff-af0b-44e5-905e-c061ebfba83f	11	80256520	101723653	15305	0.0035
aef59bff-af0b-44e5-905e-c061ebfba83f	11	101727129	101727233	4	1.0908
aef59bff-af0b-44e5-905e-c061ebfba83f	11	101727481	135074876	23727	0.0057
aef59bff-af0b-44e5-905e-c061ebfba83f	12	51460	9477960	6176	0.0098
aef59bff-af0b-44e5-905e-c061ebfba83f	12	9481274	9575696	24	-1.8502
aef59bff-af0b-44e5-905e-c061ebfba83f	12	9582373	13569379	3033	0.0093
aef59bff-af0b-44e5-905e-c061ebfba83f	12	13571372	13572164	2	-1.3056
aef59bff-af0b-44e5-905e-c061ebfba83f	12	13576376	30081111	11269	0.004
aef59bff-af0b-44e5-905e-c061ebfba83f	12	30082488	30082648	2	-3.7805
aef59bff-af0b-44e5-905e-c061ebfba83f	12	30086334	45510655	7897	0.0148
aef59bff-af0b-44e5-905e-c061ebfba83f	12	45512057	45515754	3	-2.6827
aef59bff-af0b-44e5-905e-c061ebfba83f	12	45519509	133201603	56443	0.0048
aef59bff-af0b-44e5-905e-c061ebfba83f	13	18452809	63650072	29867	0.0062
aef59bff-af0b-44e5-905e-c061ebfba83f	13	63650659	63662559	9	-0.9402
aef59bff-af0b-44e5-905e-c061ebfba83f	13	63665430	77899959	9471	0.0012
aef59bff-af0b-44e5-905e-c061ebfba83f	13	77901178	77901346	2	-1.4686
aef59bff-af0b-44e5-905e-c061ebfba83f	13	77901426	112879562	24167	0.0038
aef59bff-af0b-44e5-905e-c061ebfba83f	13	112879747	112880521	4	1.2165
aef59bff-af0b-44e5-905e-c061ebfba83f	13	112881635	114342922	646	0.0213
aef59bff-af0b-44e5-905e-c061ebfba83f	14	18239283	18676849	22	-0.0459
aef59bff-af0b-44e5-905e-c061ebfba83f	14	18686006	19954424	144	-0.5381
aef59bff-af0b-44e5-905e-c061ebfba83f	14	19955213	41138431	13603	0.0125
aef59bff-af0b-44e5-905e-c061ebfba83f	14	41139155	41200899	17	-0.5486
aef59bff-af0b-44e5-905e-c061ebfba83f	14	41207137	60393433	12148	0.0093
aef59bff-af0b-44e5-905e-c061ebfba83f	14	60393694	60404341	3	-1.0882
aef59bff-af0b-44e5-905e-c061ebfba83f	14	60405570	73529070	8309	0.0076
aef59bff-af0b-44e5-905e-c061ebfba83f	14	73534419	73554275	9	0.9155
aef59bff-af0b-44e5-905e-c061ebfba83f	14	73563196	74107460	286	0.0056
aef59bff-af0b-44e5-905e-c061ebfba83f	14	74108052	74108070	2	-1.2919
aef59bff-af0b-44e5-905e-c061ebfba83f	14	74108098	78690697	3085	0.0104
aef59bff-af0b-44e5-905e-c061ebfba83f	14	78694842	78699265	5	-0.8466
aef59bff-af0b-44e5-905e-c061ebfba83f	14	78699982	106877229	17791	0.0043
aef59bff-af0b-44e5-905e-c061ebfba83f	15	19811075	20001686	45	-0.0091
aef59bff-af0b-44e5-905e-c061ebfba83f	15	20011702	20187568	10	-0.9719
aef59bff-af0b-44e5-905e-c061ebfba83f	15	20190276	20373168	33	0.1958
aef59bff-af0b-44e5-905e-c061ebfba83f	15	20376198	20380837	9	-0.4726
aef59bff-af0b-44e5-905e-c061ebfba83f	15	20380851	21053458	62	0.2006
aef59bff-af0b-44e5-905e-c061ebfba83f	15	21063689	21067891	3	1.3131
aef59bff-af0b-44e5-905e-c061ebfba83f	15	21070355	30152073	4669	0.0194
aef59bff-af0b-44e5-905e-c061ebfba83f	15	30156392	30483791	27	0.4963
aef59bff-af0b-44e5-905e-c061ebfba83f	15	30487388	34386576	2571	0.0167
aef59bff-af0b-44e5-905e-c061ebfba83f	15	34421922	34570058	67	-0.7473
aef59bff-af0b-44e5-905e-c061ebfba83f	15	34576695	55782717	13225	0.0051
aef59bff-af0b-44e5-905e-c061ebfba83f	15	55788879	55789089	2	-1.3212
aef59bff-af0b-44e5-905e-c061ebfba83f	15	55790776	56498505	420	0.0134
aef59bff-af0b-44e5-905e-c061ebfba83f	15	56498612	56508779	24	-0.7321
aef59bff-af0b-44e5-905e-c061ebfba83f	15	56509425	76586021	12757	0.0127
aef59bff-af0b-44e5-905e-c061ebfba83f	15	76598900	76603434	22	1.0158
aef59bff-af0b-44e5-905e-c061ebfba83f	15	76609838	83871965	4415	0.0124
aef59bff-af0b-44e5-905e-c061ebfba83f	15	83871986	83874798	6	-1.0951
aef59bff-af0b-44e5-905e-c061ebfba83f	15	83878525	101928837	13192	0.0135
aef59bff-af0b-44e5-905e-c061ebfba83f	16	10777	12016	3	-1.045
aef59bff-af0b-44e5-905e-c061ebfba83f	16	35827	18212128	12771	0.0106
aef59bff-af0b-44e5-905e-c061ebfba83f	16	18260900	18335528	3	-0.6183
aef59bff-af0b-44e5-905e-c061ebfba83f	16	18540265	18622094	9	0.6801
aef59bff-af0b-44e5-905e-c061ebfba83f	16	18624482	21401082	1606	0.0188
aef59bff-af0b-44e5-905e-c061ebfba83f	16	21503753	21582313	24	-0.3847
aef59bff-af0b-44e5-905e-c061ebfba83f	16	21584992	22420049	358	0.07
aef59bff-af0b-44e5-905e-c061ebfba83f	16	22430653	22693199	74	-0.4547
aef59bff-af0b-44e5-905e-c061ebfba83f	16	22699421	55762682	12094	0.0114
aef59bff-af0b-44e5-905e-c061ebfba83f	16	55764310	55775312	9	1.5396
aef59bff-af0b-44e5-905e-c061ebfba83f	16	55775554	70117657	8766	0.0082
aef59bff-af0b-44e5-905e-c061ebfba83f	16	70118419	70164493	14	-0.9297
aef59bff-af0b-44e5-905e-c061ebfba83f	16	70177541	74350360	2298	0.0172
aef59bff-af0b-44e5-905e-c061ebfba83f	16	74363160	74418138	8	-0.7426
aef59bff-af0b-44e5-905e-c061ebfba83f	16	74422703	75501474	623	0.0049
aef59bff-af0b-44e5-905e-c061ebfba83f	16	75505510	75542100	20	0.6497
aef59bff-af0b-44e5-905e-c061ebfba83f	16	75546219	90096867	13200	0.0135
aef59bff-af0b-44e5-905e-c061ebfba83f	17	150733	3232483	1608	-0.0039
aef59bff-af0b-44e5-905e-c061ebfba83f	17	3232541	3232997	2	1.3612
aef59bff-af0b-44e5-905e-c061ebfba83f	17	3254610	6197464	1750	0.0055
aef59bff-af0b-44e5-905e-c061ebfba83f	17	6197476	6197491	2	-1.8501
aef59bff-af0b-44e5-905e-c061ebfba83f	17	6197723	8339592	1173	0.016
aef59bff-af0b-44e5-905e-c061ebfba83f	17	8344229	8344415	2	-2.6124
aef59bff-af0b-44e5-905e-c061ebfba83f	17	8346140	39818467	15491	0.0062
aef59bff-af0b-44e5-905e-c061ebfba83f	17	39818958	39826630	5	-1.034
aef59bff-af0b-44e5-905e-c061ebfba83f	17	39828682	46136800	3345	0.0075
aef59bff-af0b-44e5-905e-c061ebfba83f	17	46137998	46286804	87	-0.4684
aef59bff-af0b-44e5-905e-c061ebfba83f	17	46323701	46446360	4	1.4893
aef59bff-af0b-44e5-905e-c061ebfba83f	17	46569894	73259526	16408	0.0094
aef59bff-af0b-44e5-905e-c061ebfba83f	17	73259815	73262247	4	-1.0738
aef59bff-af0b-44e5-905e-c061ebfba83f	17	73267704	83091923	5161	0.013
aef59bff-af0b-44e5-905e-c061ebfba83f	18	48133	92133	8	-0.5106
aef59bff-af0b-44e5-905e-c061ebfba83f	18	97829	40680456	22788	0.0081
aef59bff-af0b-44e5-905e-c061ebfba83f	18	40680470	40689848	21	-0.4967
aef59bff-af0b-44e5-905e-c061ebfba83f	18	40690108	72935074	22547	0.0063
aef59bff-af0b-44e5-905e-c061ebfba83f	18	72935332	72939360	2	-1.6989
aef59bff-af0b-44e5-905e-c061ebfba83f	18	72939433	79643088	5071	0.003
aef59bff-af0b-44e5-905e-c061ebfba83f	18	79645731	79646203	3	-1.0614
aef59bff-af0b-44e5-905e-c061ebfba83f	18	79650607	80257174	314	0.0278
aef59bff-af0b-44e5-905e-c061ebfba83f	19	90910	12581187	5044	0.0047
aef59bff-af0b-44e5-905e-c061ebfba83f	19	12586552	12587288	2	-1.839
aef59bff-af0b-44e5-905e-c061ebfba83f	19	12589709	35358420	11666	0.0092
aef59bff-af0b-44e5-905e-c061ebfba83f	19	35364451	35375884	23	-0.4906
aef59bff-af0b-44e5-905e-c061ebfba83f	19	35375899	47959373	6187	0.0051
aef59bff-af0b-44e5-905e-c061ebfba83f	19	47959877	47961965	14	-0.7463
aef59bff-af0b-44e5-905e-c061ebfba83f	19	47965532	58586487	6181	0.0103
aef59bff-af0b-44e5-905e-c061ebfba83f	20	80664	1571811	1183	-0.0184
aef59bff-af0b-44e5-905e-c061ebfba83f	20	1576544	1579916	16	-3.4745
aef59bff-af0b-44e5-905e-c061ebfba83f	20	1580141	1601561	41	-0.4968
aef59bff-af0b-44e5-905e-c061ebfba83f	20	1609611	1613247	5	1.9485
aef59bff-af0b-44e5-905e-c061ebfba83f	20	1617300	64324800	41140	0.0093
aef59bff-af0b-44e5-905e-c061ebfba83f	21	10354168	10559033	53	-0.0445
aef59bff-af0b-44e5-905e-c061ebfba83f	21	10568903	12973348	35	0.385
aef59bff-af0b-44e5-905e-c061ebfba83f	21	12992210	25102799	8423	0.0074
aef59bff-af0b-44e5-905e-c061ebfba83f	21	25103346	25104126	3	-1.3623
aef59bff-af0b-44e5-905e-c061ebfba83f	21	25113545	46677045	15354	0.005
aef59bff-af0b-44e5-905e-c061ebfba83f	22	15294547	23987520	4393	0.007
aef59bff-af0b-44e5-905e-c061ebfba83f	22	23988078	23990739	4	1.1712
aef59bff-af0b-44e5-905e-c061ebfba83f	22	23995113	33793079	7270	0.0147
aef59bff-af0b-44e5-905e-c061ebfba83f	22	33795133	33795376	2	-1.5334
aef59bff-af0b-44e5-905e-c061ebfba83f	22	33795488	50796027	11606	0.0096
aef59bff-af0b-44e5-905e-c061ebfba83f	X	251810	23110810	13936	0.0098
aef59bff-af0b-44e5-905e-c061ebfba83f	X	23115725	23268123	157	-1.0235
aef59bff-af0b-44e5-905e-c061ebfba83f	X	23274947	89719208	32463	0.0097
aef59bff-af0b-44e5-905e-c061ebfba83f	X	89721825	89726410	2	-1.6251
aef59bff-af0b-44e5-905e-c061ebfba83f	X	89728272	90634991	280	-0.012
aef59bff-af0b-44e5-905e-c061ebfba83f	X	90640076	90652526	10	-0.7254
aef59bff-af0b-44e5-905e-c061ebfba83f	X	90656859	128955628	20995	0.0089
aef59bff-af0b-44e5-905e-c061ebfba83f	X	128956066	128957676	2	-1.8209
aef59bff-af0b-44e5-905e-c061ebfba83f	X	128958216	149652965	12575	0.0026
aef59bff-af0b-44e5-905e-c061ebfba83f	X	149690155	149806428	53	0.5275
aef59bff-af0b-44e5-905e-c061ebfba83f	X	149806805	155952689	3197	0.0147
aef59bff-af0b-44e5-905e-c061ebfba83f	Y	2782397	56872112	6640	-0.9212
