GDC_Aliquot	Chromosome	Start	End	Num_Probes	Segment_Mean
8fd6b06b-e4f8-47cb-be17-5e635cf2d730	1	3301765	7650545	2839	0.0687
8fd6b06b-e4f8-47cb-be17-5e635cf2d730	1	7651366	17593322	4885	0.0227
8fd6b06b-e4f8-47cb-be17-5e635cf2d730	1	17593660	18970210	1040	0.0934
8fd6b06b-e4f8-47cb-be17-5e635cf2d730	1	18970397	50350718	16549	0.0263
8fd6b06b-e4f8-47cb-be17-5e635cf2d730	1	50350904	53038070	1133	-0.0379
8fd6b06b-e4f8-47cb-be17-5e635cf2d730	1	53038086	54858477	1155	0.0595
8fd6b06b-e4f8-47cb-be17-5e635cf2d730	1	54859200	54859286	2	-1.3175
8fd6b06b-e4f8-47cb-be17-5e635cf2d730	1	54860121	58361244	2813	0.0314
8fd6b06b-e4f8-47cb-be17-5e635cf2d730	1	58361638	247650984	99401	0.0051
8fd6b06b-e4f8-47cb-be17-5e635cf2d730	2	480597	51309666	30665	0.0093
8fd6b06b-e4f8-47cb-be17-5e635cf2d730	2	51311298	51313307	2	1.6362
8fd6b06b-e4f8-47cb-be17-5e635cf2d730	2	51320013	60983194	5407	0.005
8fd6b06b-e4f8-47cb-be17-5e635cf2d730	2	60983881	62149178	529	-0.0903
8fd6b06b-e4f8-47cb-be17-5e635cf2d730	2	62154038	70377868	4950	-0.0035
8fd6b06b-e4f8-47cb-be17-5e635cf2d730	2	70378447	157661726	42127	0.015
8fd6b06b-e4f8-47cb-be17-5e635cf2d730	2	157661972	208154306	28243	-0.0029
8fd6b06b-e4f8-47cb-be17-5e635cf2d730	2	208154764	208156141	3	-1.4748
8fd6b06b-e4f8-47cb-be17-5e635cf2d730	2	208156163	230393900	13812	0.0155
8fd6b06b-e4f8-47cb-be17-5e635cf2d730	2	230400636	230401563	2	1.9392
8fd6b06b-e4f8-47cb-be17-5e635cf2d730	2	230402928	241537572	6534	0.0308
8fd6b06b-e4f8-47cb-be17-5e635cf2d730	3	2170634	27246116	14754	0.0167
8fd6b06b-e4f8-47cb-be17-5e635cf2d730	3	27252878	27433249	100	-0.0673
8fd6b06b-e4f8-47cb-be17-5e635cf2d730	3	27442404	27444096	2	-1.4024
8fd6b06b-e4f8-47cb-be17-5e635cf2d730	3	27453675	33932680	4176	-0.0154
8fd6b06b-e4f8-47cb-be17-5e635cf2d730	3	33935293	126809331	50915	0.0145
8fd6b06b-e4f8-47cb-be17-5e635cf2d730	3	126810238	128551050	1061	0.085
8fd6b06b-e4f8-47cb-be17-5e635cf2d730	3	128631841	197812401	36229	0.0087
8fd6b06b-e4f8-47cb-be17-5e635cf2d730	4	1059384	3107715	785	0.0226
8fd6b06b-e4f8-47cb-be17-5e635cf2d730	4	3108143	10310449	4074	0.0613
8fd6b06b-e4f8-47cb-be17-5e635cf2d730	4	10310592	187842528	98686	0.0064
8fd6b06b-e4f8-47cb-be17-5e635cf2d730	5	913983	31619478	18461	0.0215
8fd6b06b-e4f8-47cb-be17-5e635cf2d730	5	31621371	131943472	52446	0.0011
8fd6b06b-e4f8-47cb-be17-5e635cf2d730	5	131943775	171767234	25409	0.0224
8fd6b06b-e4f8-47cb-be17-5e635cf2d730	5	171767566	171767886	2	-1.9309
8fd6b06b-e4f8-47cb-be17-5e635cf2d730	5	171768123	180934240	4849	0.0215
8fd6b06b-e4f8-47cb-be17-5e635cf2d730	6	1011760	39829608	23517	0.0032
8fd6b06b-e4f8-47cb-be17-5e635cf2d730	6	39834580	44277233	2763	0.0474
8fd6b06b-e4f8-47cb-be17-5e635cf2d730	6	44277586	170596889	70930	0.0064
8fd6b06b-e4f8-47cb-be17-5e635cf2d730	7	664936	55396668	33014	0.011
8fd6b06b-e4f8-47cb-be17-5e635cf2d730	7	55397011	78306693	6353	-0.0142
8fd6b06b-e4f8-47cb-be17-5e635cf2d730	7	78307316	145495224	35653	0.0122
8fd6b06b-e4f8-47cb-be17-5e635cf2d730	7	145495625	145495800	2	-1.5459
8fd6b06b-e4f8-47cb-be17-5e635cf2d730	7	145495852	158592540	6938	0.0238
8fd6b06b-e4f8-47cb-be17-5e635cf2d730	8	667625	1843295	559	0.0373
8fd6b06b-e4f8-47cb-be17-5e635cf2d730	8	1843519	1844694	2	-1.361
8fd6b06b-e4f8-47cb-be17-5e635cf2d730	8	1847103	6967762	2683	0.0234
8fd6b06b-e4f8-47cb-be17-5e635cf2d730	8	6967890	130298955	70662	0.0054
8fd6b06b-e4f8-47cb-be17-5e635cf2d730	8	130301123	144182542	8371	0.0363
8fd6b06b-e4f8-47cb-be17-5e635cf2d730	9	789794	113540950	53830	0.0011
8fd6b06b-e4f8-47cb-be17-5e635cf2d730	9	113548284	132712153	12437	0.0248
8fd6b06b-e4f8-47cb-be17-5e635cf2d730	9	132715611	135974111	1709	0.0765
8fd6b06b-e4f8-47cb-be17-5e635cf2d730	9	135974840	138044505	542	0.0105
8fd6b06b-e4f8-47cb-be17-5e635cf2d730	10	366509	4079199	2197	0.0144
8fd6b06b-e4f8-47cb-be17-5e635cf2d730	10	4081473	42758139	24230	-0.0125
8fd6b06b-e4f8-47cb-be17-5e635cf2d730	10	42766813	59619640	8776	0.025
8fd6b06b-e4f8-47cb-be17-5e635cf2d730	10	59620321	60368518	604	-0.0634
8fd6b06b-e4f8-47cb-be17-5e635cf2d730	10	60368748	69364023	5139	0.0018
8fd6b06b-e4f8-47cb-be17-5e635cf2d730	10	69365392	71882087	1824	0.0715
8fd6b06b-e4f8-47cb-be17-5e635cf2d730	10	71882197	74854742	1276	-0.0408
8fd6b06b-e4f8-47cb-be17-5e635cf2d730	10	74857051	77270136	1668	0.0195
8fd6b06b-e4f8-47cb-be17-5e635cf2d730	10	77270151	80358652	1848	0.0805
8fd6b06b-e4f8-47cb-be17-5e635cf2d730	10	80358666	119977002	25141	0.0139
8fd6b06b-e4f8-47cb-be17-5e635cf2d730	10	119977187	133411599	8625	0.0432
8fd6b06b-e4f8-47cb-be17-5e635cf2d730	11	456012	3726982	1066	0.0498
8fd6b06b-e4f8-47cb-be17-5e635cf2d730	11	3728965	68529965	34933	0.0111
8fd6b06b-e4f8-47cb-be17-5e635cf2d730	11	68530487	72777617	2218	0.0571
8fd6b06b-e4f8-47cb-be17-5e635cf2d730	11	72789377	114597047	25724	0.0069
8fd6b06b-e4f8-47cb-be17-5e635cf2d730	11	114609758	134272740	13667	0.0329
8fd6b06b-e4f8-47cb-be17-5e635cf2d730	12	780472	7248747	3957	0.0323
8fd6b06b-e4f8-47cb-be17-5e635cf2d730	12	7248775	72164199	34975	-0.006
8fd6b06b-e4f8-47cb-be17-5e635cf2d730	12	72165144	75816294	2035	0.0232
8fd6b06b-e4f8-47cb-be17-5e635cf2d730	12	75817732	75823187	8	-1.2022
8fd6b06b-e4f8-47cb-be17-5e635cf2d730	12	75823448	106971111	19612	-0.0002
8fd6b06b-e4f8-47cb-be17-5e635cf2d730	12	106971126	107000285	22	-0.6177
8fd6b06b-e4f8-47cb-be17-5e635cf2d730	12	107006592	125662662	10704	0.0184
8fd6b06b-e4f8-47cb-be17-5e635cf2d730	12	125665000	125665095	2	-1.4724
8fd6b06b-e4f8-47cb-be17-5e635cf2d730	12	125665492	132605822	3061	0.0294
8fd6b06b-e4f8-47cb-be17-5e635cf2d730	13	18874255	39128861	12805	0.0052
8fd6b06b-e4f8-47cb-be17-5e635cf2d730	13	39129297	52676905	7634	-0.0126
8fd6b06b-e4f8-47cb-be17-5e635cf2d730	13	52678564	114226675	36590	0.0153
8fd6b06b-e4f8-47cb-be17-5e635cf2d730	14	20033191	24440156	1741	-0.0018
8fd6b06b-e4f8-47cb-be17-5e635cf2d730	14	24440338	24533639	2	-1.575
8fd6b06b-e4f8-47cb-be17-5e635cf2d730	14	24533996	92217846	40085	-0.0012
8fd6b06b-e4f8-47cb-be17-5e635cf2d730	14	92218029	95965020	2706	0.0374
8fd6b06b-e4f8-47cb-be17-5e635cf2d730	14	95967208	99690434	2686	0.0115
8fd6b06b-e4f8-47cb-be17-5e635cf2d730	14	99691454	99694043	2	-1.8669
8fd6b06b-e4f8-47cb-be17-5e635cf2d730	14	99696040	105533894	2590	0.0299
8fd6b06b-e4f8-47cb-be17-5e635cf2d730	15	23437561	26464726	1759	0.0155
8fd6b06b-e4f8-47cb-be17-5e635cf2d730	15	26468380	62729846	20469	-0.0062
8fd6b06b-e4f8-47cb-be17-5e635cf2d730	15	62732746	69735926	4198	0.0218
8fd6b06b-e4f8-47cb-be17-5e635cf2d730	15	69736494	70501098	553	0.1015
8fd6b06b-e4f8-47cb-be17-5e635cf2d730	15	70504905	101344124	17825	0.013
8fd6b06b-e4f8-47cb-be17-5e635cf2d730	16	603333	2948274	631	0.0623
8fd6b06b-e4f8-47cb-be17-5e635cf2d730	16	2948580	48639075	14357	0.0028
8fd6b06b-e4f8-47cb-be17-5e635cf2d730	16	48640386	48640470	2	-1.4983
8fd6b06b-e4f8-47cb-be17-5e635cf2d730	16	48642611	48798459	85	-0.0833
8fd6b06b-e4f8-47cb-be17-5e635cf2d730	16	48800465	51246855	1721	0.0517
8fd6b06b-e4f8-47cb-be17-5e635cf2d730	16	51249479	54138258	2208	-0.0144
8fd6b06b-e4f8-47cb-be17-5e635cf2d730	16	54138912	58328434	2826	0.0504
8fd6b06b-e4f8-47cb-be17-5e635cf2d730	16	58329988	79020379	12445	0.0008
8fd6b06b-e4f8-47cb-be17-5e635cf2d730	16	79020526	89317317	6951	0.0475
8fd6b06b-e4f8-47cb-be17-5e635cf2d730	17	1074619	58433297	24958	0.0062
8fd6b06b-e4f8-47cb-be17-5e635cf2d730	17	58437025	70814060	6574	-0.0272
8fd6b06b-e4f8-47cb-be17-5e635cf2d730	17	70814197	82959812	5764	0.0293
8fd6b06b-e4f8-47cb-be17-5e635cf2d730	18	326691	37207559	18022	0.0013
8fd6b06b-e4f8-47cb-be17-5e635cf2d730	18	37208651	55515751	11673	0.0311
8fd6b06b-e4f8-47cb-be17-5e635cf2d730	18	55518889	71360069	9521	0.0054
8fd6b06b-e4f8-47cb-be17-5e635cf2d730	18	71362446	71362642	2	-1.4261
8fd6b06b-e4f8-47cb-be17-5e635cf2d730	18	71363118	79349796	3773	0.0276
8fd6b06b-e4f8-47cb-be17-5e635cf2d730	19	283868	19609015	7658	0.0042
8fd6b06b-e4f8-47cb-be17-5e635cf2d730	19	19609232	23830474	1359	-0.0659
8fd6b06b-e4f8-47cb-be17-5e635cf2d730	19	23831305	58370362	15142	0.0037
8fd6b06b-e4f8-47cb-be17-5e635cf2d730	20	472817	4991863	2842	0.025
8fd6b06b-e4f8-47cb-be17-5e635cf2d730	20	4996819	16168814	7138	-0.0063
8fd6b06b-e4f8-47cb-be17-5e635cf2d730	20	16168815	56998820	23213	0.0232
8fd6b06b-e4f8-47cb-be17-5e635cf2d730	20	57000091	63474178	4340	0.0714
8fd6b06b-e4f8-47cb-be17-5e635cf2d730	20	63487583	63588502	38	-0.0531
8fd6b06b-e4f8-47cb-be17-5e635cf2d730	21	13974127	40893148	17841	0.0023
8fd6b06b-e4f8-47cb-be17-5e635cf2d730	21	40894915	46262057	2769	0.0444
8fd6b06b-e4f8-47cb-be17-5e635cf2d730	22	16934932	48940621	17098	0.0248
8fd6b06b-e4f8-47cb-be17-5e635cf2d730	X	3236359	155677414	63989	0.0111
