GDC_Aliquot	Chromosome	Start	End	Num_Probes	Segment_Mean
7180574a-08c1-4142-9c6f-ad596c4ba7c4	1	62920	3093405	653	-0.1296
7180574a-08c1-4142-9c6f-ad596c4ba7c4	1	3094022	4830065	1195	0.0269
7180574a-08c1-4142-9c6f-ad596c4ba7c4	1	4831543	4834084	3	-2.3617
7180574a-08c1-4142-9c6f-ad596c4ba7c4	1	4834890	5300750	409	0.016
7180574a-08c1-4142-9c6f-ad596c4ba7c4	1	5302232	5308653	5	-1.2219
7180574a-08c1-4142-9c6f-ad596c4ba7c4	1	5308687	12774437	4189	0.0017
7180574a-08c1-4142-9c6f-ad596c4ba7c4	1	12775725	13339386	47	-0.3276
7180574a-08c1-4142-9c6f-ad596c4ba7c4	1	13362275	16471261	2090	0.0049
7180574a-08c1-4142-9c6f-ad596c4ba7c4	1	16477281	16958425	134	-0.2829
7180574a-08c1-4142-9c6f-ad596c4ba7c4	1	16959715	40874397	13579	0.0057
7180574a-08c1-4142-9c6f-ad596c4ba7c4	1	40874947	40909448	21	0.5604
7180574a-08c1-4142-9c6f-ad596c4ba7c4	1	40910828	72302735	20344	0.0081
7180574a-08c1-4142-9c6f-ad596c4ba7c4	1	72302815	72345465	47	-0.775
7180574a-08c1-4142-9c6f-ad596c4ba7c4	1	72346221	105476583	20914	0.0137
7180574a-08c1-4142-9c6f-ad596c4ba7c4	1	105476614	105479753	16	-1.7312
7180574a-08c1-4142-9c6f-ad596c4ba7c4	1	105481433	109690415	2635	0.0292
7180574a-08c1-4142-9c6f-ad596c4ba7c4	1	109690431	109697556	11	-1.5275
7180574a-08c1-4142-9c6f-ad596c4ba7c4	1	109702376	152787202	9749	-0.0023
7180574a-08c1-4142-9c6f-ad596c4ba7c4	1	152789447	152796224	37	-1.2471
7180574a-08c1-4142-9c6f-ad596c4ba7c4	1	152801429	158989785	3665	0.0168
7180574a-08c1-4142-9c6f-ad596c4ba7c4	1	158992249	158993006	2	-3.9051
7180574a-08c1-4142-9c6f-ad596c4ba7c4	1	158997074	248930189	61527	0.0062
7180574a-08c1-4142-9c6f-ad596c4ba7c4	2	12784	34427512	24013	0.0071
7180574a-08c1-4142-9c6f-ad596c4ba7c4	2	34427804	34511990	58	0.5632
7180574a-08c1-4142-9c6f-ad596c4ba7c4	2	34512096	52537117	12990	0.0187
7180574a-08c1-4142-9c6f-ad596c4ba7c4	2	52537337	52554157	14	0.6907
7180574a-08c1-4142-9c6f-ad596c4ba7c4	2	52554188	86836256	21919	0.0128
7180574a-08c1-4142-9c6f-ad596c4ba7c4	2	86839657	87877400	160	-0.216
7180574a-08c1-4142-9c6f-ad596c4ba7c4	2	87892388	88936763	540	0.0044
7180574a-08c1-4142-9c6f-ad596c4ba7c4	2	88938545	94680914	307	-0.182
7180574a-08c1-4142-9c6f-ad596c4ba7c4	2	94681256	97046705	790	-0.0234
7180574a-08c1-4142-9c6f-ad596c4ba7c4	2	97047398	97181113	50	-0.2095
7180574a-08c1-4142-9c6f-ad596c4ba7c4	2	97181150	97211069	16	-0.741
7180574a-08c1-4142-9c6f-ad596c4ba7c4	2	97211264	97662587	57	-0.0848
7180574a-08c1-4142-9c6f-ad596c4ba7c4	2	97665171	108965901	7148	0.0141
7180574a-08c1-4142-9c6f-ad596c4ba7c4	2	108966255	108968792	5	-2.2359
7180574a-08c1-4142-9c6f-ad596c4ba7c4	2	108968954	120560333	6477	0.0048
7180574a-08c1-4142-9c6f-ad596c4ba7c4	2	120560590	120583705	14	-0.602
7180574a-08c1-4142-9c6f-ad596c4ba7c4	2	120583845	122718173	1366	0.0204
7180574a-08c1-4142-9c6f-ad596c4ba7c4	2	122718842	122724665	9	-0.8766
7180574a-08c1-4142-9c6f-ad596c4ba7c4	2	122726077	130024177	4760	0.0214
7180574a-08c1-4142-9c6f-ad596c4ba7c4	2	130026710	130159591	24	-0.5975
7180574a-08c1-4142-9c6f-ad596c4ba7c4	2	130162876	131974077	607	-0.0339
7180574a-08c1-4142-9c6f-ad596c4ba7c4	2	131985208	131985669	3	-1.276
7180574a-08c1-4142-9c6f-ad596c4ba7c4	2	131988691	137946382	3888	0.0076
7180574a-08c1-4142-9c6f-ad596c4ba7c4	2	137946434	137946958	3	1.4484
7180574a-08c1-4142-9c6f-ad596c4ba7c4	2	137947188	146106875	5004	0.0129
7180574a-08c1-4142-9c6f-ad596c4ba7c4	2	146106889	146121331	31	0.6239
7180574a-08c1-4142-9c6f-ad596c4ba7c4	2	146121420	153636625	4624	0.0169
7180574a-08c1-4142-9c6f-ad596c4ba7c4	2	153637941	153654936	5	-1.0584
7180574a-08c1-4142-9c6f-ad596c4ba7c4	2	153655290	204479729	30222	0.0132
7180574a-08c1-4142-9c6f-ad596c4ba7c4	2	204479949	204480159	5	-1.1062
7180574a-08c1-4142-9c6f-ad596c4ba7c4	2	204480903	223758808	12576	0.0057
7180574a-08c1-4142-9c6f-ad596c4ba7c4	2	223759376	223760359	5	-1.0702
7180574a-08c1-4142-9c6f-ad596c4ba7c4	2	223764616	232313547	5287	0.0107
7180574a-08c1-4142-9c6f-ad596c4ba7c4	2	232315640	232453368	93	-0.2735
7180574a-08c1-4142-9c6f-ad596c4ba7c4	2	232454022	242147305	6135	-0.0025
7180574a-08c1-4142-9c6f-ad596c4ba7c4	3	20930	4046103	3614	0.0442
7180574a-08c1-4142-9c6f-ad596c4ba7c4	3	4047430	4054960	22	-1.1746
7180574a-08c1-4142-9c6f-ad596c4ba7c4	3	4055218	75451613	48964	0.0065
7180574a-08c1-4142-9c6f-ad596c4ba7c4	3	75458243	75519398	25	-0.5206
7180574a-08c1-4142-9c6f-ad596c4ba7c4	3	75523398	75547095	7	-1.3597
7180574a-08c1-4142-9c6f-ad596c4ba7c4	3	75559488	75773308	43	-0.4122
7180574a-08c1-4142-9c6f-ad596c4ba7c4	3	75774420	101106782	12065	0.0136
7180574a-08c1-4142-9c6f-ad596c4ba7c4	3	101115061	101115447	2	-1.6604
7180574a-08c1-4142-9c6f-ad596c4ba7c4	3	101115541	130035092	17560	0.0029
7180574a-08c1-4142-9c6f-ad596c4ba7c4	3	130035506	130202376	78	-0.3311
7180574a-08c1-4142-9c6f-ad596c4ba7c4	3	130210782	162795361	20205	0.0102
7180574a-08c1-4142-9c6f-ad596c4ba7c4	3	162795671	162846267	27	-0.6433
7180574a-08c1-4142-9c6f-ad596c4ba7c4	3	162849883	189642965	16680	0.0055
7180574a-08c1-4142-9c6f-ad596c4ba7c4	3	189645889	189653199	12	-2.5232
7180574a-08c1-4142-9c6f-ad596c4ba7c4	3	189653225	193156018	2486	0.002
7180574a-08c1-4142-9c6f-ad596c4ba7c4	3	193156958	193165114	21	-0.9598
7180574a-08c1-4142-9c6f-ad596c4ba7c4	3	193168646	195446385	1456	0.0044
7180574a-08c1-4142-9c6f-ad596c4ba7c4	3	195455343	195751990	73	-0.3457
7180574a-08c1-4142-9c6f-ad596c4ba7c4	3	195752877	198169247	1162	-0.0406
7180574a-08c1-4142-9c6f-ad596c4ba7c4	4	68929	3873169	1557	-0.0163
7180574a-08c1-4142-9c6f-ad596c4ba7c4	4	3876063	4112194	59	-0.3604
7180574a-08c1-4142-9c6f-ad596c4ba7c4	4	4117230	4133854	7	-1.1257
7180574a-08c1-4142-9c6f-ad596c4ba7c4	4	4151033	4176082	12	-0.459
7180574a-08c1-4142-9c6f-ad596c4ba7c4	4	4180275	9370577	3440	0.0045
7180574a-08c1-4142-9c6f-ad596c4ba7c4	4	9374840	9455251	58	-0.2489
7180574a-08c1-4142-9c6f-ad596c4ba7c4	4	9459504	9499750	11	-1.0042
7180574a-08c1-4142-9c6f-ad596c4ba7c4	4	9507970	9648974	40	-0.3762
7180574a-08c1-4142-9c6f-ad596c4ba7c4	4	9652366	10198085	464	-0.0168
7180574a-08c1-4142-9c6f-ad596c4ba7c4	4	10198175	10198872	4	-0.9057
7180574a-08c1-4142-9c6f-ad596c4ba7c4	4	10199034	10208766	24	-0.0248
7180574a-08c1-4142-9c6f-ad596c4ba7c4	4	10221792	10233644	35	-1.4396
7180574a-08c1-4142-9c6f-ad596c4ba7c4	4	10234518	34777382	16942	0.0103
7180574a-08c1-4142-9c6f-ad596c4ba7c4	4	34777403	34819718	39	-0.4644
7180574a-08c1-4142-9c6f-ad596c4ba7c4	4	34822561	62802116	15961	0.0092
7180574a-08c1-4142-9c6f-ad596c4ba7c4	4	62804218	62805944	8	-1.608
7180574a-08c1-4142-9c6f-ad596c4ba7c4	4	62813912	68349208	3423	0.0192
7180574a-08c1-4142-9c6f-ad596c4ba7c4	4	68352050	68776903	134	-0.1797
7180574a-08c1-4142-9c6f-ad596c4ba7c4	4	68777081	69261934	277	0.0285
7180574a-08c1-4142-9c6f-ad596c4ba7c4	4	69262694	69283159	13	-1.4197
7180574a-08c1-4142-9c6f-ad596c4ba7c4	4	69283439	69297175	9	-3.5019
7180574a-08c1-4142-9c6f-ad596c4ba7c4	4	69300013	69366081	29	-1.5388
7180574a-08c1-4142-9c6f-ad596c4ba7c4	4	69366304	69412731	22	-0.2978
7180574a-08c1-4142-9c6f-ad596c4ba7c4	4	69414814	154881396	51306	0.0082
7180574a-08c1-4142-9c6f-ad596c4ba7c4	4	154881853	154881926	3	-1.2595
7180574a-08c1-4142-9c6f-ad596c4ba7c4	4	154882047	160958989	3914	0.008
7180574a-08c1-4142-9c6f-ad596c4ba7c4	4	160959045	160963448	17	-0.658
7180574a-08c1-4142-9c6f-ad596c4ba7c4	4	160963756	171448195	6659	0.0084
7180574a-08c1-4142-9c6f-ad596c4ba7c4	4	171453733	171456559	10	1.7013
7180574a-08c1-4142-9c6f-ad596c4ba7c4	4	171456573	172066777	399	-0.0084
7180574a-08c1-4142-9c6f-ad596c4ba7c4	4	172067997	172074828	13	0.7451
7180574a-08c1-4142-9c6f-ad596c4ba7c4	4	172075742	186151876	9471	0.0048
7180574a-08c1-4142-9c6f-ad596c4ba7c4	4	186153679	186158230	8	-1.0331
7180574a-08c1-4142-9c6f-ad596c4ba7c4	4	186158892	189502297	2362	0.0209
7180574a-08c1-4142-9c6f-ad596c4ba7c4	4	189502719	190106768	206	-0.2111
7180574a-08c1-4142-9c6f-ad596c4ba7c4	5	15532	717264	309	-0.0777
7180574a-08c1-4142-9c6f-ad596c4ba7c4	5	717410	823655	38	-0.4829
7180574a-08c1-4142-9c6f-ad596c4ba7c4	5	823951	7168841	5356	0.006
7180574a-08c1-4142-9c6f-ad596c4ba7c4	5	7169019	7189812	29	-0.8091
7180574a-08c1-4142-9c6f-ad596c4ba7c4	5	7202522	17473477	7592	0.0078
7180574a-08c1-4142-9c6f-ad596c4ba7c4	5	17475920	17602350	26	-0.46
7180574a-08c1-4142-9c6f-ad596c4ba7c4	5	17602693	46196012	17254	0.0127
7180574a-08c1-4142-9c6f-ad596c4ba7c4	5	46199332	46199333	2	-2.3064
7180574a-08c1-4142-9c6f-ad596c4ba7c4	5	46209197	69550476	12404	0.0104
7180574a-08c1-4142-9c6f-ad596c4ba7c4	5	69571467	69822308	5	-1.6486
7180574a-08c1-4142-9c6f-ad596c4ba7c4	5	69937600	82398698	7041	0.0027
7180574a-08c1-4142-9c6f-ad596c4ba7c4	5	82403298	82410641	10	-0.7192
7180574a-08c1-4142-9c6f-ad596c4ba7c4	5	82411802	105097893	12912	0.016
7180574a-08c1-4142-9c6f-ad596c4ba7c4	5	105100642	105167266	44	-0.8794
7180574a-08c1-4142-9c6f-ad596c4ba7c4	5	105168236	146330127	26171	0.0117
7180574a-08c1-4142-9c6f-ad596c4ba7c4	5	146331083	146333244	2	-2.1883
7180574a-08c1-4142-9c6f-ad596c4ba7c4	5	146333601	155582709	6354	0.0031
7180574a-08c1-4142-9c6f-ad596c4ba7c4	5	155585068	155588956	2	-1.6165
7180574a-08c1-4142-9c6f-ad596c4ba7c4	5	155589061	156045045	360	0.0186
7180574a-08c1-4142-9c6f-ad596c4ba7c4	5	156045123	156055719	19	-0.536
7180574a-08c1-4142-9c6f-ad596c4ba7c4	5	156068240	179676725	15837	-0.0003
7180574a-08c1-4142-9c6f-ad596c4ba7c4	5	179677049	179677132	4	-1.381
7180574a-08c1-4142-9c6f-ad596c4ba7c4	5	179677599	180953203	725	-0.0302
7180574a-08c1-4142-9c6f-ad596c4ba7c4	5	180960138	180975764	5	-1.1053
7180574a-08c1-4142-9c6f-ad596c4ba7c4	5	180975843	181363319	181	-0.0414
7180574a-08c1-4142-9c6f-ad596c4ba7c4	6	149661	439985	255	-0.1629
7180574a-08c1-4142-9c6f-ad596c4ba7c4	6	441883	31313046	22013	0.0033
7180574a-08c1-4142-9c6f-ad596c4ba7c4	6	31318499	31342147	12	-1.0959
7180574a-08c1-4142-9c6f-ad596c4ba7c4	6	31349570	31468496	114	-0.0392
7180574a-08c1-4142-9c6f-ad596c4ba7c4	6	31468535	31468804	3	-1.7508
7180574a-08c1-4142-9c6f-ad596c4ba7c4	6	31468862	32510338	388	0.0511
7180574a-08c1-4142-9c6f-ad596c4ba7c4	6	32515192	32605994	23	-0.4676
7180574a-08c1-4142-9c6f-ad596c4ba7c4	6	32606237	32641650	25	0.2103
7180574a-08c1-4142-9c6f-ad596c4ba7c4	6	32656527	32658841	6	-1.2213
7180574a-08c1-4142-9c6f-ad596c4ba7c4	6	32682835	33037496	250	0.0871
7180574a-08c1-4142-9c6f-ad596c4ba7c4	6	33037596	33049709	2	-2.4772
7180574a-08c1-4142-9c6f-ad596c4ba7c4	6	33050533	58383079	15601	0.001
7180574a-08c1-4142-9c6f-ad596c4ba7c4	6	58383095	60513000	46	-0.3
7180574a-08c1-4142-9c6f-ad596c4ba7c4	6	60523800	73882509	8138	0.0129
7180574a-08c1-4142-9c6f-ad596c4ba7c4	6	73882741	73891694	9	-2.0497
7180574a-08c1-4142-9c6f-ad596c4ba7c4	6	73893839	78261995	2769	0.0057
7180574a-08c1-4142-9c6f-ad596c4ba7c4	6	78262064	78325457	107	-0.4451
7180574a-08c1-4142-9c6f-ad596c4ba7c4	6	78325468	93795530	9905	0.0095
7180574a-08c1-4142-9c6f-ad596c4ba7c4	6	93797690	94909920	740	0.1129
7180574a-08c1-4142-9c6f-ad596c4ba7c4	6	94915605	103290101	4803	0.011
7180574a-08c1-4142-9c6f-ad596c4ba7c4	6	103290164	103312129	41	0.5274
7180574a-08c1-4142-9c6f-ad596c4ba7c4	6	103312172	118565798	9335	0.0122
7180574a-08c1-4142-9c6f-ad596c4ba7c4	6	118566052	118590350	14	-0.5888
7180574a-08c1-4142-9c6f-ad596c4ba7c4	6	118596227	170741917	34747	0.0042
7180574a-08c1-4142-9c6f-ad596c4ba7c4	7	43355	6799093	3405	-0.0109
7180574a-08c1-4142-9c6f-ad596c4ba7c4	7	6814479	6893159	27	-0.676
7180574a-08c1-4142-9c6f-ad596c4ba7c4	7	6900371	56700314	36511	0.0107
7180574a-08c1-4142-9c6f-ad596c4ba7c4	7	56701121	67432882	2283	-0.0837
7180574a-08c1-4142-9c6f-ad596c4ba7c4	7	67433622	76514576	4410	-0.0042
7180574a-08c1-4142-9c6f-ad596c4ba7c4	7	76524031	76531980	4	-1.5798
7180574a-08c1-4142-9c6f-ad596c4ba7c4	7	76531991	76817005	87	-0.1501
7180574a-08c1-4142-9c6f-ad596c4ba7c4	7	76818403	88533510	7499	0.0097
7180574a-08c1-4142-9c6f-ad596c4ba7c4	7	88533963	88609917	47	-0.2379
7180574a-08c1-4142-9c6f-ad596c4ba7c4	7	88610122	89619622	691	0.0954
7180574a-08c1-4142-9c6f-ad596c4ba7c4	7	89620247	109800866	11828	0.004
7180574a-08c1-4142-9c6f-ad596c4ba7c4	7	109801155	109813801	11	-1.5798
7180574a-08c1-4142-9c6f-ad596c4ba7c4	7	109813853	111420729	1090	0.0095
7180574a-08c1-4142-9c6f-ad596c4ba7c4	7	111425236	111426603	6	-0.8297
7180574a-08c1-4142-9c6f-ad596c4ba7c4	7	111429358	126405502	8919	0.0076
7180574a-08c1-4142-9c6f-ad596c4ba7c4	7	126405597	126406561	10	-0.8393
7180574a-08c1-4142-9c6f-ad596c4ba7c4	7	126406822	134082412	4669	0.0041
7180574a-08c1-4142-9c6f-ad596c4ba7c4	7	134085854	134133578	58	-0.2635
7180574a-08c1-4142-9c6f-ad596c4ba7c4	7	134134788	142450035	5481	0.0014
7180574a-08c1-4142-9c6f-ad596c4ba7c4	7	142451149	142475328	21	-0.4844
7180574a-08c1-4142-9c6f-ad596c4ba7c4	7	142475569	143434274	516	0.0038
7180574a-08c1-4142-9c6f-ad596c4ba7c4	7	143434863	143435470	3	-2.6269
7180574a-08c1-4142-9c6f-ad596c4ba7c4	7	143436425	159324709	10002	-0.0078
7180574a-08c1-4142-9c6f-ad596c4ba7c4	7	159324804	159334314	15	-1.0198
7180574a-08c1-4142-9c6f-ad596c4ba7c4	8	81254	645875	330	-0.1106
7180574a-08c1-4142-9c6f-ad596c4ba7c4	8	645892	645908	2	2.4725
7180574a-08c1-4142-9c6f-ad596c4ba7c4	8	656117	7078298	7347	0.0355
7180574a-08c1-4142-9c6f-ad596c4ba7c4	8	7078421	8250448	106	-0.3134
7180574a-08c1-4142-9c6f-ad596c4ba7c4	8	8251046	9196404	879	0.0099
7180574a-08c1-4142-9c6f-ad596c4ba7c4	8	9198857	9206293	30	-0.8998
7180574a-08c1-4142-9c6f-ad596c4ba7c4	8	9206389	11999697	2287	0.0046
7180574a-08c1-4142-9c6f-ad596c4ba7c4	8	12000823	12092042	9	-0.484
7180574a-08c1-4142-9c6f-ad596c4ba7c4	8	12130217	12177488	8	-1.3915
7180574a-08c1-4142-9c6f-ad596c4ba7c4	8	12323772	12704946	78	-0.3547
7180574a-08c1-4142-9c6f-ad596c4ba7c4	8	12709141	18407644	5275	0.0109
7180574a-08c1-4142-9c6f-ad596c4ba7c4	8	18408647	18413675	4	-2.2617
7180574a-08c1-4142-9c6f-ad596c4ba7c4	8	18413877	25119126	5083	0.0087
7180574a-08c1-4142-9c6f-ad596c4ba7c4	8	25119160	25133589	19	-0.4665
7180574a-08c1-4142-9c6f-ad596c4ba7c4	8	25133612	40324598	9641	0.0104
7180574a-08c1-4142-9c6f-ad596c4ba7c4	8	40326278	40326629	5	-1.0239
7180574a-08c1-4142-9c6f-ad596c4ba7c4	8	40326644	40327420	10	-0.1573
7180574a-08c1-4142-9c6f-ad596c4ba7c4	8	40327528	40331992	19	-1.1117
7180574a-08c1-4142-9c6f-ad596c4ba7c4	8	40335391	43923771	1958	0.0043
7180574a-08c1-4142-9c6f-ad596c4ba7c4	8	43925152	46504606	134	-0.2436
7180574a-08c1-4142-9c6f-ad596c4ba7c4	8	46517387	46775382	128	0.0483
7180574a-08c1-4142-9c6f-ad596c4ba7c4	8	46778353	46830385	30	-0.3563
7180574a-08c1-4142-9c6f-ad596c4ba7c4	8	46830765	53068165	3621	0.0132
7180574a-08c1-4142-9c6f-ad596c4ba7c4	8	53071763	53075546	5	-1.0198
7180574a-08c1-4142-9c6f-ad596c4ba7c4	8	53076057	111279265	35424	0.0092
7180574a-08c1-4142-9c6f-ad596c4ba7c4	8	111282050	111288052	11	0.7619
7180574a-08c1-4142-9c6f-ad596c4ba7c4	8	111289023	112868282	852	0.0006
7180574a-08c1-4142-9c6f-ad596c4ba7c4	8	112878376	112919655	23	0.3584
7180574a-08c1-4142-9c6f-ad596c4ba7c4	8	112920559	114622478	948	0.015
7180574a-08c1-4142-9c6f-ad596c4ba7c4	8	114622678	114628773	20	-0.5769
7180574a-08c1-4142-9c6f-ad596c4ba7c4	8	114628843	140748842	19093	0.0098
7180574a-08c1-4142-9c6f-ad596c4ba7c4	8	140752256	145072769	1928	-0.0531
7180574a-08c1-4142-9c6f-ad596c4ba7c4	9	46587	6695502	6362	0.0086
7180574a-08c1-4142-9c6f-ad596c4ba7c4	9	6695986	6707519	7	-1.2183
7180574a-08c1-4142-9c6f-ad596c4ba7c4	9	6708357	11505789	4501	0.0332
7180574a-08c1-4142-9c6f-ad596c4ba7c4	9	11505878	11964531	341	0.1434
7180574a-08c1-4142-9c6f-ad596c4ba7c4	9	11967011	11967264	4	-1.1036
7180574a-08c1-4142-9c6f-ad596c4ba7c4	9	11967868	12634682	531	0.1222
7180574a-08c1-4142-9c6f-ad596c4ba7c4	9	12637203	20087887	6268	0.014
7180574a-08c1-4142-9c6f-ad596c4ba7c4	9	20088457	20098884	10	0.6267
7180574a-08c1-4142-9c6f-ad596c4ba7c4	9	20099093	22479145	1769	0.0107
7180574a-08c1-4142-9c6f-ad596c4ba7c4	9	22480924	22509999	19	0.4878
7180574a-08c1-4142-9c6f-ad596c4ba7c4	9	22510755	23084546	390	0.0244
7180574a-08c1-4142-9c6f-ad596c4ba7c4	9	23091711	23111315	9	0.4306
7180574a-08c1-4142-9c6f-ad596c4ba7c4	9	23113987	23361807	179	0.0076
7180574a-08c1-4142-9c6f-ad596c4ba7c4	9	23363117	23379721	10	1.0178
7180574a-08c1-4142-9c6f-ad596c4ba7c4	9	23380447	28044706	3532	0.0221
7180574a-08c1-4142-9c6f-ad596c4ba7c4	9	28047590	28050693	5	-1.2132
7180574a-08c1-4142-9c6f-ad596c4ba7c4	9	28055605	30869194	2017	0.0638
7180574a-08c1-4142-9c6f-ad596c4ba7c4	9	30870575	39455364	5150	0.0089
7180574a-08c1-4142-9c6f-ad596c4ba7c4	9	39455596	39588611	25	0.2263
7180574a-08c1-4142-9c6f-ad596c4ba7c4	9	39747848	41741113	105	-0.4547
7180574a-08c1-4142-9c6f-ad596c4ba7c4	9	42014203	42265987	26	0.4189
7180574a-08c1-4142-9c6f-ad596c4ba7c4	9	42279025	42574420	12	-0.7923
7180574a-08c1-4142-9c6f-ad596c4ba7c4	9	42585140	42809397	36	-0.0608
7180574a-08c1-4142-9c6f-ad596c4ba7c4	9	42813082	60893611	10	-0.6117
7180574a-08c1-4142-9c6f-ad596c4ba7c4	9	60894341	62894529	60	0.2176
7180574a-08c1-4142-9c6f-ad596c4ba7c4	9	62917074	68391659	160	-0.2344
7180574a-08c1-4142-9c6f-ad596c4ba7c4	9	68394191	138200944	47788	0.0067
7180574a-08c1-4142-9c6f-ad596c4ba7c4	10	45792	30957581	24173	0.0073
7180574a-08c1-4142-9c6f-ad596c4ba7c4	10	30962405	30962850	11	-1.8843
7180574a-08c1-4142-9c6f-ad596c4ba7c4	10	30962893	41798237	4838	-0.0014
7180574a-08c1-4142-9c6f-ad596c4ba7c4	10	41806394	42264605	28	-0.5875
7180574a-08c1-4142-9c6f-ad596c4ba7c4	10	42267782	45569813	2260	0.0207
7180574a-08c1-4142-9c6f-ad596c4ba7c4	10	45574604	46522571	297	-0.1423
7180574a-08c1-4142-9c6f-ad596c4ba7c4	10	46525652	46526265	13	0.7629
7180574a-08c1-4142-9c6f-ad596c4ba7c4	10	46526280	48079560	340	-0.0933
7180574a-08c1-4142-9c6f-ad596c4ba7c4	10	48084420	56756643	6222	0.0223
7180574a-08c1-4142-9c6f-ad596c4ba7c4	10	56756761	56773229	42	-0.6206
7180574a-08c1-4142-9c6f-ad596c4ba7c4	10	56776292	56972972	157	0.0102
7180574a-08c1-4142-9c6f-ad596c4ba7c4	10	56974102	56992226	15	0.5935
7180574a-08c1-4142-9c6f-ad596c4ba7c4	10	56994775	66317834	6568	0.0168
7180574a-08c1-4142-9c6f-ad596c4ba7c4	10	66318006	66349315	31	-0.8433
7180574a-08c1-4142-9c6f-ad596c4ba7c4	10	66349580	130472507	43468	0.0087
7180574a-08c1-4142-9c6f-ad596c4ba7c4	10	130472578	130472631	2	2.0129
7180574a-08c1-4142-9c6f-ad596c4ba7c4	10	130472877	133364830	1813	-0.0109
7180574a-08c1-4142-9c6f-ad596c4ba7c4	10	133365107	133366273	2	-3.2486
7180574a-08c1-4142-9c6f-ad596c4ba7c4	10	133366291	133654968	175	-0.044
7180574a-08c1-4142-9c6f-ad596c4ba7c4	11	198510	3660620	1370	-0.0436
7180574a-08c1-4142-9c6f-ad596c4ba7c4	11	3661342	18930384	11284	0.0129
7180574a-08c1-4142-9c6f-ad596c4ba7c4	11	18930645	18939550	19	-0.5039
7180574a-08c1-4142-9c6f-ad596c4ba7c4	11	18939631	21184412	2066	0.0154
7180574a-08c1-4142-9c6f-ad596c4ba7c4	11	21184427	21185997	2	-1.5801
7180574a-08c1-4142-9c6f-ad596c4ba7c4	11	21186121	47971785	18175	0.0144
7180574a-08c1-4142-9c6f-ad596c4ba7c4	11	47971952	55595864	1487	-0.0428
7180574a-08c1-4142-9c6f-ad596c4ba7c4	11	55606556	55674842	48	-1.6459
7180574a-08c1-4142-9c6f-ad596c4ba7c4	11	55676735	55677818	4	0.6561
7180574a-08c1-4142-9c6f-ad596c4ba7c4	11	55678469	55686100	8	-1.6081
7180574a-08c1-4142-9c6f-ad596c4ba7c4	11	55693207	64921884	5136	0.0037
7180574a-08c1-4142-9c6f-ad596c4ba7c4	11	64924109	65935052	394	-0.1536
7180574a-08c1-4142-9c6f-ad596c4ba7c4	11	65935152	67734155	679	0.0055
7180574a-08c1-4142-9c6f-ad596c4ba7c4	11	67736185	68001326	68	-0.3171
7180574a-08c1-4142-9c6f-ad596c4ba7c4	11	68002597	135074876	45899	0.0103
7180574a-08c1-4142-9c6f-ad596c4ba7c4	12	51460	8215617	5527	-0.0109
7180574a-08c1-4142-9c6f-ad596c4ba7c4	12	8218118	8447767	75	-0.4236
7180574a-08c1-4142-9c6f-ad596c4ba7c4	12	8449386	9290254	471	0.0159
7180574a-08c1-4142-9c6f-ad596c4ba7c4	12	9301952	9308632	4	-1.2658
7180574a-08c1-4142-9c6f-ad596c4ba7c4	12	9315213	9481274	77	-0.2083
7180574a-08c1-4142-9c6f-ad596c4ba7c4	12	9485313	9582373	24	-1.3652
7180574a-08c1-4142-9c6f-ad596c4ba7c4	12	9582374	34109617	17172	0.011
7180574a-08c1-4142-9c6f-ad596c4ba7c4	12	34110199	38219278	393	-0.1622
7180574a-08c1-4142-9c6f-ad596c4ba7c4	12	38220169	43141389	3203	0.0193
7180574a-08c1-4142-9c6f-ad596c4ba7c4	12	43145509	43289448	88	0.2507
7180574a-08c1-4142-9c6f-ad596c4ba7c4	12	43289696	60242891	9843	0.0073
7180574a-08c1-4142-9c6f-ad596c4ba7c4	12	60251096	60252303	3	-1.8895
7180574a-08c1-4142-9c6f-ad596c4ba7c4	12	60256064	63359604	1973	0.0079
7180574a-08c1-4142-9c6f-ad596c4ba7c4	12	63359638	63364282	2	-1.8822
7180574a-08c1-4142-9c6f-ad596c4ba7c4	12	63365553	99398036	23120	0.0103
7180574a-08c1-4142-9c6f-ad596c4ba7c4	12	99401515	99404284	24	-0.5967
7180574a-08c1-4142-9c6f-ad596c4ba7c4	12	99404374	131609044	22062	0.0027
7180574a-08c1-4142-9c6f-ad596c4ba7c4	12	131613371	131670109	41	-0.4493
7180574a-08c1-4142-9c6f-ad596c4ba7c4	12	131670329	133201603	549	-0.0274
7180574a-08c1-4142-9c6f-ad596c4ba7c4	13	18452809	18862160	97	-0.3112
7180574a-08c1-4142-9c6f-ad596c4ba7c4	13	18864667	23541791	3141	0.0001
7180574a-08c1-4142-9c6f-ad596c4ba7c4	13	23552208	23929679	279	0.1412
7180574a-08c1-4142-9c6f-ad596c4ba7c4	13	23933543	37496233	9929	0.0009
7180574a-08c1-4142-9c6f-ad596c4ba7c4	13	37496998	37510620	17	0.5906
7180574a-08c1-4142-9c6f-ad596c4ba7c4	13	37514193	57184492	12511	0.0109
7180574a-08c1-4142-9c6f-ad596c4ba7c4	13	57189013	57352300	122	0.1946
7180574a-08c1-4142-9c6f-ad596c4ba7c4	13	57352425	57352740	2	-1.6631
7180574a-08c1-4142-9c6f-ad596c4ba7c4	13	57352749	63650072	3703	0.0253
7180574a-08c1-4142-9c6f-ad596c4ba7c4	13	63650659	63662559	9	-0.8371
7180574a-08c1-4142-9c6f-ad596c4ba7c4	13	63665430	63868528	110	-0.0062
7180574a-08c1-4142-9c6f-ad596c4ba7c4	13	63868568	64350886	285	0.1472
7180574a-08c1-4142-9c6f-ad596c4ba7c4	13	64351333	66425683	1267	0.0184
7180574a-08c1-4142-9c6f-ad596c4ba7c4	13	66427236	66783073	297	0.1402
7180574a-08c1-4142-9c6f-ad596c4ba7c4	13	66786142	78177406	7697	0.0164
7180574a-08c1-4142-9c6f-ad596c4ba7c4	13	78178534	78181466	2	-1.5035
7180574a-08c1-4142-9c6f-ad596c4ba7c4	13	78182183	104482774	17475	0.0096
7180574a-08c1-4142-9c6f-ad596c4ba7c4	13	104487965	104546965	47	-1.02
7180574a-08c1-4142-9c6f-ad596c4ba7c4	13	104547769	106730287	1783	0.0453
7180574a-08c1-4142-9c6f-ad596c4ba7c4	13	106731890	106732362	2	-2.33
7180574a-08c1-4142-9c6f-ad596c4ba7c4	13	106732887	114342922	5257	0.0003
7180574a-08c1-4142-9c6f-ad596c4ba7c4	14	18239283	19650668	60	-0.1335
7180574a-08c1-4142-9c6f-ad596c4ba7c4	14	19667065	19952080	104	-0.4195
7180574a-08c1-4142-9c6f-ad596c4ba7c4	14	19954424	26314697	4328	0.012
7180574a-08c1-4142-9c6f-ad596c4ba7c4	14	26314707	26314712	6	1.0753
7180574a-08c1-4142-9c6f-ad596c4ba7c4	14	26315707	47227057	12778	0.019
7180574a-08c1-4142-9c6f-ad596c4ba7c4	14	47238133	47247080	7	-0.8635
7180574a-08c1-4142-9c6f-ad596c4ba7c4	14	47247780	73529070	16886	0.0048
7180574a-08c1-4142-9c6f-ad596c4ba7c4	14	73534419	73554275	9	-1.6662
7180574a-08c1-4142-9c6f-ad596c4ba7c4	14	73563196	106340102	20825	0.0091
7180574a-08c1-4142-9c6f-ad596c4ba7c4	14	106340305	106364815	9	-1.1024
7180574a-08c1-4142-9c6f-ad596c4ba7c4	14	106365807	106877229	271	-0.0447
7180574a-08c1-4142-9c6f-ad596c4ba7c4	15	19811075	24137883	1070	-0.0147
7180574a-08c1-4142-9c6f-ad596c4ba7c4	15	24139418	24189385	29	-0.8735
7180574a-08c1-4142-9c6f-ad596c4ba7c4	15	24197072	24326202	61	-0.2055
7180574a-08c1-4142-9c6f-ad596c4ba7c4	15	24329610	24533744	95	0.7877
7180574a-08c1-4142-9c6f-ad596c4ba7c4	15	24537120	28289262	2714	0.018
7180574a-08c1-4142-9c6f-ad596c4ba7c4	15	28294842	29136885	203	-0.1985
7180574a-08c1-4142-9c6f-ad596c4ba7c4	15	29137635	30199184	650	-0.0044
7180574a-08c1-4142-9c6f-ad596c4ba7c4	15	30201158	30297594	15	-1.0558
7180574a-08c1-4142-9c6f-ad596c4ba7c4	15	30300815	30503586	13	0.1481
7180574a-08c1-4142-9c6f-ad596c4ba7c4	15	30515739	30608675	3	-1.5642
7180574a-08c1-4142-9c6f-ad596c4ba7c4	15	30621384	32323432	1061	-0.0023
7180574a-08c1-4142-9c6f-ad596c4ba7c4	15	32339520	32610782	17	-0.6429
7180574a-08c1-4142-9c6f-ad596c4ba7c4	15	32612414	76599286	27921	0.0107
7180574a-08c1-4142-9c6f-ad596c4ba7c4	15	76599400	76609838	20	-1.8321
7180574a-08c1-4142-9c6f-ad596c4ba7c4	15	76609853	77365402	322	-0.0252
7180574a-08c1-4142-9c6f-ad596c4ba7c4	15	77366650	77368003	2	-2.0241
7180574a-08c1-4142-9c6f-ad596c4ba7c4	15	77372024	81746279	2959	-0.0012
7180574a-08c1-4142-9c6f-ad596c4ba7c4	15	81746854	81778575	19	-0.4494
7180574a-08c1-4142-9c6f-ad596c4ba7c4	15	81778614	82289098	329	-0.0036
7180574a-08c1-4142-9c6f-ad596c4ba7c4	15	82305363	82530165	18	-0.3897
7180574a-08c1-4142-9c6f-ad596c4ba7c4	15	82530570	83871986	755	-0.0007
7180574a-08c1-4142-9c6f-ad596c4ba7c4	15	83874133	83878795	7	-1.2717
7180574a-08c1-4142-9c6f-ad596c4ba7c4	15	83879115	101928837	13160	0.0104
7180574a-08c1-4142-9c6f-ad596c4ba7c4	16	10777	603167	281	-0.1718
7180574a-08c1-4142-9c6f-ad596c4ba7c4	16	603284	6044556	2892	-0.0157
7180574a-08c1-4142-9c6f-ad596c4ba7c4	16	6047062	8612344	3031	0.0482
7180574a-08c1-4142-9c6f-ad596c4ba7c4	16	8612512	11542886	2463	-0.0196
7180574a-08c1-4142-9c6f-ad596c4ba7c4	16	11543720	11545144	5	-1.1543
7180574a-08c1-4142-9c6f-ad596c4ba7c4	16	11546193	14683771	2391	0.0083
7180574a-08c1-4142-9c6f-ad596c4ba7c4	16	14686797	14955046	22	-0.4792
7180574a-08c1-4142-9c6f-ad596c4ba7c4	16	14955480	14955801	4	-1.5055
7180574a-08c1-4142-9c6f-ad596c4ba7c4	16	14956028	16905017	770	-0.1016
7180574a-08c1-4142-9c6f-ad596c4ba7c4	16	16907245	18073660	858	0.0059
7180574a-08c1-4142-9c6f-ad596c4ba7c4	16	18078624	18162067	11	-0.9326
7180574a-08c1-4142-9c6f-ad596c4ba7c4	16	18168316	19393323	407	-0.0131
7180574a-08c1-4142-9c6f-ad596c4ba7c4	16	19393459	19398857	3	-1.2532
7180574a-08c1-4142-9c6f-ad596c4ba7c4	16	19399095	21653875	1275	0.0102
7180574a-08c1-4142-9c6f-ad596c4ba7c4	16	21654576	22706983	394	-0.1491
7180574a-08c1-4142-9c6f-ad596c4ba7c4	16	22707065	28620700	4033	0.0032
7180574a-08c1-4142-9c6f-ad596c4ba7c4	16	28637882	30180586	404	-0.1465
7180574a-08c1-4142-9c6f-ad596c4ba7c4	16	30295647	31960199	642	0.0209
7180574a-08c1-4142-9c6f-ad596c4ba7c4	16	31963848	35433317	331	-0.1771
7180574a-08c1-4142-9c6f-ad596c4ba7c4	16	35436487	57887848	7915	0.001
7180574a-08c1-4142-9c6f-ad596c4ba7c4	16	57887939	57892267	3	-1.2677
7180574a-08c1-4142-9c6f-ad596c4ba7c4	16	57892513	78337711	12980	0.0075
7180574a-08c1-4142-9c6f-ad596c4ba7c4	16	78338543	78350841	15	-1.8613
7180574a-08c1-4142-9c6f-ad596c4ba7c4	16	78350868	84030905	6349	0.0085
7180574a-08c1-4142-9c6f-ad596c4ba7c4	16	84031602	84877892	762	-0.0841
7180574a-08c1-4142-9c6f-ad596c4ba7c4	16	84878725	86242250	1039	0.024
7180574a-08c1-4142-9c6f-ad596c4ba7c4	16	86242913	86244356	15	-0.577
7180574a-08c1-4142-9c6f-ad596c4ba7c4	16	86245695	88011173	1535	0.0165
7180574a-08c1-4142-9c6f-ad596c4ba7c4	16	88017955	88018555	2	-2.0481
7180574a-08c1-4142-9c6f-ad596c4ba7c4	16	88019517	90096867	868	-0.062
7180574a-08c1-4142-9c6f-ad596c4ba7c4	17	150733	1226341	550	-0.1092
7180574a-08c1-4142-9c6f-ad596c4ba7c4	17	1227176	16750987	9891	0.0091
7180574a-08c1-4142-9c6f-ad596c4ba7c4	17	16754017	16759600	2	-1.8667
7180574a-08c1-4142-9c6f-ad596c4ba7c4	17	16759737	18375453	893	0.0248
7180574a-08c1-4142-9c6f-ad596c4ba7c4	17	18375514	18629097	59	-0.3408
7180574a-08c1-4142-9c6f-ad596c4ba7c4	17	18630363	21501387	1190	0.0069
7180574a-08c1-4142-9c6f-ad596c4ba7c4	17	21502968	27160113	373	-0.1543
7180574a-08c1-4142-9c6f-ad596c4ba7c4	17	27168751	36116407	5250	0.0146
7180574a-08c1-4142-9c6f-ad596c4ba7c4	17	36119525	36138013	21	-0.4804
7180574a-08c1-4142-9c6f-ad596c4ba7c4	17	36143611	41266838	2532	-0.0096
7180574a-08c1-4142-9c6f-ad596c4ba7c4	17	41266851	41274279	19	1.2428
7180574a-08c1-4142-9c6f-ad596c4ba7c4	17	41276472	45415609	2129	0.0035
7180574a-08c1-4142-9c6f-ad596c4ba7c4	17	45415735	45963155	271	-0.1698
7180574a-08c1-4142-9c6f-ad596c4ba7c4	17	45963260	45984220	21	0.336
7180574a-08c1-4142-9c6f-ad596c4ba7c4	17	45984501	46120732	101	-0.0366
7180574a-08c1-4142-9c6f-ad596c4ba7c4	17	46120775	46664059	107	-0.2984
7180574a-08c1-4142-9c6f-ad596c4ba7c4	17	46687628	47109832	225	-0.0745
7180574a-08c1-4142-9c6f-ad596c4ba7c4	17	47110063	51347003	2160	0.0101
7180574a-08c1-4142-9c6f-ad596c4ba7c4	17	51347446	51361291	14	-0.5512
7180574a-08c1-4142-9c6f-ad596c4ba7c4	17	51362648	52885789	1165	0.0064
7180574a-08c1-4142-9c6f-ad596c4ba7c4	17	52889268	53244750	226	0.1547
7180574a-08c1-4142-9c6f-ad596c4ba7c4	17	53246280	74209006	13257	0.0085
7180574a-08c1-4142-9c6f-ad596c4ba7c4	17	74217187	74421118	115	-0.2035
7180574a-08c1-4142-9c6f-ad596c4ba7c4	17	74422138	83091923	4354	-0.0092
7180574a-08c1-4142-9c6f-ad596c4ba7c4	18	48133	152424	24	-0.5105
7180574a-08c1-4142-9c6f-ad596c4ba7c4	18	155566	15092487	10290	0.0064
7180574a-08c1-4142-9c6f-ad596c4ba7c4	18	15098542	15175019	25	-0.549
7180574a-08c1-4142-9c6f-ad596c4ba7c4	18	15177773	42476937	13640	0.0096
7180574a-08c1-4142-9c6f-ad596c4ba7c4	18	42476974	42477802	17	-0.6486
7180574a-08c1-4142-9c6f-ad596c4ba7c4	18	42478430	65771763	15987	0.0107
7180574a-08c1-4142-9c6f-ad596c4ba7c4	18	65771905	66060903	243	0.1634
7180574a-08c1-4142-9c6f-ad596c4ba7c4	18	66061104	70156557	3034	0.0285
7180574a-08c1-4142-9c6f-ad596c4ba7c4	18	70158393	70158574	2	-1.916
7180574a-08c1-4142-9c6f-ad596c4ba7c4	18	70158691	71400702	802	0.0189
7180574a-08c1-4142-9c6f-ad596c4ba7c4	18	71400763	73492748	1651	0.1133
7180574a-08c1-4142-9c6f-ad596c4ba7c4	18	73493610	80257174	4916	0.0092
7180574a-08c1-4142-9c6f-ad596c4ba7c4	19	90910	5506648	1586	-0.0157
7180574a-08c1-4142-9c6f-ad596c4ba7c4	19	5510228	5510642	3	-2.3382
7180574a-08c1-4142-9c6f-ad596c4ba7c4	19	5510689	6981874	722	-0.0159
7180574a-08c1-4142-9c6f-ad596c4ba7c4	19	6982698	6987787	2	-1.8386
7180574a-08c1-4142-9c6f-ad596c4ba7c4	19	6988259	19701028	6147	-0.0001
7180574a-08c1-4142-9c6f-ad596c4ba7c4	19	19701386	21041801	785	-0.0979
7180574a-08c1-4142-9c6f-ad596c4ba7c4	19	21052243	42819162	11129	-0.0035
7180574a-08c1-4142-9c6f-ad596c4ba7c4	19	42820329	42943866	55	-0.4332
7180574a-08c1-4142-9c6f-ad596c4ba7c4	19	42944543	52677701	4973	-0.0078
7180574a-08c1-4142-9c6f-ad596c4ba7c4	19	52678081	53041724	265	-0.1679
7180574a-08c1-4142-9c6f-ad596c4ba7c4	19	53043602	53551321	399	-0.0135
7180574a-08c1-4142-9c6f-ad596c4ba7c4	19	53551532	53877979	203	-0.2478
7180574a-08c1-4142-9c6f-ad596c4ba7c4	19	53885091	54803365	470	-0.0399
7180574a-08c1-4142-9c6f-ad596c4ba7c4	19	54809324	54867209	31	-0.6791
7180574a-08c1-4142-9c6f-ad596c4ba7c4	19	54867244	58586487	2268	-0.0263
7180574a-08c1-4142-9c6f-ad596c4ba7c4	20	80664	1571811	1174	-0.0324
7180574a-08c1-4142-9c6f-ad596c4ba7c4	20	1576544	1579412	12	-1.0448
7180574a-08c1-4142-9c6f-ad596c4ba7c4	20	1579606	1586808	12	0.0087
7180574a-08c1-4142-9c6f-ad596c4ba7c4	20	1587007	1613247	38	1.1936
7180574a-08c1-4142-9c6f-ad596c4ba7c4	20	1617300	33024838	19649	0.0128
7180574a-08c1-4142-9c6f-ad596c4ba7c4	20	33026982	33028462	2	-2.6041
7180574a-08c1-4142-9c6f-ad596c4ba7c4	20	33028613	48183034	9807	0.0056
7180574a-08c1-4142-9c6f-ad596c4ba7c4	20	48183056	48183099	2	-2.4539
7180574a-08c1-4142-9c6f-ad596c4ba7c4	20	48184009	64324800	11572	0.0072
7180574a-08c1-4142-9c6f-ad596c4ba7c4	21	10354168	10548478	40	-0.1716
7180574a-08c1-4142-9c6f-ad596c4ba7c4	21	10548553	10756733	45	-0.6085
7180574a-08c1-4142-9c6f-ad596c4ba7c4	21	10775586	13963953	230	-0.1166
7180574a-08c1-4142-9c6f-ad596c4ba7c4	21	13964098	46262057	23218	0.0146
7180574a-08c1-4142-9c6f-ad596c4ba7c4	21	46267563	46677045	279	-0.1237
7180574a-08c1-4142-9c6f-ad596c4ba7c4	22	15294547	25260283	5193	-0.0595
7180574a-08c1-4142-9c6f-ad596c4ba7c4	22	25262594	25522742	282	-0.9505
7180574a-08c1-4142-9c6f-ad596c4ba7c4	22	25526375	25553504	37	-0.1598
7180574a-08c1-4142-9c6f-ad596c4ba7c4	22	25554783	49521447	17081	0.0025
7180574a-08c1-4142-9c6f-ad596c4ba7c4	22	49522166	50796027	607	-0.1159
7180574a-08c1-4142-9c6f-ad596c4ba7c4	X	251810	3057690	277	-0.1127
7180574a-08c1-4142-9c6f-ad596c4ba7c4	X	3057916	32893722	20123	0.0121
7180574a-08c1-4142-9c6f-ad596c4ba7c4	X	32894537	34521805	1164	0.0755
7180574a-08c1-4142-9c6f-ad596c4ba7c4	X	34521853	48100467	7450	0.006
7180574a-08c1-4142-9c6f-ad596c4ba7c4	X	48100620	48120275	14	-0.5373
7180574a-08c1-4142-9c6f-ad596c4ba7c4	X	48121492	52096735	1698	-0.0163
7180574a-08c1-4142-9c6f-ad596c4ba7c4	X	52106115	52111582	8	-0.9065
7180574a-08c1-4142-9c6f-ad596c4ba7c4	X	52111911	58080982	2523	-0.0006
7180574a-08c1-4142-9c6f-ad596c4ba7c4	X	58086886	63193211	259	-0.0992
7180574a-08c1-4142-9c6f-ad596c4ba7c4	X	63250575	63261699	11	0.8672
7180574a-08c1-4142-9c6f-ad596c4ba7c4	X	63267732	79495762	7108	0.007
7180574a-08c1-4142-9c6f-ad596c4ba7c4	X	79501132	80007814	400	0.5469
7180574a-08c1-4142-9c6f-ad596c4ba7c4	X	80008118	90605599	5726	0.0077
7180574a-08c1-4142-9c6f-ad596c4ba7c4	X	90610140	97106960	3363	0.0429
7180574a-08c1-4142-9c6f-ad596c4ba7c4	X	97109110	155952689	33435	0.0003
7180574a-08c1-4142-9c6f-ad596c4ba7c4	Y	2782397	6252391	786	-0.9884
7180574a-08c1-4142-9c6f-ad596c4ba7c4	Y	6256239	22746065	5649	-0.8796
7180574a-08c1-4142-9c6f-ad596c4ba7c4	Y	22804839	56872112	204	-1.0961
