GDC_Aliquot	Chromosome	Start	End	Num_Probes	Segment_Mean
ef93cebf-24a8-41df-b544-75f1822cf3ef	1	3301765	4280931	538	0.0205
ef93cebf-24a8-41df-b544-75f1822cf3ef	1	4282544	5565630	1038	0.071
ef93cebf-24a8-41df-b544-75f1822cf3ef	1	5565869	21477964	8643	0.0213
ef93cebf-24a8-41df-b544-75f1822cf3ef	1	21478555	21483259	3	1.2619
ef93cebf-24a8-41df-b544-75f1822cf3ef	1	21484015	33547793	5837	0.0189
ef93cebf-24a8-41df-b544-75f1822cf3ef	1	33550417	61343125	16340	0.0344
ef93cebf-24a8-41df-b544-75f1822cf3ef	1	61343414	247650984	97248	0.0173
ef93cebf-24a8-41df-b544-75f1822cf3ef	2	480597	241537572	132123	0.0141
ef93cebf-24a8-41df-b544-75f1822cf3ef	3	2170634	72588623	42088	0.0214
ef93cebf-24a8-41df-b544-75f1822cf3ef	3	72590078	72590181	2	-2.3919
ef93cebf-24a8-41df-b544-75f1822cf3ef	3	72592265	197812401	65023	0.0131
ef93cebf-24a8-41df-b544-75f1822cf3ef	4	1059384	3184529	832	-0.024
ef93cebf-24a8-41df-b544-75f1822cf3ef	4	3186538	9922847	3655	0.0363
ef93cebf-24a8-41df-b544-75f1822cf3ef	4	9926389	10128329	201	-0.0137
ef93cebf-24a8-41df-b544-75f1822cf3ef	4	10130308	10360191	204	0.1446
ef93cebf-24a8-41df-b544-75f1822cf3ef	4	10360277	25465131	10478	0.0157
ef93cebf-24a8-41df-b544-75f1822cf3ef	4	25465555	25469542	2	-2.7207
ef93cebf-24a8-41df-b544-75f1822cf3ef	4	25470246	187842528	88079	0.0073
ef93cebf-24a8-41df-b544-75f1822cf3ef	5	913983	39441884	22973	0.0106
ef93cebf-24a8-41df-b544-75f1822cf3ef	5	39442059	39445425	3	-1.4637
ef93cebf-24a8-41df-b544-75f1822cf3ef	5	39446957	180934240	78064	0.0132
ef93cebf-24a8-41df-b544-75f1822cf3ef	6	1011760	170596889	97103	0.0091
ef93cebf-24a8-41df-b544-75f1822cf3ef	7	664936	158592540	81872	0.0099
ef93cebf-24a8-41df-b544-75f1822cf3ef	8	667625	19171085	10218	0.012
ef93cebf-24a8-41df-b544-75f1822cf3ef	8	19171139	23930246	3310	0.0383
ef93cebf-24a8-41df-b544-75f1822cf3ef	8	23930375	98091506	41032	0.0077
ef93cebf-24a8-41df-b544-75f1822cf3ef	8	98093498	98172835	58	0.5805
ef93cebf-24a8-41df-b544-75f1822cf3ef	8	98177617	127102216	17049	0.0153
ef93cebf-24a8-41df-b544-75f1822cf3ef	8	127102275	127102551	3	-0.9955
ef93cebf-24a8-41df-b544-75f1822cf3ef	8	127102754	138368917	8233	0.0237
ef93cebf-24a8-41df-b544-75f1822cf3ef	8	138369691	138370159	2	-1.2631
ef93cebf-24a8-41df-b544-75f1822cf3ef	8	138371516	144182542	2272	0.0397
ef93cebf-24a8-41df-b544-75f1822cf3ef	9	789794	113706299	53886	0.013
ef93cebf-24a8-41df-b544-75f1822cf3ef	9	113706405	122358553	6305	0.0371
ef93cebf-24a8-41df-b544-75f1822cf3ef	9	122358899	138044505	8255	0.0086
ef93cebf-24a8-41df-b544-75f1822cf3ef	10	366509	11327907	7861	0.024
ef93cebf-24a8-41df-b544-75f1822cf3ef	10	11332988	69312412	32997	0.0087
ef93cebf-24a8-41df-b544-75f1822cf3ef	10	69313380	71848228	1836	0.0494
ef93cebf-24a8-41df-b544-75f1822cf3ef	10	71849302	76995666	2712	0.0153
ef93cebf-24a8-41df-b544-75f1822cf3ef	10	76996680	78929352	1616	0.0541
ef93cebf-24a8-41df-b544-75f1822cf3ef	10	78972382	79010751	26	-1.0865
ef93cebf-24a8-41df-b544-75f1822cf3ef	10	79011141	133411599	34170	0.0242
ef93cebf-24a8-41df-b544-75f1822cf3ef	11	456012	31145992	19726	0.0223
ef93cebf-24a8-41df-b544-75f1822cf3ef	11	31147072	31151542	3	-1.2753
ef93cebf-24a8-41df-b544-75f1822cf3ef	11	31151696	134272740	57781	0.0211
ef93cebf-24a8-41df-b544-75f1822cf3ef	12	780472	3105148	994	0.0077
ef93cebf-24a8-41df-b544-75f1822cf3ef	12	3105399	6117381	2443	0.0393
ef93cebf-24a8-41df-b544-75f1822cf3ef	12	6118753	24240820	10378	0.0084
ef93cebf-24a8-41df-b544-75f1822cf3ef	12	24242268	24242338	3	-1.0591
ef93cebf-24a8-41df-b544-75f1822cf3ef	12	24244010	98771841	41422	0.0099
ef93cebf-24a8-41df-b544-75f1822cf3ef	12	98775898	98776151	4	-0.9693
ef93cebf-24a8-41df-b544-75f1822cf3ef	12	98776494	119754047	13034	0.023
ef93cebf-24a8-41df-b544-75f1822cf3ef	12	119755361	125142786	2588	-0.0113
ef93cebf-24a8-41df-b544-75f1822cf3ef	12	125143177	132605822	3422	0.0202
ef93cebf-24a8-41df-b544-75f1822cf3ef	13	18874255	42435406	15036	0.0091
ef93cebf-24a8-41df-b544-75f1822cf3ef	13	42436347	42440328	3	-1.0602
ef93cebf-24a8-41df-b544-75f1822cf3ef	13	42440659	47883280	3433	0.0122
ef93cebf-24a8-41df-b544-75f1822cf3ef	13	47886157	47892623	4	-1.173
ef93cebf-24a8-41df-b544-75f1822cf3ef	13	47893732	113386024	38260	0.0109
ef93cebf-24a8-41df-b544-75f1822cf3ef	13	113386239	113393156	2	-1.2758
ef93cebf-24a8-41df-b544-75f1822cf3ef	13	113393216	114226675	229	0.0115
ef93cebf-24a8-41df-b544-75f1822cf3ef	14	20033191	105533894	49745	0.0165
ef93cebf-24a8-41df-b544-75f1822cf3ef	15	23437561	101344124	44741	0.0251
ef93cebf-24a8-41df-b544-75f1822cf3ef	16	603333	5232313	1745	-0.0242
ef93cebf-24a8-41df-b544-75f1822cf3ef	16	5232674	56971389	19250	0.0319
ef93cebf-24a8-41df-b544-75f1822cf3ef	16	56973600	72331046	8647	0.0071
ef93cebf-24a8-41df-b544-75f1822cf3ef	16	72333692	72339699	5	-0.9659
ef93cebf-24a8-41df-b544-75f1822cf3ef	16	72347084	73040113	341	0.0144
ef93cebf-24a8-41df-b544-75f1822cf3ef	16	73043675	73043716	2	-1.4414
ef93cebf-24a8-41df-b544-75f1822cf3ef	16	73045313	74455372	936	0.037
ef93cebf-24a8-41df-b544-75f1822cf3ef	16	74455834	74456952	2	-2.2654
ef93cebf-24a8-41df-b544-75f1822cf3ef	16	74462560	89317317	10229	0.0291
ef93cebf-24a8-41df-b544-75f1822cf3ef	17	1074619	3848517	1256	-0.0124
ef93cebf-24a8-41df-b544-75f1822cf3ef	17	3848563	3849621	2	-1.4465
ef93cebf-24a8-41df-b544-75f1822cf3ef	17	3850706	9581857	3055	0.0025
ef93cebf-24a8-41df-b544-75f1822cf3ef	17	9583764	9583987	2	-1.2955
ef93cebf-24a8-41df-b544-75f1822cf3ef	17	9584002	41869965	12117	0.0171
ef93cebf-24a8-41df-b544-75f1822cf3ef	17	41870092	41870918	2	-1.837
ef93cebf-24a8-41df-b544-75f1822cf3ef	17	41872288	49775469	3109	0.0019
ef93cebf-24a8-41df-b544-75f1822cf3ef	17	49778393	73737869	14214	0.0188
ef93cebf-24a8-41df-b544-75f1822cf3ef	17	73738183	82959812	3489	-0.0133
ef93cebf-24a8-41df-b544-75f1822cf3ef	18	326691	79349796	42936	0.0151
ef93cebf-24a8-41df-b544-75f1822cf3ef	19	283868	27845453	9092	-0.0195
ef93cebf-24a8-41df-b544-75f1822cf3ef	19	27849386	32048263	3157	0.0411
ef93cebf-24a8-41df-b544-75f1822cf3ef	19	32048896	58370362	11879	-0.0149
ef93cebf-24a8-41df-b544-75f1822cf3ef	20	472817	63588502	37513	0.0287
ef93cebf-24a8-41df-b544-75f1822cf3ef	21	13974127	34056252	12882	0.012
ef93cebf-24a8-41df-b544-75f1822cf3ef	21	34058534	35559295	1034	0.0622
ef93cebf-24a8-41df-b544-75f1822cf3ef	21	35559974	39737097	2868	0.0252
ef93cebf-24a8-41df-b544-75f1822cf3ef	21	39738355	39743601	2	-1.2208
ef93cebf-24a8-41df-b544-75f1822cf3ef	21	39746716	46262057	3801	0.0202
ef93cebf-24a8-41df-b544-75f1822cf3ef	22	16934932	17180288	139	0.0307
ef93cebf-24a8-41df-b544-75f1822cf3ef	22	17180457	17202666	9	-0.5323
ef93cebf-24a8-41df-b544-75f1822cf3ef	22	17203454	26243455	2178	0.0282
ef93cebf-24a8-41df-b544-75f1822cf3ef	22	26243642	26244234	2	-1.1316
ef93cebf-24a8-41df-b544-75f1822cf3ef	22	26245115	37321778	7706	0.0336
ef93cebf-24a8-41df-b544-75f1822cf3ef	22	37322127	43155765	2773	-0.0061
ef93cebf-24a8-41df-b544-75f1822cf3ef	22	43157411	48439062	3904	0.031
ef93cebf-24a8-41df-b544-75f1822cf3ef	22	48440033	48440472	4	0.783
ef93cebf-24a8-41df-b544-75f1822cf3ef	22	48441615	48940621	353	0.0526
ef93cebf-24a8-41df-b544-75f1822cf3ef	X	3236359	70651742	27003	0.019
ef93cebf-24a8-41df-b544-75f1822cf3ef	X	70653303	81715277	3998	-0.0024
ef93cebf-24a8-41df-b544-75f1822cf3ef	X	81715382	81715418	2	-1.0962
ef93cebf-24a8-41df-b544-75f1822cf3ef	X	81717349	84109667	1060	-0.0214
ef93cebf-24a8-41df-b544-75f1822cf3ef	X	84109700	84110129	2	-1.3642
ef93cebf-24a8-41df-b544-75f1822cf3ef	X	84113256	98552923	5599	0.0001
ef93cebf-24a8-41df-b544-75f1822cf3ef	X	98553963	124012551	12147	0.0151
ef93cebf-24a8-41df-b544-75f1822cf3ef	X	124013534	124014159	2	-1.2039
ef93cebf-24a8-41df-b544-75f1822cf3ef	X	124015821	146418503	10315	0.0157
ef93cebf-24a8-41df-b544-75f1822cf3ef	X	146419613	146420555	2	-1.2809
ef93cebf-24a8-41df-b544-75f1822cf3ef	X	146420584	155677414	3810	0.0242
