GDC_Aliquot	Chromosome	Start	End	Num_Probes	Segment_Mean
65874a22-c543-4795-9979-cc0b0cf75f76	1	3301765	247650984	127949	-0.0037
65874a22-c543-4795-9979-cc0b0cf75f76	2	480597	156960391	82145	-0.0011
65874a22-c543-4795-9979-cc0b0cf75f76	2	156962167	156969218	2	-3.0887
65874a22-c543-4795-9979-cc0b0cf75f76	2	156969359	241537572	48277	0.0005
65874a22-c543-4795-9979-cc0b0cf75f76	3	2170634	32412012	17994	-0.0037
65874a22-c543-4795-9979-cc0b0cf75f76	3	32412042	32412113	2	-2.4115
65874a22-c543-4795-9979-cc0b0cf75f76	3	32412799	197812401	87675	0.001
65874a22-c543-4795-9979-cc0b0cf75f76	4	1059384	187842528	102088	-0.0022
65874a22-c543-4795-9979-cc0b0cf75f76	5	913983	180934240	99709	-0.0026
65874a22-c543-4795-9979-cc0b0cf75f76	6	1011760	22567834	15083	-0.0053
65874a22-c543-4795-9979-cc0b0cf75f76	6	22568028	22569405	4	-2.5867
65874a22-c543-4795-9979-cc0b0cf75f76	6	22572481	170596889	80699	-0.0005
65874a22-c543-4795-9979-cc0b0cf75f76	7	665647	51523887	29774	-0.003
65874a22-c543-4795-9979-cc0b0cf75f76	7	51527893	51531012	2	-2.366
65874a22-c543-4795-9979-cc0b0cf75f76	7	51537348	158592540	51126	0.001
65874a22-c543-4795-9979-cc0b0cf75f76	8	667625	144182542	81091	-0.0011
65874a22-c543-4795-9979-cc0b0cf75f76	9	789794	100688020	44538	-0.001
65874a22-c543-4795-9979-cc0b0cf75f76	9	100689775	100689786	2	-2.7728
65874a22-c543-4795-9979-cc0b0cf75f76	9	100690045	138044505	22863	-0.0054
65874a22-c543-4795-9979-cc0b0cf75f76	10	366509	53360417	31187	0.0003
65874a22-c543-4795-9979-cc0b0cf75f76	10	53361090	53377601	35	-1.0605
65874a22-c543-4795-9979-cc0b0cf75f76	10	53378279	54279724	579	-0.0027
65874a22-c543-4795-9979-cc0b0cf75f76	10	54280424	54344361	44	-0.8861
65874a22-c543-4795-9979-cc0b0cf75f76	10	54348301	133411599	48257	-0.0024
65874a22-c543-4795-9979-cc0b0cf75f76	11	456012	19469499	11717	-0.002
65874a22-c543-4795-9979-cc0b0cf75f76	11	19470758	19472860	9	-1.0264
65874a22-c543-4795-9979-cc0b0cf75f76	11	19474064	78100680	28673	-0.0008
65874a22-c543-4795-9979-cc0b0cf75f76	11	78100817	78100847	2	-2.8412
65874a22-c543-4795-9979-cc0b0cf75f76	11	78102631	134272740	36003	-0.0045
65874a22-c543-4795-9979-cc0b0cf75f76	12	780472	22264397	12323	-0.0056
65874a22-c543-4795-9979-cc0b0cf75f76	12	22264407	22267576	2	-2.1863
65874a22-c543-4795-9979-cc0b0cf75f76	12	22267663	132605822	60984	-0.0036
65874a22-c543-4795-9979-cc0b0cf75f76	13	18874255	109473396	53526	-0.0011
65874a22-c543-4795-9979-cc0b0cf75f76	13	109473870	109474283	5	-1.3418
65874a22-c543-4795-9979-cc0b0cf75f76	13	109476862	114226675	2609	0.0071
65874a22-c543-4795-9979-cc0b0cf75f76	14	20033191	105533894	49056	-0.0044
65874a22-c543-4795-9979-cc0b0cf75f76	15	23437561	46136120	10997	0.0006
65874a22-c543-4795-9979-cc0b0cf75f76	15	46139040	46142084	5	-1.3061
65874a22-c543-4795-9979-cc0b0cf75f76	15	46143360	101344124	33140	-0.0063
65874a22-c543-4795-9979-cc0b0cf75f76	16	603333	89317317	40629	-0.0043
65874a22-c543-4795-9979-cc0b0cf75f76	17	1074619	53727899	21338	-0.0029
65874a22-c543-4795-9979-cc0b0cf75f76	17	53738081	53923745	134	-0.8899
65874a22-c543-4795-9979-cc0b0cf75f76	17	53925510	82959812	15299	-0.002
65874a22-c543-4795-9979-cc0b0cf75f76	18	326691	79349796	42351	0.0014
65874a22-c543-4795-9979-cc0b0cf75f76	19	283868	58370362	23898	-0.0048
65874a22-c543-4795-9979-cc0b0cf75f76	20	472817	63588502	36997	0.0018
65874a22-c543-4795-9979-cc0b0cf75f76	21	13974127	30265162	10419	-0.0035
65874a22-c543-4795-9979-cc0b0cf75f76	21	30266641	30270538	6	-0.9967
65874a22-c543-4795-9979-cc0b0cf75f76	21	30270719	31059843	375	-0.0275
65874a22-c543-4795-9979-cc0b0cf75f76	21	31059931	31061819	3	-6.8971
65874a22-c543-4795-9979-cc0b0cf75f76	21	31062883	40446616	6417	-0.0095
65874a22-c543-4795-9979-cc0b0cf75f76	21	40447354	40459436	13	-1.1024
65874a22-c543-4795-9979-cc0b0cf75f76	21	40460777	46262057	3085	-0.0007
65874a22-c543-4795-9979-cc0b0cf75f76	22	16934932	48940621	16847	-0.0035
65874a22-c543-4795-9979-cc0b0cf75f76	X	3236359	136688975	54816	0.0035
65874a22-c543-4795-9979-cc0b0cf75f76	X	136689099	136689221	2	-2.2263
65874a22-c543-4795-9979-cc0b0cf75f76	X	136689643	155677414	8484	0.0006
