GDC_Aliquot	Chromosome	Start	End	Num_Probes	Segment_Mean
0ef9295c-2b43-455b-9cba-68eb70dd27d3	1	62920	98602	13	0.3987
0ef9295c-2b43-455b-9cba-68eb70dd27d3	1	259407	1842465	277	-0.4944
0ef9295c-2b43-455b-9cba-68eb70dd27d3	1	1846651	3410239	518	-0.6087
0ef9295c-2b43-455b-9cba-68eb70dd27d3	1	3410905	12855993	5682	-0.456
0ef9295c-2b43-455b-9cba-68eb70dd27d3	1	12867264	13339386	13	-1.2664
0ef9295c-2b43-455b-9cba-68eb70dd27d3	1	13362275	16767571	2148	-0.4574
0ef9295c-2b43-455b-9cba-68eb70dd27d3	1	16773735	16951445	66	-0.1375
0ef9295c-2b43-455b-9cba-68eb70dd27d3	1	16955930	48037608	17669	-0.4586
0ef9295c-2b43-455b-9cba-68eb70dd27d3	1	48039692	59750039	7581	0.1022
0ef9295c-2b43-455b-9cba-68eb70dd27d3	1	59751839	72303233	8575	0.0656
0ef9295c-2b43-455b-9cba-68eb70dd27d3	1	72303253	72345465	45	-0.7307
0ef9295c-2b43-455b-9cba-68eb70dd27d3	1	72346221	73318022	576	0.0452
0ef9295c-2b43-455b-9cba-68eb70dd27d3	1	73320557	73350881	20	-0.7515
0ef9295c-2b43-455b-9cba-68eb70dd27d3	1	73351558	74725098	840	0.0441
0ef9295c-2b43-455b-9cba-68eb70dd27d3	1	74727351	74733606	3	-1.7574
0ef9295c-2b43-455b-9cba-68eb70dd27d3	1	74734100	109640399	21992	0.0575
0ef9295c-2b43-455b-9cba-68eb70dd27d3	1	109642611	109702376	29	-0.4081
0ef9295c-2b43-455b-9cba-68eb70dd27d3	1	109703504	144442342	7231	0.0824
0ef9295c-2b43-455b-9cba-68eb70dd27d3	1	144445555	149966820	925	0.4398
0ef9295c-2b43-455b-9cba-68eb70dd27d3	1	149966973	152588065	1376	0.4728
0ef9295c-2b43-455b-9cba-68eb70dd27d3	1	152588392	152607349	19	1.1084
0ef9295c-2b43-455b-9cba-68eb70dd27d3	1	152613242	185486658	22101	0.4693
0ef9295c-2b43-455b-9cba-68eb70dd27d3	1	185487632	194479104	5913	0.4247
0ef9295c-2b43-455b-9cba-68eb70dd27d3	1	194482281	194485888	2	-1.7865
0ef9295c-2b43-455b-9cba-68eb70dd27d3	1	194487886	196745743	1445	0.4247
0ef9295c-2b43-455b-9cba-68eb70dd27d3	1	196758720	196832720	58	-0.3979
0ef9295c-2b43-455b-9cba-68eb70dd27d3	1	196843377	196926717	62	0.5217
0ef9295c-2b43-455b-9cba-68eb70dd27d3	1	196936029	200079264	1915	0.4243
0ef9295c-2b43-455b-9cba-68eb70dd27d3	1	200079505	209897717	6765	0.4817
0ef9295c-2b43-455b-9cba-68eb70dd27d3	1	209908268	209908720	2	-1.495
0ef9295c-2b43-455b-9cba-68eb70dd27d3	1	209910639	248525314	26686	0.4646
0ef9295c-2b43-455b-9cba-68eb70dd27d3	1	248546369	248574146	4	0.0521
0ef9295c-2b43-455b-9cba-68eb70dd27d3	1	248585893	248645808	34	-0.6885
0ef9295c-2b43-455b-9cba-68eb70dd27d3	1	248646068	248930189	139	0.4712
0ef9295c-2b43-455b-9cba-68eb70dd27d3	2	12784	33537896	23225	0.0768
0ef9295c-2b43-455b-9cba-68eb70dd27d3	2	33540701	33543045	2	-1.7947
0ef9295c-2b43-455b-9cba-68eb70dd27d3	2	33545200	34466002	730	0.0586
0ef9295c-2b43-455b-9cba-68eb70dd27d3	2	34474248	34515732	51	0.3843
0ef9295c-2b43-455b-9cba-68eb70dd27d3	2	34515960	35750907	858	0.0457
0ef9295c-2b43-455b-9cba-68eb70dd27d3	2	35752724	35762881	7	-1.3982
0ef9295c-2b43-455b-9cba-68eb70dd27d3	2	35772407	138339430	60312	0.0668
0ef9295c-2b43-455b-9cba-68eb70dd27d3	2	138346205	163780342	15306	0.0406
0ef9295c-2b43-455b-9cba-68eb70dd27d3	2	163786978	163788616	5	-1.1262
0ef9295c-2b43-455b-9cba-68eb70dd27d3	2	163790132	167399607	2045	0.013
0ef9295c-2b43-455b-9cba-68eb70dd27d3	2	167402539	178403905	7129	0.0572
0ef9295c-2b43-455b-9cba-68eb70dd27d3	2	178404658	179548644	664	0.0294
0ef9295c-2b43-455b-9cba-68eb70dd27d3	2	179553484	179557161	27	-0.7236
0ef9295c-2b43-455b-9cba-68eb70dd27d3	2	179557179	215946631	21710	0.0391
0ef9295c-2b43-455b-9cba-68eb70dd27d3	2	215946984	232595494	10556	0.0635
0ef9295c-2b43-455b-9cba-68eb70dd27d3	2	232596714	241653699	5894	0.1114
0ef9295c-2b43-455b-9cba-68eb70dd27d3	2	241657903	242147305	154	0.0361
0ef9295c-2b43-455b-9cba-68eb70dd27d3	3	20930	5493206	4782	0.0797
0ef9295c-2b43-455b-9cba-68eb70dd27d3	3	5493895	5497427	2	-2.5893
0ef9295c-2b43-455b-9cba-68eb70dd27d3	3	5497901	6604856	973	0.0653
0ef9295c-2b43-455b-9cba-68eb70dd27d3	3	6609441	6611645	23	-0.6271
0ef9295c-2b43-455b-9cba-68eb70dd27d3	3	6613391	16214034	7048	0.0874
0ef9295c-2b43-455b-9cba-68eb70dd27d3	3	16214049	30058593	9436	0.0537
0ef9295c-2b43-455b-9cba-68eb70dd27d3	3	30069315	30069515	2	-1.3799
0ef9295c-2b43-455b-9cba-68eb70dd27d3	3	30069868	36549711	4272	0.0528
0ef9295c-2b43-455b-9cba-68eb70dd27d3	3	36550379	75248010	25739	0.0794
0ef9295c-2b43-455b-9cba-68eb70dd27d3	3	75251378	75262083	7	-0.7917
0ef9295c-2b43-455b-9cba-68eb70dd27d3	3	75262374	75519398	109	0.1125
0ef9295c-2b43-455b-9cba-68eb70dd27d3	3	75523398	75566288	11	0.4731
0ef9295c-2b43-455b-9cba-68eb70dd27d3	3	75571744	122879679	25232	0.0362
0ef9295c-2b43-455b-9cba-68eb70dd27d3	3	122880715	142777884	12044	0.0805
0ef9295c-2b43-455b-9cba-68eb70dd27d3	3	142784353	192679667	31222	0.0459
0ef9295c-2b43-455b-9cba-68eb70dd27d3	3	192682016	193160113	333	0.1008
0ef9295c-2b43-455b-9cba-68eb70dd27d3	3	193160173	193165114	19	-1.0553
0ef9295c-2b43-455b-9cba-68eb70dd27d3	3	193168646	198169247	2688	0.0812
0ef9295c-2b43-455b-9cba-68eb70dd27d3	4	68929	970319	340	0.0074
0ef9295c-2b43-455b-9cba-68eb70dd27d3	4	970571	2957446	767	0.1053
0ef9295c-2b43-455b-9cba-68eb70dd27d3	4	2962365	3017327	29	0.5573
0ef9295c-2b43-455b-9cba-68eb70dd27d3	4	3022996	10222004	4535	0.1125
0ef9295c-2b43-455b-9cba-68eb70dd27d3	4	10222224	10233644	33	1.2769
0ef9295c-2b43-455b-9cba-68eb70dd27d3	4	10234518	28571569	13085	0.0681
0ef9295c-2b43-455b-9cba-68eb70dd27d3	4	28571955	34764149	3791	0.0282
0ef9295c-2b43-455b-9cba-68eb70dd27d3	4	34768684	34828327	51	0.3098
0ef9295c-2b43-455b-9cba-68eb70dd27d3	4	34828382	36548562	1143	0.0308
0ef9295c-2b43-455b-9cba-68eb70dd27d3	4	36549408	57999152	11975	0.0657
0ef9295c-2b43-455b-9cba-68eb70dd27d3	4	58002366	63827261	3333	0.0334
0ef9295c-2b43-455b-9cba-68eb70dd27d3	4	63828222	63861158	38	0.3261
0ef9295c-2b43-455b-9cba-68eb70dd27d3	4	63861672	67915746	2549	0.0197
0ef9295c-2b43-455b-9cba-68eb70dd27d3	4	67915977	68354665	275	0.0733
0ef9295c-2b43-455b-9cba-68eb70dd27d3	4	68361130	68623617	89	0.7358
0ef9295c-2b43-455b-9cba-68eb70dd27d3	4	68639397	69523998	475	0.0847
0ef9295c-2b43-455b-9cba-68eb70dd27d3	4	69524143	69525061	2	-2.078
0ef9295c-2b43-455b-9cba-68eb70dd27d3	4	69526170	84567881	9307	0.0479
0ef9295c-2b43-455b-9cba-68eb70dd27d3	4	84570794	84599554	15	-0.4577
0ef9295c-2b43-455b-9cba-68eb70dd27d3	4	84601638	90363792	3595	0.0513
0ef9295c-2b43-455b-9cba-68eb70dd27d3	4	90366001	90370365	9	-1.1306
0ef9295c-2b43-455b-9cba-68eb70dd27d3	4	90373217	103824414	7847	0.0447
0ef9295c-2b43-455b-9cba-68eb70dd27d3	4	103830473	103830480	5	1.2796
0ef9295c-2b43-455b-9cba-68eb70dd27d3	4	103830487	111375831	4415	0.0431
0ef9295c-2b43-455b-9cba-68eb70dd27d3	4	111376259	111388439	23	-0.909
0ef9295c-2b43-455b-9cba-68eb70dd27d3	4	111388458	114252544	1829	0.0303
0ef9295c-2b43-455b-9cba-68eb70dd27d3	4	114254167	114263110	26	0.7687
0ef9295c-2b43-455b-9cba-68eb70dd27d3	4	114263154	115244948	603	0.0248
0ef9295c-2b43-455b-9cba-68eb70dd27d3	4	115251455	115254098	11	-0.7855
0ef9295c-2b43-455b-9cba-68eb70dd27d3	4	115254152	160952848	27175	0.0432
0ef9295c-2b43-455b-9cba-68eb70dd27d3	4	160958866	160963448	20	0.648
0ef9295c-2b43-455b-9cba-68eb70dd27d3	4	160963756	172066585	7028	0.0401
0ef9295c-2b43-455b-9cba-68eb70dd27d3	4	172066676	172068354	13	0.59
0ef9295c-2b43-455b-9cba-68eb70dd27d3	4	172068368	180688733	5508	0.0451
0ef9295c-2b43-455b-9cba-68eb70dd27d3	4	180692598	180693075	2	1.6928
0ef9295c-2b43-455b-9cba-68eb70dd27d3	4	180693215	188300104	5367	0.0707
0ef9295c-2b43-455b-9cba-68eb70dd27d3	4	188300206	188301659	5	-0.9758
0ef9295c-2b43-455b-9cba-68eb70dd27d3	4	188301899	190106768	1137	0.0472
0ef9295c-2b43-455b-9cba-68eb70dd27d3	5	15532	1830291	889	0.0462
0ef9295c-2b43-455b-9cba-68eb70dd27d3	5	1830863	7427189	4978	0.1083
0ef9295c-2b43-455b-9cba-68eb70dd27d3	5	7429141	17788509	7556	0.075
0ef9295c-2b43-455b-9cba-68eb70dd27d3	5	17791907	30999623	7802	0.0402
0ef9295c-2b43-455b-9cba-68eb70dd27d3	5	30999794	54578006	12005	0.0615
0ef9295c-2b43-455b-9cba-68eb70dd27d3	5	54578164	54578346	2	-2.7204
0ef9295c-2b43-455b-9cba-68eb70dd27d3	5	54579739	57942902	2258	0.0673
0ef9295c-2b43-455b-9cba-68eb70dd27d3	5	57943143	57944940	2	-1.4729
0ef9295c-2b43-455b-9cba-68eb70dd27d3	5	57946985	58025819	66	0.0642
0ef9295c-2b43-455b-9cba-68eb70dd27d3	5	58030200	58037688	31	2.6717
0ef9295c-2b43-455b-9cba-68eb70dd27d3	5	58037706	76154195	10378	0.0659
0ef9295c-2b43-455b-9cba-68eb70dd27d3	5	76154242	76154319	3	1.3464
0ef9295c-2b43-455b-9cba-68eb70dd27d3	5	76154351	81362726	3339	0.0699
0ef9295c-2b43-455b-9cba-68eb70dd27d3	5	81363738	99500868	10058	0.0327
0ef9295c-2b43-455b-9cba-68eb70dd27d3	5	99504170	99504922	2	-2.2674
0ef9295c-2b43-455b-9cba-68eb70dd27d3	5	99508633	104515520	2888	0.039
0ef9295c-2b43-455b-9cba-68eb70dd27d3	5	104524672	104524903	4	-1.4432
0ef9295c-2b43-455b-9cba-68eb70dd27d3	5	104525348	131749233	17783	0.0442
0ef9295c-2b43-455b-9cba-68eb70dd27d3	5	131751490	138901066	4443	0.0902
0ef9295c-2b43-455b-9cba-68eb70dd27d3	5	138904131	167895180	18908	0.0565
0ef9295c-2b43-455b-9cba-68eb70dd27d3	5	167896857	177800550	6809	0.0944
0ef9295c-2b43-455b-9cba-68eb70dd27d3	5	177801578	177805604	2	1.9086
0ef9295c-2b43-455b-9cba-68eb70dd27d3	5	177827964	177879634	7	-0.2097
0ef9295c-2b43-455b-9cba-68eb70dd27d3	5	177883336	181363319	1968	0.099
0ef9295c-2b43-455b-9cba-68eb70dd27d3	6	149661	2844125	2233	0.0624
0ef9295c-2b43-455b-9cba-68eb70dd27d3	6	2856363	3630635	584	-0.5185
0ef9295c-2b43-455b-9cba-68eb70dd27d3	6	3631487	3659898	22	0.1698
0ef9295c-2b43-455b-9cba-68eb70dd27d3	6	3663547	3671909	5	-0.6128
0ef9295c-2b43-455b-9cba-68eb70dd27d3	6	3672972	4528404	756	0.4161
0ef9295c-2b43-455b-9cba-68eb70dd27d3	6	4530266	7800879	2714	-0.5056
0ef9295c-2b43-455b-9cba-68eb70dd27d3	6	7807071	8002864	180	0.0757
0ef9295c-2b43-455b-9cba-68eb70dd27d3	6	8008802	10456473	1736	-0.5282
0ef9295c-2b43-455b-9cba-68eb70dd27d3	6	10456877	26342741	11672	0.0767
0ef9295c-2b43-455b-9cba-68eb70dd27d3	6	26344913	26348804	3	-1.0434
0ef9295c-2b43-455b-9cba-68eb70dd27d3	6	26352835	29869295	1626	0.0498
0ef9295c-2b43-455b-9cba-68eb70dd27d3	6	29869410	29881490	16	0.8945
0ef9295c-2b43-455b-9cba-68eb70dd27d3	6	29882419	32488965	1165	0.0741
0ef9295c-2b43-455b-9cba-68eb70dd27d3	6	32502142	32658841	58	-0.5171
0ef9295c-2b43-455b-9cba-68eb70dd27d3	6	32682835	34164831	920	0.1014
0ef9295c-2b43-455b-9cba-68eb70dd27d3	6	34166743	34167087	2	1.5786
0ef9295c-2b43-455b-9cba-68eb70dd27d3	6	34169875	39628450	3431	0.0873
0ef9295c-2b43-455b-9cba-68eb70dd27d3	6	39637336	39994461	263	-0.5104
0ef9295c-2b43-455b-9cba-68eb70dd27d3	6	39995298	46951639	4452	0.4229
0ef9295c-2b43-455b-9cba-68eb70dd27d3	6	46952223	54066353	4567	0.3804
0ef9295c-2b43-455b-9cba-68eb70dd27d3	6	54066432	54067057	6	-1.5206
0ef9295c-2b43-455b-9cba-68eb70dd27d3	6	54070550	56035410	1242	0.3724
0ef9295c-2b43-455b-9cba-68eb70dd27d3	6	56040343	56040839	2	-1.0769
0ef9295c-2b43-455b-9cba-68eb70dd27d3	6	56041738	62599770	1910	0.3789
0ef9295c-2b43-455b-9cba-68eb70dd27d3	6	62605280	69463404	4323	0.0331
0ef9295c-2b43-455b-9cba-68eb70dd27d3	6	69468568	69472244	3	-1.7767
0ef9295c-2b43-455b-9cba-68eb70dd27d3	6	69476380	73882509	2839	0.0488
0ef9295c-2b43-455b-9cba-68eb70dd27d3	6	73882741	73891694	9	-2.6202
0ef9295c-2b43-455b-9cba-68eb70dd27d3	6	73893839	76730151	1764	0.0371
0ef9295c-2b43-455b-9cba-68eb70dd27d3	6	76730331	76743040	20	-0.5097
0ef9295c-2b43-455b-9cba-68eb70dd27d3	6	76751356	78253172	971	0.0533
0ef9295c-2b43-455b-9cba-68eb70dd27d3	6	78259348	78325223	108	-0.358
0ef9295c-2b43-455b-9cba-68eb70dd27d3	6	78325310	79712221	846	0.0523
0ef9295c-2b43-455b-9cba-68eb70dd27d3	6	79718603	83052824	2183	-0.5385
0ef9295c-2b43-455b-9cba-68eb70dd27d3	6	83054949	93975223	6953	0.0476
0ef9295c-2b43-455b-9cba-68eb70dd27d3	6	93976240	93976662	2	-1.9542
0ef9295c-2b43-455b-9cba-68eb70dd27d3	6	93977259	103286954	5414	0.0438
0ef9295c-2b43-455b-9cba-68eb70dd27d3	6	103290101	103314186	46	0.9941
0ef9295c-2b43-455b-9cba-68eb70dd27d3	6	103317795	104732768	923	0.012
0ef9295c-2b43-455b-9cba-68eb70dd27d3	6	104747356	111180201	3932	0.0744
0ef9295c-2b43-455b-9cba-68eb70dd27d3	6	111184784	148579496	23553	0.0416
0ef9295c-2b43-455b-9cba-68eb70dd27d3	6	148581015	150775930	1516	-0.5114
0ef9295c-2b43-455b-9cba-68eb70dd27d3	6	150783695	150820484	23	0.056
0ef9295c-2b43-455b-9cba-68eb70dd27d3	6	150822436	154639748	2836	-0.5396
0ef9295c-2b43-455b-9cba-68eb70dd27d3	6	154642532	154644703	3	-2.3259
0ef9295c-2b43-455b-9cba-68eb70dd27d3	6	154645133	158634250	2539	-0.5328
0ef9295c-2b43-455b-9cba-68eb70dd27d3	6	158637735	163940837	3953	0.0715
0ef9295c-2b43-455b-9cba-68eb70dd27d3	6	163943132	164873225	688	-0.5347
0ef9295c-2b43-455b-9cba-68eb70dd27d3	6	164875544	164940953	53	0.0832
0ef9295c-2b43-455b-9cba-68eb70dd27d3	6	164941861	169430659	3209	-0.5486
0ef9295c-2b43-455b-9cba-68eb70dd27d3	6	169433407	169788165	247	0.1113
0ef9295c-2b43-455b-9cba-68eb70dd27d3	6	169789830	170114955	111	-0.5728
0ef9295c-2b43-455b-9cba-68eb70dd27d3	6	170116940	170127663	6	-1.4578
0ef9295c-2b43-455b-9cba-68eb70dd27d3	6	170128542	170741917	286	-0.5333
0ef9295c-2b43-455b-9cba-68eb70dd27d3	7	43355	4117015	2071	0.098
0ef9295c-2b43-455b-9cba-68eb70dd27d3	7	4118722	4118921	2	-2.6252
0ef9295c-2b43-455b-9cba-68eb70dd27d3	7	4121739	22395161	13876	0.0596
0ef9295c-2b43-455b-9cba-68eb70dd27d3	7	22395853	22396868	2	-2.7027
0ef9295c-2b43-455b-9cba-68eb70dd27d3	7	22399135	54299223	22292	0.0727
0ef9295c-2b43-455b-9cba-68eb70dd27d3	7	54318812	54318824	6	-2.1113
0ef9295c-2b43-455b-9cba-68eb70dd27d3	7	54325795	66266092	3429	0.0614
0ef9295c-2b43-455b-9cba-68eb70dd27d3	7	66267073	66269605	2	1.5409
0ef9295c-2b43-455b-9cba-68eb70dd27d3	7	66270759	78682092	6103	0.0865
0ef9295c-2b43-455b-9cba-68eb70dd27d3	7	78682120	88517017	6255	0.0364
0ef9295c-2b43-455b-9cba-68eb70dd27d3	7	88521483	91402027	1946	0.0795
0ef9295c-2b43-455b-9cba-68eb70dd27d3	7	91402190	91411412	27	-0.5826
0ef9295c-2b43-455b-9cba-68eb70dd27d3	7	91417678	91728999	216	0.0514
0ef9295c-2b43-455b-9cba-68eb70dd27d3	7	91729225	91730276	9	0.758
0ef9295c-2b43-455b-9cba-68eb70dd27d3	7	91731675	97772620	3727	0.0506
0ef9295c-2b43-455b-9cba-68eb70dd27d3	7	97772647	97773163	7	-0.8309
0ef9295c-2b43-455b-9cba-68eb70dd27d3	7	97774928	101330516	1513	0.0971
0ef9295c-2b43-455b-9cba-68eb70dd27d3	7	101332737	101473053	59	-0.2093
0ef9295c-2b43-455b-9cba-68eb70dd27d3	7	101473876	107999016	3790	0.0736
0ef9295c-2b43-455b-9cba-68eb70dd27d3	7	107999700	126326969	11156	0.0411
0ef9295c-2b43-455b-9cba-68eb70dd27d3	7	126327624	126404869	59	0.0598
0ef9295c-2b43-455b-9cba-68eb70dd27d3	7	126404920	126406561	13	0.7241
0ef9295c-2b43-455b-9cba-68eb70dd27d3	7	126406822	144207186	11125	0.0754
0ef9295c-2b43-455b-9cba-68eb70dd27d3	7	144249785	144295437	8	0.8151
0ef9295c-2b43-455b-9cba-68eb70dd27d3	7	144306653	145110298	487	0.0784
0ef9295c-2b43-455b-9cba-68eb70dd27d3	7	145114782	147898270	1819	0.0239
0ef9295c-2b43-455b-9cba-68eb70dd27d3	7	147898448	154221793	3740	0.0775
0ef9295c-2b43-455b-9cba-68eb70dd27d3	7	154223036	154223216	3	-1.388
0ef9295c-2b43-455b-9cba-68eb70dd27d3	7	154225769	156592980	1932	0.0882
0ef9295c-2b43-455b-9cba-68eb70dd27d3	7	156599096	156601485	4	-0.996
0ef9295c-2b43-455b-9cba-68eb70dd27d3	7	156602214	159334314	1618	0.0786
0ef9295c-2b43-455b-9cba-68eb70dd27d3	8	81254	1710530	1141	0.0617
0ef9295c-2b43-455b-9cba-68eb70dd27d3	8	1720744	2844412	883	-0.5389
0ef9295c-2b43-455b-9cba-68eb70dd27d3	8	2846011	2846377	7	-1.7568
0ef9295c-2b43-455b-9cba-68eb70dd27d3	8	2849649	7329124	5639	-0.5214
0ef9295c-2b43-455b-9cba-68eb70dd27d3	8	7336299	8290477	128	0.0377
0ef9295c-2b43-455b-9cba-68eb70dd27d3	8	8290748	12176798	3148	-0.5161
0ef9295c-2b43-455b-9cba-68eb70dd27d3	8	12177488	12389977	30	-1.3815
0ef9295c-2b43-455b-9cba-68eb70dd27d3	8	12418301	15543669	2723	-0.5159
0ef9295c-2b43-455b-9cba-68eb70dd27d3	8	15545551	15554099	8	-2.5762
0ef9295c-2b43-455b-9cba-68eb70dd27d3	8	15555938	17607754	1812	-0.5199
0ef9295c-2b43-455b-9cba-68eb70dd27d3	8	17610294	17630447	30	0.1083
0ef9295c-2b43-455b-9cba-68eb70dd27d3	8	17633635	17716343	103	-0.4915
0ef9295c-2b43-455b-9cba-68eb70dd27d3	8	17717163	17773080	64	0.0767
0ef9295c-2b43-455b-9cba-68eb70dd27d3	8	17773128	19777474	1812	-0.5135
0ef9295c-2b43-455b-9cba-68eb70dd27d3	8	19777817	19881732	71	0.1076
0ef9295c-2b43-455b-9cba-68eb70dd27d3	8	19884309	20035536	117	-0.4954
0ef9295c-2b43-455b-9cba-68eb70dd27d3	8	20039826	20049938	10	0.362
0ef9295c-2b43-455b-9cba-68eb70dd27d3	8	20053264	22988822	2152	-0.4929
0ef9295c-2b43-455b-9cba-68eb70dd27d3	8	22989534	23241664	105	0.1178
0ef9295c-2b43-455b-9cba-68eb70dd27d3	8	23242670	23247954	4	-0.5791
0ef9295c-2b43-455b-9cba-68eb70dd27d3	8	23249719	23505888	164	0.1475
0ef9295c-2b43-455b-9cba-68eb70dd27d3	8	23508371	30548481	5018	-0.4987
0ef9295c-2b43-455b-9cba-68eb70dd27d3	8	30550474	37354066	4139	0.0734
0ef9295c-2b43-455b-9cba-68eb70dd27d3	8	37356605	43096902	3399	-0.495
0ef9295c-2b43-455b-9cba-68eb70dd27d3	8	43098066	57139473	6763	0.0568
0ef9295c-2b43-455b-9cba-68eb70dd27d3	8	57145096	58519220	1030	-0.5245
0ef9295c-2b43-455b-9cba-68eb70dd27d3	8	58526362	60167709	1031	0.0521
0ef9295c-2b43-455b-9cba-68eb70dd27d3	8	60171940	61093689	615	-0.5682
0ef9295c-2b43-455b-9cba-68eb70dd27d3	8	61096925	63936079	1798	0.0504
0ef9295c-2b43-455b-9cba-68eb70dd27d3	8	63936340	63936400	3	1.9257
0ef9295c-2b43-455b-9cba-68eb70dd27d3	8	63936451	80014254	9692	0.048
0ef9295c-2b43-455b-9cba-68eb70dd27d3	8	80018330	82414761	1345	-0.5177
0ef9295c-2b43-455b-9cba-68eb70dd27d3	8	82425527	122655842	24405	0.05
0ef9295c-2b43-455b-9cba-68eb70dd27d3	8	122657114	140990814	13736	0.0803
0ef9295c-2b43-455b-9cba-68eb70dd27d3	8	140991025	142047413	681	0.0089
0ef9295c-2b43-455b-9cba-68eb70dd27d3	8	142047414	142056317	5	-1.1446
0ef9295c-2b43-455b-9cba-68eb70dd27d3	8	142057348	145072769	1121	0.0769
0ef9295c-2b43-455b-9cba-68eb70dd27d3	9	46587	61405110	31175	-0.0263
0ef9295c-2b43-455b-9cba-68eb70dd27d3	9	61520021	61647899	30	-1.6477
0ef9295c-2b43-455b-9cba-68eb70dd27d3	9	61665362	63579807	36	-0.0056
0ef9295c-2b43-455b-9cba-68eb70dd27d3	9	63580401	63592813	9	-0.7599
0ef9295c-2b43-455b-9cba-68eb70dd27d3	9	63614182	70126331	1587	-0.0089
0ef9295c-2b43-455b-9cba-68eb70dd27d3	9	70126452	83193875	9134	-0.0435
0ef9295c-2b43-455b-9cba-68eb70dd27d3	9	83195145	121469949	27685	-0.0151
0ef9295c-2b43-455b-9cba-68eb70dd27d3	9	121471271	135248141	8232	0.0175
0ef9295c-2b43-455b-9cba-68eb70dd27d3	9	135248156	135383776	99	-0.208
0ef9295c-2b43-455b-9cba-68eb70dd27d3	9	135383839	138106070	988	-0.0051
0ef9295c-2b43-455b-9cba-68eb70dd27d3	9	138106197	138200944	63	-0.2388
0ef9295c-2b43-455b-9cba-68eb70dd27d3	10	45792	17885034	14761	0.0859
0ef9295c-2b43-455b-9cba-68eb70dd27d3	10	17896194	17910884	3	-1.8471
0ef9295c-2b43-455b-9cba-68eb70dd27d3	10	17929793	46522514	16727	0.0792
0ef9295c-2b43-455b-9cba-68eb70dd27d3	10	46522571	46526280	15	0.642
0ef9295c-2b43-455b-9cba-68eb70dd27d3	10	46526920	46657149	30	-0.0428
0ef9295c-2b43-455b-9cba-68eb70dd27d3	10	46693480	46901552	12	0.8086
0ef9295c-2b43-455b-9cba-68eb70dd27d3	10	46967412	47559596	287	0.0746
0ef9295c-2b43-455b-9cba-68eb70dd27d3	10	47622159	48084420	13	-0.6794
0ef9295c-2b43-455b-9cba-68eb70dd27d3	10	48084439	49568194	1152	0.0812
0ef9295c-2b43-455b-9cba-68eb70dd27d3	10	49571218	49579102	9	-0.7052
0ef9295c-2b43-455b-9cba-68eb70dd27d3	10	49582144	50070600	212	0.1017
0ef9295c-2b43-455b-9cba-68eb70dd27d3	10	50081224	50097459	2	-1.9922
0ef9295c-2b43-455b-9cba-68eb70dd27d3	10	50107474	65546518	10937	0.0558
0ef9295c-2b43-455b-9cba-68eb70dd27d3	10	65548165	65554672	27	-1.8472
0ef9295c-2b43-455b-9cba-68eb70dd27d3	10	65554688	68242351	1770	0.0804
0ef9295c-2b43-455b-9cba-68eb70dd27d3	10	68243178	68245197	2	-2.2094
0ef9295c-2b43-455b-9cba-68eb70dd27d3	10	68245233	79684125	7413	0.0994
0ef9295c-2b43-455b-9cba-68eb70dd27d3	10	79689251	79737715	4	-1.1279
0ef9295c-2b43-455b-9cba-68eb70dd27d3	10	79737848	101128718	14023	0.0787
0ef9295c-2b43-455b-9cba-68eb70dd27d3	10	101135700	101166321	23	0.5681
0ef9295c-2b43-455b-9cba-68eb70dd27d3	10	101167639	116486780	10215	0.0769
0ef9295c-2b43-455b-9cba-68eb70dd27d3	10	116486807	130476503	10545	0.108
0ef9295c-2b43-455b-9cba-68eb70dd27d3	10	130477554	133654968	1976	0.0595
0ef9295c-2b43-455b-9cba-68eb70dd27d3	11	198510	198572	2	-0.6365
0ef9295c-2b43-455b-9cba-68eb70dd27d3	11	202179	5762693	3209	0.0884
0ef9295c-2b43-455b-9cba-68eb70dd27d3	11	5766175	5787909	33	-2.5416
0ef9295c-2b43-455b-9cba-68eb70dd27d3	11	5788108	8795729	2193	0.0919
0ef9295c-2b43-455b-9cba-68eb70dd27d3	11	8796033	8797897	2	-2.006
0ef9295c-2b43-455b-9cba-68eb70dd27d3	11	8799909	9968902	704	0.0909
0ef9295c-2b43-455b-9cba-68eb70dd27d3	11	9975982	10197597	105	-0.6407
0ef9295c-2b43-455b-9cba-68eb70dd27d3	11	10198712	18928190	6355	0.0909
0ef9295c-2b43-455b-9cba-68eb70dd27d3	11	18928326	18940441	37	-0.2975
0ef9295c-2b43-455b-9cba-68eb70dd27d3	11	18940469	31371747	9028	0.0637
0ef9295c-2b43-455b-9cba-68eb70dd27d3	11	31372721	31375533	2	-2.6029
0ef9295c-2b43-455b-9cba-68eb70dd27d3	11	31376660	44689612	9392	0.0657
0ef9295c-2b43-455b-9cba-68eb70dd27d3	11	44689631	46458838	1131	0.1377
0ef9295c-2b43-455b-9cba-68eb70dd27d3	11	46459936	55608547	2083	0.0634
0ef9295c-2b43-455b-9cba-68eb70dd27d3	11	55608760	55674842	43	-0.5067
0ef9295c-2b43-455b-9cba-68eb70dd27d3	11	55676735	67996609	6277	0.0871
0ef9295c-2b43-455b-9cba-68eb70dd27d3	11	68001326	72127162	2207	0.1509
0ef9295c-2b43-455b-9cba-68eb70dd27d3	11	72127489	81580143	5853	0.0849
0ef9295c-2b43-455b-9cba-68eb70dd27d3	11	81580332	135074876	37615	-0.5068
0ef9295c-2b43-455b-9cba-68eb70dd27d3	12	51460	246676	113	0.0411
0ef9295c-2b43-455b-9cba-68eb70dd27d3	12	247273	248145	2	2.9808
0ef9295c-2b43-455b-9cba-68eb70dd27d3	12	248153	756804	299	0.0669
0ef9295c-2b43-455b-9cba-68eb70dd27d3	12	759943	764863	18	-0.6814
0ef9295c-2b43-455b-9cba-68eb70dd27d3	12	766188	2126723	823	0.093
0ef9295c-2b43-455b-9cba-68eb70dd27d3	12	2136696	2148857	42	-0.7282
0ef9295c-2b43-455b-9cba-68eb70dd27d3	12	2148938	9461425	4833	0.0882
0ef9295c-2b43-455b-9cba-68eb70dd27d3	12	9461614	9481274	12	-0.5335
0ef9295c-2b43-455b-9cba-68eb70dd27d3	12	9485313	9562969	22	-1.7355
0ef9295c-2b43-455b-9cba-68eb70dd27d3	12	9575696	16361584	4779	0.0666
0ef9295c-2b43-455b-9cba-68eb70dd27d3	12	16361675	16361802	2	-1.4317
0ef9295c-2b43-455b-9cba-68eb70dd27d3	12	16363011	27493059	7563	0.0535
0ef9295c-2b43-455b-9cba-68eb70dd27d3	12	27494808	27504228	29	-0.7442
0ef9295c-2b43-455b-9cba-68eb70dd27d3	12	27506581	105862994	47552	0.0606
0ef9295c-2b43-455b-9cba-68eb70dd27d3	12	105864951	113198318	4511	0.1003
0ef9295c-2b43-455b-9cba-68eb70dd27d3	12	113199638	113208505	4	-0.9188
0ef9295c-2b43-455b-9cba-68eb70dd27d3	12	113215013	119546020	4801	0.1025
0ef9295c-2b43-455b-9cba-68eb70dd27d3	12	119551082	119552956	16	-0.6454
0ef9295c-2b43-455b-9cba-68eb70dd27d3	12	119556236	126320605	3783	0.104
0ef9295c-2b43-455b-9cba-68eb70dd27d3	12	126320621	129815137	3168	0.0691
0ef9295c-2b43-455b-9cba-68eb70dd27d3	12	129815208	129820102	3	-1.1092
0ef9295c-2b43-455b-9cba-68eb70dd27d3	12	129820194	133201603	2046	0.0703
0ef9295c-2b43-455b-9cba-68eb70dd27d3	13	18452809	31957984	9512	0.071
0ef9295c-2b43-455b-9cba-68eb70dd27d3	13	31958485	31964286	18	-0.6491
0ef9295c-2b43-455b-9cba-68eb70dd27d3	13	31965910	46558987	10076	0.0568
0ef9295c-2b43-455b-9cba-68eb70dd27d3	13	46559512	46560171	3	-1.0956
0ef9295c-2b43-455b-9cba-68eb70dd27d3	13	46565956	48957415	1781	0.0528
0ef9295c-2b43-455b-9cba-68eb70dd27d3	13	48959579	48962368	2	-1.8304
0ef9295c-2b43-455b-9cba-68eb70dd27d3	13	48963569	55231735	3524	0.0666
0ef9295c-2b43-455b-9cba-68eb70dd27d3	13	55232348	57176962	947	0.021
0ef9295c-2b43-455b-9cba-68eb70dd27d3	13	57184136	57215875	36	-0.4175
0ef9295c-2b43-455b-9cba-68eb70dd27d3	13	57218835	60645681	2038	0.044
0ef9295c-2b43-455b-9cba-68eb70dd27d3	13	60646425	60646441	2	-1.9488
0ef9295c-2b43-455b-9cba-68eb70dd27d3	13	60646659	93695852	21028	0.0348
0ef9295c-2b43-455b-9cba-68eb70dd27d3	13	93695877	103195892	6575	0.0669
0ef9295c-2b43-455b-9cba-68eb70dd27d3	13	103196428	103197140	2	-1.6725
0ef9295c-2b43-455b-9cba-68eb70dd27d3	13	103197609	104291670	946	0.0085
0ef9295c-2b43-455b-9cba-68eb70dd27d3	13	104292113	114342922	7217	0.0756
0ef9295c-2b43-455b-9cba-68eb70dd27d3	14	18239283	18605732	11	-0.6146
0ef9295c-2b43-455b-9cba-68eb70dd27d3	14	18605867	19957752	159	-0.0714
0ef9295c-2b43-455b-9cba-68eb70dd27d3	14	19958388	20759433	610	-0.5213
0ef9295c-2b43-455b-9cba-68eb70dd27d3	14	20759537	20761041	2	-2.6063
0ef9295c-2b43-455b-9cba-68eb70dd27d3	14	20761146	20762265	5	-1.204
0ef9295c-2b43-455b-9cba-68eb70dd27d3	14	20762417	22094521	847	-0.4705
0ef9295c-2b43-455b-9cba-68eb70dd27d3	14	22095084	22497974	349	-0.352
0ef9295c-2b43-455b-9cba-68eb70dd27d3	14	22499871	73540003	31966	-0.5008
0ef9295c-2b43-455b-9cba-68eb70dd27d3	14	73540147	73554275	7	-1.9974
0ef9295c-2b43-455b-9cba-68eb70dd27d3	14	73563196	98707855	17034	-0.4994
0ef9295c-2b43-455b-9cba-68eb70dd27d3	14	98711806	98723758	11	-3.8751
0ef9295c-2b43-455b-9cba-68eb70dd27d3	14	98723878	99030835	296	-0.6256
0ef9295c-2b43-455b-9cba-68eb70dd27d3	14	99031647	104464094	2864	-0.4734
0ef9295c-2b43-455b-9cba-68eb70dd27d3	14	104470042	104471983	2	-2.2803
0ef9295c-2b43-455b-9cba-68eb70dd27d3	14	104480266	106297265	527	-0.4454
0ef9295c-2b43-455b-9cba-68eb70dd27d3	14	106297268	106297273	2	2.0305
0ef9295c-2b43-455b-9cba-68eb70dd27d3	14	106297409	106719325	223	-0.4921
0ef9295c-2b43-455b-9cba-68eb70dd27d3	14	106769689	106770361	4	-2.0694
0ef9295c-2b43-455b-9cba-68eb70dd27d3	14	106775945	106877229	67	-0.4801
0ef9295c-2b43-455b-9cba-68eb70dd27d3	15	19811075	20059033	51	-0.3706
0ef9295c-2b43-455b-9cba-68eb70dd27d3	15	20060725	20373168	37	-1.4505
0ef9295c-2b43-455b-9cba-68eb70dd27d3	15	20376198	20376311	7	0.1474
0ef9295c-2b43-455b-9cba-68eb70dd27d3	15	20380735	20384789	12	-2.3385
0ef9295c-2b43-455b-9cba-68eb70dd27d3	15	20384907	22299523	99	-1.2781
0ef9295c-2b43-455b-9cba-68eb70dd27d3	15	22385639	23809194	609	-0.5249
0ef9295c-2b43-455b-9cba-68eb70dd27d3	15	23809640	23814160	20	-2.0242
0ef9295c-2b43-455b-9cba-68eb70dd27d3	15	23820546	24424598	357	-0.5109
0ef9295c-2b43-455b-9cba-68eb70dd27d3	15	24429604	24473026	33	-1.8564
0ef9295c-2b43-455b-9cba-68eb70dd27d3	15	24473449	32769558	4800	-0.504
0ef9295c-2b43-455b-9cba-68eb70dd27d3	15	32770191	32770271	2	-3.0442
0ef9295c-2b43-455b-9cba-68eb70dd27d3	15	32772096	73066854	25923	-0.4827
0ef9295c-2b43-455b-9cba-68eb70dd27d3	15	73071046	73117475	27	0.5024
0ef9295c-2b43-455b-9cba-68eb70dd27d3	15	73121678	76586021	1678	0.1219
0ef9295c-2b43-455b-9cba-68eb70dd27d3	15	76598900	76603434	22	-1.7455
0ef9295c-2b43-455b-9cba-68eb70dd27d3	15	76609838	101145347	16970	0.0968
0ef9295c-2b43-455b-9cba-68eb70dd27d3	15	101148851	101150114	3	-1.5164
0ef9295c-2b43-455b-9cba-68eb70dd27d3	15	101151243	101888798	542	0.0576
0ef9295c-2b43-455b-9cba-68eb70dd27d3	15	101888834	101928837	8	-0.4274
0ef9295c-2b43-455b-9cba-68eb70dd27d3	16	10777	592208	243	0.0626
0ef9295c-2b43-455b-9cba-68eb70dd27d3	16	592232	603459	41	-0.1941
0ef9295c-2b43-455b-9cba-68eb70dd27d3	16	603503	6628339	3624	0.122
0ef9295c-2b43-455b-9cba-68eb70dd27d3	16	6628353	6962471	412	0.0241
0ef9295c-2b43-455b-9cba-68eb70dd27d3	16	6963199	6963567	2	1.5782
0ef9295c-2b43-455b-9cba-68eb70dd27d3	16	6965769	7275793	431	0.0365
0ef9295c-2b43-455b-9cba-68eb70dd27d3	16	7279192	14405306	6168	0.1161
0ef9295c-2b43-455b-9cba-68eb70dd27d3	16	14405435	16614737	807	0.0186
0ef9295c-2b43-455b-9cba-68eb70dd27d3	16	16620150	16622170	2	1.6962
0ef9295c-2b43-455b-9cba-68eb70dd27d3	16	16645406	18793737	1021	0.059
0ef9295c-2b43-455b-9cba-68eb70dd27d3	16	18797068	21401082	1571	0.1182
0ef9295c-2b43-455b-9cba-68eb70dd27d3	16	21503753	21580019	22	0.4752
0ef9295c-2b43-455b-9cba-68eb70dd27d3	16	21582134	21647093	38	0.0662
0ef9295c-2b43-455b-9cba-68eb70dd27d3	16	21648111	22430699	324	-0.0016
0ef9295c-2b43-455b-9cba-68eb70dd27d3	16	22546611	22692541	71	0.531
0ef9295c-2b43-455b-9cba-68eb70dd27d3	16	22693199	29261283	4197	0.1122
0ef9295c-2b43-455b-9cba-68eb70dd27d3	16	29265473	29269734	5	-1.2724
0ef9295c-2b43-455b-9cba-68eb70dd27d3	16	29270444	46463450	1413	0.0515
0ef9295c-2b43-455b-9cba-68eb70dd27d3	16	46469294	88564259	30530	-0.4837
0ef9295c-2b43-455b-9cba-68eb70dd27d3	16	88571375	88579409	5	1.035
0ef9295c-2b43-455b-9cba-68eb70dd27d3	16	88579725	90096867	650	-0.5714
0ef9295c-2b43-455b-9cba-68eb70dd27d3	17	150733	3987088	2055	0.0889
0ef9295c-2b43-455b-9cba-68eb70dd27d3	17	3997617	10012133	3639	0.1364
0ef9295c-2b43-455b-9cba-68eb70dd27d3	17	10013744	41266901	15030	0.0959
0ef9295c-2b43-455b-9cba-68eb70dd27d3	17	41266958	41274279	17	-1.2977
0ef9295c-2b43-455b-9cba-68eb70dd27d3	17	41276472	46085732	2490	0.0403
0ef9295c-2b43-455b-9cba-68eb70dd27d3	17	46088437	46284997	122	0.5503
0ef9295c-2b43-455b-9cba-68eb70dd27d3	17	46286804	83091923	21494	0.0979
0ef9295c-2b43-455b-9cba-68eb70dd27d3	18	48133	2404777	1701	0.0712
0ef9295c-2b43-455b-9cba-68eb70dd27d3	18	2404813	14770959	8469	0.0959
0ef9295c-2b43-455b-9cba-68eb70dd27d3	18	14774596	45494356	15655	0.0664
0ef9295c-2b43-455b-9cba-68eb70dd27d3	18	45495061	50804255	3682	0.1064
0ef9295c-2b43-455b-9cba-68eb70dd27d3	18	50805154	57063731	4111	0.0565
0ef9295c-2b43-455b-9cba-68eb70dd27d3	18	57069214	58438927	1033	0.1277
0ef9295c-2b43-455b-9cba-68eb70dd27d3	18	58439364	67282884	6231	0.0634
0ef9295c-2b43-455b-9cba-68eb70dd27d3	18	67282926	67300481	30	-0.6327
0ef9295c-2b43-455b-9cba-68eb70dd27d3	18	67300717	70960842	2668	0.0381
0ef9295c-2b43-455b-9cba-68eb70dd27d3	18	70968527	80257174	6859	0.0884
0ef9295c-2b43-455b-9cba-68eb70dd27d3	19	90910	20411869	8888	0.118
0ef9295c-2b43-455b-9cba-68eb70dd27d3	19	20413400	20533583	67	-0.5468
0ef9295c-2b43-455b-9cba-68eb70dd27d3	19	20538075	43190778	11553	0.1059
0ef9295c-2b43-455b-9cba-68eb70dd27d3	19	43193181	43252085	23	-0.5247
0ef9295c-2b43-455b-9cba-68eb70dd27d3	19	43262507	51628560	4131	0.1164
0ef9295c-2b43-455b-9cba-68eb70dd27d3	19	51639099	51644944	11	0.8618
0ef9295c-2b43-455b-9cba-68eb70dd27d3	19	51651652	55771169	2482	0.0683
0ef9295c-2b43-455b-9cba-68eb70dd27d3	19	55771663	55774927	3	-1.3343
0ef9295c-2b43-455b-9cba-68eb70dd27d3	19	55777575	58586487	1833	0.1057
0ef9295c-2b43-455b-9cba-68eb70dd27d3	20	80664	1580353	1197	0.0936
0ef9295c-2b43-455b-9cba-68eb70dd27d3	20	1580934	1613247	41	2.6114
0ef9295c-2b43-455b-9cba-68eb70dd27d3	20	1617300	64324800	40901	0.1066
0ef9295c-2b43-455b-9cba-68eb70dd27d3	21	10354168	13583316	268	0.0194
0ef9295c-2b43-455b-9cba-68eb70dd27d3	21	13612103	13677975	4	1.4025
0ef9295c-2b43-455b-9cba-68eb70dd27d3	21	13803967	15751536	1308	0.0543
0ef9295c-2b43-455b-9cba-68eb70dd27d3	21	15751783	15754501	2	1.7531
0ef9295c-2b43-455b-9cba-68eb70dd27d3	21	15758051	30911118	11110	0.0574
0ef9295c-2b43-455b-9cba-68eb70dd27d3	21	30911150	34500578	2387	0.1075
0ef9295c-2b43-455b-9cba-68eb70dd27d3	21	34501826	39095397	3624	-0.4914
0ef9295c-2b43-455b-9cba-68eb70dd27d3	21	39095497	39095717	2	-2.4058
0ef9295c-2b43-455b-9cba-68eb70dd27d3	21	39096504	45419989	4286	-0.4831
0ef9295c-2b43-455b-9cba-68eb70dd27d3	21	45427844	45428241	2	-2.39
0ef9295c-2b43-455b-9cba-68eb70dd27d3	21	45428524	46677045	719	-0.5133
0ef9295c-2b43-455b-9cba-68eb70dd27d3	22	15294547	19307655	1377	-0.4746
0ef9295c-2b43-455b-9cba-68eb70dd27d3	22	19307980	20638721	826	-0.6328
0ef9295c-2b43-455b-9cba-68eb70dd27d3	22	20639021	40404514	13689	-0.4693
0ef9295c-2b43-455b-9cba-68eb70dd27d3	22	40410386	40640325	87	0.0472
0ef9295c-2b43-455b-9cba-68eb70dd27d3	22	40640505	48940621	6010	0.1404
0ef9295c-2b43-455b-9cba-68eb70dd27d3	22	48942510	50762104	1179	0.0319
0ef9295c-2b43-455b-9cba-68eb70dd27d3	22	50771840	50796027	7	-0.3943
0ef9295c-2b43-455b-9cba-68eb70dd27d3	X	251810	155952689	83197	0.0016
0ef9295c-2b43-455b-9cba-68eb70dd27d3	Y	2782397	3037676	125	-2.7916
0ef9295c-2b43-455b-9cba-68eb70dd27d3	Y	3037955	6076562	595	-2.4176
0ef9295c-2b43-455b-9cba-68eb70dd27d3	Y	6080059	13478396	2541	-2.8759
0ef9295c-2b43-455b-9cba-68eb70dd27d3	Y	13478462	13482643	3	-7.6439
0ef9295c-2b43-455b-9cba-68eb70dd27d3	Y	13483009	56872112	3368	-2.8546
