GDC_Aliquot	Chromosome	Start	End	Num_Probes	Segment_Mean
8ddd7e67-3f90-40c7-900d-9165f931efac	1	62920	98602	13	0.8142
8ddd7e67-3f90-40c7-900d-9165f931efac	1	259407	12779433	6475	-0.0013
8ddd7e67-3f90-40c7-900d-9165f931efac	1	12792599	12867264	31	-0.6338
8ddd7e67-3f90-40c7-900d-9165f931efac	1	12868035	15827002	1817	0.0089
8ddd7e67-3f90-40c7-900d-9165f931efac	1	15827041	15828515	9	-0.4679
8ddd7e67-3f90-40c7-900d-9165f931efac	1	15839166	16525019	295	-0.002
8ddd7e67-3f90-40c7-900d-9165f931efac	1	16542868	16956580	116	-0.3331
8ddd7e67-3f90-40c7-900d-9165f931efac	1	16958425	25256850	5256	0.0062
8ddd7e67-3f90-40c7-900d-9165f931efac	1	25266637	25320198	22	0.696
8ddd7e67-3f90-40c7-900d-9165f931efac	1	25320253	33312089	3960	0.0011
8ddd7e67-3f90-40c7-900d-9165f931efac	1	33323283	33324037	2	-1.3356
8ddd7e67-3f90-40c7-900d-9165f931efac	1	33324926	72297687	24757	0.0031
8ddd7e67-3f90-40c7-900d-9165f931efac	1	72302735	72345465	48	-0.9522
8ddd7e67-3f90-40c7-900d-9165f931efac	1	72346221	81422920	5773	0.0047
8ddd7e67-3f90-40c7-900d-9165f931efac	1	81422982	81423039	4	-1.1405
8ddd7e67-3f90-40c7-900d-9165f931efac	1	81423183	105476583	15162	0.0071
8ddd7e67-3f90-40c7-900d-9165f931efac	1	105476614	105479753	16	-1.8747
8ddd7e67-3f90-40c7-900d-9165f931efac	1	105481433	109690352	2638	0.0075
8ddd7e67-3f90-40c7-900d-9165f931efac	1	109690415	109702376	13	-1.1777
8ddd7e67-3f90-40c7-900d-9165f931efac	1	109703504	110834746	835	-0.0001
8ddd7e67-3f90-40c7-900d-9165f931efac	1	110834943	110845604	38	-0.7678
8ddd7e67-3f90-40c7-900d-9165f931efac	1	110849445	112147704	1076	-0.0054
8ddd7e67-3f90-40c7-900d-9165f931efac	1	112153343	112154768	25	-0.3528
8ddd7e67-3f90-40c7-900d-9165f931efac	1	112163334	152784330	7795	0.0055
8ddd7e67-3f90-40c7-900d-9165f931efac	1	152785214	152796224	39	0.3027
8ddd7e67-3f90-40c7-900d-9165f931efac	1	152801429	189679027	24712	0.0046
8ddd7e67-3f90-40c7-900d-9165f931efac	1	189679353	189679397	2	1.2033
8ddd7e67-3f90-40c7-900d-9165f931efac	1	189682917	196762956	4737	0.0145
8ddd7e67-3f90-40c7-900d-9165f931efac	1	196769493	196775006	13	0.403
8ddd7e67-3f90-40c7-900d-9165f931efac	1	196775070	196829435	32	-0.0081
8ddd7e67-3f90-40c7-900d-9165f931efac	1	196829513	196916555	67	-0.8972
8ddd7e67-3f90-40c7-900d-9165f931efac	1	196917579	215318153	12458	0.0062
8ddd7e67-3f90-40c7-900d-9165f931efac	1	215320126	215325761	6	-0.8011
8ddd7e67-3f90-40c7-900d-9165f931efac	1	215327688	243064845	19536	0.0025
8ddd7e67-3f90-40c7-900d-9165f931efac	1	243094761	243190549	34	0.5006
8ddd7e67-3f90-40c7-900d-9165f931efac	1	243192159	248930189	3694	0.0062
8ddd7e67-3f90-40c7-900d-9165f931efac	2	12784	3684997	2567	-0.0022
8ddd7e67-3f90-40c7-900d-9165f931efac	2	3685265	3688948	3	-1.001
8ddd7e67-3f90-40c7-900d-9165f931efac	2	3694481	34295406	21393	0.0052
8ddd7e67-3f90-40c7-900d-9165f931efac	2	34298911	34300513	2	-1.9632
8ddd7e67-3f90-40c7-900d-9165f931efac	2	34300900	34427512	83	-0.0185
8ddd7e67-3f90-40c7-900d-9165f931efac	2	34427804	34511990	58	-0.2126
8ddd7e67-3f90-40c7-900d-9165f931efac	2	34512096	49305903	10720	0.0011
8ddd7e67-3f90-40c7-900d-9165f931efac	2	49308629	49314051	5	-1.024
8ddd7e67-3f90-40c7-900d-9165f931efac	2	49317902	87286164	24338	0.0062
8ddd7e67-3f90-40c7-900d-9165f931efac	2	87287256	87295819	3	-1.1672
8ddd7e67-3f90-40c7-900d-9165f931efac	2	87299357	87578886	50	-0.1344
8ddd7e67-3f90-40c7-900d-9165f931efac	2	87586208	87674944	15	-0.8179
8ddd7e67-3f90-40c7-900d-9165f931efac	2	87695122	111252609	9896	0.0069
8ddd7e67-3f90-40c7-900d-9165f931efac	2	111260223	111460731	44	0.4181
8ddd7e67-3f90-40c7-900d-9165f931efac	2	111461262	114324624	1595	0.0109
8ddd7e67-3f90-40c7-900d-9165f931efac	2	114325453	114325635	2	1.0849
8ddd7e67-3f90-40c7-900d-9165f931efac	2	114329102	116214083	1150	0.0049
8ddd7e67-3f90-40c7-900d-9165f931efac	2	116216846	116216862	2	1.22
8ddd7e67-3f90-40c7-900d-9165f931efac	2	116218490	128880504	8007	0.0038
8ddd7e67-3f90-40c7-900d-9165f931efac	2	128880904	128882723	14	-0.5743
8ddd7e67-3f90-40c7-900d-9165f931efac	2	128882741	129977148	852	-0.0032
8ddd7e67-3f90-40c7-900d-9165f931efac	2	129979730	129979747	2	1.4345
8ddd7e67-3f90-40c7-900d-9165f931efac	2	129987388	146107526	9566	0.0062
8ddd7e67-3f90-40c7-900d-9165f931efac	2	146107615	146109366	17	0.6394
8ddd7e67-3f90-40c7-900d-9165f931efac	2	146120238	242147305	59023	0.006
8ddd7e67-3f90-40c7-900d-9165f931efac	3	20930	35639	17	0.0821
8ddd7e67-3f90-40c7-900d-9165f931efac	3	43533	1101953	873	0.5778
8ddd7e67-3f90-40c7-900d-9165f931efac	3	1102411	89620865	59657	0.0063
8ddd7e67-3f90-40c7-900d-9165f931efac	3	89622183	89624990	8	-1.037
8ddd7e67-3f90-40c7-900d-9165f931efac	3	89629449	99200290	3089	0.01
8ddd7e67-3f90-40c7-900d-9165f931efac	3	99201668	99230577	52	0.248
8ddd7e67-3f90-40c7-900d-9165f931efac	3	99232120	119001132	12237	0.005
8ddd7e67-3f90-40c7-900d-9165f931efac	3	119012086	119016857	7	0.6981
8ddd7e67-3f90-40c7-900d-9165f931efac	3	119023688	119058050	11	0.37
8ddd7e67-3f90-40c7-900d-9165f931efac	3	119061516	119101810	27	0.9122
8ddd7e67-3f90-40c7-900d-9165f931efac	3	119107036	125724765	3939	0.005
8ddd7e67-3f90-40c7-900d-9165f931efac	3	125727821	125747704	11	-0.9132
8ddd7e67-3f90-40c7-900d-9165f931efac	3	125750578	128661409	1821	0.0033
8ddd7e67-3f90-40c7-900d-9165f931efac	3	128662406	128680378	9	0.2764
8ddd7e67-3f90-40c7-900d-9165f931efac	3	128686328	128693488	7	0.6318
8ddd7e67-3f90-40c7-900d-9165f931efac	3	128695318	130044855	622	0.0175
8ddd7e67-3f90-40c7-900d-9165f931efac	3	130047743	130087393	37	0.5079
8ddd7e67-3f90-40c7-900d-9165f931efac	3	130088081	158632329	17650	0.0058
8ddd7e67-3f90-40c7-900d-9165f931efac	3	158633095	158633756	2	-2.2181
8ddd7e67-3f90-40c7-900d-9165f931efac	3	158641083	162794951	2607	0.0076
8ddd7e67-3f90-40c7-900d-9165f931efac	3	162795304	162908207	68	-0.5239
8ddd7e67-3f90-40c7-900d-9165f931efac	3	162908784	162996729	72	-0.0099
8ddd7e67-3f90-40c7-900d-9165f931efac	3	162999939	163001774	2	-2.0732
8ddd7e67-3f90-40c7-900d-9165f931efac	3	163008371	175362822	7576	0.0093
8ddd7e67-3f90-40c7-900d-9165f931efac	3	175362958	175363437	4	-1.1274
8ddd7e67-3f90-40c7-900d-9165f931efac	3	175363536	190538297	9664	0.0064
8ddd7e67-3f90-40c7-900d-9165f931efac	3	190542248	190542906	3	-1.0543
8ddd7e67-3f90-40c7-900d-9165f931efac	3	190543126	195559056	3334	0.0167
8ddd7e67-3f90-40c7-900d-9165f931efac	3	195656271	195719958	24	0.407
8ddd7e67-3f90-40c7-900d-9165f931efac	3	195720051	195728990	3	-0.3863
8ddd7e67-3f90-40c7-900d-9165f931efac	3	195729005	198142659	1178	-0.0042
8ddd7e67-3f90-40c7-900d-9165f931efac	3	198169114	198169247	4	-0.5869
8ddd7e67-3f90-40c7-900d-9165f931efac	4	68929	783123	267	0.0011
8ddd7e67-3f90-40c7-900d-9165f931efac	4	783946	800143	3	-1.162
8ddd7e67-3f90-40c7-900d-9165f931efac	4	802433	9455251	4885	0.0041
8ddd7e67-3f90-40c7-900d-9165f931efac	4	9459504	9477699	6	-0.9391
8ddd7e67-3f90-40c7-900d-9165f931efac	4	9484440	10208766	539	0.0088
8ddd7e67-3f90-40c7-900d-9165f931efac	4	10221792	10229874	28	-1.7298
8ddd7e67-3f90-40c7-900d-9165f931efac	4	10232590	34784878	16975	0.0049
8ddd7e67-3f90-40c7-900d-9165f931efac	4	34785333	34822561	36	-0.4767
8ddd7e67-3f90-40c7-900d-9165f931efac	4	34823103	68468423	19441	0.0078
8ddd7e67-3f90-40c7-900d-9165f931efac	4	68472744	68618391	69	-0.2643
8ddd7e67-3f90-40c7-900d-9165f931efac	4	68620122	101252048	19851	0.0042
8ddd7e67-3f90-40c7-900d-9165f931efac	4	101252622	101252670	2	-2.6606
8ddd7e67-3f90-40c7-900d-9165f931efac	4	101255769	156035480	32708	0.006
8ddd7e67-3f90-40c7-900d-9165f931efac	4	156046823	156052053	16	-0.7222
8ddd7e67-3f90-40c7-900d-9165f931efac	4	156053545	160958972	3062	0.0105
8ddd7e67-3f90-40c7-900d-9165f931efac	4	160958989	160963111	13	0.4268
8ddd7e67-3f90-40c7-900d-9165f931efac	4	160963195	177338780	10189	0.01
8ddd7e67-3f90-40c7-900d-9165f931efac	4	177341300	177341483	2	-1.4161
8ddd7e67-3f90-40c7-900d-9165f931efac	4	177341529	188300104	7819	0.0098
8ddd7e67-3f90-40c7-900d-9165f931efac	4	188300206	188300221	2	1.5231
8ddd7e67-3f90-40c7-900d-9165f931efac	4	188300270	190106768	1142	0.0167
8ddd7e67-3f90-40c7-900d-9165f931efac	5	15532	823484	347	-0.0835
8ddd7e67-3f90-40c7-900d-9165f931efac	5	823655	9898850	7659	0.0085
8ddd7e67-3f90-40c7-900d-9165f931efac	5	9901840	9924385	32	-1.0109
8ddd7e67-3f90-40c7-900d-9165f931efac	5	9926299	12819201	2148	0.0075
8ddd7e67-3f90-40c7-900d-9165f931efac	5	12819263	12838421	11	0.6132
8ddd7e67-3f90-40c7-900d-9165f931efac	5	12849089	58033288	25537	0.0058
8ddd7e67-3f90-40c7-900d-9165f931efac	5	58033703	58037706	28	-0.4164
8ddd7e67-3f90-40c7-900d-9165f931efac	5	58042530	113178589	32630	0.0069
8ddd7e67-3f90-40c7-900d-9165f931efac	5	113181012	113182369	5	-1.7695
8ddd7e67-3f90-40c7-900d-9165f931efac	5	113182643	140827458	17381	0.0048
8ddd7e67-3f90-40c7-900d-9165f931efac	5	140838209	140852254	13	-0.5426
8ddd7e67-3f90-40c7-900d-9165f931efac	5	140861442	152134610	7541	0.0029
8ddd7e67-3f90-40c7-900d-9165f931efac	5	152135825	152140710	15	-0.7421
8ddd7e67-3f90-40c7-900d-9165f931efac	5	152140861	156049910	2658	0.0038
8ddd7e67-3f90-40c7-900d-9165f931efac	5	156049988	156068240	13	-0.5182
8ddd7e67-3f90-40c7-900d-9165f931efac	5	156068247	179498842	15759	0.0032
8ddd7e67-3f90-40c7-900d-9165f931efac	5	179501760	179509721	5	-1.1915
8ddd7e67-3f90-40c7-900d-9165f931efac	5	179510391	180947523	833	0.006
8ddd7e67-3f90-40c7-900d-9165f931efac	5	180951710	181006264	21	-0.438
8ddd7e67-3f90-40c7-900d-9165f931efac	5	181015400	181363319	167	-0.0083
8ddd7e67-3f90-40c7-900d-9165f931efac	6	149661	264756	105	-0.01
8ddd7e67-3f90-40c7-900d-9165f931efac	6	265113	382559	98	0.1847
8ddd7e67-3f90-40c7-900d-9165f931efac	6	382897	29876257	21449	0.0046
8ddd7e67-3f90-40c7-900d-9165f931efac	6	29876595	29881490	6	0.9544
8ddd7e67-3f90-40c7-900d-9165f931efac	6	29882419	32656527	1231	0.0178
8ddd7e67-3f90-40c7-900d-9165f931efac	6	32656814	32658841	5	-1.0702
8ddd7e67-3f90-40c7-900d-9165f931efac	6	32682835	54066269	13689	0.0039
8ddd7e67-3f90-40c7-900d-9165f931efac	6	54066286	54067057	8	-0.7723
8ddd7e67-3f90-40c7-900d-9165f931efac	6	54070550	65689589	4925	0.0121
8ddd7e67-3f90-40c7-900d-9165f931efac	6	65689644	65693959	22	-0.6456
8ddd7e67-3f90-40c7-900d-9165f931efac	6	65697234	73882085	5434	0.0147
8ddd7e67-3f90-40c7-900d-9165f931efac	6	73882142	73893903	14	-0.3906
8ddd7e67-3f90-40c7-900d-9165f931efac	6	73894003	76726815	1764	-0.003
8ddd7e67-3f90-40c7-900d-9165f931efac	6	76730151	76742956	19	0.4108
8ddd7e67-3f90-40c7-900d-9165f931efac	6	76742972	78253172	977	0.0093
8ddd7e67-3f90-40c7-900d-9165f931efac	6	78259348	78325468	112	-2.1202
8ddd7e67-3f90-40c7-900d-9165f931efac	6	78329517	90464659	7601	0.004
8ddd7e67-3f90-40c7-900d-9165f931efac	6	90466354	90466371	2	-1.0204
8ddd7e67-3f90-40c7-900d-9165f931efac	6	90467068	103290101	7859	0.0119
8ddd7e67-3f90-40c7-900d-9165f931efac	6	103290164	103314186	45	0.5974
8ddd7e67-3f90-40c7-900d-9165f931efac	6	103317795	133945130	19061	0.0074
8ddd7e67-3f90-40c7-900d-9165f931efac	6	133947933	133948494	2	-1.4452
8ddd7e67-3f90-40c7-900d-9165f931efac	6	133950934	170741917	25076	0.005
8ddd7e67-3f90-40c7-900d-9165f931efac	7	43355	62643	19	0.6103
8ddd7e67-3f90-40c7-900d-9165f931efac	7	63281	3570080	1599	0.0043
8ddd7e67-3f90-40c7-900d-9165f931efac	7	3570211	3578729	31	-1.0091
8ddd7e67-3f90-40c7-900d-9165f931efac	7	3585172	22395161	14387	0.0124
8ddd7e67-3f90-40c7-900d-9165f931efac	7	22395853	22396868	2	-2.1916
8ddd7e67-3f90-40c7-900d-9165f931efac	7	22399135	54318812	22397	0.0087
8ddd7e67-3f90-40c7-900d-9165f931efac	7	54318816	54318824	5	-1.5598
8ddd7e67-3f90-40c7-900d-9165f931efac	7	54325795	75724865	7959	0.0104
8ddd7e67-3f90-40c7-900d-9165f931efac	7	75725525	75734920	7	0.6939
8ddd7e67-3f90-40c7-900d-9165f931efac	7	75745339	76532105	306	0.0287
8ddd7e67-3f90-40c7-900d-9165f931efac	7	76550397	77080295	159	-0.7545
8ddd7e67-3f90-40c7-900d-9165f931efac	7	77082598	91475603	9438	0.0099
8ddd7e67-3f90-40c7-900d-9165f931efac	7	91483035	91484640	3	-1.3206
8ddd7e67-3f90-40c7-900d-9165f931efac	7	91484846	91578827	87	-0.0077
8ddd7e67-3f90-40c7-900d-9165f931efac	7	91589569	91589817	3	-1.2262
8ddd7e67-3f90-40c7-900d-9165f931efac	7	91595717	118109848	15592	0.0049
8ddd7e67-3f90-40c7-900d-9165f931efac	7	118111465	118111656	2	-1.4991
8ddd7e67-3f90-40c7-900d-9165f931efac	7	118112579	126404920	4928	0.0097
8ddd7e67-3f90-40c7-900d-9165f931efac	7	126405428	126406827	18	0.5968
8ddd7e67-3f90-40c7-900d-9165f931efac	7	126412712	127264726	603	0.0054
8ddd7e67-3f90-40c7-900d-9165f931efac	7	127265034	127265277	3	1.5585
8ddd7e67-3f90-40c7-900d-9165f931efac	7	127265408	134100587	4091	0.0007
8ddd7e67-3f90-40c7-900d-9165f931efac	7	134100624	134114444	31	0.4211
8ddd7e67-3f90-40c7-900d-9165f931efac	7	134121491	142070732	5195	0.0073
8ddd7e67-3f90-40c7-900d-9165f931efac	7	142070827	142081713	4	-0.7528
8ddd7e67-3f90-40c7-900d-9165f931efac	7	142081975	142087330	7	-0.199
8ddd7e67-3f90-40c7-900d-9165f931efac	7	142087441	142087846	7	-0.8237
8ddd7e67-3f90-40c7-900d-9165f931efac	7	142088099	143529806	906	0.0101
8ddd7e67-3f90-40c7-900d-9165f931efac	7	143530003	143603307	4	0.8217
8ddd7e67-3f90-40c7-900d-9165f931efac	7	143728285	144199159	300	0.0207
8ddd7e67-3f90-40c7-900d-9165f931efac	7	144207186	144377836	16	-0.6347
8ddd7e67-3f90-40c7-900d-9165f931efac	7	144378425	145495224	711	-0.0005
8ddd7e67-3f90-40c7-900d-9165f931efac	7	145495625	145495800	2	-1.0926
8ddd7e67-3f90-40c7-900d-9165f931efac	7	145495852	150588016	3114	0.0024
8ddd7e67-3f90-40c7-900d-9165f931efac	7	150588713	150615073	11	-0.6984
8ddd7e67-3f90-40c7-900d-9165f931efac	7	150615561	159334314	5798	0.0065
8ddd7e67-3f90-40c7-900d-9165f931efac	8	81254	4144670	3698	0.0112
8ddd7e67-3f90-40c7-900d-9165f931efac	8	4144685	4144794	3	-1.4815
8ddd7e67-3f90-40c7-900d-9165f931efac	8	4145131	4145783	10	0.1826
8ddd7e67-3f90-40c7-900d-9165f931efac	8	4145941	4145956	2	-2.198
8ddd7e67-3f90-40c7-900d-9165f931efac	8	4146039	8426157	4261	0.0103
8ddd7e67-3f90-40c7-900d-9165f931efac	8	8429535	8433847	6	-0.9252
8ddd7e67-3f90-40c7-900d-9165f931efac	8	8434235	12176798	3036	-0.0033
8ddd7e67-3f90-40c7-900d-9165f931efac	8	12177488	12376708	9	-0.8348
8ddd7e67-3f90-40c7-900d-9165f931efac	8	12376742	12385031	14	-0.0595
8ddd7e67-3f90-40c7-900d-9165f931efac	8	12387683	12389977	7	-0.6434
8ddd7e67-3f90-40c7-900d-9165f931efac	8	12418301	16339682	3479	0.013
8ddd7e67-3f90-40c7-900d-9165f931efac	8	16349445	16349614	8	-0.6967
8ddd7e67-3f90-40c7-900d-9165f931efac	8	16354575	16404738	49	0.0568
8ddd7e67-3f90-40c7-900d-9165f931efac	8	16404755	16417152	26	-0.7844
8ddd7e67-3f90-40c7-900d-9165f931efac	8	16421186	23544795	5708	0.0066
8ddd7e67-3f90-40c7-900d-9165f931efac	8	23550227	23550298	4	-0.8043
8ddd7e67-3f90-40c7-900d-9165f931efac	8	23550358	25116928	1138	0.0035
8ddd7e67-3f90-40c7-900d-9165f931efac	8	25116961	25122039	13	0.5722
8ddd7e67-3f90-40c7-900d-9165f931efac	8	25122389	40326278	9673	0.0017
8ddd7e67-3f90-40c7-900d-9165f931efac	8	40326280	40331992	33	-0.8918
8ddd7e67-3f90-40c7-900d-9165f931efac	8	40335391	108258607	39683	0.0046
8ddd7e67-3f90-40c7-900d-9165f931efac	8	108259197	108259950	2	-1.1342
8ddd7e67-3f90-40c7-900d-9165f931efac	8	108266486	111276327	1667	0.01
8ddd7e67-3f90-40c7-900d-9165f931efac	8	111279123	111282809	8	-0.5305
8ddd7e67-3f90-40c7-900d-9165f931efac	8	111282852	111283016	3	-1.8801
8ddd7e67-3f90-40c7-900d-9165f931efac	8	111283031	114619814	1820	0.014
8ddd7e67-3f90-40c7-900d-9165f931efac	8	114622258	114622478	5	-0.3512
8ddd7e67-3f90-40c7-900d-9165f931efac	8	114622678	114626121	9	-0.7281
8ddd7e67-3f90-40c7-900d-9165f931efac	8	114626166	114628679	9	-0.1348
8ddd7e67-3f90-40c7-900d-9165f931efac	8	114628759	114638468	13	-0.6887
8ddd7e67-3f90-40c7-900d-9165f931efac	8	114638558	119135741	3103	0.003
8ddd7e67-3f90-40c7-900d-9165f931efac	8	119139771	119147207	5	-0.6792
8ddd7e67-3f90-40c7-900d-9165f931efac	8	119150615	130505259	7806	0.0076
8ddd7e67-3f90-40c7-900d-9165f931efac	8	130505463	130505584	2	-1.2472
8ddd7e67-3f90-40c7-900d-9165f931efac	8	130509682	145072769	10129	-0.001
8ddd7e67-3f90-40c7-900d-9165f931efac	9	46587	22492890	19822	0.0079
8ddd7e67-3f90-40c7-900d-9165f931efac	9	22501914	22502700	2	-3.119
8ddd7e67-3f90-40c7-900d-9165f931efac	9	22509341	23363117	581	0.0245
8ddd7e67-3f90-40c7-900d-9165f931efac	9	23363935	23380447	10	0.5278
8ddd7e67-3f90-40c7-900d-9165f931efac	9	23380836	131383392	55393	0.0068
8ddd7e67-3f90-40c7-900d-9165f931efac	9	131385539	131390317	5	-0.916
8ddd7e67-3f90-40c7-900d-9165f931efac	9	131396628	138200944	3625	-0.0093
8ddd7e67-3f90-40c7-900d-9165f931efac	10	45792	13008005	10908	0.0008
8ddd7e67-3f90-40c7-900d-9165f931efac	10	13008023	13008170	4	-1.2881
8ddd7e67-3f90-40c7-900d-9165f931efac	10	13008428	26937062	10267	0.0116
8ddd7e67-3f90-40c7-900d-9165f931efac	10	26937169	26939544	11	0.5777
8ddd7e67-3f90-40c7-900d-9165f931efac	10	26941064	30957581	3020	0.0111
8ddd7e67-3f90-40c7-900d-9165f931efac	10	30962405	30962850	11	-1.8126
8ddd7e67-3f90-40c7-900d-9165f931efac	10	30962893	46130381	7258	0.0061
8ddd7e67-3f90-40c7-900d-9165f931efac	10	46146395	46442116	172	0.483
8ddd7e67-3f90-40c7-900d-9165f931efac	10	46446814	46526280	20	0.0529
8ddd7e67-3f90-40c7-900d-9165f931efac	10	46526920	46632302	29	0.5704
8ddd7e67-3f90-40c7-900d-9165f931efac	10	46657149	46810571	10	-0.3365
8ddd7e67-3f90-40c7-900d-9165f931efac	10	46836986	47460004	287	-0.01
8ddd7e67-3f90-40c7-900d-9165f931efac	10	47559592	47680348	6	1.1098
8ddd7e67-3f90-40c7-900d-9165f931efac	10	47684886	57334808	6728	0.0075
8ddd7e67-3f90-40c7-900d-9165f931efac	10	57334837	57335443	7	0.6472
8ddd7e67-3f90-40c7-900d-9165f931efac	10	57335528	130472507	49875	0.0067
8ddd7e67-3f90-40c7-900d-9165f931efac	10	130472578	130477554	10	0.5433
8ddd7e67-3f90-40c7-900d-9165f931efac	10	130477754	133654968	1987	-0.003
8ddd7e67-3f90-40c7-900d-9165f931efac	11	198510	4280126	1751	0.0035
8ddd7e67-3f90-40c7-900d-9165f931efac	11	4280138	4337579	14	-0.4969
8ddd7e67-3f90-40c7-900d-9165f931efac	11	4337826	5179438	869	0.0021
8ddd7e67-3f90-40c7-900d-9165f931efac	11	5180667	5188140	7	0.6284
8ddd7e67-3f90-40c7-900d-9165f931efac	11	5188362	5768511	593	0.0194
8ddd7e67-3f90-40c7-900d-9165f931efac	11	5768639	5788231	29	0.2873
8ddd7e67-3f90-40c7-900d-9165f931efac	11	5791130	18913287	9391	0.0047
8ddd7e67-3f90-40c7-900d-9165f931efac	11	18914707	18940375	52	-0.2101
8ddd7e67-3f90-40c7-900d-9165f931efac	11	18940441	37111986	13415	0.0029
8ddd7e67-3f90-40c7-900d-9165f931efac	11	37112148	37112350	2	-1.151
8ddd7e67-3f90-40c7-900d-9165f931efac	11	37112498	37733866	416	0.0243
8ddd7e67-3f90-40c7-900d-9165f931efac	11	37746263	37812927	38	0.5572
8ddd7e67-3f90-40c7-900d-9165f931efac	11	37813411	55609022	7876	-0.0003
8ddd7e67-3f90-40c7-900d-9165f931efac	11	55609035	55674842	39	-1.6724
8ddd7e67-3f90-40c7-900d-9165f931efac	11	55676735	55677818	4	0.2235
8ddd7e67-3f90-40c7-900d-9165f931efac	11	55678469	55685533	7	-1.8461
8ddd7e67-3f90-40c7-900d-9165f931efac	11	55686100	135074876	52258	0.0019
8ddd7e67-3f90-40c7-900d-9165f931efac	12	51460	586884	325	-0.0015
8ddd7e67-3f90-40c7-900d-9165f931efac	12	586971	587929	2	-1.0956
8ddd7e67-3f90-40c7-900d-9165f931efac	12	588877	9477960	5845	0.0029
8ddd7e67-3f90-40c7-900d-9165f931efac	12	9481274	9562969	23	0.7909
8ddd7e67-3f90-40c7-900d-9165f931efac	12	9575696	11351157	1177	0.0145
8ddd7e67-3f90-40c7-900d-9165f931efac	12	11358643	11390472	30	-0.7899
8ddd7e67-3f90-40c7-900d-9165f931efac	12	11399258	29860916	12903	0.0052
8ddd7e67-3f90-40c7-900d-9165f931efac	12	29863810	29869322	7	-1.0074
8ddd7e67-3f90-40c7-900d-9165f931efac	12	29869395	39083525	3965	0.0079
8ddd7e67-3f90-40c7-900d-9165f931efac	12	39087759	39089311	5	-1.018
8ddd7e67-3f90-40c7-900d-9165f931efac	12	39094246	55404021	9789	0.0033
8ddd7e67-3f90-40c7-900d-9165f931efac	12	55409338	55409884	2	1.6458
8ddd7e67-3f90-40c7-900d-9165f931efac	12	55416184	83769408	17892	0.0057
8ddd7e67-3f90-40c7-900d-9165f931efac	12	83769511	83771462	3	-1.5683
8ddd7e67-3f90-40c7-900d-9165f931efac	12	83771500	99398036	10074	0.0075
8ddd7e67-3f90-40c7-900d-9165f931efac	12	99401515	99409315	32	-0.5048
8ddd7e67-3f90-40c7-900d-9165f931efac	12	99409340	114178040	9571	0.0037
8ddd7e67-3f90-40c7-900d-9165f931efac	12	114178384	114178400	2	-1.3299
8ddd7e67-3f90-40c7-900d-9165f931efac	12	114179112	131636170	12554	-0.0017
8ddd7e67-3f90-40c7-900d-9165f931efac	12	131648039	131648790	13	-1.6238
8ddd7e67-3f90-40c7-900d-9165f931efac	12	131657925	133201603	559	-0.0177
8ddd7e67-3f90-40c7-900d-9165f931efac	13	18452809	24455235	3980	0.0032
8ddd7e67-3f90-40c7-900d-9165f931efac	13	24455250	24465540	15	-0.4293
8ddd7e67-3f90-40c7-900d-9165f931efac	13	24465893	37501828	9476	0.0064
8ddd7e67-3f90-40c7-900d-9165f931efac	13	37502130	37510620	12	0.5657
8ddd7e67-3f90-40c7-900d-9165f931efac	13	37514193	63650659	16354	0.0092
8ddd7e67-3f90-40c7-900d-9165f931efac	13	63650816	63662559	8	-0.7631
8ddd7e67-3f90-40c7-900d-9165f931efac	13	63665430	114342922	34255	0.0088
8ddd7e67-3f90-40c7-900d-9165f931efac	14	18239283	19197351	40	-0.014
8ddd7e67-3f90-40c7-900d-9165f931efac	14	19203845	19922395	107	0.2994
8ddd7e67-3f90-40c7-900d-9165f931efac	14	19924455	73540003	34074	0.0041
8ddd7e67-3f90-40c7-900d-9165f931efac	14	73540147	73554275	7	-1.2686
8ddd7e67-3f90-40c7-900d-9165f931efac	14	73563196	106416146	20896	0.0009
8ddd7e67-3f90-40c7-900d-9165f931efac	14	106418444	106475361	51	-0.5507
8ddd7e67-3f90-40c7-900d-9165f931efac	14	106487515	106877229	193	0.0155
8ddd7e67-3f90-40c7-900d-9165f931efac	15	19811075	20026653	47	0.0059
8ddd7e67-3f90-40c7-900d-9165f931efac	15	20041119	20665022	100	0.4739
8ddd7e67-3f90-40c7-900d-9165f931efac	15	20665162	21096887	20	0.0242
8ddd7e67-3f90-40c7-900d-9165f931efac	15	21262847	22299523	39	0.494
8ddd7e67-3f90-40c7-900d-9165f931efac	15	22385639	56497449	20918	0.0069
8ddd7e67-3f90-40c7-900d-9165f931efac	15	56498505	56509425	26	-0.6122
8ddd7e67-3f90-40c7-900d-9165f931efac	15	56509503	61526792	3739	0.0083
8ddd7e67-3f90-40c7-900d-9165f931efac	15	61528055	61528472	2	1.6911
8ddd7e67-3f90-40c7-900d-9165f931efac	15	61532932	62619023	839	0.0026
8ddd7e67-3f90-40c7-900d-9165f931efac	15	62619653	62624537	5	-0.5175
8ddd7e67-3f90-40c7-900d-9165f931efac	15	62625815	63635355	736	-0.0003
8ddd7e67-3f90-40c7-900d-9165f931efac	15	63636027	63639415	2	-1.1848
8ddd7e67-3f90-40c7-900d-9165f931efac	15	63642657	69037475	3177	0.0002
8ddd7e67-3f90-40c7-900d-9165f931efac	15	69038945	69039020	2	1.5825
8ddd7e67-3f90-40c7-900d-9165f931efac	15	69045335	87902263	11443	0.0048
8ddd7e67-3f90-40c7-900d-9165f931efac	15	87902278	87903997	2	1.142
8ddd7e67-3f90-40c7-900d-9165f931efac	15	87904849	93312082	3959	0.004
8ddd7e67-3f90-40c7-900d-9165f931efac	15	93314323	93319185	2	-1.2151
8ddd7e67-3f90-40c7-900d-9165f931efac	15	93321103	101894806	6457	0.0044
8ddd7e67-3f90-40c7-900d-9165f931efac	15	101900719	101928837	4	-0.5269
8ddd7e67-3f90-40c7-900d-9165f931efac	16	10777	2655981	892	-0.0223
8ddd7e67-3f90-40c7-900d-9165f931efac	16	2656794	2671962	10	0.5183
8ddd7e67-3f90-40c7-900d-9165f931efac	16	2672368	4969229	1215	-0.0016
8ddd7e67-3f90-40c7-900d-9165f931efac	16	4970782	4971658	2	-1.7655
8ddd7e67-3f90-40c7-900d-9165f931efac	16	4971982	5557889	505	-0.01
8ddd7e67-3f90-40c7-900d-9165f931efac	16	5558088	5558150	2	-1.0068
8ddd7e67-3f90-40c7-900d-9165f931efac	16	5558336	6606785	1259	0.0164
8ddd7e67-3f90-40c7-900d-9165f931efac	16	6608311	6638078	46	0.5781
8ddd7e67-3f90-40c7-900d-9165f931efac	16	6642536	16269368	7814	0.006
8ddd7e67-3f90-40c7-900d-9165f931efac	16	16419234	16419781	3	-1.341
8ddd7e67-3f90-40c7-900d-9165f931efac	16	16435734	18172683	1015	-0.0101
8ddd7e67-3f90-40c7-900d-9165f931efac	16	18192658	18545889	8	0.5471
8ddd7e67-3f90-40c7-900d-9165f931efac	16	18583078	19933041	688	0.0158
8ddd7e67-3f90-40c7-900d-9165f931efac	16	19934328	19954553	28	-0.7801
8ddd7e67-3f90-40c7-900d-9165f931efac	16	19956040	28264921	5309	0.0007
8ddd7e67-3f90-40c7-900d-9165f931efac	16	28265693	28266127	2	1.7727
8ddd7e67-3f90-40c7-900d-9165f931efac	16	28266900	55761039	8116	0.0038
8ddd7e67-3f90-40c7-900d-9165f931efac	16	55761136	55782734	19	-0.6729
8ddd7e67-3f90-40c7-900d-9165f931efac	16	55782793	70105639	8749	0.0043
8ddd7e67-3f90-40c7-900d-9165f931efac	16	70117657	70145666	5	0.6759
8ddd7e67-3f90-40c7-900d-9165f931efac	16	70146223	74371293	2310	0.0067
8ddd7e67-3f90-40c7-900d-9165f931efac	16	74373114	74422703	5	0.9945
8ddd7e67-3f90-40c7-900d-9165f931efac	16	74431498	88545605	13157	0.0064
8ddd7e67-3f90-40c7-900d-9165f931efac	16	88546604	90096867	665	-0.0685
8ddd7e67-3f90-40c7-900d-9165f931efac	17	150733	18455632	11390	0.0069
8ddd7e67-3f90-40c7-900d-9165f931efac	17	18455635	18509244	15	-1.3975
8ddd7e67-3f90-40c7-900d-9165f931efac	17	18523147	18550123	8	-0.6056
8ddd7e67-3f90-40c7-900d-9165f931efac	17	18561272	41266838	9390	0.001
8ddd7e67-3f90-40c7-900d-9165f931efac	17	41266851	41274279	19	1.3144
8ddd7e67-3f90-40c7-900d-9165f931efac	17	41276472	46073421	2485	0.0004
8ddd7e67-3f90-40c7-900d-9165f931efac	17	46074420	46286804	134	-0.2523
8ddd7e67-3f90-40c7-900d-9165f931efac	17	46323701	46446360	4	-1.1964
8ddd7e67-3f90-40c7-900d-9165f931efac	17	46569894	46707286	5	-0.2654
8ddd7e67-3f90-40c7-900d-9165f931efac	17	46707312	57610128	6988	0.0039
8ddd7e67-3f90-40c7-900d-9165f931efac	17	57610972	57611632	2	-1.6857
8ddd7e67-3f90-40c7-900d-9165f931efac	17	57614632	83091923	14554	-0.002
8ddd7e67-3f90-40c7-900d-9165f931efac	18	48133	122470	13	-0.203
8ddd7e67-3f90-40c7-900d-9165f931efac	18	136240	1723387	1160	0.0117
8ddd7e67-3f90-40c7-900d-9165f931efac	18	1725757	1838111	91	-0.956
8ddd7e67-3f90-40c7-900d-9165f931efac	18	1841468	40678519	21493	0.0093
8ddd7e67-3f90-40c7-900d-9165f931efac	18	40678618	40689848	27	-0.362
8ddd7e67-3f90-40c7-900d-9165f931efac	18	40690108	66095064	17541	0.0134
8ddd7e67-3f90-40c7-900d-9165f931efac	18	66099904	66100686	3	-1.3466
8ddd7e67-3f90-40c7-900d-9165f931efac	18	66108359	80257174	10368	0.0151
8ddd7e67-3f90-40c7-900d-9165f931efac	19	90910	51639677	24748	0.004
8ddd7e67-3f90-40c7-900d-9165f931efac	19	51641117	51644944	8	-0.861
8ddd7e67-3f90-40c7-900d-9165f931efac	19	51651652	58586487	4335	-0.0014
8ddd7e67-3f90-40c7-900d-9165f931efac	20	80664	1601446	1238	-0.0146
8ddd7e67-3f90-40c7-900d-9165f931efac	20	1601561	1613247	6	-1.0523
8ddd7e67-3f90-40c7-900d-9165f931efac	20	1617300	60535987	38909	0.0072
8ddd7e67-3f90-40c7-900d-9165f931efac	20	60538651	60547635	7	-0.8616
8ddd7e67-3f90-40c7-900d-9165f931efac	20	60553323	64323484	2184	0.0069
8ddd7e67-3f90-40c7-900d-9165f931efac	20	64324185	64324800	3	-0.811
8ddd7e67-3f90-40c7-900d-9165f931efac	21	10354168	10559033	53	0.0733
8ddd7e67-3f90-40c7-900d-9165f931efac	21	10568903	10756733	33	-0.2823
8ddd7e67-3f90-40c7-900d-9165f931efac	21	10775586	46677045	23765	0.0065
8ddd7e67-3f90-40c7-900d-9165f931efac	22	15294547	23971817	4392	-0.0131
8ddd7e67-3f90-40c7-900d-9165f931efac	22	23981995	23990431	5	-1.6347
8ddd7e67-3f90-40c7-900d-9165f931efac	22	23990739	45158316	14722	0.0019
8ddd7e67-3f90-40c7-900d-9165f931efac	22	45171699	45193936	33	0.5793
8ddd7e67-3f90-40c7-900d-9165f931efac	22	45194531	49431754	3423	0.0088
8ddd7e67-3f90-40c7-900d-9165f931efac	22	49432269	50796027	677	-0.0649
8ddd7e67-3f90-40c7-900d-9165f931efac	X	251810	87057692	44956	0.005
8ddd7e67-3f90-40c7-900d-9165f931efac	X	87060071	87088017	23	0.5318
8ddd7e67-3f90-40c7-900d-9165f931efac	X	87094559	149550633	35343	0.0066
8ddd7e67-3f90-40c7-900d-9165f931efac	X	149563013	149572955	9	-1.0248
8ddd7e67-3f90-40c7-900d-9165f931efac	X	149604380	149758163	70	0.0042
8ddd7e67-3f90-40c7-900d-9165f931efac	X	149793935	149899987	66	0.5666
8ddd7e67-3f90-40c7-900d-9165f931efac	X	149932109	152337437	1604	0.0081
8ddd7e67-3f90-40c7-900d-9165f931efac	X	152342526	152348153	3	-1.8596
8ddd7e67-3f90-40c7-900d-9165f931efac	X	152348845	155952689	1528	-0.01
8ddd7e67-3f90-40c7-900d-9165f931efac	Y	2782397	56872112	6640	-1.0894
