GDC_Aliquot	Chromosome	Start	End	Num_Probes	Segment_Mean
85ca025c-dd6b-413d-8994-e2d3e91d040f	1	62920	777165	23	0.2858
85ca025c-dd6b-413d-8994-e2d3e91d040f	1	783283	1570718	186	0.0073
85ca025c-dd6b-413d-8994-e2d3e91d040f	1	1575421	1741164	17	-0.6973
85ca025c-dd6b-413d-8994-e2d3e91d040f	1	1756148	12774110	6252	-0.0559
85ca025c-dd6b-413d-8994-e2d3e91d040f	1	12774144	13389302	53	0.2186
85ca025c-dd6b-413d-8994-e2d3e91d040f	1	13391312	16480729	2096	-0.0584
85ca025c-dd6b-413d-8994-e2d3e91d040f	1	16482199	16641639	32	0.5307
85ca025c-dd6b-413d-8994-e2d3e91d040f	1	16641704	16877002	41	0.0613
85ca025c-dd6b-413d-8994-e2d3e91d040f	1	16883108	16951445	53	0.4947
85ca025c-dd6b-413d-8994-e2d3e91d040f	1	16955930	29181135	6871	-0.0661
85ca025c-dd6b-413d-8994-e2d3e91d040f	1	29185815	30101311	654	0.0432
85ca025c-dd6b-413d-8994-e2d3e91d040f	1	30105747	34626073	2704	-0.0731
85ca025c-dd6b-413d-8994-e2d3e91d040f	1	34637053	34638878	19	-0.4323
85ca025c-dd6b-413d-8994-e2d3e91d040f	1	34638890	49431322	8388	-0.0733
85ca025c-dd6b-413d-8994-e2d3e91d040f	1	49435517	50915188	660	0.0384
85ca025c-dd6b-413d-8994-e2d3e91d040f	1	50918024	72303233	14715	-0.0849
85ca025c-dd6b-413d-8994-e2d3e91d040f	1	72303253	72345465	45	-1.1944
85ca025c-dd6b-413d-8994-e2d3e91d040f	1	72346221	75584489	1930	-0.1056
85ca025c-dd6b-413d-8994-e2d3e91d040f	1	75585130	75589169	4	-1.0661
85ca025c-dd6b-413d-8994-e2d3e91d040f	1	75593824	103620877	18093	-0.1023
85ca025c-dd6b-413d-8994-e2d3e91d040f	1	103621165	103717617	5	0.7817
85ca025c-dd6b-413d-8994-e2d3e91d040f	1	103760781	108187137	2872	-0.1074
85ca025c-dd6b-413d-8994-e2d3e91d040f	1	108191613	108194874	3	-1.1414
85ca025c-dd6b-413d-8994-e2d3e91d040f	1	108196482	109684893	693	-0.0953
85ca025c-dd6b-413d-8994-e2d3e91d040f	1	109690352	109697556	13	-0.5253
85ca025c-dd6b-413d-8994-e2d3e91d040f	1	109702376	112145689	1947	-0.0933
85ca025c-dd6b-413d-8994-e2d3e91d040f	1	112147589	112154591	25	0.2562
85ca025c-dd6b-413d-8994-e2d3e91d040f	1	112154619	119575373	4733	-0.0869
85ca025c-dd6b-413d-8994-e2d3e91d040f	1	119575395	119597039	30	0.1991
85ca025c-dd6b-413d-8994-e2d3e91d040f	1	119597400	120146498	299	-0.074
85ca025c-dd6b-413d-8994-e2d3e91d040f	1	120370887	121389102	24	0.316
85ca025c-dd6b-413d-8994-e2d3e91d040f	1	121413668	121573699	68	-0.122
85ca025c-dd6b-413d-8994-e2d3e91d040f	1	121580012	121705338	9	0.2667
85ca025c-dd6b-413d-8994-e2d3e91d040f	1	143459641	143890323	122	0.7964
85ca025c-dd6b-413d-8994-e2d3e91d040f	1	143893019	149894410	916	0.5714
85ca025c-dd6b-413d-8994-e2d3e91d040f	1	149894959	152302521	1198	0.4992
85ca025c-dd6b-413d-8994-e2d3e91d040f	1	152302977	152787202	408	0.5743
85ca025c-dd6b-413d-8994-e2d3e91d040f	1	152789447	152796224	37	-1.3131
85ca025c-dd6b-413d-8994-e2d3e91d040f	1	152801429	153459085	508	0.5347
85ca025c-dd6b-413d-8994-e2d3e91d040f	1	153459146	153459551	2	-0.4687
85ca025c-dd6b-413d-8994-e2d3e91d040f	1	153462879	153699771	114	0.5327
85ca025c-dd6b-413d-8994-e2d3e91d040f	1	153701198	153720772	8	1.1665
85ca025c-dd6b-413d-8994-e2d3e91d040f	1	153722864	161648901	4634	0.515
85ca025c-dd6b-413d-8994-e2d3e91d040f	1	161649069	161649268	6	-0.7403
85ca025c-dd6b-413d-8994-e2d3e91d040f	1	161678447	169247699	6008	0.5272
85ca025c-dd6b-413d-8994-e2d3e91d040f	1	169264736	169269507	6	-0.4518
85ca025c-dd6b-413d-8994-e2d3e91d040f	1	169272528	175020084	3642	0.4995
85ca025c-dd6b-413d-8994-e2d3e91d040f	1	175022666	185327015	6985	0.5317
85ca025c-dd6b-413d-8994-e2d3e91d040f	1	185328408	189679027	2813	0.5023
85ca025c-dd6b-413d-8994-e2d3e91d040f	1	189679353	189679397	2	-2.4705
85ca025c-dd6b-413d-8994-e2d3e91d040f	1	189682917	193753412	2796	0.4991
85ca025c-dd6b-413d-8994-e2d3e91d040f	1	193757206	193766389	3	-0.6193
85ca025c-dd6b-413d-8994-e2d3e91d040f	1	193768328	196745692	1940	0.5086
85ca025c-dd6b-413d-8994-e2d3e91d040f	1	196745743	196832720	59	-0.0614
85ca025c-dd6b-413d-8994-e2d3e91d040f	1	196843377	229675422	21830	0.5173
85ca025c-dd6b-413d-8994-e2d3e91d040f	1	229681109	229684449	3	-2.7708
85ca025c-dd6b-413d-8994-e2d3e91d040f	1	229684709	229685464	6	0.0817
85ca025c-dd6b-413d-8994-e2d3e91d040f	1	229686006	238586809	6805	0.5265
85ca025c-dd6b-413d-8994-e2d3e91d040f	1	238588320	238589143	9	-0.3696
85ca025c-dd6b-413d-8994-e2d3e91d040f	1	238589163	240228440	1293	0.5212
85ca025c-dd6b-413d-8994-e2d3e91d040f	1	240230715	240230806	4	-0.5138
85ca025c-dd6b-413d-8994-e2d3e91d040f	1	240230824	248525299	5681	0.5373
85ca025c-dd6b-413d-8994-e2d3e91d040f	1	248525314	248622945	29	0.8854
85ca025c-dd6b-413d-8994-e2d3e91d040f	1	248626391	248930189	148	0.5496
85ca025c-dd6b-413d-8994-e2d3e91d040f	2	12784	34466002	24079	0.0011
85ca025c-dd6b-413d-8994-e2d3e91d040f	2	34474248	34511990	46	-0.4895
85ca025c-dd6b-413d-8994-e2d3e91d040f	2	34512096	40103135	4026	-0.0118
85ca025c-dd6b-413d-8994-e2d3e91d040f	2	40105711	40110927	6	-0.8356
85ca025c-dd6b-413d-8994-e2d3e91d040f	2	40111004	52537117	8977	-0.0081
85ca025c-dd6b-413d-8994-e2d3e91d040f	2	52537337	52554157	14	-0.9621
85ca025c-dd6b-413d-8994-e2d3e91d040f	2	52554188	76615188	15550	-0.007
85ca025c-dd6b-413d-8994-e2d3e91d040f	2	76617340	76618300	6	-0.7519
85ca025c-dd6b-413d-8994-e2d3e91d040f	2	76620460	76994194	287	-0.0023
85ca025c-dd6b-413d-8994-e2d3e91d040f	2	76995098	76995175	2	-1.2442
85ca025c-dd6b-413d-8994-e2d3e91d040f	2	76995295	86710564	6076	-0.0141
85ca025c-dd6b-413d-8994-e2d3e91d040f	2	86725947	86726731	2	1.3274
85ca025c-dd6b-413d-8994-e2d3e91d040f	2	86743283	87218834	108	-0.0128
85ca025c-dd6b-413d-8994-e2d3e91d040f	2	87221597	87465499	47	0.3543
85ca025c-dd6b-413d-8994-e2d3e91d040f	2	87466706	88848201	547	0.0157
85ca025c-dd6b-413d-8994-e2d3e91d040f	2	88848342	94681256	353	0.1786
85ca025c-dd6b-413d-8994-e2d3e91d040f	2	94682300	97118402	820	0.0217
85ca025c-dd6b-413d-8994-e2d3e91d040f	2	97124542	97587406	75	0.3283
85ca025c-dd6b-413d-8994-e2d3e91d040f	2	97592964	111562204	8213	-0.0005
85ca025c-dd6b-413d-8994-e2d3e91d040f	2	111565774	111600472	7	-0.8177
85ca025c-dd6b-413d-8994-e2d3e91d040f	2	111610248	116593791	2948	-0.0118
85ca025c-dd6b-413d-8994-e2d3e91d040f	2	116595141	116595253	2	-1.8979
85ca025c-dd6b-413d-8994-e2d3e91d040f	2	116595656	129437919	8264	0.0006
85ca025c-dd6b-413d-8994-e2d3e91d040f	2	129438526	129441961	11	-0.9225
85ca025c-dd6b-413d-8994-e2d3e91d040f	2	129447971	129701576	188	-0.0085
85ca025c-dd6b-413d-8994-e2d3e91d040f	2	129702523	132725644	1234	0.0598
85ca025c-dd6b-413d-8994-e2d3e91d040f	2	132728921	146106861	8521	-0.0215
85ca025c-dd6b-413d-8994-e2d3e91d040f	2	146106875	146120238	23	-1.7565
85ca025c-dd6b-413d-8994-e2d3e91d040f	2	146120827	185932330	24451	-0.0188
85ca025c-dd6b-413d-8994-e2d3e91d040f	2	185942541	185942666	2	-1.3201
85ca025c-dd6b-413d-8994-e2d3e91d040f	2	185943131	207490614	12500	-0.023
85ca025c-dd6b-413d-8994-e2d3e91d040f	2	207490972	207494612	14	-0.6741
85ca025c-dd6b-413d-8994-e2d3e91d040f	2	207494752	232399818	15897	-0.013
85ca025c-dd6b-413d-8994-e2d3e91d040f	2	232400200	232423556	15	0.4319
85ca025c-dd6b-413d-8994-e2d3e91d040f	2	232424039	242147305	6164	0.01
85ca025c-dd6b-413d-8994-e2d3e91d040f	3	20930	2642673	2273	-0.0245
85ca025c-dd6b-413d-8994-e2d3e91d040f	3	2645843	10151198	6324	0.0106
85ca025c-dd6b-413d-8994-e2d3e91d040f	3	10151245	10240501	82	0.2067
85ca025c-dd6b-413d-8994-e2d3e91d040f	3	10245676	14884314	3381	0.0123
85ca025c-dd6b-413d-8994-e2d3e91d040f	3	14888299	37935926	15547	-0.0131
85ca025c-dd6b-413d-8994-e2d3e91d040f	3	37940617	37945437	18	-0.8828
85ca025c-dd6b-413d-8994-e2d3e91d040f	3	37945615	41873450	2602	-0.0023
85ca025c-dd6b-413d-8994-e2d3e91d040f	3	41873676	42094517	100	0.1562
85ca025c-dd6b-413d-8994-e2d3e91d040f	3	42096885	47437019	3148	-0.0027
85ca025c-dd6b-413d-8994-e2d3e91d040f	3	47450332	47451230	2	-2.0876
85ca025c-dd6b-413d-8994-e2d3e91d040f	3	47455724	59980827	7098	0.0044
85ca025c-dd6b-413d-8994-e2d3e91d040f	3	59980883	59981043	2	-1.2972
85ca025c-dd6b-413d-8994-e2d3e91d040f	3	59983940	60792199	943	-0.0165
85ca025c-dd6b-413d-8994-e2d3e91d040f	3	60794907	60795294	4	-1.004
85ca025c-dd6b-413d-8994-e2d3e91d040f	3	60798502	65214027	3799	0.0024
85ca025c-dd6b-413d-8994-e2d3e91d040f	3	65214192	65218037	10	0.5173
85ca025c-dd6b-413d-8994-e2d3e91d040f	3	65221229	68697013	2433	0.0038
85ca025c-dd6b-413d-8994-e2d3e91d040f	3	68697108	68698262	14	-1.474
85ca025c-dd6b-413d-8994-e2d3e91d040f	3	68699607	70500333	1423	0.0011
85ca025c-dd6b-413d-8994-e2d3e91d040f	3	70500365	70501049	2	-1.5823
85ca025c-dd6b-413d-8994-e2d3e91d040f	3	70501311	75434094	3468	0.0039
85ca025c-dd6b-413d-8994-e2d3e91d040f	3	75434122	75852300	104	0.368
85ca025c-dd6b-413d-8994-e2d3e91d040f	3	75853316	99225788	10906	-0.0178
85ca025c-dd6b-413d-8994-e2d3e91d040f	3	99225919	99230577	31	0.3378
85ca025c-dd6b-413d-8994-e2d3e91d040f	3	99232120	125364844	16064	-0.0179
85ca025c-dd6b-413d-8994-e2d3e91d040f	3	125366090	130067896	2641	0.1151
85ca025c-dd6b-413d-8994-e2d3e91d040f	3	130067910	130087393	28	-1.2685
85ca025c-dd6b-413d-8994-e2d3e91d040f	3	130088081	136300257	4024	0.1041
85ca025c-dd6b-413d-8994-e2d3e91d040f	3	136304109	136306584	2	-2.3862
85ca025c-dd6b-413d-8994-e2d3e91d040f	3	136319699	189642114	32966	0.0968
85ca025c-dd6b-413d-8994-e2d3e91d040f	3	189642489	189653225	15	-0.4331
85ca025c-dd6b-413d-8994-e2d3e91d040f	3	189654562	193160173	2491	0.0928
85ca025c-dd6b-413d-8994-e2d3e91d040f	3	193160256	193165114	18	-1.2512
85ca025c-dd6b-413d-8994-e2d3e91d040f	3	193168646	198169247	2692	0.1325
85ca025c-dd6b-413d-8994-e2d3e91d040f	4	68929	3899125	1570	0.014
85ca025c-dd6b-413d-8994-e2d3e91d040f	4	3901987	4174902	72	0.4139
85ca025c-dd6b-413d-8994-e2d3e91d040f	4	4175446	9455251	3511	0.0309
85ca025c-dd6b-413d-8994-e2d3e91d040f	4	9459504	9617513	44	0.4246
85ca025c-dd6b-413d-8994-e2d3e91d040f	4	9624789	10194015	465	0.043
85ca025c-dd6b-413d-8994-e2d3e91d040f	4	10194247	10239039	78	0.2224
85ca025c-dd6b-413d-8994-e2d3e91d040f	4	10239089	10350755	145	0.0342
85ca025c-dd6b-413d-8994-e2d3e91d040f	4	10352191	10389091	21	-0.0498
85ca025c-dd6b-413d-8994-e2d3e91d040f	4	10390730	10399044	16	-0.4022
85ca025c-dd6b-413d-8994-e2d3e91d040f	4	10401094	10934035	402	0.0077
85ca025c-dd6b-413d-8994-e2d3e91d040f	4	10934311	10937415	2	-1.2571
85ca025c-dd6b-413d-8994-e2d3e91d040f	4	10937505	34785333	16378	-0.0134
85ca025c-dd6b-413d-8994-e2d3e91d040f	4	34785368	34828382	41	-0.4163
85ca025c-dd6b-413d-8994-e2d3e91d040f	4	34830196	35066026	148	-0.0146
85ca025c-dd6b-413d-8994-e2d3e91d040f	4	35069024	35092141	17	-0.9872
85ca025c-dd6b-413d-8994-e2d3e91d040f	4	35092418	45003738	6468	-0.015
85ca025c-dd6b-413d-8994-e2d3e91d040f	4	45003835	45004318	4	-3.4332
85ca025c-dd6b-413d-8994-e2d3e91d040f	4	45008952	49159741	2325	-0.0089
85ca025c-dd6b-413d-8994-e2d3e91d040f	4	49203901	49656595	24	0.5661
85ca025c-dd6b-413d-8994-e2d3e91d040f	4	51819533	59756299	5248	-0.0089
85ca025c-dd6b-413d-8994-e2d3e91d040f	4	59757133	59764829	3	-1.2089
85ca025c-dd6b-413d-8994-e2d3e91d040f	4	59765012	63828222	2310	-0.0271
85ca025c-dd6b-413d-8994-e2d3e91d040f	4	63831751	63842540	28	0.2628
85ca025c-dd6b-413d-8994-e2d3e91d040f	4	63850713	65700083	1180	-0.0133
85ca025c-dd6b-413d-8994-e2d3e91d040f	4	65701338	65701480	3	-1.1983
85ca025c-dd6b-413d-8994-e2d3e91d040f	4	65703050	68361130	1666	-0.0255
85ca025c-dd6b-413d-8994-e2d3e91d040f	4	68378716	68422424	11	0.8261
85ca025c-dd6b-413d-8994-e2d3e91d040f	4	68429081	69265191	396	-0.0105
85ca025c-dd6b-413d-8994-e2d3e91d040f	4	69265628	69436657	90	0.1834
85ca025c-dd6b-413d-8994-e2d3e91d040f	4	69436722	72686146	1918	-0.0244
85ca025c-dd6b-413d-8994-e2d3e91d040f	4	72686527	72689721	2	-1.2584
85ca025c-dd6b-413d-8994-e2d3e91d040f	4	72693098	86054941	8478	-0.0165
85ca025c-dd6b-413d-8994-e2d3e91d040f	4	86055238	86058611	18	-0.8675
85ca025c-dd6b-413d-8994-e2d3e91d040f	4	86058791	87843850	1087	-0.0168
85ca025c-dd6b-413d-8994-e2d3e91d040f	4	87845856	87849956	18	0.3389
85ca025c-dd6b-413d-8994-e2d3e91d040f	4	87851943	90361995	1548	-0.0223
85ca025c-dd6b-413d-8994-e2d3e91d040f	4	90363792	90370365	10	-1.4877
85ca025c-dd6b-413d-8994-e2d3e91d040f	4	90373217	172068073	49258	-0.0185
85ca025c-dd6b-413d-8994-e2d3e91d040f	4	172068149	172068382	9	-1.4425
85ca025c-dd6b-413d-8994-e2d3e91d040f	4	172074828	181478812	6147	-0.0225
85ca025c-dd6b-413d-8994-e2d3e91d040f	4	181480108	186878332	3851	0.0193
85ca025c-dd6b-413d-8994-e2d3e91d040f	4	186881271	188300104	926	-0.0086
85ca025c-dd6b-413d-8994-e2d3e91d040f	4	188300206	188300285	4	-1.2078
85ca025c-dd6b-413d-8994-e2d3e91d040f	4	188301659	189870388	1083	0.0095
85ca025c-dd6b-413d-8994-e2d3e91d040f	4	189871792	190106768	58	0.3182
85ca025c-dd6b-413d-8994-e2d3e91d040f	5	15532	205901	107	0.1051
85ca025c-dd6b-413d-8994-e2d3e91d040f	5	217687	225833	3	-1.5942
85ca025c-dd6b-413d-8994-e2d3e91d040f	5	226228	685633	196	0.0713
85ca025c-dd6b-413d-8994-e2d3e91d040f	5	698256	822008	40	0.2997
85ca025c-dd6b-413d-8994-e2d3e91d040f	5	823484	17478263	13006	0.0247
85ca025c-dd6b-413d-8994-e2d3e91d040f	5	17478458	17629411	31	0.3148
85ca025c-dd6b-413d-8994-e2d3e91d040f	5	17630366	17791907	106	0.0497
85ca025c-dd6b-413d-8994-e2d3e91d040f	5	17793103	45146619	16790	0.0015
85ca025c-dd6b-413d-8994-e2d3e91d040f	5	45148164	46271828	383	0.0476
85ca025c-dd6b-413d-8994-e2d3e91d040f	5	46272419	46273400	5	-2.0569
85ca025c-dd6b-413d-8994-e2d3e91d040f	5	46278110	50684769	216	0.0996
85ca025c-dd6b-413d-8994-e2d3e91d040f	5	50684968	53399287	1731	-0.0041
85ca025c-dd6b-413d-8994-e2d3e91d040f	5	53399527	53400140	2	-1.6001
85ca025c-dd6b-413d-8994-e2d3e91d040f	5	53401297	61866272	5730	0.0059
85ca025c-dd6b-413d-8994-e2d3e91d040f	5	61866287	61866325	2	-1.3256
85ca025c-dd6b-413d-8994-e2d3e91d040f	5	61867992	66257182	2515	-0.0022
85ca025c-dd6b-413d-8994-e2d3e91d040f	5	66266140	66267063	2	-1.1716
85ca025c-dd6b-413d-8994-e2d3e91d040f	5	66273965	76530329	5677	0.0077
85ca025c-dd6b-413d-8994-e2d3e91d040f	5	76530564	76572493	42	0.2555
85ca025c-dd6b-413d-8994-e2d3e91d040f	5	76574891	104515520	16015	-0.0091
85ca025c-dd6b-413d-8994-e2d3e91d040f	5	104524672	104524903	4	-1.0434
85ca025c-dd6b-413d-8994-e2d3e91d040f	5	104525348	104612534	90	0.0041
85ca025c-dd6b-413d-8994-e2d3e91d040f	5	104616980	104619553	8	-0.5356
85ca025c-dd6b-413d-8994-e2d3e91d040f	5	104625595	104640774	28	-0.0285
85ca025c-dd6b-413d-8994-e2d3e91d040f	5	104642984	104643560	5	-0.9435
85ca025c-dd6b-413d-8994-e2d3e91d040f	5	104645292	170027395	43027	-0.0002
85ca025c-dd6b-413d-8994-e2d3e91d040f	5	170027782	177771448	5090	0.0323
85ca025c-dd6b-413d-8994-e2d3e91d040f	5	177800550	177832414	5	1.9802
85ca025c-dd6b-413d-8994-e2d3e91d040f	5	177833329	177963074	20	0.3345
85ca025c-dd6b-413d-8994-e2d3e91d040f	5	177963270	177973247	6	-0.9346
85ca025c-dd6b-413d-8994-e2d3e91d040f	5	177973282	180748501	1653	0.0285
85ca025c-dd6b-413d-8994-e2d3e91d040f	5	180750342	180766199	8	0.7525
85ca025c-dd6b-413d-8994-e2d3e91d040f	5	180766779	181363319	293	0.0035
85ca025c-dd6b-413d-8994-e2d3e91d040f	6	149661	378703	199	0.1642
85ca025c-dd6b-413d-8994-e2d3e91d040f	6	379015	8925113	6993	0.007
85ca025c-dd6b-413d-8994-e2d3e91d040f	6	8927278	8927279	2	-3.6675
85ca025c-dd6b-413d-8994-e2d3e91d040f	6	8928735	19041950	7574	0.0004
85ca025c-dd6b-413d-8994-e2d3e91d040f	6	19042125	19042587	2	-4.092
85ca025c-dd6b-413d-8994-e2d3e91d040f	6	19044471	29869295	6876	-0.0092
85ca025c-dd6b-413d-8994-e2d3e91d040f	6	29869410	29881490	16	1.0422
85ca025c-dd6b-413d-8994-e2d3e91d040f	6	29882419	29931900	16	-0.2037
85ca025c-dd6b-413d-8994-e2d3e91d040f	6	29933787	29933799	4	0.7963
85ca025c-dd6b-413d-8994-e2d3e91d040f	6	29940692	31318528	646	0.0147
85ca025c-dd6b-413d-8994-e2d3e91d040f	6	31318754	31342147	10	0.6672
85ca025c-dd6b-413d-8994-e2d3e91d040f	6	31349570	32486746	502	0.0452
85ca025c-dd6b-413d-8994-e2d3e91d040f	6	32488906	32641650	53	-0.456
85ca025c-dd6b-413d-8994-e2d3e91d040f	6	32656527	33970029	805	0.0048
85ca025c-dd6b-413d-8994-e2d3e91d040f	6	33970222	33974834	7	0.6217
85ca025c-dd6b-413d-8994-e2d3e91d040f	6	33974928	48963228	9583	0.0034
85ca025c-dd6b-413d-8994-e2d3e91d040f	6	48964092	48967563	5	-0.9539
85ca025c-dd6b-413d-8994-e2d3e91d040f	6	48978926	52746586	2313	-0.0014
85ca025c-dd6b-413d-8994-e2d3e91d040f	6	52749018	52799684	47	0.3058
85ca025c-dd6b-413d-8994-e2d3e91d040f	6	52800741	54066477	946	-0.001
85ca025c-dd6b-413d-8994-e2d3e91d040f	6	54066582	54067057	4	0.8075
85ca025c-dd6b-413d-8994-e2d3e91d040f	6	54070550	57385590	1985	-0.0211
85ca025c-dd6b-413d-8994-e2d3e91d040f	6	57387090	61532234	577	0.1042
85ca025c-dd6b-413d-8994-e2d3e91d040f	6	61537573	63092504	865	-0.0245
85ca025c-dd6b-413d-8994-e2d3e91d040f	6	63093727	63341610	134	-0.6549
85ca025c-dd6b-413d-8994-e2d3e91d040f	6	63348135	66331020	1807	-0.0214
85ca025c-dd6b-413d-8994-e2d3e91d040f	6	66331558	66333004	5	-2.37
85ca025c-dd6b-413d-8994-e2d3e91d040f	6	66333299	73882142	5015	-0.0167
85ca025c-dd6b-413d-8994-e2d3e91d040f	6	73882509	73891694	10	0.9044
85ca025c-dd6b-413d-8994-e2d3e91d040f	6	73893839	76726815	1770	-0.0111
85ca025c-dd6b-413d-8994-e2d3e91d040f	6	76730151	76742665	15	-0.5203
85ca025c-dd6b-413d-8994-e2d3e91d040f	6	76742675	78225040	957	-0.0103
85ca025c-dd6b-413d-8994-e2d3e91d040f	6	78225092	78232201	2	1.0627
85ca025c-dd6b-413d-8994-e2d3e91d040f	6	78232849	78253157	21	-0.0883
85ca025c-dd6b-413d-8994-e2d3e91d040f	6	78253172	78325223	111	0.1758
85ca025c-dd6b-413d-8994-e2d3e91d040f	6	78325310	104449598	16250	-0.0145
85ca025c-dd6b-413d-8994-e2d3e91d040f	6	104461140	104481736	21	-1.0741
85ca025c-dd6b-413d-8994-e2d3e91d040f	6	104495548	106369462	1187	-0.0155
85ca025c-dd6b-413d-8994-e2d3e91d040f	6	106371490	122483049	9665	-0.6231
85ca025c-dd6b-413d-8994-e2d3e91d040f	6	122490902	132385122	6312	-0.0216
85ca025c-dd6b-413d-8994-e2d3e91d040f	6	132388218	132391287	3	-1.0955
85ca025c-dd6b-413d-8994-e2d3e91d040f	6	132391786	133668231	960	-0.0225
85ca025c-dd6b-413d-8994-e2d3e91d040f	6	133668648	135180217	1002	-0.6248
85ca025c-dd6b-413d-8994-e2d3e91d040f	6	135185706	157366396	14865	-0.0158
85ca025c-dd6b-413d-8994-e2d3e91d040f	6	157375044	157408585	6	0.945
85ca025c-dd6b-413d-8994-e2d3e91d040f	6	157414539	170741917	9386	-0.0049
85ca025c-dd6b-413d-8994-e2d3e91d040f	7	43355	4190039	2144	0.4702
85ca025c-dd6b-413d-8994-e2d3e91d040f	7	4193590	5895161	914	0.7046
85ca025c-dd6b-413d-8994-e2d3e91d040f	7	5897269	6836554	371	0.4413
85ca025c-dd6b-413d-8994-e2d3e91d040f	7	6842621	6890031	15	0.9187
85ca025c-dd6b-413d-8994-e2d3e91d040f	7	6893145	8326156	1225	0.4537
85ca025c-dd6b-413d-8994-e2d3e91d040f	7	8326882	8336318	8	-0.429
85ca025c-dd6b-413d-8994-e2d3e91d040f	7	8337077	38271122	22691	0.4392
85ca025c-dd6b-413d-8994-e2d3e91d040f	7	38271497	38365370	121	0.722
85ca025c-dd6b-413d-8994-e2d3e91d040f	7	38365496	46583556	5268	0.4471
85ca025c-dd6b-413d-8994-e2d3e91d040f	7	46584245	46584278	2	-1.1938
85ca025c-dd6b-413d-8994-e2d3e91d040f	7	46586471	57420614	7533	0.4487
85ca025c-dd6b-413d-8994-e2d3e91d040f	7	57420713	63232865	501	0.5263
85ca025c-dd6b-413d-8994-e2d3e91d040f	7	63234745	97766150	19502	0.428
85ca025c-dd6b-413d-8994-e2d3e91d040f	7	97766153	97773163	14	-0.5036
85ca025c-dd6b-413d-8994-e2d3e91d040f	7	97774928	105509808	3774	0.4274
85ca025c-dd6b-413d-8994-e2d3e91d040f	7	105510116	105526073	9	-0.1969
85ca025c-dd6b-413d-8994-e2d3e91d040f	7	105526329	134072144	17567	0.4254
85ca025c-dd6b-413d-8994-e2d3e91d040f	7	134072507	134114444	60	0.7174
85ca025c-dd6b-413d-8994-e2d3e91d040f	7	134121491	138131628	2781	0.4379
85ca025c-dd6b-413d-8994-e2d3e91d040f	7	138131986	138132879	3	-0.6245
85ca025c-dd6b-413d-8994-e2d3e91d040f	7	138138924	142029828	2378	0.4341
85ca025c-dd6b-413d-8994-e2d3e91d040f	7	142030238	142092108	58	0.6731
85ca025c-dd6b-413d-8994-e2d3e91d040f	7	142092307	142452567	288	0.4833
85ca025c-dd6b-413d-8994-e2d3e91d040f	7	142455891	142804120	162	0.644
85ca025c-dd6b-413d-8994-e2d3e91d040f	7	142804157	144176859	752	0.4215
85ca025c-dd6b-413d-8994-e2d3e91d040f	7	144199159	144306653	11	1.3264
85ca025c-dd6b-413d-8994-e2d3e91d040f	7	144312471	154598185	6412	0.4472
85ca025c-dd6b-413d-8994-e2d3e91d040f	7	154601461	154604397	2	2.0648
85ca025c-dd6b-413d-8994-e2d3e91d040f	7	154605369	159334314	3235	0.4672
85ca025c-dd6b-413d-8994-e2d3e91d040f	8	81254	162796	2	0.8976
85ca025c-dd6b-413d-8994-e2d3e91d040f	8	163380	2844412	2035	-0.0638
85ca025c-dd6b-413d-8994-e2d3e91d040f	8	2846011	2846377	7	-1.7589
85ca025c-dd6b-413d-8994-e2d3e91d040f	8	2849649	3093011	233	-0.1021
85ca025c-dd6b-413d-8994-e2d3e91d040f	8	3094593	3094638	2	1.0419
85ca025c-dd6b-413d-8994-e2d3e91d040f	8	3095110	3303514	230	-0.0899
85ca025c-dd6b-413d-8994-e2d3e91d040f	8	3303686	3313072	10	-0.779
85ca025c-dd6b-413d-8994-e2d3e91d040f	8	3313290	7118672	5183	-0.0976
85ca025c-dd6b-413d-8994-e2d3e91d040f	8	7120877	7414835	46	0.6085
85ca025c-dd6b-413d-8994-e2d3e91d040f	8	7422376	8234503	46	0.1509
85ca025c-dd6b-413d-8994-e2d3e91d040f	8	8235660	12176798	3224	-0.0684
85ca025c-dd6b-413d-8994-e2d3e91d040f	8	12177488	12697234	74	0.4341
85ca025c-dd6b-413d-8994-e2d3e91d040f	8	12698533	16402103	3490	-0.1084
85ca025c-dd6b-413d-8994-e2d3e91d040f	8	16404726	16421186	29	-0.8345
85ca025c-dd6b-413d-8994-e2d3e91d040f	8	16425078	25116961	6849	-0.0806
85ca025c-dd6b-413d-8994-e2d3e91d040f	8	25117007	25126818	25	-0.7209
85ca025c-dd6b-413d-8994-e2d3e91d040f	8	25133589	39373140	9009	-0.0889
85ca025c-dd6b-413d-8994-e2d3e91d040f	8	39378084	39504170	47	0.6698
85ca025c-dd6b-413d-8994-e2d3e91d040f	8	39505410	39517213	5	-0.2444
85ca025c-dd6b-413d-8994-e2d3e91d040f	8	39517639	39537590	13	0.4469
85ca025c-dd6b-413d-8994-e2d3e91d040f	8	39538338	40978857	1109	-0.0692
85ca025c-dd6b-413d-8994-e2d3e91d040f	8	40979074	40979479	2	-1.3392
85ca025c-dd6b-413d-8994-e2d3e91d040f	8	40983503	43802560	1447	-0.0786
85ca025c-dd6b-413d-8994-e2d3e91d040f	8	43807613	46821242	306	0.1708
85ca025c-dd6b-413d-8994-e2d3e91d040f	8	46822506	53067761	3631	0.0747
85ca025c-dd6b-413d-8994-e2d3e91d040f	8	53068090	53076093	10	0.5615
85ca025c-dd6b-413d-8994-e2d3e91d040f	8	53078258	57462261	2880	0.0832
85ca025c-dd6b-413d-8994-e2d3e91d040f	8	57462736	57465687	6	0.6833
85ca025c-dd6b-413d-8994-e2d3e91d040f	8	57468448	61925502	3015	0.068
85ca025c-dd6b-413d-8994-e2d3e91d040f	8	61925593	61927357	3	-0.9531
85ca025c-dd6b-413d-8994-e2d3e91d040f	8	61927924	71300130	5481	0.0746
85ca025c-dd6b-413d-8994-e2d3e91d040f	8	71303076	71304364	8	-0.7146
85ca025c-dd6b-413d-8994-e2d3e91d040f	8	71307628	82848034	7121	0.0919
85ca025c-dd6b-413d-8994-e2d3e91d040f	8	82848715	82897240	28	0.2456
85ca025c-dd6b-413d-8994-e2d3e91d040f	8	82900954	106847912	14301	0.1033
85ca025c-dd6b-413d-8994-e2d3e91d040f	8	106847945	106847952	2	-1.1614
85ca025c-dd6b-413d-8994-e2d3e91d040f	8	106847973	135930145	19810	0.1074
85ca025c-dd6b-413d-8994-e2d3e91d040f	8	135930930	137810080	1506	0.1304
85ca025c-dd6b-413d-8994-e2d3e91d040f	8	137811491	137812412	3	-1.2606
85ca025c-dd6b-413d-8994-e2d3e91d040f	8	137812781	145072769	4235	0.1494
85ca025c-dd6b-413d-8994-e2d3e91d040f	9	46587	186364	16	0.1374
85ca025c-dd6b-413d-8994-e2d3e91d040f	9	186580	5106023	5253	-0.4654
85ca025c-dd6b-413d-8994-e2d3e91d040f	9	5106680	5180548	63	-0.1655
85ca025c-dd6b-413d-8994-e2d3e91d040f	9	5181641	10225818	4482	-0.4791
85ca025c-dd6b-413d-8994-e2d3e91d040f	9	10226620	10227095	2	-2.6979
85ca025c-dd6b-413d-8994-e2d3e91d040f	9	10227202	23361807	10587	-0.4768
85ca025c-dd6b-413d-8994-e2d3e91d040f	9	23363117	23373486	8	-2.8333
85ca025c-dd6b-413d-8994-e2d3e91d040f	9	23378490	38796110	10665	-0.4664
85ca025c-dd6b-413d-8994-e2d3e91d040f	9	38805383	38989381	7	0.3292
85ca025c-dd6b-413d-8994-e2d3e91d040f	9	38996106	39140350	24	-0.3921
85ca025c-dd6b-413d-8994-e2d3e91d040f	9	39146302	39456495	15	0.125
85ca025c-dd6b-413d-8994-e2d3e91d040f	9	39459156	39547492	21	-0.4221
85ca025c-dd6b-413d-8994-e2d3e91d040f	9	39588611	61405110	199	0.0445
85ca025c-dd6b-413d-8994-e2d3e91d040f	9	61520021	61633080	29	0.5233
85ca025c-dd6b-413d-8994-e2d3e91d040f	9	61647899	68375055	177	0.0201
85ca025c-dd6b-413d-8994-e2d3e91d040f	9	68381085	108091033	27992	-0.4561
85ca025c-dd6b-413d-8994-e2d3e91d040f	9	108091224	108091622	2	-2.3147
85ca025c-dd6b-413d-8994-e2d3e91d040f	9	108091626	108222660	136	-0.5231
85ca025c-dd6b-413d-8994-e2d3e91d040f	9	108223521	108227600	7	-1.3824
85ca025c-dd6b-413d-8994-e2d3e91d040f	9	108228043	116045121	5962	-0.4624
85ca025c-dd6b-413d-8994-e2d3e91d040f	9	116047668	116052157	2	-2.46
85ca025c-dd6b-413d-8994-e2d3e91d040f	9	116053979	138080889	13659	-0.4405
85ca025c-dd6b-413d-8994-e2d3e91d040f	9	138081065	138200944	79	-0.2127
85ca025c-dd6b-413d-8994-e2d3e91d040f	10	45792	14997783	12711	0.006
85ca025c-dd6b-413d-8994-e2d3e91d040f	10	14998208	15024489	10	0.5743
85ca025c-dd6b-413d-8994-e2d3e91d040f	10	15028146	20844253	4533	0.0006
85ca025c-dd6b-413d-8994-e2d3e91d040f	10	20846719	20847931	3	-1.6765
85ca025c-dd6b-413d-8994-e2d3e91d040f	10	20848817	30957581	6956	0.0069
85ca025c-dd6b-413d-8994-e2d3e91d040f	10	30962405	30962809	10	-0.856
85ca025c-dd6b-413d-8994-e2d3e91d040f	10	30962850	38783075	4828	0.0092
85ca025c-dd6b-413d-8994-e2d3e91d040f	10	38783090	42264605	48	0.4346
85ca025c-dd6b-413d-8994-e2d3e91d040f	10	42267782	46560494	2599	0.0179
85ca025c-dd6b-413d-8994-e2d3e91d040f	10	46560525	46657149	7	0.7351
85ca025c-dd6b-413d-8994-e2d3e91d040f	10	46693480	49863777	1641	0.0046
85ca025c-dd6b-413d-8994-e2d3e91d040f	10	49868126	50020849	29	0.3242
85ca025c-dd6b-413d-8994-e2d3e91d040f	10	50024831	50650568	374	-0.0211
85ca025c-dd6b-413d-8994-e2d3e91d040f	10	50651430	50705734	27	0.3204
85ca025c-dd6b-413d-8994-e2d3e91d040f	10	50716389	54695009	3099	-0.0077
85ca025c-dd6b-413d-8994-e2d3e91d040f	10	54697027	54708677	11	0.8989
85ca025c-dd6b-413d-8994-e2d3e91d040f	10	54712504	65546518	7514	-0.0125
85ca025c-dd6b-413d-8994-e2d3e91d040f	10	65548165	65554688	28	-0.3813
85ca025c-dd6b-413d-8994-e2d3e91d040f	10	65563037	79624118	9226	0.0097
85ca025c-dd6b-413d-8994-e2d3e91d040f	10	79624128	79737848	13	-0.5479
85ca025c-dd6b-413d-8994-e2d3e91d040f	10	79747269	108447525	18847	0.0059
85ca025c-dd6b-413d-8994-e2d3e91d040f	10	108448447	108449009	3	-0.9664
85ca025c-dd6b-413d-8994-e2d3e91d040f	10	108449463	118211184	6744	0.0042
85ca025c-dd6b-413d-8994-e2d3e91d040f	10	118214462	118214730	2	-1.1138
85ca025c-dd6b-413d-8994-e2d3e91d040f	10	118215315	119622452	945	0.0109
85ca025c-dd6b-413d-8994-e2d3e91d040f	10	119622943	120829978	960	0.1071
85ca025c-dd6b-413d-8994-e2d3e91d040f	10	120831038	124795551	3088	0.023
85ca025c-dd6b-413d-8994-e2d3e91d040f	10	124798490	124809643	6	-0.8157
85ca025c-dd6b-413d-8994-e2d3e91d040f	10	124819479	133654968	6371	0.0229
85ca025c-dd6b-413d-8994-e2d3e91d040f	11	198510	3428208	1289	0.0162
85ca025c-dd6b-413d-8994-e2d3e91d040f	11	3436337	3508708	17	0.4457
85ca025c-dd6b-413d-8994-e2d3e91d040f	11	3509441	4949100	1116	0.0139
85ca025c-dd6b-413d-8994-e2d3e91d040f	11	4949113	4955042	25	0.539
85ca025c-dd6b-413d-8994-e2d3e91d040f	11	4955781	18919323	10219	0.0093
85ca025c-dd6b-413d-8994-e2d3e91d040f	11	18927525	18939631	35	0.5182
85ca025c-dd6b-413d-8994-e2d3e91d040f	11	18939734	32622369	9989	0.0055
85ca025c-dd6b-413d-8994-e2d3e91d040f	11	32624007	32641519	7	-0.9979
85ca025c-dd6b-413d-8994-e2d3e91d040f	11	32641838	42791601	7182	-0.0016
85ca025c-dd6b-413d-8994-e2d3e91d040f	11	42794936	42796489	2	-2.7731
85ca025c-dd6b-413d-8994-e2d3e91d040f	11	42799053	48409947	3329	0.0024
85ca025c-dd6b-413d-8994-e2d3e91d040f	11	48411143	49007426	210	0.152
85ca025c-dd6b-413d-8994-e2d3e91d040f	11	49007960	49830473	378	-0.0034
85ca025c-dd6b-413d-8994-e2d3e91d040f	11	49830488	49831984	4	0.6526
85ca025c-dd6b-413d-8994-e2d3e91d040f	11	49838492	49992133	76	-0.0066
85ca025c-dd6b-413d-8994-e2d3e91d040f	11	49992218	55337817	427	0.1596
85ca025c-dd6b-413d-8994-e2d3e91d040f	11	55343590	55573164	140	-0.0069
85ca025c-dd6b-413d-8994-e2d3e91d040f	11	55573277	55693207	79	0.2913
85ca025c-dd6b-413d-8994-e2d3e91d040f	11	55693312	55864783	126	-0.0475
85ca025c-dd6b-413d-8994-e2d3e91d040f	11	55865309	55881226	8	0.6229
85ca025c-dd6b-413d-8994-e2d3e91d040f	11	55882712	64761278	4962	-0.0008
85ca025c-dd6b-413d-8994-e2d3e91d040f	11	64762333	65877769	419	0.0972
85ca025c-dd6b-413d-8994-e2d3e91d040f	11	65877796	67762740	720	0.0077
85ca025c-dd6b-413d-8994-e2d3e91d040f	11	67763627	67981851	56	0.4059
85ca025c-dd6b-413d-8994-e2d3e91d040f	11	67996609	81792426	8268	0.0146
85ca025c-dd6b-413d-8994-e2d3e91d040f	11	81792950	81806116	10	-0.7316
85ca025c-dd6b-413d-8994-e2d3e91d040f	11	81811590	81951161	116	-0.0052
85ca025c-dd6b-413d-8994-e2d3e91d040f	11	81951604	81951617	2	1.208
85ca025c-dd6b-413d-8994-e2d3e91d040f	11	81951982	86594619	3056	-0.0076
85ca025c-dd6b-413d-8994-e2d3e91d040f	11	86594771	86595012	5	-0.8935
85ca025c-dd6b-413d-8994-e2d3e91d040f	11	86604132	89754781	2090	-0.0021
85ca025c-dd6b-413d-8994-e2d3e91d040f	11	89759710	89768798	3	-1.4664
85ca025c-dd6b-413d-8994-e2d3e91d040f	11	89796439	92087684	1420	-0.0128
85ca025c-dd6b-413d-8994-e2d3e91d040f	11	92089777	92090489	7	-0.6814
85ca025c-dd6b-413d-8994-e2d3e91d040f	11	92090831	93285549	917	-0.0023
85ca025c-dd6b-413d-8994-e2d3e91d040f	11	93287317	93288077	2	-1.6136
85ca025c-dd6b-413d-8994-e2d3e91d040f	11	93292250	111774001	12993	-0.0122
85ca025c-dd6b-413d-8994-e2d3e91d040f	11	111774469	134607697	16689	0.0086
85ca025c-dd6b-413d-8994-e2d3e91d040f	11	134607795	134771280	164	0.1267
85ca025c-dd6b-413d-8994-e2d3e91d040f	11	134771579	134970692	154	-0.0432
85ca025c-dd6b-413d-8994-e2d3e91d040f	11	134970729	135074876	73	0.1776
85ca025c-dd6b-413d-8994-e2d3e91d040f	12	51460	756804	417	0.0498
85ca025c-dd6b-413d-8994-e2d3e91d040f	12	759943	764863	18	-0.7835
85ca025c-dd6b-413d-8994-e2d3e91d040f	12	766188	8157111	5090	0.021
85ca025c-dd6b-413d-8994-e2d3e91d040f	12	8157472	8432076	91	0.4531
85ca025c-dd6b-413d-8994-e2d3e91d040f	12	8442298	9481274	557	0.0041
85ca025c-dd6b-413d-8994-e2d3e91d040f	12	9485313	9575696	23	-1.4707
85ca025c-dd6b-413d-8994-e2d3e91d040f	12	9582373	11062773	1033	-0.0047
85ca025c-dd6b-413d-8994-e2d3e91d040f	12	11064250	11099275	13	0.8249
85ca025c-dd6b-413d-8994-e2d3e91d040f	12	11104230	22095754	7437	-0.0042
85ca025c-dd6b-413d-8994-e2d3e91d040f	12	22095868	22096280	9	0.6531
85ca025c-dd6b-413d-8994-e2d3e91d040f	12	22099998	27493059	3905	-0.0079
85ca025c-dd6b-413d-8994-e2d3e91d040f	12	27494808	27498429	28	-0.7925
85ca025c-dd6b-413d-8994-e2d3e91d040f	12	27504228	33141726	4152	0.0027
85ca025c-dd6b-413d-8994-e2d3e91d040f	12	33148472	33150720	19	0.3907
85ca025c-dd6b-413d-8994-e2d3e91d040f	12	33150932	33233822	53	-0.0895
85ca025c-dd6b-413d-8994-e2d3e91d040f	12	33235894	33242483	5	-0.7881
85ca025c-dd6b-413d-8994-e2d3e91d040f	12	33246118	34077549	520	-0.0035
85ca025c-dd6b-413d-8994-e2d3e91d040f	12	34078005	34087056	5	-0.7079
85ca025c-dd6b-413d-8994-e2d3e91d040f	12	34089073	34103774	8	0.2704
85ca025c-dd6b-413d-8994-e2d3e91d040f	12	34104037	34111154	8	-1.0729
85ca025c-dd6b-413d-8994-e2d3e91d040f	12	34122447	38650837	633	0.0837
85ca025c-dd6b-413d-8994-e2d3e91d040f	12	38650852	80446147	25891	-0.0114
85ca025c-dd6b-413d-8994-e2d3e91d040f	12	80446276	80456533	2	-1.5061
85ca025c-dd6b-413d-8994-e2d3e91d040f	12	80458189	90089573	5709	-0.0145
85ca025c-dd6b-413d-8994-e2d3e91d040f	12	90097892	90098297	7	-1.0612
85ca025c-dd6b-413d-8994-e2d3e91d040f	12	90099780	99401995	6453	-0.0172
85ca025c-dd6b-413d-8994-e2d3e91d040f	12	99402073	99403124	14	0.7816
85ca025c-dd6b-413d-8994-e2d3e91d040f	12	99403311	105574550	4063	-0.0061
85ca025c-dd6b-413d-8994-e2d3e91d040f	12	105578477	119546020	9594	0.022
85ca025c-dd6b-413d-8994-e2d3e91d040f	12	119551082	119552240	8	-1.1078
85ca025c-dd6b-413d-8994-e2d3e91d040f	12	119552815	121873025	1171	0.0101
85ca025c-dd6b-413d-8994-e2d3e91d040f	12	121877421	122063550	102	-0.4469
85ca025c-dd6b-413d-8994-e2d3e91d040f	12	122113467	131636170	7201	0.0134
85ca025c-dd6b-413d-8994-e2d3e91d040f	12	131648039	131648681	8	-2.5227
85ca025c-dd6b-413d-8994-e2d3e91d040f	12	131648724	133201603	564	0.0435
85ca025c-dd6b-413d-8994-e2d3e91d040f	13	18452809	18835078	91	0.0941
85ca025c-dd6b-413d-8994-e2d3e91d040f	13	18835707	23298842	2984	-0.1079
85ca025c-dd6b-413d-8994-e2d3e91d040f	13	23303348	23304466	7	-0.982
85ca025c-dd6b-413d-8994-e2d3e91d040f	13	23311935	71902850	31954	-0.1316
85ca025c-dd6b-413d-8994-e2d3e91d040f	13	71903417	71906418	4	-1.9286
85ca025c-dd6b-413d-8994-e2d3e91d040f	13	71906467	114342922	29078	-0.1355
85ca025c-dd6b-413d-8994-e2d3e91d040f	14	18239283	18693043	25	0.3935
85ca025c-dd6b-413d-8994-e2d3e91d040f	14	18950560	19945699	134	0.0061
85ca025c-dd6b-413d-8994-e2d3e91d040f	14	19949382	21911829	1328	0.3363
85ca025c-dd6b-413d-8994-e2d3e91d040f	14	21912366	22509405	547	0.5199
85ca025c-dd6b-413d-8994-e2d3e91d040f	14	22509533	85985567	40468	0.3295
85ca025c-dd6b-413d-8994-e2d3e91d040f	14	85994282	86023867	38	-1.0378
85ca025c-dd6b-413d-8994-e2d3e91d040f	14	86023990	105650524	12355	0.3395
85ca025c-dd6b-413d-8994-e2d3e91d040f	14	105653302	105701150	7	1.1677
85ca025c-dd6b-413d-8994-e2d3e91d040f	14	105728140	106416146	247	0.4036
85ca025c-dd6b-413d-8994-e2d3e91d040f	14	106418444	106487827	53	-0.1087
85ca025c-dd6b-413d-8994-e2d3e91d040f	14	106492557	106877229	191	0.367
85ca025c-dd6b-413d-8994-e2d3e91d040f	15	19811075	19981398	38	0.3776
85ca025c-dd6b-413d-8994-e2d3e91d040f	15	19985588	20373168	50	-0.2318
85ca025c-dd6b-413d-8994-e2d3e91d040f	15	20376198	20376311	7	0.6192
85ca025c-dd6b-413d-8994-e2d3e91d040f	15	20380735	20384789	12	-1.2577
85ca025c-dd6b-413d-8994-e2d3e91d040f	15	20384907	22294951	96	-0.4101
85ca025c-dd6b-413d-8994-e2d3e91d040f	15	22296480	24237898	922	0.0565
85ca025c-dd6b-413d-8994-e2d3e91d040f	15	24240681	24468278	98	0.5497
85ca025c-dd6b-413d-8994-e2d3e91d040f	15	24468475	32151854	4684	0.0286
85ca025c-dd6b-413d-8994-e2d3e91d040f	15	32179735	32584783	34	0.5057
85ca025c-dd6b-413d-8994-e2d3e91d040f	15	32610782	43646608	7245	0.0108
85ca025c-dd6b-413d-8994-e2d3e91d040f	15	43692744	43703690	6	0.7322
85ca025c-dd6b-413d-8994-e2d3e91d040f	15	43721953	70169671	17244	0.0125
85ca025c-dd6b-413d-8994-e2d3e91d040f	15	70170326	70170613	2	-1.3264
85ca025c-dd6b-413d-8994-e2d3e91d040f	15	70178924	82289098	7130	0.0182
85ca025c-dd6b-413d-8994-e2d3e91d040f	15	82305363	82529564	15	0.4679
85ca025c-dd6b-413d-8994-e2d3e91d040f	15	82529580	83874133	760	0.0196
85ca025c-dd6b-413d-8994-e2d3e91d040f	15	83874498	83874798	4	-0.9926
85ca025c-dd6b-413d-8994-e2d3e91d040f	15	83878525	84159599	177	-0.0062
85ca025c-dd6b-413d-8994-e2d3e91d040f	15	84192594	84390750	6	0.8301
85ca025c-dd6b-413d-8994-e2d3e91d040f	15	84390833	101880399	12988	0.0157
85ca025c-dd6b-413d-8994-e2d3e91d040f	15	101880604	101928837	11	0.9442
85ca025c-dd6b-413d-8994-e2d3e91d040f	16	10777	14794738	11094	0.4351
85ca025c-dd6b-413d-8994-e2d3e91d040f	16	14802340	14983623	52	0.6998
85ca025c-dd6b-413d-8994-e2d3e91d040f	16	14986282	22420049	3620	0.4561
85ca025c-dd6b-413d-8994-e2d3e91d040f	16	22430653	22701658	76	0.0947
85ca025c-dd6b-413d-8994-e2d3e91d040f	16	22706267	31954295	5097	0.4231
85ca025c-dd6b-413d-8994-e2d3e91d040f	16	31959228	34209701	120	0.5809
85ca025c-dd6b-413d-8994-e2d3e91d040f	16	35080991	46463450	405	0.1609
85ca025c-dd6b-413d-8994-e2d3e91d040f	16	46469294	54373892	5233	-0.5557
85ca025c-dd6b-413d-8994-e2d3e91d040f	16	54375931	54382015	13	0.0142
85ca025c-dd6b-413d-8994-e2d3e91d040f	16	54382152	55762682	1211	-0.557
85ca025c-dd6b-413d-8994-e2d3e91d040f	16	55764310	55764867	3	1.3155
85ca025c-dd6b-413d-8994-e2d3e91d040f	16	55770436	63028804	4545	-0.5811
85ca025c-dd6b-413d-8994-e2d3e91d040f	16	63029632	63030492	2	-2.0971
85ca025c-dd6b-413d-8994-e2d3e91d040f	16	63032203	69954483	4176	-0.5722
85ca025c-dd6b-413d-8994-e2d3e91d040f	16	69990686	70243729	67	-0.2254
85ca025c-dd6b-413d-8994-e2d3e91d040f	16	70247875	74902553	2581	-0.564
85ca025c-dd6b-413d-8994-e2d3e91d040f	16	74903825	74904185	3	-2.4417
85ca025c-dd6b-413d-8994-e2d3e91d040f	16	74904845	78337711	2900	-0.5788
85ca025c-dd6b-413d-8994-e2d3e91d040f	16	78338543	78350841	16	0.4486
85ca025c-dd6b-413d-8994-e2d3e91d040f	16	78350868	83162346	5309	-0.6018
85ca025c-dd6b-413d-8994-e2d3e91d040f	16	83162620	83175693	18	-4.3664
85ca025c-dd6b-413d-8994-e2d3e91d040f	16	83177351	90082041	5259	-0.5798
85ca025c-dd6b-413d-8994-e2d3e91d040f	16	90089117	90096867	6	-0.0274
85ca025c-dd6b-413d-8994-e2d3e91d040f	17	150733	18375453	11358	-0.5683
85ca025c-dd6b-413d-8994-e2d3e91d040f	17	18375514	18529764	40	-0.0353
85ca025c-dd6b-413d-8994-e2d3e91d040f	17	18537646	19560278	348	-0.5467
85ca025c-dd6b-413d-8994-e2d3e91d040f	17	19564586	28452035	1913	0.3384
85ca025c-dd6b-413d-8994-e2d3e91d040f	17	28454323	28455301	2	-0.8996
85ca025c-dd6b-413d-8994-e2d3e91d040f	17	28462253	36109735	4579	0.3405
85ca025c-dd6b-413d-8994-e2d3e91d040f	17	36112585	36157718	34	0.8477
85ca025c-dd6b-413d-8994-e2d3e91d040f	17	36200725	36500160	51	0.3742
85ca025c-dd6b-413d-8994-e2d3e91d040f	17	36501224	36528656	28	0.6794
85ca025c-dd6b-413d-8994-e2d3e91d040f	17	36530405	37829317	872	0.3354
85ca025c-dd6b-413d-8994-e2d3e91d040f	17	37829754	37884738	31	0.6267
85ca025c-dd6b-413d-8994-e2d3e91d040f	17	38254377	45497045	3717	0.3293
85ca025c-dd6b-413d-8994-e2d3e91d040f	17	45497555	45598106	16	0.9306
85ca025c-dd6b-413d-8994-e2d3e91d040f	17	45610956	46085732	333	0.3765
85ca025c-dd6b-413d-8994-e2d3e91d040f	17	46088437	46286804	124	1.1583
85ca025c-dd6b-413d-8994-e2d3e91d040f	17	46323701	46446360	4	-0.4397
85ca025c-dd6b-413d-8994-e2d3e91d040f	17	46569894	48320990	848	0.3371
85ca025c-dd6b-413d-8994-e2d3e91d040f	17	48323291	48324355	3	-0.7732
85ca025c-dd6b-413d-8994-e2d3e91d040f	17	48326525	57100840	5732	0.334
85ca025c-dd6b-413d-8994-e2d3e91d040f	17	57101967	57272776	152	0.6183
85ca025c-dd6b-413d-8994-e2d3e91d040f	17	57272806	63422395	3140	0.3257
85ca025c-dd6b-413d-8994-e2d3e91d040f	17	63427715	66051258	1383	0.2438
85ca025c-dd6b-413d-8994-e2d3e91d040f	17	66052432	66052669	4	-2.2689
85ca025c-dd6b-413d-8994-e2d3e91d040f	17	66057114	83091923	10302	0.2594
85ca025c-dd6b-413d-8994-e2d3e91d040f	18	48133	122470	13	-0.0584
85ca025c-dd6b-413d-8994-e2d3e91d040f	18	136240	6603955	4669	-0.0815
85ca025c-dd6b-413d-8994-e2d3e91d040f	18	6604606	6604732	2	-1.3688
85ca025c-dd6b-413d-8994-e2d3e91d040f	18	6610813	14091512	5350	-0.0706
85ca025c-dd6b-413d-8994-e2d3e91d040f	18	14093027	14351376	63	0.1765
85ca025c-dd6b-413d-8994-e2d3e91d040f	18	14351753	14970631	209	-0.0445
85ca025c-dd6b-413d-8994-e2d3e91d040f	18	14971179	20949392	97	0.1488
85ca025c-dd6b-413d-8994-e2d3e91d040f	18	20961698	60449209	25975	-0.0852
85ca025c-dd6b-413d-8994-e2d3e91d040f	18	60449889	60453998	15	-1.126
85ca025c-dd6b-413d-8994-e2d3e91d040f	18	60459078	66060256	3895	-0.0969
85ca025c-dd6b-413d-8994-e2d3e91d040f	18	66060309	66061104	11	0.4434
85ca025c-dd6b-413d-8994-e2d3e91d040f	18	66065502	66095064	47	-0.0905
85ca025c-dd6b-413d-8994-e2d3e91d040f	18	66099904	66100686	3	-1.9404
85ca025c-dd6b-413d-8994-e2d3e91d040f	18	66108359	80257174	10370	-0.0951
85ca025c-dd6b-413d-8994-e2d3e91d040f	19	90910	2409867	538	0.0127
85ca025c-dd6b-413d-8994-e2d3e91d040f	19	2410258	2412036	2	-1.3433
85ca025c-dd6b-413d-8994-e2d3e91d040f	19	2412093	20300191	8292	0.0167
85ca025c-dd6b-413d-8994-e2d3e91d040f	19	20305231	20751824	289	0.1262
85ca025c-dd6b-413d-8994-e2d3e91d040f	19	20756921	21632117	481	0.019
85ca025c-dd6b-413d-8994-e2d3e91d040f	19	21632838	21642962	7	0.8959
85ca025c-dd6b-413d-8994-e2d3e91d040f	19	21649919	24043597	1387	0.0262
85ca025c-dd6b-413d-8994-e2d3e91d040f	19	24047565	27707531	229	0.1697
85ca025c-dd6b-413d-8994-e2d3e91d040f	19	27718103	35358420	5473	0.0226
85ca025c-dd6b-413d-8994-e2d3e91d040f	19	35364451	35385420	30	0.4102
85ca025c-dd6b-413d-8994-e2d3e91d040f	19	35385973	36354973	432	0.0197
85ca025c-dd6b-413d-8994-e2d3e91d040f	19	36355248	36356542	9	0.4924
85ca025c-dd6b-413d-8994-e2d3e91d040f	19	36356596	38784512	1255	0.0065
85ca025c-dd6b-413d-8994-e2d3e91d040f	19	38786703	38786989	7	-0.6922
85ca025c-dd6b-413d-8994-e2d3e91d040f	19	38788882	42768594	1966	0.0105
85ca025c-dd6b-413d-8994-e2d3e91d040f	19	42776076	43037267	121	0.6989
85ca025c-dd6b-413d-8994-e2d3e91d040f	19	43038679	43313722	117	0.2523
85ca025c-dd6b-413d-8994-e2d3e91d040f	19	43313843	58586487	8462	0.0242
85ca025c-dd6b-413d-8994-e2d3e91d040f	20	80664	141335	46	0.0887
85ca025c-dd6b-413d-8994-e2d3e91d040f	20	142144	149223	2	-0.9748
85ca025c-dd6b-413d-8994-e2d3e91d040f	20	152536	1577717	1141	0.0444
85ca025c-dd6b-413d-8994-e2d3e91d040f	20	1578859	1579168	3	0.8221
85ca025c-dd6b-413d-8994-e2d3e91d040f	20	1579321	1580353	11	0.0447
85ca025c-dd6b-413d-8994-e2d3e91d040f	20	1580934	1617300	42	0.6714
85ca025c-dd6b-413d-8994-e2d3e91d040f	20	1617460	23368585	16937	0.0225
85ca025c-dd6b-413d-8994-e2d3e91d040f	20	23369112	23369128	2	-1.2416
85ca025c-dd6b-413d-8994-e2d3e91d040f	20	23371252	23423302	45	0.0334
85ca025c-dd6b-413d-8994-e2d3e91d040f	20	23432265	26113742	1689	0.0695
85ca025c-dd6b-413d-8994-e2d3e91d040f	20	26114952	26217295	54	-0.0285
85ca025c-dd6b-413d-8994-e2d3e91d040f	20	26229118	31247668	90	0.32
85ca025c-dd6b-413d-8994-e2d3e91d040f	20	31250815	61973114	21318	0.0294
85ca025c-dd6b-413d-8994-e2d3e91d040f	20	61983972	61984028	3	-1.0817
85ca025c-dd6b-413d-8994-e2d3e91d040f	20	61992694	64324800	976	0.0277
85ca025c-dd6b-413d-8994-e2d3e91d040f	21	10354168	10459828	18	0.3497
85ca025c-dd6b-413d-8994-e2d3e91d040f	21	10494350	10569525	37	-0.2121
85ca025c-dd6b-413d-8994-e2d3e91d040f	21	10571815	13955114	256	0.2117
85ca025c-dd6b-413d-8994-e2d3e91d040f	21	13956012	27072333	9703	0.044
85ca025c-dd6b-413d-8994-e2d3e91d040f	21	27079051	27085616	10	-0.9023
85ca025c-dd6b-413d-8994-e2d3e91d040f	21	27087592	46677045	13831	0.0667
85ca025c-dd6b-413d-8994-e2d3e91d040f	22	15294547	16545152	66	-0.081
85ca025c-dd6b-413d-8994-e2d3e91d040f	22	16549902	16754710	73	-0.3656
85ca025c-dd6b-413d-8994-e2d3e91d040f	22	16755142	16771730	8	-0.0096
85ca025c-dd6b-413d-8994-e2d3e91d040f	22	16777841	19295955	1225	-0.5748
85ca025c-dd6b-413d-8994-e2d3e91d040f	22	19296849	19996490	453	-0.5069
85ca025c-dd6b-413d-8994-e2d3e91d040f	22	19996677	19996688	2	-2.4528
85ca025c-dd6b-413d-8994-e2d3e91d040f	22	19996878	23981995	2559	-0.4794
85ca025c-dd6b-413d-8994-e2d3e91d040f	22	23987520	23989773	3	-2.0905
85ca025c-dd6b-413d-8994-e2d3e91d040f	22	23990431	25304934	834	-0.5344
85ca025c-dd6b-413d-8994-e2d3e91d040f	22	25305524	25349934	40	-0.1863
85ca025c-dd6b-413d-8994-e2d3e91d040f	22	25349949	25602486	290	-0.4882
85ca025c-dd6b-413d-8994-e2d3e91d040f	22	25608085	38950674	9660	-0.5601
85ca025c-dd6b-413d-8994-e2d3e91d040f	22	38952895	39053323	50	-0.1939
85ca025c-dd6b-413d-8994-e2d3e91d040f	22	39053498	44998263	3708	-0.5625
85ca025c-dd6b-413d-8994-e2d3e91d040f	22	44998859	45000704	5	-1.8996
85ca025c-dd6b-413d-8994-e2d3e91d040f	22	45001626	47969523	2166	-0.5927
85ca025c-dd6b-413d-8994-e2d3e91d040f	22	47970435	47971969	2	-3.9446
85ca025c-dd6b-413d-8994-e2d3e91d040f	22	47973278	50796027	2093	-0.5818
85ca025c-dd6b-413d-8994-e2d3e91d040f	X	251810	46295541	28046	-0.0023
85ca025c-dd6b-413d-8994-e2d3e91d040f	X	46296056	56410386	4360	0.0411
85ca025c-dd6b-413d-8994-e2d3e91d040f	X	56412134	56448822	20	-0.4705
85ca025c-dd6b-413d-8994-e2d3e91d040f	X	56449276	58299948	880	0.073
85ca025c-dd6b-413d-8994-e2d3e91d040f	X	58307685	62831804	75	0.3621
85ca025c-dd6b-413d-8994-e2d3e91d040f	X	62833584	75115580	5349	0.0339
85ca025c-dd6b-413d-8994-e2d3e91d040f	X	75116171	76165942	504	0.1376
85ca025c-dd6b-413d-8994-e2d3e91d040f	X	76166122	78116778	666	0.058
85ca025c-dd6b-413d-8994-e2d3e91d040f	X	78116903	93324140	7942	0.0077
85ca025c-dd6b-413d-8994-e2d3e91d040f	X	93326860	93348532	18	-0.5636
85ca025c-dd6b-413d-8994-e2d3e91d040f	X	93349396	139035094	25318	0.0132
85ca025c-dd6b-413d-8994-e2d3e91d040f	X	139037054	139038305	3	-2.0882
85ca025c-dd6b-413d-8994-e2d3e91d040f	X	139038540	147098591	5337	0.0005
85ca025c-dd6b-413d-8994-e2d3e91d040f	X	147100049	147102841	11	0.6739
85ca025c-dd6b-413d-8994-e2d3e91d040f	X	147103033	152728527	3620	0.0125
85ca025c-dd6b-413d-8994-e2d3e91d040f	X	152731111	155952689	1360	0.0703
85ca025c-dd6b-413d-8994-e2d3e91d040f	Y	2782397	6233384	783	-2.4704
85ca025c-dd6b-413d-8994-e2d3e91d040f	Y	6249869	9330531	1444	-2.924
85ca025c-dd6b-413d-8994-e2d3e91d040f	Y	9332936	9554275	25	-4.6093
85ca025c-dd6b-413d-8994-e2d3e91d040f	Y	9554586	12912709	761	-2.7122
85ca025c-dd6b-413d-8994-e2d3e91d040f	Y	12914512	12918905	5	-6.174
85ca025c-dd6b-413d-8994-e2d3e91d040f	Y	12920376	13478396	246	-2.7206
85ca025c-dd6b-413d-8994-e2d3e91d040f	Y	13478462	13482643	3	-7.8202
85ca025c-dd6b-413d-8994-e2d3e91d040f	Y	13483009	25971733	3198	-2.8633
85ca025c-dd6b-413d-8994-e2d3e91d040f	Y	26077669	56872112	172	-2.323
