GDC_Aliquot	Chromosome	Start	End	Num_Probes	Segment_Mean
85273b6d-d170-4fbc-84f8-3186153ea7b2	1	62920	259407	14	1.184
85273b6d-d170-4fbc-84f8-3186153ea7b2	1	259422	72297687	42731	0.0086
85273b6d-d170-4fbc-84f8-3186153ea7b2	1	72302735	72345465	48	-1.2738
85273b6d-d170-4fbc-84f8-3186153ea7b2	1	72346221	103557298	19988	0.0078
85273b6d-d170-4fbc-84f8-3186153ea7b2	1	103560166	103616762	30	0.4926
85273b6d-d170-4fbc-84f8-3186153ea7b2	1	103620877	105476583	923	0.013
85273b6d-d170-4fbc-84f8-3186153ea7b2	1	105476614	105479753	16	-2.1896
85273b6d-d170-4fbc-84f8-3186153ea7b2	1	105481433	152787202	12416	0.0138
85273b6d-d170-4fbc-84f8-3186153ea7b2	1	152789447	152796224	37	-1.347
85273b6d-d170-4fbc-84f8-3186153ea7b2	1	152801429	155691436	1553	0.0144
85273b6d-d170-4fbc-84f8-3186153ea7b2	1	155692180	155693566	2	-2.4314
85273b6d-d170-4fbc-84f8-3186153ea7b2	1	155697170	189447191	22993	0.0092
85273b6d-d170-4fbc-84f8-3186153ea7b2	1	189448449	189463694	11	-1.1126
85273b6d-d170-4fbc-84f8-3186153ea7b2	1	189468293	191856724	1604	-0.0039
85273b6d-d170-4fbc-84f8-3186153ea7b2	1	191859939	191898581	13	-0.6116
85273b6d-d170-4fbc-84f8-3186153ea7b2	1	191902086	196745743	3272	0.012
85273b6d-d170-4fbc-84f8-3186153ea7b2	1	196758720	196936029	124	-0.9871
85273b6d-d170-4fbc-84f8-3186153ea7b2	1	196940515	199138574	1311	0.0062
85273b6d-d170-4fbc-84f8-3186153ea7b2	1	199142235	199143883	8	-2.4261
85273b6d-d170-4fbc-84f8-3186153ea7b2	1	199144712	248590126	34227	0.0058
85273b6d-d170-4fbc-84f8-3186153ea7b2	1	248590293	248645808	28	-0.7301
85273b6d-d170-4fbc-84f8-3186153ea7b2	1	248646068	248930189	139	0.0107
85273b6d-d170-4fbc-84f8-3186153ea7b2	2	12784	9710616	7489	-0.0037
85273b6d-d170-4fbc-84f8-3186153ea7b2	2	9714810	9717363	7	-1.1664
85273b6d-d170-4fbc-84f8-3186153ea7b2	2	9719345	29418334	13134	0.0082
85273b6d-d170-4fbc-84f8-3186153ea7b2	2	29419008	29422071	11	-0.9271
85273b6d-d170-4fbc-84f8-3186153ea7b2	2	29423558	52527330	16463	0.01
85273b6d-d170-4fbc-84f8-3186153ea7b2	2	52527342	52554404	39	0.4003
85273b6d-d170-4fbc-84f8-3186153ea7b2	2	52560811	86709715	21900	0.004
85273b6d-d170-4fbc-84f8-3186153ea7b2	2	86710564	86726731	3	-1.758
85273b6d-d170-4fbc-84f8-3186153ea7b2	2	86743283	87203463	100	-0.0002
85273b6d-d170-4fbc-84f8-3186153ea7b2	2	87203730	87489521	65	-0.5939
85273b6d-d170-4fbc-84f8-3186153ea7b2	2	87500265	188703229	57061	0.0063
85273b6d-d170-4fbc-84f8-3186153ea7b2	2	188704778	188714602	24	-0.8353
85273b6d-d170-4fbc-84f8-3186153ea7b2	2	188715812	202428368	7852	0.0181
85273b6d-d170-4fbc-84f8-3186153ea7b2	2	202431052	202447478	41	-0.5634
85273b6d-d170-4fbc-84f8-3186153ea7b2	2	202448759	210534029	4942	0.004
85273b6d-d170-4fbc-84f8-3186153ea7b2	2	210534795	210557802	17	-0.9928
85273b6d-d170-4fbc-84f8-3186153ea7b2	2	210561350	226089640	10246	0.0097
85273b6d-d170-4fbc-84f8-3186153ea7b2	2	226089732	226096702	10	-1.1381
85273b6d-d170-4fbc-84f8-3186153ea7b2	2	226098982	242147305	9983	0.0065
85273b6d-d170-4fbc-84f8-3186153ea7b2	3	20930	46760515	33165	0.0083
85273b6d-d170-4fbc-84f8-3186153ea7b2	3	46760755	46808099	36	-0.88
85273b6d-d170-4fbc-84f8-3186153ea7b2	3	46817989	68697013	14542	0.012
85273b6d-d170-4fbc-84f8-3186153ea7b2	3	68697108	68698213	13	-1.057
85273b6d-d170-4fbc-84f8-3186153ea7b2	3	68698262	130067531	34644	0.009
85273b6d-d170-4fbc-84f8-3186153ea7b2	3	130067896	130092512	38	0.4168
85273b6d-d170-4fbc-84f8-3186153ea7b2	3	130100795	133301937	2077	0.0134
85273b6d-d170-4fbc-84f8-3186153ea7b2	3	133302106	133306330	38	-0.8744
85273b6d-d170-4fbc-84f8-3186153ea7b2	3	133313753	165539879	19671	0.0089
85273b6d-d170-4fbc-84f8-3186153ea7b2	3	165541222	165579327	41	-0.7783
85273b6d-d170-4fbc-84f8-3186153ea7b2	3	165579837	193161217	17646	0.0143
85273b6d-d170-4fbc-84f8-3186153ea7b2	3	193162684	193165114	13	1.0312
85273b6d-d170-4fbc-84f8-3186153ea7b2	3	193168646	198169247	2692	0.0044
85273b6d-d170-4fbc-84f8-3186153ea7b2	4	68929	3597665	1434	0.0272
85273b6d-d170-4fbc-84f8-3186153ea7b2	4	3597723	3600457	3	-2.0587
85273b6d-d170-4fbc-84f8-3186153ea7b2	4	3607663	9430125	3697	-0.0003
85273b6d-d170-4fbc-84f8-3186153ea7b2	4	9430168	9449621	13	-0.6203
85273b6d-d170-4fbc-84f8-3186153ea7b2	4	9450197	10208766	547	-0.0036
85273b6d-d170-4fbc-84f8-3186153ea7b2	4	10212536	10229874	29	1.2179
85273b6d-d170-4fbc-84f8-3186153ea7b2	4	10232590	21370380	8206	0.0037
85273b6d-d170-4fbc-84f8-3186153ea7b2	4	21370416	21375228	14	-1.9383
85273b6d-d170-4fbc-84f8-3186153ea7b2	4	21382117	23278352	1278	0.0075
85273b6d-d170-4fbc-84f8-3186153ea7b2	4	23278490	23278497	2	-2.674
85273b6d-d170-4fbc-84f8-3186153ea7b2	4	23278812	34777403	7465	0.009
85273b6d-d170-4fbc-84f8-3186153ea7b2	4	34777418	34839742	51	0.4907
85273b6d-d170-4fbc-84f8-3186153ea7b2	4	34839764	68509442	19448	0.0121
85273b6d-d170-4fbc-84f8-3186153ea7b2	4	68509630	68526396	5	1.081
85273b6d-d170-4fbc-84f8-3186153ea7b2	4	68526505	68615205	50	0.2591
85273b6d-d170-4fbc-84f8-3186153ea7b2	4	68615219	68620261	7	0.879
85273b6d-d170-4fbc-84f8-3186153ea7b2	4	68623617	86054941	10801	0.0129
85273b6d-d170-4fbc-84f8-3186153ea7b2	4	86055238	86058791	19	-0.6649
85273b6d-d170-4fbc-84f8-3186153ea7b2	4	86058936	114252500	16860	0.0113
85273b6d-d170-4fbc-84f8-3186153ea7b2	4	114252544	114263073	25	0.909
85273b6d-d170-4fbc-84f8-3186153ea7b2	4	114263096	121360818	4337	0.019
85273b6d-d170-4fbc-84f8-3186153ea7b2	4	121361313	121363980	28	-0.8181
85273b6d-d170-4fbc-84f8-3186153ea7b2	4	121369976	155673210	20170	0.0086
85273b6d-d170-4fbc-84f8-3186153ea7b2	4	155673226	155676843	12	-0.8587
85273b6d-d170-4fbc-84f8-3186153ea7b2	4	155680783	171448195	10076	0.0101
85273b6d-d170-4fbc-84f8-3186153ea7b2	4	171453733	171456625	12	1.3657
85273b6d-d170-4fbc-84f8-3186153ea7b2	4	171459220	172066777	397	-0.0094
85273b6d-d170-4fbc-84f8-3186153ea7b2	4	172067997	172068382	12	0.9346
85273b6d-d170-4fbc-84f8-3186153ea7b2	4	172074828	183832368	7824	0.021
85273b6d-d170-4fbc-84f8-3186153ea7b2	4	183836284	183840693	2	-1.6365
85273b6d-d170-4fbc-84f8-3186153ea7b2	4	183841534	184109293	202	0.0145
85273b6d-d170-4fbc-84f8-3186153ea7b2	4	184111449	184156626	43	-0.2936
85273b6d-d170-4fbc-84f8-3186153ea7b2	4	184157220	188300104	2854	0.018
85273b6d-d170-4fbc-84f8-3186153ea7b2	4	188300206	188300221	2	2.3048
85273b6d-d170-4fbc-84f8-3186153ea7b2	4	188300270	190106768	1141	0.036
85273b6d-d170-4fbc-84f8-3186153ea7b2	5	15532	742574	324	-0.0347
85273b6d-d170-4fbc-84f8-3186153ea7b2	5	760901	833513	29	0.4486
85273b6d-d170-4fbc-84f8-3186153ea7b2	5	852451	11161513	8738	0.0017
85273b6d-d170-4fbc-84f8-3186153ea7b2	5	11162524	11162659	3	-2.5664
85273b6d-d170-4fbc-84f8-3186153ea7b2	5	11167165	12790933	1084	0.0029
85273b6d-d170-4fbc-84f8-3186153ea7b2	5	12791608	12826538	13	0.6103
85273b6d-d170-4fbc-84f8-3186153ea7b2	5	12833745	20425033	4900	0.0134
85273b6d-d170-4fbc-84f8-3186153ea7b2	5	20425511	20428066	2	-2.0142
85273b6d-d170-4fbc-84f8-3186153ea7b2	5	20429236	21376735	559	0.0258
85273b6d-d170-4fbc-84f8-3186153ea7b2	5	21377730	21377744	2	-1.94
85273b6d-d170-4fbc-84f8-3186153ea7b2	5	21385957	36402692	9416	0.0089
85273b6d-d170-4fbc-84f8-3186153ea7b2	5	36402803	36403178	2	-2.2097
85273b6d-d170-4fbc-84f8-3186153ea7b2	5	36403445	46271006	5576	0.0028
85273b6d-d170-4fbc-84f8-3186153ea7b2	5	46271828	46273400	6	-2.2104
85273b6d-d170-4fbc-84f8-3186153ea7b2	5	46278110	121021276	43219	0.0102
85273b6d-d170-4fbc-84f8-3186153ea7b2	5	121021431	121031707	8	-1.1586
85273b6d-d170-4fbc-84f8-3186153ea7b2	5	121036033	177771448	36913	0.0037
85273b6d-d170-4fbc-84f8-3186153ea7b2	5	177800550	177805604	3	1.7038
85273b6d-d170-4fbc-84f8-3186153ea7b2	5	177827964	181363319	1980	0.0069
85273b6d-d170-4fbc-84f8-3186153ea7b2	6	149661	246178	88	-0.0652
85273b6d-d170-4fbc-84f8-3186153ea7b2	6	247528	395634	128	0.2464
85273b6d-d170-4fbc-84f8-3186153ea7b2	6	395810	29869411	21415	0.0048
85273b6d-d170-4fbc-84f8-3186153ea7b2	6	29869537	29876257	8	-0.7552
85273b6d-d170-4fbc-84f8-3186153ea7b2	6	29876595	29882419	7	-2.0331
85273b6d-d170-4fbc-84f8-3186153ea7b2	6	29882497	31309909	658	-0.0257
85273b6d-d170-4fbc-84f8-3186153ea7b2	6	31313046	31328674	12	-1.6135
85273b6d-d170-4fbc-84f8-3186153ea7b2	6	31342147	78252333	27419	0.0091
85273b6d-d170-4fbc-84f8-3186153ea7b2	6	78252347	78336049	127	0.3172
85273b6d-d170-4fbc-84f8-3186153ea7b2	6	78336185	170741917	59626	0.0071
85273b6d-d170-4fbc-84f8-3186153ea7b2	7	43355	6797437	3415	-0.0031
85273b6d-d170-4fbc-84f8-3186153ea7b2	7	6799093	6827447	7	-1.1265
85273b6d-d170-4fbc-84f8-3186153ea7b2	7	6828011	54305455	35025	0.0064
85273b6d-d170-4fbc-84f8-3186153ea7b2	7	54318812	54318824	6	-2.0535
85273b6d-d170-4fbc-84f8-3186153ea7b2	7	54325795	101379080	23353	0.0125
85273b6d-d170-4fbc-84f8-3186153ea7b2	7	101381028	101382762	3	-2.3645
85273b6d-d170-4fbc-84f8-3186153ea7b2	7	101389060	109789993	5053	0.006
85273b6d-d170-4fbc-84f8-3186153ea7b2	7	109793690	109814214	42	0.4022
85273b6d-d170-4fbc-84f8-3186153ea7b2	7	109818333	110787463	668	-0.0091
85273b6d-d170-4fbc-84f8-3186153ea7b2	7	110788876	110792438	7	-1.6766
85273b6d-d170-4fbc-84f8-3186153ea7b2	7	110792471	118495687	4652	0.0078
85273b6d-d170-4fbc-84f8-3186153ea7b2	7	118496049	118521318	14	-0.6472
85273b6d-d170-4fbc-84f8-3186153ea7b2	7	118524676	140037421	13281	0.0079
85273b6d-d170-4fbc-84f8-3186153ea7b2	7	140039780	140046996	3	-1.6663
85273b6d-d170-4fbc-84f8-3186153ea7b2	7	140048422	159334314	12214	0.0002
85273b6d-d170-4fbc-84f8-3186153ea7b2	8	81254	12024350	10991	-0.007
85273b6d-d170-4fbc-84f8-3186153ea7b2	8	12024888	12177488	13	-0.8201
85273b6d-d170-4fbc-84f8-3186153ea7b2	8	12323772	12389679	25	0.2251
85273b6d-d170-4fbc-84f8-3186153ea7b2	8	12389813	12624470	31	-0.4105
85273b6d-d170-4fbc-84f8-3186153ea7b2	8	12624538	25113035	10380	0.0087
85273b6d-d170-4fbc-84f8-3186153ea7b2	8	25113490	25126818	32	-0.4279
85273b6d-d170-4fbc-84f8-3186153ea7b2	8	25133589	39389156	9002	0.0109
85273b6d-d170-4fbc-84f8-3186153ea7b2	8	39389592	39529446	57	0.6059
85273b6d-d170-4fbc-84f8-3186153ea7b2	8	39530780	40324598	588	0.0262
85273b6d-d170-4fbc-84f8-3186153ea7b2	8	40326278	40331992	34	-0.9654
85273b6d-d170-4fbc-84f8-3186153ea7b2	8	40335391	40914477	451	0.015
85273b6d-d170-4fbc-84f8-3186153ea7b2	8	40920333	40920952	2	-2.0259
85273b6d-d170-4fbc-84f8-3186153ea7b2	8	40926161	145072769	63807	0.009
85273b6d-d170-4fbc-84f8-3186153ea7b2	9	46587	11202763	10644	0.0025
85273b6d-d170-4fbc-84f8-3186153ea7b2	9	11211238	11218532	6	-1.2316
85273b6d-d170-4fbc-84f8-3186153ea7b2	9	11223531	38771790	20431	0.0137
85273b6d-d170-4fbc-84f8-3186153ea7b2	9	38771834	38787496	2	-2.6723
85273b6d-d170-4fbc-84f8-3186153ea7b2	9	38796110	39481863	56	0.1548
85273b6d-d170-4fbc-84f8-3186153ea7b2	9	39481878	39484471	6	1.3015
85273b6d-d170-4fbc-84f8-3186153ea7b2	9	39487653	41644133	101	0.0506
85273b6d-d170-4fbc-84f8-3186153ea7b2	9	41644288	42073850	16	0.6046
85273b6d-d170-4fbc-84f8-3186153ea7b2	9	42080170	42179276	16	-0.6091
85273b6d-d170-4fbc-84f8-3186153ea7b2	9	42202227	42279025	6	0.0095
85273b6d-d170-4fbc-84f8-3186153ea7b2	9	42292452	42727685	25	0.6711
85273b6d-d170-4fbc-84f8-3186153ea7b2	9	42729302	42798441	18	-0.1304
85273b6d-d170-4fbc-84f8-3186153ea7b2	9	42800679	61369645	18	0.5871
85273b6d-d170-4fbc-84f8-3186153ea7b2	9	61371448	61405110	5	-1.1661
85273b6d-d170-4fbc-84f8-3186153ea7b2	9	61520021	61629689	28	0.7076
85273b6d-d170-4fbc-84f8-3186153ea7b2	9	61633080	63580418	40	0.1304
85273b6d-d170-4fbc-84f8-3186153ea7b2	9	63590317	63590325	5	2.2398
85273b6d-d170-4fbc-84f8-3186153ea7b2	9	63592670	64543764	62	0.1324
85273b6d-d170-4fbc-84f8-3186153ea7b2	9	64543777	64603210	5	1.6463
85273b6d-d170-4fbc-84f8-3186153ea7b2	9	64617921	125171336	40744	0.0038
85273b6d-d170-4fbc-84f8-3186153ea7b2	9	125171928	125176188	2	-1.916
85273b6d-d170-4fbc-84f8-3186153ea7b2	9	125176193	127222829	1335	0.0055
85273b6d-d170-4fbc-84f8-3186153ea7b2	9	127227714	127240343	8	-1.2106
85273b6d-d170-4fbc-84f8-3186153ea7b2	9	127240351	130555012	1610	0.0241
85273b6d-d170-4fbc-84f8-3186153ea7b2	9	130555624	130555641	2	-2.1527
85273b6d-d170-4fbc-84f8-3186153ea7b2	9	130555705	138200944	4226	0.0044
85273b6d-d170-4fbc-84f8-3186153ea7b2	10	45792	1153373	644	0.0292
85273b6d-d170-4fbc-84f8-3186153ea7b2	10	1154959	1155624	2	-1.7885
85273b6d-d170-4fbc-84f8-3186153ea7b2	10	1155777	2765792	1531	0.0083
85273b6d-d170-4fbc-84f8-3186153ea7b2	10	2765912	2769817	3	-1.3572
85273b6d-d170-4fbc-84f8-3186153ea7b2	10	2771857	4394981	1584	0.0077
85273b6d-d170-4fbc-84f8-3186153ea7b2	10	4396937	4397494	6	-1.227
85273b6d-d170-4fbc-84f8-3186153ea7b2	10	4401637	24088753	15401	-0.0005
85273b6d-d170-4fbc-84f8-3186153ea7b2	10	24088989	24090110	8	-0.8642
85273b6d-d170-4fbc-84f8-3186153ea7b2	10	24091731	46217729	12304	0.0032
85273b6d-d170-4fbc-84f8-3186153ea7b2	10	46217974	46261785	53	-0.3555
85273b6d-d170-4fbc-84f8-3186153ea7b2	10	46261797	120908900	49641	0.0055
85273b6d-d170-4fbc-84f8-3186153ea7b2	10	120917310	120917914	5	-1.7875
85273b6d-d170-4fbc-84f8-3186153ea7b2	10	120918093	129719086	6835	0.0009
85273b6d-d170-4fbc-84f8-3186153ea7b2	10	129721010	129721364	5	-1.2743
85273b6d-d170-4fbc-84f8-3186153ea7b2	10	129725400	133545160	2506	0.0006
85273b6d-d170-4fbc-84f8-3186153ea7b2	10	133545395	133547593	3	-1.6718
85273b6d-d170-4fbc-84f8-3186153ea7b2	10	133551641	133654968	53	0.0462
85273b6d-d170-4fbc-84f8-3186153ea7b2	11	198510	4217824	1736	0.0029
85273b6d-d170-4fbc-84f8-3186153ea7b2	11	4228783	4325579	27	0.5639
85273b6d-d170-4fbc-84f8-3186153ea7b2	11	4331751	5186788	872	-0.0019
85273b6d-d170-4fbc-84f8-3186153ea7b2	11	5186944	5187269	4	1.1384
85273b6d-d170-4fbc-84f8-3186153ea7b2	11	5188140	5772353	601	0.0079
85273b6d-d170-4fbc-84f8-3186153ea7b2	11	5773015	5787909	22	-0.7904
85273b6d-d170-4fbc-84f8-3186153ea7b2	11	5788108	80256469	44490	0.0098
85273b6d-d170-4fbc-84f8-3186153ea7b2	11	80256504	80256520	2	-3.784
85273b6d-d170-4fbc-84f8-3186153ea7b2	11	80256642	84824862	3284	0.0118
85273b6d-d170-4fbc-84f8-3186153ea7b2	11	84825592	84825875	3	-1.744
85273b6d-d170-4fbc-84f8-3186153ea7b2	11	84830931	90833345	3864	0.0135
85273b6d-d170-4fbc-84f8-3186153ea7b2	11	90835019	90837870	4	-2.6434
85273b6d-d170-4fbc-84f8-3186153ea7b2	11	90838996	91540629	479	-0.01
85273b6d-d170-4fbc-84f8-3186153ea7b2	11	91542245	91545724	5	-1.1961
85273b6d-d170-4fbc-84f8-3186153ea7b2	11	91548241	99972614	6193	0.0056
85273b6d-d170-4fbc-84f8-3186153ea7b2	11	99972630	99972870	2	-2.0677
85273b6d-d170-4fbc-84f8-3186153ea7b2	11	99974970	101723653	1449	-0.0072
85273b6d-d170-4fbc-84f8-3186153ea7b2	11	101727129	101727233	4	1.2898
85273b6d-d170-4fbc-84f8-3186153ea7b2	11	101727481	105718131	2740	0.0032
85273b6d-d170-4fbc-84f8-3186153ea7b2	11	105718976	105721729	4	-1.5436
85273b6d-d170-4fbc-84f8-3186153ea7b2	11	105722433	116797795	7477	-0.0001
85273b6d-d170-4fbc-84f8-3186153ea7b2	11	116799049	116804102	4	-1.5135
85273b6d-d170-4fbc-84f8-3186153ea7b2	11	116805503	135074876	13475	0.0058
85273b6d-d170-4fbc-84f8-3186153ea7b2	12	51460	760150	421	-0.0427
85273b6d-d170-4fbc-84f8-3186153ea7b2	12	760183	764863	13	-0.7695
85273b6d-d170-4fbc-84f8-3186153ea7b2	12	766188	2126723	831	0.025
85273b6d-d170-4fbc-84f8-3186153ea7b2	12	2136696	2148754	41	-0.8814
85273b6d-d170-4fbc-84f8-3186153ea7b2	12	2148857	9481274	4861	-0.0045
85273b6d-d170-4fbc-84f8-3186153ea7b2	12	9485313	9575696	23	-1.6037
85273b6d-d170-4fbc-84f8-3186153ea7b2	12	9582373	133201603	78572	0.0086
85273b6d-d170-4fbc-84f8-3186153ea7b2	13	18452809	57176962	26000	0.0049
85273b6d-d170-4fbc-84f8-3186153ea7b2	13	57184136	57204246	34	-0.7658
85273b6d-d170-4fbc-84f8-3186153ea7b2	13	57215580	70160420	7876	0.0119
85273b6d-d170-4fbc-84f8-3186153ea7b2	13	70161932	70198262	46	-0.6763
85273b6d-d170-4fbc-84f8-3186153ea7b2	13	70198634	114342922	30146	0.0058
85273b6d-d170-4fbc-84f8-3186153ea7b2	14	18239283	19824246	98	-0.088
85273b6d-d170-4fbc-84f8-3186153ea7b2	14	19824694	19824969	2	-4.5499
85273b6d-d170-4fbc-84f8-3186153ea7b2	14	19831415	19955213	67	-0.541
85273b6d-d170-4fbc-84f8-3186153ea7b2	14	19956767	22046141	1445	0.0036
85273b6d-d170-4fbc-84f8-3186153ea7b2	14	22050165	22468664	345	-0.1439
85273b6d-d170-4fbc-84f8-3186153ea7b2	14	22469219	73534419	32252	0.0061
85273b6d-d170-4fbc-84f8-3186153ea7b2	14	73540003	73554275	8	1.2877
85273b6d-d170-4fbc-84f8-3186153ea7b2	14	73563196	106877229	21142	0.0042
85273b6d-d170-4fbc-84f8-3186153ea7b2	15	19811075	22576496	213	0.1789
85273b6d-d170-4fbc-84f8-3186153ea7b2	15	22582296	24424598	985	-0.0095
85273b6d-d170-4fbc-84f8-3186153ea7b2	15	24429604	24472373	32	-0.6128
85273b6d-d170-4fbc-84f8-3186153ea7b2	15	24473026	34379885	6191	-0.0048
85273b6d-d170-4fbc-84f8-3186153ea7b2	15	34386576	34520918	64	-0.7887
85273b6d-d170-4fbc-84f8-3186153ea7b2	15	34522159	65521764	19859	0.0049
85273b6d-d170-4fbc-84f8-3186153ea7b2	15	65524604	65526049	3	-2.0921
85273b6d-d170-4fbc-84f8-3186153ea7b2	15	65530196	76598900	6537	0.014
85273b6d-d170-4fbc-84f8-3186153ea7b2	15	76599170	76603434	21	0.8875
85273b6d-d170-4fbc-84f8-3186153ea7b2	15	76609838	83871986	4412	0.0039
85273b6d-d170-4fbc-84f8-3186153ea7b2	15	83874133	83874798	5	-1.4011
85273b6d-d170-4fbc-84f8-3186153ea7b2	15	83878525	101928837	13175	0.0038
85273b6d-d170-4fbc-84f8-3186153ea7b2	16	10777	15874385	11493	0.0033
85273b6d-d170-4fbc-84f8-3186153ea7b2	16	15876151	15911711	22	0.6494
85273b6d-d170-4fbc-84f8-3186153ea7b2	16	15916726	29114764	7457	-0.0014
85273b6d-d170-4fbc-84f8-3186153ea7b2	16	29121560	29122575	10	-0.9505
85273b6d-d170-4fbc-84f8-3186153ea7b2	16	29122679	78337711	22223	0.005
85273b6d-d170-4fbc-84f8-3186153ea7b2	16	78338543	78350868	17	0.6428
85273b6d-d170-4fbc-84f8-3186153ea7b2	16	78351104	88814557	10028	-0.0062
85273b6d-d170-4fbc-84f8-3186153ea7b2	16	88818592	88818672	2	-2.2192
85273b6d-d170-4fbc-84f8-3186153ea7b2	16	88823106	90096867	570	-0.04
85273b6d-d170-4fbc-84f8-3186153ea7b2	17	150733	6396160	3551	0.0021
85273b6d-d170-4fbc-84f8-3186153ea7b2	17	6396715	6409499	16	-0.6636
85273b6d-d170-4fbc-84f8-3186153ea7b2	17	6411870	41258395	17221	0.0087
85273b6d-d170-4fbc-84f8-3186153ea7b2	17	41262120	41274279	27	0.9866
85273b6d-d170-4fbc-84f8-3186153ea7b2	17	41276472	41348341	73	0.0648
85273b6d-d170-4fbc-84f8-3186153ea7b2	17	41348899	41366243	30	-0.6422
85273b6d-d170-4fbc-84f8-3186153ea7b2	17	41370057	77393507	21246	0.001
85273b6d-d170-4fbc-84f8-3186153ea7b2	17	77394155	77394582	2	-4.0723
85273b6d-d170-4fbc-84f8-3186153ea7b2	17	77394593	77858748	313	-0.0071
85273b6d-d170-4fbc-84f8-3186153ea7b2	17	77864587	77864788	2	-1.8393
85273b6d-d170-4fbc-84f8-3186153ea7b2	17	77870847	78285287	198	0.0014
85273b6d-d170-4fbc-84f8-3186153ea7b2	17	78286051	78290662	3	-1.9461
85273b6d-d170-4fbc-84f8-3186153ea7b2	17	78291927	83091923	2316	0.0092
85273b6d-d170-4fbc-84f8-3186153ea7b2	18	48133	36868265	20350	-0.0002
85273b6d-d170-4fbc-84f8-3186153ea7b2	18	36869257	36872283	2	-1.8502
85273b6d-d170-4fbc-84f8-3186153ea7b2	18	36873262	66095064	19953	0.0094
85273b6d-d170-4fbc-84f8-3186153ea7b2	18	66099904	66108359	4	-1.4904
85273b6d-d170-4fbc-84f8-3186153ea7b2	18	66109894	80257174	10366	0.0125
85273b6d-d170-4fbc-84f8-3186153ea7b2	19	90910	35358420	16691	0.0151
85273b6d-d170-4fbc-84f8-3186153ea7b2	19	35364451	35370946	21	-0.6583
85273b6d-d170-4fbc-84f8-3186153ea7b2	19	35375842	58586487	12372	0.0096
85273b6d-d170-4fbc-84f8-3186153ea7b2	20	80664	1407932	1017	-0.0133
85273b6d-d170-4fbc-84f8-3186153ea7b2	20	1409477	1416730	5	1.2033
85273b6d-d170-4fbc-84f8-3186153ea7b2	20	1416766	1580353	179	-0.0027
85273b6d-d170-4fbc-84f8-3186153ea7b2	20	1580934	1613247	41	-0.8093
85273b6d-d170-4fbc-84f8-3186153ea7b2	20	1617300	64324800	41086	0.0052
85273b6d-d170-4fbc-84f8-3186153ea7b2	21	10354168	10556313	49	0.106
85273b6d-d170-4fbc-84f8-3186153ea7b2	21	10558268	13246960	75	-0.2857
85273b6d-d170-4fbc-84f8-3186153ea7b2	21	13249198	34502655	15034	0.0118
85273b6d-d170-4fbc-84f8-3186153ea7b2	21	34503145	34504160	3	-1.5185
85273b6d-d170-4fbc-84f8-3186153ea7b2	21	34504751	44602612	7461	0.0003
85273b6d-d170-4fbc-84f8-3186153ea7b2	21	44603656	44603796	4	-1.4342
85273b6d-d170-4fbc-84f8-3186153ea7b2	21	44603809	44622365	22	0.0012
85273b6d-d170-4fbc-84f8-3186153ea7b2	21	44622582	44622620	2	-1.7018
85273b6d-d170-4fbc-84f8-3186153ea7b2	21	44623537	46677045	1193	0.0076
85273b6d-d170-4fbc-84f8-3186153ea7b2	22	15294547	18190590	1129	0.0093
85273b6d-d170-4fbc-84f8-3186153ea7b2	22	18392404	18760941	6	1.0767
85273b6d-d170-4fbc-84f8-3186153ea7b2	22	18783014	50796027	22102	0.0041
85273b6d-d170-4fbc-84f8-3186153ea7b2	X	251810	32965828	20466	0.0093
85273b6d-d170-4fbc-84f8-3186153ea7b2	X	32969337	32970141	3	-2.2222
85273b6d-d170-4fbc-84f8-3186153ea7b2	X	32971922	39351377	3907	0.0156
85273b6d-d170-4fbc-84f8-3186153ea7b2	X	39356273	39356575	2	-1.6083
85273b6d-d170-4fbc-84f8-3186153ea7b2	X	39356828	48001197	4593	0.0019
85273b6d-d170-4fbc-84f8-3186153ea7b2	X	48020763	48128795	76	-1.0722
85273b6d-d170-4fbc-84f8-3186153ea7b2	X	48141867	155952689	54564	0.0098
85273b6d-d170-4fbc-84f8-3186153ea7b2	Y	2782397	56872112	6638	-1.1527
