GDC_Aliquot	Chromosome	Start	End	Num_Probes	Segment_Mean
7ddb3b11-95d7-4db0-9baa-960f1b661fae	1	62920	855630	44	-0.0241
7ddb3b11-95d7-4db0-9baa-960f1b661fae	1	860781	3259896	677	0.1421
7ddb3b11-95d7-4db0-9baa-960f1b661fae	1	3260916	3262734	2	-0.9015
7ddb3b11-95d7-4db0-9baa-960f1b661fae	1	3268421	16489035	7901	0.0248
7ddb3b11-95d7-4db0-9baa-960f1b661fae	1	16489595	16721984	51	0.3162
7ddb3b11-95d7-4db0-9baa-960f1b661fae	1	16766762	72284670	34053	0.0178
7ddb3b11-95d7-4db0-9baa-960f1b661fae	1	72290430	72297687	9	-0.8688
7ddb3b11-95d7-4db0-9baa-960f1b661fae	1	72302735	72345465	48	1.3624
7ddb3b11-95d7-4db0-9baa-960f1b661fae	1	72346221	121581632	30716	0.0159
7ddb3b11-95d7-4db0-9baa-960f1b661fae	1	121593055	143928045	133	0.2725
7ddb3b11-95d7-4db0-9baa-960f1b661fae	1	143942271	152583051	2312	0.0316
7ddb3b11-95d7-4db0-9baa-960f1b661fae	1	152583230	152613641	30	-0.7972
7ddb3b11-95d7-4db0-9baa-960f1b661fae	1	152613762	152778761	163	0.0381
7ddb3b11-95d7-4db0-9baa-960f1b661fae	1	152782154	152795487	39	-0.2902
7ddb3b11-95d7-4db0-9baa-960f1b661fae	1	152795783	174827267	14792	0.0083
7ddb3b11-95d7-4db0-9baa-960f1b661fae	1	174827418	174828439	11	-0.759
7ddb3b11-95d7-4db0-9baa-960f1b661fae	1	174828454	195856252	14047	0.0056
7ddb3b11-95d7-4db0-9baa-960f1b661fae	1	195859381	195905777	42	-1.0419
7ddb3b11-95d7-4db0-9baa-960f1b661fae	1	195906930	248930189	36371	0.0119
7ddb3b11-95d7-4db0-9baa-960f1b661fae	2	12784	4158097	2984	0.0334
7ddb3b11-95d7-4db0-9baa-960f1b661fae	2	4166274	4175577	36	-0.591
7ddb3b11-95d7-4db0-9baa-960f1b661fae	2	4175922	34295406	20935	0.0188
7ddb3b11-95d7-4db0-9baa-960f1b661fae	2	34298911	34300513	2	-2.1728
7ddb3b11-95d7-4db0-9baa-960f1b661fae	2	34300900	34438862	89	0.0242
7ddb3b11-95d7-4db0-9baa-960f1b661fae	2	34439683	34511990	52	0.5328
7ddb3b11-95d7-4db0-9baa-960f1b661fae	2	34512096	52514599	12985	0.0161
7ddb3b11-95d7-4db0-9baa-960f1b661fae	2	52516787	52554404	41	0.4466
7ddb3b11-95d7-4db0-9baa-960f1b661fae	2	52560811	53989842	1111	0.0074
7ddb3b11-95d7-4db0-9baa-960f1b661fae	2	53989913	54473718	344	0.5685
7ddb3b11-95d7-4db0-9baa-960f1b661fae	2	54475237	56311325	1293	0.0346
7ddb3b11-95d7-4db0-9baa-960f1b661fae	2	56311409	56314123	8	-1.6351
7ddb3b11-95d7-4db0-9baa-960f1b661fae	2	56322854	89920951	19991	0.0194
7ddb3b11-95d7-4db0-9baa-960f1b661fae	2	89928014	90228220	122	-0.8318
7ddb3b11-95d7-4db0-9baa-960f1b661fae	2	90228237	97359885	948	0.0385
7ddb3b11-95d7-4db0-9baa-960f1b661fae	2	97524284	97545247	8	-0.9601
7ddb3b11-95d7-4db0-9baa-960f1b661fae	2	97545726	106597736	5708	0.0191
7ddb3b11-95d7-4db0-9baa-960f1b661fae	2	106597944	106602375	4	-1.0164
7ddb3b11-95d7-4db0-9baa-960f1b661fae	2	106602653	113604438	3644	0.0207
7ddb3b11-95d7-4db0-9baa-960f1b661fae	2	113604837	113623244	3	-1.3828
7ddb3b11-95d7-4db0-9baa-960f1b661fae	2	113625975	113691739	25	0.0657
7ddb3b11-95d7-4db0-9baa-960f1b661fae	2	113694307	113695369	2	-2.038
7ddb3b11-95d7-4db0-9baa-960f1b661fae	2	113696012	128880504	9565	0.0204
7ddb3b11-95d7-4db0-9baa-960f1b661fae	2	128880904	128882741	15	-0.9382
7ddb3b11-95d7-4db0-9baa-960f1b661fae	2	128882755	175334837	28222	0.0173
7ddb3b11-95d7-4db0-9baa-960f1b661fae	2	175335261	175345944	7	-0.8482
7ddb3b11-95d7-4db0-9baa-960f1b661fae	2	175347662	207485538	19119	0.0173
7ddb3b11-95d7-4db0-9baa-960f1b661fae	2	207485595	207495072	25	0.5779
7ddb3b11-95d7-4db0-9baa-960f1b661fae	2	207495422	226477322	12306	0.0188
7ddb3b11-95d7-4db0-9baa-960f1b661fae	2	226478072	226481352	5	-1.1849
7ddb3b11-95d7-4db0-9baa-960f1b661fae	2	226483083	232368341	3531	0.0245
7ddb3b11-95d7-4db0-9baa-960f1b661fae	2	232370621	232454022	69	0.247
7ddb3b11-95d7-4db0-9baa-960f1b661fae	2	232455267	241576690	5984	0.0336
7ddb3b11-95d7-4db0-9baa-960f1b661fae	2	241576877	241578355	2	-1.4003
7ddb3b11-95d7-4db0-9baa-960f1b661fae	2	241585172	242147305	162	0.1476
7ddb3b11-95d7-4db0-9baa-960f1b661fae	3	20930	37935926	27582	0.0129
7ddb3b11-95d7-4db0-9baa-960f1b661fae	3	37940617	37945437	18	-0.8008
7ddb3b11-95d7-4db0-9baa-960f1b661fae	3	37945615	89337641	32749	0.0121
7ddb3b11-95d7-4db0-9baa-960f1b661fae	3	89337797	89370231	55	-0.6435
7ddb3b11-95d7-4db0-9baa-960f1b661fae	3	89370771	162795304	42245	0.0135
7ddb3b11-95d7-4db0-9baa-960f1b661fae	3	162795361	162898127	61	0.7198
7ddb3b11-95d7-4db0-9baa-960f1b661fae	3	162906054	176165167	8153	0.0089
7ddb3b11-95d7-4db0-9baa-960f1b661fae	3	176165961	176196691	35	-0.9599
7ddb3b11-95d7-4db0-9baa-960f1b661fae	3	176198433	193155915	10967	0.019
7ddb3b11-95d7-4db0-9baa-960f1b661fae	3	193156018	193165114	22	-1.0277
7ddb3b11-95d7-4db0-9baa-960f1b661fae	3	193168646	195728990	1511	0.0244
7ddb3b11-95d7-4db0-9baa-960f1b661fae	3	195729005	195747892	17	0.4988
7ddb3b11-95d7-4db0-9baa-960f1b661fae	3	195751823	198169247	1162	0.0446
7ddb3b11-95d7-4db0-9baa-960f1b661fae	4	68929	546310	206	0.0538
7ddb3b11-95d7-4db0-9baa-960f1b661fae	4	547393	899499	109	0.201
7ddb3b11-95d7-4db0-9baa-960f1b661fae	4	899732	9433608	4825	0.0214
7ddb3b11-95d7-4db0-9baa-960f1b661fae	4	9433998	9617513	56	0.2886
7ddb3b11-95d7-4db0-9baa-960f1b661fae	4	9624789	10208766	502	0.007
7ddb3b11-95d7-4db0-9baa-960f1b661fae	4	10212536	10232642	31	-0.3815
7ddb3b11-95d7-4db0-9baa-960f1b661fae	4	10232984	46194361	24278	0.0146
7ddb3b11-95d7-4db0-9baa-960f1b661fae	4	46202166	46210750	4	-1.4739
7ddb3b11-95d7-4db0-9baa-960f1b661fae	4	46210775	49214614	1675	0.0117
7ddb3b11-95d7-4db0-9baa-960f1b661fae	4	49289175	49289338	2	1.7888
7ddb3b11-95d7-4db0-9baa-960f1b661fae	4	49295203	68478894	10467	0.0071
7ddb3b11-95d7-4db0-9baa-960f1b661fae	4	68494770	68620261	67	-1.4734
7ddb3b11-95d7-4db0-9baa-960f1b661fae	4	68623617	68686026	8	-0.3667
7ddb3b11-95d7-4db0-9baa-960f1b661fae	4	68725894	89074558	12633	0.0153
7ddb3b11-95d7-4db0-9baa-960f1b661fae	4	89074647	89075056	4	1.1351
7ddb3b11-95d7-4db0-9baa-960f1b661fae	4	89075074	103294549	8353	0.0068
7ddb3b11-95d7-4db0-9baa-960f1b661fae	4	103296943	103296945	3	-1.1181
7ddb3b11-95d7-4db0-9baa-960f1b661fae	4	103298947	114258196	6678	0.0141
7ddb3b11-95d7-4db0-9baa-960f1b661fae	4	114258272	114261019	12	0.766
7ddb3b11-95d7-4db0-9baa-960f1b661fae	4	114263073	115244712	609	0.0029
7ddb3b11-95d7-4db0-9baa-960f1b661fae	4	115244948	115259214	27	-0.4586
7ddb3b11-95d7-4db0-9baa-960f1b661fae	4	115259399	121352488	3695	0.0046
7ddb3b11-95d7-4db0-9baa-960f1b661fae	4	121352989	121363980	31	-0.6927
7ddb3b11-95d7-4db0-9baa-960f1b661fae	4	121369976	137171266	8863	0.0007
7ddb3b11-95d7-4db0-9baa-960f1b661fae	4	137171362	137171772	9	-1.0186
7ddb3b11-95d7-4db0-9baa-960f1b661fae	4	137171784	160952848	14701	0.0131
7ddb3b11-95d7-4db0-9baa-960f1b661fae	4	160958866	160963756	21	-0.7568
7ddb3b11-95d7-4db0-9baa-960f1b661fae	4	160963767	162847307	1256	0.0124
7ddb3b11-95d7-4db0-9baa-960f1b661fae	4	162847868	162849512	2	-2.0253
7ddb3b11-95d7-4db0-9baa-960f1b661fae	4	162849957	190106768	17877	0.011
7ddb3b11-95d7-4db0-9baa-960f1b661fae	5	15532	12800777	10172	0.0216
7ddb3b11-95d7-4db0-9baa-960f1b661fae	5	12815668	12838421	14	0.8129
7ddb3b11-95d7-4db0-9baa-960f1b661fae	5	12849089	46271828	20453	0.0147
7ddb3b11-95d7-4db0-9baa-960f1b661fae	5	46272419	46273400	5	-1.834
7ddb3b11-95d7-4db0-9baa-960f1b661fae	5	46278110	53108689	1711	0.0078
7ddb3b11-95d7-4db0-9baa-960f1b661fae	5	53109452	53113609	2	-1.4275
7ddb3b11-95d7-4db0-9baa-960f1b661fae	5	53115955	62277545	6218	0.001
7ddb3b11-95d7-4db0-9baa-960f1b661fae	5	62279164	62280446	3	-1.3301
7ddb3b11-95d7-4db0-9baa-960f1b661fae	5	62286365	104515520	23962	0.0102
7ddb3b11-95d7-4db0-9baa-960f1b661fae	5	104524672	104524903	4	1.3949
7ddb3b11-95d7-4db0-9baa-960f1b661fae	5	104525348	138474827	22137	0.0109
7ddb3b11-95d7-4db0-9baa-960f1b661fae	5	138475255	138480022	12	-0.8722
7ddb3b11-95d7-4db0-9baa-960f1b661fae	5	138480779	181363319	28051	0.018
7ddb3b11-95d7-4db0-9baa-960f1b661fae	6	149661	267622	108	0.0768
7ddb3b11-95d7-4db0-9baa-960f1b661fae	6	267693	385056	100	-0.2232
7ddb3b11-95d7-4db0-9baa-960f1b661fae	6	385687	29869411	21414	0.0196
7ddb3b11-95d7-4db0-9baa-960f1b661fae	6	29869537	29933799	34	0.3467
7ddb3b11-95d7-4db0-9baa-960f1b661fae	6	29940692	32463515	1150	0.0505
7ddb3b11-95d7-4db0-9baa-960f1b661fae	6	32463775	32658841	66	0.6658
7ddb3b11-95d7-4db0-9baa-960f1b661fae	6	32682835	32722250	44	0.0318
7ddb3b11-95d7-4db0-9baa-960f1b661fae	6	32723020	32723053	3	1.3414
7ddb3b11-95d7-4db0-9baa-960f1b661fae	6	32732907	54066286	13635	0.0126
7ddb3b11-95d7-4db0-9baa-960f1b661fae	6	54066353	54067057	7	-1.0415
7ddb3b11-95d7-4db0-9baa-960f1b661fae	6	54070550	73882142	10376	0.0128
7ddb3b11-95d7-4db0-9baa-960f1b661fae	6	73882509	73885038	7	0.9435
7ddb3b11-95d7-4db0-9baa-960f1b661fae	6	73887573	78253157	2763	0.0023
7ddb3b11-95d7-4db0-9baa-960f1b661fae	6	78253172	78332092	119	0.3076
7ddb3b11-95d7-4db0-9baa-960f1b661fae	6	78336049	126865409	29842	0.0093
7ddb3b11-95d7-4db0-9baa-960f1b661fae	6	126865874	126866513	2	-2.4739
7ddb3b11-95d7-4db0-9baa-960f1b661fae	6	126866600	132385122	3570	0.0035
7ddb3b11-95d7-4db0-9baa-960f1b661fae	6	132388218	132391904	5	-0.8863
7ddb3b11-95d7-4db0-9baa-960f1b661fae	6	132398229	170741917	26173	0.0137
7ddb3b11-95d7-4db0-9baa-960f1b661fae	7	43355	8105571	4465	0.035
7ddb3b11-95d7-4db0-9baa-960f1b661fae	7	8105605	20586150	10163	-0.0017
7ddb3b11-95d7-4db0-9baa-960f1b661fae	7	20586380	26092670	4161	0.0231
7ddb3b11-95d7-4db0-9baa-960f1b661fae	7	26102772	26105793	4	-3.3005
7ddb3b11-95d7-4db0-9baa-960f1b661fae	7	26107599	97756423	41428	0.0175
7ddb3b11-95d7-4db0-9baa-960f1b661fae	7	97756621	97773163	18	-0.7013
7ddb3b11-95d7-4db0-9baa-960f1b661fae	7	97774928	98846278	520	0.0319
7ddb3b11-95d7-4db0-9baa-960f1b661fae	7	98848998	99194926	197	0.6441
7ddb3b11-95d7-4db0-9baa-960f1b661fae	7	99196109	150588016	30936	0.0175
7ddb3b11-95d7-4db0-9baa-960f1b661fae	7	150588713	150616328	15	-1.1189
7ddb3b11-95d7-4db0-9baa-960f1b661fae	7	150617598	159334314	5792	0.0308
7ddb3b11-95d7-4db0-9baa-960f1b661fae	8	81254	4932447	4961	0.0281
7ddb3b11-95d7-4db0-9baa-960f1b661fae	8	4932853	4937510	2	-2.8078
7ddb3b11-95d7-4db0-9baa-960f1b661fae	8	4939730	7357997	2753	0.0082
7ddb3b11-95d7-4db0-9baa-960f1b661fae	8	7358220	7397588	17	0.644
7ddb3b11-95d7-4db0-9baa-960f1b661fae	8	7414835	9190594	933	0.0491
7ddb3b11-95d7-4db0-9baa-960f1b661fae	8	9196404	9206293	31	-0.7466
7ddb3b11-95d7-4db0-9baa-960f1b661fae	8	9206389	15435453	4992	0.0155
7ddb3b11-95d7-4db0-9baa-960f1b661fae	8	15436422	15437936	2	-3.4633
7ddb3b11-95d7-4db0-9baa-960f1b661fae	8	15439194	18939412	3129	0.0213
7ddb3b11-95d7-4db0-9baa-960f1b661fae	8	18940021	18940077	2	-2.1033
7ddb3b11-95d7-4db0-9baa-960f1b661fae	8	18940698	18989313	55	0.0997
7ddb3b11-95d7-4db0-9baa-960f1b661fae	8	18991998	18994251	6	-0.3636
7ddb3b11-95d7-4db0-9baa-960f1b661fae	8	18994964	19001036	20	-0.9517
7ddb3b11-95d7-4db0-9baa-960f1b661fae	8	19001217	25117985	4534	0.0176
7ddb3b11-95d7-4db0-9baa-960f1b661fae	8	25118055	25122472	16	-0.8866
7ddb3b11-95d7-4db0-9baa-960f1b661fae	8	25126554	36520303	7477	0.0169
7ddb3b11-95d7-4db0-9baa-960f1b661fae	8	36520332	36520381	2	-2.113
7ddb3b11-95d7-4db0-9baa-960f1b661fae	8	36522877	46980664	4547	0.0209
7ddb3b11-95d7-4db0-9baa-960f1b661fae	8	46986012	46986104	2	1.9035
7ddb3b11-95d7-4db0-9baa-960f1b661fae	8	46991243	64853705	11162	0.0097
7ddb3b11-95d7-4db0-9baa-960f1b661fae	8	64856002	64856231	2	-1.7877
7ddb3b11-95d7-4db0-9baa-960f1b661fae	8	64858433	94046786	17233	0.0095
7ddb3b11-95d7-4db0-9baa-960f1b661fae	8	94046868	94047455	2	-1.8611
7ddb3b11-95d7-4db0-9baa-960f1b661fae	8	94049867	94545324	339	0.0087
7ddb3b11-95d7-4db0-9baa-960f1b661fae	8	94545374	94545764	6	0.925
7ddb3b11-95d7-4db0-9baa-960f1b661fae	8	94545887	114622424	12088	0.0122
7ddb3b11-95d7-4db0-9baa-960f1b661fae	8	114622438	114638558	34	-0.5758
7ddb3b11-95d7-4db0-9baa-960f1b661fae	8	114642539	140890248	19173	0.0099
7ddb3b11-95d7-4db0-9baa-960f1b661fae	8	140893851	145072769	1865	0.0723
7ddb3b11-95d7-4db0-9baa-960f1b661fae	9	46587	1304402	1292	0.041
7ddb3b11-95d7-4db0-9baa-960f1b661fae	9	1304815	1304890	2	-2.0622
7ddb3b11-95d7-4db0-9baa-960f1b661fae	9	1304952	2147099	1018	0.0074
7ddb3b11-95d7-4db0-9baa-960f1b661fae	9	2148837	2150662	6	-1.0627
7ddb3b11-95d7-4db0-9baa-960f1b661fae	9	2152115	11995307	8920	0.0045
7ddb3b11-95d7-4db0-9baa-960f1b661fae	9	11996163	11996270	2	-1.7431
7ddb3b11-95d7-4db0-9baa-960f1b661fae	9	11996759	20087887	6776	0.011
7ddb3b11-95d7-4db0-9baa-960f1b661fae	9	20088457	20096487	7	-1.112
7ddb3b11-95d7-4db0-9baa-960f1b661fae	9	20096568	28044706	5913	0.0054
7ddb3b11-95d7-4db0-9baa-960f1b661fae	9	28047590	28050693	5	-1.1563
7ddb3b11-95d7-4db0-9baa-960f1b661fae	9	28055605	38603332	6951	0.0096
7ddb3b11-95d7-4db0-9baa-960f1b661fae	9	38608388	41703482	347	0.1275
7ddb3b11-95d7-4db0-9baa-960f1b661fae	9	41714376	61374282	94	-0.1515
7ddb3b11-95d7-4db0-9baa-960f1b661fae	9	61378951	61647899	32	-1.0256
7ddb3b11-95d7-4db0-9baa-960f1b661fae	9	61665362	138200944	48028	0.0186
7ddb3b11-95d7-4db0-9baa-960f1b661fae	10	45792	2702021	2092	0.0286
7ddb3b11-95d7-4db0-9baa-960f1b661fae	10	2703901	2703926	2	-1.6607
7ddb3b11-95d7-4db0-9baa-960f1b661fae	10	2704087	9754575	6238	0.0232
7ddb3b11-95d7-4db0-9baa-960f1b661fae	10	9754737	9754775	2	-1.7027
7ddb3b11-95d7-4db0-9baa-960f1b661fae	10	9759132	17885034	6502	0.0177
7ddb3b11-95d7-4db0-9baa-960f1b661fae	10	17896194	17910884	3	-2.015
7ddb3b11-95d7-4db0-9baa-960f1b661fae	10	17929793	24088746	4333	0.0254
7ddb3b11-95d7-4db0-9baa-960f1b661fae	10	24088747	24089125	9	1.3153
7ddb3b11-95d7-4db0-9baa-960f1b661fae	10	24089979	133415637	71232	0.017
7ddb3b11-95d7-4db0-9baa-960f1b661fae	10	133416215	133416364	2	-2.9285
7ddb3b11-95d7-4db0-9baa-960f1b661fae	10	133419150	133654968	148	0.0436
7ddb3b11-95d7-4db0-9baa-960f1b661fae	11	198510	5766850	3228	0.0244
7ddb3b11-95d7-4db0-9baa-960f1b661fae	11	5766862	5787909	31	0.4115
7ddb3b11-95d7-4db0-9baa-960f1b661fae	11	5788108	18919323	9396	0.0142
7ddb3b11-95d7-4db0-9baa-960f1b661fae	11	18927525	18940441	45	0.699
7ddb3b11-95d7-4db0-9baa-960f1b661fae	11	18940469	55595864	21743	0.0119
7ddb3b11-95d7-4db0-9baa-960f1b661fae	11	55606556	55693312	62	0.4289
7ddb3b11-95d7-4db0-9baa-960f1b661fae	11	55695531	65129981	5203	0.0154
7ddb3b11-95d7-4db0-9baa-960f1b661fae	11	65131951	65894607	310	0.169
7ddb3b11-95d7-4db0-9baa-960f1b661fae	11	65902628	135074876	46706	0.0154
7ddb3b11-95d7-4db0-9baa-960f1b661fae	12	51460	9477960	6166	0.037
7ddb3b11-95d7-4db0-9baa-960f1b661fae	12	9481274	9582373	25	0.8607
7ddb3b11-95d7-4db0-9baa-960f1b661fae	12	9582374	133201603	78539	0.0163
7ddb3b11-95d7-4db0-9baa-960f1b661fae	13	18452809	48957415	21491	0.0166
7ddb3b11-95d7-4db0-9baa-960f1b661fae	13	48959579	48962368	2	-2.3065
7ddb3b11-95d7-4db0-9baa-960f1b661fae	13	48963569	57176962	4493	0.0117
7ddb3b11-95d7-4db0-9baa-960f1b661fae	13	57184136	57204234	33	-0.6362
7ddb3b11-95d7-4db0-9baa-960f1b661fae	13	57204246	71902850	8980	0.0061
7ddb3b11-95d7-4db0-9baa-960f1b661fae	13	71903417	71906467	5	-1.3016
7ddb3b11-95d7-4db0-9baa-960f1b661fae	13	71912345	114342922	29059	0.0115
7ddb3b11-95d7-4db0-9baa-960f1b661fae	14	18239283	19294475	47	-0.0213
7ddb3b11-95d7-4db0-9baa-960f1b661fae	14	19298389	19637253	12	0.5171
7ddb3b11-95d7-4db0-9baa-960f1b661fae	14	19650668	19669187	3	1.4481
7ddb3b11-95d7-4db0-9baa-960f1b661fae	14	19675350	19955213	105	0.3439
7ddb3b11-95d7-4db0-9baa-960f1b661fae	14	19956767	40139724	12855	0.0157
7ddb3b11-95d7-4db0-9baa-960f1b661fae	14	40144718	40147715	2	-2.0555
7ddb3b11-95d7-4db0-9baa-960f1b661fae	14	40148961	41141293	722	-0.0159
7ddb3b11-95d7-4db0-9baa-960f1b661fae	14	41141487	41188046	13	-0.5818
7ddb3b11-95d7-4db0-9baa-960f1b661fae	14	41188146	105541843	41074	0.0134
7ddb3b11-95d7-4db0-9baa-960f1b661fae	14	105542308	106127730	142	0.2002
7ddb3b11-95d7-4db0-9baa-960f1b661fae	14	106131664	106340305	91	-0.0152
7ddb3b11-95d7-4db0-9baa-960f1b661fae	14	106340774	106364815	8	0.7797
7ddb3b11-95d7-4db0-9baa-960f1b661fae	14	106365807	106416146	27	0.0425
7ddb3b11-95d7-4db0-9baa-960f1b661fae	14	106418444	106462183	49	-0.5355
7ddb3b11-95d7-4db0-9baa-960f1b661fae	14	106462724	106877229	195	0.0549
7ddb3b11-95d7-4db0-9baa-960f1b661fae	15	19811075	19904997	16	-0.1699
7ddb3b11-95d7-4db0-9baa-960f1b661fae	15	19907021	20056983	34	0.1235
7ddb3b11-95d7-4db0-9baa-960f1b661fae	15	20059033	20376202	43	-0.3227
7ddb3b11-95d7-4db0-9baa-960f1b661fae	15	20376309	20384907	15	-1.4414
7ddb3b11-95d7-4db0-9baa-960f1b661fae	15	20385137	20670989	43	-0.4379
7ddb3b11-95d7-4db0-9baa-960f1b661fae	15	20981071	20988347	5	0.6479
7ddb3b11-95d7-4db0-9baa-960f1b661fae	15	21005443	22262408	37	-0.2987
7ddb3b11-95d7-4db0-9baa-960f1b661fae	15	22265258	30152073	4627	0.0341
7ddb3b11-95d7-4db0-9baa-960f1b661fae	15	30156392	30608675	35	-0.5855
7ddb3b11-95d7-4db0-9baa-960f1b661fae	15	30621384	31890973	821	0.0297
7ddb3b11-95d7-4db0-9baa-960f1b661fae	15	31892938	31900264	11	-0.5655
7ddb3b11-95d7-4db0-9baa-960f1b661fae	15	31904696	76598900	28181	0.0194
7ddb3b11-95d7-4db0-9baa-960f1b661fae	15	76599170	76603434	21	0.7387
7ddb3b11-95d7-4db0-9baa-960f1b661fae	15	76609838	83871965	4409	0.0193
7ddb3b11-95d7-4db0-9baa-960f1b661fae	15	83871986	83878795	8	-0.9104
7ddb3b11-95d7-4db0-9baa-960f1b661fae	15	83879115	93263731	6650	0.0198
7ddb3b11-95d7-4db0-9baa-960f1b661fae	15	93263845	93276364	35	0.3166
7ddb3b11-95d7-4db0-9baa-960f1b661fae	15	93277071	93626863	333	0.0225
7ddb3b11-95d7-4db0-9baa-960f1b661fae	15	93631792	93749255	86	-0.1708
7ddb3b11-95d7-4db0-9baa-960f1b661fae	15	93751243	101928837	6072	0.0274
7ddb3b11-95d7-4db0-9baa-960f1b661fae	16	10777	905718	346	0.1342
7ddb3b11-95d7-4db0-9baa-960f1b661fae	16	907885	6955333	3972	0.028
7ddb3b11-95d7-4db0-9baa-960f1b661fae	16	6956009	7037472	95	0.1454
7ddb3b11-95d7-4db0-9baa-960f1b661fae	16	7037533	7096376	70	-0.2131
7ddb3b11-95d7-4db0-9baa-960f1b661fae	16	7096429	14683536	6601	0.0247
7ddb3b11-95d7-4db0-9baa-960f1b661fae	16	14683771	16943423	823	0.1295
7ddb3b11-95d7-4db0-9baa-960f1b661fae	16	16945314	19933041	1545	0.0327
7ddb3b11-95d7-4db0-9baa-960f1b661fae	16	19934328	19959168	31	0.4224
7ddb3b11-95d7-4db0-9baa-960f1b661fae	16	19959496	20522319	423	0.0064
7ddb3b11-95d7-4db0-9baa-960f1b661fae	16	20534515	20544152	10	0.5466
7ddb3b11-95d7-4db0-9baa-960f1b661fae	16	20547604	21340717	449	0.0174
7ddb3b11-95d7-4db0-9baa-960f1b661fae	16	21348993	22699421	465	0.1299
7ddb3b11-95d7-4db0-9baa-960f1b661fae	16	22701658	28886625	4072	0.0164
7ddb3b11-95d7-4db0-9baa-960f1b661fae	16	28887200	30500454	438	0.1448
7ddb3b11-95d7-4db0-9baa-960f1b661fae	16	30513879	78337711	21845	0.0238
7ddb3b11-95d7-4db0-9baa-960f1b661fae	16	78338543	78350841	16	0.9353
7ddb3b11-95d7-4db0-9baa-960f1b661fae	16	78350868	84009243	6341	0.0216
7ddb3b11-95d7-4db0-9baa-960f1b661fae	16	84011095	84954615	844	0.1113
7ddb3b11-95d7-4db0-9baa-960f1b661fae	16	84961837	88404879	2715	0.0333
7ddb3b11-95d7-4db0-9baa-960f1b661fae	16	88407435	90068899	693	0.1484
7ddb3b11-95d7-4db0-9baa-960f1b661fae	16	90071990	90096867	15	-0.0892
7ddb3b11-95d7-4db0-9baa-960f1b661fae	17	150733	41273905	20805	0.0311
7ddb3b11-95d7-4db0-9baa-960f1b661fae	17	41273921	41274198	3	2.0424
7ddb3b11-95d7-4db0-9baa-960f1b661fae	17	41274279	45434172	2136	0.0276
7ddb3b11-95d7-4db0-9baa-960f1b661fae	17	45436394	45641599	39	0.3005
7ddb3b11-95d7-4db0-9baa-960f1b661fae	17	45647163	46085231	322	0.0847
7ddb3b11-95d7-4db0-9baa-960f1b661fae	17	46085732	46571001	131	0.2435
7ddb3b11-95d7-4db0-9baa-960f1b661fae	17	46664059	65704672	11041	0.0174
7ddb3b11-95d7-4db0-9baa-960f1b661fae	17	65705035	65711806	10	-0.8798
7ddb3b11-95d7-4db0-9baa-960f1b661fae	17	65719233	73905601	5795	0.0205
7ddb3b11-95d7-4db0-9baa-960f1b661fae	17	73906293	74695789	511	0.1208
7ddb3b11-95d7-4db0-9baa-960f1b661fae	17	74706388	83091923	4189	0.0338
7ddb3b11-95d7-4db0-9baa-960f1b661fae	18	48133	42471713	23982	0.0198
7ddb3b11-95d7-4db0-9baa-960f1b661fae	18	42476604	42477490	23	-0.6002
7ddb3b11-95d7-4db0-9baa-960f1b661fae	18	42477506	44394050	1126	0.0116
7ddb3b11-95d7-4db0-9baa-960f1b661fae	18	44394853	44398660	7	-0.7611
7ddb3b11-95d7-4db0-9baa-960f1b661fae	18	44402706	44441254	17	0.0628
7ddb3b11-95d7-4db0-9baa-960f1b661fae	18	44444542	44448552	3	-1.5069
7ddb3b11-95d7-4db0-9baa-960f1b661fae	18	44452699	65535759	14720	0.0193
7ddb3b11-95d7-4db0-9baa-960f1b661fae	18	65535772	65537481	15	0.6361
7ddb3b11-95d7-4db0-9baa-960f1b661fae	18	65540037	80257174	10778	0.0142
7ddb3b11-95d7-4db0-9baa-960f1b661fae	19	90910	22451517	10066	0.0316
7ddb3b11-95d7-4db0-9baa-960f1b661fae	19	22452127	22452651	3	-1.1169
7ddb3b11-95d7-4db0-9baa-960f1b661fae	19	22456547	35294424	6570	0.0237
7ddb3b11-95d7-4db0-9baa-960f1b661fae	19	35297579	35304513	6	-1.1242
7ddb3b11-95d7-4db0-9baa-960f1b661fae	19	35305076	58586487	12444	0.0344
7ddb3b11-95d7-4db0-9baa-960f1b661fae	20	80664	1580353	1204	0.0413
7ddb3b11-95d7-4db0-9baa-960f1b661fae	20	1580934	1613247	41	1.5675
7ddb3b11-95d7-4db0-9baa-960f1b661fae	20	1617300	64324800	41074	0.0214
7ddb3b11-95d7-4db0-9baa-960f1b661fae	21	10354168	13028693	97	0.1843
7ddb3b11-95d7-4db0-9baa-960f1b661fae	21	13080541	31747872	13229	0.0085
7ddb3b11-95d7-4db0-9baa-960f1b661fae	21	31750968	31754816	7	-0.9142
7ddb3b11-95d7-4db0-9baa-960f1b661fae	21	31763169	40852194	6961	0.0181
7ddb3b11-95d7-4db0-9baa-960f1b661fae	21	40852807	41015349	131	0.5631
7ddb3b11-95d7-4db0-9baa-960f1b661fae	21	41021761	46677045	3405	0.0326
7ddb3b11-95d7-4db0-9baa-960f1b661fae	22	15294547	19694298	1608	0.0356
7ddb3b11-95d7-4db0-9baa-960f1b661fae	22	19694304	21742513	1189	0.1259
7ddb3b11-95d7-4db0-9baa-960f1b661fae	22	21744398	22148876	389	0.0395
7ddb3b11-95d7-4db0-9baa-960f1b661fae	22	22148948	22149460	5	1.6008
7ddb3b11-95d7-4db0-9baa-960f1b661fae	22	22149652	22398127	257	0.0627
7ddb3b11-95d7-4db0-9baa-960f1b661fae	22	22398345	22398545	4	1.3732
7ddb3b11-95d7-4db0-9baa-960f1b661fae	22	22402989	25268834	1755	0.0544
7ddb3b11-95d7-4db0-9baa-960f1b661fae	22	25268865	25526375	284	0.627
7ddb3b11-95d7-4db0-9baa-960f1b661fae	22	25526380	42496327	11636	0.0304
7ddb3b11-95d7-4db0-9baa-960f1b661fae	22	42496433	42538456	25	0.5281
7ddb3b11-95d7-4db0-9baa-960f1b661fae	22	42546956	44739926	1634	0.0158
7ddb3b11-95d7-4db0-9baa-960f1b661fae	22	44740431	44750935	5	-0.919
7ddb3b11-95d7-4db0-9baa-960f1b661fae	22	44754323	47082746	1569	0.0193
7ddb3b11-95d7-4db0-9baa-960f1b661fae	22	47084061	47084118	3	-1.0438
7ddb3b11-95d7-4db0-9baa-960f1b661fae	22	47090217	47688513	494	0.0235
7ddb3b11-95d7-4db0-9baa-960f1b661fae	22	47688550	47690040	2	-1.5134
7ddb3b11-95d7-4db0-9baa-960f1b661fae	22	47690166	49428320	1714	0.031
7ddb3b11-95d7-4db0-9baa-960f1b661fae	22	49430726	50796027	678	0.1325
7ddb3b11-95d7-4db0-9baa-960f1b661fae	X	251810	88392631	45834	0.0189
7ddb3b11-95d7-4db0-9baa-960f1b661fae	X	88398387	88527148	116	0.5778
7ddb3b11-95d7-4db0-9baa-960f1b661fae	X	88531767	91716565	1273	-0.018
7ddb3b11-95d7-4db0-9baa-960f1b661fae	X	91716703	91716741	2	-1.6784
7ddb3b11-95d7-4db0-9baa-960f1b661fae	X	91716772	155952689	36340	0.0163
7ddb3b11-95d7-4db0-9baa-960f1b661fae	Y	2782397	3421944	207	-3.3753
7ddb3b11-95d7-4db0-9baa-960f1b661fae	Y	3432225	6249869	577	-2.9435
7ddb3b11-95d7-4db0-9baa-960f1b661fae	Y	6252391	9311691	1431	-3.555
7ddb3b11-95d7-4db0-9baa-960f1b661fae	Y	9312346	9554275	36	-4.9822
7ddb3b11-95d7-4db0-9baa-960f1b661fae	Y	9554586	15563173	2083	-3.4433
7ddb3b11-95d7-4db0-9baa-960f1b661fae	Y	15564453	16152157	314	-3.1314
7ddb3b11-95d7-4db0-9baa-960f1b661fae	Y	16152582	18994175	669	-2.5128
7ddb3b11-95d7-4db0-9baa-960f1b661fae	Y	18997169	21464316	902	-2.8859
7ddb3b11-95d7-4db0-9baa-960f1b661fae	Y	21469249	21469743	3	-7.2032
7ddb3b11-95d7-4db0-9baa-960f1b661fae	Y	21470778	56872112	415	-2.7455
