GDC_Aliquot	Chromosome	Start	End	Num_Probes	Segment_Mean
03f2d564-924d-4f91-b7b2-5e34773376c9	1	3301765	8149261	3114	0.0175
03f2d564-924d-4f91-b7b2-5e34773376c9	1	8157027	8177739	12	0.6374
03f2d564-924d-4f91-b7b2-5e34773376c9	1	8181089	83658321	43080	0.0114
03f2d564-924d-4f91-b7b2-5e34773376c9	1	83658786	83661409	5	-0.8557
03f2d564-924d-4f91-b7b2-5e34773376c9	1	83666331	247650984	83615	0.0119
03f2d564-924d-4f91-b7b2-5e34773376c9	2	480597	203269382	108856	0.0131
03f2d564-924d-4f91-b7b2-5e34773376c9	2	203273526	203287873	9	0.6255
03f2d564-924d-4f91-b7b2-5e34773376c9	2	203292290	241537572	23404	0.012
03f2d564-924d-4f91-b7b2-5e34773376c9	3	2170634	197812401	107237	0.0106
03f2d564-924d-4f91-b7b2-5e34773376c9	4	1059384	93683627	52073	0.015
03f2d564-924d-4f91-b7b2-5e34773376c9	4	93692007	93759660	45	-0.9714
03f2d564-924d-4f91-b7b2-5e34773376c9	4	93760712	175778211	45420	0.015
03f2d564-924d-4f91-b7b2-5e34773376c9	4	175779215	175779314	2	-1.5674
03f2d564-924d-4f91-b7b2-5e34773376c9	4	175779418	187842528	6013	0.0112
03f2d564-924d-4f91-b7b2-5e34773376c9	5	913983	180934240	101174	0.0135
03f2d564-924d-4f91-b7b2-5e34773376c9	6	1011760	50925015	30129	0.0121
03f2d564-924d-4f91-b7b2-5e34773376c9	6	50925538	50925578	2	1.3106
03f2d564-924d-4f91-b7b2-5e34773376c9	6	50931560	129895365	42383	0.014
03f2d564-924d-4f91-b7b2-5e34773376c9	6	129896640	129896972	2	-1.2555
03f2d564-924d-4f91-b7b2-5e34773376c9	6	129899927	170596889	24699	0.0143
03f2d564-924d-4f91-b7b2-5e34773376c9	7	664936	101518850	51368	0.0153
03f2d564-924d-4f91-b7b2-5e34773376c9	7	101519270	101520113	2	-1.1774
03f2d564-924d-4f91-b7b2-5e34773376c9	7	101521752	108532679	3820	0.0175
03f2d564-924d-4f91-b7b2-5e34773376c9	7	108535897	108536531	2	-1.2333
03f2d564-924d-4f91-b7b2-5e34773376c9	7	108539074	126798645	9734	0.017
03f2d564-924d-4f91-b7b2-5e34773376c9	7	126799307	126799329	2	-1.1923
03f2d564-924d-4f91-b7b2-5e34773376c9	7	126801200	158592540	17051	0.0144
03f2d564-924d-4f91-b7b2-5e34773376c9	8	667625	144182542	82271	0.0114
03f2d564-924d-4f91-b7b2-5e34773376c9	9	789794	72665695	26706	0.0128
03f2d564-924d-4f91-b7b2-5e34773376c9	9	72669643	72670153	3	-1.1412
03f2d564-924d-4f91-b7b2-5e34773376c9	9	72670987	138044505	41811	0.0113
03f2d564-924d-4f91-b7b2-5e34773376c9	10	366509	126434342	77570	0.0145
03f2d564-924d-4f91-b7b2-5e34773376c9	10	126438594	126439011	2	-1.2981
03f2d564-924d-4f91-b7b2-5e34773376c9	10	126440217	133411599	3768	0.0163
03f2d564-924d-4f91-b7b2-5e34773376c9	11	456012	134272740	77613	0.0134
03f2d564-924d-4f91-b7b2-5e34773376c9	12	780472	72983103	39317	0.0135
03f2d564-924d-4f91-b7b2-5e34773376c9	12	72983317	72983858	2	-1.1824
03f2d564-924d-4f91-b7b2-5e34773376c9	12	72984212	132605822	35062	0.0157
03f2d564-924d-4f91-b7b2-5e34773376c9	13	18874255	114226675	57025	0.015
03f2d564-924d-4f91-b7b2-5e34773376c9	14	20033191	105533894	49818	0.0134
03f2d564-924d-4f91-b7b2-5e34773376c9	15	23437561	101344124	44806	0.0118
03f2d564-924d-4f91-b7b2-5e34773376c9	16	603333	89317317	41238	0.0141
03f2d564-924d-4f91-b7b2-5e34773376c9	17	1074619	18922050	8918	0.0178
03f2d564-924d-4f91-b7b2-5e34773376c9	17	18926720	18927693	2	-1.298
03f2d564-924d-4f91-b7b2-5e34773376c9	17	18929749	36803882	5205	0.011
03f2d564-924d-4f91-b7b2-5e34773376c9	17	36805589	36813767	4	-0.8889
03f2d564-924d-4f91-b7b2-5e34773376c9	17	36816800	81282198	22645	0.0115
03f2d564-924d-4f91-b7b2-5e34773376c9	17	81282420	81282457	2	-1.537
03f2d564-924d-4f91-b7b2-5e34773376c9	17	81288009	82613629	349	0.0249
03f2d564-924d-4f91-b7b2-5e34773376c9	17	82613819	82614057	2	1.25
03f2d564-924d-4f91-b7b2-5e34773376c9	17	82616656	82959812	179	0.0126
03f2d564-924d-4f91-b7b2-5e34773376c9	18	326691	11445964	6658	0.0139
03f2d564-924d-4f91-b7b2-5e34773376c9	18	11445967	11446202	2	-1.7988
03f2d564-924d-4f91-b7b2-5e34773376c9	18	11446246	79349796	36330	0.0116
03f2d564-924d-4f91-b7b2-5e34773376c9	19	283868	45977036	19000	0.0162
03f2d564-924d-4f91-b7b2-5e34773376c9	19	45987311	45991373	3	-1.0915
03f2d564-924d-4f91-b7b2-5e34773376c9	19	45991660	58370362	5159	0.0126
03f2d564-924d-4f91-b7b2-5e34773376c9	20	472817	63588502	37577	0.0157
03f2d564-924d-4f91-b7b2-5e34773376c9	21	13974127	46262057	20611	0.0184
03f2d564-924d-4f91-b7b2-5e34773376c9	22	16934932	48446524	16752	0.0222
03f2d564-924d-4f91-b7b2-5e34773376c9	22	48446642	48446736	3	-1.5083
03f2d564-924d-4f91-b7b2-5e34773376c9	22	48447383	48940621	343	0.0305
03f2d564-924d-4f91-b7b2-5e34773376c9	X	3236359	86554995	33202	0.0155
03f2d564-924d-4f91-b7b2-5e34773376c9	X	86555092	86556020	3	-1.0117
03f2d564-924d-4f91-b7b2-5e34773376c9	X	86556365	155677414	30792	0.0133
