GDC_Aliquot	Chromosome	Start	End	Num_Probes	Segment_Mean
9e80cde3-cb84-4a55-a77d-15eb2d799d10	1	62920	822089	33	0.2804
9e80cde3-cb84-4a55-a77d-15eb2d799d10	1	822543	1103978	55	-0.1623
9e80cde3-cb84-4a55-a77d-15eb2d799d10	1	1105077	3301765	648	0.0504
9e80cde3-cb84-4a55-a77d-15eb2d799d10	1	3302046	12778601	5745	-0.1147
9e80cde3-cb84-4a55-a77d-15eb2d799d10	1	12779433	13326062	42	0.4982
9e80cde3-cb84-4a55-a77d-15eb2d799d10	1	13338980	15162689	1377	-0.1361
9e80cde3-cb84-4a55-a77d-15eb2d799d10	1	15163114	15169338	14	0.3916
9e80cde3-cb84-4a55-a77d-15eb2d799d10	1	15169409	16488499	712	-0.1038
9e80cde3-cb84-4a55-a77d-15eb2d799d10	1	16489035	16719082	48	0.4385
9e80cde3-cb84-4a55-a77d-15eb2d799d10	1	16719266	21970933	3405	-0.1053
9e80cde3-cb84-4a55-a77d-15eb2d799d10	1	21971792	22031369	21	0.3753
9e80cde3-cb84-4a55-a77d-15eb2d799d10	1	22031461	25256850	1905	-0.114
9e80cde3-cb84-4a55-a77d-15eb2d799d10	1	25266637	25318693	19	-1.0839
9e80cde3-cb84-4a55-a77d-15eb2d799d10	1	25319167	27049799	735	-0.1087
9e80cde3-cb84-4a55-a77d-15eb2d799d10	1	27051821	27061194	11	0.4709
9e80cde3-cb84-4a55-a77d-15eb2d799d10	1	27061893	34622883	4202	-0.1129
9e80cde3-cb84-4a55-a77d-15eb2d799d10	1	34625857	34650960	27	0.3459
9e80cde3-cb84-4a55-a77d-15eb2d799d10	1	34652324	54777646	11140	-0.1197
9e80cde3-cb84-4a55-a77d-15eb2d799d10	1	54777917	54808979	21	0.3569
9e80cde3-cb84-4a55-a77d-15eb2d799d10	1	54809137	72313397	12590	-0.1308
9e80cde3-cb84-4a55-a77d-15eb2d799d10	1	72313408	72323042	9	0.5565
9e80cde3-cb84-4a55-a77d-15eb2d799d10	1	72323161	72557372	155	-0.1164
9e80cde3-cb84-4a55-a77d-15eb2d799d10	1	72559396	72620518	36	-0.4825
9e80cde3-cb84-4a55-a77d-15eb2d799d10	1	72622475	74803600	1343	-0.1361
9e80cde3-cb84-4a55-a77d-15eb2d799d10	1	74805388	74808182	2	1.3466
9e80cde3-cb84-4a55-a77d-15eb2d799d10	1	74808303	78323769	2250	-0.1481
9e80cde3-cb84-4a55-a77d-15eb2d799d10	1	78323890	78329348	3	1.4408
9e80cde3-cb84-4a55-a77d-15eb2d799d10	1	78333055	89009572	7168	-0.1334
9e80cde3-cb84-4a55-a77d-15eb2d799d10	1	89012275	89012522	2	-2.3149
9e80cde3-cb84-4a55-a77d-15eb2d799d10	1	89015841	94681795	3495	-0.1293
9e80cde3-cb84-4a55-a77d-15eb2d799d10	1	94683470	94686853	16	0.3402
9e80cde3-cb84-4a55-a77d-15eb2d799d10	1	94686928	102222016	4837	-0.1287
9e80cde3-cb84-4a55-a77d-15eb2d799d10	1	102222117	102278456	36	-0.4781
9e80cde3-cb84-4a55-a77d-15eb2d799d10	1	102278753	103613109	693	-0.1552
9e80cde3-cb84-4a55-a77d-15eb2d799d10	1	103613180	103717617	13	0.5388
9e80cde3-cb84-4a55-a77d-15eb2d799d10	1	103760781	105476583	917	-0.1591
9e80cde3-cb84-4a55-a77d-15eb2d799d10	1	105476614	105479722	14	0.8837
9e80cde3-cb84-4a55-a77d-15eb2d799d10	1	105479738	109679105	2633	-0.1392
9e80cde3-cb84-4a55-a77d-15eb2d799d10	1	109684695	109702376	16	1.068
9e80cde3-cb84-4a55-a77d-15eb2d799d10	1	109703504	112147704	1949	-0.0995
9e80cde3-cb84-4a55-a77d-15eb2d799d10	1	112153343	112163460	29	-0.9549
9e80cde3-cb84-4a55-a77d-15eb2d799d10	1	112163496	119567888	4713	-0.121
9e80cde3-cb84-4a55-a77d-15eb2d799d10	1	119568996	119606894	41	0.2609
9e80cde3-cb84-4a55-a77d-15eb2d799d10	1	119608060	120141112	292	-0.114
9e80cde3-cb84-4a55-a77d-15eb2d799d10	1	120144437	121386039	26	0.3669
9e80cde3-cb84-4a55-a77d-15eb2d799d10	1	121389102	121562160	66	-0.121
9e80cde3-cb84-4a55-a77d-15eb2d799d10	1	121562506	145664420	159	0.357
9e80cde3-cb84-4a55-a77d-15eb2d799d10	1	145670653	152588065	2299	-0.0943
9e80cde3-cb84-4a55-a77d-15eb2d799d10	1	152588392	152613762	22	-1.7138
9e80cde3-cb84-4a55-a77d-15eb2d799d10	1	152613802	152787202	171	-0.114
9e80cde3-cb84-4a55-a77d-15eb2d799d10	1	152789447	152796094	36	0.4
9e80cde3-cb84-4a55-a77d-15eb2d799d10	1	152796224	170443082	12175	-0.1263
9e80cde3-cb84-4a55-a77d-15eb2d799d10	1	170443120	174827418	2618	0.407
9e80cde3-cb84-4a55-a77d-15eb2d799d10	1	174827561	174828439	10	-0.2858
9e80cde3-cb84-4a55-a77d-15eb2d799d10	1	174828454	195252090	13673	0.4198
9e80cde3-cb84-4a55-a77d-15eb2d799d10	1	195255940	195415124	101	0.2038
9e80cde3-cb84-4a55-a77d-15eb2d799d10	1	195415828	196745743	874	0.4462
9e80cde3-cb84-4a55-a77d-15eb2d799d10	1	196758720	196762956	4	-1.1187
9e80cde3-cb84-4a55-a77d-15eb2d799d10	1	196769493	196843377	55	0.517
9e80cde3-cb84-4a55-a77d-15eb2d799d10	1	196843400	196846661	2	1.7939
9e80cde3-cb84-4a55-a77d-15eb2d799d10	1	196847600	212831113	10736	0.421
9e80cde3-cb84-4a55-a77d-15eb2d799d10	1	212831670	212837094	6	-0.9824
9e80cde3-cb84-4a55-a77d-15eb2d799d10	1	212841111	217026391	2996	0.4227
9e80cde3-cb84-4a55-a77d-15eb2d799d10	1	217026435	217026686	2	-0.9852
9e80cde3-cb84-4a55-a77d-15eb2d799d10	1	217027061	222843064	3984	0.4333
9e80cde3-cb84-4a55-a77d-15eb2d799d10	1	222843983	222850262	5	-1.1448
9e80cde3-cb84-4a55-a77d-15eb2d799d10	1	222850427	242884254	14282	0.4199
9e80cde3-cb84-4a55-a77d-15eb2d799d10	1	242885438	242895662	15	0.9119
9e80cde3-cb84-4a55-a77d-15eb2d799d10	1	242895800	242976935	35	0.4426
9e80cde3-cb84-4a55-a77d-15eb2d799d10	1	242979007	243119182	24	0.9928
9e80cde3-cb84-4a55-a77d-15eb2d799d10	1	243129825	248574146	3547	0.4203
9e80cde3-cb84-4a55-a77d-15eb2d799d10	1	248585893	248631988	30	-0.5136
9e80cde3-cb84-4a55-a77d-15eb2d799d10	1	248633821	248930189	142	0.5037
9e80cde3-cb84-4a55-a77d-15eb2d799d10	2	12784	4922230	3676	-0.1131
9e80cde3-cb84-4a55-a77d-15eb2d799d10	2	4922763	4923117	2	-2.1746
9e80cde3-cb84-4a55-a77d-15eb2d799d10	2	4924297	24374359	14225	-0.1244
9e80cde3-cb84-4a55-a77d-15eb2d799d10	2	24376304	24392754	27	0.4411
9e80cde3-cb84-4a55-a77d-15eb2d799d10	2	24392774	34439683	6121	-0.1225
9e80cde3-cb84-4a55-a77d-15eb2d799d10	2	34450400	34498234	42	0.3703
9e80cde3-cb84-4a55-a77d-15eb2d799d10	2	34501613	35356629	547	-0.1682
9e80cde3-cb84-4a55-a77d-15eb2d799d10	2	35356931	35385967	49	-1.2773
9e80cde3-cb84-4a55-a77d-15eb2d799d10	2	35389159	35719445	259	-0.2944
9e80cde3-cb84-4a55-a77d-15eb2d799d10	2	35719446	41154236	4069	-0.1384
9e80cde3-cb84-4a55-a77d-15eb2d799d10	2	41155676	41334970	149	-0.3772
9e80cde3-cb84-4a55-a77d-15eb2d799d10	2	41337589	45090759	2672	-0.1165
9e80cde3-cb84-4a55-a77d-15eb2d799d10	2	45091326	45091575	2	-2.0382
9e80cde3-cb84-4a55-a77d-15eb2d799d10	2	45092366	50641413	3954	-0.121
9e80cde3-cb84-4a55-a77d-15eb2d799d10	2	50641545	51096757	317	-0.2782
9e80cde3-cb84-4a55-a77d-15eb2d799d10	2	51097199	52527590	977	-0.1448
9e80cde3-cb84-4a55-a77d-15eb2d799d10	2	52527727	52554157	27	-1.0438
9e80cde3-cb84-4a55-a77d-15eb2d799d10	2	52554188	79049506	17149	-0.126
9e80cde3-cb84-4a55-a77d-15eb2d799d10	2	79049909	79070528	10	0.7532
9e80cde3-cb84-4a55-a77d-15eb2d799d10	2	79070721	86878753	4804	-0.1365
9e80cde3-cb84-4a55-a77d-15eb2d799d10	2	86881088	87925972	153	0.1942
9e80cde3-cb84-4a55-a77d-15eb2d799d10	2	87936297	88844392	471	-0.1225
9e80cde3-cb84-4a55-a77d-15eb2d799d10	2	88844486	90186197	266	0.1032
9e80cde3-cb84-4a55-a77d-15eb2d799d10	2	90186212	90209658	30	-0.3247
9e80cde3-cb84-4a55-a77d-15eb2d799d10	2	90209918	94669081	75	0.3978
9e80cde3-cb84-4a55-a77d-15eb2d799d10	2	94675825	97124542	825	-0.0746
9e80cde3-cb84-4a55-a77d-15eb2d799d10	2	97128607	97669831	99	0.246
9e80cde3-cb84-4a55-a77d-15eb2d799d10	2	97670306	106258041	5526	-0.1111
9e80cde3-cb84-4a55-a77d-15eb2d799d10	2	106258193	106270952	16	0.5815
9e80cde3-cb84-4a55-a77d-15eb2d799d10	2	106271414	111298710	2579	-0.1263
9e80cde3-cb84-4a55-a77d-15eb2d799d10	2	111298713	111495917	49	0.2431
9e80cde3-cb84-4a55-a77d-15eb2d799d10	2	111498124	115777346	2487	-0.1034
9e80cde3-cb84-4a55-a77d-15eb2d799d10	2	115779014	115825989	33	-0.5061
9e80cde3-cb84-4a55-a77d-15eb2d799d10	2	115826054	117466188	980	-0.1409
9e80cde3-cb84-4a55-a77d-15eb2d799d10	2	117466594	117485557	11	0.5651
9e80cde3-cb84-4a55-a77d-15eb2d799d10	2	117487414	123293278	3770	-0.108
9e80cde3-cb84-4a55-a77d-15eb2d799d10	2	123296282	125712297	1567	-0.1743
9e80cde3-cb84-4a55-a77d-15eb2d799d10	2	125712933	130026710	2792	-0.1105
9e80cde3-cb84-4a55-a77d-15eb2d799d10	2	130031187	130116915	16	0.8749
9e80cde3-cb84-4a55-a77d-15eb2d799d10	2	130117303	130284860	42	0.2353
9e80cde3-cb84-4a55-a77d-15eb2d799d10	2	130288531	130400286	50	-0.0716
9e80cde3-cb84-4a55-a77d-15eb2d799d10	2	130450196	130539652	9	0.9656
9e80cde3-cb84-4a55-a77d-15eb2d799d10	2	130560276	130560478	2	-2.1384
9e80cde3-cb84-4a55-a77d-15eb2d799d10	2	130720375	131956771	508	-0.0522
9e80cde3-cb84-4a55-a77d-15eb2d799d10	2	131962142	132601016	293	0.4855
9e80cde3-cb84-4a55-a77d-15eb2d799d10	2	132603497	139494940	4536	-0.1294
9e80cde3-cb84-4a55-a77d-15eb2d799d10	2	139495192	139518691	14	-0.7285
9e80cde3-cb84-4a55-a77d-15eb2d799d10	2	139519783	139984226	290	-0.1703
9e80cde3-cb84-4a55-a77d-15eb2d799d10	2	139987632	139993331	6	0.9185
9e80cde3-cb84-4a55-a77d-15eb2d799d10	2	139996333	146104517	3767	-0.1245
9e80cde3-cb84-4a55-a77d-15eb2d799d10	2	146106836	146109341	23	0.5564
9e80cde3-cb84-4a55-a77d-15eb2d799d10	2	146109366	153952033	4836	-0.1199
9e80cde3-cb84-4a55-a77d-15eb2d799d10	2	153952097	153952184	3	-1.8339
9e80cde3-cb84-4a55-a77d-15eb2d799d10	2	153953975	182248055	17402	-0.1166
9e80cde3-cb84-4a55-a77d-15eb2d799d10	2	182248403	182250136	4	-1.703
9e80cde3-cb84-4a55-a77d-15eb2d799d10	2	182251925	183220725	565	-0.1138
9e80cde3-cb84-4a55-a77d-15eb2d799d10	2	183221060	183224996	9	-1.9376
9e80cde3-cb84-4a55-a77d-15eb2d799d10	2	183229270	184263704	656	-0.1622
9e80cde3-cb84-4a55-a77d-15eb2d799d10	2	184264288	184265221	6	0.6049
9e80cde3-cb84-4a55-a77d-15eb2d799d10	2	184267211	184392357	117	-0.1416
9e80cde3-cb84-4a55-a77d-15eb2d799d10	2	184396637	184396743	4	1.2598
9e80cde3-cb84-4a55-a77d-15eb2d799d10	2	184396745	185932295	822	-0.1608
9e80cde3-cb84-4a55-a77d-15eb2d799d10	2	185932330	185942666	3	-2.3976
9e80cde3-cb84-4a55-a77d-15eb2d799d10	2	185943131	192829879	3948	-0.1122
9e80cde3-cb84-4a55-a77d-15eb2d799d10	2	192830040	192881557	30	-0.5792
9e80cde3-cb84-4a55-a77d-15eb2d799d10	2	192882096	232375213	24380	-0.1203
9e80cde3-cb84-4a55-a77d-15eb2d799d10	2	232376888	232423556	37	0.3186
9e80cde3-cb84-4a55-a77d-15eb2d799d10	2	232424039	233630465	713	-0.1283
9e80cde3-cb84-4a55-a77d-15eb2d799d10	2	233631176	233639465	3	1.1766
9e80cde3-cb84-4a55-a77d-15eb2d799d10	2	233640365	238993848	3729	-0.1174
9e80cde3-cb84-4a55-a77d-15eb2d799d10	2	238997250	239097116	57	0.1454
9e80cde3-cb84-4a55-a77d-15eb2d799d10	2	239097982	241547279	1478	-0.1019
9e80cde3-cb84-4a55-a77d-15eb2d799d10	2	241547397	242147305	178	0.044
9e80cde3-cb84-4a55-a77d-15eb2d799d10	3	20930	2764603	2401	-0.2554
9e80cde3-cb84-4a55-a77d-15eb2d799d10	3	2770724	4052156	1231	-0.1632
9e80cde3-cb84-4a55-a77d-15eb2d799d10	3	4052180	4064520	35	0.4112
9e80cde3-cb84-4a55-a77d-15eb2d799d10	3	4064586	10145384	4922	-0.1593
9e80cde3-cb84-4a55-a77d-15eb2d799d10	3	10145397	10213113	62	0.1934
9e80cde3-cb84-4a55-a77d-15eb2d799d10	3	10215823	21774524	7666	-0.1435
9e80cde3-cb84-4a55-a77d-15eb2d799d10	3	21774688	22314753	521	-0.2813
9e80cde3-cb84-4a55-a77d-15eb2d799d10	3	22314768	26965160	3453	-0.1579
9e80cde3-cb84-4a55-a77d-15eb2d799d10	3	26965740	26971321	3	-1.8047
9e80cde3-cb84-4a55-a77d-15eb2d799d10	3	26971483	59852882	20093	-0.1445
9e80cde3-cb84-4a55-a77d-15eb2d799d10	3	59853324	60607127	909	-0.2558
9e80cde3-cb84-4a55-a77d-15eb2d799d10	3	60607295	60607409	2	-2.6862
9e80cde3-cb84-4a55-a77d-15eb2d799d10	3	60610610	65214027	3995	-0.1668
9e80cde3-cb84-4a55-a77d-15eb2d799d10	3	65214192	65221229	11	0.7164
9e80cde3-cb84-4a55-a77d-15eb2d799d10	3	65221269	68682877	2429	-0.1632
9e80cde3-cb84-4a55-a77d-15eb2d799d10	3	68697013	68698262	15	0.821
9e80cde3-cb84-4a55-a77d-15eb2d799d10	3	68699607	69987610	1092	-0.1438
9e80cde3-cb84-4a55-a77d-15eb2d799d10	3	69987966	69991393	6	0.8042
9e80cde3-cb84-4a55-a77d-15eb2d799d10	3	69992952	75348062	3753	-0.1591
9e80cde3-cb84-4a55-a77d-15eb2d799d10	3	75357247	75500567	58	0.3193
9e80cde3-cb84-4a55-a77d-15eb2d799d10	3	75500795	75547095	13	1.2991
9e80cde3-cb84-4a55-a77d-15eb2d799d10	3	75559488	75853758	66	0.3263
9e80cde3-cb84-4a55-a77d-15eb2d799d10	3	75863200	84649532	4902	-0.1632
9e80cde3-cb84-4a55-a77d-15eb2d799d10	3	84649683	84657914	25	0.4438
9e80cde3-cb84-4a55-a77d-15eb2d799d10	3	84662574	85437603	452	-0.1562
9e80cde3-cb84-4a55-a77d-15eb2d799d10	3	85438062	85555773	66	-0.554
9e80cde3-cb84-4a55-a77d-15eb2d799d10	3	85555921	89337951	2171	-0.1627
9e80cde3-cb84-4a55-a77d-15eb2d799d10	3	89345442	89368137	48	-0.6299
9e80cde3-cb84-4a55-a77d-15eb2d799d10	3	89370214	98190281	2635	-0.1572
9e80cde3-cb84-4a55-a77d-15eb2d799d10	3	98194581	98195973	2	1.5453
9e80cde3-cb84-4a55-a77d-15eb2d799d10	3	98197104	99225614	590	-0.1385
9e80cde3-cb84-4a55-a77d-15eb2d799d10	3	99225632	99232120	38	0.2809
9e80cde3-cb84-4a55-a77d-15eb2d799d10	3	99232539	100683454	782	-0.1725
9e80cde3-cb84-4a55-a77d-15eb2d799d10	3	100692517	100727772	18	-0.8109
9e80cde3-cb84-4a55-a77d-15eb2d799d10	3	100728134	103271406	1444	-0.1536
9e80cde3-cb84-4a55-a77d-15eb2d799d10	3	103272420	103273767	2	-1.7461
9e80cde3-cb84-4a55-a77d-15eb2d799d10	3	103273801	105582898	1533	-0.1373
9e80cde3-cb84-4a55-a77d-15eb2d799d10	3	105585640	105587097	4	-1.307
9e80cde3-cb84-4a55-a77d-15eb2d799d10	3	105594893	125688845	12421	-0.1137
9e80cde3-cb84-4a55-a77d-15eb2d799d10	3	125705628	125750578	19	0.5672
9e80cde3-cb84-4a55-a77d-15eb2d799d10	3	125756491	125993496	101	-0.0852
9e80cde3-cb84-4a55-a77d-15eb2d799d10	3	125993720	125993872	4	1.1947
9e80cde3-cb84-4a55-a77d-15eb2d799d10	3	125993886	130031363	2341	-0.0963
9e80cde3-cb84-4a55-a77d-15eb2d799d10	3	130035092	130201415	79	0.4307
9e80cde3-cb84-4a55-a77d-15eb2d799d10	3	130202376	146668345	10351	-0.1102
9e80cde3-cb84-4a55-a77d-15eb2d799d10	3	146674197	147970210	696	-0.2024
9e80cde3-cb84-4a55-a77d-15eb2d799d10	3	147972924	162700617	9107	-0.1041
9e80cde3-cb84-4a55-a77d-15eb2d799d10	3	162701344	163894220	684	-0.181
9e80cde3-cb84-4a55-a77d-15eb2d799d10	3	163901622	169630215	3354	0.1725
9e80cde3-cb84-4a55-a77d-15eb2d799d10	3	169631156	169632816	3	-1.2114
9e80cde3-cb84-4a55-a77d-15eb2d799d10	3	169634670	172555565	1822	0.1899
9e80cde3-cb84-4a55-a77d-15eb2d799d10	3	172556726	172558106	4	-1.689
9e80cde3-cb84-4a55-a77d-15eb2d799d10	3	172558964	173445964	558	0.1843
9e80cde3-cb84-4a55-a77d-15eb2d799d10	3	173454317	173847329	293	0.0239
9e80cde3-cb84-4a55-a77d-15eb2d799d10	3	173847469	175369161	1074	0.2063
9e80cde3-cb84-4a55-a77d-15eb2d799d10	3	175369763	175739739	263	-0.0028
9e80cde3-cb84-4a55-a77d-15eb2d799d10	3	175740097	186668830	6474	0.1786
9e80cde3-cb84-4a55-a77d-15eb2d799d10	3	186668898	186709205	46	0.5497
9e80cde3-cb84-4a55-a77d-15eb2d799d10	3	186709267	191939452	3836	0.196
9e80cde3-cb84-4a55-a77d-15eb2d799d10	3	191940151	191941728	3	-1.4357
9e80cde3-cb84-4a55-a77d-15eb2d799d10	3	191946976	195775248	2438	0.1883
9e80cde3-cb84-4a55-a77d-15eb2d799d10	3	195791789	195795450	4	1.3209
9e80cde3-cb84-4a55-a77d-15eb2d799d10	3	195799712	198045878	1073	0.1998
9e80cde3-cb84-4a55-a77d-15eb2d799d10	3	198047043	198047127	3	1.597
9e80cde3-cb84-4a55-a77d-15eb2d799d10	3	198052760	198169247	73	0.2453
9e80cde3-cb84-4a55-a77d-15eb2d799d10	4	68929	740219	252	-0.0662
9e80cde3-cb84-4a55-a77d-15eb2d799d10	4	740563	766145	6	-0.9696
9e80cde3-cb84-4a55-a77d-15eb2d799d10	4	766254	3899125	1312	-0.0985
9e80cde3-cb84-4a55-a77d-15eb2d799d10	4	3901987	4174902	72	0.4552
9e80cde3-cb84-4a55-a77d-15eb2d799d10	4	4175446	5319207	886	-0.1344
9e80cde3-cb84-4a55-a77d-15eb2d799d10	4	5321568	5322852	4	0.7494
9e80cde3-cb84-4a55-a77d-15eb2d799d10	4	5322933	6402659	958	-0.1348
9e80cde3-cb84-4a55-a77d-15eb2d799d10	4	6402804	6409019	7	0.7126
9e80cde3-cb84-4a55-a77d-15eb2d799d10	4	6409978	8720526	1596	-0.114
9e80cde3-cb84-4a55-a77d-15eb2d799d10	4	8722817	9496201	69	0.1332
9e80cde3-cb84-4a55-a77d-15eb2d799d10	4	9496271	9578388	23	0.7799
9e80cde3-cb84-4a55-a77d-15eb2d799d10	4	9584689	9608588	8	-0.1461
9e80cde3-cb84-4a55-a77d-15eb2d799d10	4	9609556	9648974	11	0.7269
9e80cde3-cb84-4a55-a77d-15eb2d799d10	4	9652366	10208766	494	-0.1057
9e80cde3-cb84-4a55-a77d-15eb2d799d10	4	10212536	10229173	23	-1.3962
9e80cde3-cb84-4a55-a77d-15eb2d799d10	4	10229188	34777432	16959	-0.1436
9e80cde3-cb84-4a55-a77d-15eb2d799d10	4	34784878	34828382	43	-0.6707
9e80cde3-cb84-4a55-a77d-15eb2d799d10	4	34830196	43143380	5514	-0.1488
9e80cde3-cb84-4a55-a77d-15eb2d799d10	4	43143414	43154422	12	-0.9384
9e80cde3-cb84-4a55-a77d-15eb2d799d10	4	43154741	49152601	3426	-0.1483
9e80cde3-cb84-4a55-a77d-15eb2d799d10	4	49152752	49654496	23	0.6872
9e80cde3-cb84-4a55-a77d-15eb2d799d10	4	49654578	62911282	7050	-0.1471
9e80cde3-cb84-4a55-a77d-15eb2d799d10	4	62916204	62926569	10	-0.907
9e80cde3-cb84-4a55-a77d-15eb2d799d10	4	62927782	68494770	3389	-0.1557
9e80cde3-cb84-4a55-a77d-15eb2d799d10	4	68501424	68686026	74	0.5522
9e80cde3-cb84-4a55-a77d-15eb2d799d10	4	68725894	69222883	289	-0.1659
9e80cde3-cb84-4a55-a77d-15eb2d799d10	4	69223380	69433747	112	0.1251
9e80cde3-cb84-4a55-a77d-15eb2d799d10	4	69436657	76866051	4557	-0.1388
9e80cde3-cb84-4a55-a77d-15eb2d799d10	4	76870066	76872235	17	0.4527
9e80cde3-cb84-4a55-a77d-15eb2d799d10	4	76872625	89940054	8220	-0.135
9e80cde3-cb84-4a55-a77d-15eb2d799d10	4	89940921	89949208	7	-0.9507
9e80cde3-cb84-4a55-a77d-15eb2d799d10	4	89952122	90361995	254	-0.1032
9e80cde3-cb84-4a55-a77d-15eb2d799d10	4	90363792	90373217	11	-0.9025
9e80cde3-cb84-4a55-a77d-15eb2d799d10	4	90373267	114252456	14182	-0.143
9e80cde3-cb84-4a55-a77d-15eb2d799d10	4	114252472	114261019	26	0.4508
9e80cde3-cb84-4a55-a77d-15eb2d799d10	4	114263073	133782753	11374	-0.1435
9e80cde3-cb84-4a55-a77d-15eb2d799d10	4	133783312	133796162	13	-0.8541
9e80cde3-cb84-4a55-a77d-15eb2d799d10	4	133796789	134119140	154	-0.1845
9e80cde3-cb84-4a55-a77d-15eb2d799d10	4	134123392	134150991	14	-0.9275
9e80cde3-cb84-4a55-a77d-15eb2d799d10	4	134151202	137017547	1553	-0.1419
9e80cde3-cb84-4a55-a77d-15eb2d799d10	4	137017561	137033441	36	-0.6118
9e80cde3-cb84-4a55-a77d-15eb2d799d10	4	137037310	137163953	80	-0.1462
9e80cde3-cb84-4a55-a77d-15eb2d799d10	4	137168393	137171085	4	0.9355
9e80cde3-cb84-4a55-a77d-15eb2d799d10	4	137171266	143921752	4448	-0.1381
9e80cde3-cb84-4a55-a77d-15eb2d799d10	4	143922175	144080322	74	0.1352
9e80cde3-cb84-4a55-a77d-15eb2d799d10	4	144080936	149202558	2914	-0.1447
9e80cde3-cb84-4a55-a77d-15eb2d799d10	4	149203755	149213501	9	-0.7546
9e80cde3-cb84-4a55-a77d-15eb2d799d10	4	149219951	150947789	904	-0.1485
9e80cde3-cb84-4a55-a77d-15eb2d799d10	4	150955157	150959988	19	0.4725
9e80cde3-cb84-4a55-a77d-15eb2d799d10	4	150960057	154881396	2419	-0.1313
9e80cde3-cb84-4a55-a77d-15eb2d799d10	4	154881853	154881926	3	-3.5557
9e80cde3-cb84-4a55-a77d-15eb2d799d10	4	154882047	178518853	14929	-0.1433
9e80cde3-cb84-4a55-a77d-15eb2d799d10	4	178519555	178537515	10	-0.9743
9e80cde3-cb84-4a55-a77d-15eb2d799d10	4	178537689	184097238	4073	-0.1738
9e80cde3-cb84-4a55-a77d-15eb2d799d10	4	184100848	185044138	699	-0.052
9e80cde3-cb84-4a55-a77d-15eb2d799d10	4	185044622	189146410	2896	-0.1536
9e80cde3-cb84-4a55-a77d-15eb2d799d10	4	189146482	189149730	2	-2.3327
9e80cde3-cb84-4a55-a77d-15eb2d799d10	4	189149760	189543103	267	-0.1658
9e80cde3-cb84-4a55-a77d-15eb2d799d10	4	189550263	189593188	22	0.4763
9e80cde3-cb84-4a55-a77d-15eb2d799d10	4	189596949	189864410	105	-0.1245
9e80cde3-cb84-4a55-a77d-15eb2d799d10	4	189870388	190106768	59	0.4261
9e80cde3-cb84-4a55-a77d-15eb2d799d10	5	15532	698390	309	0.4583
9e80cde3-cb84-4a55-a77d-15eb2d799d10	5	717264	822008	37	0.9142
9e80cde3-cb84-4a55-a77d-15eb2d799d10	5	823484	1408932	284	0.4191
9e80cde3-cb84-4a55-a77d-15eb2d799d10	5	1411730	1927239	314	0.5174
9e80cde3-cb84-4a55-a77d-15eb2d799d10	5	1927298	12819263	9248	0.392
9e80cde3-cb84-4a55-a77d-15eb2d799d10	5	12819554	12838421	10	-0.7846
9e80cde3-cb84-4a55-a77d-15eb2d799d10	5	12849089	22556401	6072	0.3822
9e80cde3-cb84-4a55-a77d-15eb2d799d10	5	22567105	22571167	6	1.4739
9e80cde3-cb84-4a55-a77d-15eb2d799d10	5	22574002	58660999	19937	0.3927
9e80cde3-cb84-4a55-a77d-15eb2d799d10	5	58661016	58663010	22	-0.4845
9e80cde3-cb84-4a55-a77d-15eb2d799d10	5	58663305	69550476	6831	0.389
9e80cde3-cb84-4a55-a77d-15eb2d799d10	5	69571467	71358245	26	1.0613
9e80cde3-cb84-4a55-a77d-15eb2d799d10	5	71364924	82365631	7014	0.3848
9e80cde3-cb84-4a55-a77d-15eb2d799d10	5	82367986	82408192	26	0.7464
9e80cde3-cb84-4a55-a77d-15eb2d799d10	5	82410641	99292623	9437	0.3924
9e80cde3-cb84-4a55-a77d-15eb2d799d10	5	99295603	99310083	11	-0.2024
9e80cde3-cb84-4a55-a77d-15eb2d799d10	5	99310588	99485368	103	0.3088
9e80cde3-cb84-4a55-a77d-15eb2d799d10	5	99498288	99527929	11	1.1258
9e80cde3-cb84-4a55-a77d-15eb2d799d10	5	99528507	99613309	39	0.324
9e80cde3-cb84-4a55-a77d-15eb2d799d10	5	99621129	99681066	37	-0.0206
9e80cde3-cb84-4a55-a77d-15eb2d799d10	5	99684827	103688305	2312	0.3706
9e80cde3-cb84-4a55-a77d-15eb2d799d10	5	103692243	103693035	2	-1.4972
9e80cde3-cb84-4a55-a77d-15eb2d799d10	5	103693070	104515520	511	0.396
9e80cde3-cb84-4a55-a77d-15eb2d799d10	5	104524672	104524903	4	1.7502
9e80cde3-cb84-4a55-a77d-15eb2d799d10	5	104525348	120474353	10942	0.3804
9e80cde3-cb84-4a55-a77d-15eb2d799d10	5	120478617	121793804	894	0.9868
9e80cde3-cb84-4a55-a77d-15eb2d799d10	5	121797242	121799781	3	-0.8932
9e80cde3-cb84-4a55-a77d-15eb2d799d10	5	121800431	138475398	10314	0.9596
9e80cde3-cb84-4a55-a77d-15eb2d799d10	5	138475459	139803311	575	0.854
9e80cde3-cb84-4a55-a77d-15eb2d799d10	5	139804359	148811835	5716	0.9624
9e80cde3-cb84-4a55-a77d-15eb2d799d10	5	148811981	152134539	2320	0.9163
9e80cde3-cb84-4a55-a77d-15eb2d799d10	5	152134610	161225434	6281	0.9625
9e80cde3-cb84-4a55-a77d-15eb2d799d10	5	161226160	163353785	1277	0.9958
9e80cde3-cb84-4a55-a77d-15eb2d799d10	5	163357634	163466377	59	0.7536
9e80cde3-cb84-4a55-a77d-15eb2d799d10	5	163466413	167729228	2889	0.9969
9e80cde3-cb84-4a55-a77d-15eb2d799d10	5	167730030	172018480	3290	0.945
9e80cde3-cb84-4a55-a77d-15eb2d799d10	5	172020821	172208249	147	1.1319
9e80cde3-cb84-4a55-a77d-15eb2d799d10	5	172208264	180947523	5344	0.9401
9e80cde3-cb84-4a55-a77d-15eb2d799d10	5	180951710	181006225	20	0.127
9e80cde3-cb84-4a55-a77d-15eb2d799d10	5	181006264	181363319	169	1.0143
9e80cde3-cb84-4a55-a77d-15eb2d799d10	6	149661	254283	101	0.0306
9e80cde3-cb84-4a55-a77d-15eb2d799d10	6	257353	356115	74	-0.4493
9e80cde3-cb84-4a55-a77d-15eb2d799d10	6	356152	19039888	14585	-0.1239
9e80cde3-cb84-4a55-a77d-15eb2d799d10	6	19041950	19042587	3	-4.2472
9e80cde3-cb84-4a55-a77d-15eb2d799d10	6	19044471	26743855	5453	-0.1339
9e80cde3-cb84-4a55-a77d-15eb2d799d10	6	26747492	26994878	52	0.1811
9e80cde3-cb84-4a55-a77d-15eb2d799d10	6	26995155	29869747	1373	-0.1175
9e80cde3-cb84-4a55-a77d-15eb2d799d10	6	29873174	29881490	10	0.8289
9e80cde3-cb84-4a55-a77d-15eb2d799d10	6	29882419	31216398	590	-0.1007
9e80cde3-cb84-4a55-a77d-15eb2d799d10	6	31216419	32197806	419	0.0377
9e80cde3-cb84-4a55-a77d-15eb2d799d10	6	32212119	32772111	313	-0.1087
9e80cde3-cb84-4a55-a77d-15eb2d799d10	6	32772190	32774091	4	-1.5491
9e80cde3-cb84-4a55-a77d-15eb2d799d10	6	32775326	52746586	12612	-0.1198
9e80cde3-cb84-4a55-a77d-15eb2d799d10	6	52749018	52800741	48	0.4514
9e80cde3-cb84-4a55-a77d-15eb2d799d10	6	52800766	58383095	3145	-0.1296
9e80cde3-cb84-4a55-a77d-15eb2d799d10	6	58383472	60684120	100	0.1518
9e80cde3-cb84-4a55-a77d-15eb2d799d10	6	60684434	61264479	233	-0.0816
9e80cde3-cb84-4a55-a77d-15eb2d799d10	6	61264796	61532234	32	0.4855
9e80cde3-cb84-4a55-a77d-15eb2d799d10	6	61537573	65157876	2019	-0.1376
9e80cde3-cb84-4a55-a77d-15eb2d799d10	6	65159225	65199509	32	-0.5322
9e80cde3-cb84-4a55-a77d-15eb2d799d10	6	65200785	66295032	715	-0.1256
9e80cde3-cb84-4a55-a77d-15eb2d799d10	6	66295080	66301114	6	-1.1158
9e80cde3-cb84-4a55-a77d-15eb2d799d10	6	66301485	73882085	5047	-0.1312
9e80cde3-cb84-4a55-a77d-15eb2d799d10	6	73882142	73887573	9	-0.9028
9e80cde3-cb84-4a55-a77d-15eb2d799d10	6	73887625	78302457	2827	-0.121
9e80cde3-cb84-4a55-a77d-15eb2d799d10	6	78304284	78304333	3	0.9204
9e80cde3-cb84-4a55-a77d-15eb2d799d10	6	78304385	78317798	43	0.0664
9e80cde3-cb84-4a55-a77d-15eb2d799d10	6	78318053	78325223	4	0.8771
9e80cde3-cb84-4a55-a77d-15eb2d799d10	6	78325310	93974608	10027	-0.1283
9e80cde3-cb84-4a55-a77d-15eb2d799d10	6	93974746	94533949	375	-0.3095
9e80cde3-cb84-4a55-a77d-15eb2d799d10	6	94534329	103087842	4930	-0.1371
9e80cde3-cb84-4a55-a77d-15eb2d799d10	6	103088079	103097808	8	-1.0303
9e80cde3-cb84-4a55-a77d-15eb2d799d10	6	103100084	103299907	142	-0.1706
9e80cde3-cb84-4a55-a77d-15eb2d799d10	6	103300288	103317855	32	0.3291
9e80cde3-cb84-4a55-a77d-15eb2d799d10	6	103320903	104469260	734	-0.1418
9e80cde3-cb84-4a55-a77d-15eb2d799d10	6	104470088	104470558	2	1.1402
9e80cde3-cb84-4a55-a77d-15eb2d799d10	6	104471022	105886238	876	-0.1235
9e80cde3-cb84-4a55-a77d-15eb2d799d10	6	105888488	105897408	4	-2.3479
9e80cde3-cb84-4a55-a77d-15eb2d799d10	6	105898884	167805175	40599	-0.1274
9e80cde3-cb84-4a55-a77d-15eb2d799d10	6	167807271	167857945	12	-0.9389
9e80cde3-cb84-4a55-a77d-15eb2d799d10	6	167862052	170741917	1887	-0.1006
9e80cde3-cb84-4a55-a77d-15eb2d799d10	7	43355	5777366	3012	0.1671
9e80cde3-cb84-4a55-a77d-15eb2d799d10	7	5777622	5992310	64	0.4873
9e80cde3-cb84-4a55-a77d-15eb2d799d10	7	5999094	6824452	348	0.1632
9e80cde3-cb84-4a55-a77d-15eb2d799d10	7	6824616	7018793	68	0.583
9e80cde3-cb84-4a55-a77d-15eb2d799d10	7	7018950	9859312	2485	0.1293
9e80cde3-cb84-4a55-a77d-15eb2d799d10	7	9859751	10025999	115	-0.0844
9e80cde3-cb84-4a55-a77d-15eb2d799d10	7	10026244	18776264	6932	0.1487
9e80cde3-cb84-4a55-a77d-15eb2d799d10	7	18776341	19787247	1037	0.0676
9e80cde3-cb84-4a55-a77d-15eb2d799d10	7	19788431	38258721	13293	0.1573
9e80cde3-cb84-4a55-a77d-15eb2d799d10	7	38263519	38365370	125	0.5415
9e80cde3-cb84-4a55-a77d-15eb2d799d10	7	38365496	54122443	10838	0.1519
9e80cde3-cb84-4a55-a77d-15eb2d799d10	7	54122730	54123426	7	1.0066
9e80cde3-cb84-4a55-a77d-15eb2d799d10	7	54123527	54305455	130	0.131
9e80cde3-cb84-4a55-a77d-15eb2d799d10	7	54318812	54318821	5	1.3467
9e80cde3-cb84-4a55-a77d-15eb2d799d10	7	54318824	56701121	1562	0.1388
9e80cde3-cb84-4a55-a77d-15eb2d799d10	7	56704473	57760692	434	0.296
9e80cde3-cb84-4a55-a77d-15eb2d799d10	7	57764326	62986958	189	0.5363
9e80cde3-cb84-4a55-a77d-15eb2d799d10	7	62986969	63856364	198	0.2915
9e80cde3-cb84-4a55-a77d-15eb2d799d10	7	63857880	64087812	111	0.1224
9e80cde3-cb84-4a55-a77d-15eb2d799d10	7	64089882	64122516	14	0.7794
9e80cde3-cb84-4a55-a77d-15eb2d799d10	7	64123186	65473676	676	0.175
9e80cde3-cb84-4a55-a77d-15eb2d799d10	7	65475914	65617846	38	0.7042
9e80cde3-cb84-4a55-a77d-15eb2d799d10	7	65619649	67164253	510	0.1253
9e80cde3-cb84-4a55-a77d-15eb2d799d10	7	67164342	67290858	38	0.4433
9e80cde3-cb84-4a55-a77d-15eb2d799d10	7	67293090	70955452	2357	0.1397
9e80cde3-cb84-4a55-a77d-15eb2d799d10	7	70958264	70961155	2	-1.6667
9e80cde3-cb84-4a55-a77d-15eb2d799d10	7	70963257	72532220	1065	0.1258
9e80cde3-cb84-4a55-a77d-15eb2d799d10	7	72532544	72557787	15	0.8283
9e80cde3-cb84-4a55-a77d-15eb2d799d10	7	72567077	76424968	1046	0.1384
9e80cde3-cb84-4a55-a77d-15eb2d799d10	7	76426530	76648458	47	0.5848
9e80cde3-cb84-4a55-a77d-15eb2d799d10	7	76653459	88611159	7622	0.1501
9e80cde3-cb84-4a55-a77d-15eb2d799d10	7	88611539	89614387	686	0.0119
9e80cde3-cb84-4a55-a77d-15eb2d799d10	7	89615203	92088706	1649	0.1338
9e80cde3-cb84-4a55-a77d-15eb2d799d10	7	92089856	92090294	2	-1.5271
9e80cde3-cb84-4a55-a77d-15eb2d799d10	7	92092107	97756261	3546	0.1516
9e80cde3-cb84-4a55-a77d-15eb2d799d10	7	97756328	97772620	14	0.6097
9e80cde3-cb84-4a55-a77d-15eb2d799d10	7	97772647	97777749	26	0.1134
9e80cde3-cb84-4a55-a77d-15eb2d799d10	7	97788295	97791340	5	1.169
9e80cde3-cb84-4a55-a77d-15eb2d799d10	7	97791778	102449522	2021	0.1388
9e80cde3-cb84-4a55-a77d-15eb2d799d10	7	102451288	102705514	13	0.7467
9e80cde3-cb84-4a55-a77d-15eb2d799d10	7	102705868	109797700	4556	0.1517
9e80cde3-cb84-4a55-a77d-15eb2d799d10	7	109797715	109801155	10	0.8459
9e80cde3-cb84-4a55-a77d-15eb2d799d10	7	109801187	109818839	18	-0.3458
9e80cde3-cb84-4a55-a77d-15eb2d799d10	7	109818881	112431740	1730	0.1368
9e80cde3-cb84-4a55-a77d-15eb2d799d10	7	112431804	112436460	2	-1.3948
9e80cde3-cb84-4a55-a77d-15eb2d799d10	7	112437557	125864067	7904	0.151
9e80cde3-cb84-4a55-a77d-15eb2d799d10	7	125865373	125890157	16	-0.3832
9e80cde3-cb84-4a55-a77d-15eb2d799d10	7	125890825	126405502	366	0.1195
9e80cde3-cb84-4a55-a77d-15eb2d799d10	7	126405597	126406113	6	-0.5243
9e80cde3-cb84-4a55-a77d-15eb2d799d10	7	126406435	126406561	4	-1.5869
9e80cde3-cb84-4a55-a77d-15eb2d799d10	7	126406822	126841345	297	0.1359
9e80cde3-cb84-4a55-a77d-15eb2d799d10	7	126844292	126871966	18	-0.3668
9e80cde3-cb84-4a55-a77d-15eb2d799d10	7	126872492	134100442	4385	0.1529
9e80cde3-cb84-4a55-a77d-15eb2d799d10	7	134100458	134105690	22	-1.4774
9e80cde3-cb84-4a55-a77d-15eb2d799d10	7	134110881	134543002	345	0.1578
9e80cde3-cb84-4a55-a77d-15eb2d799d10	7	134545938	134579270	23	0.5388
9e80cde3-cb84-4a55-a77d-15eb2d799d10	7	134579534	135882877	897	0.1502
9e80cde3-cb84-4a55-a77d-15eb2d799d10	7	135883332	135888492	7	0.913
9e80cde3-cb84-4a55-a77d-15eb2d799d10	7	135888766	142070260	3930	0.1428
9e80cde3-cb84-4a55-a77d-15eb2d799d10	7	142070569	142092307	30	0.5298
9e80cde3-cb84-4a55-a77d-15eb2d799d10	7	142099190	142433774	272	0.1816
9e80cde3-cb84-4a55-a77d-15eb2d799d10	7	142434344	142804972	179	0.4234
9e80cde3-cb84-4a55-a77d-15eb2d799d10	7	142805092	159334314	10408	0.1614
9e80cde3-cb84-4a55-a77d-15eb2d799d10	8	81254	163380	3	1.7078
9e80cde3-cb84-4a55-a77d-15eb2d799d10	8	208062	3766382	3132	0.1661
9e80cde3-cb84-4a55-a77d-15eb2d799d10	8	3769340	3769629	2	-1.9066
9e80cde3-cb84-4a55-a77d-15eb2d799d10	8	3769706	7076236	4556	0.1475
9e80cde3-cb84-4a55-a77d-15eb2d799d10	8	7078298	7336299	34	0.715
9e80cde3-cb84-4a55-a77d-15eb2d799d10	8	7357089	12024350	3279	0.185
9e80cde3-cb84-4a55-a77d-15eb2d799d10	8	12024888	12177488	13	0.9553
9e80cde3-cb84-4a55-a77d-15eb2d799d10	8	12323772	12387683	23	-0.1765
9e80cde3-cb84-4a55-a77d-15eb2d799d10	8	12387748	12389977	6	-1.4542
9e80cde3-cb84-4a55-a77d-15eb2d799d10	8	12418301	12704441	48	0.7352
9e80cde3-cb84-4a55-a77d-15eb2d799d10	8	12704946	39373140	19398	0.1565
9e80cde3-cb84-4a55-a77d-15eb2d799d10	8	39378084	39529446	58	-1.4784
9e80cde3-cb84-4a55-a77d-15eb2d799d10	8	39530780	40326278	590	0.1721
9e80cde3-cb84-4a55-a77d-15eb2d799d10	8	40326280	40331992	33	-0.8387
9e80cde3-cb84-4a55-a77d-15eb2d799d10	8	40335391	43925152	1962	0.1687
9e80cde3-cb84-4a55-a77d-15eb2d799d10	8	43928841	46503830	130	0.4602
9e80cde3-cb84-4a55-a77d-15eb2d799d10	8	46503845	49543906	1514	0.1513
9e80cde3-cb84-4a55-a77d-15eb2d799d10	8	49545591	49570465	16	-0.3049
9e80cde3-cb84-4a55-a77d-15eb2d799d10	8	49571232	49983877	244	0.1707
9e80cde3-cb84-4a55-a77d-15eb2d799d10	8	49984540	50009128	17	-0.3669
9e80cde3-cb84-4a55-a77d-15eb2d799d10	8	50009382	50119451	76	0.1462
9e80cde3-cb84-4a55-a77d-15eb2d799d10	8	50119464	50119827	7	-1.5787
9e80cde3-cb84-4a55-a77d-15eb2d799d10	8	50120863	53067761	1912	0.1528
9e80cde3-cb84-4a55-a77d-15eb2d799d10	8	53068090	53080355	14	0.8312
9e80cde3-cb84-4a55-a77d-15eb2d799d10	8	53086835	57459149	2864	0.1548
9e80cde3-cb84-4a55-a77d-15eb2d799d10	8	57459468	57465687	17	0.803
9e80cde3-cb84-4a55-a77d-15eb2d799d10	8	57468448	78924100	13328	0.1635
9e80cde3-cb84-4a55-a77d-15eb2d799d10	8	78932636	78933447	6	-1.0822
9e80cde3-cb84-4a55-a77d-15eb2d799d10	8	78933884	89832393	6213	0.1616
9e80cde3-cb84-4a55-a77d-15eb2d799d10	8	89833814	89833998	3	-1.1902
9e80cde3-cb84-4a55-a77d-15eb2d799d10	8	89839070	99175363	5725	0.1614
9e80cde3-cb84-4a55-a77d-15eb2d799d10	8	99179555	99817166	294	-0.56
9e80cde3-cb84-4a55-a77d-15eb2d799d10	8	99820646	100662782	476	0.1727
9e80cde3-cb84-4a55-a77d-15eb2d799d10	8	100663146	101323205	425	-0.5563
9e80cde3-cb84-4a55-a77d-15eb2d799d10	8	101323601	101466974	140	0.1694
9e80cde3-cb84-4a55-a77d-15eb2d799d10	8	101468862	102177972	553	-0.5724
9e80cde3-cb84-4a55-a77d-15eb2d799d10	8	102181514	106005452	2211	0.1703
9e80cde3-cb84-4a55-a77d-15eb2d799d10	8	106006026	106239681	157	0.0048
9e80cde3-cb84-4a55-a77d-15eb2d799d10	8	106239752	111279265	3052	0.1489
9e80cde3-cb84-4a55-a77d-15eb2d799d10	8	111282050	111288052	11	-1.0475
9e80cde3-cb84-4a55-a77d-15eb2d799d10	8	111289023	112363464	568	0.1809
9e80cde3-cb84-4a55-a77d-15eb2d799d10	8	112363595	112363666	2	-1.1513
9e80cde3-cb84-4a55-a77d-15eb2d799d10	8	112364149	114343362	1092	0.1671
9e80cde3-cb84-4a55-a77d-15eb2d799d10	8	114343955	114353668	6	-0.5151
9e80cde3-cb84-4a55-a77d-15eb2d799d10	8	114353827	114559223	112	0.1906
9e80cde3-cb84-4a55-a77d-15eb2d799d10	8	114559550	114564481	8	-0.2249
9e80cde3-cb84-4a55-a77d-15eb2d799d10	8	114565470	114566078	2	-1.1761
9e80cde3-cb84-4a55-a77d-15eb2d799d10	8	114566569	114619207	27	0.1275
9e80cde3-cb84-4a55-a77d-15eb2d799d10	8	114619814	114623472	14	-0.8136
9e80cde3-cb84-4a55-a77d-15eb2d799d10	8	114626121	114831894	146	0.1426
9e80cde3-cb84-4a55-a77d-15eb2d799d10	8	114832039	114832868	2	-1.702
9e80cde3-cb84-4a55-a77d-15eb2d799d10	8	114833045	119127656	2975	0.1706
9e80cde3-cb84-4a55-a77d-15eb2d799d10	8	119130047	119150615	11	-0.3974
9e80cde3-cb84-4a55-a77d-15eb2d799d10	8	119151486	136779584	12850	0.1619
9e80cde3-cb84-4a55-a77d-15eb2d799d10	8	136780128	136780296	3	-1.0234
9e80cde3-cb84-4a55-a77d-15eb2d799d10	8	136780334	140991025	3268	0.1515
9e80cde3-cb84-4a55-a77d-15eb2d799d10	8	140991041	145072769	1812	0.2704
9e80cde3-cb84-4a55-a77d-15eb2d799d10	9	46587	186580	17	0.5676
9e80cde3-cb84-4a55-a77d-15eb2d799d10	9	192129	5063563	5195	-0.1239
9e80cde3-cb84-4a55-a77d-15eb2d799d10	9	5065372	5227589	159	0.0957
9e80cde3-cb84-4a55-a77d-15eb2d799d10	9	5228445	9251152	3460	-0.1355
9e80cde3-cb84-4a55-a77d-15eb2d799d10	9	9251951	9331009	65	-0.3654
9e80cde3-cb84-4a55-a77d-15eb2d799d10	9	9331447	9348102	23	-0.8999
9e80cde3-cb84-4a55-a77d-15eb2d799d10	9	9348397	12617803	2822	-0.203
9e80cde3-cb84-4a55-a77d-15eb2d799d10	9	12619065	28570654	12613	-0.1344
9e80cde3-cb84-4a55-a77d-15eb2d799d10	9	28571237	28943697	302	-0.3078
9e80cde3-cb84-4a55-a77d-15eb2d799d10	9	28943849	39105783	6452	-0.1241
9e80cde3-cb84-4a55-a77d-15eb2d799d10	9	39110889	42014203	152	0.4108
9e80cde3-cb84-4a55-a77d-15eb2d799d10	9	42037471	42524983	34	-0.1379
9e80cde3-cb84-4a55-a77d-15eb2d799d10	9	42546668	61371448	54	0.4059
9e80cde3-cb84-4a55-a77d-15eb2d799d10	9	61372857	61573452	23	-0.2155
9e80cde3-cb84-4a55-a77d-15eb2d799d10	9	61574022	68390662	191	0.4563
9e80cde3-cb84-4a55-a77d-15eb2d799d10	9	68391659	103804216	24767	-0.1243
9e80cde3-cb84-4a55-a77d-15eb2d799d10	9	103806415	103807009	2	-2.7316
9e80cde3-cb84-4a55-a77d-15eb2d799d10	9	103808421	137325416	22659	-0.1147
9e80cde3-cb84-4a55-a77d-15eb2d799d10	9	137333703	137361381	21	0.6266
9e80cde3-cb84-4a55-a77d-15eb2d799d10	9	137378551	138043623	287	-0.1392
9e80cde3-cb84-4a55-a77d-15eb2d799d10	9	138044300	138107414	59	0.0581
9e80cde3-cb84-4a55-a77d-15eb2d799d10	9	138109449	138200944	60	0.3657
9e80cde3-cb84-4a55-a77d-15eb2d799d10	10	45792	113136	34	-0.0165
9e80cde3-cb84-4a55-a77d-15eb2d799d10	10	113276	14968554	12622	-0.509
9e80cde3-cb84-4a55-a77d-15eb2d799d10	10	14968934	15018277	21	0.3559
9e80cde3-cb84-4a55-a77d-15eb2d799d10	10	15023676	38178353	16152	-0.5018
9e80cde3-cb84-4a55-a77d-15eb2d799d10	10	38178804	42118988	164	-0.2621
9e80cde3-cb84-4a55-a77d-15eb2d799d10	10	42125733	42264605	23	0.6916
9e80cde3-cb84-4a55-a77d-15eb2d799d10	10	42267782	45681645	2305	-0.4607
9e80cde3-cb84-4a55-a77d-15eb2d799d10	10	45694079	47094685	332	-0.2216
9e80cde3-cb84-4a55-a77d-15eb2d799d10	10	47095154	49863777	1604	-0.4725
9e80cde3-cb84-4a55-a77d-15eb2d799d10	10	49868126	50178219	56	-0.1374
9e80cde3-cb84-4a55-a77d-15eb2d799d10	10	50210870	50635013	342	-0.5799
9e80cde3-cb84-4a55-a77d-15eb2d799d10	10	50636999	50716389	32	0.0668
9e80cde3-cb84-4a55-a77d-15eb2d799d10	10	50719256	55705923	3767	-0.5194
9e80cde3-cb84-4a55-a77d-15eb2d799d10	10	55706438	55789536	56	-0.946
9e80cde3-cb84-4a55-a77d-15eb2d799d10	10	55792373	55990954	141	-0.5283
9e80cde3-cb84-4a55-a77d-15eb2d799d10	10	55994804	56029906	19	-1.1195
9e80cde3-cb84-4a55-a77d-15eb2d799d10	10	56030370	61239310	3803	-0.4888
9e80cde3-cb84-4a55-a77d-15eb2d799d10	10	61239441	61244007	4	-2.013
9e80cde3-cb84-4a55-a77d-15eb2d799d10	10	61244747	65548178	2797	-0.4925
9e80cde3-cb84-4a55-a77d-15eb2d799d10	10	65548193	65549243	11	0.6378
9e80cde3-cb84-4a55-a77d-15eb2d799d10	10	65549249	65598232	59	-0.3428
9e80cde3-cb84-4a55-a77d-15eb2d799d10	10	65598235	65602423	5	1.1269
9e80cde3-cb84-4a55-a77d-15eb2d799d10	10	65602562	66091029	418	-0.4992
9e80cde3-cb84-4a55-a77d-15eb2d799d10	10	66092048	67198808	782	-0.6534
9e80cde3-cb84-4a55-a77d-15eb2d799d10	10	67198917	80553820	8409	-0.4638
9e80cde3-cb84-4a55-a77d-15eb2d799d10	10	80561237	84158224	2752	-0.5194
9e80cde3-cb84-4a55-a77d-15eb2d799d10	10	84158501	84158864	2	-2.6605
9e80cde3-cb84-4a55-a77d-15eb2d799d10	10	84159140	87852267	2276	-0.4913
9e80cde3-cb84-4a55-a77d-15eb2d799d10	10	87855380	87982049	217	-0.2975
9e80cde3-cb84-4a55-a77d-15eb2d799d10	10	87985992	92378914	2955	-0.4896
9e80cde3-cb84-4a55-a77d-15eb2d799d10	10	92381620	92451052	28	0.0055
9e80cde3-cb84-4a55-a77d-15eb2d799d10	10	92452985	103409948	6383	-0.4831
9e80cde3-cb84-4a55-a77d-15eb2d799d10	10	103411879	103464409	37	-0.0203
9e80cde3-cb84-4a55-a77d-15eb2d799d10	10	103464520	119711355	11431	-0.4998
9e80cde3-cb84-4a55-a77d-15eb2d799d10	10	119717819	119718633	2	-2.8762
9e80cde3-cb84-4a55-a77d-15eb2d799d10	10	119732337	121011992	1050	-0.492
9e80cde3-cb84-4a55-a77d-15eb2d799d10	10	121012006	121017949	9	0.5504
9e80cde3-cb84-4a55-a77d-15eb2d799d10	10	121017985	121692692	751	-0.4848
9e80cde3-cb84-4a55-a77d-15eb2d799d10	10	121696088	121699933	7	0.8368
9e80cde3-cb84-4a55-a77d-15eb2d799d10	10	121700564	133654968	8522	-0.4928
9e80cde3-cb84-4a55-a77d-15eb2d799d10	11	198510	436461	94	0.3638
9e80cde3-cb84-4a55-a77d-15eb2d799d10	11	437668	733639	79	0.192
9e80cde3-cb84-4a55-a77d-15eb2d799d10	11	733813	745581	7	0.8786
9e80cde3-cb84-4a55-a77d-15eb2d799d10	11	748946	1623675	303	0.1603
9e80cde3-cb84-4a55-a77d-15eb2d799d10	11	1624736	1635897	13	0.7338
9e80cde3-cb84-4a55-a77d-15eb2d799d10	11	1638078	3395259	780	0.2012
9e80cde3-cb84-4a55-a77d-15eb2d799d10	11	3397122	3657448	97	0.4288
9e80cde3-cb84-4a55-a77d-15eb2d799d10	11	3658428	4241343	370	0.1451
9e80cde3-cb84-4a55-a77d-15eb2d799d10	11	4247390	4286190	13	-0.3966
9e80cde3-cb84-4a55-a77d-15eb2d799d10	11	4286769	4949137	668	0.1598
9e80cde3-cb84-4a55-a77d-15eb2d799d10	11	4950775	4955042	23	0.5727
9e80cde3-cb84-4a55-a77d-15eb2d799d10	11	4955781	5040311	75	0.0993
9e80cde3-cb84-4a55-a77d-15eb2d799d10	11	5040676	5041606	2	-1.9236
9e80cde3-cb84-4a55-a77d-15eb2d799d10	11	5041712	5761729	698	0.1316
9e80cde3-cb84-4a55-a77d-15eb2d799d10	11	5761746	5787818	38	-0.3124
9e80cde3-cb84-4a55-a77d-15eb2d799d10	11	5787909	6026826	196	0.1581
9e80cde3-cb84-4a55-a77d-15eb2d799d10	11	6029735	6033321	2	-2.3021
9e80cde3-cb84-4a55-a77d-15eb2d799d10	11	6037485	18928326	9219	0.1641
9e80cde3-cb84-4a55-a77d-15eb2d799d10	11	18928709	18939837	29	0.763
9e80cde3-cb84-4a55-a77d-15eb2d799d10	11	18939855	24420628	4375	0.1612
9e80cde3-cb84-4a55-a77d-15eb2d799d10	11	24422703	24433630	7	-0.756
9e80cde3-cb84-4a55-a77d-15eb2d799d10	11	24436760	36942730	8927	0.1576
9e80cde3-cb84-4a55-a77d-15eb2d799d10	11	36945710	36946148	2	-1.6356
9e80cde3-cb84-4a55-a77d-15eb2d799d10	11	36947454	37022920	42	0.2418
9e80cde3-cb84-4a55-a77d-15eb2d799d10	11	37023071	37336611	268	0.0308
9e80cde3-cb84-4a55-a77d-15eb2d799d10	11	37339509	48409947	6884	0.1512
9e80cde3-cb84-4a55-a77d-15eb2d799d10	11	48411143	48954804	183	0.3452
9e80cde3-cb84-4a55-a77d-15eb2d799d10	11	48961561	50096159	497	0.1441
9e80cde3-cb84-4a55-a77d-15eb2d799d10	11	50101778	54555109	201	0.3794
9e80cde3-cb84-4a55-a77d-15eb2d799d10	11	54555644	55466075	275	-0.2544
9e80cde3-cb84-4a55-a77d-15eb2d799d10	11	55466713	55629493	121	-0.5163
9e80cde3-cb84-4a55-a77d-15eb2d799d10	11	55635338	55685533	34	-1.3704
9e80cde3-cb84-4a55-a77d-15eb2d799d10	11	55686100	57792980	1322	-0.5783
9e80cde3-cb84-4a55-a77d-15eb2d799d10	11	57793215	64892365	3804	0.1637
9e80cde3-cb84-4a55-a77d-15eb2d799d10	11	64895755	65864502	374	0.3511
9e80cde3-cb84-4a55-a77d-15eb2d799d10	11	65867496	67584356	658	0.1681
9e80cde3-cb84-4a55-a77d-15eb2d799d10	11	67593440	68003149	130	0.5733
9e80cde3-cb84-4a55-a77d-15eb2d799d10	11	68007631	71659485	2014	0.1632
9e80cde3-cb84-4a55-a77d-15eb2d799d10	11	71659754	71694420	11	0.7955
9e80cde3-cb84-4a55-a77d-15eb2d799d10	11	71702235	80256469	4928	0.1643
9e80cde3-cb84-4a55-a77d-15eb2d799d10	11	80256504	80256520	2	-1.651
9e80cde3-cb84-4a55-a77d-15eb2d799d10	11	80256642	81951161	1434	0.1535
9e80cde3-cb84-4a55-a77d-15eb2d799d10	11	81951604	81951982	3	1.789
9e80cde3-cb84-4a55-a77d-15eb2d799d10	11	81957602	84662477	1755	0.1457
9e80cde3-cb84-4a55-a77d-15eb2d799d10	11	84663063	84667152	8	-0.7013
9e80cde3-cb84-4a55-a77d-15eb2d799d10	11	84669232	89739376	3384	0.1577
9e80cde3-cb84-4a55-a77d-15eb2d799d10	11	89741663	89847184	15	0.969
9e80cde3-cb84-4a55-a77d-15eb2d799d10	11	89878176	103501867	9830	0.1605
9e80cde3-cb84-4a55-a77d-15eb2d799d10	11	103507837	134378758	21938	-0.5646
9e80cde3-cb84-4a55-a77d-15eb2d799d10	11	134379394	135074876	562	-0.4538
9e80cde3-cb84-4a55-a77d-15eb2d799d10	12	51460	233990	106	0.1338
9e80cde3-cb84-4a55-a77d-15eb2d799d10	12	238493	559872	191	-0.0858
9e80cde3-cb84-4a55-a77d-15eb2d799d10	12	560144	587929	30	0.3447
9e80cde3-cb84-4a55-a77d-15eb2d799d10	12	588877	7811433	5030	-0.1213
9e80cde3-cb84-4a55-a77d-15eb2d799d10	12	7818125	7971304	63	0.5653
9e80cde3-cb84-4a55-a77d-15eb2d799d10	12	7978362	8267058	135	-0.0545
9e80cde3-cb84-4a55-a77d-15eb2d799d10	12	8268228	8432076	60	0.6514
9e80cde3-cb84-4a55-a77d-15eb2d799d10	12	8442298	9283548	472	-0.1389
9e80cde3-cb84-4a55-a77d-15eb2d799d10	12	9290254	9481274	84	0.1894
9e80cde3-cb84-4a55-a77d-15eb2d799d10	12	9485313	9561078	21	-1.0394
9e80cde3-cb84-4a55-a77d-15eb2d799d10	12	9562969	11239260	1102	-0.1183
9e80cde3-cb84-4a55-a77d-15eb2d799d10	12	11240237	11428840	120	0.0677
9e80cde3-cb84-4a55-a77d-15eb2d799d10	12	11429111	21339796	6731	-0.136
9e80cde3-cb84-4a55-a77d-15eb2d799d10	12	21341734	34167583	9269	0.1596
9e80cde3-cb84-4a55-a77d-15eb2d799d10	12	34170269	37875038	248	0.4603
9e80cde3-cb84-4a55-a77d-15eb2d799d10	12	37885541	43532310	3550	0.149
9e80cde3-cb84-4a55-a77d-15eb2d799d10	12	43532329	43534681	2	-1.7449
9e80cde3-cb84-4a55-a77d-15eb2d799d10	12	43536798	99402073	34851	0.1609
9e80cde3-cb84-4a55-a77d-15eb2d799d10	12	99402408	99403311	14	1.1207
9e80cde3-cb84-4a55-a77d-15eb2d799d10	12	99404031	101947094	1590	0.1478
9e80cde3-cb84-4a55-a77d-15eb2d799d10	12	101948123	101948341	3	-1.8169
9e80cde3-cb84-4a55-a77d-15eb2d799d10	12	101949174	107805541	4076	0.1532
9e80cde3-cb84-4a55-a77d-15eb2d799d10	12	107805554	107810000	8	0.7144
9e80cde3-cb84-4a55-a77d-15eb2d799d10	12	107810042	107827137	8	0.4468
9e80cde3-cb84-4a55-a77d-15eb2d799d10	12	107827783	111818108	2257	0.1545
9e80cde3-cb84-4a55-a77d-15eb2d799d10	12	111821552	111827432	4	1.1225
9e80cde3-cb84-4a55-a77d-15eb2d799d10	12	111839772	113836542	1270	0.1497
9e80cde3-cb84-4a55-a77d-15eb2d799d10	12	113837437	114118532	281	0.283
9e80cde3-cb84-4a55-a77d-15eb2d799d10	12	114118633	126509314	8164	0.152
9e80cde3-cb84-4a55-a77d-15eb2d799d10	12	126509681	126523110	11	-0.6154
9e80cde3-cb84-4a55-a77d-15eb2d799d10	12	126525753	131289421	4143	0.1734
9e80cde3-cb84-4a55-a77d-15eb2d799d10	12	131290753	131290763	2	-1.5804
9e80cde3-cb84-4a55-a77d-15eb2d799d10	12	131291086	133201603	893	0.2137
9e80cde3-cb84-4a55-a77d-15eb2d799d10	13	18452809	18831892	87	0.5557
9e80cde3-cb84-4a55-a77d-15eb2d799d10	13	18833025	23055048	2768	0.1895
9e80cde3-cb84-4a55-a77d-15eb2d799d10	13	23055071	23058992	8	-0.7191
9e80cde3-cb84-4a55-a77d-15eb2d799d10	13	23059009	23059376	5	-2.8857
9e80cde3-cb84-4a55-a77d-15eb2d799d10	13	23064056	24373203	1077	0.1694
9e80cde3-cb84-4a55-a77d-15eb2d799d10	13	24380815	24465460	53	0.4321
9e80cde3-cb84-4a55-a77d-15eb2d799d10	13	24465540	24570399	104	0.1316
9e80cde3-cb84-4a55-a77d-15eb2d799d10	13	24574037	24667103	61	0.4722
9e80cde3-cb84-4a55-a77d-15eb2d799d10	13	24667476	31958485	5399	0.1752
9e80cde3-cb84-4a55-a77d-15eb2d799d10	13	31958590	31965910	18	-0.4979
9e80cde3-cb84-4a55-a77d-15eb2d799d10	13	31967384	38806037	4852	0.1775
9e80cde3-cb84-4a55-a77d-15eb2d799d10	13	38815556	114326410	49476	-0.5487
9e80cde3-cb84-4a55-a77d-15eb2d799d10	13	114329605	114342922	6	0.1933
9e80cde3-cb84-4a55-a77d-15eb2d799d10	14	18239283	18950560	26	0.1272
9e80cde3-cb84-4a55-a77d-15eb2d799d10	14	18976793	19957752	145	0.9043
9e80cde3-cb84-4a55-a77d-15eb2d799d10	14	19958388	20485383	382	-0.1472
9e80cde3-cb84-4a55-a77d-15eb2d799d10	14	20486838	20489274	2	-1.8498
9e80cde3-cb84-4a55-a77d-15eb2d799d10	14	20489312	21856963	868	-0.0709
9e80cde3-cb84-4a55-a77d-15eb2d799d10	14	21857294	21859825	4	-1.2711
9e80cde3-cb84-4a55-a77d-15eb2d799d10	14	21859885	21925817	89	-0.1085
9e80cde3-cb84-4a55-a77d-15eb2d799d10	14	21925968	22798846	722	0.0829
9e80cde3-cb84-4a55-a77d-15eb2d799d10	14	22798909	23955933	632	-0.0933
9e80cde3-cb84-4a55-a77d-15eb2d799d10	14	23957397	24019956	33	0.2767
9e80cde3-cb84-4a55-a77d-15eb2d799d10	14	24019973	24447098	222	-0.0708
9e80cde3-cb84-4a55-a77d-15eb2d799d10	14	24447849	24483339	37	0.2192
9e80cde3-cb84-4a55-a77d-15eb2d799d10	14	24484544	27623591	2123	-0.1248
9e80cde3-cb84-4a55-a77d-15eb2d799d10	14	27625285	27730260	60	-0.4745
9e80cde3-cb84-4a55-a77d-15eb2d799d10	14	27730345	45894681	11142	-0.1072
9e80cde3-cb84-4a55-a77d-15eb2d799d10	14	45898131	45967212	44	-0.4797
9e80cde3-cb84-4a55-a77d-15eb2d799d10	14	45969698	62338138	10566	-0.103
9e80cde3-cb84-4a55-a77d-15eb2d799d10	14	62339273	67575857	3190	0.1075
9e80cde3-cb84-4a55-a77d-15eb2d799d10	14	67577288	67580022	5	1.0615
9e80cde3-cb84-4a55-a77d-15eb2d799d10	14	67580196	85985553	12184	0.1217
9e80cde3-cb84-4a55-a77d-15eb2d799d10	14	85985567	86023867	39	-0.9063
9e80cde3-cb84-4a55-a77d-15eb2d799d10	14	86023990	88101573	1347	0.114
9e80cde3-cb84-4a55-a77d-15eb2d799d10	14	88101807	88108760	3	-1.75
9e80cde3-cb84-4a55-a77d-15eb2d799d10	14	88109798	105653302	11003	0.125
9e80cde3-cb84-4a55-a77d-15eb2d799d10	14	105656902	105688531	3	1.4429
9e80cde3-cb84-4a55-a77d-15eb2d799d10	14	105691429	106877229	494	0.204
9e80cde3-cb84-4a55-a77d-15eb2d799d10	15	19811075	19957492	29	0.8666
9e80cde3-cb84-4a55-a77d-15eb2d799d10	15	19958418	20345433	47	0.2906
9e80cde3-cb84-4a55-a77d-15eb2d799d10	15	20364698	20373168	12	-0.3444
9e80cde3-cb84-4a55-a77d-15eb2d799d10	15	20376198	20376202	5	1.0859
9e80cde3-cb84-4a55-a77d-15eb2d799d10	15	20376309	20421755	36	-0.4134
9e80cde3-cb84-4a55-a77d-15eb2d799d10	15	20422239	22236614	56	0.0909
9e80cde3-cb84-4a55-a77d-15eb2d799d10	15	22247364	22299523	21	-0.5596
9e80cde3-cb84-4a55-a77d-15eb2d799d10	15	22385639	24083818	837	0.3834
9e80cde3-cb84-4a55-a77d-15eb2d799d10	15	24086431	24493335	197	0.5538
9e80cde3-cb84-4a55-a77d-15eb2d799d10	15	24498314	28294842	2738	0.3613
9e80cde3-cb84-4a55-a77d-15eb2d799d10	15	28300781	28717394	20	1.0468
9e80cde3-cb84-4a55-a77d-15eb2d799d10	15	28717541	32151854	1908	0.4097
9e80cde3-cb84-4a55-a77d-15eb2d799d10	15	32179735	32610782	35	0.8362
9e80cde3-cb84-4a55-a77d-15eb2d799d10	15	32612414	34447720	1497	0.3614
9e80cde3-cb84-4a55-a77d-15eb2d799d10	15	34453518	34454261	3	-1.6429
9e80cde3-cb84-4a55-a77d-15eb2d799d10	15	34455142	64023328	19269	0.3707
9e80cde3-cb84-4a55-a77d-15eb2d799d10	15	64024203	66235675	1107	0.3063
9e80cde3-cb84-4a55-a77d-15eb2d799d10	15	66238394	70105991	2575	0.3643
9e80cde3-cb84-4a55-a77d-15eb2d799d10	15	70109756	70113263	2	-1.1805
9e80cde3-cb84-4a55-a77d-15eb2d799d10	15	70113669	76586021	3513	0.3506
9e80cde3-cb84-4a55-a77d-15eb2d799d10	15	76598900	76603434	22	1.1083
9e80cde3-cb84-4a55-a77d-15eb2d799d10	15	76609838	76610129	8	0.6445
9e80cde3-cb84-4a55-a77d-15eb2d799d10	15	76610297	99869756	16018	0.3614
9e80cde3-cb84-4a55-a77d-15eb2d799d10	15	99872352	100408652	449	0.4708
9e80cde3-cb84-4a55-a77d-15eb2d799d10	15	100415538	101106871	536	0.3495
9e80cde3-cb84-4a55-a77d-15eb2d799d10	15	101107422	101113610	10	0.9013
9e80cde3-cb84-4a55-a77d-15eb2d799d10	15	101113692	101355297	179	0.3667
9e80cde3-cb84-4a55-a77d-15eb2d799d10	15	101357714	101928837	402	0.4835
9e80cde3-cb84-4a55-a77d-15eb2d799d10	16	10777	11588	2	-0.5045
9e80cde3-cb84-4a55-a77d-15eb2d799d10	16	12016	1202599	414	0.5383
9e80cde3-cb84-4a55-a77d-15eb2d799d10	16	1203529	3639677	928	0.4226
9e80cde3-cb84-4a55-a77d-15eb2d799d10	16	3641654	3669343	17	0.8342
9e80cde3-cb84-4a55-a77d-15eb2d799d10	16	3676635	5122237	841	0.4151
9e80cde3-cb84-4a55-a77d-15eb2d799d10	16	5124274	5170093	25	0.8663
9e80cde3-cb84-4a55-a77d-15eb2d799d10	16	5170837	14657199	8854	0.4249
9e80cde3-cb84-4a55-a77d-15eb2d799d10	16	14658352	14958292	41	0.8698
9e80cde3-cb84-4a55-a77d-15eb2d799d10	16	14959868	15855229	363	0.5345
9e80cde3-cb84-4a55-a77d-15eb2d799d10	16	15855705	15855790	2	-1.8574
9e80cde3-cb84-4a55-a77d-15eb2d799d10	16	15856735	16883044	387	0.5596
9e80cde3-cb84-4a55-a77d-15eb2d799d10	16	16883442	21361279	2505	0.4435
9e80cde3-cb84-4a55-a77d-15eb2d799d10	16	21368130	22801043	552	0.5549
9e80cde3-cb84-4a55-a77d-15eb2d799d10	16	22802638	28585563	3948	0.3996
9e80cde3-cb84-4a55-a77d-15eb2d799d10	16	28587591	29030677	86	0.626
9e80cde3-cb84-4a55-a77d-15eb2d799d10	16	29030693	29032554	3	-0.2601
9e80cde3-cb84-4a55-a77d-15eb2d799d10	16	29078721	29319344	99	0.3471
9e80cde3-cb84-4a55-a77d-15eb2d799d10	16	29324414	30295647	227	0.618
9e80cde3-cb84-4a55-a77d-15eb2d799d10	16	30308694	31954295	643	0.3999
9e80cde3-cb84-4a55-a77d-15eb2d799d10	16	31959228	32169655	25	0.8148
9e80cde3-cb84-4a55-a77d-15eb2d799d10	16	32197425	33842871	54	0.3804
9e80cde3-cb84-4a55-a77d-15eb2d799d10	16	33846000	34196508	38	0.8387
9e80cde3-cb84-4a55-a77d-15eb2d799d10	16	34200155	35561422	293	0.427
9e80cde3-cb84-4a55-a77d-15eb2d799d10	16	35562160	35884240	89	0.6274
9e80cde3-cb84-4a55-a77d-15eb2d799d10	16	35884575	55761039	6483	0.4134
9e80cde3-cb84-4a55-a77d-15eb2d799d10	16	55761136	55775554	15	1.0507
9e80cde3-cb84-4a55-a77d-15eb2d799d10	16	55776109	69954483	8724	0.4175
9e80cde3-cb84-4a55-a77d-15eb2d799d10	16	69990686	70006481	4	1.4325
9e80cde3-cb84-4a55-a77d-15eb2d799d10	16	70015893	70090510	26	0.5211
9e80cde3-cb84-4a55-a77d-15eb2d799d10	16	70090862	70212430	23	1.0741
9e80cde3-cb84-4a55-a77d-15eb2d799d10	16	70212436	74346075	2290	0.4044
9e80cde3-cb84-4a55-a77d-15eb2d799d10	16	74350360	74422703	10	0.9416
9e80cde3-cb84-4a55-a77d-15eb2d799d10	16	74431498	76761567	1591	0.4238
9e80cde3-cb84-4a55-a77d-15eb2d799d10	16	76764575	76764612	2	1.7818
9e80cde3-cb84-4a55-a77d-15eb2d799d10	16	76772232	77729358	1017	0.4443
9e80cde3-cb84-4a55-a77d-15eb2d799d10	16	77729781	77732743	4	1.3167
9e80cde3-cb84-4a55-a77d-15eb2d799d10	16	77732945	78338949	593	0.4125
9e80cde3-cb84-4a55-a77d-15eb2d799d10	16	78339440	78350868	14	1.3294
9e80cde3-cb84-4a55-a77d-15eb2d799d10	16	78351104	83239154	5422	0.4379
9e80cde3-cb84-4a55-a77d-15eb2d799d10	16	83239190	87836773	4209	-0.5289
9e80cde3-cb84-4a55-a77d-15eb2d799d10	16	87841250	90080426	948	-0.3835
9e80cde3-cb84-4a55-a77d-15eb2d799d10	16	90080548	90096867	8	0.4502
9e80cde3-cb84-4a55-a77d-15eb2d799d10	17	150733	6647686	3730	-0.502
9e80cde3-cb84-4a55-a77d-15eb2d799d10	17	6649042	6654705	5	-3.0582
9e80cde3-cb84-4a55-a77d-15eb2d799d10	17	6655343	8394148	804	-0.4873
9e80cde3-cb84-4a55-a77d-15eb2d799d10	17	8395675	10059723	1197	-0.5676
9e80cde3-cb84-4a55-a77d-15eb2d799d10	17	10060096	10077612	13	0.3553
9e80cde3-cb84-4a55-a77d-15eb2d799d10	17	10077709	14999757	3778	-0.5879
9e80cde3-cb84-4a55-a77d-15eb2d799d10	17	15000254	18375453	1795	-0.4814
9e80cde3-cb84-4a55-a77d-15eb2d799d10	17	18375514	18592992	51	0.1739
9e80cde3-cb84-4a55-a77d-15eb2d799d10	17	18593989	21567685	1226	-0.4577
9e80cde3-cb84-4a55-a77d-15eb2d799d10	17	21571025	22418499	112	0.3049
9e80cde3-cb84-4a55-a77d-15eb2d799d10	17	22430596	27445903	386	0.1417
9e80cde3-cb84-4a55-a77d-15eb2d799d10	17	27447869	27472242	11	0.7214
9e80cde3-cb84-4a55-a77d-15eb2d799d10	17	27476628	30625011	1463	0.1383
9e80cde3-cb84-4a55-a77d-15eb2d799d10	17	30625268	30767710	32	0.5965
9e80cde3-cb84-4a55-a77d-15eb2d799d10	17	30773442	36103057	3594	0.1623
9e80cde3-cb84-4a55-a77d-15eb2d799d10	17	36108119	36200725	40	0.7318
9e80cde3-cb84-4a55-a77d-15eb2d799d10	17	36208249	41239604	2513	0.1573
9e80cde3-cb84-4a55-a77d-15eb2d799d10	17	41245790	41274279	35	0.6028
9e80cde3-cb84-4a55-a77d-15eb2d799d10	17	41276472	43109546	1049	0.1584
9e80cde3-cb84-4a55-a77d-15eb2d799d10	17	43111997	43117353	11	0.6896
9e80cde3-cb84-4a55-a77d-15eb2d799d10	17	43117386	45436394	1078	0.1554
9e80cde3-cb84-4a55-a77d-15eb2d799d10	17	45442744	45618011	30	0.7809
9e80cde3-cb84-4a55-a77d-15eb2d799d10	17	45626448	46085732	330	0.3034
9e80cde3-cb84-4a55-a77d-15eb2d799d10	17	46088437	46286804	124	1.2044
9e80cde3-cb84-4a55-a77d-15eb2d799d10	17	46323701	52930076	3610	0.1612
9e80cde3-cb84-4a55-a77d-15eb2d799d10	17	52930419	53215238	181	0.0027
9e80cde3-cb84-4a55-a77d-15eb2d799d10	17	53217344	56081683	2016	0.1411
9e80cde3-cb84-4a55-a77d-15eb2d799d10	17	56083553	56095230	26	-0.7395
9e80cde3-cb84-4a55-a77d-15eb2d799d10	17	56095462	66870338	6026	0.145
9e80cde3-cb84-4a55-a77d-15eb2d799d10	17	66872299	66877810	6	-0.6782
9e80cde3-cb84-4a55-a77d-15eb2d799d10	17	66885676	73838033	4954	0.1443
9e80cde3-cb84-4a55-a77d-15eb2d799d10	17	73838553	74706388	562	0.3045
9e80cde3-cb84-4a55-a77d-15eb2d799d10	17	74710490	81139641	3468	0.1908
9e80cde3-cb84-4a55-a77d-15eb2d799d10	17	81154966	81155301	5	-1.2494
9e80cde3-cb84-4a55-a77d-15eb2d799d10	17	81158113	83091923	715	0.1806
9e80cde3-cb84-4a55-a77d-15eb2d799d10	18	48133	2636752	1886	0.1774
9e80cde3-cb84-4a55-a77d-15eb2d799d10	18	2636829	2774104	74	-0.0614
9e80cde3-cb84-4a55-a77d-15eb2d799d10	18	2776316	14233535	8114	0.1886
9e80cde3-cb84-4a55-a77d-15eb2d799d10	18	14233682	14363581	30	0.8259
9e80cde3-cb84-4a55-a77d-15eb2d799d10	18	14366664	15098542	238	0.2283
9e80cde3-cb84-4a55-a77d-15eb2d799d10	18	15099163	15396946	59	0.6967
9e80cde3-cb84-4a55-a77d-15eb2d799d10	18	15401764	37951268	10599	0.1742
9e80cde3-cb84-4a55-a77d-15eb2d799d10	18	37953673	37959352	10	-0.792
9e80cde3-cb84-4a55-a77d-15eb2d799d10	18	37961392	65836030	19109	0.1777
9e80cde3-cb84-4a55-a77d-15eb2d799d10	18	65838803	66060439	174	-0.0144
9e80cde3-cb84-4a55-a77d-15eb2d799d10	18	66060531	71372660	3823	0.173
9e80cde3-cb84-4a55-a77d-15eb2d799d10	18	71373631	73687558	1832	0.0676
9e80cde3-cb84-4a55-a77d-15eb2d799d10	18	73687647	80257174	4771	0.1985
9e80cde3-cb84-4a55-a77d-15eb2d799d10	19	90910	2602437	628	0.0762
9e80cde3-cb84-4a55-a77d-15eb2d799d10	19	2619145	2663851	19	0.6346
9e80cde3-cb84-4a55-a77d-15eb2d799d10	19	2668613	4412209	516	0.0312
9e80cde3-cb84-4a55-a77d-15eb2d799d10	19	4414597	4673369	66	0.289
9e80cde3-cb84-4a55-a77d-15eb2d799d10	19	4673502	19698338	7251	0.0163
9e80cde3-cb84-4a55-a77d-15eb2d799d10	19	19701028	21060689	791	0.1427
9e80cde3-cb84-4a55-a77d-15eb2d799d10	19	21061210	21632117	328	0.0161
9e80cde3-cb84-4a55-a77d-15eb2d799d10	19	21632838	21649919	8	0.8178
9e80cde3-cb84-4a55-a77d-15eb2d799d10	19	21652931	22232943	344	0.0315
9e80cde3-cb84-4a55-a77d-15eb2d799d10	19	22233460	22286431	36	0.4336
9e80cde3-cb84-4a55-a77d-15eb2d799d10	19	22287336	23845634	881	-0.0054
9e80cde3-cb84-4a55-a77d-15eb2d799d10	19	23845679	24202593	238	0.1527
9e80cde3-cb84-4a55-a77d-15eb2d799d10	19	24202609	24320983	31	-0.1709
9e80cde3-cb84-4a55-a77d-15eb2d799d10	19	24321183	27706033	83	0.3909
9e80cde3-cb84-4a55-a77d-15eb2d799d10	19	27707365	40828847	8258	0.0015
9e80cde3-cb84-4a55-a77d-15eb2d799d10	19	40832930	41010496	124	0.192
9e80cde3-cb84-4a55-a77d-15eb2d799d10	19	41011157	42709707	774	0.0092
9e80cde3-cb84-4a55-a77d-15eb2d799d10	19	42711176	42920519	73	0.6325
9e80cde3-cb84-4a55-a77d-15eb2d799d10	19	42920956	43444315	242	0.2778
9e80cde3-cb84-4a55-a77d-15eb2d799d10	19	43445053	44398215	655	-0.0118
9e80cde3-cb84-4a55-a77d-15eb2d799d10	19	44401739	44425942	20	0.6241
9e80cde3-cb84-4a55-a77d-15eb2d799d10	19	44426176	52706243	4104	0.0269
9e80cde3-cb84-4a55-a77d-15eb2d799d10	19	52707688	52920767	161	0.3016
9e80cde3-cb84-4a55-a77d-15eb2d799d10	19	52927914	53711037	589	0.1014
9e80cde3-cb84-4a55-a77d-15eb2d799d10	19	53714799	53836093	82	0.2897
9e80cde3-cb84-4a55-a77d-15eb2d799d10	19	53838324	54736528	472	0.0156
9e80cde3-cb84-4a55-a77d-15eb2d799d10	19	54736640	54866994	46	0.4246
9e80cde3-cb84-4a55-a77d-15eb2d799d10	19	54867066	55980302	640	0.0369
9e80cde3-cb84-4a55-a77d-15eb2d799d10	19	55981618	55981866	2	-2.425
9e80cde3-cb84-4a55-a77d-15eb2d799d10	19	55983081	57797273	1202	0.0165
9e80cde3-cb84-4a55-a77d-15eb2d799d10	19	57797463	57840921	16	0.6328
9e80cde3-cb84-4a55-a77d-15eb2d799d10	19	57841154	58366859	312	0.0087
9e80cde3-cb84-4a55-a77d-15eb2d799d10	19	58370362	58586487	101	0.2776
9e80cde3-cb84-4a55-a77d-15eb2d799d10	20	80664	82279	16	0.7868
9e80cde3-cb84-4a55-a77d-15eb2d799d10	20	84659	1564764	1152	0.2362
9e80cde3-cb84-4a55-a77d-15eb2d799d10	20	1566116	1579412	26	0.6253
9e80cde3-cb84-4a55-a77d-15eb2d799d10	20	1579606	26215232	18775	0.1831
9e80cde3-cb84-4a55-a77d-15eb2d799d10	20	26215250	30193847	46	0.5158
9e80cde3-cb84-4a55-a77d-15eb2d799d10	20	30206919	30256161	10	-0.1201
9e80cde3-cb84-4a55-a77d-15eb2d799d10	20	30256310	31247246	37	0.6302
9e80cde3-cb84-4a55-a77d-15eb2d799d10	20	31247668	39508631	4389	0.1702
9e80cde3-cb84-4a55-a77d-15eb2d799d10	20	39510927	39511457	2	-1.4816
9e80cde3-cb84-4a55-a77d-15eb2d799d10	20	39511510	42552537	2265	0.167
9e80cde3-cb84-4a55-a77d-15eb2d799d10	20	42552833	42657403	133	0.3351
9e80cde3-cb84-4a55-a77d-15eb2d799d10	20	42658120	45573245	2024	0.1748
9e80cde3-cb84-4a55-a77d-15eb2d799d10	20	45575904	45580879	3	-0.966
9e80cde3-cb84-4a55-a77d-15eb2d799d10	20	45581001	57001898	8477	0.1721
9e80cde3-cb84-4a55-a77d-15eb2d799d10	20	57002289	57022376	15	0.6927
9e80cde3-cb84-4a55-a77d-15eb2d799d10	20	57022772	62909048	4450	0.1995
9e80cde3-cb84-4a55-a77d-15eb2d799d10	20	62909676	63115991	83	0.3488
9e80cde3-cb84-4a55-a77d-15eb2d799d10	20	63116170	63658982	177	0.185
9e80cde3-cb84-4a55-a77d-15eb2d799d10	20	63659223	64260467	253	0.3656
9e80cde3-cb84-4a55-a77d-15eb2d799d10	20	64261403	64324800	26	-0.0917
9e80cde3-cb84-4a55-a77d-15eb2d799d10	21	10354168	13966152	320	0.448
9e80cde3-cb84-4a55-a77d-15eb2d799d10	21	13968218	20444180	4548	0.1601
9e80cde3-cb84-4a55-a77d-15eb2d799d10	21	20444266	20444497	4	-1.1918
9e80cde3-cb84-4a55-a77d-15eb2d799d10	21	20444614	22061050	1276	0.155
9e80cde3-cb84-4a55-a77d-15eb2d799d10	21	22066825	22260872	134	-0.5465
9e80cde3-cb84-4a55-a77d-15eb2d799d10	21	22264558	22265449	4	-1.6093
9e80cde3-cb84-4a55-a77d-15eb2d799d10	21	22267369	22278814	9	-0.4816
9e80cde3-cb84-4a55-a77d-15eb2d799d10	21	22283580	22285238	2	-3.6131
9e80cde3-cb84-4a55-a77d-15eb2d799d10	21	22287668	22600004	234	-0.661
9e80cde3-cb84-4a55-a77d-15eb2d799d10	21	22602112	43205491	15571	0.1586
9e80cde3-cb84-4a55-a77d-15eb2d799d10	21	43264710	43374861	75	0.4491
9e80cde3-cb84-4a55-a77d-15eb2d799d10	21	43572694	46677045	1675	0.2029
9e80cde3-cb84-4a55-a77d-15eb2d799d10	22	15294547	16412132	43	0.317
9e80cde3-cb84-4a55-a77d-15eb2d799d10	22	16413364	16745245	92	-0.2029
9e80cde3-cb84-4a55-a77d-15eb2d799d10	22	16749153	16771730	12	0.2785
9e80cde3-cb84-4a55-a77d-15eb2d799d10	22	16777841	16865327	66	-0.5567
9e80cde3-cb84-4a55-a77d-15eb2d799d10	22	16872379	16914720	11	0.4776
9e80cde3-cb84-4a55-a77d-15eb2d799d10	22	16914810	17011562	71	-0.5185
9e80cde3-cb84-4a55-a77d-15eb2d799d10	22	17012292	17025649	10	0.5979
9e80cde3-cb84-4a55-a77d-15eb2d799d10	22	17029830	18161934	818	-0.5743
9e80cde3-cb84-4a55-a77d-15eb2d799d10	22	18167915	20581444	1027	-0.3303
9e80cde3-cb84-4a55-a77d-15eb2d799d10	22	20581611	21620414	584	-0.1793
9e80cde3-cb84-4a55-a77d-15eb2d799d10	22	21620714	24008384	1657	-0.364
9e80cde3-cb84-4a55-a77d-15eb2d799d10	22	24009046	25225156	775	-0.4918
9e80cde3-cb84-4a55-a77d-15eb2d799d10	22	25225624	25553504	352	-0.2777
9e80cde3-cb84-4a55-a77d-15eb2d799d10	22	25554783	38967679	9676	-0.5369
9e80cde3-cb84-4a55-a77d-15eb2d799d10	22	38967712	39010189	37	0.221
9e80cde3-cb84-4a55-a77d-15eb2d799d10	22	39011942	42380920	1808	-0.4988
9e80cde3-cb84-4a55-a77d-15eb2d799d10	22	42380962	42536412	83	-0.2266
9e80cde3-cb84-4a55-a77d-15eb2d799d10	22	42538456	42559782	6	0.7987
9e80cde3-cb84-4a55-a77d-15eb2d799d10	22	42561282	42638854	41	-0.3327
9e80cde3-cb84-4a55-a77d-15eb2d799d10	22	42639787	49071848	4993	-0.5506
9e80cde3-cb84-4a55-a77d-15eb2d799d10	22	49072019	50796027	1037	-0.4222
9e80cde3-cb84-4a55-a77d-15eb2d799d10	X	251810	8678877	4569	-0.1021
9e80cde3-cb84-4a55-a77d-15eb2d799d10	X	8681461	32544496	15530	-0.0641
9e80cde3-cb84-4a55-a77d-15eb2d799d10	X	32544696	36203316	2439	-0.1195
9e80cde3-cb84-4a55-a77d-15eb2d799d10	X	36206218	56324757	9828	-0.5161
9e80cde3-cb84-4a55-a77d-15eb2d799d10	X	56325066	56485756	71	-0.0974
9e80cde3-cb84-4a55-a77d-15eb2d799d10	X	56489321	56907483	248	0.1258
9e80cde3-cb84-4a55-a77d-15eb2d799d10	X	56915511	56927715	18	0.5213
9e80cde3-cb84-4a55-a77d-15eb2d799d10	X	56927858	58165934	548	0.1244
9e80cde3-cb84-4a55-a77d-15eb2d799d10	X	58166093	62657815	100	0.4723
9e80cde3-cb84-4a55-a77d-15eb2d799d10	X	62662637	152674889	48825	0.1496
9e80cde3-cb84-4a55-a77d-15eb2d799d10	X	152701467	155952689	1368	0.2175
9e80cde3-cb84-4a55-a77d-15eb2d799d10	Y	2782397	6233384	784	-1.8723
9e80cde3-cb84-4a55-a77d-15eb2d799d10	Y	6249869	9330531	1442	-2.3421
9e80cde3-cb84-4a55-a77d-15eb2d799d10	Y	9332936	9554275	25	-4.1315
9e80cde3-cb84-4a55-a77d-15eb2d799d10	Y	9554586	12912709	761	-2.1754
9e80cde3-cb84-4a55-a77d-15eb2d799d10	Y	12914512	12918905	5	-5.7765
9e80cde3-cb84-4a55-a77d-15eb2d799d10	Y	12920376	13478396	244	-2.1952
9e80cde3-cb84-4a55-a77d-15eb2d799d10	Y	13478462	13482643	3	-7.6635
9e80cde3-cb84-4a55-a77d-15eb2d799d10	Y	13483009	25971733	3196	-2.3174
9e80cde3-cb84-4a55-a77d-15eb2d799d10	Y	26077669	56872112	172	-1.823
