GDC_Aliquot	Chromosome	Start	End	Num_Probes	Segment_Mean
974a292a-7fcd-424c-8cf3-28991184425b	1	62920	668210	21	-1.0681
974a292a-7fcd-424c-8cf3-28991184425b	1	771719	3226231	681	-0.1265
974a292a-7fcd-424c-8cf3-28991184425b	1	3229933	3231261	3	-2.0142
974a292a-7fcd-424c-8cf3-28991184425b	1	3236404	16679483	7918	-0.0547
974a292a-7fcd-424c-8cf3-28991184425b	1	16685961	16721984	9	-1.4627
974a292a-7fcd-424c-8cf3-28991184425b	1	16766762	16935737	68	-0.6952
974a292a-7fcd-424c-8cf3-28991184425b	1	16935752	22170210	3411	-0.0564
974a292a-7fcd-424c-8cf3-28991184425b	1	22175223	22182713	9	-7.3393
974a292a-7fcd-424c-8cf3-28991184425b	1	22187743	40497632	9863	-0.048
974a292a-7fcd-424c-8cf3-28991184425b	1	40500511	40509127	7	-1.2495
974a292a-7fcd-424c-8cf3-28991184425b	1	40509588	72297687	20437	-0.0325
974a292a-7fcd-424c-8cf3-28991184425b	1	72302735	72345465	48	-1.7276
974a292a-7fcd-424c-8cf3-28991184425b	1	72346221	105470754	20806	-0.0392
974a292a-7fcd-424c-8cf3-28991184425b	1	105476583	105479753	17	0.9551
974a292a-7fcd-424c-8cf3-28991184425b	1	105481433	143494500	9705	-0.0388
974a292a-7fcd-424c-8cf3-28991184425b	1	143541857	146044884	302	0.4493
974a292a-7fcd-424c-8cf3-28991184425b	1	146062439	147004967	8	-0.8173
974a292a-7fcd-424c-8cf3-28991184425b	1	147008051	152582700	2115	0.41
974a292a-7fcd-424c-8cf3-28991184425b	1	152583051	152614118	36	1.5989
974a292a-7fcd-424c-8cf3-28991184425b	1	152618018	155687178	1751	0.4514
974a292a-7fcd-424c-8cf3-28991184425b	1	155691436	155693566	3	-3.6952
974a292a-7fcd-424c-8cf3-28991184425b	1	155697170	209897717	36531	0.4342
974a292a-7fcd-424c-8cf3-28991184425b	1	209908268	209910639	3	-3.0174
974a292a-7fcd-424c-8cf3-28991184425b	1	209913207	248904493	26859	0.4345
974a292a-7fcd-424c-8cf3-28991184425b	1	248907601	248930189	10	0.1226
974a292a-7fcd-424c-8cf3-28991184425b	2	12784	35750907	24821	-0.0273
974a292a-7fcd-424c-8cf3-28991184425b	2	35752724	35762850	6	-1.743
974a292a-7fcd-424c-8cf3-28991184425b	2	35762881	52527743	12018	-0.025
974a292a-7fcd-424c-8cf3-28991184425b	2	52531615	52563002	35	-0.6909
974a292a-7fcd-424c-8cf3-28991184425b	2	52563355	79011314	16967	-0.0279
974a292a-7fcd-424c-8cf3-28991184425b	2	79014325	79014771	5	-1.9386
974a292a-7fcd-424c-8cf3-28991184425b	2	79014984	129792678	26276	-0.0303
974a292a-7fcd-424c-8cf3-28991184425b	2	129794352	129794612	3	-2.9573
974a292a-7fcd-424c-8cf3-28991184425b	2	129798082	129801673	4	0.4946
974a292a-7fcd-424c-8cf3-28991184425b	2	129802474	130037806	141	-0.0426
974a292a-7fcd-424c-8cf3-28991184425b	2	130059766	130116915	11	-1.1064
974a292a-7fcd-424c-8cf3-28991184425b	2	130117303	130385585	89	-0.1699
974a292a-7fcd-424c-8cf3-28991184425b	2	130387082	130455273	7	-1.233
974a292a-7fcd-424c-8cf3-28991184425b	2	130471073	146106875	9367	-0.0233
974a292a-7fcd-424c-8cf3-28991184425b	2	146106889	146122856	34	0.525
974a292a-7fcd-424c-8cf3-28991184425b	2	146123485	242147305	58619	-0.0291
974a292a-7fcd-424c-8cf3-28991184425b	3	20930	22533308	16874	-0.0298
974a292a-7fcd-424c-8cf3-28991184425b	3	22534913	22535054	2	-2.5311
974a292a-7fcd-424c-8cf3-28991184425b	3	22535787	26560273	2936	-0.0364
974a292a-7fcd-424c-8cf3-28991184425b	3	26570006	26570394	7	-1.6653
974a292a-7fcd-424c-8cf3-28991184425b	3	26570407	95715954	41552	-0.0358
974a292a-7fcd-424c-8cf3-28991184425b	3	95717807	95838510	62	0.4217
974a292a-7fcd-424c-8cf3-28991184425b	3	95843876	107314617	6559	-0.0373
974a292a-7fcd-424c-8cf3-28991184425b	3	107316951	107320614	3	-1.7241
974a292a-7fcd-424c-8cf3-28991184425b	3	107324165	125713562	11363	-0.0381
974a292a-7fcd-424c-8cf3-28991184425b	3	125716420	125750578	16	-0.6676
974a292a-7fcd-424c-8cf3-28991184425b	3	125756491	130067366	2444	-0.0452
974a292a-7fcd-424c-8cf3-28991184425b	3	130067443	130087393	31	0.5533
974a292a-7fcd-424c-8cf3-28991184425b	3	130088081	130137903	21	-0.595
974a292a-7fcd-424c-8cf3-28991184425b	3	130141782	143566923	8284	-0.0407
974a292a-7fcd-424c-8cf3-28991184425b	3	143566958	143567132	4	1.3278
974a292a-7fcd-424c-8cf3-28991184425b	3	143567959	148689012	3138	-0.0198
974a292a-7fcd-424c-8cf3-28991184425b	3	148694578	148695132	4	-1.3153
974a292a-7fcd-424c-8cf3-28991184425b	3	148697100	149118786	289	-0.0298
974a292a-7fcd-424c-8cf3-28991184425b	3	149119335	149127923	2	-2.1626
974a292a-7fcd-424c-8cf3-28991184425b	3	149128002	151807536	1739	-0.0356
974a292a-7fcd-424c-8cf3-28991184425b	3	151812333	151812525	2	-2.0188
974a292a-7fcd-424c-8cf3-28991184425b	3	151814106	152789670	642	-0.0396
974a292a-7fcd-424c-8cf3-28991184425b	3	152792968	152804663	7	-0.8839
974a292a-7fcd-424c-8cf3-28991184425b	3	152807155	158495039	3310	-0.0366
974a292a-7fcd-424c-8cf3-28991184425b	3	158505049	158533473	16	-1.0807
974a292a-7fcd-424c-8cf3-28991184425b	3	158534485	159168867	417	0.1249
974a292a-7fcd-424c-8cf3-28991184425b	3	159175965	162790404	2230	-0.0395
974a292a-7fcd-424c-8cf3-28991184425b	3	162790480	162896180	62	-0.3193
974a292a-7fcd-424c-8cf3-28991184425b	3	162897779	175369016	7607	-0.0249
974a292a-7fcd-424c-8cf3-28991184425b	3	175369131	175499151	118	0.0587
974a292a-7fcd-424c-8cf3-28991184425b	3	175500784	175502132	2	-2.3542
974a292a-7fcd-424c-8cf3-28991184425b	3	175504311	186688156	6607	-0.0414
974a292a-7fcd-424c-8cf3-28991184425b	3	186688334	186688349	2	-2.8102
974a292a-7fcd-424c-8cf3-28991184425b	3	186695072	192890184	4503	-0.0422
974a292a-7fcd-424c-8cf3-28991184425b	3	192890293	192890762	5	1.2808
974a292a-7fcd-424c-8cf3-28991184425b	3	192890809	193160113	186	-0.0604
974a292a-7fcd-424c-8cf3-28991184425b	3	193160173	193168734	23	0.868
974a292a-7fcd-424c-8cf3-28991184425b	3	193168790	195730018	1500	-0.0408
974a292a-7fcd-424c-8cf3-28991184425b	3	195733825	195747892	10	1.1332
974a292a-7fcd-424c-8cf3-28991184425b	3	195751823	198111467	1141	-0.0472
974a292a-7fcd-424c-8cf3-28991184425b	3	198111566	198169247	18	-0.7596
974a292a-7fcd-424c-8cf3-28991184425b	4	68929	606483	225	-0.0273
974a292a-7fcd-424c-8cf3-28991184425b	4	646747	647414	4	-1.5376
974a292a-7fcd-424c-8cf3-28991184425b	4	648206	3873169	1326	-0.0617
974a292a-7fcd-424c-8cf3-28991184425b	4	3876063	4045897	39	-0.4985
974a292a-7fcd-424c-8cf3-28991184425b	4	4055668	4108503	19	-0.0469
974a292a-7fcd-424c-8cf3-28991184425b	4	4112194	4151033	9	-1.3256
974a292a-7fcd-424c-8cf3-28991184425b	4	4158336	8722817	3432	-0.0448
974a292a-7fcd-424c-8cf3-28991184425b	4	9370577	9455251	59	0.7169
974a292a-7fcd-424c-8cf3-28991184425b	4	9459504	9477699	6	-1.7741
974a292a-7fcd-424c-8cf3-28991184425b	4	9484440	34777382	17447	-0.0358
974a292a-7fcd-424c-8cf3-28991184425b	4	34777403	34817589	38	-0.5881
974a292a-7fcd-424c-8cf3-28991184425b	4	34819718	44019868	6005	-0.0322
974a292a-7fcd-424c-8cf3-28991184425b	4	44019958	44024387	4	-2.9513
974a292a-7fcd-424c-8cf3-28991184425b	4	44029382	61071220	8937	-0.0391
974a292a-7fcd-424c-8cf3-28991184425b	4	61075217	61076234	2	2.1434
974a292a-7fcd-424c-8cf3-28991184425b	4	61079968	68332686	4325	-0.0281
974a292a-7fcd-424c-8cf3-28991184425b	4	68333313	68639397	110	0.2096
974a292a-7fcd-424c-8cf3-28991184425b	4	68640616	72857040	2440	-0.0278
974a292a-7fcd-424c-8cf3-28991184425b	4	72857260	72857832	3	-2.2101
974a292a-7fcd-424c-8cf3-28991184425b	4	72858435	76871830	2503	-0.0488
974a292a-7fcd-424c-8cf3-28991184425b	4	76871964	76880858	13	-0.6642
974a292a-7fcd-424c-8cf3-28991184425b	4	76880934	86055678	5780	-0.0378
974a292a-7fcd-424c-8cf3-28991184425b	4	86055839	86058791	8	-1.5438
974a292a-7fcd-424c-8cf3-28991184425b	4	86058936	99369341	7816	-0.0352
974a292a-7fcd-424c-8cf3-28991184425b	4	99369963	99371543	2	-2.6748
974a292a-7fcd-424c-8cf3-28991184425b	4	99371905	103824414	2678	-0.0402
974a292a-7fcd-424c-8cf3-28991184425b	4	103830473	103830480	5	-1.507
974a292a-7fcd-424c-8cf3-28991184425b	4	103830487	157697493	32042	-0.0347
974a292a-7fcd-424c-8cf3-28991184425b	4	157700362	157725464	19	-0.8829
974a292a-7fcd-424c-8cf3-28991184425b	4	157726343	172501371	9259	-0.0323
974a292a-7fcd-424c-8cf3-28991184425b	4	172503796	172503878	2	3.0167
974a292a-7fcd-424c-8cf3-28991184425b	4	172504076	190106768	11745	-0.0376
974a292a-7fcd-424c-8cf3-28991184425b	5	15532	15719241	12087	-0.0252
974a292a-7fcd-424c-8cf3-28991184425b	5	15719966	15720488	9	-1.1329
974a292a-7fcd-424c-8cf3-28991184425b	5	15723237	35491083	12185	-0.0153
974a292a-7fcd-424c-8cf3-28991184425b	5	35503785	35560969	39	0.5816
974a292a-7fcd-424c-8cf3-28991184425b	5	35562049	58025819	11172	-0.0239
974a292a-7fcd-424c-8cf3-28991184425b	5	58030200	58037706	32	1.314
974a292a-7fcd-424c-8cf3-28991184425b	5	58042530	102186533	25368	-0.0261
974a292a-7fcd-424c-8cf3-28991184425b	5	102195625	102223713	19	-0.7942
974a292a-7fcd-424c-8cf3-28991184425b	5	102227762	113050520	6912	-0.0124
974a292a-7fcd-424c-8cf3-28991184425b	5	113050587	113052528	2	-2.8448
974a292a-7fcd-424c-8cf3-28991184425b	5	113052688	135099445	14134	-0.0301
974a292a-7fcd-424c-8cf3-28991184425b	5	135100662	135101882	2	-4.1008
974a292a-7fcd-424c-8cf3-28991184425b	5	135102060	176033084	27353	-0.0259
974a292a-7fcd-424c-8cf3-28991184425b	5	176038686	176042504	2	-2.3112
974a292a-7fcd-424c-8cf3-28991184425b	5	176043321	181363319	2688	-0.0452
974a292a-7fcd-424c-8cf3-28991184425b	6	149661	252772	97	-0.0614
974a292a-7fcd-424c-8cf3-28991184425b	6	253272	375277	98	0.3745
974a292a-7fcd-424c-8cf3-28991184425b	6	375759	26340802	19645	-0.0384
974a292a-7fcd-424c-8cf3-28991184425b	6	26342741	26348804	3	-2.3274
974a292a-7fcd-424c-8cf3-28991184425b	6	26352835	29868926	1618	-0.0425
974a292a-7fcd-424c-8cf3-28991184425b	6	29868964	29907031	26	-0.8377
974a292a-7fcd-424c-8cf3-28991184425b	6	29909182	32619680	1188	-0.0801
974a292a-7fcd-424c-8cf3-28991184425b	6	32625244	32637799	9	-1.1478
974a292a-7fcd-424c-8cf3-28991184425b	6	32638107	32658841	9	0.5804
974a292a-7fcd-424c-8cf3-28991184425b	6	32682835	33970029	782	-0.0316
974a292a-7fcd-424c-8cf3-28991184425b	6	33970222	33974928	8	-1.0018
974a292a-7fcd-424c-8cf3-28991184425b	6	33976809	47421486	8611	-0.0407
974a292a-7fcd-424c-8cf3-28991184425b	6	47421975	47424807	3	-2.0298
974a292a-7fcd-424c-8cf3-28991184425b	6	47425265	54066353	4185	-0.0303
974a292a-7fcd-424c-8cf3-28991184425b	6	54066432	54067057	6	1.244
974a292a-7fcd-424c-8cf3-28991184425b	6	54070550	66328153	5335	-0.0391
974a292a-7fcd-424c-8cf3-28991184425b	6	66331020	66333004	6	-2.7204
974a292a-7fcd-424c-8cf3-28991184425b	6	66333299	73882142	4972	-0.0693
974a292a-7fcd-424c-8cf3-28991184425b	6	73882509	73887573	8	1.0663
974a292a-7fcd-424c-8cf3-28991184425b	6	73887625	76305231	1465	-0.0845
974a292a-7fcd-424c-8cf3-28991184425b	6	76307183	76307209	3	-1.5254
974a292a-7fcd-424c-8cf3-28991184425b	6	76307276	76704419	274	-0.1107
974a292a-7fcd-424c-8cf3-28991184425b	6	76705438	76760534	50	0.2876
974a292a-7fcd-424c-8cf3-28991184425b	6	76762520	78253157	963	-0.0673
974a292a-7fcd-424c-8cf3-28991184425b	6	78253172	78317528	102	0.2654
974a292a-7fcd-424c-8cf3-28991184425b	6	78317580	80568270	1423	-0.0671
974a292a-7fcd-424c-8cf3-28991184425b	6	80574472	80575502	12	-0.9723
974a292a-7fcd-424c-8cf3-28991184425b	6	80575529	80575664	3	-2.554
974a292a-7fcd-424c-8cf3-28991184425b	6	80575676	80579817	18	-0.9171
974a292a-7fcd-424c-8cf3-28991184425b	6	80584624	103286954	13911	-0.0666
974a292a-7fcd-424c-8cf3-28991184425b	6	103290101	103314186	45	-1.4897
974a292a-7fcd-424c-8cf3-28991184425b	6	103317795	153636235	31999	-0.0356
974a292a-7fcd-424c-8cf3-28991184425b	6	153639651	153640284	2	-3.3058
974a292a-7fcd-424c-8cf3-28991184425b	6	153640764	157565486	2568	-0.0271
974a292a-7fcd-424c-8cf3-28991184425b	6	157565527	160134722	1696	-0.0908
974a292a-7fcd-424c-8cf3-28991184425b	6	160134753	160147965	11	-0.8341
974a292a-7fcd-424c-8cf3-28991184425b	6	160147998	170741917	7532	-0.0767
974a292a-7fcd-424c-8cf3-28991184425b	7	43355	4372775	2284	0.0736
974a292a-7fcd-424c-8cf3-28991184425b	7	4377317	4379241	7	-1.2332
974a292a-7fcd-424c-8cf3-28991184425b	7	4381830	6758397	1107	0.0528
974a292a-7fcd-424c-8cf3-28991184425b	7	6790272	6999855	62	-0.2737
974a292a-7fcd-424c-8cf3-28991184425b	7	7000869	15439059	6886	0.0852
974a292a-7fcd-424c-8cf3-28991184425b	7	15439543	15439585	2	-3.8872
974a292a-7fcd-424c-8cf3-28991184425b	7	15439848	28665438	10132	0.0886
974a292a-7fcd-424c-8cf3-28991184425b	7	28665594	28665641	2	-2.2934
974a292a-7fcd-424c-8cf3-28991184425b	7	28665836	54119192	17611	0.0887
974a292a-7fcd-424c-8cf3-28991184425b	7	54119415	54123527	14	-1.2925
974a292a-7fcd-424c-8cf3-28991184425b	7	54129863	54318812	129	0.063
974a292a-7fcd-424c-8cf3-28991184425b	7	54318816	54318824	5	-1.7842
974a292a-7fcd-424c-8cf3-28991184425b	7	54325795	67264000	3754	0.057
974a292a-7fcd-424c-8cf3-28991184425b	7	67267968	67326128	13	-0.6514
974a292a-7fcd-424c-8cf3-28991184425b	7	67327435	91807307	14290	0.0859
974a292a-7fcd-424c-8cf3-28991184425b	7	91808569	91811045	3	-2.5565
974a292a-7fcd-424c-8cf3-28991184425b	7	91811337	126404869	20234	0.0823
974a292a-7fcd-424c-8cf3-28991184425b	7	126404920	126406823	15	-1.281
974a292a-7fcd-424c-8cf3-28991184425b	7	126406824	129969490	2066	0.0772
974a292a-7fcd-424c-8cf3-28991184425b	7	129969507	129970091	2	-2.8423
974a292a-7fcd-424c-8cf3-28991184425b	7	129971101	132881125	1875	0.0768
974a292a-7fcd-424c-8cf3-28991184425b	7	132883495	132884833	2	-2.4736
974a292a-7fcd-424c-8cf3-28991184425b	7	132884839	155091090	13926	0.0898
974a292a-7fcd-424c-8cf3-28991184425b	7	155093143	155097835	45	-0.8753
974a292a-7fcd-424c-8cf3-28991184425b	7	155100242	159334314	2753	0.0898
974a292a-7fcd-424c-8cf3-28991184425b	8	81254	6082952	6411	-0.0219
974a292a-7fcd-424c-8cf3-28991184425b	8	6083968	6084989	2	-2.5725
974a292a-7fcd-424c-8cf3-28991184425b	8	6085014	7358233	1263	-0.0512
974a292a-7fcd-424c-8cf3-28991184425b	8	7358321	8139659	57	0.3367
974a292a-7fcd-424c-8cf3-28991184425b	8	8196822	12581382	3247	-0.0498
974a292a-7fcd-424c-8cf3-28991184425b	8	12585546	12624538	10	-1.0029
974a292a-7fcd-424c-8cf3-28991184425b	8	12649562	13613196	871	-0.035
974a292a-7fcd-424c-8cf3-28991184425b	8	13613400	13702588	97	-0.2652
974a292a-7fcd-424c-8cf3-28991184425b	8	13702689	16339682	2454	-0.0296
974a292a-7fcd-424c-8cf3-28991184425b	8	16349445	16349614	8	-1.9232
974a292a-7fcd-424c-8cf3-28991184425b	8	16354575	16404738	49	-0.0273
974a292a-7fcd-424c-8cf3-28991184425b	8	16404755	16417152	26	-0.9403
974a292a-7fcd-424c-8cf3-28991184425b	8	16421186	25117062	6788	-0.0374
974a292a-7fcd-424c-8cf3-28991184425b	8	25117985	25133720	26	0.6593
974a292a-7fcd-424c-8cf3-28991184425b	8	25133759	39368221	8925	-0.0343
974a292a-7fcd-424c-8cf3-28991184425b	8	39368332	39531605	72	0.372
974a292a-7fcd-424c-8cf3-28991184425b	8	39537590	57442880	9282	-0.031
974a292a-7fcd-424c-8cf3-28991184425b	8	57445766	57454399	8	-1.1052
974a292a-7fcd-424c-8cf3-28991184425b	8	57457382	67631798	6119	-0.038
974a292a-7fcd-424c-8cf3-28991184425b	8	67635224	67636256	13	-0.8344
974a292a-7fcd-424c-8cf3-28991184425b	8	67636294	76489927	5714	-0.0346
974a292a-7fcd-424c-8cf3-28991184425b	8	76494311	76494326	2	-2.0663
974a292a-7fcd-424c-8cf3-28991184425b	8	76494699	94545324	10369	-0.034
974a292a-7fcd-424c-8cf3-28991184425b	8	94545374	94545764	6	1.7321
974a292a-7fcd-424c-8cf3-28991184425b	8	94545887	114619814	12008	-0.037
974a292a-7fcd-424c-8cf3-28991184425b	8	114622258	114629502	35	-0.6957
974a292a-7fcd-424c-8cf3-28991184425b	8	114638468	145072769	20886	-0.0465
974a292a-7fcd-424c-8cf3-28991184425b	9	46587	24503818	21017	-0.048
974a292a-7fcd-424c-8cf3-28991184425b	9	24504127	24516126	18	-0.9938
974a292a-7fcd-424c-8cf3-28991184425b	9	24517684	29088731	3479	-0.0052
974a292a-7fcd-424c-8cf3-28991184425b	9	29089612	29097682	6	-2.173
974a292a-7fcd-424c-8cf3-28991184425b	9	29101434	39146321	6327	-0.0318
974a292a-7fcd-424c-8cf3-28991184425b	9	39214987	39455364	10	-0.7575
974a292a-7fcd-424c-8cf3-28991184425b	9	39455596	39487690	20	0.6888
974a292a-7fcd-424c-8cf3-28991184425b	9	39547279	42073850	113	-0.2124
974a292a-7fcd-424c-8cf3-28991184425b	9	42080170	42566207	32	-0.8099
974a292a-7fcd-424c-8cf3-28991184425b	9	42574420	42798441	33	-0.0259
974a292a-7fcd-424c-8cf3-28991184425b	9	42800679	61337631	17	-0.6917
974a292a-7fcd-424c-8cf3-28991184425b	9	61369645	71641083	2746	-0.0294
974a292a-7fcd-424c-8cf3-28991184425b	9	71641820	71643908	19	-0.8111
974a292a-7fcd-424c-8cf3-28991184425b	9	71647284	104597890	22675	-0.0322
974a292a-7fcd-424c-8cf3-28991184425b	9	104598641	104604239	28	0.7342
974a292a-7fcd-424c-8cf3-28991184425b	9	104607598	138200944	22272	-0.0399
974a292a-7fcd-424c-8cf3-28991184425b	10	45792	24086334	19032	-0.017
974a292a-7fcd-424c-8cf3-28991184425b	10	24088745	24090022	13	-0.5577
974a292a-7fcd-424c-8cf3-28991184425b	10	24090078	24096443	11	-1.2691
974a292a-7fcd-424c-8cf3-28991184425b	10	24098294	133654968	70843	-0.0166
974a292a-7fcd-424c-8cf3-28991184425b	11	198510	4949013	2408	-0.0613
974a292a-7fcd-424c-8cf3-28991184425b	11	4949047	4955042	28	0.6436
974a292a-7fcd-424c-8cf3-28991184425b	11	4955781	5766862	778	-0.0357
974a292a-7fcd-424c-8cf3-28991184425b	11	5768371	5795055	36	-0.5364
974a292a-7fcd-424c-8cf3-28991184425b	11	5797091	18919323	9327	-0.0277
974a292a-7fcd-424c-8cf3-28991184425b	11	18927525	18939631	34	0.5653
974a292a-7fcd-424c-8cf3-28991184425b	11	18939734	25633389	5254	-0.0205
974a292a-7fcd-424c-8cf3-28991184425b	11	25633667	25641188	3	-2.3567
974a292a-7fcd-424c-8cf3-28991184425b	11	25642565	36321466	7500	-0.0197
974a292a-7fcd-424c-8cf3-28991184425b	11	36327660	36334692	2	-1.9974
974a292a-7fcd-424c-8cf3-28991184425b	11	36335487	55593955	8851	-0.0265
974a292a-7fcd-424c-8cf3-28991184425b	11	55595864	55693207	62	-0.5313
974a292a-7fcd-424c-8cf3-28991184425b	11	55693312	64657552	5020	-0.028
974a292a-7fcd-424c-8cf3-28991184425b	11	64657648	68066076	1250	-0.1034
974a292a-7fcd-424c-8cf3-28991184425b	11	68069002	90730107	13872	-0.0262
974a292a-7fcd-424c-8cf3-28991184425b	11	90730399	90730718	2	-2.0995
974a292a-7fcd-424c-8cf3-28991184425b	11	90730924	105049353	10468	-0.0232
974a292a-7fcd-424c-8cf3-28991184425b	11	105053135	105060506	9	-1.272
974a292a-7fcd-424c-8cf3-28991184425b	11	105061029	124032963	12871	-0.0297
974a292a-7fcd-424c-8cf3-28991184425b	11	124039156	124050170	10	-1.019
974a292a-7fcd-424c-8cf3-28991184425b	11	124050772	129286853	3986	-0.0362
974a292a-7fcd-424c-8cf3-28991184425b	11	129288276	133947577	3490	0.1563
974a292a-7fcd-424c-8cf3-28991184425b	11	133947761	133949547	3	-1.2681
974a292a-7fcd-424c-8cf3-28991184425b	11	133952831	134948674	742	0.1314
974a292a-7fcd-424c-8cf3-28991184425b	11	134949107	135074876	90	-0.0929
974a292a-7fcd-424c-8cf3-28991184425b	12	51460	424313	199	0.0167
974a292a-7fcd-424c-8cf3-28991184425b	12	425602	429872	2	-2.2884
974a292a-7fcd-424c-8cf3-28991184425b	12	434006	2142587	1060	0.0428
974a292a-7fcd-424c-8cf3-28991184425b	12	2142700	2143881	10	-0.9458
974a292a-7fcd-424c-8cf3-28991184425b	12	2145105	8404097	4274	0.0837
974a292a-7fcd-424c-8cf3-28991184425b	12	8405892	8406040	2	2.83
974a292a-7fcd-424c-8cf3-28991184425b	12	8406196	9498697	575	0.0719
974a292a-7fcd-424c-8cf3-28991184425b	12	9498795	9582374	21	1.3305
974a292a-7fcd-424c-8cf3-28991184425b	12	9583090	20990247	7678	0.066
974a292a-7fcd-424c-8cf3-28991184425b	12	20990316	20991572	12	-0.8002
974a292a-7fcd-424c-8cf3-28991184425b	12	20991608	27493059	4627	0.0676
974a292a-7fcd-424c-8cf3-28991184425b	12	27494808	27498429	28	-0.9937
974a292a-7fcd-424c-8cf3-28991184425b	12	27504228	133201603	65760	0.0767
974a292a-7fcd-424c-8cf3-28991184425b	13	18452809	31957984	9470	-0.0436
974a292a-7fcd-424c-8cf3-28991184425b	13	31958485	31964286	18	-1.3369
974a292a-7fcd-424c-8cf3-28991184425b	13	31965910	37504302	3869	-0.0349
974a292a-7fcd-424c-8cf3-28991184425b	13	37509968	37510620	5	1.59
974a292a-7fcd-424c-8cf3-28991184425b	13	37514193	57189903	12450	-0.0439
974a292a-7fcd-424c-8cf3-28991184425b	13	57189923	57204234	19	-0.8163
974a292a-7fcd-424c-8cf3-28991184425b	13	57204246	68668123	6841	-0.0438
974a292a-7fcd-424c-8cf3-28991184425b	13	68674167	68694110	38	-0.8704
974a292a-7fcd-424c-8cf3-28991184425b	13	68694987	114342922	30939	-0.0365
974a292a-7fcd-424c-8cf3-28991184425b	14	18239283	19289821	45	-0.2982
974a292a-7fcd-424c-8cf3-28991184425b	14	19294457	19294475	2	-2.8039
974a292a-7fcd-424c-8cf3-28991184425b	14	19298389	19746341	27	-0.2721
974a292a-7fcd-424c-8cf3-28991184425b	14	19749414	19951992	90	0.2278
974a292a-7fcd-424c-8cf3-28991184425b	14	19952080	21919236	1332	-0.0503
974a292a-7fcd-424c-8cf3-28991184425b	14	21919594	22423470	429	0.1372
974a292a-7fcd-424c-8cf3-28991184425b	14	22424253	36866665	9125	-0.039
974a292a-7fcd-424c-8cf3-28991184425b	14	36867317	36867430	3	-4.0887
974a292a-7fcd-424c-8cf3-28991184425b	14	36867767	59363255	14084	-0.0256
974a292a-7fcd-424c-8cf3-28991184425b	14	59363794	59364162	2	-2.4434
974a292a-7fcd-424c-8cf3-28991184425b	14	59365515	73534419	8806	-0.0402
974a292a-7fcd-424c-8cf3-28991184425b	14	73540003	73554275	8	1.1202
974a292a-7fcd-424c-8cf3-28991184425b	14	73563196	106877229	20999	-0.0385
974a292a-7fcd-424c-8cf3-28991184425b	15	19811075	20041902	49	-0.1231
974a292a-7fcd-424c-8cf3-28991184425b	15	20056983	20525226	84	0.823
974a292a-7fcd-424c-8cf3-28991184425b	15	20538669	20625279	4	-1.0524
974a292a-7fcd-424c-8cf3-28991184425b	15	20642631	22572323	75	0.682
974a292a-7fcd-424c-8cf3-28991184425b	15	22576496	30077828	4596	0.0703
974a292a-7fcd-424c-8cf3-28991184425b	15	30094208	30633402	41	-0.8096
974a292a-7fcd-424c-8cf3-28991184425b	15	30638297	32801966	1221	0.0814
974a292a-7fcd-424c-8cf3-28991184425b	15	32804378	32805855	2	-1.9473
974a292a-7fcd-424c-8cf3-28991184425b	15	32806359	34431375	1315	0.0777
974a292a-7fcd-424c-8cf3-28991184425b	15	34434971	34520918	59	0.7341
974a292a-7fcd-424c-8cf3-28991184425b	15	34522159	45087504	6236	0.0933
974a292a-7fcd-424c-8cf3-28991184425b	15	45089203	45091486	4	-4.1935
974a292a-7fcd-424c-8cf3-28991184425b	15	45091980	45444902	205	0.099
974a292a-7fcd-424c-8cf3-28991184425b	15	45445239	45456554	5	-1.7402
974a292a-7fcd-424c-8cf3-28991184425b	15	45464885	76598900	19783	0.089
974a292a-7fcd-424c-8cf3-28991184425b	15	76599170	76599884	10	1.1704
974a292a-7fcd-424c-8cf3-28991184425b	15	76602723	101928837	17496	0.0861
974a292a-7fcd-424c-8cf3-28991184425b	16	10777	57000	19	-0.4664
974a292a-7fcd-424c-8cf3-28991184425b	16	57275	16419422	11664	0.2265
974a292a-7fcd-424c-8cf3-28991184425b	16	16419781	16563603	16	-0.8077
974a292a-7fcd-424c-8cf3-28991184425b	16	16569719	28578452	7062	0.2345
974a292a-7fcd-424c-8cf3-28991184425b	16	28581748	30161266	411	0.0786
974a292a-7fcd-424c-8cf3-28991184425b	16	30165200	32169655	674	0.2314
974a292a-7fcd-424c-8cf3-28991184425b	16	32197425	32295899	4	-1.7583
974a292a-7fcd-424c-8cf3-28991184425b	16	32383608	34209701	91	0.1143
974a292a-7fcd-424c-8cf3-28991184425b	16	35080991	55102993	6184	-0.3087
974a292a-7fcd-424c-8cf3-28991184425b	16	55103743	55104941	6	-3.782
974a292a-7fcd-424c-8cf3-28991184425b	16	55105153	66125367	7429	-0.3077
974a292a-7fcd-424c-8cf3-28991184425b	16	66125395	66128326	2	-3.4885
974a292a-7fcd-424c-8cf3-28991184425b	16	66128551	77988459	7007	-0.3139
974a292a-7fcd-424c-8cf3-28991184425b	16	77988852	77988933	2	-3.7876
974a292a-7fcd-424c-8cf3-28991184425b	16	77989409	90096867	10761	-0.344
974a292a-7fcd-424c-8cf3-28991184425b	17	150733	6203166	3334	-0.1109
974a292a-7fcd-424c-8cf3-28991184425b	17	6203793	6229407	27	-1.214
974a292a-7fcd-424c-8cf3-28991184425b	17	6229454	8339592	1127	-0.1076
974a292a-7fcd-424c-8cf3-28991184425b	17	8344229	8344415	2	-3.2654
974a292a-7fcd-424c-8cf3-28991184425b	17	8346140	19245973	6998	-0.1038
974a292a-7fcd-424c-8cf3-28991184425b	17	19246050	32059530	3649	-0.0564
974a292a-7fcd-424c-8cf3-28991184425b	17	32068619	32071714	3	-2.6638
974a292a-7fcd-424c-8cf3-28991184425b	17	32073864	41265456	5515	-0.0337
974a292a-7fcd-424c-8cf3-28991184425b	17	41266762	41274279	24	-0.868
974a292a-7fcd-424c-8cf3-28991184425b	17	41276472	41348899	74	0.006
974a292a-7fcd-424c-8cf3-28991184425b	17	41354660	41366243	29	-0.9115
974a292a-7fcd-424c-8cf3-28991184425b	17	41370057	83091923	23901	-0.0456
974a292a-7fcd-424c-8cf3-28991184425b	18	48133	290824	107	0.0353
974a292a-7fcd-424c-8cf3-28991184425b	18	293519	304262	30	-1.0392
974a292a-7fcd-424c-8cf3-28991184425b	18	307134	2023812	1284	-0.0579
974a292a-7fcd-424c-8cf3-28991184425b	18	2027952	2029279	5	-2.7218
974a292a-7fcd-424c-8cf3-28991184425b	18	2029593	43293796	22940	-0.0343
974a292a-7fcd-424c-8cf3-28991184425b	18	43301101	43323366	16	-1.2283
974a292a-7fcd-424c-8cf3-28991184425b	18	43329277	80257174	25962	-0.0276
974a292a-7fcd-424c-8cf3-28991184425b	19	90910	3012885	798	-0.0912
974a292a-7fcd-424c-8cf3-28991184425b	19	3020693	3034536	3	-2.9063
974a292a-7fcd-424c-8cf3-28991184425b	19	3051552	4593682	398	-0.0668
974a292a-7fcd-424c-8cf3-28991184425b	19	4594222	4599160	4	-1.3801
974a292a-7fcd-424c-8cf3-28991184425b	19	4605227	7565044	1366	-0.0523
974a292a-7fcd-424c-8cf3-28991184425b	19	7569708	7590102	11	-0.8497
974a292a-7fcd-424c-8cf3-28991184425b	19	7591127	35167825	13841	-0.0352
974a292a-7fcd-424c-8cf3-28991184425b	19	35172871	35173089	5	-1.2993
974a292a-7fcd-424c-8cf3-28991184425b	19	35173140	43187166	4026	-0.0526
974a292a-7fcd-424c-8cf3-28991184425b	19	43190009	43252085	25	-0.7912
974a292a-7fcd-424c-8cf3-28991184425b	19	43262507	44403018	746	-0.0473
974a292a-7fcd-424c-8cf3-28991184425b	19	44403646	44425604	12	-0.7287
974a292a-7fcd-424c-8cf3-28991184425b	19	44425643	50762782	2786	-0.0561
974a292a-7fcd-424c-8cf3-28991184425b	19	50763895	50768480	2	-2.8186
974a292a-7fcd-424c-8cf3-28991184425b	19	50772526	52189043	949	-0.0377
974a292a-7fcd-424c-8cf3-28991184425b	19	52192727	57523861	3360	0.1015
974a292a-7fcd-424c-8cf3-28991184425b	19	57526742	58586487	585	-0.1112
974a292a-7fcd-424c-8cf3-28991184425b	20	80664	1580305	1196	-0.0686
974a292a-7fcd-424c-8cf3-28991184425b	20	1580353	1609611	38	1.5234
974a292a-7fcd-424c-8cf3-28991184425b	20	1609809	64324800	40822	-0.0193
974a292a-7fcd-424c-8cf3-28991184425b	21	10354168	46677045	23675	-0.031
974a292a-7fcd-424c-8cf3-28991184425b	22	15294547	19996490	1814	-0.1835
974a292a-7fcd-424c-8cf3-28991184425b	22	19996677	19996688	2	-2.603
974a292a-7fcd-424c-8cf3-28991184425b	22	19996878	23987520	2542	-0.1987
974a292a-7fcd-424c-8cf3-28991184425b	22	23988078	23990739	4	-2.7913
974a292a-7fcd-424c-8cf3-28991184425b	22	23995113	50796027	18683	-0.1883
974a292a-7fcd-424c-8cf3-28991184425b	X	251810	32625471	20119	0.006
974a292a-7fcd-424c-8cf3-28991184425b	X	32626599	32627233	2	-2.8098
974a292a-7fcd-424c-8cf3-28991184425b	X	32633248	90444900	26454	-0.0007
974a292a-7fcd-424c-8cf3-28991184425b	X	90445650	90448357	2	-2.741
974a292a-7fcd-424c-8cf3-28991184425b	X	90448921	155575153	36641	0.0046
974a292a-7fcd-424c-8cf3-28991184425b	X	155580078	155632677	29	0.81
974a292a-7fcd-424c-8cf3-28991184425b	X	155632958	155952689	59	0.0219
974a292a-7fcd-424c-8cf3-28991184425b	Y	2782397	3024380	118	-3.384
974a292a-7fcd-424c-8cf3-28991184425b	Y	3025189	6043823	595	-2.841
974a292a-7fcd-424c-8cf3-28991184425b	Y	6044040	8632342	1246	-3.4067
974a292a-7fcd-424c-8cf3-28991184425b	Y	8632861	8654875	10	-5.8721
974a292a-7fcd-424c-8cf3-28991184425b	Y	8655973	9330531	256	-3.614
974a292a-7fcd-424c-8cf3-28991184425b	Y	9332936	9550385	21	-5.5001
974a292a-7fcd-424c-8cf3-28991184425b	Y	9550653	56872112	4390	-3.3733
