GDC_Aliquot	Chromosome	Start	End	Num_Probes	Segment_Mean
2beb34c4-d493-4a73-b21e-de77d43251ff	1	62920	3302046	738	0.1279
2beb34c4-d493-4a73-b21e-de77d43251ff	1	3302359	16863509	7955	0.0157
2beb34c4-d493-4a73-b21e-de77d43251ff	1	16864367	16934716	47	-0.3651
2beb34c4-d493-4a73-b21e-de77d43251ff	1	16934753	72303233	34016	0.0101
2beb34c4-d493-4a73-b21e-de77d43251ff	1	72303253	72313397	9	-0.8812
2beb34c4-d493-4a73-b21e-de77d43251ff	1	72313408	72323042	9	0.2943
2beb34c4-d493-4a73-b21e-de77d43251ff	1	72323161	72345450	26	-0.8398
2beb34c4-d493-4a73-b21e-de77d43251ff	1	72345465	109684893	23583	0.0045
2beb34c4-d493-4a73-b21e-de77d43251ff	1	109690352	109697556	13	-0.6891
2beb34c4-d493-4a73-b21e-de77d43251ff	1	109702376	119984772	7014	0.0053
2beb34c4-d493-4a73-b21e-de77d43251ff	1	120002553	147131366	507	0.1317
2beb34c4-d493-4a73-b21e-de77d43251ff	1	147132373	152582700	2051	0.0115
2beb34c4-d493-4a73-b21e-de77d43251ff	1	152583051	152614118	36	0.9156
2beb34c4-d493-4a73-b21e-de77d43251ff	1	152618018	152787202	167	-0.0433
2beb34c4-d493-4a73-b21e-de77d43251ff	1	152789447	152796224	37	0.4147
2beb34c4-d493-4a73-b21e-de77d43251ff	1	152801429	157508748	2487	0.0035
2beb34c4-d493-4a73-b21e-de77d43251ff	1	157512664	157513157	2	-2.8777
2beb34c4-d493-4a73-b21e-de77d43251ff	1	157513483	196762956	26963	0.0015
2beb34c4-d493-4a73-b21e-de77d43251ff	1	196769493	196854187	59	0.3324
2beb34c4-d493-4a73-b21e-de77d43251ff	1	196854483	199142562	1376	-0.0037
2beb34c4-d493-4a73-b21e-de77d43251ff	1	199142844	199143396	3	-1.4455
2beb34c4-d493-4a73-b21e-de77d43251ff	1	199143883	242735799	30506	0.0025
2beb34c4-d493-4a73-b21e-de77d43251ff	1	242736645	242739313	2	-1.5303
2beb34c4-d493-4a73-b21e-de77d43251ff	1	242741453	248930189	3896	0.0154
2beb34c4-d493-4a73-b21e-de77d43251ff	2	12784	4169315	2990	0.0185
2beb34c4-d493-4a73-b21e-de77d43251ff	2	4169594	4171747	13	-0.8542
2beb34c4-d493-4a73-b21e-de77d43251ff	2	4171949	41011095	25898	0.0047
2beb34c4-d493-4a73-b21e-de77d43251ff	2	41011303	41015703	16	-0.6589
2beb34c4-d493-4a73-b21e-de77d43251ff	2	41015728	41327911	239	-0.116
2beb34c4-d493-4a73-b21e-de77d43251ff	2	41329141	50666236	6665	0.0018
2beb34c4-d493-4a73-b21e-de77d43251ff	2	50667796	51090431	290	-0.1285
2beb34c4-d493-4a73-b21e-de77d43251ff	2	51090950	52531615	990	-0.0178
2beb34c4-d493-4a73-b21e-de77d43251ff	2	52531630	52554404	32	-0.522
2beb34c4-d493-4a73-b21e-de77d43251ff	2	52560811	61968691	6324	0.0037
2beb34c4-d493-4a73-b21e-de77d43251ff	2	61970743	62003835	13	-0.8282
2beb34c4-d493-4a73-b21e-de77d43251ff	2	62005165	78924087	10667	0.0003
2beb34c4-d493-4a73-b21e-de77d43251ff	2	78924322	78925703	4	-1.0608
2beb34c4-d493-4a73-b21e-de77d43251ff	2	78925796	89305244	5744	0.0002
2beb34c4-d493-4a73-b21e-de77d43251ff	2	89896149	90191270	97	-0.7408
2beb34c4-d493-4a73-b21e-de77d43251ff	2	90191705	90203634	18	-1.3444
2beb34c4-d493-4a73-b21e-de77d43251ff	2	90205365	90228237	12	-0.6557
2beb34c4-d493-4a73-b21e-de77d43251ff	2	90228255	97180592	913	0.0322
2beb34c4-d493-4a73-b21e-de77d43251ff	2	97180963	97211436	20	0.5648
2beb34c4-d493-4a73-b21e-de77d43251ff	2	97310327	129298477	19346	0.0042
2beb34c4-d493-4a73-b21e-de77d43251ff	2	129298884	130026710	521	0.0429
2beb34c4-d493-4a73-b21e-de77d43251ff	2	130031187	130116915	16	0.5453
2beb34c4-d493-4a73-b21e-de77d43251ff	2	130117303	130732793	110	0.1475
2beb34c4-d493-4a73-b21e-de77d43251ff	2	130738355	131198985	225	-0.0392
2beb34c4-d493-4a73-b21e-de77d43251ff	2	131213222	132609636	576	0.1043
2beb34c4-d493-4a73-b21e-de77d43251ff	2	132610004	146104517	8607	-0.0032
2beb34c4-d493-4a73-b21e-de77d43251ff	2	146106836	146109366	24	0.5693
2beb34c4-d493-4a73-b21e-de77d43251ff	2	146120238	241841244	58887	0.0024
2beb34c4-d493-4a73-b21e-de77d43251ff	2	241973315	242092368	100	-0.9604
2beb34c4-d493-4a73-b21e-de77d43251ff	2	242095460	242147305	24	0.1777
2beb34c4-d493-4a73-b21e-de77d43251ff	3	20930	2641324	2269	-0.0504
2beb34c4-d493-4a73-b21e-de77d43251ff	3	2641862	52994359	33418	0.0001
2beb34c4-d493-4a73-b21e-de77d43251ff	3	52997720	53007328	43	-0.3518
2beb34c4-d493-4a73-b21e-de77d43251ff	3	53007467	68245598	11669	0.0018
2beb34c4-d493-4a73-b21e-de77d43251ff	3	68247679	68682877	345	-0.0481
2beb34c4-d493-4a73-b21e-de77d43251ff	3	68697013	68698262	15	0.7947
2beb34c4-d493-4a73-b21e-de77d43251ff	3	68699607	75390630	4866	0.0029
2beb34c4-d493-4a73-b21e-de77d43251ff	3	75392096	75845381	127	0.3087
2beb34c4-d493-4a73-b21e-de77d43251ff	3	75852300	119631498	23556	-0.0025
2beb34c4-d493-4a73-b21e-de77d43251ff	3	119632551	119635091	5	-1.3604
2beb34c4-d493-4a73-b21e-de77d43251ff	3	119636564	128672946	5447	0.0137
2beb34c4-d493-4a73-b21e-de77d43251ff	3	128675662	128693488	11	0.5767
2beb34c4-d493-4a73-b21e-de77d43251ff	3	128695318	162790404	20903	-0.0007
2beb34c4-d493-4a73-b21e-de77d43251ff	3	162790480	162889405	59	0.3775
2beb34c4-d493-4a73-b21e-de77d43251ff	3	162889424	162906093	9	0.1411
2beb34c4-d493-4a73-b21e-de77d43251ff	3	162906109	162910826	6	-0.7886
2beb34c4-d493-4a73-b21e-de77d43251ff	3	162910855	162996729	68	-0.0383
2beb34c4-d493-4a73-b21e-de77d43251ff	3	162999939	163001774	2	-2.1135
2beb34c4-d493-4a73-b21e-de77d43251ff	3	163008371	195729069	20616	-0.005
2beb34c4-d493-4a73-b21e-de77d43251ff	3	195729085	195747892	13	-0.7194
2beb34c4-d493-4a73-b21e-de77d43251ff	3	195751823	198142659	1162	0.0252
2beb34c4-d493-4a73-b21e-de77d43251ff	3	198169114	198169247	4	1.3358
2beb34c4-d493-4a73-b21e-de77d43251ff	4	68929	221459	79	0.4671
2beb34c4-d493-4a73-b21e-de77d43251ff	4	224152	945136	254	0.0577
2beb34c4-d493-4a73-b21e-de77d43251ff	4	945616	1051383	17	0.5126
2beb34c4-d493-4a73-b21e-de77d43251ff	4	1051535	3877891	1214	-0.0055
2beb34c4-d493-4a73-b21e-de77d43251ff	4	3884081	4191333	86	0.2664
2beb34c4-d493-4a73-b21e-de77d43251ff	4	4192439	8722817	3442	0.0138
2beb34c4-d493-4a73-b21e-de77d43251ff	4	9370577	9496271	67	-0.5325
2beb34c4-d493-4a73-b21e-de77d43251ff	4	9499750	9587686	25	0.3768
2beb34c4-d493-4a73-b21e-de77d43251ff	4	9594294	10208518	507	0.0189
2beb34c4-d493-4a73-b21e-de77d43251ff	4	10208570	10244648	48	0.3332
2beb34c4-d493-4a73-b21e-de77d43251ff	4	10245888	10385349	159	0.0095
2beb34c4-d493-4a73-b21e-de77d43251ff	4	10388498	10399044	18	-0.4524
2beb34c4-d493-4a73-b21e-de77d43251ff	4	10401094	24726007	10392	-0.0015
2beb34c4-d493-4a73-b21e-de77d43251ff	4	24726669	24726857	2	-1.6277
2beb34c4-d493-4a73-b21e-de77d43251ff	4	24727152	34784878	6382	-0.0046
2beb34c4-d493-4a73-b21e-de77d43251ff	4	34785333	34828306	40	0.3648
2beb34c4-d493-4a73-b21e-de77d43251ff	4	34828327	49214614	8962	-0.0063
2beb34c4-d493-4a73-b21e-de77d43251ff	4	49289175	49654496	18	0.4782
2beb34c4-d493-4a73-b21e-de77d43251ff	4	49654578	63828222	7561	-0.0008
2beb34c4-d493-4a73-b21e-de77d43251ff	4	63831751	63841887	22	0.4136
2beb34c4-d493-4a73-b21e-de77d43251ff	4	63842036	69257792	3256	-0.0156
2beb34c4-d493-4a73-b21e-de77d43251ff	4	69261926	69366081	54	-0.4215
2beb34c4-d493-4a73-b21e-de77d43251ff	4	69366304	107130343	22865	0.0013
2beb34c4-d493-4a73-b21e-de77d43251ff	4	107144594	107145685	12	-0.9692
2beb34c4-d493-4a73-b21e-de77d43251ff	4	107147078	107150471	9	0.146
2beb34c4-d493-4a73-b21e-de77d43251ff	4	107150731	107152651	6	-0.9645
2beb34c4-d493-4a73-b21e-de77d43251ff	4	107154110	151868241	26508	0.0007
2beb34c4-d493-4a73-b21e-de77d43251ff	4	151868634	151871415	12	-0.8134
2beb34c4-d493-4a73-b21e-de77d43251ff	4	151871739	171448195	12548	-0.0044
2beb34c4-d493-4a73-b21e-de77d43251ff	4	171453733	171456559	10	1.2338
2beb34c4-d493-4a73-b21e-de77d43251ff	4	171456573	172068222	404	-0.0092
2beb34c4-d493-4a73-b21e-de77d43251ff	4	172068257	172068354	5	-1.6081
2beb34c4-d493-4a73-b21e-de77d43251ff	4	172068368	189864410	12011	-0.0057
2beb34c4-d493-4a73-b21e-de77d43251ff	4	189870388	190106768	59	0.2474
2beb34c4-d493-4a73-b21e-de77d43251ff	5	15532	625976	272	0.0419
2beb34c4-d493-4a73-b21e-de77d43251ff	5	626163	637175	3	-1.0503
2beb34c4-d493-4a73-b21e-de77d43251ff	5	642617	808932	62	0.3003
2beb34c4-d493-4a73-b21e-de77d43251ff	5	817735	1928775	606	0.0768
2beb34c4-d493-4a73-b21e-de77d43251ff	5	1930253	1934376	3	0.7263
2beb34c4-d493-4a73-b21e-de77d43251ff	5	1934664	12791608	9236	0.0056
2beb34c4-d493-4a73-b21e-de77d43251ff	5	12800777	12899231	32	-0.5062
2beb34c4-d493-4a73-b21e-de77d43251ff	5	12902053	27524345	9021	-0.0066
2beb34c4-d493-4a73-b21e-de77d43251ff	5	27525283	27525913	10	-0.9151
2beb34c4-d493-4a73-b21e-de77d43251ff	5	27527372	45426298	11146	0.0044
2beb34c4-d493-4a73-b21e-de77d43251ff	5	45427057	45668029	84	-0.202
2beb34c4-d493-4a73-b21e-de77d43251ff	5	45669339	69571467	12584	-0.002
2beb34c4-d493-4a73-b21e-de77d43251ff	5	69779150	69822308	4	1.2383
2beb34c4-d493-4a73-b21e-de77d43251ff	5	69937600	86819561	9644	0.0014
2beb34c4-d493-4a73-b21e-de77d43251ff	5	86820504	86823329	2	-1.4058
2beb34c4-d493-4a73-b21e-de77d43251ff	5	86825812	97712762	5963	-0.0052
2beb34c4-d493-4a73-b21e-de77d43251ff	5	97714396	97763616	42	-0.9287
2beb34c4-d493-4a73-b21e-de77d43251ff	5	97763980	97879016	55	-0.2969
2beb34c4-d493-4a73-b21e-de77d43251ff	5	97879101	172024150	48358	-0.0002
2beb34c4-d493-4a73-b21e-de77d43251ff	5	172026148	172299350	196	0.1626
2beb34c4-d493-4a73-b21e-de77d43251ff	5	172301470	177730398	3487	0.0037
2beb34c4-d493-4a73-b21e-de77d43251ff	5	177739139	177827964	8	0.9099
2beb34c4-d493-4a73-b21e-de77d43251ff	5	177832414	181363319	1981	0.0315
2beb34c4-d493-4a73-b21e-de77d43251ff	6	149661	254283	101	0.0144
2beb34c4-d493-4a73-b21e-de77d43251ff	6	257353	379015	97	-0.5758
2beb34c4-d493-4a73-b21e-de77d43251ff	6	380821	29736623	21315	0
2beb34c4-d493-4a73-b21e-de77d43251ff	6	29739530	32488965	1301	0.0735
2beb34c4-d493-4a73-b21e-de77d43251ff	6	32502142	32533522	11	0.8455
2beb34c4-d493-4a73-b21e-de77d43251ff	6	32540699	32658111	45	0.1843
2beb34c4-d493-4a73-b21e-de77d43251ff	6	32658160	33970029	802	0.0089
2beb34c4-d493-4a73-b21e-de77d43251ff	6	33970222	33976995	12	0.549
2beb34c4-d493-4a73-b21e-de77d43251ff	6	33977053	47920713	9010	0.0097
2beb34c4-d493-4a73-b21e-de77d43251ff	6	47920964	47923489	3	-1.1984
2beb34c4-d493-4a73-b21e-de77d43251ff	6	47927117	65689879	8794	0.0073
2beb34c4-d493-4a73-b21e-de77d43251ff	6	65690336	65697234	17	-0.8557
2beb34c4-d493-4a73-b21e-de77d43251ff	6	65697317	66331020	415	0.0048
2beb34c4-d493-4a73-b21e-de77d43251ff	6	66331558	66333299	6	-0.8009
2beb34c4-d493-4a73-b21e-de77d43251ff	6	66333342	73882509	5013	-0.0025
2beb34c4-d493-4a73-b21e-de77d43251ff	6	73882741	73887625	8	-2.2342
2beb34c4-d493-4a73-b21e-de77d43251ff	6	73891694	78253172	2769	0.0042
2beb34c4-d493-4a73-b21e-de77d43251ff	6	78259348	78329517	114	-0.5291
2beb34c4-d493-4a73-b21e-de77d43251ff	6	78331916	115028285	22801	-0.0039
2beb34c4-d493-4a73-b21e-de77d43251ff	6	115028696	115087407	8	-0.8669
2beb34c4-d493-4a73-b21e-de77d43251ff	6	115092627	115778745	356	-0.0443
2beb34c4-d493-4a73-b21e-de77d43251ff	6	115781556	115781583	2	1.3288
2beb34c4-d493-4a73-b21e-de77d43251ff	6	115781918	118350454	1555	-0.002
2beb34c4-d493-4a73-b21e-de77d43251ff	6	118350523	118406738	32	-0.3522
2beb34c4-d493-4a73-b21e-de77d43251ff	6	118407900	157358463	25496	0.001
2beb34c4-d493-4a73-b21e-de77d43251ff	6	157360232	157408585	8	0.8283
2beb34c4-d493-4a73-b21e-de77d43251ff	6	157414539	167370566	7384	0.0019
2beb34c4-d493-4a73-b21e-de77d43251ff	6	167371633	167378046	4	-1.0201
2beb34c4-d493-4a73-b21e-de77d43251ff	6	167382336	170741917	1993	0.0325
2beb34c4-d493-4a73-b21e-de77d43251ff	7	43355	155066	91	0.1557
2beb34c4-d493-4a73-b21e-de77d43251ff	7	155090	158626	9	-0.8623
2beb34c4-d493-4a73-b21e-de77d43251ff	7	161442	54305455	38341	0.0011
2beb34c4-d493-4a73-b21e-de77d43251ff	7	54318812	54318824	6	0.9897
2beb34c4-d493-4a73-b21e-de77d43251ff	7	54325795	56717795	1569	-0.0097
2beb34c4-d493-4a73-b21e-de77d43251ff	7	56717864	63128783	703	0.1291
2beb34c4-d493-4a73-b21e-de77d43251ff	7	63135628	97766197	19544	0.0003
2beb34c4-d493-4a73-b21e-de77d43251ff	7	97772620	97772915	6	-0.8799
2beb34c4-d493-4a73-b21e-de77d43251ff	7	97772976	111425236	7727	-0.0014
2beb34c4-d493-4a73-b21e-de77d43251ff	7	111425438	111425828	3	-1.603
2beb34c4-d493-4a73-b21e-de77d43251ff	7	111426198	134093896	13632	0.0017
2beb34c4-d493-4a73-b21e-de77d43251ff	7	134093899	134100458	4	0.4871
2beb34c4-d493-4a73-b21e-de77d43251ff	7	134100556	134105690	21	0.8658
2beb34c4-d493-4a73-b21e-de77d43251ff	7	134110881	134113790	8	0.5329
2beb34c4-d493-4a73-b21e-de77d43251ff	7	134113805	159324952	16064	0.0105
2beb34c4-d493-4a73-b21e-de77d43251ff	7	159325204	159334314	11	-0.9632
2beb34c4-d493-4a73-b21e-de77d43251ff	8	81254	3929538	3350	0.0069
2beb34c4-d493-4a73-b21e-de77d43251ff	8	3929561	3932584	23	-0.5829
2beb34c4-d493-4a73-b21e-de77d43251ff	8	3933696	7080377	4321	-0.0137
2beb34c4-d493-4a73-b21e-de77d43251ff	8	7082704	8102048	88	0.4478
2beb34c4-d493-4a73-b21e-de77d43251ff	8	8104937	12143614	3234	0.0233
2beb34c4-d493-4a73-b21e-de77d43251ff	8	12176798	12701420	77	0.4954
2beb34c4-d493-4a73-b21e-de77d43251ff	8	12702326	12788880	66	0.0048
2beb34c4-d493-4a73-b21e-de77d43251ff	8	12791219	12795017	4	-0.8014
2beb34c4-d493-4a73-b21e-de77d43251ff	8	12796024	13678103	866	0.0077
2beb34c4-d493-4a73-b21e-de77d43251ff	8	13678199	13678511	2	-1.5908
2beb34c4-d493-4a73-b21e-de77d43251ff	8	13678513	25114672	9426	-0.0064
2beb34c4-d493-4a73-b21e-de77d43251ff	8	25116928	25122039	14	0.5484
2beb34c4-d493-4a73-b21e-de77d43251ff	8	25122389	39373140	9021	0.008
2beb34c4-d493-4a73-b21e-de77d43251ff	8	39378084	39529446	58	-1.7253
2beb34c4-d493-4a73-b21e-de77d43251ff	8	39530780	114619814	43796	-0.0001
2beb34c4-d493-4a73-b21e-de77d43251ff	8	114622258	114622478	5	-1.0741
2beb34c4-d493-4a73-b21e-de77d43251ff	8	114622678	114623472	8	-2.6697
2beb34c4-d493-4a73-b21e-de77d43251ff	8	114626121	114628588	9	-0.1755
2beb34c4-d493-4a73-b21e-de77d43251ff	8	114628679	114629460	12	-1.3063
2beb34c4-d493-4a73-b21e-de77d43251ff	8	114629502	140990814	19229	0.0043
2beb34c4-d493-4a73-b21e-de77d43251ff	8	140991025	145072769	1813	0.0691
2beb34c4-d493-4a73-b21e-de77d43251ff	9	46587	5079156	5240	0.0007
2beb34c4-d493-4a73-b21e-de77d43251ff	9	5081416	5081852	9	-0.6688
2beb34c4-d493-4a73-b21e-de77d43251ff	9	5081953	6924843	1284	0.0077
2beb34c4-d493-4a73-b21e-de77d43251ff	9	6924918	6925645	2	-1.781
2beb34c4-d493-4a73-b21e-de77d43251ff	9	6928064	11366989	4223	-0.0073
2beb34c4-d493-4a73-b21e-de77d43251ff	9	11368964	12326564	773	-0.0712
2beb34c4-d493-4a73-b21e-de77d43251ff	9	12328717	39547279	19621	0.0066
2beb34c4-d493-4a73-b21e-de77d43251ff	9	39547285	42524983	144	0.3866
2beb34c4-d493-4a73-b21e-de77d43251ff	9	42546668	61405110	58	0.134
2beb34c4-d493-4a73-b21e-de77d43251ff	9	61520021	61629689	28	-0.6782
2beb34c4-d493-4a73-b21e-de77d43251ff	9	61633080	68390662	182	0.1838
2beb34c4-d493-4a73-b21e-de77d43251ff	9	68391659	135326886	46762	0.0059
2beb34c4-d493-4a73-b21e-de77d43251ff	9	135326901	135472087	99	0.2597
2beb34c4-d493-4a73-b21e-de77d43251ff	9	135472543	138091223	928	0.0451
2beb34c4-d493-4a73-b21e-de77d43251ff	9	138092141	138200944	74	0.202
2beb34c4-d493-4a73-b21e-de77d43251ff	10	45792	285114	127	0.059
2beb34c4-d493-4a73-b21e-de77d43251ff	10	285680	285919	4	1.1297
2beb34c4-d493-4a73-b21e-de77d43251ff	10	288859	24088753	19048	0.0002
2beb34c4-d493-4a73-b21e-de77d43251ff	10	24088989	24089125	4	1.2032
2beb34c4-d493-4a73-b21e-de77d43251ff	10	24089979	30957581	5015	-0.0006
2beb34c4-d493-4a73-b21e-de77d43251ff	10	30962405	30962850	11	-1.5658
2beb34c4-d493-4a73-b21e-de77d43251ff	10	30962893	133654968	66379	0.0055
2beb34c4-d493-4a73-b21e-de77d43251ff	11	198510	251034	30	0.0106
2beb34c4-d493-4a73-b21e-de77d43251ff	11	252231	377795	55	0.2895
2beb34c4-d493-4a73-b21e-de77d43251ff	11	378573	4949013	2333	0.0411
2beb34c4-d493-4a73-b21e-de77d43251ff	11	4949047	4955042	28	-1.1127
2beb34c4-d493-4a73-b21e-de77d43251ff	11	4955781	5762693	782	0.0046
2beb34c4-d493-4a73-b21e-de77d43251ff	11	5766175	5787909	33	0.4384
2beb34c4-d493-4a73-b21e-de77d43251ff	11	5788108	10602668	3325	0.005
2beb34c4-d493-4a73-b21e-de77d43251ff	11	10603599	10604016	2	-1.9551
2beb34c4-d493-4a73-b21e-de77d43251ff	11	10607239	12308374	1630	0.0088
2beb34c4-d493-4a73-b21e-de77d43251ff	11	12315765	12315776	2	-2.3449
2beb34c4-d493-4a73-b21e-de77d43251ff	11	12317262	18919323	4442	0.0089
2beb34c4-d493-4a73-b21e-de77d43251ff	11	18927525	18949201	49	0.8508
2beb34c4-d493-4a73-b21e-de77d43251ff	11	18949628	21825348	2587	-0.0015
2beb34c4-d493-4a73-b21e-de77d43251ff	11	21825960	21827206	5	-1.1669
2beb34c4-d493-4a73-b21e-de77d43251ff	11	21829111	55606727	19145	0.0046
2beb34c4-d493-4a73-b21e-de77d43251ff	11	55608547	55608804	4	1.0572
2beb34c4-d493-4a73-b21e-de77d43251ff	11	55609022	64791212	5162	0.0063
2beb34c4-d493-4a73-b21e-de77d43251ff	11	64805751	65885838	409	0.1517
2beb34c4-d493-4a73-b21e-de77d43251ff	11	65893863	67529387	629	0.0082
2beb34c4-d493-4a73-b21e-de77d43251ff	11	67530395	68032264	156	0.1702
2beb34c4-d493-4a73-b21e-de77d43251ff	11	68032282	133826363	45026	0.0033
2beb34c4-d493-4a73-b21e-de77d43251ff	11	133826689	135074876	910	0.0789
2beb34c4-d493-4a73-b21e-de77d43251ff	12	51460	667407	374	0.1141
2beb34c4-d493-4a73-b21e-de77d43251ff	12	673485	6131114	4161	0.0066
2beb34c4-d493-4a73-b21e-de77d43251ff	12	6131193	6136426	3	-1.0155
2beb34c4-d493-4a73-b21e-de77d43251ff	12	6139799	8241781	1005	0.0023
2beb34c4-d493-4a73-b21e-de77d43251ff	12	8249238	8432076	67	0.3553
2beb34c4-d493-4a73-b21e-de77d43251ff	12	8442298	9477960	557	0.0382
2beb34c4-d493-4a73-b21e-de77d43251ff	12	9481274	9575696	24	0.8585
2beb34c4-d493-4a73-b21e-de77d43251ff	12	9582373	11359558	1181	-0.0004
2beb34c4-d493-4a73-b21e-de77d43251ff	12	11359597	11390472	27	-0.7551
2beb34c4-d493-4a73-b21e-de77d43251ff	12	11399258	15763238	3203	0.0029
2beb34c4-d493-4a73-b21e-de77d43251ff	12	15770417	15788434	10	0.6535
2beb34c4-d493-4a73-b21e-de77d43251ff	12	15789644	33148600	12153	0.0084
2beb34c4-d493-4a73-b21e-de77d43251ff	12	33148627	33154144	22	-2.5966
2beb34c4-d493-4a73-b21e-de77d43251ff	12	33154440	34167583	627	-0.0282
2beb34c4-d493-4a73-b21e-de77d43251ff	12	34170269	37777376	241	0.2153
2beb34c4-d493-4a73-b21e-de77d43251ff	12	37788687	63955584	15526	0.0053
2beb34c4-d493-4a73-b21e-de77d43251ff	12	63957126	63967682	4	-1.1392
2beb34c4-d493-4a73-b21e-de77d43251ff	12	63974227	80446147	10706	-0.0025
2beb34c4-d493-4a73-b21e-de77d43251ff	12	80446276	80456533	2	-1.6987
2beb34c4-d493-4a73-b21e-de77d43251ff	12	80458189	128361623	31476	0.0048
2beb34c4-d493-4a73-b21e-de77d43251ff	12	128362460	128424800	65	0.2322
2beb34c4-d493-4a73-b21e-de77d43251ff	12	128424801	131613371	2738	0.0212
2beb34c4-d493-4a73-b21e-de77d43251ff	12	131613387	131657925	33	0.4612
2beb34c4-d493-4a73-b21e-de77d43251ff	12	131658450	133201603	558	0.0485
2beb34c4-d493-4a73-b21e-de77d43251ff	13	18452809	20246642	873	0.0343
2beb34c4-d493-4a73-b21e-de77d43251ff	13	20253112	20253801	2	-2.4304
2beb34c4-d493-4a73-b21e-de77d43251ff	13	20258408	24455250	3106	0.003
2beb34c4-d493-4a73-b21e-de77d43251ff	13	24455263	24455421	5	-0.8136
2beb34c4-d493-4a73-b21e-de77d43251ff	13	24455436	31958485	5567	0.0117
2beb34c4-d493-4a73-b21e-de77d43251ff	13	31958590	31964286	17	-0.8143
2beb34c4-d493-4a73-b21e-de77d43251ff	13	31965910	37496998	3900	0.0074
2beb34c4-d493-4a73-b21e-de77d43251ff	13	37497899	37514250	19	0.6057
2beb34c4-d493-4a73-b21e-de77d43251ff	13	37514472	39880568	1766	0.0089
2beb34c4-d493-4a73-b21e-de77d43251ff	13	39880884	39885469	10	-1.0963
2beb34c4-d493-4a73-b21e-de77d43251ff	13	39887926	57128988	10722	-0.0046
2beb34c4-d493-4a73-b21e-de77d43251ff	13	57129067	57200966	48	0.2851
2beb34c4-d493-4a73-b21e-de77d43251ff	13	57201082	63650072	3799	0.0001
2beb34c4-d493-4a73-b21e-de77d43251ff	13	63650659	63662559	9	-1.0794
2beb34c4-d493-4a73-b21e-de77d43251ff	13	63665430	95497790	20764	-0.0039
2beb34c4-d493-4a73-b21e-de77d43251ff	13	95500055	95500374	2	-1.6121
2beb34c4-d493-4a73-b21e-de77d43251ff	13	95502342	114342922	13480	0.0021
2beb34c4-d493-4a73-b21e-de77d43251ff	14	18239283	18646056	16	0.1372
2beb34c4-d493-4a73-b21e-de77d43251ff	14	18656322	18693043	9	-0.801
2beb34c4-d493-4a73-b21e-de77d43251ff	14	18950560	19294457	21	-0.0459
2beb34c4-d493-4a73-b21e-de77d43251ff	14	19294475	19957350	123	0.1859
2beb34c4-d493-4a73-b21e-de77d43251ff	14	19957701	24009685	2718	0.0014
2beb34c4-d493-4a73-b21e-de77d43251ff	14	24010178	24015250	5	-0.8909
2beb34c4-d493-4a73-b21e-de77d43251ff	14	24018934	29254523	3293	0.0035
2beb34c4-d493-4a73-b21e-de77d43251ff	14	29258648	29259148	2	-1.5291
2beb34c4-d493-4a73-b21e-de77d43251ff	14	29262456	41141293	7561	0.0041
2beb34c4-d493-4a73-b21e-de77d43251ff	14	41141487	41184774	12	-0.7282
2beb34c4-d493-4a73-b21e-de77d43251ff	14	41188046	89109469	30710	0.002
2beb34c4-d493-4a73-b21e-de77d43251ff	14	89111069	89111318	2	-1.6134
2beb34c4-d493-4a73-b21e-de77d43251ff	14	89114132	105453862	10342	0.0042
2beb34c4-d493-4a73-b21e-de77d43251ff	14	105468051	106321086	249	0.1349
2beb34c4-d493-4a73-b21e-de77d43251ff	14	106340102	106346129	7	1.8598
2beb34c4-d493-4a73-b21e-de77d43251ff	14	106360014	106696342	196	0.0905
2beb34c4-d493-4a73-b21e-de77d43251ff	14	106697025	106779612	19	-0.3287
2beb34c4-d493-4a73-b21e-de77d43251ff	14	106780210	106877229	59	0.1214
2beb34c4-d493-4a73-b21e-de77d43251ff	15	19811075	20381108	99	0.2215
2beb34c4-d493-4a73-b21e-de77d43251ff	15	20381230	21272760	75	-0.0353
2beb34c4-d493-4a73-b21e-de77d43251ff	15	21417107	22005276	6	0.7606
2beb34c4-d493-4a73-b21e-de77d43251ff	15	22227530	22299523	26	-0.3239
2beb34c4-d493-4a73-b21e-de77d43251ff	15	22385639	24429604	994	0.0295
2beb34c4-d493-4a73-b21e-de77d43251ff	15	24429740	24547227	65	0.2395
2beb34c4-d493-4a73-b21e-de77d43251ff	15	24551555	28289262	2712	0.0056
2beb34c4-d493-4a73-b21e-de77d43251ff	15	28294842	28786752	39	0.3701
2beb34c4-d493-4a73-b21e-de77d43251ff	15	28788320	32151263	1887	0.0123
2beb34c4-d493-4a73-b21e-de77d43251ff	15	32151854	32507144	29	0.396
2beb34c4-d493-4a73-b21e-de77d43251ff	15	32519403	34434988	1493	0.0047
2beb34c4-d493-4a73-b21e-de77d43251ff	15	34435421	34526116	59	-0.6725
2beb34c4-d493-4a73-b21e-de77d43251ff	15	34570058	57313022	14032	0.0074
2beb34c4-d493-4a73-b21e-de77d43251ff	15	57314675	57316106	2	-1.6463
2beb34c4-d493-4a73-b21e-de77d43251ff	15	57316463	83874133	16805	0.0056
2beb34c4-d493-4a73-b21e-de77d43251ff	15	83874498	83874798	4	-1.6859
2beb34c4-d493-4a73-b21e-de77d43251ff	15	83878525	101928837	13179	0.0121
2beb34c4-d493-4a73-b21e-de77d43251ff	16	10777	3161319	1101	0.0516
2beb34c4-d493-4a73-b21e-de77d43251ff	16	3164685	3187581	14	0.7245
2beb34c4-d493-4a73-b21e-de77d43251ff	16	3198359	15061041	10052	0.0161
2beb34c4-d493-4a73-b21e-de77d43251ff	16	15062307	17107580	844	0.1013
2beb34c4-d493-4a73-b21e-de77d43251ff	16	17107658	21325480	2344	0.0277
2beb34c4-d493-4a73-b21e-de77d43251ff	16	21328723	22706983	476	0.108
2beb34c4-d493-4a73-b21e-de77d43251ff	16	22707065	29324414	4225	0.0076
2beb34c4-d493-4a73-b21e-de77d43251ff	16	29326337	30151199	215	0.1573
2beb34c4-d493-4a73-b21e-de77d43251ff	16	30154404	31994320	662	0.006
2beb34c4-d493-4a73-b21e-de77d43251ff	16	31994695	33043337	56	0.5384
2beb34c4-d493-4a73-b21e-de77d43251ff	16	33045427	35119001	79	0.103
2beb34c4-d493-4a73-b21e-de77d43251ff	16	35123823	35125220	2	-1.4602
2beb34c4-d493-4a73-b21e-de77d43251ff	16	35126038	55762598	6834	0.0118
2beb34c4-d493-4a73-b21e-de77d43251ff	16	55762663	55788485	19	-0.6515
2beb34c4-d493-4a73-b21e-de77d43251ff	16	55788532	55824881	14	0.4921
2beb34c4-d493-4a73-b21e-de77d43251ff	16	55834527	70090510	8732	0.0002
2beb34c4-d493-4a73-b21e-de77d43251ff	16	70090862	70212430	23	0.4183
2beb34c4-d493-4a73-b21e-de77d43251ff	16	70212436	78337711	5499	0.0107
2beb34c4-d493-4a73-b21e-de77d43251ff	16	78338543	78345778	13	-1.8216
2beb34c4-d493-4a73-b21e-de77d43251ff	16	78349243	78929660	770	0.004
2beb34c4-d493-4a73-b21e-de77d43251ff	16	78931189	78954009	41	-1.1973
2beb34c4-d493-4a73-b21e-de77d43251ff	16	78955452	87626055	8701	0.0118
2beb34c4-d493-4a73-b21e-de77d43251ff	16	87626547	90096867	1090	0.0826
2beb34c4-d493-4a73-b21e-de77d43251ff	17	150733	871187	392	0.0451
2beb34c4-d493-4a73-b21e-de77d43251ff	17	872153	872168	2	-1.4704
2beb34c4-d493-4a73-b21e-de77d43251ff	17	876308	4405273	1930	0.018
2beb34c4-d493-4a73-b21e-de77d43251ff	17	4405352	4476552	45	0.6993
2beb34c4-d493-4a73-b21e-de77d43251ff	17	4478453	6389879	1176	0.0053
2beb34c4-d493-4a73-b21e-de77d43251ff	17	6390567	6409499	26	0.603
2beb34c4-d493-4a73-b21e-de77d43251ff	17	6411870	10059723	2187	0.0121
2beb34c4-d493-4a73-b21e-de77d43251ff	17	10060096	10073320	11	0.5382
2beb34c4-d493-4a73-b21e-de77d43251ff	17	10076522	11291215	888	0.032
2beb34c4-d493-4a73-b21e-de77d43251ff	17	11291964	11292246	3	-1.1893
2beb34c4-d493-4a73-b21e-de77d43251ff	17	11293162	21399695	5917	0.0167
2beb34c4-d493-4a73-b21e-de77d43251ff	17	21414459	21774057	86	0.6335
2beb34c4-d493-4a73-b21e-de77d43251ff	17	22050386	36097969	5571	0.0137
2beb34c4-d493-4a73-b21e-de77d43251ff	17	36098180	36466570	50	0.5723
2beb34c4-d493-4a73-b21e-de77d43251ff	17	36466633	45597863	4703	0.0136
2beb34c4-d493-4a73-b21e-de77d43251ff	17	45598106	46080231	330	0.1113
2beb34c4-d493-4a73-b21e-de77d43251ff	17	46084501	46124022	32	-0.3471
2beb34c4-d493-4a73-b21e-de77d43251ff	17	46124072	55544982	5434	0.0072
2beb34c4-d493-4a73-b21e-de77d43251ff	17	55545649	55545755	2	-1.7245
2beb34c4-d493-4a73-b21e-de77d43251ff	17	55548781	73740637	11387	0.0044
2beb34c4-d493-4a73-b21e-de77d43251ff	17	73740704	74695492	640	0.0957
2beb34c4-d493-4a73-b21e-de77d43251ff	17	74695789	83091923	4184	0.025
2beb34c4-d493-4a73-b21e-de77d43251ff	18	48133	28613572	15052	0.0079
2beb34c4-d493-4a73-b21e-de77d43251ff	18	28615803	28616031	2	-1.6657
2beb34c4-d493-4a73-b21e-de77d43251ff	18	28616148	65805815	25002	0.0027
2beb34c4-d493-4a73-b21e-de77d43251ff	18	65806321	65995466	155	-0.1635
2beb34c4-d493-4a73-b21e-de77d43251ff	18	65997369	66095064	101	0.0261
2beb34c4-d493-4a73-b21e-de77d43251ff	18	66099904	66100686	3	-1.693
2beb34c4-d493-4a73-b21e-de77d43251ff	18	66108359	66239629	98	0.0171
2beb34c4-d493-4a73-b21e-de77d43251ff	18	66240197	66244352	10	-0.8483
2beb34c4-d493-4a73-b21e-de77d43251ff	18	66244639	80257174	10257	-0.0075
2beb34c4-d493-4a73-b21e-de77d43251ff	19	90910	20139174	8753	0.0131
2beb34c4-d493-4a73-b21e-de77d43251ff	19	20142198	20518073	219	0.1382
2beb34c4-d493-4a73-b21e-de77d43251ff	19	20518647	42711176	11398	0.0105
2beb34c4-d493-4a73-b21e-de77d43251ff	19	42712819	43488503	338	0.1497
2beb34c4-d493-4a73-b21e-de77d43251ff	19	43488722	52815851	4828	0.0228
2beb34c4-d493-4a73-b21e-de77d43251ff	19	52815906	52824773	5	0.892
2beb34c4-d493-4a73-b21e-de77d43251ff	19	52825107	54215136	939	0.0501
2beb34c4-d493-4a73-b21e-de77d43251ff	19	54226329	54249482	17	0.4877
2beb34c4-d493-4a73-b21e-de77d43251ff	19	54249619	54249734	4	-0.6182
2beb34c4-d493-4a73-b21e-de77d43251ff	19	54250521	54803365	278	0.0192
2beb34c4-d493-4a73-b21e-de77d43251ff	19	54809324	54868201	37	0.3146
2beb34c4-d493-4a73-b21e-de77d43251ff	19	54871595	58586487	2263	0.0132
2beb34c4-d493-4a73-b21e-de77d43251ff	20	80664	26217295	19962	0.0117
2beb34c4-d493-4a73-b21e-de77d43251ff	20	26229118	31247668	90	0.2481
2beb34c4-d493-4a73-b21e-de77d43251ff	20	31250815	63747011	22060	0.0093
2beb34c4-d493-4a73-b21e-de77d43251ff	20	63749189	64260467	205	0.1485
2beb34c4-d493-4a73-b21e-de77d43251ff	20	64261403	64324800	26	-0.0999
2beb34c4-d493-4a73-b21e-de77d43251ff	21	10354168	10559033	53	-0.1733
2beb34c4-d493-4a73-b21e-de77d43251ff	21	10568903	10756733	32	-0.6313
2beb34c4-d493-4a73-b21e-de77d43251ff	21	10775586	34269568	14988	0.0002
2beb34c4-d493-4a73-b21e-de77d43251ff	21	34271717	34271738	2	-2.405
2beb34c4-d493-4a73-b21e-de77d43251ff	21	34274804	46103663	8412	0.0093
2beb34c4-d493-4a73-b21e-de77d43251ff	21	46104695	46620254	308	0.1208
2beb34c4-d493-4a73-b21e-de77d43251ff	21	46622503	46677045	46	-0.0264
2beb34c4-d493-4a73-b21e-de77d43251ff	22	15294547	16593117	78	0.1945
2beb34c4-d493-4a73-b21e-de77d43251ff	22	16594336	19468313	1387	0.0222
2beb34c4-d493-4a73-b21e-de77d43251ff	22	19468348	23641308	2724	0.0951
2beb34c4-d493-4a73-b21e-de77d43251ff	22	23646701	23929558	184	0.032
2beb34c4-d493-4a73-b21e-de77d43251ff	22	23940911	23995755	20	-0.4548
2beb34c4-d493-4a73-b21e-de77d43251ff	22	24002228	25223215	779	0.0038
2beb34c4-d493-4a73-b21e-de77d43251ff	22	25223300	25455068	207	0.1276
2beb34c4-d493-4a73-b21e-de77d43251ff	22	25456974	33777419	6250	0.0058
2beb34c4-d493-4a73-b21e-de77d43251ff	22	33778960	33778975	2	-1.8474
2beb34c4-d493-4a73-b21e-de77d43251ff	22	33778986	48982443	10466	0.0157
2beb34c4-d493-4a73-b21e-de77d43251ff	22	48983202	50796027	1149	0.0988
2beb34c4-d493-4a73-b21e-de77d43251ff	X	251810	5099908	1738	-0.0006
2beb34c4-d493-4a73-b21e-de77d43251ff	X	5100007	5100472	2	-2.0003
2beb34c4-d493-4a73-b21e-de77d43251ff	X	5100550	47565697	26966	-0.0058
2beb34c4-d493-4a73-b21e-de77d43251ff	X	47567407	66484097	6229	0.0162
2beb34c4-d493-4a73-b21e-de77d43251ff	X	66485266	66485979	3	1.1504
2beb34c4-d493-4a73-b21e-de77d43251ff	X	66486641	78379428	5105	0.0214
2beb34c4-d493-4a73-b21e-de77d43251ff	X	78379450	79844341	875	-0.0078
2beb34c4-d493-4a73-b21e-de77d43251ff	X	79846079	79849004	27	-0.9698
2beb34c4-d493-4a73-b21e-de77d43251ff	X	79849126	115053530	18761	0.0015
2beb34c4-d493-4a73-b21e-de77d43251ff	X	115053872	115053894	2	1.6268
2beb34c4-d493-4a73-b21e-de77d43251ff	X	115053997	147277033	19054	0.0031
2beb34c4-d493-4a73-b21e-de77d43251ff	X	147279480	147282109	5	0.9689
2beb34c4-d493-4a73-b21e-de77d43251ff	X	147291654	151124426	2477	0.0101
2beb34c4-d493-4a73-b21e-de77d43251ff	X	151125462	151126987	2	-1.7211
2beb34c4-d493-4a73-b21e-de77d43251ff	X	151128083	155952689	2362	0.0257
2beb34c4-d493-4a73-b21e-de77d43251ff	Y	2782397	56872112	6640	-0.8025
