GDC_Aliquot	Chromosome	Start	End	Num_Probes	Segment_Mean
1a26c0f8-882e-4afa-a297-d3837d8a5dda	1	3301765	247650984	129800	0.0162
1a26c0f8-882e-4afa-a297-d3837d8a5dda	2	480597	2244755	394	0.0271
1a26c0f8-882e-4afa-a297-d3837d8a5dda	2	2245269	2246109	2	-1.2141
1a26c0f8-882e-4afa-a297-d3837d8a5dda	2	2246168	2765280	417	0.0191
1a26c0f8-882e-4afa-a297-d3837d8a5dda	2	2766103	2766429	2	-1.3642
1a26c0f8-882e-4afa-a297-d3837d8a5dda	2	2766470	9808346	4977	0.0099
1a26c0f8-882e-4afa-a297-d3837d8a5dda	2	9809447	9810242	3	-1.5735
1a26c0f8-882e-4afa-a297-d3837d8a5dda	2	9813820	57586662	28157	0.0142
1a26c0f8-882e-4afa-a297-d3837d8a5dda	2	57597164	57597196	2	-1.9905
1a26c0f8-882e-4afa-a297-d3837d8a5dda	2	57597821	170379778	57298	0.0176
1a26c0f8-882e-4afa-a297-d3837d8a5dda	2	170379971	170380020	2	-2.1454
1a26c0f8-882e-4afa-a297-d3837d8a5dda	2	170385617	197891107	14673	0.0173
1a26c0f8-882e-4afa-a297-d3837d8a5dda	2	197893977	197896617	3	-1.2769
1a26c0f8-882e-4afa-a297-d3837d8a5dda	2	197897818	201558143	2152	0.017
1a26c0f8-882e-4afa-a297-d3837d8a5dda	2	201558672	201558981	3	0.9675
1a26c0f8-882e-4afa-a297-d3837d8a5dda	2	201561984	241537572	24169	0.0125
1a26c0f8-882e-4afa-a297-d3837d8a5dda	3	2170634	197812401	107219	0.0139
1a26c0f8-882e-4afa-a297-d3837d8a5dda	4	1059384	187842528	103539	0.0191
1a26c0f8-882e-4afa-a297-d3837d8a5dda	5	913983	102084518	53573	0.0199
1a26c0f8-882e-4afa-a297-d3837d8a5dda	5	102084806	102087587	5	-1.1309
1a26c0f8-882e-4afa-a297-d3837d8a5dda	5	102088023	138267612	21356	0.0189
1a26c0f8-882e-4afa-a297-d3837d8a5dda	5	138271549	138271991	2	-1.4639
1a26c0f8-882e-4afa-a297-d3837d8a5dda	5	138272977	152199363	8451	0.02
1a26c0f8-882e-4afa-a297-d3837d8a5dda	5	152203251	152203849	4	-1.2175
1a26c0f8-882e-4afa-a297-d3837d8a5dda	5	152205566	170436259	12076	0.0159
1a26c0f8-882e-4afa-a297-d3837d8a5dda	5	170438289	170442640	5	-1.5406
1a26c0f8-882e-4afa-a297-d3837d8a5dda	5	170443310	180934240	5677	0.0161
1a26c0f8-882e-4afa-a297-d3837d8a5dda	6	1011760	170596889	97195	0.0163
1a26c0f8-882e-4afa-a297-d3837d8a5dda	7	664936	158592540	81972	0.0168
1a26c0f8-882e-4afa-a297-d3837d8a5dda	8	667625	144182542	82264	0.0162
1a26c0f8-882e-4afa-a297-d3837d8a5dda	9	789794	33668546	20572	0.018
1a26c0f8-882e-4afa-a297-d3837d8a5dda	9	33678146	33678833	3	-0.9598
1a26c0f8-882e-4afa-a297-d3837d8a5dda	9	33679014	38542355	2858	0.0142
1a26c0f8-882e-4afa-a297-d3837d8a5dda	9	38549026	38561296	2	-1.4274
1a26c0f8-882e-4afa-a297-d3837d8a5dda	9	38566839	138044505	45084	0.0151
1a26c0f8-882e-4afa-a297-d3837d8a5dda	10	366509	133411599	81315	0.0169
1a26c0f8-882e-4afa-a297-d3837d8a5dda	11	456012	96400664	52408	0.0149
1a26c0f8-882e-4afa-a297-d3837d8a5dda	11	96402869	96442367	11	0.5287
1a26c0f8-882e-4afa-a297-d3837d8a5dda	11	96443277	134272740	25182	0.0121
1a26c0f8-882e-4afa-a297-d3837d8a5dda	12	780472	61916660	32435	0.0149
1a26c0f8-882e-4afa-a297-d3837d8a5dda	12	61929187	62070057	98	0.6109
1a26c0f8-882e-4afa-a297-d3837d8a5dda	12	62070392	63501353	975	0.0197
1a26c0f8-882e-4afa-a297-d3837d8a5dda	12	63501374	63501542	2	-1.3206
1a26c0f8-882e-4afa-a297-d3837d8a5dda	12	63508022	114140020	30920	0.0151
1a26c0f8-882e-4afa-a297-d3837d8a5dda	12	114140806	114140826	2	1.6441
1a26c0f8-882e-4afa-a297-d3837d8a5dda	12	114141263	132605822	9949	0.0109
1a26c0f8-882e-4afa-a297-d3837d8a5dda	13	18874255	114226675	57006	0.0166
1a26c0f8-882e-4afa-a297-d3837d8a5dda	14	20033191	60393433	22281	0.0192
1a26c0f8-882e-4afa-a297-d3837d8a5dda	14	60393694	60404341	3	-1.1693
1a26c0f8-882e-4afa-a297-d3837d8a5dda	14	60405570	96123023	22371	0.0183
1a26c0f8-882e-4afa-a297-d3837d8a5dda	14	96123846	96125697	2	-1.8329
1a26c0f8-882e-4afa-a297-d3837d8a5dda	14	96126554	105533894	5153	0.0169
1a26c0f8-882e-4afa-a297-d3837d8a5dda	15	23437561	101344124	44807	0.017
1a26c0f8-882e-4afa-a297-d3837d8a5dda	16	603333	89317317	41223	0.0146
1a26c0f8-882e-4afa-a297-d3837d8a5dda	17	1074619	82959812	37294	0.0177
1a26c0f8-882e-4afa-a297-d3837d8a5dda	18	326691	79349796	42980	0.0158
1a26c0f8-882e-4afa-a297-d3837d8a5dda	19	283868	28139156	9340	0.0199
1a26c0f8-882e-4afa-a297-d3837d8a5dda	19	28141628	28145325	2	-1.2893
1a26c0f8-882e-4afa-a297-d3837d8a5dda	19	28146293	58370362	14823	0.019
1a26c0f8-882e-4afa-a297-d3837d8a5dda	20	472817	63588502	37576	0.0192
1a26c0f8-882e-4afa-a297-d3837d8a5dda	21	13974127	46262057	20606	0.0195
1a26c0f8-882e-4afa-a297-d3837d8a5dda	22	16934932	48940621	17090	0.0142
1a26c0f8-882e-4afa-a297-d3837d8a5dda	X	3236359	87373196	33713	0.0151
1a26c0f8-882e-4afa-a297-d3837d8a5dda	X	87374659	87378052	5	-0.9003
1a26c0f8-882e-4afa-a297-d3837d8a5dda	X	87378323	155677414	30276	0.0197
