GDC_Aliquot	Chromosome	Start	End	Num_Probes	Segment_Mean
fb59b402-77cf-4eac-aaf8-4ebaf715acbb	1	62920	2065208	347	0.0959
fb59b402-77cf-4eac-aaf8-4ebaf715acbb	1	2065483	2097298	9	-1.1688
fb59b402-77cf-4eac-aaf8-4ebaf715acbb	1	2101817	3086924	296	0.0076
fb59b402-77cf-4eac-aaf8-4ebaf715acbb	1	3087793	3109148	4	1.2017
fb59b402-77cf-4eac-aaf8-4ebaf715acbb	1	3109536	10556977	4659	-0.0251
fb59b402-77cf-4eac-aaf8-4ebaf715acbb	1	10557134	10557215	2	-2.1848
fb59b402-77cf-4eac-aaf8-4ebaf715acbb	1	10562317	10566865	4	-0.5146
fb59b402-77cf-4eac-aaf8-4ebaf715acbb	1	10567475	12792599	1159	-0.03
fb59b402-77cf-4eac-aaf8-4ebaf715acbb	1	12797714	12806954	11	0.7834
fb59b402-77cf-4eac-aaf8-4ebaf715acbb	1	12807204	54777646	23647	-0.0193
fb59b402-77cf-4eac-aaf8-4ebaf715acbb	1	54777917	54796493	10	0.7536
fb59b402-77cf-4eac-aaf8-4ebaf715acbb	1	54798400	65382351	8070	-0.0236
fb59b402-77cf-4eac-aaf8-4ebaf715acbb	1	65382353	65432186	30	-0.4501
fb59b402-77cf-4eac-aaf8-4ebaf715acbb	1	65432268	72284670	4483	-0.0302
fb59b402-77cf-4eac-aaf8-4ebaf715acbb	1	72290430	72297687	9	-0.9787
fb59b402-77cf-4eac-aaf8-4ebaf715acbb	1	72302735	72345465	48	1.1906
fb59b402-77cf-4eac-aaf8-4ebaf715acbb	1	72346221	74775136	1476	-0.0114
fb59b402-77cf-4eac-aaf8-4ebaf715acbb	1	74776287	74776897	4	-1.3744
fb59b402-77cf-4eac-aaf8-4ebaf715acbb	1	74777039	74803600	24	0.0701
fb59b402-77cf-4eac-aaf8-4ebaf715acbb	1	74805388	74808182	2	1.3372
fb59b402-77cf-4eac-aaf8-4ebaf715acbb	1	74808303	75585130	421	-0.0472
fb59b402-77cf-4eac-aaf8-4ebaf715acbb	1	75585159	75589169	3	-2.0843
fb59b402-77cf-4eac-aaf8-4ebaf715acbb	1	75593824	105476614	18999	-0.0214
fb59b402-77cf-4eac-aaf8-4ebaf715acbb	1	105476688	105481468	18	0.8036
fb59b402-77cf-4eac-aaf8-4ebaf715acbb	1	105481515	110834953	3483	-0.0271
fb59b402-77cf-4eac-aaf8-4ebaf715acbb	1	110836273	110840603	21	-0.9011
fb59b402-77cf-4eac-aaf8-4ebaf715acbb	1	110840712	111289583	360	-0.0188
fb59b402-77cf-4eac-aaf8-4ebaf715acbb	1	111291443	111291867	7	0.9137
fb59b402-77cf-4eac-aaf8-4ebaf715acbb	1	111292111	112147589	719	-0.0205
fb59b402-77cf-4eac-aaf8-4ebaf715acbb	1	112147626	112154566	22	0.5756
fb59b402-77cf-4eac-aaf8-4ebaf715acbb	1	112154576	119566637	4726	-0.016
fb59b402-77cf-4eac-aaf8-4ebaf715acbb	1	119567888	119580431	17	0.5609
fb59b402-77cf-4eac-aaf8-4ebaf715acbb	1	119580513	119979030	296	-0.0162
fb59b402-77cf-4eac-aaf8-4ebaf715acbb	1	119979137	144487217	265	0.1912
fb59b402-77cf-4eac-aaf8-4ebaf715acbb	1	144491166	152583051	2297	0.0031
fb59b402-77cf-4eac-aaf8-4ebaf715acbb	1	152583230	152614118	35	1.2266
fb59b402-77cf-4eac-aaf8-4ebaf715acbb	1	152618018	152787202	167	0.0073
fb59b402-77cf-4eac-aaf8-4ebaf715acbb	1	152789447	152806082	42	0.5259
fb59b402-77cf-4eac-aaf8-4ebaf715acbb	1	152806100	158711654	3439	-0.0198
fb59b402-77cf-4eac-aaf8-4ebaf715acbb	1	158711953	158716479	5	-1.4593
fb59b402-77cf-4eac-aaf8-4ebaf715acbb	1	158716569	242960635	58078	-0.0227
fb59b402-77cf-4eac-aaf8-4ebaf715acbb	1	242966050	243059933	20	0.66
fb59b402-77cf-4eac-aaf8-4ebaf715acbb	1	243064845	248930189	3731	0
fb59b402-77cf-4eac-aaf8-4ebaf715acbb	2	12784	242147305	149343	-0.0188
fb59b402-77cf-4eac-aaf8-4ebaf715acbb	3	20930	182919	154	-0.0729
fb59b402-77cf-4eac-aaf8-4ebaf715acbb	3	188339	193194	5	-2.0803
fb59b402-77cf-4eac-aaf8-4ebaf715acbb	3	193347	4063111	3491	-0.0662
fb59b402-77cf-4eac-aaf8-4ebaf715acbb	3	4063245	4064520	13	0.8817
fb59b402-77cf-4eac-aaf8-4ebaf715acbb	3	4064586	46760755	29471	-0.0365
fb59b402-77cf-4eac-aaf8-4ebaf715acbb	3	46761427	46806048	32	-0.7516
fb59b402-77cf-4eac-aaf8-4ebaf715acbb	3	46806126	59913489	7271	-0.0369
fb59b402-77cf-4eac-aaf8-4ebaf715acbb	3	59913831	59914301	2	-2.2577
fb59b402-77cf-4eac-aaf8-4ebaf715acbb	3	59914412	60789727	1036	-0.074
fb59b402-77cf-4eac-aaf8-4ebaf715acbb	3	60791849	60795294	6	-1.3686
fb59b402-77cf-4eac-aaf8-4ebaf715acbb	3	60798502	65213575	3787	-0.0401
fb59b402-77cf-4eac-aaf8-4ebaf715acbb	3	65213590	65222055	20	0.6032
fb59b402-77cf-4eac-aaf8-4ebaf715acbb	3	65224302	75390630	7298	-0.041
fb59b402-77cf-4eac-aaf8-4ebaf715acbb	3	75392096	75778459	110	0.4036
fb59b402-77cf-4eac-aaf8-4ebaf715acbb	3	75782481	84649532	4920	-0.0501
fb59b402-77cf-4eac-aaf8-4ebaf715acbb	3	84649683	84653449	23	0.8829
fb59b402-77cf-4eac-aaf8-4ebaf715acbb	3	84657133	85456314	469	-0.0553
fb59b402-77cf-4eac-aaf8-4ebaf715acbb	3	85456794	85521411	31	-0.4727
fb59b402-77cf-4eac-aaf8-4ebaf715acbb	3	85528047	116657625	16077	-0.034
fb59b402-77cf-4eac-aaf8-4ebaf715acbb	3	116659939	116670768	10	-1.025
fb59b402-77cf-4eac-aaf8-4ebaf715acbb	3	116671529	130067896	8112	-0.0233
fb59b402-77cf-4eac-aaf8-4ebaf715acbb	3	130067910	130087393	28	-0.9308
fb59b402-77cf-4eac-aaf8-4ebaf715acbb	3	130088081	162807070	20257	-0.0318
fb59b402-77cf-4eac-aaf8-4ebaf715acbb	3	162810842	162906109	56	0.6462
fb59b402-77cf-4eac-aaf8-4ebaf715acbb	3	162908192	198169247	21849	-0.0347
fb59b402-77cf-4eac-aaf8-4ebaf715acbb	4	68929	1790291	626	0.0397
fb59b402-77cf-4eac-aaf8-4ebaf715acbb	4	1791556	1796125	2	-2.8344
fb59b402-77cf-4eac-aaf8-4ebaf715acbb	4	1796225	3467927	765	0.0638
fb59b402-77cf-4eac-aaf8-4ebaf715acbb	4	3470435	3470639	3	1.2468
fb59b402-77cf-4eac-aaf8-4ebaf715acbb	4	3471166	3697884	96	0.0428
fb59b402-77cf-4eac-aaf8-4ebaf715acbb	4	3697936	3699111	2	-1.7219
fb59b402-77cf-4eac-aaf8-4ebaf715acbb	4	3700754	3876063	72	0.0589
fb59b402-77cf-4eac-aaf8-4ebaf715acbb	4	3877891	4174902	76	0.4009
fb59b402-77cf-4eac-aaf8-4ebaf715acbb	4	4175446	9379465	3458	0.063
fb59b402-77cf-4eac-aaf8-4ebaf715acbb	4	9380092	9662039	108	0.3351
fb59b402-77cf-4eac-aaf8-4ebaf715acbb	4	9667082	34777353	17479	0.0642
fb59b402-77cf-4eac-aaf8-4ebaf715acbb	4	34777382	34823103	42	-0.636
fb59b402-77cf-4eac-aaf8-4ebaf715acbb	4	34828250	38458681	2590	0.0628
fb59b402-77cf-4eac-aaf8-4ebaf715acbb	4	38459716	38461997	2	-2.7119
fb59b402-77cf-4eac-aaf8-4ebaf715acbb	4	38462872	49152752	6373	0.0528
fb59b402-77cf-4eac-aaf8-4ebaf715acbb	4	49159741	49656595	25	0.9311
fb59b402-77cf-4eac-aaf8-4ebaf715acbb	4	51819533	63281375	7243	0.0578
fb59b402-77cf-4eac-aaf8-4ebaf715acbb	4	63285942	63286195	2	-1.9822
fb59b402-77cf-4eac-aaf8-4ebaf715acbb	4	63288849	68478894	3204	0.0543
fb59b402-77cf-4eac-aaf8-4ebaf715acbb	4	68494770	68686026	76	0.8066
fb59b402-77cf-4eac-aaf8-4ebaf715acbb	4	68725894	69433747	401	0.1157
fb59b402-77cf-4eac-aaf8-4ebaf715acbb	4	69436657	103294549	20591	0.0552
fb59b402-77cf-4eac-aaf8-4ebaf715acbb	4	103296943	103296945	3	2.2411
fb59b402-77cf-4eac-aaf8-4ebaf715acbb	4	103298947	105369944	1233	0.0599
fb59b402-77cf-4eac-aaf8-4ebaf715acbb	4	105370964	105374690	3	-2.0023
fb59b402-77cf-4eac-aaf8-4ebaf715acbb	4	105376032	156828233	30846	0.0555
fb59b402-77cf-4eac-aaf8-4ebaf715acbb	4	156828339	156828498	2	-2.1335
fb59b402-77cf-4eac-aaf8-4ebaf715acbb	4	156830919	164727720	5011	0.06
fb59b402-77cf-4eac-aaf8-4ebaf715acbb	4	164728119	164728148	2	-2.9523
fb59b402-77cf-4eac-aaf8-4ebaf715acbb	4	164728228	168058099	2032	0.0605
fb59b402-77cf-4eac-aaf8-4ebaf715acbb	4	168058112	168064315	10	0.8214
fb59b402-77cf-4eac-aaf8-4ebaf715acbb	4	168064410	171448195	2160	0.0538
fb59b402-77cf-4eac-aaf8-4ebaf715acbb	4	171453733	171460314	16	0.7446
fb59b402-77cf-4eac-aaf8-4ebaf715acbb	4	171460359	171959780	304	0.0469
fb59b402-77cf-4eac-aaf8-4ebaf715acbb	4	171960095	190106768	12161	0.1131
fb59b402-77cf-4eac-aaf8-4ebaf715acbb	5	15532	698357	308	0.1047
fb59b402-77cf-4eac-aaf8-4ebaf715acbb	5	698390	779766	26	-0.7171
fb59b402-77cf-4eac-aaf8-4ebaf715acbb	5	800724	11160274	8756	0.0967
fb59b402-77cf-4eac-aaf8-4ebaf715acbb	5	11160319	11162659	5	-1.2934
fb59b402-77cf-4eac-aaf8-4ebaf715acbb	5	11167165	12774789	1067	0.0939
fb59b402-77cf-4eac-aaf8-4ebaf715acbb	5	12774845	12819964	29	0.5622
fb59b402-77cf-4eac-aaf8-4ebaf715acbb	5	12824299	12885569	12	-0.0084
fb59b402-77cf-4eac-aaf8-4ebaf715acbb	5	12888703	12892020	4	-1.5702
fb59b402-77cf-4eac-aaf8-4ebaf715acbb	5	12894036	21434769	5491	0.0794
fb59b402-77cf-4eac-aaf8-4ebaf715acbb	5	21435254	21518631	20	0.6991
fb59b402-77cf-4eac-aaf8-4ebaf715acbb	5	21519077	45915946	14866	0.0898
fb59b402-77cf-4eac-aaf8-4ebaf715acbb	5	45921037	46271006	65	0.4173
fb59b402-77cf-4eac-aaf8-4ebaf715acbb	5	46271828	46273300	5	-1.5218
fb59b402-77cf-4eac-aaf8-4ebaf715acbb	5	46273400	50253941	37	0.5509
fb59b402-77cf-4eac-aaf8-4ebaf715acbb	5	50256864	58025819	5036	0.0891
fb59b402-77cf-4eac-aaf8-4ebaf715acbb	5	58030200	58044246	34	0.7573
fb59b402-77cf-4eac-aaf8-4ebaf715acbb	5	58045187	68218965	6543	0.0912
fb59b402-77cf-4eac-aaf8-4ebaf715acbb	5	68220066	68220478	2	-1.7959
fb59b402-77cf-4eac-aaf8-4ebaf715acbb	5	68220902	69533520	744	0.0983
fb59b402-77cf-4eac-aaf8-4ebaf715acbb	5	69550476	70959071	13	0.9788
fb59b402-77cf-4eac-aaf8-4ebaf715acbb	5	70959073	99602113	16641	0.0879
fb59b402-77cf-4eac-aaf8-4ebaf715acbb	5	99609256	100047765	309	-0.0817
fb59b402-77cf-4eac-aaf8-4ebaf715acbb	5	100047882	101859690	1054	0.08
fb59b402-77cf-4eac-aaf8-4ebaf715acbb	5	101865630	101869458	13	1.0011
fb59b402-77cf-4eac-aaf8-4ebaf715acbb	5	101870220	104513999	1489	0.0924
fb59b402-77cf-4eac-aaf8-4ebaf715acbb	5	104515520	104524903	5	-0.9869
fb59b402-77cf-4eac-aaf8-4ebaf715acbb	5	104525348	106713333	1292	0.0862
fb59b402-77cf-4eac-aaf8-4ebaf715acbb	5	106713773	106744578	12	0.8282
fb59b402-77cf-4eac-aaf8-4ebaf715acbb	5	106744754	115999611	6453	0.0877
fb59b402-77cf-4eac-aaf8-4ebaf715acbb	5	116000037	116007449	10	-0.7737
fb59b402-77cf-4eac-aaf8-4ebaf715acbb	5	116008022	152134475	22965	0.087
fb59b402-77cf-4eac-aaf8-4ebaf715acbb	5	152134539	152138790	16	-0.6694
fb59b402-77cf-4eac-aaf8-4ebaf715acbb	5	152140710	177739139	17462	0.0888
fb59b402-77cf-4eac-aaf8-4ebaf715acbb	5	177740962	177827964	7	1.2332
fb59b402-77cf-4eac-aaf8-4ebaf715acbb	5	177832414	180947523	1792	0.095
fb59b402-77cf-4eac-aaf8-4ebaf715acbb	5	180951710	181015920	23	0.8221
fb59b402-77cf-4eac-aaf8-4ebaf715acbb	5	181018221	181363319	165	0.1348
fb59b402-77cf-4eac-aaf8-4ebaf715acbb	6	149661	257353	102	0.0262
fb59b402-77cf-4eac-aaf8-4ebaf715acbb	6	258265	380821	97	-0.5685
fb59b402-77cf-4eac-aaf8-4ebaf715acbb	6	381149	6025978	4644	-0.0124
fb59b402-77cf-4eac-aaf8-4ebaf715acbb	6	6033698	6034203	3	-3.3568
fb59b402-77cf-4eac-aaf8-4ebaf715acbb	6	6036812	27638075	15721	-0.0292
fb59b402-77cf-4eac-aaf8-4ebaf715acbb	6	27644229	27689868	23	0.6478
fb59b402-77cf-4eac-aaf8-4ebaf715acbb	6	27699777	29868964	1043	-0.0108
fb59b402-77cf-4eac-aaf8-4ebaf715acbb	6	29869295	29985665	68	0.3972
fb59b402-77cf-4eac-aaf8-4ebaf715acbb	6	29986587	52746586	13883	-0.0181
fb59b402-77cf-4eac-aaf8-4ebaf715acbb	6	52749018	52799684	47	0.4379
fb59b402-77cf-4eac-aaf8-4ebaf715acbb	6	52800741	54066477	946	-0.0019
fb59b402-77cf-4eac-aaf8-4ebaf715acbb	6	54066582	54067057	4	-1.3521
fb59b402-77cf-4eac-aaf8-4ebaf715acbb	6	54070550	61242303	2518	-0.0173
fb59b402-77cf-4eac-aaf8-4ebaf715acbb	6	61243210	61532234	43	0.5958
fb59b402-77cf-4eac-aaf8-4ebaf715acbb	6	61537573	66497724	2962	-0.0302
fb59b402-77cf-4eac-aaf8-4ebaf715acbb	6	66503019	66503160	3	-2.1451
fb59b402-77cf-4eac-aaf8-4ebaf715acbb	6	66503728	103290164	23203	-0.0276
fb59b402-77cf-4eac-aaf8-4ebaf715acbb	6	103290209	103303463	17	0.6634
fb59b402-77cf-4eac-aaf8-4ebaf715acbb	6	103303689	103311638	19	1.4666
fb59b402-77cf-4eac-aaf8-4ebaf715acbb	6	103311783	103317855	11	0.7964
fb59b402-77cf-4eac-aaf8-4ebaf715acbb	6	103320903	170741917	44120	-0.0302
fb59b402-77cf-4eac-aaf8-4ebaf715acbb	7	43355	6827447	3422	-0.0373
fb59b402-77cf-4eac-aaf8-4ebaf715acbb	7	6828011	6874832	13	0.7537
fb59b402-77cf-4eac-aaf8-4ebaf715acbb	7	6875096	38279875	23910	-0.0342
fb59b402-77cf-4eac-aaf8-4ebaf715acbb	7	38280173	38364786	114	0.2383
fb59b402-77cf-4eac-aaf8-4ebaf715acbb	7	38365370	39506174	853	-0.029
fb59b402-77cf-4eac-aaf8-4ebaf715acbb	7	39508562	39510390	3	1.6171
fb59b402-77cf-4eac-aaf8-4ebaf715acbb	7	39514211	57646462	12079	-0.0252
fb59b402-77cf-4eac-aaf8-4ebaf715acbb	7	57647413	63730229	407	0.2241
fb59b402-77cf-4eac-aaf8-4ebaf715acbb	7	63792452	97788298	19483	-0.0302
fb59b402-77cf-4eac-aaf8-4ebaf715acbb	7	97791337	97791340	3	1.9325
fb59b402-77cf-4eac-aaf8-4ebaf715acbb	7	97791778	98274494	224	-0.0665
fb59b402-77cf-4eac-aaf8-4ebaf715acbb	7	98275095	98282929	4	-0.7497
fb59b402-77cf-4eac-aaf8-4ebaf715acbb	7	98290859	98840078	264	-0.0268
fb59b402-77cf-4eac-aaf8-4ebaf715acbb	7	98840496	98883158	11	0.6878
fb59b402-77cf-4eac-aaf8-4ebaf715acbb	7	98883462	109797042	6071	-0.0345
fb59b402-77cf-4eac-aaf8-4ebaf715acbb	7	109797043	109801155	18	1.1669
fb59b402-77cf-4eac-aaf8-4ebaf715acbb	7	109801187	126404920	10029	-0.031
fb59b402-77cf-4eac-aaf8-4ebaf715acbb	7	126405428	126412712	19	0.8343
fb59b402-77cf-4eac-aaf8-4ebaf715acbb	7	126414344	142059987	9906	-0.0202
fb59b402-77cf-4eac-aaf8-4ebaf715acbb	7	142060194	142087828	28	-0.7762
fb59b402-77cf-4eac-aaf8-4ebaf715acbb	7	142087846	142435325	285	-0.0416
fb59b402-77cf-4eac-aaf8-4ebaf715acbb	7	142435388	142758117	151	0.3047
fb59b402-77cf-4eac-aaf8-4ebaf715acbb	7	142761234	150590089	4624	-0.0192
fb59b402-77cf-4eac-aaf8-4ebaf715acbb	7	150591743	150603647	3	1.8965
fb59b402-77cf-4eac-aaf8-4ebaf715acbb	7	150603779	159334314	5805	-0.0179
fb59b402-77cf-4eac-aaf8-4ebaf715acbb	8	81254	683123	351	0.1857
fb59b402-77cf-4eac-aaf8-4ebaf715acbb	8	683684	2366263	1291	0.0869
fb59b402-77cf-4eac-aaf8-4ebaf715acbb	8	2370507	2370865	5	2.1951
fb59b402-77cf-4eac-aaf8-4ebaf715acbb	8	2371071	7076236	6040	0.0831
fb59b402-77cf-4eac-aaf8-4ebaf715acbb	8	7078298	8214781	101	0.6419
fb59b402-77cf-4eac-aaf8-4ebaf715acbb	8	8234503	8347620	123	-0.1435
fb59b402-77cf-4eac-aaf8-4ebaf715acbb	8	8347718	12024888	3089	0.1031
fb59b402-77cf-4eac-aaf8-4ebaf715acbb	8	12025748	12695325	83	0.7339
fb59b402-77cf-4eac-aaf8-4ebaf715acbb	8	12695342	15543415	2695	0.0814
fb59b402-77cf-4eac-aaf8-4ebaf715acbb	8	15543669	15568908	18	-0.5761
fb59b402-77cf-4eac-aaf8-4ebaf715acbb	8	15569646	39372664	16682	0.0878
fb59b402-77cf-4eac-aaf8-4ebaf715acbb	8	39372806	39530780	62	0.4684
fb59b402-77cf-4eac-aaf8-4ebaf715acbb	8	39531260	43802560	2561	0.0783
fb59b402-77cf-4eac-aaf8-4ebaf715acbb	8	43807613	46025218	38	0.5102
fb59b402-77cf-4eac-aaf8-4ebaf715acbb	8	46026549	49993926	1888	0.0883
fb59b402-77cf-4eac-aaf8-4ebaf715acbb	8	49994060	50009128	9	-0.7619
fb59b402-77cf-4eac-aaf8-4ebaf715acbb	8	50009382	94545084	27200	0.0895
fb59b402-77cf-4eac-aaf8-4ebaf715acbb	8	94545324	94545887	8	1.2014
fb59b402-77cf-4eac-aaf8-4ebaf715acbb	8	94546864	107672644	8213	0.0913
fb59b402-77cf-4eac-aaf8-4ebaf715acbb	8	107673389	145072769	24957	0.1604
fb59b402-77cf-4eac-aaf8-4ebaf715acbb	9	46587	243023	73	0.0976
fb59b402-77cf-4eac-aaf8-4ebaf715acbb	9	243549	5106023	5192	-0.0796
fb59b402-77cf-4eac-aaf8-4ebaf715acbb	9	5106680	5108574	7	1.1931
fb59b402-77cf-4eac-aaf8-4ebaf715acbb	9	5108603	11988720	5957	-0.0964
fb59b402-77cf-4eac-aaf8-4ebaf715acbb	9	11989024	38808961	19842	-0.0234
fb59b402-77cf-4eac-aaf8-4ebaf715acbb	9	38912300	68423153	485	0.2714
fb59b402-77cf-4eac-aaf8-4ebaf715acbb	9	68424128	138200944	47840	-0.0211
fb59b402-77cf-4eac-aaf8-4ebaf715acbb	10	45792	6369109	5388	-0.0298
fb59b402-77cf-4eac-aaf8-4ebaf715acbb	10	6369253	6369519	6	1.2166
fb59b402-77cf-4eac-aaf8-4ebaf715acbb	10	6376792	6734500	381	-0.0352
fb59b402-77cf-4eac-aaf8-4ebaf715acbb	10	6734513	6748814	20	0.5428
fb59b402-77cf-4eac-aaf8-4ebaf715acbb	10	6749072	33323572	19948	-0.0385
fb59b402-77cf-4eac-aaf8-4ebaf715acbb	10	33323616	38781690	3273	0.1893
fb59b402-77cf-4eac-aaf8-4ebaf715acbb	10	38783075	42264605	48	0.5975
fb59b402-77cf-4eac-aaf8-4ebaf715acbb	10	42267782	46522571	2566	0.1985
fb59b402-77cf-4eac-aaf8-4ebaf715acbb	10	46525652	46526280	14	0.9532
fb59b402-77cf-4eac-aaf8-4ebaf715acbb	10	46526920	46792344	37	0.169
fb59b402-77cf-4eac-aaf8-4ebaf715acbb	10	46804606	46898735	4	1.392
fb59b402-77cf-4eac-aaf8-4ebaf715acbb	10	46901552	49023835	1037	0.1835
fb59b402-77cf-4eac-aaf8-4ebaf715acbb	10	49025932	65548178	11638	-0.037
fb59b402-77cf-4eac-aaf8-4ebaf715acbb	10	65548193	65563037	27	0.6183
fb59b402-77cf-4eac-aaf8-4ebaf715acbb	10	65563168	70722088	3515	-0.0359
fb59b402-77cf-4eac-aaf8-4ebaf715acbb	10	70722700	70727302	11	0.8913
fb59b402-77cf-4eac-aaf8-4ebaf715acbb	10	70729094	79595316	5700	-0.0366
fb59b402-77cf-4eac-aaf8-4ebaf715acbb	10	79624118	79754434	17	0.6194
fb59b402-77cf-4eac-aaf8-4ebaf715acbb	10	79763550	130457561	34936	-0.0352
fb59b402-77cf-4eac-aaf8-4ebaf715acbb	10	130461773	131844301	1181	0.0516
fb59b402-77cf-4eac-aaf8-4ebaf715acbb	10	131844533	133654968	824	-0.0423
fb59b402-77cf-4eac-aaf8-4ebaf715acbb	11	198510	18919323	12659	-0.026
fb59b402-77cf-4eac-aaf8-4ebaf715acbb	11	18927525	18949833	51	1.0625
fb59b402-77cf-4eac-aaf8-4ebaf715acbb	11	18949866	48485271	20503	-0.0333
fb59b402-77cf-4eac-aaf8-4ebaf715acbb	11	48486822	48986471	171	0.2165
fb59b402-77cf-4eac-aaf8-4ebaf715acbb	11	48986666	50000581	470	-0.0545
fb59b402-77cf-4eac-aaf8-4ebaf715acbb	11	50001495	55608804	591	0.166
fb59b402-77cf-4eac-aaf8-4ebaf715acbb	11	55609022	55662497	34	-0.5224
fb59b402-77cf-4eac-aaf8-4ebaf715acbb	11	55663588	55741892	64	-0.074
fb59b402-77cf-4eac-aaf8-4ebaf715acbb	11	55753280	55753284	2	1.9879
fb59b402-77cf-4eac-aaf8-4ebaf715acbb	11	55756095	63971010	4721	-0.0314
fb59b402-77cf-4eac-aaf8-4ebaf715acbb	11	63971170	63971967	2	-2.0201
fb59b402-77cf-4eac-aaf8-4ebaf715acbb	11	63972096	65018624	398	-0.0251
fb59b402-77cf-4eac-aaf8-4ebaf715acbb	11	65020154	65154240	47	0.3477
fb59b402-77cf-4eac-aaf8-4ebaf715acbb	11	65158729	67582583	940	-0.0331
fb59b402-77cf-4eac-aaf8-4ebaf715acbb	11	67582822	67981851	126	0.353
fb59b402-77cf-4eac-aaf8-4ebaf715acbb	11	67996609	71659754	2016	-0.0319
fb59b402-77cf-4eac-aaf8-4ebaf715acbb	11	71660739	71702235	11	0.831
fb59b402-77cf-4eac-aaf8-4ebaf715acbb	11	71712419	71827957	35	0.0904
fb59b402-77cf-4eac-aaf8-4ebaf715acbb	11	71832662	71840556	5	1.1254
fb59b402-77cf-4eac-aaf8-4ebaf715acbb	11	71841619	83972110	7633	-0.0313
fb59b402-77cf-4eac-aaf8-4ebaf715acbb	11	83972402	83972733	2	-2.7902
fb59b402-77cf-4eac-aaf8-4ebaf715acbb	11	83972747	107368088	16330	-0.0357
fb59b402-77cf-4eac-aaf8-4ebaf715acbb	11	107368205	107368402	2	-2.3065
fb59b402-77cf-4eac-aaf8-4ebaf715acbb	11	107381636	135074876	19899	-0.0328
fb59b402-77cf-4eac-aaf8-4ebaf715acbb	12	51460	8165239	5520	-0.0244
fb59b402-77cf-4eac-aaf8-4ebaf715acbb	12	8168303	8442298	90	0.5252
fb59b402-77cf-4eac-aaf8-4ebaf715acbb	12	8442935	9351464	498	-0.0489
fb59b402-77cf-4eac-aaf8-4ebaf715acbb	12	9354172	9583090	83	0.3054
fb59b402-77cf-4eac-aaf8-4ebaf715acbb	12	9584060	11273391	1115	-0.0409
fb59b402-77cf-4eac-aaf8-4ebaf715acbb	12	11274443	11388095	85	0.3059
fb59b402-77cf-4eac-aaf8-4ebaf715acbb	12	11390452	33149267	15372	-0.0195
fb59b402-77cf-4eac-aaf8-4ebaf715acbb	12	33149504	33150359	3	-1.7183
fb59b402-77cf-4eac-aaf8-4ebaf715acbb	12	33150444	34078588	589	0.0029
fb59b402-77cf-4eac-aaf8-4ebaf715acbb	12	34087056	34091994	4	1.5404
fb59b402-77cf-4eac-aaf8-4ebaf715acbb	12	34092010	34307094	108	0.047
fb59b402-77cf-4eac-aaf8-4ebaf715acbb	12	34307158	38110727	242	0.3384
fb59b402-77cf-4eac-aaf8-4ebaf715acbb	12	38111716	48331259	6376	-0.0129
fb59b402-77cf-4eac-aaf8-4ebaf715acbb	12	48331456	48331632	3	-2.0244
fb59b402-77cf-4eac-aaf8-4ebaf715acbb	12	48336253	85510143	22886	-0.0211
fb59b402-77cf-4eac-aaf8-4ebaf715acbb	12	85512314	85651359	81	-1.0905
fb59b402-77cf-4eac-aaf8-4ebaf715acbb	12	85652876	99402073	8981	-0.0215
fb59b402-77cf-4eac-aaf8-4ebaf715acbb	12	99402408	99404140	16	0.9134
fb59b402-77cf-4eac-aaf8-4ebaf715acbb	12	99404279	128052091	18975	-0.023
fb59b402-77cf-4eac-aaf8-4ebaf715acbb	12	128053241	130254206	2012	0.0421
fb59b402-77cf-4eac-aaf8-4ebaf715acbb	12	130257696	131284798	806	-0.0211
fb59b402-77cf-4eac-aaf8-4ebaf715acbb	12	131287286	131292887	10	0.8534
fb59b402-77cf-4eac-aaf8-4ebaf715acbb	12	131309623	131635702	317	0.0108
fb59b402-77cf-4eac-aaf8-4ebaf715acbb	12	131636170	131681750	27	0.565
fb59b402-77cf-4eac-aaf8-4ebaf715acbb	12	131685523	133201603	546	0.0034
fb59b402-77cf-4eac-aaf8-4ebaf715acbb	13	18452809	114342922	64042	-0.0383
fb59b402-77cf-4eac-aaf8-4ebaf715acbb	14	18239283	19256296	43	0.1158
fb59b402-77cf-4eac-aaf8-4ebaf715acbb	14	19280948	19289821	2	-2.2772
fb59b402-77cf-4eac-aaf8-4ebaf715acbb	14	19294457	21952246	1497	-0.0397
fb59b402-77cf-4eac-aaf8-4ebaf715acbb	14	21952274	22501252	462	0.1653
fb59b402-77cf-4eac-aaf8-4ebaf715acbb	14	22501272	106423925	53083	-0.0214
fb59b402-77cf-4eac-aaf8-4ebaf715acbb	14	106425447	106462183	47	-0.5204
fb59b402-77cf-4eac-aaf8-4ebaf715acbb	14	106462724	106877229	195	-0.013
fb59b402-77cf-4eac-aaf8-4ebaf715acbb	15	19811075	20206773	59	0.2816
fb59b402-77cf-4eac-aaf8-4ebaf715acbb	15	20207225	20373168	29	-0.5625
fb59b402-77cf-4eac-aaf8-4ebaf715acbb	15	20376198	20376311	7	1.6207
fb59b402-77cf-4eac-aaf8-4ebaf715acbb	15	20380735	20384789	12	-1.0968
fb59b402-77cf-4eac-aaf8-4ebaf715acbb	15	20384907	20422239	23	-0.4216
fb59b402-77cf-4eac-aaf8-4ebaf715acbb	15	20441322	28282601	3844	0.0424
fb59b402-77cf-4eac-aaf8-4ebaf715acbb	15	28285213	28720086	27	0.835
fb59b402-77cf-4eac-aaf8-4ebaf715acbb	15	28724138	76599286	29880	0.0467
fb59b402-77cf-4eac-aaf8-4ebaf715acbb	15	76599400	76599884	8	-2.1771
fb59b402-77cf-4eac-aaf8-4ebaf715acbb	15	76602723	76603434	11	-0.8011
fb59b402-77cf-4eac-aaf8-4ebaf715acbb	15	76609838	91073455	9174	0.0511
fb59b402-77cf-4eac-aaf8-4ebaf715acbb	15	91074063	91083530	9	-1.2866
fb59b402-77cf-4eac-aaf8-4ebaf715acbb	15	91083594	101928837	8415	0.0505
fb59b402-77cf-4eac-aaf8-4ebaf715acbb	16	10777	113110	64	0.2288
fb59b402-77cf-4eac-aaf8-4ebaf715acbb	16	113352	18153433	12699	0.0759
fb59b402-77cf-4eac-aaf8-4ebaf715acbb	16	18162067	18665971	19	0.7926
fb59b402-77cf-4eac-aaf8-4ebaf715acbb	16	18666789	31841911	7108	0.0718
fb59b402-77cf-4eac-aaf8-4ebaf715acbb	16	31848396	46576262	612	0.2301
fb59b402-77cf-4eac-aaf8-4ebaf715acbb	16	46576275	89772426	31156	-0.0084
fb59b402-77cf-4eac-aaf8-4ebaf715acbb	16	89772682	90096867	174	0.1074
fb59b402-77cf-4eac-aaf8-4ebaf715acbb	17	150733	41251729	20793	-0.0124
fb59b402-77cf-4eac-aaf8-4ebaf715acbb	17	41257158	41274279	29	0.8497
fb59b402-77cf-4eac-aaf8-4ebaf715acbb	17	41276472	46059210	2473	0.0078
fb59b402-77cf-4eac-aaf8-4ebaf715acbb	17	46059704	46211213	121	-0.2744
fb59b402-77cf-4eac-aaf8-4ebaf715acbb	17	46214357	46664059	30	0.5471
fb59b402-77cf-4eac-aaf8-4ebaf715acbb	17	46687628	78627128	19443	-0.017
fb59b402-77cf-4eac-aaf8-4ebaf715acbb	17	78629364	78634082	2	-2.1067
fb59b402-77cf-4eac-aaf8-4ebaf715acbb	17	78634453	78668949	30	0.0699
fb59b402-77cf-4eac-aaf8-4ebaf715acbb	17	78673657	78678151	6	0.819
fb59b402-77cf-4eac-aaf8-4ebaf715acbb	17	78680303	79367431	443	-0.0009
fb59b402-77cf-4eac-aaf8-4ebaf715acbb	17	79369452	79392350	17	0.8002
fb59b402-77cf-4eac-aaf8-4ebaf715acbb	17	79392394	83091923	1600	-0.0178
fb59b402-77cf-4eac-aaf8-4ebaf715acbb	18	48133	80257174	50646	-0.1092
fb59b402-77cf-4eac-aaf8-4ebaf715acbb	19	90910	20217091	8799	0.0637
fb59b402-77cf-4eac-aaf8-4ebaf715acbb	19	20231584	20287963	22	0.6753
fb59b402-77cf-4eac-aaf8-4ebaf715acbb	19	20288631	23874715	2079	0.0982
fb59b402-77cf-4eac-aaf8-4ebaf715acbb	19	23876105	27636418	301	0.2575
fb59b402-77cf-4eac-aaf8-4ebaf715acbb	19	27636726	42711176	9174	0.0648
fb59b402-77cf-4eac-aaf8-4ebaf715acbb	19	42712819	43286599	242	0.2979
fb59b402-77cf-4eac-aaf8-4ebaf715acbb	19	43290001	52634022	4800	0.069
fb59b402-77cf-4eac-aaf8-4ebaf715acbb	19	52634330	53017128	278	0.2241
fb59b402-77cf-4eac-aaf8-4ebaf715acbb	19	53021401	53048976	19	0.8362
fb59b402-77cf-4eac-aaf8-4ebaf715acbb	19	53050987	53230572	133	0.1766
fb59b402-77cf-4eac-aaf8-4ebaf715acbb	19	53230890	58586487	3238	0.0675
fb59b402-77cf-4eac-aaf8-4ebaf715acbb	20	80664	1580353	1201	0.0998
fb59b402-77cf-4eac-aaf8-4ebaf715acbb	20	1580934	1617300	42	1.6183
fb59b402-77cf-4eac-aaf8-4ebaf715acbb	20	1617460	23739785	17227	0.0679
fb59b402-77cf-4eac-aaf8-4ebaf715acbb	20	23739913	23793923	32	0.5999
fb59b402-77cf-4eac-aaf8-4ebaf715acbb	20	23793981	26217295	1466	0.0547
fb59b402-77cf-4eac-aaf8-4ebaf715acbb	20	26229118	30406589	84	0.4614
fb59b402-77cf-4eac-aaf8-4ebaf715acbb	20	30414321	45746167	8921	0.064
fb59b402-77cf-4eac-aaf8-4ebaf715acbb	20	45747708	45748400	2	-1.6706
fb59b402-77cf-4eac-aaf8-4ebaf715acbb	20	45749420	51897826	4306	0.0653
fb59b402-77cf-4eac-aaf8-4ebaf715acbb	20	51897886	51898427	3	-1.4535
fb59b402-77cf-4eac-aaf8-4ebaf715acbb	20	51898971	64324800	9068	0.0709
fb59b402-77cf-4eac-aaf8-4ebaf715acbb	21	10354168	46677045	23835	0.0605
fb59b402-77cf-4eac-aaf8-4ebaf715acbb	22	15294547	16834613	185	0.1477
fb59b402-77cf-4eac-aaf8-4ebaf715acbb	22	16835423	16849218	23	-0.5239
fb59b402-77cf-4eac-aaf8-4ebaf715acbb	22	16857620	16873057	8	0.1327
fb59b402-77cf-4eac-aaf8-4ebaf715acbb	22	16873430	16914720	9	1.0078
fb59b402-77cf-4eac-aaf8-4ebaf715acbb	22	16914810	17115339	147	0.1163
fb59b402-77cf-4eac-aaf8-4ebaf715acbb	22	17115498	18167915	755	-0.0929
fb59b402-77cf-4eac-aaf8-4ebaf715acbb	22	18190590	22450613	2350	0.0516
fb59b402-77cf-4eac-aaf8-4ebaf715acbb	22	22450898	25559148	2060	-0.0102
fb59b402-77cf-4eac-aaf8-4ebaf715acbb	22	25564118	25567021	2	-2.5131
fb59b402-77cf-4eac-aaf8-4ebaf715acbb	22	25579033	26330079	718	-0.0495
fb59b402-77cf-4eac-aaf8-4ebaf715acbb	22	26330092	26332815	3	-1.7321
fb59b402-77cf-4eac-aaf8-4ebaf715acbb	22	26333001	27706582	1448	-0.0325
fb59b402-77cf-4eac-aaf8-4ebaf715acbb	22	27706896	27707261	3	-1.5079
fb59b402-77cf-4eac-aaf8-4ebaf715acbb	22	27708087	33065497	3258	-0.0385
fb59b402-77cf-4eac-aaf8-4ebaf715acbb	22	33066058	33066131	2	-2.1007
fb59b402-77cf-4eac-aaf8-4ebaf715acbb	22	33066380	38975897	4276	-0.0391
fb59b402-77cf-4eac-aaf8-4ebaf715acbb	22	38978372	38999502	14	0.8334
fb59b402-77cf-4eac-aaf8-4ebaf715acbb	22	39003307	49067741	6943	-0.046
fb59b402-77cf-4eac-aaf8-4ebaf715acbb	22	49068709	49108983	40	0.3788
fb59b402-77cf-4eac-aaf8-4ebaf715acbb	22	49109281	49142121	42	-0.2558
fb59b402-77cf-4eac-aaf8-4ebaf715acbb	22	49142172	49199634	51	0.3738
fb59b402-77cf-4eac-aaf8-4ebaf715acbb	22	49199888	50796027	910	-0.0417
fb59b402-77cf-4eac-aaf8-4ebaf715acbb	X	251810	38060746	23431	-0.0121
fb59b402-77cf-4eac-aaf8-4ebaf715acbb	X	38061022	38061709	3	-2.4154
fb59b402-77cf-4eac-aaf8-4ebaf715acbb	X	38063201	53746043	7816	-0.0018
fb59b402-77cf-4eac-aaf8-4ebaf715acbb	X	53755908	53785440	15	0.6458
fb59b402-77cf-4eac-aaf8-4ebaf715acbb	X	53790515	56348719	1134	-0.0127
fb59b402-77cf-4eac-aaf8-4ebaf715acbb	X	56352541	56378845	11	0.8007
fb59b402-77cf-4eac-aaf8-4ebaf715acbb	X	56378904	75885284	6700	0.0135
fb59b402-77cf-4eac-aaf8-4ebaf715acbb	X	75886810	75978670	48	0.4686
fb59b402-77cf-4eac-aaf8-4ebaf715acbb	X	75979843	77070132	599	0.0236
fb59b402-77cf-4eac-aaf8-4ebaf715acbb	X	77082849	77296889	22	0.67
fb59b402-77cf-4eac-aaf8-4ebaf715acbb	X	77324696	103917238	13881	0.0031
fb59b402-77cf-4eac-aaf8-4ebaf715acbb	X	103924147	103988453	26	0.5855
fb59b402-77cf-4eac-aaf8-4ebaf715acbb	X	103988467	104006616	27	0.0314
fb59b402-77cf-4eac-aaf8-4ebaf715acbb	X	104006747	104090650	61	0.5431
fb59b402-77cf-4eac-aaf8-4ebaf715acbb	X	104091067	117389291	7156	0.0016
fb59b402-77cf-4eac-aaf8-4ebaf715acbb	X	117390180	117414599	28	0.5023
fb59b402-77cf-4eac-aaf8-4ebaf715acbb	X	117415270	120735861	1969	-0.0026
fb59b402-77cf-4eac-aaf8-4ebaf715acbb	X	120736487	120736529	2	-3.5882
fb59b402-77cf-4eac-aaf8-4ebaf715acbb	X	120736620	140362976	11117	-0.0044
fb59b402-77cf-4eac-aaf8-4ebaf715acbb	X	140365648	140418734	20	0.6169
fb59b402-77cf-4eac-aaf8-4ebaf715acbb	X	140419029	155952689	9473	0.0031
fb59b402-77cf-4eac-aaf8-4ebaf715acbb	Y	2782397	56872112	6640	-0.3533
