GDC_Aliquot	Chromosome	Start	End	Num_Probes	Segment_Mean
afd13313-993c-4452-b105-d8d6b2836d20	1	62920	4308381	1326	0.0281
afd13313-993c-4452-b105-d8d6b2836d20	1	4308759	4310014	2	-3.0295
afd13313-993c-4452-b105-d8d6b2836d20	1	4310286	12714696	5100	0.0043
afd13313-993c-4452-b105-d8d6b2836d20	1	12715848	12868035	86	0.2225
afd13313-993c-4452-b105-d8d6b2836d20	1	12922922	16544783	2120	0.0109
afd13313-993c-4452-b105-d8d6b2836d20	1	16569132	16679281	31	-0.5039
afd13313-993c-4452-b105-d8d6b2836d20	1	16679483	16909713	46	0.0305
afd13313-993c-4452-b105-d8d6b2836d20	1	16909725	16935752	33	0.4013
afd13313-993c-4452-b105-d8d6b2836d20	1	16949746	25256850	5249	0.002
afd13313-993c-4452-b105-d8d6b2836d20	1	25266637	25319693	21	-0.4684
afd13313-993c-4452-b105-d8d6b2836d20	1	25320198	34626073	4951	0.0038
afd13313-993c-4452-b105-d8d6b2836d20	1	34637053	34638890	20	-0.6165
afd13313-993c-4452-b105-d8d6b2836d20	1	34648667	72303233	23727	0.0062
afd13313-993c-4452-b105-d8d6b2836d20	1	72303253	72345465	45	-1.1086
afd13313-993c-4452-b105-d8d6b2836d20	1	72346221	75585159	1924	0.0077
afd13313-993c-4452-b105-d8d6b2836d20	1	75589078	75589169	2	-1.742
afd13313-993c-4452-b105-d8d6b2836d20	1	75593824	105476614	18968	0.012
afd13313-993c-4452-b105-d8d6b2836d20	1	105476688	105479753	15	0.843
afd13313-993c-4452-b105-d8d6b2836d20	1	105481433	108187137	1932	0.0027
afd13313-993c-4452-b105-d8d6b2836d20	1	108191613	108192255	2	-3.0208
afd13313-993c-4452-b105-d8d6b2836d20	1	108194874	152582700	10255	0.0018
afd13313-993c-4452-b105-d8d6b2836d20	1	152583051	152614100	35	0.5167
afd13313-993c-4452-b105-d8d6b2836d20	1	152614118	152789918	175	0.0008
afd13313-993c-4452-b105-d8d6b2836d20	1	152789962	152794991	13	0.5744
afd13313-993c-4452-b105-d8d6b2836d20	1	152795006	196769493	29386	0.0054
afd13313-993c-4452-b105-d8d6b2836d20	1	196769506	196858725	63	-0.3428
afd13313-993c-4452-b105-d8d6b2836d20	1	196859649	204229134	4749	0.0132
afd13313-993c-4452-b105-d8d6b2836d20	1	204230882	204231132	2	-1.3661
afd13313-993c-4452-b105-d8d6b2836d20	1	204232147	215682652	7886	0.0057
afd13313-993c-4452-b105-d8d6b2836d20	1	215684851	215688763	14	-1.0932
afd13313-993c-4452-b105-d8d6b2836d20	1	215692667	248930189	23064	0.0046
afd13313-993c-4452-b105-d8d6b2836d20	2	12784	52527743	37065	0.0046
afd13313-993c-4452-b105-d8d6b2836d20	2	52531615	52554404	33	0.5168
afd13313-993c-4452-b105-d8d6b2836d20	2	52560811	76617340	15504	0.0063
afd13313-993c-4452-b105-d8d6b2836d20	2	76618047	76618300	5	-1.032
afd13313-993c-4452-b105-d8d6b2836d20	2	76620460	97124542	8231	0.0035
afd13313-993c-4452-b105-d8d6b2836d20	2	97128607	97211436	41	-0.4423
afd13313-993c-4452-b105-d8d6b2836d20	2	97310327	113604438	9369	0.0038
afd13313-993c-4452-b105-d8d6b2836d20	2	113604837	113604839	2	-2.232
afd13313-993c-4452-b105-d8d6b2836d20	2	113623244	146103672	19971	0.0032
afd13313-993c-4452-b105-d8d6b2836d20	2	146103796	146120842	32	0.4543
afd13313-993c-4452-b105-d8d6b2836d20	2	146120874	218193087	43819	0.0087
afd13313-993c-4452-b105-d8d6b2836d20	2	218193125	218194696	4	-1.2936
afd13313-993c-4452-b105-d8d6b2836d20	2	218195098	242147305	15068	0.0098
afd13313-993c-4452-b105-d8d6b2836d20	3	20930	6604856	5803	0.0066
afd13313-993c-4452-b105-d8d6b2836d20	3	6609441	6611645	23	-0.6117
afd13313-993c-4452-b105-d8d6b2836d20	3	6613391	89337951	54464	0.0044
afd13313-993c-4452-b105-d8d6b2836d20	3	89345442	89371323	54	-0.5497
afd13313-993c-4452-b105-d8d6b2836d20	3	89371338	195685341	62870	0.0074
afd13313-993c-4452-b105-d8d6b2836d20	3	195691392	195747892	39	-0.4811
afd13313-993c-4452-b105-d8d6b2836d20	3	195751823	198111566	1146	0.0127
afd13313-993c-4452-b105-d8d6b2836d20	3	198118345	198122834	9	-1.7426
afd13313-993c-4452-b105-d8d6b2836d20	3	198124354	198169247	8	-0.242
afd13313-993c-4452-b105-d8d6b2836d20	4	68929	712312	245	-0.0142
afd13313-993c-4452-b105-d8d6b2836d20	4	721147	777328	18	0.436
afd13313-993c-4452-b105-d8d6b2836d20	4	780038	3896017	1307	0.0199
afd13313-993c-4452-b105-d8d6b2836d20	4	3899125	4192656	86	-0.2497
afd13313-993c-4452-b105-d8d6b2836d20	4	4192735	9450197	3496	0.0027
afd13313-993c-4452-b105-d8d6b2836d20	4	9455251	9484440	8	-0.665
afd13313-993c-4452-b105-d8d6b2836d20	4	9494650	10221792	539	0.0039
afd13313-993c-4452-b105-d8d6b2836d20	4	10222004	10229874	27	-1.5648
afd13313-993c-4452-b105-d8d6b2836d20	4	10232590	10233644	7	-0.648
afd13313-993c-4452-b105-d8d6b2836d20	4	10234518	22445885	9008	0.0096
afd13313-993c-4452-b105-d8d6b2836d20	4	22446550	22448429	3	-1.2335
afd13313-993c-4452-b105-d8d6b2836d20	4	22448499	49087357	16896	0.005
afd13313-993c-4452-b105-d8d6b2836d20	4	49091769	49214614	12	-0.524
afd13313-993c-4452-b105-d8d6b2836d20	4	49289175	49289338	2	-2.205
afd13313-993c-4452-b105-d8d6b2836d20	4	49295203	68506285	10446	0.0012
afd13313-993c-4452-b105-d8d6b2836d20	4	68509223	68671434	71	0.3067
afd13313-993c-4452-b105-d8d6b2836d20	4	68674307	160958989	55522	0.0058
afd13313-993c-4452-b105-d8d6b2836d20	4	160959045	160963756	18	-0.6144
afd13313-993c-4452-b105-d8d6b2836d20	4	160963767	172066777	7050	0.0028
afd13313-993c-4452-b105-d8d6b2836d20	4	172067997	172068382	12	-1.4435
afd13313-993c-4452-b105-d8d6b2836d20	4	172074828	172507191	235	0.0279
afd13313-993c-4452-b105-d8d6b2836d20	4	172507320	172534276	7	-0.5888
afd13313-993c-4452-b105-d8d6b2836d20	4	172537694	174453027	1056	0.0071
afd13313-993c-4452-b105-d8d6b2836d20	4	174455068	174455373	2	-1.6937
afd13313-993c-4452-b105-d8d6b2836d20	4	174456148	175583900	658	0.0098
afd13313-993c-4452-b105-d8d6b2836d20	4	175590222	175666778	45	0.5236
afd13313-993c-4452-b105-d8d6b2836d20	4	175673332	188300104	8895	0.0075
afd13313-993c-4452-b105-d8d6b2836d20	4	188300206	188300221	2	-1.5891
afd13313-993c-4452-b105-d8d6b2836d20	4	188300270	190106768	1140	-0.0002
afd13313-993c-4452-b105-d8d6b2836d20	5	15532	667394	299	0.0459
afd13313-993c-4452-b105-d8d6b2836d20	5	670630	779766	35	0.4814
afd13313-993c-4452-b105-d8d6b2836d20	5	800724	46271006	30255	0.0051
afd13313-993c-4452-b105-d8d6b2836d20	5	46271828	46273400	6	-1.3758
afd13313-993c-4452-b105-d8d6b2836d20	5	46278110	106891826	33265	0.0079
afd13313-993c-4452-b105-d8d6b2836d20	5	106893972	106897399	19	-0.6843
afd13313-993c-4452-b105-d8d6b2836d20	5	106897416	108974972	1452	0.0217
afd13313-993c-4452-b105-d8d6b2836d20	5	108975783	108978336	2	-2.0891
afd13313-993c-4452-b105-d8d6b2836d20	5	108986126	163422096	35386	0.0064
afd13313-993c-4452-b105-d8d6b2836d20	5	163430396	163435536	4	-1.4606
afd13313-993c-4452-b105-d8d6b2836d20	5	163439542	181363319	11847	0.0063
afd13313-993c-4452-b105-d8d6b2836d20	6	149661	254283	101	0.0037
afd13313-993c-4452-b105-d8d6b2836d20	6	257353	328070	36	0.3187
afd13313-993c-4452-b105-d8d6b2836d20	6	328357	32540699	22671	0.0066
afd13313-993c-4452-b105-d8d6b2836d20	6	32541506	32605994	15	-0.5697
afd13313-993c-4452-b105-d8d6b2836d20	6	32606237	32641650	25	0.1053
afd13313-993c-4452-b105-d8d6b2836d20	6	32656527	32658841	6	-0.9498
afd13313-993c-4452-b105-d8d6b2836d20	6	32682835	32711196	24	0.0033
afd13313-993c-4452-b105-d8d6b2836d20	6	32711222	32802705	84	0.2562
afd13313-993c-4452-b105-d8d6b2836d20	6	32807198	54066353	13562	0.0054
afd13313-993c-4452-b105-d8d6b2836d20	6	54066432	54067057	6	-1.0461
afd13313-993c-4452-b105-d8d6b2836d20	6	54070550	78233405	13109	0.003
afd13313-993c-4452-b105-d8d6b2836d20	6	78234822	78317798	125	0.2194
afd13313-993c-4452-b105-d8d6b2836d20	6	78318053	170741917	59529	0.0068
afd13313-993c-4452-b105-d8d6b2836d20	7	43355	1052008	267	0.0578
afd13313-993c-4452-b105-d8d6b2836d20	7	1063632	1152826	65	0.267
afd13313-993c-4452-b105-d8d6b2836d20	7	1152843	12247317	7540	-0.0061
afd13313-993c-4452-b105-d8d6b2836d20	7	12248292	52416087	29069	0.0127
afd13313-993c-4452-b105-d8d6b2836d20	7	52418098	82287414	13450	-0.0064
afd13313-993c-4452-b105-d8d6b2836d20	7	82295764	82320284	13	-0.8383
afd13313-993c-4452-b105-d8d6b2836d20	7	82324032	112791360	18293	0.004
afd13313-993c-4452-b105-d8d6b2836d20	7	112794358	112842662	21	0.4795
afd13313-993c-4452-b105-d8d6b2836d20	7	112845869	159334314	28842	0.0041
afd13313-993c-4452-b105-d8d6b2836d20	8	81254	4137209	3690	0.0253
afd13313-993c-4452-b105-d8d6b2836d20	8	4137231	4145956	23	-0.6566
afd13313-993c-4452-b105-d8d6b2836d20	8	4146039	7329124	4007	0.0288
afd13313-993c-4452-b105-d8d6b2836d20	8	7336299	8110806	60	-0.8009
afd13313-993c-4452-b105-d8d6b2836d20	8	8120447	12143614	3221	-0.0042
afd13313-993c-4452-b105-d8d6b2836d20	8	12176798	12581239	48	-0.7484
afd13313-993c-4452-b105-d8d6b2836d20	8	12581382	15926898	3089	0.0037
afd13313-993c-4452-b105-d8d6b2836d20	8	15927373	15930760	4	-1.1908
afd13313-993c-4452-b105-d8d6b2836d20	8	15931492	25116928	7290	0.0035
afd13313-993c-4452-b105-d8d6b2836d20	8	25116961	25126626	22	-1.5567
afd13313-993c-4452-b105-d8d6b2836d20	8	25126641	40324598	9640	0.0067
afd13313-993c-4452-b105-d8d6b2836d20	8	40326278	40331992	34	-0.5969
afd13313-993c-4452-b105-d8d6b2836d20	8	40335391	145072769	64156	0.0079
afd13313-993c-4452-b105-d8d6b2836d20	9	46587	29091099	24683	0.0066
afd13313-993c-4452-b105-d8d6b2836d20	9	29094551	29097682	3	-2.0327
afd13313-993c-4452-b105-d8d6b2836d20	9	29101434	38771834	6333	0.015
afd13313-993c-4452-b105-d8d6b2836d20	9	38787496	62894529	319	-0.1777
afd13313-993c-4452-b105-d8d6b2836d20	9	62917074	63343739	7	-1.1192
afd13313-993c-4452-b105-d8d6b2836d20	9	63353895	64813222	87	-0.1892
afd13313-993c-4452-b105-d8d6b2836d20	9	64839518	102753540	24063	0.009
afd13313-993c-4452-b105-d8d6b2836d20	9	102753569	102754029	2	-2.2875
afd13313-993c-4452-b105-d8d6b2836d20	9	102754500	103016649	193	0.0245
afd13313-993c-4452-b105-d8d6b2836d20	9	103017634	103018011	3	-1.0926
afd13313-993c-4452-b105-d8d6b2836d20	9	103018168	110262162	5632	0.0112
afd13313-993c-4452-b105-d8d6b2836d20	9	110262509	110270151	3	-2.0466
afd13313-993c-4452-b105-d8d6b2836d20	9	110270398	138200944	17967	0.0059
afd13313-993c-4452-b105-d8d6b2836d20	10	45792	24088746	19139	0.0083
afd13313-993c-4452-b105-d8d6b2836d20	10	24088747	24089125	9	-1.7334
afd13313-993c-4452-b105-d8d6b2836d20	10	24089979	46178860	12272	-0.0007
afd13313-993c-4452-b105-d8d6b2836d20	10	46188877	46522514	165	0.4162
afd13313-993c-4452-b105-d8d6b2836d20	10	46522571	50081224	1733	0.0114
afd13313-993c-4452-b105-d8d6b2836d20	10	50097459	50144008	4	-1.3277
afd13313-993c-4452-b105-d8d6b2836d20	10	50150838	65549079	10973	0.0101
afd13313-993c-4452-b105-d8d6b2836d20	10	65549203	65566308	22	0.4645
afd13313-993c-4452-b105-d8d6b2836d20	10	65566389	83954436	12257	0.01
afd13313-993c-4452-b105-d8d6b2836d20	10	83954653	83955396	2	-2.3092
afd13313-993c-4452-b105-d8d6b2836d20	10	83955497	130452402	31846	0.0071
afd13313-993c-4452-b105-d8d6b2836d20	10	130453772	131047431	556	0.0858
afd13313-993c-4452-b105-d8d6b2836d20	10	131048126	133654968	1452	0.0132
afd13313-993c-4452-b105-d8d6b2836d20	11	198510	5772353	3229	-0.0024
afd13313-993c-4452-b105-d8d6b2836d20	11	5773015	5781682	17	0.3711
afd13313-993c-4452-b105-d8d6b2836d20	11	5787096	5787909	5	0.89
afd13313-993c-4452-b105-d8d6b2836d20	11	5788108	18919323	9394	0.007
afd13313-993c-4452-b105-d8d6b2836d20	11	18927525	18968968	85	-0.2621
afd13313-993c-4452-b105-d8d6b2836d20	11	18969413	48576870	20488	0.0089
afd13313-993c-4452-b105-d8d6b2836d20	11	48579882	48581124	2	-1.6425
afd13313-993c-4452-b105-d8d6b2836d20	11	48584766	80256460	14465	-0.0025
afd13313-993c-4452-b105-d8d6b2836d20	11	80256469	80256520	3	-2.2077
afd13313-993c-4452-b105-d8d6b2836d20	11	80256642	135074876	38906	0.01
afd13313-993c-4452-b105-d8d6b2836d20	12	51460	11359558	7365	0.0069
afd13313-993c-4452-b105-d8d6b2836d20	12	11359597	11390472	28	-0.5372
afd13313-993c-4452-b105-d8d6b2836d20	12	11399258	45506042	20922	0.0109
afd13313-993c-4452-b105-d8d6b2836d20	12	45510655	45515754	4	-1.8965
afd13313-993c-4452-b105-d8d6b2836d20	12	45519509	133201603	56315	0.0079
afd13313-993c-4452-b105-d8d6b2836d20	13	18452809	37493438	13446	0.0071
afd13313-993c-4452-b105-d8d6b2836d20	13	37495907	37510184	16	0.5586
afd13313-993c-4452-b105-d8d6b2836d20	13	37510406	63650072	16318	0.0129
afd13313-993c-4452-b105-d8d6b2836d20	13	63650659	63662559	9	-0.918
afd13313-993c-4452-b105-d8d6b2836d20	13	63665430	71902850	5154	0.0166
afd13313-993c-4452-b105-d8d6b2836d20	13	71903417	71906418	4	1.1599
afd13313-993c-4452-b105-d8d6b2836d20	13	71906467	72230762	280	0.0508
afd13313-993c-4452-b105-d8d6b2836d20	13	72234344	72241928	7	-0.7897
afd13313-993c-4452-b105-d8d6b2836d20	13	72241965	114342922	28716	0.0076
afd13313-993c-4452-b105-d8d6b2836d20	14	18239283	19732024	65	-0.267
afd13313-993c-4452-b105-d8d6b2836d20	14	19732222	19954424	101	0.5701
afd13313-993c-4452-b105-d8d6b2836d20	14	19955213	106877229	55090	0.01
afd13313-993c-4452-b105-d8d6b2836d20	15	19811075	20217125	62	-0.1324
afd13313-993c-4452-b105-d8d6b2836d20	15	20235285	22299523	143	-0.438
afd13313-993c-4452-b105-d8d6b2836d20	15	22385639	24429986	994	0.0104
afd13313-993c-4452-b105-d8d6b2836d20	15	24435245	24473026	30	-0.5775
afd13313-993c-4452-b105-d8d6b2836d20	15	24473449	30157841	3593	0.023
afd13313-993c-4452-b105-d8d6b2836d20	15	30158166	30633402	36	-0.4332
afd13313-993c-4452-b105-d8d6b2836d20	15	30638297	30656433	5	0.4086
afd13313-993c-4452-b105-d8d6b2836d20	15	30658326	101888922	46573	0.0047
afd13313-993c-4452-b105-d8d6b2836d20	15	101894806	101928837	5	0.8821
afd13313-993c-4452-b105-d8d6b2836d20	16	10777	19934577	13446	0.0085
afd13313-993c-4452-b105-d8d6b2836d20	16	19934811	19954016	22	-0.9967
afd13313-993c-4452-b105-d8d6b2836d20	16	19954027	70105639	22183	0.0022
afd13313-993c-4452-b105-d8d6b2836d20	16	70117657	70212022	19	-0.5636
afd13313-993c-4452-b105-d8d6b2836d20	16	70212430	74350360	2288	0.0018
afd13313-993c-4452-b105-d8d6b2836d20	16	74363160	74422703	9	-0.6675
afd13313-993c-4452-b105-d8d6b2836d20	16	74431498	78338949	3198	0.0118
afd13313-993c-4452-b105-d8d6b2836d20	16	78339440	78342480	4	-1.4195
afd13313-993c-4452-b105-d8d6b2836d20	16	78342814	88581288	9946	0.0115
afd13313-993c-4452-b105-d8d6b2836d20	16	88583347	90045818	616	0.1054
afd13313-993c-4452-b105-d8d6b2836d20	16	90049513	90096867	36	-0.1338
afd13313-993c-4452-b105-d8d6b2836d20	17	150733	16759600	10457	0.0092
afd13313-993c-4452-b105-d8d6b2836d20	17	16759737	16819487	8	-0.7515
afd13313-993c-4452-b105-d8d6b2836d20	17	16834846	16838214	3	0.8258
afd13313-993c-4452-b105-d8d6b2836d20	17	16838470	18414080	906	-0.0009
afd13313-993c-4452-b105-d8d6b2836d20	17	18452078	18561907	27	0.6146
afd13313-993c-4452-b105-d8d6b2836d20	17	18565883	83091923	33557	0.0072
afd13313-993c-4452-b105-d8d6b2836d20	18	48133	14032820	9973	0.0089
afd13313-993c-4452-b105-d8d6b2836d20	18	14034674	21779201	725	-0.0684
afd13313-993c-4452-b105-d8d6b2836d20	18	21780368	66240197	29659	0.0101
afd13313-993c-4452-b105-d8d6b2836d20	18	66240359	66244352	9	-1.1377
afd13313-993c-4452-b105-d8d6b2836d20	18	66244639	68179088	1339	0.0131
afd13313-993c-4452-b105-d8d6b2836d20	18	68182141	68216106	33	-1.0358
afd13313-993c-4452-b105-d8d6b2836d20	18	68228789	80257174	8874	0.0186
afd13313-993c-4452-b105-d8d6b2836d20	19	90910	21632838	9589	0.0025
afd13313-993c-4452-b105-d8d6b2836d20	19	21637067	21639520	5	-1.3943
afd13313-993c-4452-b105-d8d6b2836d20	19	21642962	42686415	10746	0.009
afd13313-993c-4452-b105-d8d6b2836d20	19	42688487	43208098	218	-0.125
afd13313-993c-4452-b105-d8d6b2836d20	19	43208446	54215136	5902	0.0106
afd13313-993c-4452-b105-d8d6b2836d20	19	54226329	54237443	16	0.6965
afd13313-993c-4452-b105-d8d6b2836d20	19	54249482	58586487	2582	-0.0002
afd13313-993c-4452-b105-d8d6b2836d20	20	80664	1571811	1180	0.0062
afd13313-993c-4452-b105-d8d6b2836d20	20	1576544	1587360	28	-1.8801
afd13313-993c-4452-b105-d8d6b2836d20	20	1587437	1591489	17	-0.3743
afd13313-993c-4452-b105-d8d6b2836d20	20	1591557	1601446	11	-1.2225
afd13313-993c-4452-b105-d8d6b2836d20	20	1601561	58053260	36892	0.0062
afd13313-993c-4452-b105-d8d6b2836d20	20	58063268	58070378	8	-1.0209
afd13313-993c-4452-b105-d8d6b2836d20	20	58071312	64324800	4144	0.0167
afd13313-993c-4452-b105-d8d6b2836d20	21	10354168	10459118	17	-0.4829
afd13313-993c-4452-b105-d8d6b2836d20	21	10459828	46677045	23763	0.0067
afd13313-993c-4452-b105-d8d6b2836d20	22	15294547	38967679	15213	-0.0014
afd13313-993c-4452-b105-d8d6b2836d20	22	38967712	38975897	19	-0.7952
afd13313-993c-4452-b105-d8d6b2836d20	22	38978372	50796027	8006	0.0107
afd13313-993c-4452-b105-d8d6b2836d20	X	251810	509065	25	0.0036
afd13313-993c-4452-b105-d8d6b2836d20	X	519852	621339	31	0.5672
afd13313-993c-4452-b105-d8d6b2836d20	X	641823	113595298	58766	0.0103
afd13313-993c-4452-b105-d8d6b2836d20	X	113603379	113745698	91	0.4515
afd13313-993c-4452-b105-d8d6b2836d20	X	113749519	114927492	618	-0.0024
afd13313-993c-4452-b105-d8d6b2836d20	X	114928557	114930245	3	-1.1991
afd13313-993c-4452-b105-d8d6b2836d20	X	114931729	134932486	11274	0.0069
afd13313-993c-4452-b105-d8d6b2836d20	X	134932569	134934057	3	-1.7228
afd13313-993c-4452-b105-d8d6b2836d20	X	134935481	141475366	3856	-0.0014
afd13313-993c-4452-b105-d8d6b2836d20	X	141475512	141585618	7	-0.8684
afd13313-993c-4452-b105-d8d6b2836d20	X	141595849	155952689	8815	0.0109
afd13313-993c-4452-b105-d8d6b2836d20	Y	2782397	3536069	228	-0.9388
afd13313-993c-4452-b105-d8d6b2836d20	Y	3538565	3564331	7	0.4103
afd13313-993c-4452-b105-d8d6b2836d20	Y	3567807	7055782	764	-0.993
afd13313-993c-4452-b105-d8d6b2836d20	Y	7057600	26350645	5487	-0.8646
afd13313-993c-4452-b105-d8d6b2836d20	Y	26350828	56872112	154	-1.0561
