GDC_Aliquot	Chromosome	Start	End	Num_Probes	Segment_Mean
21687ac4-cd2a-4b20-83c4-543826209a37	1	62920	3302359	740	0.1032
21687ac4-cd2a-4b20-83c4-543826209a37	1	3303537	16679483	7941	0.0224
21687ac4-cd2a-4b20-83c4-543826209a37	1	16685961	16935737	77	-0.5168
21687ac4-cd2a-4b20-83c4-543826209a37	1	16935752	25256850	5264	0.0183
21687ac4-cd2a-4b20-83c4-543826209a37	1	25266637	25319167	20	-1.8914
21687ac4-cd2a-4b20-83c4-543826209a37	1	25319693	31148580	3002	0.0336
21687ac4-cd2a-4b20-83c4-543826209a37	1	31150820	31152542	3	-2.3322
21687ac4-cd2a-4b20-83c4-543826209a37	1	31154252	72302815	25743	0.0084
21687ac4-cd2a-4b20-83c4-543826209a37	1	72303233	72345393	44	0.5669
21687ac4-cd2a-4b20-83c4-543826209a37	1	72345450	109684893	23616	0.0122
21687ac4-cd2a-4b20-83c4-543826209a37	1	109690352	109697556	13	1.781
21687ac4-cd2a-4b20-83c4-543826209a37	1	109702376	112147704	1951	0.0176
21687ac4-cd2a-4b20-83c4-543826209a37	1	112153343	112154591	22	-1.8577
21687ac4-cd2a-4b20-83c4-543826209a37	1	112154619	121598439	5165	0.0027
21687ac4-cd2a-4b20-83c4-543826209a37	1	121601998	143927887	127	-0.8135
21687ac4-cd2a-4b20-83c4-543826209a37	1	143928045	152583051	2317	0.0248
21687ac4-cd2a-4b20-83c4-543826209a37	1	152583230	152614118	35	-1.5335
21687ac4-cd2a-4b20-83c4-543826209a37	1	152618018	169017254	11297	0.014
21687ac4-cd2a-4b20-83c4-543826209a37	1	169017882	169017973	2	-1.975
21687ac4-cd2a-4b20-83c4-543826209a37	1	169020148	169247699	190	0.0195
21687ac4-cd2a-4b20-83c4-543826209a37	1	169264736	169272528	6	-2.413
21687ac4-cd2a-4b20-83c4-543826209a37	1	169273163	189679027	13443	0.0048
21687ac4-cd2a-4b20-83c4-543826209a37	1	189679353	189679397	2	-1.8396
21687ac4-cd2a-4b20-83c4-543826209a37	1	189682917	196745743	4738	0.0213
21687ac4-cd2a-4b20-83c4-543826209a37	1	196758720	196854187	63	-0.4443
21687ac4-cd2a-4b20-83c4-543826209a37	1	196854483	235002601	26048	0.0103
21687ac4-cd2a-4b20-83c4-543826209a37	1	235015741	235028243	7	-1.2562
21687ac4-cd2a-4b20-83c4-543826209a37	1	235029937	236072496	528	0.0115
21687ac4-cd2a-4b20-83c4-543826209a37	1	236073368	236095888	16	-0.4344
21687ac4-cd2a-4b20-83c4-543826209a37	1	236099667	240228440	3353	0.0056
21687ac4-cd2a-4b20-83c4-543826209a37	1	240230715	240230824	5	-1.4799
21687ac4-cd2a-4b20-83c4-543826209a37	1	240230839	241950290	1370	0.027
21687ac4-cd2a-4b20-83c4-543826209a37	1	241956011	241977561	8	-0.6956
21687ac4-cd2a-4b20-83c4-543826209a37	1	241980133	247037337	3398	0.0123
21687ac4-cd2a-4b20-83c4-543826209a37	1	247037748	247042658	8	-0.9755
21687ac4-cd2a-4b20-83c4-543826209a37	1	247044642	248930189	1079	0.0051
21687ac4-cd2a-4b20-83c4-543826209a37	2	12784	295255	180	0.0866
21687ac4-cd2a-4b20-83c4-543826209a37	2	296789	296812	2	-1.6459
21687ac4-cd2a-4b20-83c4-543826209a37	2	296852	4158097	2806	0.0088
21687ac4-cd2a-4b20-83c4-543826209a37	2	4166274	4176429	42	-0.7347
21687ac4-cd2a-4b20-83c4-543826209a37	2	4182472	14173035	7667	0.0165
21687ac4-cd2a-4b20-83c4-543826209a37	2	14176789	14176973	3	-1.3045
21687ac4-cd2a-4b20-83c4-543826209a37	2	14178821	15066012	748	0.0271
21687ac4-cd2a-4b20-83c4-543826209a37	2	15066671	15071669	4	-1.0823
21687ac4-cd2a-4b20-83c4-543826209a37	2	15075078	35750907	13564	0.006
21687ac4-cd2a-4b20-83c4-543826209a37	2	35752724	35762850	6	-1.8807
21687ac4-cd2a-4b20-83c4-543826209a37	2	35762881	42218668	4963	0.0236
21687ac4-cd2a-4b20-83c4-543826209a37	2	42220217	42225473	6	-1.3094
21687ac4-cd2a-4b20-83c4-543826209a37	2	42227045	52514599	7160	0.0088
21687ac4-cd2a-4b20-83c4-543826209a37	2	52516787	52560811	42	0.4923
21687ac4-cd2a-4b20-83c4-543826209a37	2	52563002	86710564	21920	0.0073
21687ac4-cd2a-4b20-83c4-543826209a37	2	86725947	86726731	2	-2.0062
21687ac4-cd2a-4b20-83c4-543826209a37	2	86743283	97537802	1933	-0.018
21687ac4-cd2a-4b20-83c4-543826209a37	2	97540809	97545726	4	-1.4117
21687ac4-cd2a-4b20-83c4-543826209a37	2	97550415	106263639	5570	0.0081
21687ac4-cd2a-4b20-83c4-543826209a37	2	106264257	106268901	11	-1.981
21687ac4-cd2a-4b20-83c4-543826209a37	2	106270799	122718173	9489	0.0052
21687ac4-cd2a-4b20-83c4-543826209a37	2	122718842	122724665	10	-0.8203
21687ac4-cd2a-4b20-83c4-543826209a37	2	122726077	130022403	4772	0.0083
21687ac4-cd2a-4b20-83c4-543826209a37	2	130022580	130116915	21	-0.4518
21687ac4-cd2a-4b20-83c4-543826209a37	2	130117303	146107801	9540	0.009
21687ac4-cd2a-4b20-83c4-543826209a37	2	146108179	146120827	15	-0.5059
21687ac4-cd2a-4b20-83c4-543826209a37	2	146120842	193823021	28880	0.0206
21687ac4-cd2a-4b20-83c4-543826209a37	2	193825580	193829074	2	1.6158
21687ac4-cd2a-4b20-83c4-543826209a37	2	193837590	221606293	17217	0.0168
21687ac4-cd2a-4b20-83c4-543826209a37	2	221606740	221606796	2	1.7616
21687ac4-cd2a-4b20-83c4-543826209a37	2	221607842	242147305	12984	0.0181
21687ac4-cd2a-4b20-83c4-543826209a37	3	20930	20266298	15260	0.0119
21687ac4-cd2a-4b20-83c4-543826209a37	3	20271633	20274591	3	-2.1033
21687ac4-cd2a-4b20-83c4-543826209a37	3	20286589	46751887	17930	0.0136
21687ac4-cd2a-4b20-83c4-543826209a37	3	46760327	46806048	37	-0.9619
21687ac4-cd2a-4b20-83c4-543826209a37	3	46806126	52989195	2497	0.0254
21687ac4-cd2a-4b20-83c4-543826209a37	3	52994359	53005263	40	-0.698
21687ac4-cd2a-4b20-83c4-543826209a37	3	53005439	68697013	12034	0.0033
21687ac4-cd2a-4b20-83c4-543826209a37	3	68697108	68698262	14	-1.1126
21687ac4-cd2a-4b20-83c4-543826209a37	3	68699607	130031363	34657	0.0143
21687ac4-cd2a-4b20-83c4-543826209a37	3	130035092	130149891	68	-0.2621
21687ac4-cd2a-4b20-83c4-543826209a37	3	130152692	162795671	20257	0.0138
21687ac4-cd2a-4b20-83c4-543826209a37	3	162796839	162906109	63	0.5964
21687ac4-cd2a-4b20-83c4-543826209a37	3	162908192	162996729	74	-0.063
21687ac4-cd2a-4b20-83c4-543826209a37	3	162999939	163001774	2	-2.7525
21687ac4-cd2a-4b20-83c4-543826209a37	3	163008371	193160113	19101	0.0122
21687ac4-cd2a-4b20-83c4-543826209a37	3	193160173	193165114	19	-1.203
21687ac4-cd2a-4b20-83c4-543826209a37	3	193168646	198169247	2694	0.0021
21687ac4-cd2a-4b20-83c4-543826209a37	4	68929	4164791	1636	0.0024
21687ac4-cd2a-4b20-83c4-543826209a37	4	4165256	4173850	5	-1.2141
21687ac4-cd2a-4b20-83c4-543826209a37	4	4174887	10221792	4066	0.0059
21687ac4-cd2a-4b20-83c4-543826209a37	4	10222004	10229874	27	3.0697
21687ac4-cd2a-4b20-83c4-543826209a37	4	10232590	10233542	5	1.3054
21687ac4-cd2a-4b20-83c4-543826209a37	4	10233558	10389091	173	0.0026
21687ac4-cd2a-4b20-83c4-543826209a37	4	10390730	10399044	16	-2.8193
21687ac4-cd2a-4b20-83c4-543826209a37	4	10401094	34784878	16792	0.0103
21687ac4-cd2a-4b20-83c4-543826209a37	4	34785333	34822561	36	0.3553
21687ac4-cd2a-4b20-83c4-543826209a37	4	34823103	47197116	7801	0.0092
21687ac4-cd2a-4b20-83c4-543826209a37	4	47197806	47226273	21	0.6765
21687ac4-cd2a-4b20-83c4-543826209a37	4	47227287	49086623	1143	0.0085
21687ac4-cd2a-4b20-83c4-543826209a37	4	49087342	51823256	41	-0.3188
21687ac4-cd2a-4b20-83c4-543826209a37	4	51823373	57634986	3920	0.0042
21687ac4-cd2a-4b20-83c4-543826209a37	4	57635142	57635246	3	-1.1594
21687ac4-cd2a-4b20-83c4-543826209a37	4	57639758	60461594	1736	0.0136
21687ac4-cd2a-4b20-83c4-543826209a37	4	60464276	60465899	2	1.4145
21687ac4-cd2a-4b20-83c4-543826209a37	4	60469846	63839810	1917	0.0138
21687ac4-cd2a-4b20-83c4-543826209a37	4	63839893	63842540	12	-0.5538
21687ac4-cd2a-4b20-83c4-543826209a37	4	63850713	68354665	2849	0.0124
21687ac4-cd2a-4b20-83c4-543826209a37	4	68361130	68395346	7	0.7142
21687ac4-cd2a-4b20-83c4-543826209a37	4	68416487	68422424	5	-1.268
21687ac4-cd2a-4b20-83c4-543826209a37	4	68429081	68478894	9	-0.2285
21687ac4-cd2a-4b20-83c4-543826209a37	4	68494770	68623617	69	0.534
21687ac4-cd2a-4b20-83c4-543826209a37	4	68639397	110121184	25070	0.0129
21687ac4-cd2a-4b20-83c4-543826209a37	4	110121916	110122054	2	-1.9364
21687ac4-cd2a-4b20-83c4-543826209a37	4	110123089	114252544	2627	0.0065
21687ac4-cd2a-4b20-83c4-543826209a37	4	114254167	114263096	25	0.7411
21687ac4-cd2a-4b20-83c4-543826209a37	4	114263110	125223132	6542	0.0224
21687ac4-cd2a-4b20-83c4-543826209a37	4	125223824	125239006	11	0.6017
21687ac4-cd2a-4b20-83c4-543826209a37	4	125239473	137171041	6690	0.0154
21687ac4-cd2a-4b20-83c4-543826209a37	4	137171085	137173818	16	-0.7809
21687ac4-cd2a-4b20-83c4-543826209a37	4	137173967	140127721	2071	0.0135
21687ac4-cd2a-4b20-83c4-543826209a37	4	140128927	140132694	3	-2.2666
21687ac4-cd2a-4b20-83c4-543826209a37	4	140132908	151257429	6434	0.0143
21687ac4-cd2a-4b20-83c4-543826209a37	4	151260315	151268380	6	-0.9781
21687ac4-cd2a-4b20-83c4-543826209a37	4	151271656	155958021	3032	0.0045
21687ac4-cd2a-4b20-83c4-543826209a37	4	155958067	155958199	3	1.256
21687ac4-cd2a-4b20-83c4-543826209a37	4	155958414	160952788	3164	0.0163
21687ac4-cd2a-4b20-83c4-543826209a37	4	160952848	160963767	23	-0.7166
21687ac4-cd2a-4b20-83c4-543826209a37	4	160963806	164787887	2521	0.018
21687ac4-cd2a-4b20-83c4-543826209a37	4	164795749	164846320	41	-0.3168
21687ac4-cd2a-4b20-83c4-543826209a37	4	164846476	190106768	16611	0.009
21687ac4-cd2a-4b20-83c4-543826209a37	5	15532	1717978	806	0.0324
21687ac4-cd2a-4b20-83c4-543826209a37	5	1720031	1798129	58	0.3159
21687ac4-cd2a-4b20-83c4-543826209a37	5	1798198	4282495	2286	0.0092
21687ac4-cd2a-4b20-83c4-543826209a37	5	4284038	4292763	3	-1.3641
21687ac4-cd2a-4b20-83c4-543826209a37	5	4293232	8766408	3852	0.0045
21687ac4-cd2a-4b20-83c4-543826209a37	5	8767865	8767932	2	-1.7775
21687ac4-cd2a-4b20-83c4-543826209a37	5	8768417	12800777	3186	0.0186
21687ac4-cd2a-4b20-83c4-543826209a37	5	12815668	12826538	11	-1.4667
21687ac4-cd2a-4b20-83c4-543826209a37	5	12833745	15718383	1974	0.0022
21687ac4-cd2a-4b20-83c4-543826209a37	5	15719113	15720488	11	-0.8189
21687ac4-cd2a-4b20-83c4-543826209a37	5	15723237	46191782	18475	0.0091
21687ac4-cd2a-4b20-83c4-543826209a37	5	46195781	46209197	5	-1.4239
21687ac4-cd2a-4b20-83c4-543826209a37	5	46209780	46251204	12	0.0541
21687ac4-cd2a-4b20-83c4-543826209a37	5	46270906	46273400	8	0.9018
21687ac4-cd2a-4b20-83c4-543826209a37	5	46278110	50452783	123	-0.0928
21687ac4-cd2a-4b20-83c4-543826209a37	5	50453267	50458704	2	-1.4692
21687ac4-cd2a-4b20-83c4-543826209a37	5	50459319	57942902	4881	0.0191
21687ac4-cd2a-4b20-83c4-543826209a37	5	57943143	57944940	2	-1.3383
21687ac4-cd2a-4b20-83c4-543826209a37	5	57946985	57985864	33	-0.0443
21687ac4-cd2a-4b20-83c4-543826209a37	5	57986179	58004129	23	0.2335
21687ac4-cd2a-4b20-83c4-543826209a37	5	58013204	58025819	11	-0.2787
21687ac4-cd2a-4b20-83c4-543826209a37	5	58030200	58037706	32	2.6428
21687ac4-cd2a-4b20-83c4-543826209a37	5	58042530	61866325	2577	0.017
21687ac4-cd2a-4b20-83c4-543826209a37	5	61867992	61868038	2	1.2582
21687ac4-cd2a-4b20-83c4-543826209a37	5	61869072	69022815	4506	0.0167
21687ac4-cd2a-4b20-83c4-543826209a37	5	69023860	69024941	3	-1.1381
21687ac4-cd2a-4b20-83c4-543826209a37	5	69025359	97712762	15831	0.0153
21687ac4-cd2a-4b20-83c4-543826209a37	5	97714396	97763616	41	-1.0781
21687ac4-cd2a-4b20-83c4-543826209a37	5	97763980	104515520	3880	0.018
21687ac4-cd2a-4b20-83c4-543826209a37	5	104524672	104524903	4	-1.6117
21687ac4-cd2a-4b20-83c4-543826209a37	5	104525348	113182643	5821	0.0272
21687ac4-cd2a-4b20-83c4-543826209a37	5	113185827	113193874	9	-1.0637
21687ac4-cd2a-4b20-83c4-543826209a37	5	113195053	140838745	17391	0.0152
21687ac4-cd2a-4b20-83c4-543826209a37	5	140839137	140864171	14	-0.5552
21687ac4-cd2a-4b20-83c4-543826209a37	5	140872578	156048095	10211	0.0138
21687ac4-cd2a-4b20-83c4-543826209a37	5	156049762	156055719	14	-0.5158
21687ac4-cd2a-4b20-83c4-543826209a37	5	156068240	180947523	16604	0.0132
21687ac4-cd2a-4b20-83c4-543826209a37	5	180951710	180990911	18	-2.3824
21687ac4-cd2a-4b20-83c4-543826209a37	5	180991103	181363319	171	0.0709
21687ac4-cd2a-4b20-83c4-543826209a37	6	149661	847668	588	0.0865
21687ac4-cd2a-4b20-83c4-543826209a37	6	847752	29408608	20780	0.0097
21687ac4-cd2a-4b20-83c4-543826209a37	6	29409262	29869411	297	0.0697
21687ac4-cd2a-4b20-83c4-543826209a37	6	29869537	29881490	14	-0.9895
21687ac4-cd2a-4b20-83c4-543826209a37	6	29882419	65684197	19875	0.0178
21687ac4-cd2a-4b20-83c4-543826209a37	6	65689589	65699027	27	-0.6742
21687ac4-cd2a-4b20-83c4-543826209a37	6	65699457	70763935	3386	0.0168
21687ac4-cd2a-4b20-83c4-543826209a37	6	70765327	70765599	2	-2.2303
21687ac4-cd2a-4b20-83c4-543826209a37	6	70765652	73882085	2045	0.0191
21687ac4-cd2a-4b20-83c4-543826209a37	6	73882142	73891694	11	0.8154
21687ac4-cd2a-4b20-83c4-543826209a37	6	73893839	76104653	1347	0.0088
21687ac4-cd2a-4b20-83c4-543826209a37	6	76104974	76123175	5	-0.7642
21687ac4-cd2a-4b20-83c4-543826209a37	6	76123406	76305231	119	-0.0021
21687ac4-cd2a-4b20-83c4-543826209a37	6	76307183	76307209	3	-1.2654
21687ac4-cd2a-4b20-83c4-543826209a37	6	76307276	78262451	1304	0.0077
21687ac4-cd2a-4b20-83c4-543826209a37	6	78262749	78336185	110	0.3636
21687ac4-cd2a-4b20-83c4-543826209a37	6	78336944	86337793	4984	0.019
21687ac4-cd2a-4b20-83c4-543826209a37	6	86350819	86351379	4	-0.9701
21687ac4-cd2a-4b20-83c4-543826209a37	6	86353162	88121932	1113	0.0113
21687ac4-cd2a-4b20-83c4-543826209a37	6	88126335	88129224	5	-1.1579
21687ac4-cd2a-4b20-83c4-543826209a37	6	88130368	94576204	4318	0.0182
21687ac4-cd2a-4b20-83c4-543826209a37	6	94581306	94582674	2	-1.322
21687ac4-cd2a-4b20-83c4-543826209a37	6	94585346	103286954	5041	0.0212
21687ac4-cd2a-4b20-83c4-543826209a37	6	103290101	103314174	45	0.6524
21687ac4-cd2a-4b20-83c4-543826209a37	6	103314186	133945130	19084	0.0178
21687ac4-cd2a-4b20-83c4-543826209a37	6	133947933	133948494	2	-1.6854
21687ac4-cd2a-4b20-83c4-543826209a37	6	133950934	170741917	25096	0.0144
21687ac4-cd2a-4b20-83c4-543826209a37	7	43355	16657813	11398	0.0165
21687ac4-cd2a-4b20-83c4-543826209a37	7	16660822	16662219	10	-1.0606
21687ac4-cd2a-4b20-83c4-543826209a37	7	16670083	29631102	10025	0.018
21687ac4-cd2a-4b20-83c4-543826209a37	7	29634124	29741168	50	0.5355
21687ac4-cd2a-4b20-83c4-543826209a37	7	29741337	54305455	17001	0.0076
21687ac4-cd2a-4b20-83c4-543826209a37	7	54318812	54318824	6	0.9785
21687ac4-cd2a-4b20-83c4-543826209a37	7	54325795	56693807	1559	-0.0049
21687ac4-cd2a-4b20-83c4-543826209a37	7	56694420	56701121	3	-1.1804
21687ac4-cd2a-4b20-83c4-543826209a37	7	56704473	57690212	413	0.0016
21687ac4-cd2a-4b20-83c4-543826209a37	7	57690283	63018120	233	-0.162
21687ac4-cd2a-4b20-83c4-543826209a37	7	63018135	70955452	3920	-0.0195
21687ac4-cd2a-4b20-83c4-543826209a37	7	70958264	70961155	2	-2.0713
21687ac4-cd2a-4b20-83c4-543826209a37	7	70963257	97980107	15821	0.0143
21687ac4-cd2a-4b20-83c4-543826209a37	7	97982029	97982736	3	-1.8882
21687ac4-cd2a-4b20-83c4-543826209a37	7	97984459	159334314	37398	0.0094
21687ac4-cd2a-4b20-83c4-543826209a37	8	81254	645875	330	0.0371
21687ac4-cd2a-4b20-83c4-543826209a37	8	645892	645908	2	3.3359
21687ac4-cd2a-4b20-83c4-543826209a37	8	656117	145072769	95200	0.0124
21687ac4-cd2a-4b20-83c4-543826209a37	9	46587	6432156	6173	0.0135
21687ac4-cd2a-4b20-83c4-543826209a37	9	6432484	6770374	243	-0.1228
21687ac4-cd2a-4b20-83c4-543826209a37	9	6770534	6770744	3	-1.4237
21687ac4-cd2a-4b20-83c4-543826209a37	9	6771267	6876538	86	-0.1568
21687ac4-cd2a-4b20-83c4-543826209a37	9	6878215	23361807	13926	0.0158
21687ac4-cd2a-4b20-83c4-543826209a37	9	23363117	23373486	8	0.8236
21687ac4-cd2a-4b20-83c4-543826209a37	9	23378490	39588611	10750	0.0125
21687ac4-cd2a-4b20-83c4-543826209a37	9	39747848	39840169	5	0.9751
21687ac4-cd2a-4b20-83c4-543826209a37	9	40018947	40989749	26	-0.062
21687ac4-cd2a-4b20-83c4-543826209a37	9	40990117	42726239	125	-0.2636
21687ac4-cd2a-4b20-83c4-543826209a37	9	42727685	87907679	14454	0.007
21687ac4-cd2a-4b20-83c4-543826209a37	9	87939236	87939304	2	-1.522
21687ac4-cd2a-4b20-83c4-543826209a37	9	87943042	122933267	25208	0.0038
21687ac4-cd2a-4b20-83c4-543826209a37	9	122934667	131662970	5081	0.0294
21687ac4-cd2a-4b20-83c4-543826209a37	9	131662999	131663019	2	-1.3476
21687ac4-cd2a-4b20-83c4-543826209a37	9	131663502	135334785	2336	0.0394
21687ac4-cd2a-4b20-83c4-543826209a37	9	135334922	135335019	2	1.2944
21687ac4-cd2a-4b20-83c4-543826209a37	9	135335157	136694587	526	0.033
21687ac4-cd2a-4b20-83c4-543826209a37	9	136694981	137358495	151	-0.0283
21687ac4-cd2a-4b20-83c4-543826209a37	9	137361190	137361266	2	-1.8288
21687ac4-cd2a-4b20-83c4-543826209a37	9	137361381	138123971	388	0.0625
21687ac4-cd2a-4b20-83c4-543826209a37	9	138124041	138200944	20	-0.3072
21687ac4-cd2a-4b20-83c4-543826209a37	10	45792	4248622	3577	0.014
21687ac4-cd2a-4b20-83c4-543826209a37	10	4248646	4248732	2	2.0282
21687ac4-cd2a-4b20-83c4-543826209a37	10	4248824	20561184	13418	0.015
21687ac4-cd2a-4b20-83c4-543826209a37	10	20564272	20564574	3	-2.0821
21687ac4-cd2a-4b20-83c4-543826209a37	10	20564605	24086334	2196	0.0055
21687ac4-cd2a-4b20-83c4-543826209a37	10	24088745	24088753	7	0.7528
21687ac4-cd2a-4b20-83c4-543826209a37	10	24088989	26398822	1629	0.0165
21687ac4-cd2a-4b20-83c4-543826209a37	10	26398860	26400075	2	1.4312
21687ac4-cd2a-4b20-83c4-543826209a37	10	26400319	26934974	357	-0.0013
21687ac4-cd2a-4b20-83c4-543826209a37	10	26936975	26941746	15	0.7392
21687ac4-cd2a-4b20-83c4-543826209a37	10	26941808	30957581	3019	0.011
21687ac4-cd2a-4b20-83c4-543826209a37	10	30962405	30963480	14	-0.61
21687ac4-cd2a-4b20-83c4-543826209a37	10	30964071	41717270	4831	0.0007
21687ac4-cd2a-4b20-83c4-543826209a37	10	41737725	42374109	73	-0.2109
21687ac4-cd2a-4b20-83c4-543826209a37	10	42377343	46217974	2387	0.0139
21687ac4-cd2a-4b20-83c4-543826209a37	10	46221032	46225568	6	0.8217
21687ac4-cd2a-4b20-83c4-543826209a37	10	46225606	46522571	143	-0.0374
21687ac4-cd2a-4b20-83c4-543826209a37	10	46525652	46526086	11	0.7179
21687ac4-cd2a-4b20-83c4-543826209a37	10	46526248	47559596	331	0.0216
21687ac4-cd2a-4b20-83c4-543826209a37	10	47622159	47724261	8	-0.7566
21687ac4-cd2a-4b20-83c4-543826209a37	10	47729691	69522716	14967	0.0156
21687ac4-cd2a-4b20-83c4-543826209a37	10	69522730	69523086	4	-2.1306
21687ac4-cd2a-4b20-83c4-543826209a37	10	69531858	75166836	3338	0.0141
21687ac4-cd2a-4b20-83c4-543826209a37	10	75166945	75167381	2	-1.6061
21687ac4-cd2a-4b20-83c4-543826209a37	10	75172251	79488828	3332	0.0136
21687ac4-cd2a-4b20-83c4-543826209a37	10	79491575	79689251	18	-0.5103
21687ac4-cd2a-4b20-83c4-543826209a37	10	79689972	92167581	8578	0.0099
21687ac4-cd2a-4b20-83c4-543826209a37	10	92170203	92538513	162	-0.1332
21687ac4-cd2a-4b20-83c4-543826209a37	10	92538574	130435762	26230	0.0044
21687ac4-cd2a-4b20-83c4-543826209a37	10	130435775	130779592	299	0.1521
21687ac4-cd2a-4b20-83c4-543826209a37	10	130780371	131621235	730	0.0255
21687ac4-cd2a-4b20-83c4-543826209a37	10	131621398	131626538	3	-1.1567
21687ac4-cd2a-4b20-83c4-543826209a37	10	131628151	133654968	989	0.029
21687ac4-cd2a-4b20-83c4-543826209a37	11	198510	3465494	1297	0.0557
21687ac4-cd2a-4b20-83c4-543826209a37	11	3466435	3506921	10	-0.7091
21687ac4-cd2a-4b20-83c4-543826209a37	11	3508708	18918775	11362	0.0101
21687ac4-cd2a-4b20-83c4-543826209a37	11	18919309	18940066	43	-0.4374
21687ac4-cd2a-4b20-83c4-543826209a37	11	18940191	21397200	2269	0.0139
21687ac4-cd2a-4b20-83c4-543826209a37	11	21397219	21398886	3	-1.0735
21687ac4-cd2a-4b20-83c4-543826209a37	11	21400128	24422703	2106	0.021
21687ac4-cd2a-4b20-83c4-543826209a37	11	24424822	24428711	5	-0.9274
21687ac4-cd2a-4b20-83c4-543826209a37	11	24433630	47641587	15751	0.0131
21687ac4-cd2a-4b20-83c4-543826209a37	11	47641605	55168113	1428	-0.0439
21687ac4-cd2a-4b20-83c4-543826209a37	11	55171612	55588246	201	0.032
21687ac4-cd2a-4b20-83c4-543826209a37	11	55591984	55693312	70	-0.4404
21687ac4-cd2a-4b20-83c4-543826209a37	11	55695531	81792426	14571	0.0209
21687ac4-cd2a-4b20-83c4-543826209a37	11	81792950	81806116	10	-0.7622
21687ac4-cd2a-4b20-83c4-543826209a37	11	81811590	86178906	2866	0.0152
21687ac4-cd2a-4b20-83c4-543826209a37	11	86179277	86187779	15	-1.1834
21687ac4-cd2a-4b20-83c4-543826209a37	11	86188770	89802498	2401	0.0045
21687ac4-cd2a-4b20-83c4-543826209a37	11	89810584	89813759	2	-1.3784
21687ac4-cd2a-4b20-83c4-543826209a37	11	89814936	93201167	2300	0.0164
21687ac4-cd2a-4b20-83c4-543826209a37	11	93202996	93205318	3	-1.1487
21687ac4-cd2a-4b20-83c4-543826209a37	11	93208587	134358099	29550	0.0156
21687ac4-cd2a-4b20-83c4-543826209a37	11	134363857	134771579	357	0.1197
21687ac4-cd2a-4b20-83c4-543826209a37	11	134771662	135074876	226	0.0244
21687ac4-cd2a-4b20-83c4-543826209a37	12	51460	2126723	1266	0.0056
21687ac4-cd2a-4b20-83c4-543826209a37	12	2136696	2148390	38	-0.8192
21687ac4-cd2a-4b20-83c4-543826209a37	12	2148431	9477960	4872	0.0119
21687ac4-cd2a-4b20-83c4-543826209a37	12	9481274	9575696	24	1.0019
21687ac4-cd2a-4b20-83c4-543826209a37	12	9582373	10427861	632	0.0088
21687ac4-cd2a-4b20-83c4-543826209a37	12	10430768	10443207	5	-1.7342
21687ac4-cd2a-4b20-83c4-543826209a37	12	10446203	19397902	6023	0.0163
21687ac4-cd2a-4b20-83c4-543826209a37	12	19404420	19405234	2	-1.7299
21687ac4-cd2a-4b20-83c4-543826209a37	12	19406897	30082648	7648	0.0189
21687ac4-cd2a-4b20-83c4-543826209a37	12	30086334	30091000	26	-0.506
21687ac4-cd2a-4b20-83c4-543826209a37	12	30091017	31849362	1305	-0.0067
21687ac4-cd2a-4b20-83c4-543826209a37	12	31849479	31915081	60	0.5388
21687ac4-cd2a-4b20-83c4-543826209a37	12	31915216	45510655	6505	0.0107
21687ac4-cd2a-4b20-83c4-543826209a37	12	45512057	45515754	3	-1.3335
21687ac4-cd2a-4b20-83c4-543826209a37	12	45519509	58327400	7196	0.0252
21687ac4-cd2a-4b20-83c4-543826209a37	12	58327448	58336379	3	-1.5066
21687ac4-cd2a-4b20-83c4-543826209a37	12	58337065	64518211	3899	0.0165
21687ac4-cd2a-4b20-83c4-543826209a37	12	64524972	64527177	2	-1.312
21687ac4-cd2a-4b20-83c4-543826209a37	12	64527476	83769408	12513	0.0236
21687ac4-cd2a-4b20-83c4-543826209a37	12	83769511	83769569	2	-1.7255
21687ac4-cd2a-4b20-83c4-543826209a37	12	83771462	110388006	17391	0.0148
21687ac4-cd2a-4b20-83c4-543826209a37	12	110392756	110393949	2	-1.8429
21687ac4-cd2a-4b20-83c4-543826209a37	12	110397978	118212200	5442	0.0127
21687ac4-cd2a-4b20-83c4-543826209a37	12	118214077	118222125	4	-1.9718
21687ac4-cd2a-4b20-83c4-543826209a37	12	118228452	131613371	9405	0.0086
21687ac4-cd2a-4b20-83c4-543826209a37	12	131613387	131613508	2	2.2431
21687ac4-cd2a-4b20-83c4-543826209a37	12	131614448	131636170	17	0.0062
21687ac4-cd2a-4b20-83c4-543826209a37	12	131648039	131648790	13	-1.6123
21687ac4-cd2a-4b20-83c4-543826209a37	12	131657925	133201603	559	-0.0074
21687ac4-cd2a-4b20-83c4-543826209a37	13	18452809	37501767	13485	0.0054
21687ac4-cd2a-4b20-83c4-543826209a37	13	37501828	37514250	16	0.6803
21687ac4-cd2a-4b20-83c4-543826209a37	13	37514472	38478674	698	0.0118
21687ac4-cd2a-4b20-83c4-543826209a37	13	38483435	38483919	2	2.4209
21687ac4-cd2a-4b20-83c4-543826209a37	13	38490920	57176819	11824	0.0216
21687ac4-cd2a-4b20-83c4-543826209a37	13	57176962	57204246	35	-0.7174
21687ac4-cd2a-4b20-83c4-543826209a37	13	57215580	64765321	4476	0.0196
21687ac4-cd2a-4b20-83c4-543826209a37	13	64770475	64779363	9	-0.7847
21687ac4-cd2a-4b20-83c4-543826209a37	13	64782151	95283515	19959	0.018
21687ac4-cd2a-4b20-83c4-543826209a37	13	95284604	95380575	74	0.4393
21687ac4-cd2a-4b20-83c4-543826209a37	13	95383811	114342922	13582	0.0163
21687ac4-cd2a-4b20-83c4-543826209a37	14	18239283	22175815	1744	0.0048
21687ac4-cd2a-4b20-83c4-543826209a37	14	22177786	22497429	255	-0.1779
21687ac4-cd2a-4b20-83c4-543826209a37	14	22497433	88696199	42275	0.0112
21687ac4-cd2a-4b20-83c4-543826209a37	14	88696584	88983148	163	-0.1332
21687ac4-cd2a-4b20-83c4-543826209a37	14	88989108	105578033	10473	0.0142
21687ac4-cd2a-4b20-83c4-543826209a37	14	105588560	105728140	18	0.7178
21687ac4-cd2a-4b20-83c4-543826209a37	14	105728426	106340102	210	0.0214
21687ac4-cd2a-4b20-83c4-543826209a37	14	106340305	106346129	6	-1.0256
21687ac4-cd2a-4b20-83c4-543826209a37	14	106360014	106412640	29	-0.0107
21687ac4-cd2a-4b20-83c4-543826209a37	14	106416146	106475361	52	-0.6131
21687ac4-cd2a-4b20-83c4-543826209a37	14	106487515	106877229	193	-0.0077
21687ac4-cd2a-4b20-83c4-543826209a37	15	19811075	21975606	176	-0.114
21687ac4-cd2a-4b20-83c4-543826209a37	15	21997003	21999319	2	-2.2811
21687ac4-cd2a-4b20-83c4-543826209a37	15	22003073	30215220	4655	-0.0121
21687ac4-cd2a-4b20-83c4-543826209a37	15	30215235	30269364	8	-0.9179
21687ac4-cd2a-4b20-83c4-543826209a37	15	30281107	76577588	29075	0.0097
21687ac4-cd2a-4b20-83c4-543826209a37	15	76586021	76603433	22	0.7256
21687ac4-cd2a-4b20-83c4-543826209a37	15	76603434	101928837	17621	0.0057
21687ac4-cd2a-4b20-83c4-543826209a37	16	10777	5003160	2137	0.0477
21687ac4-cd2a-4b20-83c4-543826209a37	16	5003397	16269368	9616	-0.006
21687ac4-cd2a-4b20-83c4-543826209a37	16	16419234	16541191	14	-0.6164
21687ac4-cd2a-4b20-83c4-543826209a37	16	16541758	21340717	2614	0.0066
21687ac4-cd2a-4b20-83c4-543826209a37	16	21348993	21607427	40	-0.4389
21687ac4-cd2a-4b20-83c4-543826209a37	16	21608949	22566269	356	-0.0492
21687ac4-cd2a-4b20-83c4-543826209a37	16	22566282	22699421	67	-0.5682
21687ac4-cd2a-4b20-83c4-543826209a37	16	22701658	22762300	57	0.0263
21687ac4-cd2a-4b20-83c4-543826209a37	16	22762685	22762865	2	0.9893
21687ac4-cd2a-4b20-83c4-543826209a37	16	22763115	23922526	730	0.0126
21687ac4-cd2a-4b20-83c4-543826209a37	16	23923570	23930936	6	-1.4346
21687ac4-cd2a-4b20-83c4-543826209a37	16	23932616	29261283	3412	0.0081
21687ac4-cd2a-4b20-83c4-543826209a37	16	29265473	29269734	5	-1.4643
21687ac4-cd2a-4b20-83c4-543826209a37	16	29270444	35236927	1113	-0.0091
21687ac4-cd2a-4b20-83c4-543826209a37	16	35237093	35526596	166	0.5022
21687ac4-cd2a-4b20-83c4-543826209a37	16	35530722	55762477	6597	0.0021
21687ac4-cd2a-4b20-83c4-543826209a37	16	55762598	55788485	20	-0.6641
21687ac4-cd2a-4b20-83c4-543826209a37	16	55788532	70117657	8756	0.0124
21687ac4-cd2a-4b20-83c4-543826209a37	16	70118419	70164453	13	0.5377
21687ac4-cd2a-4b20-83c4-543826209a37	16	70164493	74371293	2303	0.003
21687ac4-cd2a-4b20-83c4-543826209a37	16	74373114	74422703	5	1.0444
21687ac4-cd2a-4b20-83c4-543826209a37	16	74431498	75191124	464	-0.0289
21687ac4-cd2a-4b20-83c4-543826209a37	16	75194071	75194085	2	1.4286
21687ac4-cd2a-4b20-83c4-543826209a37	16	75195731	78337711	2740	-0.0055
21687ac4-cd2a-4b20-83c4-543826209a37	16	78338543	78350868	16	-2.2273
21687ac4-cd2a-4b20-83c4-543826209a37	16	78351104	84212171	6499	0.0076
21687ac4-cd2a-4b20-83c4-543826209a37	16	84213340	84214498	2	-1.7118
21687ac4-cd2a-4b20-83c4-543826209a37	16	84214528	90096867	4118	0.0283
21687ac4-cd2a-4b20-83c4-543826209a37	17	150733	8339592	4537	0.0391
21687ac4-cd2a-4b20-83c4-543826209a37	17	8344229	8344415	2	-2.7835
21687ac4-cd2a-4b20-83c4-543826209a37	17	8346140	18458372	6861	0.0007
21687ac4-cd2a-4b20-83c4-543826209a37	17	18461528	18565883	24	0.4757
21687ac4-cd2a-4b20-83c4-543826209a37	17	18571332	22318467	1310	0.0064
21687ac4-cd2a-4b20-83c4-543826209a37	17	22319095	22331517	8	-0.7533
21687ac4-cd2a-4b20-83c4-543826209a37	17	22334045	28452035	933	-0.0067
21687ac4-cd2a-4b20-83c4-543826209a37	17	28454323	28455301	2	-1.8335
21687ac4-cd2a-4b20-83c4-543826209a37	17	28462253	36109139	4579	0.0228
21687ac4-cd2a-4b20-83c4-543826209a37	17	36109315	36150004	33	0.5656
21687ac4-cd2a-4b20-83c4-543826209a37	17	36150098	36481789	30	-0.0676
21687ac4-cd2a-4b20-83c4-543826209a37	17	36482530	36482688	4	0.7505
21687ac4-cd2a-4b20-83c4-543826209a37	17	36486677	36510019	36	-0.1651
21687ac4-cd2a-4b20-83c4-543826209a37	17	36511816	36521030	4	1.0223
21687ac4-cd2a-4b20-83c4-543826209a37	17	36521650	41265456	2456	0.0118
21687ac4-cd2a-4b20-83c4-543826209a37	17	41266762	41274279	24	-0.586
21687ac4-cd2a-4b20-83c4-543826209a37	17	41276472	45508731	2151	0.0337
21687ac4-cd2a-4b20-83c4-543826209a37	17	45509043	45598106	14	-0.5583
21687ac4-cd2a-4b20-83c4-543826209a37	17	45610956	46142189	375	0.0304
21687ac4-cd2a-4b20-83c4-543826209a37	17	46144772	46274320	75	-0.5941
21687ac4-cd2a-4b20-83c4-543826209a37	17	46274335	51462832	2504	0.0262
21687ac4-cd2a-4b20-83c4-543826209a37	17	51464816	51464858	2	-2.0841
21687ac4-cd2a-4b20-83c4-543826209a37	17	51465357	57610128	4511	0.0011
21687ac4-cd2a-4b20-83c4-543826209a37	17	57610972	57611632	2	-2.1054
21687ac4-cd2a-4b20-83c4-543826209a37	17	57614632	78285287	12241	0.0193
21687ac4-cd2a-4b20-83c4-543826209a37	17	78286051	78286887	2	-2.4815
21687ac4-cd2a-4b20-83c4-543826209a37	17	78290662	83091923	2321	0.0595
21687ac4-cd2a-4b20-83c4-543826209a37	18	48133	80257174	50753	0.0108
21687ac4-cd2a-4b20-83c4-543826209a37	19	90910	5506648	1593	0.0179
21687ac4-cd2a-4b20-83c4-543826209a37	19	5510228	5510642	3	-2.1504
21687ac4-cd2a-4b20-83c4-543826209a37	19	5510689	19903178	7013	0.0302
21687ac4-cd2a-4b20-83c4-543826209a37	19	19903592	30020645	4425	-0.0247
21687ac4-cd2a-4b20-83c4-543826209a37	19	30028110	35358319	3676	0.0189
21687ac4-cd2a-4b20-83c4-543826209a37	19	35358407	35370877	22	-0.4993
21687ac4-cd2a-4b20-83c4-543826209a37	19	35370946	58586487	12380	0.0211
21687ac4-cd2a-4b20-83c4-543826209a37	20	80664	1601446	1239	0.0324
21687ac4-cd2a-4b20-83c4-543826209a37	20	1601561	1613247	6	-1.5163
21687ac4-cd2a-4b20-83c4-543826209a37	20	1617300	3846662	1577	0.0229
21687ac4-cd2a-4b20-83c4-543826209a37	20	3849020	3865750	10	0.732
21687ac4-cd2a-4b20-83c4-543826209a37	20	3866304	50165997	29188	0.0102
21687ac4-cd2a-4b20-83c4-543826209a37	20	50175182	50176256	2	-1.8145
21687ac4-cd2a-4b20-83c4-543826209a37	20	50178380	53304354	2331	0.0153
21687ac4-cd2a-4b20-83c4-543826209a37	20	53305532	53305587	2	-1.2734
21687ac4-cd2a-4b20-83c4-543826209a37	20	53306099	54028329	542	-0.0169
21687ac4-cd2a-4b20-83c4-543826209a37	20	54031269	54042112	37	-0.751
21687ac4-cd2a-4b20-83c4-543826209a37	20	54046035	60533799	5259	0.0023
21687ac4-cd2a-4b20-83c4-543826209a37	20	60535987	60547635	8	-1.1233
21687ac4-cd2a-4b20-83c4-543826209a37	20	60553323	64324800	2189	0.0259
21687ac4-cd2a-4b20-83c4-543826209a37	21	10354168	46677045	23869	0.0184
21687ac4-cd2a-4b20-83c4-543826209a37	22	15294547	23832116	4293	0.0302
21687ac4-cd2a-4b20-83c4-543826209a37	22	23832148	23832914	4	1.2619
21687ac4-cd2a-4b20-83c4-543826209a37	22	23832983	39214434	11057	0.012
21687ac4-cd2a-4b20-83c4-543826209a37	22	39214642	39233091	10	0.6149
21687ac4-cd2a-4b20-83c4-543826209a37	22	39255961	49068709	6865	0.0279
21687ac4-cd2a-4b20-83c4-543826209a37	22	49071673	49087169	20	0.4564
21687ac4-cd2a-4b20-83c4-543826209a37	22	49090879	50796027	1025	0.0382
21687ac4-cd2a-4b20-83c4-543826209a37	X	251810	48001197	28981	0.02
21687ac4-cd2a-4b20-83c4-543826209a37	X	48020763	48141867	78	-1.129
21687ac4-cd2a-4b20-83c4-543826209a37	X	48144497	62984804	4432	-0.007
21687ac4-cd2a-4b20-83c4-543826209a37	X	62987549	63064369	30	0.4803
21687ac4-cd2a-4b20-83c4-543826209a37	X	63070180	140253502	40576	0.0136
21687ac4-cd2a-4b20-83c4-543826209a37	X	140253651	140253982	2	-1.8713
21687ac4-cd2a-4b20-83c4-543826209a37	X	140256709	155952689	9555	0.0237
21687ac4-cd2a-4b20-83c4-543826209a37	Y	2782397	56872112	6631	-2.2187
