GDC_Aliquot	Chromosome	Start	End	Num_Probes	Segment_Mean
46a7cafa-1b8e-43e1-b196-3f71baf07c18	1	62920	2536626	488	0.1443
46a7cafa-1b8e-43e1-b196-3f71baf07c18	1	2536961	15822793	7847	0.0241
46a7cafa-1b8e-43e1-b196-3f71baf07c18	1	15822848	15828471	11	0.6791
46a7cafa-1b8e-43e1-b196-3f71baf07c18	1	15828515	16518437	297	0.0126
46a7cafa-1b8e-43e1-b196-3f71baf07c18	1	16525019	16934753	107	-0.4498
46a7cafa-1b8e-43e1-b196-3f71baf07c18	1	16934768	25292440	5284	0.0104
46a7cafa-1b8e-43e1-b196-3f71baf07c18	1	25292549	25320455	8	1.2327
46a7cafa-1b8e-43e1-b196-3f71baf07c18	1	25336819	30689681	2746	0.0188
46a7cafa-1b8e-43e1-b196-3f71baf07c18	1	30690609	30789158	66	0.2879
46a7cafa-1b8e-43e1-b196-3f71baf07c18	1	30789990	34625857	2132	0.0037
46a7cafa-1b8e-43e1-b196-3f71baf07c18	1	34625993	34638795	21	0.4369
46a7cafa-1b8e-43e1-b196-3f71baf07c18	1	34638878	54769610	11151	0.0204
46a7cafa-1b8e-43e1-b196-3f71baf07c18	1	54769918	54796493	12	0.6889
46a7cafa-1b8e-43e1-b196-3f71baf07c18	1	54798400	72303233	12604	0.0133
46a7cafa-1b8e-43e1-b196-3f71baf07c18	1	72303253	72345465	45	-1.0909
46a7cafa-1b8e-43e1-b196-3f71baf07c18	1	72346221	109679105	23596	0.0103
46a7cafa-1b8e-43e1-b196-3f71baf07c18	1	109684695	109697556	15	0.9247
46a7cafa-1b8e-43e1-b196-3f71baf07c18	1	109702376	112147704	1948	0.0085
46a7cafa-1b8e-43e1-b196-3f71baf07c18	1	112153343	112154591	22	0.598
46a7cafa-1b8e-43e1-b196-3f71baf07c18	1	112154619	151375049	6869	0.0249
46a7cafa-1b8e-43e1-b196-3f71baf07c18	1	151375224	151375579	3	1.56
46a7cafa-1b8e-43e1-b196-3f71baf07c18	1	151375984	152583319	735	0.0036
46a7cafa-1b8e-43e1-b196-3f71baf07c18	1	152583408	152618018	33	-1.2121
46a7cafa-1b8e-43e1-b196-3f71baf07c18	1	152618089	189679027	24924	0.0135
46a7cafa-1b8e-43e1-b196-3f71baf07c18	1	189679353	189679397	2	-2.9699
46a7cafa-1b8e-43e1-b196-3f71baf07c18	1	189682917	196745743	4734	0.0045
46a7cafa-1b8e-43e1-b196-3f71baf07c18	1	196758720	196832720	58	-0.6501
46a7cafa-1b8e-43e1-b196-3f71baf07c18	1	196843377	199138574	1378	0.0142
46a7cafa-1b8e-43e1-b196-3f71baf07c18	1	199142235	199143396	7	-0.9394
46a7cafa-1b8e-43e1-b196-3f71baf07c18	1	199143883	205100276	4124	0.0057
46a7cafa-1b8e-43e1-b196-3f71baf07c18	1	205100299	205101394	2	-1.5522
46a7cafa-1b8e-43e1-b196-3f71baf07c18	1	205101445	223463628	12609	0.0164
46a7cafa-1b8e-43e1-b196-3f71baf07c18	1	223463690	223471914	25	0.3901
46a7cafa-1b8e-43e1-b196-3f71baf07c18	1	223472019	231566350	5062	0.0136
46a7cafa-1b8e-43e1-b196-3f71baf07c18	1	231566763	231671142	54	0.5033
46a7cafa-1b8e-43e1-b196-3f71baf07c18	1	231672536	242884254	8754	0.0178
46a7cafa-1b8e-43e1-b196-3f71baf07c18	1	242885438	242892244	7	0.8688
46a7cafa-1b8e-43e1-b196-3f71baf07c18	1	242892517	247599897	3055	0.0217
46a7cafa-1b8e-43e1-b196-3f71baf07c18	1	247600147	247637075	23	0.5057
46a7cafa-1b8e-43e1-b196-3f71baf07c18	1	247642766	248930189	714	0.021
46a7cafa-1b8e-43e1-b196-3f71baf07c18	2	12784	4168862	2989	0.0404
46a7cafa-1b8e-43e1-b196-3f71baf07c18	2	4168879	4176429	37	-0.7647
46a7cafa-1b8e-43e1-b196-3f71baf07c18	2	4182472	97192190	57967	0.0133
46a7cafa-1b8e-43e1-b196-3f71baf07c18	2	97199600	97211069	12	-0.9413
46a7cafa-1b8e-43e1-b196-3f71baf07c18	2	97211264	146107615	29421	0.0111
46a7cafa-1b8e-43e1-b196-3f71baf07c18	2	146107675	146109366	16	-1.9052
46a7cafa-1b8e-43e1-b196-3f71baf07c18	2	146120238	167159084	12530	0.0107
46a7cafa-1b8e-43e1-b196-3f71baf07c18	2	167159442	167160279	2	-1.6331
46a7cafa-1b8e-43e1-b196-3f71baf07c18	2	167165864	190195543	14279	0.0045
46a7cafa-1b8e-43e1-b196-3f71baf07c18	2	190197102	190197305	2	-3.0952
46a7cafa-1b8e-43e1-b196-3f71baf07c18	2	190197343	194882267	2604	0.0023
46a7cafa-1b8e-43e1-b196-3f71baf07c18	2	194882655	194884662	2	-1.6605
46a7cafa-1b8e-43e1-b196-3f71baf07c18	2	194885840	195002375	71	0.0792
46a7cafa-1b8e-43e1-b196-3f71baf07c18	2	195006791	195397606	247	-0.1151
46a7cafa-1b8e-43e1-b196-3f71baf07c18	2	195398860	202704564	4196	0.0127
46a7cafa-1b8e-43e1-b196-3f71baf07c18	2	202705554	202777036	36	-0.3639
46a7cafa-1b8e-43e1-b196-3f71baf07c18	2	202779596	212325966	6064	0.0123
46a7cafa-1b8e-43e1-b196-3f71baf07c18	2	212326024	212326043	2	1.4998
46a7cafa-1b8e-43e1-b196-3f71baf07c18	2	212326353	212520793	143	-0.0024
46a7cafa-1b8e-43e1-b196-3f71baf07c18	2	212520898	212521351	2	-1.9055
46a7cafa-1b8e-43e1-b196-3f71baf07c18	2	212522839	238936254	17131	0.0147
46a7cafa-1b8e-43e1-b196-3f71baf07c18	2	238936299	238948143	12	0.6591
46a7cafa-1b8e-43e1-b196-3f71baf07c18	2	238948201	239013110	34	-0.0351
46a7cafa-1b8e-43e1-b196-3f71baf07c18	2	239013618	239090914	44	0.3449
46a7cafa-1b8e-43e1-b196-3f71baf07c18	2	239093767	242147305	1662	0.0097
46a7cafa-1b8e-43e1-b196-3f71baf07c18	3	20930	1697655	1493	-0.0755
46a7cafa-1b8e-43e1-b196-3f71baf07c18	3	1698385	10201919	7152	0.0125
46a7cafa-1b8e-43e1-b196-3f71baf07c18	3	10201943	10203514	7	-0.9382
46a7cafa-1b8e-43e1-b196-3f71baf07c18	3	10210222	28753705	12773	0.0067
46a7cafa-1b8e-43e1-b196-3f71baf07c18	3	28754152	28803687	44	-1.0101
46a7cafa-1b8e-43e1-b196-3f71baf07c18	3	28807547	30303498	1160	0.0047
46a7cafa-1b8e-43e1-b196-3f71baf07c18	3	30305329	30305713	2	-1.7007
46a7cafa-1b8e-43e1-b196-3f71baf07c18	3	30305863	47437019	10853	0.0147
46a7cafa-1b8e-43e1-b196-3f71baf07c18	3	47450332	47451230	2	-2.1856
46a7cafa-1b8e-43e1-b196-3f71baf07c18	3	47455724	60304285	7503	0.0067
46a7cafa-1b8e-43e1-b196-3f71baf07c18	3	60306327	60381012	71	-0.2793
46a7cafa-1b8e-43e1-b196-3f71baf07c18	3	60381559	68697013	6718	0.0094
46a7cafa-1b8e-43e1-b196-3f71baf07c18	3	68697108	68699635	16	-0.8375
46a7cafa-1b8e-43e1-b196-3f71baf07c18	3	68699794	75416934	4887	0.0141
46a7cafa-1b8e-43e1-b196-3f71baf07c18	3	75417000	75420058	2	1.7185
46a7cafa-1b8e-43e1-b196-3f71baf07c18	3	75420342	75523398	35	0.1659
46a7cafa-1b8e-43e1-b196-3f71baf07c18	3	75527410	75537654	4	-1.3531
46a7cafa-1b8e-43e1-b196-3f71baf07c18	3	75546030	137314218	34245	0.0063
46a7cafa-1b8e-43e1-b196-3f71baf07c18	3	137314418	137314421	3	1.5579
46a7cafa-1b8e-43e1-b196-3f71baf07c18	3	137314580	175369828	23495	-0.0005
46a7cafa-1b8e-43e1-b196-3f71baf07c18	3	175369906	175950525	368	-0.1637
46a7cafa-1b8e-43e1-b196-3f71baf07c18	3	175951068	176165961	120	-0.005
46a7cafa-1b8e-43e1-b196-3f71baf07c18	3	176170271	176196691	34	-0.9003
46a7cafa-1b8e-43e1-b196-3f71baf07c18	3	176198433	192878608	10768	0.0123
46a7cafa-1b8e-43e1-b196-3f71baf07c18	3	192884824	192890762	19	0.5461
46a7cafa-1b8e-43e1-b196-3f71baf07c18	3	192890809	193162684	196	-0.0486
46a7cafa-1b8e-43e1-b196-3f71baf07c18	3	193162798	193165114	12	-1.1896
46a7cafa-1b8e-43e1-b196-3f71baf07c18	3	193168646	194920587	1159	0.004
46a7cafa-1b8e-43e1-b196-3f71baf07c18	3	194920617	194921116	4	-1.6102
46a7cafa-1b8e-43e1-b196-3f71baf07c18	3	194921751	198169247	1528	0.012
46a7cafa-1b8e-43e1-b196-3f71baf07c18	4	68929	10208670	5696	0.0167
46a7cafa-1b8e-43e1-b196-3f71baf07c18	4	10208766	10232984	33	1.2826
46a7cafa-1b8e-43e1-b196-3f71baf07c18	4	10233383	10389091	175	-0.0263
46a7cafa-1b8e-43e1-b196-3f71baf07c18	4	10390730	10399044	16	-1.7425
46a7cafa-1b8e-43e1-b196-3f71baf07c18	4	10401094	34763542	16774	0.0092
46a7cafa-1b8e-43e1-b196-3f71baf07c18	4	34763561	34833940	59	-0.3213
46a7cafa-1b8e-43e1-b196-3f71baf07c18	4	34837370	41455596	4398	0.0185
46a7cafa-1b8e-43e1-b196-3f71baf07c18	4	41455718	41460692	6	-0.983
46a7cafa-1b8e-43e1-b196-3f71baf07c18	4	41461286	42873339	916	0.0251
46a7cafa-1b8e-43e1-b196-3f71baf07c18	4	42874003	43311230	326	-0.1133
46a7cafa-1b8e-43e1-b196-3f71baf07c18	4	43311809	49086623	3302	0.0001
46a7cafa-1b8e-43e1-b196-3f71baf07c18	4	49087342	49152752	10	-0.6985
46a7cafa-1b8e-43e1-b196-3f71baf07c18	4	49159741	54631719	1846	0.0226
46a7cafa-1b8e-43e1-b196-3f71baf07c18	4	54635559	54639193	4	1.1327
46a7cafa-1b8e-43e1-b196-3f71baf07c18	4	54639766	57183027	1708	0.0365
46a7cafa-1b8e-43e1-b196-3f71baf07c18	4	57185482	57233575	37	0.5318
46a7cafa-1b8e-43e1-b196-3f71baf07c18	4	57233875	68395346	6879	-0.0022
46a7cafa-1b8e-43e1-b196-3f71baf07c18	4	68416487	68455239	9	-1.1279
46a7cafa-1b8e-43e1-b196-3f71baf07c18	4	68461345	69261926	388	-0.0884
46a7cafa-1b8e-43e1-b196-3f71baf07c18	4	69261934	69272329	11	-0.9158
46a7cafa-1b8e-43e1-b196-3f71baf07c18	4	69277656	69366081	42	-1.955
46a7cafa-1b8e-43e1-b196-3f71baf07c18	4	69366304	172068257	62412	0.0033
46a7cafa-1b8e-43e1-b196-3f71baf07c18	4	172068280	172068354	4	-1.8325
46a7cafa-1b8e-43e1-b196-3f71baf07c18	4	172068368	190106768	12077	0.0047
46a7cafa-1b8e-43e1-b196-3f71baf07c18	5	15532	685633	306	0.0317
46a7cafa-1b8e-43e1-b196-3f71baf07c18	5	698256	773453	27	-2.3196
46a7cafa-1b8e-43e1-b196-3f71baf07c18	5	779766	12837866	9873	0.0185
46a7cafa-1b8e-43e1-b196-3f71baf07c18	5	12838421	12941842	26	-0.6217
46a7cafa-1b8e-43e1-b196-3f71baf07c18	5	12946720	15719113	1947	-0.0005
46a7cafa-1b8e-43e1-b196-3f71baf07c18	5	15719241	15720488	10	-1.0599
46a7cafa-1b8e-43e1-b196-3f71baf07c18	5	15723237	16124136	241	-0.0468
46a7cafa-1b8e-43e1-b196-3f71baf07c18	5	16125019	16125067	2	-1.5589
46a7cafa-1b8e-43e1-b196-3f71baf07c18	5	16125105	18859016	1762	0.0213
46a7cafa-1b8e-43e1-b196-3f71baf07c18	5	18863432	18969079	60	-0.3094
46a7cafa-1b8e-43e1-b196-3f71baf07c18	5	18976881	28678407	5649	-0.0036
46a7cafa-1b8e-43e1-b196-3f71baf07c18	5	28678806	28686994	8	-0.9168
46a7cafa-1b8e-43e1-b196-3f71baf07c18	5	28689260	29017353	188	-0.0236
46a7cafa-1b8e-43e1-b196-3f71baf07c18	5	29018092	29018762	3	-1.1639
46a7cafa-1b8e-43e1-b196-3f71baf07c18	5	29019297	29077992	70	-0.0158
46a7cafa-1b8e-43e1-b196-3f71baf07c18	5	29078527	29082473	2	-1.7705
46a7cafa-1b8e-43e1-b196-3f71baf07c18	5	29082547	41601594	8409	0.0142
46a7cafa-1b8e-43e1-b196-3f71baf07c18	5	41601994	41602016	2	-3.3015
46a7cafa-1b8e-43e1-b196-3f71baf07c18	5	41603772	58025759	7165	0.0011
46a7cafa-1b8e-43e1-b196-3f71baf07c18	5	58025819	58037706	33	1.5262
46a7cafa-1b8e-43e1-b196-3f71baf07c18	5	58042530	63551146	3591	0.0064
46a7cafa-1b8e-43e1-b196-3f71baf07c18	5	63551346	63552871	2	-1.6984
46a7cafa-1b8e-43e1-b196-3f71baf07c18	5	63556088	63887110	201	-0.128
46a7cafa-1b8e-43e1-b196-3f71baf07c18	5	63889871	69533520	3498	0.0105
46a7cafa-1b8e-43e1-b196-3f71baf07c18	5	69550476	71095426	26	0.5541
46a7cafa-1b8e-43e1-b196-3f71baf07c18	5	71358245	76557701	3476	0.0114
46a7cafa-1b8e-43e1-b196-3f71baf07c18	5	76559672	76572493	10	-0.6159
46a7cafa-1b8e-43e1-b196-3f71baf07c18	5	76574891	80097771	2212	0.018
46a7cafa-1b8e-43e1-b196-3f71baf07c18	5	80099902	80100920	2	-2.3774
46a7cafa-1b8e-43e1-b196-3f71baf07c18	5	80102164	97714908	9892	0.0078
46a7cafa-1b8e-43e1-b196-3f71baf07c18	5	97714989	97832865	73	-0.2363
46a7cafa-1b8e-43e1-b196-3f71baf07c18	5	97834697	99595429	973	0.0018
46a7cafa-1b8e-43e1-b196-3f71baf07c18	5	99595447	100733747	669	-0.0928
46a7cafa-1b8e-43e1-b196-3f71baf07c18	5	100737382	121073464	13554	0.0078
46a7cafa-1b8e-43e1-b196-3f71baf07c18	5	121081471	121130749	24	-0.5392
46a7cafa-1b8e-43e1-b196-3f71baf07c18	5	121131358	125771598	3089	0.003
46a7cafa-1b8e-43e1-b196-3f71baf07c18	5	125771611	125782825	13	-0.5393
46a7cafa-1b8e-43e1-b196-3f71baf07c18	5	125782894	140838209	8732	0.016
46a7cafa-1b8e-43e1-b196-3f71baf07c18	5	140838745	140874202	17	-0.5244
46a7cafa-1b8e-43e1-b196-3f71baf07c18	5	140874401	150797535	6559	0.0036
46a7cafa-1b8e-43e1-b196-3f71baf07c18	5	150798146	150837869	17	-0.735
46a7cafa-1b8e-43e1-b196-3f71baf07c18	5	150839042	152134539	963	0.019
46a7cafa-1b8e-43e1-b196-3f71baf07c18	5	152134610	152138790	15	-0.5687
46a7cafa-1b8e-43e1-b196-3f71baf07c18	5	152140710	177771448	17473	0.019
46a7cafa-1b8e-43e1-b196-3f71baf07c18	5	177800550	177805604	3	1.905
46a7cafa-1b8e-43e1-b196-3f71baf07c18	5	177827964	181363319	1985	0.0329
46a7cafa-1b8e-43e1-b196-3f71baf07c18	6	149661	29903859	21674	0.0143
46a7cafa-1b8e-43e1-b196-3f71baf07c18	6	29906865	29947974	20	0.5646
46a7cafa-1b8e-43e1-b196-3f71baf07c18	6	29948591	31370073	672	0.0628
46a7cafa-1b8e-43e1-b196-3f71baf07c18	6	31370095	31373030	7	-1.0585
46a7cafa-1b8e-43e1-b196-3f71baf07c18	6	31375827	72153222	23524	0.0054
46a7cafa-1b8e-43e1-b196-3f71baf07c18	6	72156821	72157169	2	-2.3293
46a7cafa-1b8e-43e1-b196-3f71baf07c18	6	72158860	73885018	1094	0.0175
46a7cafa-1b8e-43e1-b196-3f71baf07c18	6	73885038	73891694	4	-1.2571
46a7cafa-1b8e-43e1-b196-3f71baf07c18	6	73893839	74197873	185	-0.0049
46a7cafa-1b8e-43e1-b196-3f71baf07c18	6	74198086	74200463	3	-1.4501
46a7cafa-1b8e-43e1-b196-3f71baf07c18	6	74201255	76726815	1581	-0.0025
46a7cafa-1b8e-43e1-b196-3f71baf07c18	6	76730151	76742665	15	-3.2419
46a7cafa-1b8e-43e1-b196-3f71baf07c18	6	76742675	76742956	4	-1.0028
46a7cafa-1b8e-43e1-b196-3f71baf07c18	6	76742972	78261995	982	0.0062
46a7cafa-1b8e-43e1-b196-3f71baf07c18	6	78262064	78316784	93	-0.5489
46a7cafa-1b8e-43e1-b196-3f71baf07c18	6	78316871	167031346	57494	0.0053
46a7cafa-1b8e-43e1-b196-3f71baf07c18	6	167031651	168335678	629	0.1078
46a7cafa-1b8e-43e1-b196-3f71baf07c18	6	168336513	170741917	1582	0.0252
46a7cafa-1b8e-43e1-b196-3f71baf07c18	7	43355	13547787	8847	0.0018
46a7cafa-1b8e-43e1-b196-3f71baf07c18	7	13550519	13551285	6	-1.4502
46a7cafa-1b8e-43e1-b196-3f71baf07c18	7	13551572	17160161	2985	0
46a7cafa-1b8e-43e1-b196-3f71baf07c18	7	17160396	17423247	151	-0.1858
46a7cafa-1b8e-43e1-b196-3f71baf07c18	7	17424803	29628975	9442	0.0086
46a7cafa-1b8e-43e1-b196-3f71baf07c18	7	29631102	29651845	14	0.6446
46a7cafa-1b8e-43e1-b196-3f71baf07c18	7	29654002	49198672	13216	0.0154
46a7cafa-1b8e-43e1-b196-3f71baf07c18	7	49199013	49199321	2	-1.6357
46a7cafa-1b8e-43e1-b196-3f71baf07c18	7	49199410	53418474	3168	0.0172
46a7cafa-1b8e-43e1-b196-3f71baf07c18	7	53420257	53508397	49	-0.2774
46a7cafa-1b8e-43e1-b196-3f71baf07c18	7	53508413	54238273	525	0.0217
46a7cafa-1b8e-43e1-b196-3f71baf07c18	7	54238511	54239032	3	-1.1343
46a7cafa-1b8e-43e1-b196-3f71baf07c18	7	54242033	54305455	57	0.0133
46a7cafa-1b8e-43e1-b196-3f71baf07c18	7	54318812	54318824	6	-1.6514
46a7cafa-1b8e-43e1-b196-3f71baf07c18	7	54325795	70954832	6121	0.0186
46a7cafa-1b8e-43e1-b196-3f71baf07c18	7	70955452	70961155	3	-1.8464
46a7cafa-1b8e-43e1-b196-3f71baf07c18	7	70963257	88485909	9720	0.0046
46a7cafa-1b8e-43e1-b196-3f71baf07c18	7	88488811	90209572	1150	-0.1019
46a7cafa-1b8e-43e1-b196-3f71baf07c18	7	90214246	97766159	4828	0.0171
46a7cafa-1b8e-43e1-b196-3f71baf07c18	7	97766194	97775030	14	0.5151
46a7cafa-1b8e-43e1-b196-3f71baf07c18	7	97775201	98846135	517	0.0173
46a7cafa-1b8e-43e1-b196-3f71baf07c18	7	98846278	98868398	5	0.8747
46a7cafa-1b8e-43e1-b196-3f71baf07c18	7	98877151	101409205	1020	0.004
46a7cafa-1b8e-43e1-b196-3f71baf07c18	7	101416451	101416668	2	-1.8218
46a7cafa-1b8e-43e1-b196-3f71baf07c18	7	101419630	109797042	5058	0.0079
46a7cafa-1b8e-43e1-b196-3f71baf07c18	7	109797043	109801903	23	0.548
46a7cafa-1b8e-43e1-b196-3f71baf07c18	7	109813656	142083169	19987	0.0034
46a7cafa-1b8e-43e1-b196-3f71baf07c18	7	142084696	142090279	14	0.6953
46a7cafa-1b8e-43e1-b196-3f71baf07c18	7	142090383	144207186	1207	0.0226
46a7cafa-1b8e-43e1-b196-3f71baf07c18	7	144249785	144352208	14	-0.7947
46a7cafa-1b8e-43e1-b196-3f71baf07c18	7	144377836	145066130	457	0.0119
46a7cafa-1b8e-43e1-b196-3f71baf07c18	7	145066449	145073872	4	-1.0371
46a7cafa-1b8e-43e1-b196-3f71baf07c18	7	145083337	146304264	709	-0.0205
46a7cafa-1b8e-43e1-b196-3f71baf07c18	7	146309211	146310714	3	-1.977
46a7cafa-1b8e-43e1-b196-3f71baf07c18	7	146313130	154598185	5237	0.0109
46a7cafa-1b8e-43e1-b196-3f71baf07c18	7	154601461	154607903	4	-1.4167
46a7cafa-1b8e-43e1-b196-3f71baf07c18	7	154609120	155671335	915	0.0307
46a7cafa-1b8e-43e1-b196-3f71baf07c18	7	155673169	155676942	3	1.4064
46a7cafa-1b8e-43e1-b196-3f71baf07c18	7	155683042	158321460	1675	0.0254
46a7cafa-1b8e-43e1-b196-3f71baf07c18	7	158322732	158323170	2	2.275
46a7cafa-1b8e-43e1-b196-3f71baf07c18	7	158323699	159334314	639	-0.0153
46a7cafa-1b8e-43e1-b196-3f71baf07c18	8	81254	1414637	884	0.057
46a7cafa-1b8e-43e1-b196-3f71baf07c18	8	1414680	1414696	2	-1.9266
46a7cafa-1b8e-43e1-b196-3f71baf07c18	8	1415048	4048687	2673	0.0158
46a7cafa-1b8e-43e1-b196-3f71baf07c18	8	4050285	4050928	5	-1.5926
46a7cafa-1b8e-43e1-b196-3f71baf07c18	8	4052574	39373140	26949	0.0102
46a7cafa-1b8e-43e1-b196-3f71baf07c18	8	39378084	39529446	58	-1.638
46a7cafa-1b8e-43e1-b196-3f71baf07c18	8	39530780	39973181	268	0.0013
46a7cafa-1b8e-43e1-b196-3f71baf07c18	8	39973438	39974128	3	-1.2166
46a7cafa-1b8e-43e1-b196-3f71baf07c18	8	39977300	40326280	320	-0.0059
46a7cafa-1b8e-43e1-b196-3f71baf07c18	8	40326286	40331992	32	-0.8999
46a7cafa-1b8e-43e1-b196-3f71baf07c18	8	40335391	114622678	43205	0.0092
46a7cafa-1b8e-43e1-b196-3f71baf07c18	8	114622851	114623472	7	-1.1433
46a7cafa-1b8e-43e1-b196-3f71baf07c18	8	114626121	141404226	19533	0.0098
46a7cafa-1b8e-43e1-b196-3f71baf07c18	8	141405338	141532463	67	0.2894
46a7cafa-1b8e-43e1-b196-3f71baf07c18	8	141533381	141534757	2	-1.7774
46a7cafa-1b8e-43e1-b196-3f71baf07c18	8	141538947	142425828	535	0.1446
46a7cafa-1b8e-43e1-b196-3f71baf07c18	8	142425867	145072769	942	0.0282
46a7cafa-1b8e-43e1-b196-3f71baf07c18	9	46587	42308537	31315	0.0091
46a7cafa-1b8e-43e1-b196-3f71baf07c18	9	42501791	42546668	3	-1.7179
46a7cafa-1b8e-43e1-b196-3f71baf07c18	9	42566207	63556250	121	0.1419
46a7cafa-1b8e-43e1-b196-3f71baf07c18	9	63560014	63590319	6	-0.8891
46a7cafa-1b8e-43e1-b196-3f71baf07c18	9	63590322	69485653	1060	0.0157
46a7cafa-1b8e-43e1-b196-3f71baf07c18	9	69490697	69490699	3	1.2668
46a7cafa-1b8e-43e1-b196-3f71baf07c18	9	69490703	87394573	12786	0.0118
46a7cafa-1b8e-43e1-b196-3f71baf07c18	9	87395079	87404718	14	0.6362
46a7cafa-1b8e-43e1-b196-3f71baf07c18	9	87406858	103804216	11073	0.0179
46a7cafa-1b8e-43e1-b196-3f71baf07c18	9	103806415	103807009	2	-4.9395
46a7cafa-1b8e-43e1-b196-3f71baf07c18	9	103808421	135330631	22014	0.0143
46a7cafa-1b8e-43e1-b196-3f71baf07c18	9	135330996	135335019	5	1.5829
46a7cafa-1b8e-43e1-b196-3f71baf07c18	9	135335157	138200944	1087	0.0393
46a7cafa-1b8e-43e1-b196-3f71baf07c18	10	45792	2455443	1855	0.0234
46a7cafa-1b8e-43e1-b196-3f71baf07c18	10	2455580	2456151	2	-2.5718
46a7cafa-1b8e-43e1-b196-3f71baf07c18	10	2456944	2794623	362	0.0206
46a7cafa-1b8e-43e1-b196-3f71baf07c18	10	2794635	3091891	301	0.1739
46a7cafa-1b8e-43e1-b196-3f71baf07c18	10	3092331	6369253	2879	0.0056
46a7cafa-1b8e-43e1-b196-3f71baf07c18	10	6369395	6369519	5	1.2931
46a7cafa-1b8e-43e1-b196-3f71baf07c18	10	6376792	13008005	5510	0.0133
46a7cafa-1b8e-43e1-b196-3f71baf07c18	10	13008023	13008170	4	-1.1957
46a7cafa-1b8e-43e1-b196-3f71baf07c18	10	13008428	16499772	2902	0.0033
46a7cafa-1b8e-43e1-b196-3f71baf07c18	10	16505059	16506383	3	1.2913
46a7cafa-1b8e-43e1-b196-3f71baf07c18	10	16506576	17885034	1029	0.0209
46a7cafa-1b8e-43e1-b196-3f71baf07c18	10	17896194	17934718	5	-1.2553
46a7cafa-1b8e-43e1-b196-3f71baf07c18	10	17941330	46522571	16813	0.0157
46a7cafa-1b8e-43e1-b196-3f71baf07c18	10	46525652	46526086	11	1.2929
46a7cafa-1b8e-43e1-b196-3f71baf07c18	10	46526248	46836986	42	0.2224
46a7cafa-1b8e-43e1-b196-3f71baf07c18	10	46898735	46901552	2	2.0368
46a7cafa-1b8e-43e1-b196-3f71baf07c18	10	46967412	57062898	6812	0.0063
46a7cafa-1b8e-43e1-b196-3f71baf07c18	10	57063415	57142410	53	-0.3278
46a7cafa-1b8e-43e1-b196-3f71baf07c18	10	57142523	66514967	6590	0.0167
46a7cafa-1b8e-43e1-b196-3f71baf07c18	10	66515209	66670636	125	-0.1795
46a7cafa-1b8e-43e1-b196-3f71baf07c18	10	66673871	87105532	13537	0.0173
46a7cafa-1b8e-43e1-b196-3f71baf07c18	10	87108914	87269486	31	-0.257
46a7cafa-1b8e-43e1-b196-3f71baf07c18	10	87278584	87286741	2	2.1406
46a7cafa-1b8e-43e1-b196-3f71baf07c18	10	87310039	108292645	13505	0.0135
46a7cafa-1b8e-43e1-b196-3f71baf07c18	10	108293416	108293491	2	-1.6045
46a7cafa-1b8e-43e1-b196-3f71baf07c18	10	108296227	130471868	16270	0.0139
46a7cafa-1b8e-43e1-b196-3f71baf07c18	10	130472507	130797728	289	0.2392
46a7cafa-1b8e-43e1-b196-3f71baf07c18	10	130797881	133654968	1711	0.0457
46a7cafa-1b8e-43e1-b196-3f71baf07c18	11	198510	1626349	486	0.0348
46a7cafa-1b8e-43e1-b196-3f71baf07c18	11	1627184	1627418	2	-2.139
46a7cafa-1b8e-43e1-b196-3f71baf07c18	11	1628657	5762452	2744	0.0278
46a7cafa-1b8e-43e1-b196-3f71baf07c18	11	5762693	5788108	35	0.5043
46a7cafa-1b8e-43e1-b196-3f71baf07c18	11	5788231	24868141	14159	0.0054
46a7cafa-1b8e-43e1-b196-3f71baf07c18	11	24868679	24871915	2	-2.0035
46a7cafa-1b8e-43e1-b196-3f71baf07c18	11	24871995	55573277	17025	0.005
46a7cafa-1b8e-43e1-b196-3f71baf07c18	11	55574215	55729577	112	-0.3161
46a7cafa-1b8e-43e1-b196-3f71baf07c18	11	55734320	92097323	21262	0.0096
46a7cafa-1b8e-43e1-b196-3f71baf07c18	11	92097492	92097877	2	-1.7902
46a7cafa-1b8e-43e1-b196-3f71baf07c18	11	92099538	101723653	7252	0.0139
46a7cafa-1b8e-43e1-b196-3f71baf07c18	11	101727129	101727233	4	1.1405
46a7cafa-1b8e-43e1-b196-3f71baf07c18	11	101727481	114879559	8788	0.0086
46a7cafa-1b8e-43e1-b196-3f71baf07c18	11	114883318	114885788	4	-1.4005
46a7cafa-1b8e-43e1-b196-3f71baf07c18	11	114886415	127919009	9403	0.0149
46a7cafa-1b8e-43e1-b196-3f71baf07c18	11	127920860	127921067	3	-1.3874
46a7cafa-1b8e-43e1-b196-3f71baf07c18	11	127922395	134323848	4928	0.0231
46a7cafa-1b8e-43e1-b196-3f71baf07c18	11	134323935	134882820	467	0.176
46a7cafa-1b8e-43e1-b196-3f71baf07c18	11	134883697	135074876	136	0.0242
46a7cafa-1b8e-43e1-b196-3f71baf07c18	12	51460	756570	416	0.065
46a7cafa-1b8e-43e1-b196-3f71baf07c18	12	756804	764863	19	-0.9783
46a7cafa-1b8e-43e1-b196-3f71baf07c18	12	766188	9477960	5737	0.0192
46a7cafa-1b8e-43e1-b196-3f71baf07c18	12	9481274	9583090	27	0.4836
46a7cafa-1b8e-43e1-b196-3f71baf07c18	12	9584060	11365487	1185	0.0038
46a7cafa-1b8e-43e1-b196-3f71baf07c18	12	11366494	11373355	11	-1.124
46a7cafa-1b8e-43e1-b196-3f71baf07c18	12	11383179	11390472	10	-0.2946
46a7cafa-1b8e-43e1-b196-3f71baf07c18	12	11399258	11740037	295	0.0184
46a7cafa-1b8e-43e1-b196-3f71baf07c18	12	11740160	11740194	2	-1.7312
46a7cafa-1b8e-43e1-b196-3f71baf07c18	12	11740421	21410210	6501	0.0124
46a7cafa-1b8e-43e1-b196-3f71baf07c18	12	21414671	21432680	8	-0.8466
46a7cafa-1b8e-43e1-b196-3f71baf07c18	12	21435234	33141726	8565	0.0145
46a7cafa-1b8e-43e1-b196-3f71baf07c18	12	33148472	33155608	32	-0.486
46a7cafa-1b8e-43e1-b196-3f71baf07c18	12	33155655	107815797	44981	0.0103
46a7cafa-1b8e-43e1-b196-3f71baf07c18	12	107819233	107819706	2	2.1427
46a7cafa-1b8e-43e1-b196-3f71baf07c18	12	107827137	111821552	2259	0.0242
46a7cafa-1b8e-43e1-b196-3f71baf07c18	12	111821818	111827432	3	1.4855
46a7cafa-1b8e-43e1-b196-3f71baf07c18	12	111839772	113931887	1365	0.0213
46a7cafa-1b8e-43e1-b196-3f71baf07c18	12	113932099	114029282	102	0.2376
46a7cafa-1b8e-43e1-b196-3f71baf07c18	12	114029458	116916099	2347	0.0261
46a7cafa-1b8e-43e1-b196-3f71baf07c18	12	116916274	116970343	35	-0.3533
46a7cafa-1b8e-43e1-b196-3f71baf07c18	12	116970697	127716415	6936	0.0173
46a7cafa-1b8e-43e1-b196-3f71baf07c18	12	127727590	133201603	3991	0.0708
46a7cafa-1b8e-43e1-b196-3f71baf07c18	13	18452809	24935368	4322	0.0308
46a7cafa-1b8e-43e1-b196-3f71baf07c18	13	24935708	24942153	6	-1.1671
46a7cafa-1b8e-43e1-b196-3f71baf07c18	13	24942679	37496998	9152	0.0132
46a7cafa-1b8e-43e1-b196-3f71baf07c18	13	37497899	37501828	4	-0.8151
46a7cafa-1b8e-43e1-b196-3f71baf07c18	13	37502130	37510620	12	-1.8339
46a7cafa-1b8e-43e1-b196-3f71baf07c18	13	37514193	38478674	701	0.0085
46a7cafa-1b8e-43e1-b196-3f71baf07c18	13	38483435	38483919	2	-2.6202
46a7cafa-1b8e-43e1-b196-3f71baf07c18	13	38490920	50174082	7866	0.017
46a7cafa-1b8e-43e1-b196-3f71baf07c18	13	50174395	50176740	7	-0.9087
46a7cafa-1b8e-43e1-b196-3f71baf07c18	13	50176855	50411049	150	-0.0121
46a7cafa-1b8e-43e1-b196-3f71baf07c18	13	50412028	50414484	2	-1.7833
46a7cafa-1b8e-43e1-b196-3f71baf07c18	13	50414824	57305097	3898	0.0062
46a7cafa-1b8e-43e1-b196-3f71baf07c18	13	57310316	57421579	72	-0.3228
46a7cafa-1b8e-43e1-b196-3f71baf07c18	13	57422271	63628079	3650	0.0037
46a7cafa-1b8e-43e1-b196-3f71baf07c18	13	63628219	64401499	450	-0.1272
46a7cafa-1b8e-43e1-b196-3f71baf07c18	13	64404554	114342922	33851	0.0099
46a7cafa-1b8e-43e1-b196-3f71baf07c18	14	18239283	106416146	55141	0.0109
46a7cafa-1b8e-43e1-b196-3f71baf07c18	14	106418444	106462183	49	-0.623
46a7cafa-1b8e-43e1-b196-3f71baf07c18	14	106462724	106877229	195	-0.0367
46a7cafa-1b8e-43e1-b196-3f71baf07c18	15	19811075	20206773	59	-0.147
46a7cafa-1b8e-43e1-b196-3f71baf07c18	15	20207225	20373168	29	-1.1788
46a7cafa-1b8e-43e1-b196-3f71baf07c18	15	20376198	20380735	8	0.5342
46a7cafa-1b8e-43e1-b196-3f71baf07c18	15	20380837	20384789	11	-3.3662
46a7cafa-1b8e-43e1-b196-3f71baf07c18	15	20384907	21272760	67	-1.4969
46a7cafa-1b8e-43e1-b196-3f71baf07c18	15	21417107	22250775	15	-0.263
46a7cafa-1b8e-43e1-b196-3f71baf07c18	15	22252008	22299523	17	-1.0904
46a7cafa-1b8e-43e1-b196-3f71baf07c18	15	22385639	24435889	1000	-0.004
46a7cafa-1b8e-43e1-b196-3f71baf07c18	15	24441663	24469692	23	-0.7535
46a7cafa-1b8e-43e1-b196-3f71baf07c18	15	24469711	70169671	29210	0.0208
46a7cafa-1b8e-43e1-b196-3f71baf07c18	15	70170326	70178924	3	-1.8346
46a7cafa-1b8e-43e1-b196-3f71baf07c18	15	70178938	76586021	3465	0.008
46a7cafa-1b8e-43e1-b196-3f71baf07c18	15	76598900	76602857	14	0.9179
46a7cafa-1b8e-43e1-b196-3f71baf07c18	15	76603003	76894385	137	0.0213
46a7cafa-1b8e-43e1-b196-3f71baf07c18	15	76902062	76902090	2	-1.9905
46a7cafa-1b8e-43e1-b196-3f71baf07c18	15	76903145	93310656	11010	0.014
46a7cafa-1b8e-43e1-b196-3f71baf07c18	15	93312082	93314323	2	-4.3072
46a7cafa-1b8e-43e1-b196-3f71baf07c18	15	93319185	101928837	6459	0.0283
46a7cafa-1b8e-43e1-b196-3f71baf07c18	16	10777	22907472	15013	0.0449
46a7cafa-1b8e-43e1-b196-3f71baf07c18	16	22909203	83811183	32414	0.0163
46a7cafa-1b8e-43e1-b196-3f71baf07c18	16	83811664	84893373	957	0.1344
46a7cafa-1b8e-43e1-b196-3f71baf07c18	16	84900412	89376973	3130	0.0228
46a7cafa-1b8e-43e1-b196-3f71baf07c18	16	89377141	90096867	343	0.151
46a7cafa-1b8e-43e1-b196-3f71baf07c18	17	150733	1526336	667	0.1104
46a7cafa-1b8e-43e1-b196-3f71baf07c18	17	1526393	14543621	8503	0.0173
46a7cafa-1b8e-43e1-b196-3f71baf07c18	17	14543953	14938653	333	0.0811
46a7cafa-1b8e-43e1-b196-3f71baf07c18	17	14938856	15071485	115	0.2623
46a7cafa-1b8e-43e1-b196-3f71baf07c18	17	15071496	15143128	74	-0.003
46a7cafa-1b8e-43e1-b196-3f71baf07c18	17	15143205	15148194	9	-0.7806
46a7cafa-1b8e-43e1-b196-3f71baf07c18	17	15148465	18452078	1690	0.0244
46a7cafa-1b8e-43e1-b196-3f71baf07c18	17	18455632	18561272	25	0.5574
46a7cafa-1b8e-43e1-b196-3f71baf07c18	17	18561907	33605181	4966	0.0145
46a7cafa-1b8e-43e1-b196-3f71baf07c18	17	33605294	34609520	967	0.1085
46a7cafa-1b8e-43e1-b196-3f71baf07c18	17	34611015	36109139	903	0.0006
46a7cafa-1b8e-43e1-b196-3f71baf07c18	17	36109315	36200725	37	0.6409
46a7cafa-1b8e-43e1-b196-3f71baf07c18	17	36208249	41273697	2544	0.0174
46a7cafa-1b8e-43e1-b196-3f71baf07c18	17	41273905	41274198	4	-1.3526
46a7cafa-1b8e-43e1-b196-3f71baf07c18	17	41274279	45571138	2155	0.0131
46a7cafa-1b8e-43e1-b196-3f71baf07c18	17	45571174	45581105	7	-0.9683
46a7cafa-1b8e-43e1-b196-3f71baf07c18	17	45582060	46084918	335	0.0837
46a7cafa-1b8e-43e1-b196-3f71baf07c18	17	46084941	46274563	122	-0.328
46a7cafa-1b8e-43e1-b196-3f71baf07c18	17	46275506	46351954	7	0.0834
46a7cafa-1b8e-43e1-b196-3f71baf07c18	17	46446345	46571001	4	1.7269
46a7cafa-1b8e-43e1-b196-3f71baf07c18	17	46664059	51279231	2353	0.0027
46a7cafa-1b8e-43e1-b196-3f71baf07c18	17	51281258	51441990	124	0.2008
46a7cafa-1b8e-43e1-b196-3f71baf07c18	17	51442196	73838033	14336	0.0121
46a7cafa-1b8e-43e1-b196-3f71baf07c18	17	73838553	74689025	558	0.1329
46a7cafa-1b8e-43e1-b196-3f71baf07c18	17	74694557	78596565	2052	0.0256
46a7cafa-1b8e-43e1-b196-3f71baf07c18	17	78598958	78619048	30	0.485
46a7cafa-1b8e-43e1-b196-3f71baf07c18	17	78620465	78640054	18	-0.2379
46a7cafa-1b8e-43e1-b196-3f71baf07c18	17	78641929	78648485	5	0.9291
46a7cafa-1b8e-43e1-b196-3f71baf07c18	17	78652444	79245561	343	0.0436
46a7cafa-1b8e-43e1-b196-3f71baf07c18	17	79245867	79250134	9	-0.72
46a7cafa-1b8e-43e1-b196-3f71baf07c18	17	79250308	83091923	1736	0.0204
46a7cafa-1b8e-43e1-b196-3f71baf07c18	18	48133	478887	310	0.02
46a7cafa-1b8e-43e1-b196-3f71baf07c18	18	479816	481341	2	-2.1649
46a7cafa-1b8e-43e1-b196-3f71baf07c18	18	483753	5956426	3898	0.0126
46a7cafa-1b8e-43e1-b196-3f71baf07c18	18	5956537	6400146	323	0.1864
46a7cafa-1b8e-43e1-b196-3f71baf07c18	18	6404502	65532840	35387	0.0139
46a7cafa-1b8e-43e1-b196-3f71baf07c18	18	65533230	65537481	18	0.6863
46a7cafa-1b8e-43e1-b196-3f71baf07c18	18	65540037	67291970	1191	-0.0136
46a7cafa-1b8e-43e1-b196-3f71baf07c18	18	67291986	67300028	20	-0.5787
46a7cafa-1b8e-43e1-b196-3f71baf07c18	18	67300481	73804797	4930	-0.0131
46a7cafa-1b8e-43e1-b196-3f71baf07c18	18	73807673	74420068	525	0.0459
46a7cafa-1b8e-43e1-b196-3f71baf07c18	18	74424494	74474890	53	0.3806
46a7cafa-1b8e-43e1-b196-3f71baf07c18	18	74475363	80257174	4074	0.0335
46a7cafa-1b8e-43e1-b196-3f71baf07c18	19	90910	4525077	1189	0.0112
46a7cafa-1b8e-43e1-b196-3f71baf07c18	19	4526170	4533719	4	1.2347
46a7cafa-1b8e-43e1-b196-3f71baf07c18	19	4535970	6901458	1067	0.0073
46a7cafa-1b8e-43e1-b196-3f71baf07c18	19	6901471	6940178	21	0.5758
46a7cafa-1b8e-43e1-b196-3f71baf07c18	19	6940273	40854267	17220	0.0126
46a7cafa-1b8e-43e1-b196-3f71baf07c18	19	40854465	40864857	15	-1.0409
46a7cafa-1b8e-43e1-b196-3f71baf07c18	19	40864888	54802362	7287	0.0253
46a7cafa-1b8e-43e1-b196-3f71baf07c18	19	54802832	54836219	18	-1.2895
46a7cafa-1b8e-43e1-b196-3f71baf07c18	19	54837236	58586487	2285	0.0313
46a7cafa-1b8e-43e1-b196-3f71baf07c18	20	80664	81049	11	0.5975
46a7cafa-1b8e-43e1-b196-3f71baf07c18	20	81154	1580934	1193	0.045
46a7cafa-1b8e-43e1-b196-3f71baf07c18	20	1581021	1601561	35	0.3742
46a7cafa-1b8e-43e1-b196-3f71baf07c18	20	1609611	1613247	5	-1.3057
46a7cafa-1b8e-43e1-b196-3f71baf07c18	20	1617300	3830556	1568	0.0122
46a7cafa-1b8e-43e1-b196-3f71baf07c18	20	3830786	3865750	18	0.6806
46a7cafa-1b8e-43e1-b196-3f71baf07c18	20	3866304	4108606	156	0.1117
46a7cafa-1b8e-43e1-b196-3f71baf07c18	20	4109643	5507202	1096	0.0153
46a7cafa-1b8e-43e1-b196-3f71baf07c18	20	5507444	5561900	38	0.4028
46a7cafa-1b8e-43e1-b196-3f71baf07c18	20	5562770	14927097	7189	0.0155
46a7cafa-1b8e-43e1-b196-3f71baf07c18	20	14927156	14928634	5	-1.1474
46a7cafa-1b8e-43e1-b196-3f71baf07c18	20	14928652	63035453	30550	0.0173
46a7cafa-1b8e-43e1-b196-3f71baf07c18	20	63037684	64324800	502	0.1257
46a7cafa-1b8e-43e1-b196-3f71baf07c18	21	10354168	23228586	7024	-0.0001
46a7cafa-1b8e-43e1-b196-3f71baf07c18	21	23228687	23239224	11	-0.7508
46a7cafa-1b8e-43e1-b196-3f71baf07c18	21	23240840	36182145	9456	0.0052
46a7cafa-1b8e-43e1-b196-3f71baf07c18	21	36182224	36185510	6	0.981
46a7cafa-1b8e-43e1-b196-3f71baf07c18	21	36185553	43264710	5614	0.0142
46a7cafa-1b8e-43e1-b196-3f71baf07c18	21	43270082	43325950	41	0.4034
46a7cafa-1b8e-43e1-b196-3f71baf07c18	21	43334557	46677045	1709	0.0398
46a7cafa-1b8e-43e1-b196-3f71baf07c18	22	15294547	18392404	1131	-0.0018
46a7cafa-1b8e-43e1-b196-3f71baf07c18	22	18547989	21715051	1665	0.1319
46a7cafa-1b8e-43e1-b196-3f71baf07c18	22	21715544	22136526	361	0.0499
46a7cafa-1b8e-43e1-b196-3f71baf07c18	22	22136892	22142369	22	-0.4878
46a7cafa-1b8e-43e1-b196-3f71baf07c18	22	22142445	33777419	8457	0.0208
46a7cafa-1b8e-43e1-b196-3f71baf07c18	22	33778960	33778986	3	-2.8632
46a7cafa-1b8e-43e1-b196-3f71baf07c18	22	33778998	38121480	3133	0.01
46a7cafa-1b8e-43e1-b196-3f71baf07c18	22	38124880	38125594	2	-1.5389
46a7cafa-1b8e-43e1-b196-3f71baf07c18	22	38125864	38975897	477	0.0056
46a7cafa-1b8e-43e1-b196-3f71baf07c18	22	38978372	39007816	17	0.5684
46a7cafa-1b8e-43e1-b196-3f71baf07c18	22	39010189	42380962	1813	0.0221
46a7cafa-1b8e-43e1-b196-3f71baf07c18	22	42385617	42457817	36	0.4782
46a7cafa-1b8e-43e1-b196-3f71baf07c18	22	42458241	48848072	4910	0.0134
46a7cafa-1b8e-43e1-b196-3f71baf07c18	22	48856139	50796027	1242	0.112
46a7cafa-1b8e-43e1-b196-3f71baf07c18	X	251810	6537249	2959	0.0214
46a7cafa-1b8e-43e1-b196-3f71baf07c18	X	6537355	6746259	145	0.5894
46a7cafa-1b8e-43e1-b196-3f71baf07c18	X	6746810	27485743	13640	0.0208
46a7cafa-1b8e-43e1-b196-3f71baf07c18	X	27491675	27506508	16	0.701
46a7cafa-1b8e-43e1-b196-3f71baf07c18	X	27507550	37924201	6601	-0.0018
46a7cafa-1b8e-43e1-b196-3f71baf07c18	X	37926282	37931164	5	-1.1605
46a7cafa-1b8e-43e1-b196-3f71baf07c18	X	37931211	143504535	52855	0.0102
46a7cafa-1b8e-43e1-b196-3f71baf07c18	X	143505031	143505235	3	1.9025
46a7cafa-1b8e-43e1-b196-3f71baf07c18	X	143505562	151611214	5364	0.009
46a7cafa-1b8e-43e1-b196-3f71baf07c18	X	151615256	151620043	2	-1.791
46a7cafa-1b8e-43e1-b196-3f71baf07c18	X	151622822	155952689	2045	0.0148
46a7cafa-1b8e-43e1-b196-3f71baf07c18	Y	2782397	7207968	1064	-2.1606
46a7cafa-1b8e-43e1-b196-3f71baf07c18	Y	7208686	9995158	1270	-2.4436
46a7cafa-1b8e-43e1-b196-3f71baf07c18	Y	9995428	11882509	153	-1.9007
46a7cafa-1b8e-43e1-b196-3f71baf07c18	Y	11893739	13483169	764	-2.3013
46a7cafa-1b8e-43e1-b196-3f71baf07c18	Y	13489006	14021478	217	-1.8666
46a7cafa-1b8e-43e1-b196-3f71baf07c18	Y	14021618	26317011	2979	-2.4258
46a7cafa-1b8e-43e1-b196-3f71baf07c18	Y	26317379	56872112	167	-1.8926
