GDC_Aliquot	Chromosome	Start	End	Num_Probes	Segment_Mean
f578ebc1-27ef-404d-bdbc-3f0aa0aee440	1	3301765	29909160	14237	-0.0052
f578ebc1-27ef-404d-bdbc-3f0aa0aee440	1	29909710	29911764	2	-1.5024
f578ebc1-27ef-404d-bdbc-3f0aa0aee440	1	29911805	159610643	58925	0.0021
f578ebc1-27ef-404d-bdbc-3f0aa0aee440	1	159610664	159611083	2	-1.7981
f578ebc1-27ef-404d-bdbc-3f0aa0aee440	1	159611111	187196158	18190	0.0048
f578ebc1-27ef-404d-bdbc-3f0aa0aee440	1	187196712	192603082	3097	0.0377
f578ebc1-27ef-404d-bdbc-3f0aa0aee440	1	192603358	232176055	25096	0.0022
f578ebc1-27ef-404d-bdbc-3f0aa0aee440	1	232176122	232177187	2	-1.622
f578ebc1-27ef-404d-bdbc-3f0aa0aee440	1	232179368	238193777	4448	0.009
f578ebc1-27ef-404d-bdbc-3f0aa0aee440	1	238195156	238195286	2	-1.3014
f578ebc1-27ef-404d-bdbc-3f0aa0aee440	1	238196414	247650984	5713	0.01
f578ebc1-27ef-404d-bdbc-3f0aa0aee440	2	480597	96583441	51243	-0.0022
f578ebc1-27ef-404d-bdbc-3f0aa0aee440	2	96583856	96595898	2	-1.5371
f578ebc1-27ef-404d-bdbc-3f0aa0aee440	2	96596156	196833011	54091	-0.0003
f578ebc1-27ef-404d-bdbc-3f0aa0aee440	2	196836237	196839324	2	-1.8572
f578ebc1-27ef-404d-bdbc-3f0aa0aee440	2	196843988	241537572	26794	-0.0031
f578ebc1-27ef-404d-bdbc-3f0aa0aee440	3	2170634	144181389	79492	-0.0009
f578ebc1-27ef-404d-bdbc-3f0aa0aee440	3	144181395	144346626	71	0.261
f578ebc1-27ef-404d-bdbc-3f0aa0aee440	3	144351901	197812401	27592	0.006
f578ebc1-27ef-404d-bdbc-3f0aa0aee440	4	1059384	187842528	103448	0.0051
f578ebc1-27ef-404d-bdbc-3f0aa0aee440	5	914118	180934240	101061	0.0041
f578ebc1-27ef-404d-bdbc-3f0aa0aee440	6	1011760	170596889	97140	0.0022
f578ebc1-27ef-404d-bdbc-3f0aa0aee440	7	664936	158592540	81918	0.0033
f578ebc1-27ef-404d-bdbc-3f0aa0aee440	8	667625	144182542	82202	0.0048
f578ebc1-27ef-404d-bdbc-3f0aa0aee440	9	789794	138044505	68441	0.0063
f578ebc1-27ef-404d-bdbc-3f0aa0aee440	10	366509	78172218	46349	0.011
f578ebc1-27ef-404d-bdbc-3f0aa0aee440	10	78172229	78176080	3	-1.5119
f578ebc1-27ef-404d-bdbc-3f0aa0aee440	10	78177451	133411599	34900	0.0058
f578ebc1-27ef-404d-bdbc-3f0aa0aee440	11	456012	134272740	77526	0.0023
f578ebc1-27ef-404d-bdbc-3f0aa0aee440	12	780472	132605822	74307	0.0038
f578ebc1-27ef-404d-bdbc-3f0aa0aee440	13	18874255	114226675	56980	0.011
f578ebc1-27ef-404d-bdbc-3f0aa0aee440	14	20033191	105533894	49769	0.0047
f578ebc1-27ef-404d-bdbc-3f0aa0aee440	15	23437561	101344124	44773	0.0135
f578ebc1-27ef-404d-bdbc-3f0aa0aee440	16	603333	83760390	38500	0.0102
f578ebc1-27ef-404d-bdbc-3f0aa0aee440	16	83760392	83760401	2	-1.6975
f578ebc1-27ef-404d-bdbc-3f0aa0aee440	16	83760419	89317317	2695	0.0056
f578ebc1-27ef-404d-bdbc-3f0aa0aee440	17	1074619	82959812	37265	0.0046
f578ebc1-27ef-404d-bdbc-3f0aa0aee440	18	326691	79349796	42944	0.013
f578ebc1-27ef-404d-bdbc-3f0aa0aee440	19	283868	22037485	8216	-0.0112
f578ebc1-27ef-404d-bdbc-3f0aa0aee440	19	22037999	30738146	3085	0.0343
f578ebc1-27ef-404d-bdbc-3f0aa0aee440	19	30738502	58370362	12833	0.0022
f578ebc1-27ef-404d-bdbc-3f0aa0aee440	20	472817	32976490	17790	0.0135
f578ebc1-27ef-404d-bdbc-3f0aa0aee440	20	32992076	33001967	4	-1.0318
f578ebc1-27ef-404d-bdbc-3f0aa0aee440	20	33002939	55563310	14284	0.0072
f578ebc1-27ef-404d-bdbc-3f0aa0aee440	20	55563370	55563384	2	-1.5282
f578ebc1-27ef-404d-bdbc-3f0aa0aee440	20	55563648	63588502	5456	0.013
f578ebc1-27ef-404d-bdbc-3f0aa0aee440	21	13974127	17833768	2333	0.021
f578ebc1-27ef-404d-bdbc-3f0aa0aee440	21	17834172	17834350	2	-1.5062
f578ebc1-27ef-404d-bdbc-3f0aa0aee440	21	17834702	46262057	18252	0.0079
f578ebc1-27ef-404d-bdbc-3f0aa0aee440	22	16934932	44773525	14046	0.0083
f578ebc1-27ef-404d-bdbc-3f0aa0aee440	22	44779436	44779460	2	1.3463
f578ebc1-27ef-404d-bdbc-3f0aa0aee440	22	44780843	48940621	3025	0.0042
f578ebc1-27ef-404d-bdbc-3f0aa0aee440	X	3236359	155677414	63964	0.0039
