GDC_Aliquot	Chromosome	Start	End	Num_Probes	Segment_Mean
5b44486e-95e0-4505-9c39-bbd1515f155b	1	62920	121389102	73279	-0.0084
5b44486e-95e0-4505-9c39-bbd1515f155b	1	121413668	143494500	79	0.5524
5b44486e-95e0-4505-9c39-bbd1515f155b	1	143541857	143708149	75	-2.2062
5b44486e-95e0-4505-9c39-bbd1515f155b	1	143708229	143927887	48	-0.9177
5b44486e-95e0-4505-9c39-bbd1515f155b	1	143928045	145709808	34	0.0542
5b44486e-95e0-4505-9c39-bbd1515f155b	1	145711635	165452567	10848	0.3089
5b44486e-95e0-4505-9c39-bbd1515f155b	1	165452637	165452724	2	-3.8216
5b44486e-95e0-4505-9c39-bbd1515f155b	1	165452858	199142235	22498	0.3021
5b44486e-95e0-4505-9c39-bbd1515f155b	1	199142298	199143883	7	-1.7691
5b44486e-95e0-4505-9c39-bbd1515f155b	1	199144712	223979655	17010	0.3084
5b44486e-95e0-4505-9c39-bbd1515f155b	1	223991344	223997119	3	-2.2629
5b44486e-95e0-4505-9c39-bbd1515f155b	1	224000960	241950290	12875	0.3094
5b44486e-95e0-4505-9c39-bbd1515f155b	1	241956011	241977561	8	-1.5008
5b44486e-95e0-4505-9c39-bbd1515f155b	1	241980133	248930189	4476	0.3085
5b44486e-95e0-4505-9c39-bbd1515f155b	2	12784	57987748	40929	-0.0048
5b44486e-95e0-4505-9c39-bbd1515f155b	2	57990626	57997010	4	2.6348
5b44486e-95e0-4505-9c39-bbd1515f155b	2	57998833	242147305	108120	-0.0004
5b44486e-95e0-4505-9c39-bbd1515f155b	3	20930	198169247	124389	0.0062
5b44486e-95e0-4505-9c39-bbd1515f155b	4	68929	5315008	2517	-0.0088
5b44486e-95e0-4505-9c39-bbd1515f155b	4	5318059	5321568	3	-5.9255
5b44486e-95e0-4505-9c39-bbd1515f155b	4	5322472	8714304	2551	-0.0197
5b44486e-95e0-4505-9c39-bbd1515f155b	4	8714811	9484440	72	0.5601
5b44486e-95e0-4505-9c39-bbd1515f155b	4	9494650	10222004	538	-0.0031
5b44486e-95e0-4505-9c39-bbd1515f155b	4	10222224	10229120	19	1.3247
5b44486e-95e0-4505-9c39-bbd1515f155b	4	10229173	34777432	16941	-0.0008
5b44486e-95e0-4505-9c39-bbd1515f155b	4	34784878	34823103	38	-1.4657
5b44486e-95e0-4505-9c39-bbd1515f155b	4	34828250	190106768	94119	-0.0007
5b44486e-95e0-4505-9c39-bbd1515f155b	5	15532	58025819	35644	0.0094
5b44486e-95e0-4505-9c39-bbd1515f155b	5	58030200	58037706	32	0.9216
5b44486e-95e0-4505-9c39-bbd1515f155b	5	58042530	97798515	22915	0.0115
5b44486e-95e0-4505-9c39-bbd1515f155b	5	97798884	97798918	2	3.3785
5b44486e-95e0-4505-9c39-bbd1515f155b	5	97798958	141137974	27132	0.0039
5b44486e-95e0-4505-9c39-bbd1515f155b	5	141139513	141139662	3	-3.0338
5b44486e-95e0-4505-9c39-bbd1515f155b	5	141139689	181363319	26837	0.0072
5b44486e-95e0-4505-9c39-bbd1515f155b	6	149661	170741917	109252	-0.0035
5b44486e-95e0-4505-9c39-bbd1515f155b	7	43355	159334314	97568	0.0045
5b44486e-95e0-4505-9c39-bbd1515f155b	8	81254	145072769	95218	-0.0086
5b44486e-95e0-4505-9c39-bbd1515f155b	9	46587	23363117	20363	-0.0016
5b44486e-95e0-4505-9c39-bbd1515f155b	9	23363935	23373486	7	-2.104
5b44486e-95e0-4505-9c39-bbd1515f155b	9	23378490	138200944	58882	0.0053
5b44486e-95e0-4505-9c39-bbd1515f155b	10	45792	32664093	25206	-0.0107
5b44486e-95e0-4505-9c39-bbd1515f155b	10	32664152	32664245	2	3.1549
5b44486e-95e0-4505-9c39-bbd1515f155b	10	32664440	47040736	6417	-0.013
5b44486e-95e0-4505-9c39-bbd1515f155b	10	47043991	47044272	2	-3.7457
5b44486e-95e0-4505-9c39-bbd1515f155b	10	47045228	133654968	58759	-0.003
5b44486e-95e0-4505-9c39-bbd1515f155b	11	198510	135074876	86564	-0.0028
5b44486e-95e0-4505-9c39-bbd1515f155b	12	51460	7964473	5396	-0.0197
5b44486e-95e0-4505-9c39-bbd1515f155b	12	7965573	7970641	4	-2.3553
5b44486e-95e0-4505-9c39-bbd1515f155b	12	7971304	8311421	148	-0.0142
5b44486e-95e0-4505-9c39-bbd1515f155b	12	8315973	8318319	2	2.7571
5b44486e-95e0-4505-9c39-bbd1515f155b	12	8329044	9477960	601	-0.0452
5b44486e-95e0-4505-9c39-bbd1515f155b	12	9481274	9561078	22	-1.1498
5b44486e-95e0-4505-9c39-bbd1515f155b	12	9562969	133201603	78415	-0.0055
5b44486e-95e0-4505-9c39-bbd1515f155b	13	18452809	113470229	63597	-0.0045
5b44486e-95e0-4505-9c39-bbd1515f155b	13	113485182	113485195	2	4.8567
5b44486e-95e0-4505-9c39-bbd1515f155b	13	113485932	114342922	341	-0.0486
5b44486e-95e0-4505-9c39-bbd1515f155b	14	18239283	36406868	10713	0.0188
5b44486e-95e0-4505-9c39-bbd1515f155b	14	36409179	36411726	2	-3.352
5b44486e-95e0-4505-9c39-bbd1515f155b	14	36412242	39154780	1745	0.0315
5b44486e-95e0-4505-9c39-bbd1515f155b	14	39156790	39164569	3	2.4287
5b44486e-95e0-4505-9c39-bbd1515f155b	14	39164922	41141487	1255	0.0189
5b44486e-95e0-4505-9c39-bbd1515f155b	14	41145917	41159026	2	3.329
5b44486e-95e0-4505-9c39-bbd1515f155b	14	41159271	106877229	41498	0.0118
5b44486e-95e0-4505-9c39-bbd1515f155b	15	19811075	20372908	85	-0.0821
5b44486e-95e0-4505-9c39-bbd1515f155b	15	20373168	20381230	13	-1.3684
5b44486e-95e0-4505-9c39-bbd1515f155b	15	20381406	76598900	33718	-0.0071
5b44486e-95e0-4505-9c39-bbd1515f155b	15	76599170	76599700	8	-2.1811
5b44486e-95e0-4505-9c39-bbd1515f155b	15	76599852	101928837	17566	-0.0102
5b44486e-95e0-4505-9c39-bbd1515f155b	16	10777	19933041	13441	0.1833
5b44486e-95e0-4505-9c39-bbd1515f155b	16	19934328	19956040	29	-0.6019
5b44486e-95e0-4505-9c39-bbd1515f155b	16	19958932	35146961	6604	0.1807
5b44486e-95e0-4505-9c39-bbd1515f155b	16	35148716	54614770	5811	-0.1826
5b44486e-95e0-4505-9c39-bbd1515f155b	16	54614911	54617595	2	3.9574
5b44486e-95e0-4505-9c39-bbd1515f155b	16	54619789	85089542	22490	-0.1811
5b44486e-95e0-4505-9c39-bbd1515f155b	16	85089922	85093377	2	3.7287
5b44486e-95e0-4505-9c39-bbd1515f155b	16	85093912	90096867	3289	-0.2087
5b44486e-95e0-4505-9c39-bbd1515f155b	17	150733	18455635	11349	-0.014
5b44486e-95e0-4505-9c39-bbd1515f155b	17	18458372	18550123	22	-1.0342
5b44486e-95e0-4505-9c39-bbd1515f155b	17	18561272	46137998	11923	-0.0013
5b44486e-95e0-4505-9c39-bbd1515f155b	17	46138108	46351954	87	-0.442
5b44486e-95e0-4505-9c39-bbd1515f155b	17	46446345	78666136	19437	-0.0069
5b44486e-95e0-4505-9c39-bbd1515f155b	17	78668949	78673657	2	-4.3478
5b44486e-95e0-4505-9c39-bbd1515f155b	17	78674799	83091923	2065	-0.0287
5b44486e-95e0-4505-9c39-bbd1515f155b	18	48133	80257174	50573	0.0036
5b44486e-95e0-4505-9c39-bbd1515f155b	19	90910	23702728	10748	-0.0002
5b44486e-95e0-4505-9c39-bbd1515f155b	19	23707071	23864558	125	-0.7269
5b44486e-95e0-4505-9c39-bbd1515f155b	19	23866046	58586487	18158	-0.0094
5b44486e-95e0-4505-9c39-bbd1515f155b	20	80664	1586808	1203	0.0019
5b44486e-95e0-4505-9c39-bbd1515f155b	20	1587007	1613247	38	-0.9417
5b44486e-95e0-4505-9c39-bbd1515f155b	20	1617300	64284715	40991	-0.009
5b44486e-95e0-4505-9c39-bbd1515f155b	20	64323342	64324800	5	-2.507
5b44486e-95e0-4505-9c39-bbd1515f155b	21	10354168	46677045	23808	-0.009
5b44486e-95e0-4505-9c39-bbd1515f155b	22	15294547	50796027	23194	-0.0151
5b44486e-95e0-4505-9c39-bbd1515f155b	X	251810	33069362	20513	0.0122
5b44486e-95e0-4505-9c39-bbd1515f155b	X	33072020	33072034	2	-4.1001
5b44486e-95e0-4505-9c39-bbd1515f155b	X	33072903	155952689	62898	0.0141
5b44486e-95e0-4505-9c39-bbd1515f155b	Y	2782397	3026792	120	-2.4736
5b44486e-95e0-4505-9c39-bbd1515f155b	Y	3027225	6790428	740	-1.9641
5b44486e-95e0-4505-9c39-bbd1515f155b	Y	6792738	9326090	1353	-2.5424
5b44486e-95e0-4505-9c39-bbd1515f155b	Y	9326723	9554275	29	-3.9677
5b44486e-95e0-4505-9c39-bbd1515f155b	Y	9554586	13478396	1007	-2.3284
5b44486e-95e0-4505-9c39-bbd1515f155b	Y	13478462	13482643	3	-7.6945
5b44486e-95e0-4505-9c39-bbd1515f155b	Y	13483009	56872112	3364	-2.3852
