GDC_Aliquot	Chromosome	Start	End	Num_Probes	Segment_Mean
023e5be8-ad7b-4c19-a669-d07f5cf2be07	1	62920	259407	14	-1.1102
023e5be8-ad7b-4c19-a669-d07f5cf2be07	1	259422	25256850	13961	-0.001
023e5be8-ad7b-4c19-a669-d07f5cf2be07	1	25266637	25319167	20	-0.8175
023e5be8-ad7b-4c19-a669-d07f5cf2be07	1	25319693	33751057	4251	-0.0026
023e5be8-ad7b-4c19-a669-d07f5cf2be07	1	33751928	33752330	2	-1.6353
023e5be8-ad7b-4c19-a669-d07f5cf2be07	1	33756703	38662929	2886	0.0067
023e5be8-ad7b-4c19-a669-d07f5cf2be07	1	38666758	38666760	3	-1.6758
023e5be8-ad7b-4c19-a669-d07f5cf2be07	1	38666761	72303233	21487	0.003
023e5be8-ad7b-4c19-a669-d07f5cf2be07	1	72303253	72345465	45	-1.4942
023e5be8-ad7b-4c19-a669-d07f5cf2be07	1	72346221	108223733	22848	-0.003
023e5be8-ad7b-4c19-a669-d07f5cf2be07	1	108226680	108274557	2	-3.2277
023e5be8-ad7b-4c19-a669-d07f5cf2be07	1	108310648	108358141	44	0.0147
023e5be8-ad7b-4c19-a669-d07f5cf2be07	1	108358744	108367395	3	-1.8516
023e5be8-ad7b-4c19-a669-d07f5cf2be07	1	108368123	109684893	627	-0.012
023e5be8-ad7b-4c19-a669-d07f5cf2be07	1	109690352	109710508	29	-0.9286
023e5be8-ad7b-4c19-a669-d07f5cf2be07	1	109718120	110833598	813	0.0017
023e5be8-ad7b-4c19-a669-d07f5cf2be07	1	110834746	110845604	39	-0.8199
023e5be8-ad7b-4c19-a669-d07f5cf2be07	1	110849445	114289343	2413	-0.0029
023e5be8-ad7b-4c19-a669-d07f5cf2be07	1	114291004	114291088	2	-1.7976
023e5be8-ad7b-4c19-a669-d07f5cf2be07	1	114291180	119279491	3132	0.0011
023e5be8-ad7b-4c19-a669-d07f5cf2be07	1	119281823	119282189	2	-1.7601
023e5be8-ad7b-4c19-a669-d07f5cf2be07	1	119282272	143494500	688	0.0264
023e5be8-ad7b-4c19-a669-d07f5cf2be07	1	143541857	143942271	126	-0.8435
023e5be8-ad7b-4c19-a669-d07f5cf2be07	1	144432083	152582700	2303	0.0006
023e5be8-ad7b-4c19-a669-d07f5cf2be07	1	152583051	152614118	36	1.1068
023e5be8-ad7b-4c19-a669-d07f5cf2be07	1	152618018	161553345	5435	-0.0001
023e5be8-ad7b-4c19-a669-d07f5cf2be07	1	161647612	161680704	14	0.6728
023e5be8-ad7b-4c19-a669-d07f5cf2be07	1	161680831	166579136	3934	0.004
023e5be8-ad7b-4c19-a669-d07f5cf2be07	1	166582964	166583858	6	-0.9951
023e5be8-ad7b-4c19-a669-d07f5cf2be07	1	166584258	196762956	20153	0.0035
023e5be8-ad7b-4c19-a669-d07f5cf2be07	1	196769493	196854483	60	-0.527
023e5be8-ad7b-4c19-a669-d07f5cf2be07	1	196854586	248930189	35665	0.0003
023e5be8-ad7b-4c19-a669-d07f5cf2be07	2	12784	11940782	9036	0.0046
023e5be8-ad7b-4c19-a669-d07f5cf2be07	2	11942470	11942559	2	-1.7407
023e5be8-ad7b-4c19-a669-d07f5cf2be07	2	11942832	34476558	14974	0.0031
023e5be8-ad7b-4c19-a669-d07f5cf2be07	2	34476604	34515960	49	0.2908
023e5be8-ad7b-4c19-a669-d07f5cf2be07	2	34517843	50579753	11584	0.0076
023e5be8-ad7b-4c19-a669-d07f5cf2be07	2	50582860	50585753	2	-1.6901
023e5be8-ad7b-4c19-a669-d07f5cf2be07	2	50585773	52516787	1347	0.013
023e5be8-ad7b-4c19-a669-d07f5cf2be07	2	52527330	52554404	40	0.366
023e5be8-ad7b-4c19-a669-d07f5cf2be07	2	52560811	52617088	41	0.0259
023e5be8-ad7b-4c19-a669-d07f5cf2be07	2	52624435	52627429	2	-1.2381
023e5be8-ad7b-4c19-a669-d07f5cf2be07	2	52631303	54284494	1255	0.0016
023e5be8-ad7b-4c19-a669-d07f5cf2be07	2	54286605	54290084	3	-0.9552
023e5be8-ad7b-4c19-a669-d07f5cf2be07	2	54290716	55095759	661	-0.0057
023e5be8-ad7b-4c19-a669-d07f5cf2be07	2	55097152	55103177	37	-0.9454
023e5be8-ad7b-4c19-a669-d07f5cf2be07	2	55103192	242147305	109984	0.0041
023e5be8-ad7b-4c19-a669-d07f5cf2be07	3	20930	6604856	5786	0.0096
023e5be8-ad7b-4c19-a669-d07f5cf2be07	3	6609441	6611645	23	-0.8614
023e5be8-ad7b-4c19-a669-d07f5cf2be07	3	6613391	14343394	5806	-0.0011
023e5be8-ad7b-4c19-a669-d07f5cf2be07	3	14345654	14349007	5	-1.4999
023e5be8-ad7b-4c19-a669-d07f5cf2be07	3	14349620	46760327	21425	0.0048
023e5be8-ad7b-4c19-a669-d07f5cf2be07	3	46760374	46806126	37	-0.9297
023e5be8-ad7b-4c19-a669-d07f5cf2be07	3	46807689	75519398	19435	0.0068
023e5be8-ad7b-4c19-a669-d07f5cf2be07	3	75523398	75559488	9	0.8289
023e5be8-ad7b-4c19-a669-d07f5cf2be07	3	75564023	162795304	49851	0.0013
023e5be8-ad7b-4c19-a669-d07f5cf2be07	3	162795361	162898127	61	0.5272
023e5be8-ad7b-4c19-a669-d07f5cf2be07	3	162906054	192884882	18908	0.0009
023e5be8-ad7b-4c19-a669-d07f5cf2be07	3	192884896	192893244	30	-0.8771
023e5be8-ad7b-4c19-a669-d07f5cf2be07	3	192893525	195695420	1679	-0.0055
023e5be8-ad7b-4c19-a669-d07f5cf2be07	3	195695422	195747892	36	0.5447
023e5be8-ad7b-4c19-a669-d07f5cf2be07	3	195751823	195934679	80	-0.0321
023e5be8-ad7b-4c19-a669-d07f5cf2be07	3	195963975	196012333	9	0.6581
023e5be8-ad7b-4c19-a669-d07f5cf2be07	3	196012418	198169247	1073	-0.0107
023e5be8-ad7b-4c19-a669-d07f5cf2be07	4	68929	3597665	1432	0.0025
023e5be8-ad7b-4c19-a669-d07f5cf2be07	4	3597723	3600457	3	-1.3574
023e5be8-ad7b-4c19-a669-d07f5cf2be07	4	3607663	9455251	3697	0.006
023e5be8-ad7b-4c19-a669-d07f5cf2be07	4	9459504	9477699	6	-1.3341
023e5be8-ad7b-4c19-a669-d07f5cf2be07	4	9484440	10208766	538	0.0234
023e5be8-ad7b-4c19-a669-d07f5cf2be07	4	10212536	10229874	29	-2.3714
023e5be8-ad7b-4c19-a669-d07f5cf2be07	4	10232590	10233644	7	-0.9621
023e5be8-ad7b-4c19-a669-d07f5cf2be07	4	10234518	21366716	8180	0.0056
023e5be8-ad7b-4c19-a669-d07f5cf2be07	4	21367070	21375228	16	-0.4774
023e5be8-ad7b-4c19-a669-d07f5cf2be07	4	21382117	34777353	8733	-0.0016
023e5be8-ad7b-4c19-a669-d07f5cf2be07	4	34777382	34817589	39	0.579
023e5be8-ad7b-4c19-a669-d07f5cf2be07	4	34819718	34828291	5	1.0967
023e5be8-ad7b-4c19-a669-d07f5cf2be07	4	34828306	41455906	4390	0.0023
023e5be8-ad7b-4c19-a669-d07f5cf2be07	4	41458257	41464836	6	-1.7842
023e5be8-ad7b-4c19-a669-d07f5cf2be07	4	41467868	54353318	6155	0.012
023e5be8-ad7b-4c19-a669-d07f5cf2be07	4	54353363	54354188	8	-0.8431
023e5be8-ad7b-4c19-a669-d07f5cf2be07	4	54355243	69254604	9198	0.0074
023e5be8-ad7b-4c19-a669-d07f5cf2be07	4	69254981	69366406	61	-0.5828
023e5be8-ad7b-4c19-a669-d07f5cf2be07	4	69370433	78687965	5933	0.0063
023e5be8-ad7b-4c19-a669-d07f5cf2be07	4	78688878	78689241	2	-1.8219
023e5be8-ad7b-4c19-a669-d07f5cf2be07	4	78690690	86054070	4461	-0.0068
023e5be8-ad7b-4c19-a669-d07f5cf2be07	4	86054941	86058611	19	-0.8104
023e5be8-ad7b-4c19-a669-d07f5cf2be07	4	86058791	114252544	16808	0.0054
023e5be8-ad7b-4c19-a669-d07f5cf2be07	4	114254167	114261019	23	0.8441
023e5be8-ad7b-4c19-a669-d07f5cf2be07	4	114263073	160958989	27871	0.002
023e5be8-ad7b-4c19-a669-d07f5cf2be07	4	160959045	160963806	20	-0.6872
023e5be8-ad7b-4c19-a669-d07f5cf2be07	4	160963815	172066706	7041	0.0038
023e5be8-ad7b-4c19-a669-d07f5cf2be07	4	172066777	172068382	13	0.988
023e5be8-ad7b-4c19-a669-d07f5cf2be07	4	172074828	190106768	12024	0.0055
023e5be8-ad7b-4c19-a669-d07f5cf2be07	5	15532	667394	298	-0.0241
023e5be8-ad7b-4c19-a669-d07f5cf2be07	5	670630	866255	57	-0.2773
023e5be8-ad7b-4c19-a669-d07f5cf2be07	5	866315	8490382	6377	-0.0031
023e5be8-ad7b-4c19-a669-d07f5cf2be07	5	8494946	8495036	3	-2.081
023e5be8-ad7b-4c19-a669-d07f5cf2be07	5	8495266	15719241	5395	0.0036
023e5be8-ad7b-4c19-a669-d07f5cf2be07	5	15719966	15720488	9	-1.1397
023e5be8-ad7b-4c19-a669-d07f5cf2be07	5	15723237	58025819	23496	0.0029
023e5be8-ad7b-4c19-a669-d07f5cf2be07	5	58030200	58037706	32	1.3523
023e5be8-ad7b-4c19-a669-d07f5cf2be07	5	58042530	180947523	76619	0.0013
023e5be8-ad7b-4c19-a669-d07f5cf2be07	5	180951710	180991103	19	-0.8292
023e5be8-ad7b-4c19-a669-d07f5cf2be07	5	181006225	181363319	170	-0.0314
023e5be8-ad7b-4c19-a669-d07f5cf2be07	6	149661	257353	102	-0.022
023e5be8-ad7b-4c19-a669-d07f5cf2be07	6	258265	303121	25	0.5683
023e5be8-ad7b-4c19-a669-d07f5cf2be07	6	314962	29869537	21432	0.0005
023e5be8-ad7b-4c19-a669-d07f5cf2be07	6	29869681	29907031	21	0.7207
023e5be8-ad7b-4c19-a669-d07f5cf2be07	6	29909182	32082767	930	-0.0104
023e5be8-ad7b-4c19-a669-d07f5cf2be07	6	32089536	32089711	6	0.7349
023e5be8-ad7b-4c19-a669-d07f5cf2be07	6	32089726	32463515	216	-0.0411
023e5be8-ad7b-4c19-a669-d07f5cf2be07	6	32463775	32619680	47	0.4885
023e5be8-ad7b-4c19-a669-d07f5cf2be07	6	32625244	49962843	10919	0.0011
023e5be8-ad7b-4c19-a669-d07f5cf2be07	6	49967022	49970920	5	-1.0733
023e5be8-ad7b-4c19-a669-d07f5cf2be07	6	49976420	64627049	6958	0.0054
023e5be8-ad7b-4c19-a669-d07f5cf2be07	6	64637651	64639099	2	-2.5084
023e5be8-ad7b-4c19-a669-d07f5cf2be07	6	64640883	66497724	1291	0.0096
023e5be8-ad7b-4c19-a669-d07f5cf2be07	6	66503019	66504554	6	-0.9827
023e5be8-ad7b-4c19-a669-d07f5cf2be07	6	66511029	68976737	1703	-0.0036
023e5be8-ad7b-4c19-a669-d07f5cf2be07	6	68977806	68981078	3	-1.3519
023e5be8-ad7b-4c19-a669-d07f5cf2be07	6	68981476	69463404	286	-0.0133
023e5be8-ad7b-4c19-a669-d07f5cf2be07	6	69468568	69472244	3	-1.6085
023e5be8-ad7b-4c19-a669-d07f5cf2be07	6	69476380	78253172	5618	-0.0037
023e5be8-ad7b-4c19-a669-d07f5cf2be07	6	78259348	78325468	111	-0.7017
023e5be8-ad7b-4c19-a669-d07f5cf2be07	6	78329517	103286954	15422	0.0054
023e5be8-ad7b-4c19-a669-d07f5cf2be07	6	103290101	103314186	45	0.7675
023e5be8-ad7b-4c19-a669-d07f5cf2be07	6	103317795	170741917	43977	0.001
023e5be8-ad7b-4c19-a669-d07f5cf2be07	7	43355	26088062	18747	0.006
023e5be8-ad7b-4c19-a669-d07f5cf2be07	7	26088762	26105793	10	-0.9847
023e5be8-ad7b-4c19-a669-d07f5cf2be07	7	26107599	53145619	18723	-0.0001
023e5be8-ad7b-4c19-a669-d07f5cf2be07	7	53145660	53150930	11	-1.135
023e5be8-ad7b-4c19-a669-d07f5cf2be07	7	53151219	54318812	844	-0.0222
023e5be8-ad7b-4c19-a669-d07f5cf2be07	7	54318816	54318824	5	-1.6764
023e5be8-ad7b-4c19-a669-d07f5cf2be07	7	54325795	75808367	7972	0.0096
023e5be8-ad7b-4c19-a669-d07f5cf2be07	7	75809445	75809462	2	-2.1838
023e5be8-ad7b-4c19-a669-d07f5cf2be07	7	75810378	97756423	13781	0.0013
023e5be8-ad7b-4c19-a669-d07f5cf2be07	7	97756621	97773163	18	-0.5935
023e5be8-ad7b-4c19-a669-d07f5cf2be07	7	97774928	126404920	16617	0.0061
023e5be8-ad7b-4c19-a669-d07f5cf2be07	7	126405428	126406561	12	-1.106
023e5be8-ad7b-4c19-a669-d07f5cf2be07	7	126406822	159334314	20751	0.0037
023e5be8-ad7b-4c19-a669-d07f5cf2be07	8	81254	643041	317	0.01
023e5be8-ad7b-4c19-a669-d07f5cf2be07	8	644944	645875	8	-0.8324
023e5be8-ad7b-4c19-a669-d07f5cf2be07	8	645892	645908	2	-3.3454
023e5be8-ad7b-4c19-a669-d07f5cf2be07	8	656117	3669583	2621	0.009
023e5be8-ad7b-4c19-a669-d07f5cf2be07	8	3669712	3669886	2	-2.5007
023e5be8-ad7b-4c19-a669-d07f5cf2be07	8	3671275	7457163	4779	0.0114
023e5be8-ad7b-4c19-a669-d07f5cf2be07	8	7473830	8132772	33	-0.4489
023e5be8-ad7b-4c19-a669-d07f5cf2be07	8	8139659	25114672	13620	-0.002
023e5be8-ad7b-4c19-a669-d07f5cf2be07	8	25116928	25133612	29	0.5883
023e5be8-ad7b-4c19-a669-d07f5cf2be07	8	25133720	32821348	5399	0.0047
023e5be8-ad7b-4c19-a669-d07f5cf2be07	8	32825580	32830895	8	1.3087
023e5be8-ad7b-4c19-a669-d07f5cf2be07	8	32834588	33907070	593	-0.0207
023e5be8-ad7b-4c19-a669-d07f5cf2be07	8	33907403	33908229	3	-1.8571
023e5be8-ad7b-4c19-a669-d07f5cf2be07	8	33912274	37451254	2032	0.0141
023e5be8-ad7b-4c19-a669-d07f5cf2be07	8	37451731	37452009	3	-1.176
023e5be8-ad7b-4c19-a669-d07f5cf2be07	8	37455143	39373140	935	-0.0165
023e5be8-ad7b-4c19-a669-d07f5cf2be07	8	39378084	39529446	59	-2.7853
023e5be8-ad7b-4c19-a669-d07f5cf2be07	8	39530780	46000692	2583	0.0082
023e5be8-ad7b-4c19-a669-d07f5cf2be07	8	46007651	46835670	286	-1.0262
023e5be8-ad7b-4c19-a669-d07f5cf2be07	8	46838916	84345754	22927	-0.0027
023e5be8-ad7b-4c19-a669-d07f5cf2be07	8	84350648	84356431	19	-0.9851
023e5be8-ad7b-4c19-a669-d07f5cf2be07	8	84358447	111279265	16044	0.0016
023e5be8-ad7b-4c19-a669-d07f5cf2be07	8	111282050	111283016	9	-1.7603
023e5be8-ad7b-4c19-a669-d07f5cf2be07	8	111283031	114619814	1817	-0.001
023e5be8-ad7b-4c19-a669-d07f5cf2be07	8	114622258	114629502	35	-0.5101
023e5be8-ad7b-4c19-a669-d07f5cf2be07	8	114638468	131575887	11714	0.002
023e5be8-ad7b-4c19-a669-d07f5cf2be07	8	131576319	131576700	2	-3.3472
023e5be8-ad7b-4c19-a669-d07f5cf2be07	8	131578483	145072769	9260	0.0045
023e5be8-ad7b-4c19-a669-d07f5cf2be07	9	46587	503337	387	-0.0131
023e5be8-ad7b-4c19-a669-d07f5cf2be07	9	507001	534324	27	-0.3556
023e5be8-ad7b-4c19-a669-d07f5cf2be07	9	534759	602903	94	0.0138
023e5be8-ad7b-4c19-a669-d07f5cf2be07	9	606699	606961	4	-2.1938
023e5be8-ad7b-4c19-a669-d07f5cf2be07	9	607307	42295101	30666	0.0013
023e5be8-ad7b-4c19-a669-d07f5cf2be07	9	42295397	42825767	49	0.5802
023e5be8-ad7b-4c19-a669-d07f5cf2be07	9	42834329	63580418	83	0.1056
023e5be8-ad7b-4c19-a669-d07f5cf2be07	9	63590317	63592813	7	1.6859
023e5be8-ad7b-4c19-a669-d07f5cf2be07	9	63614182	138200944	47846	0
023e5be8-ad7b-4c19-a669-d07f5cf2be07	10	45792	9503344	8156	-0.0007
023e5be8-ad7b-4c19-a669-d07f5cf2be07	10	9504334	9504578	2	-1.8658
023e5be8-ad7b-4c19-a669-d07f5cf2be07	10	9506063	15627431	4979	0.0083
023e5be8-ad7b-4c19-a669-d07f5cf2be07	10	15628970	15632208	9	-0.9147
023e5be8-ad7b-4c19-a669-d07f5cf2be07	10	15632417	16034018	284	0.0164
023e5be8-ad7b-4c19-a669-d07f5cf2be07	10	16036155	16036497	2	-1.5209
023e5be8-ad7b-4c19-a669-d07f5cf2be07	10	16036545	24086334	5693	-0.0003
023e5be8-ad7b-4c19-a669-d07f5cf2be07	10	24088745	24089125	11	0.9192
023e5be8-ad7b-4c19-a669-d07f5cf2be07	10	24089979	37524662	9256	-0.001
023e5be8-ad7b-4c19-a669-d07f5cf2be07	10	37532970	37533061	3	-1.5806
023e5be8-ad7b-4c19-a669-d07f5cf2be07	10	37536561	50132160	4889	-0.0023
023e5be8-ad7b-4c19-a669-d07f5cf2be07	10	50144008	50150838	2	2.9538
023e5be8-ad7b-4c19-a669-d07f5cf2be07	10	50178219	133536015	56981	0.0017
023e5be8-ad7b-4c19-a669-d07f5cf2be07	10	133537633	133654968	64	0.5774
023e5be8-ad7b-4c19-a669-d07f5cf2be07	11	198510	4946021	2411	-0.0081
023e5be8-ad7b-4c19-a669-d07f5cf2be07	11	4946166	4955042	32	0.6877
023e5be8-ad7b-4c19-a669-d07f5cf2be07	11	4955781	5766175	780	0.0088
023e5be8-ad7b-4c19-a669-d07f5cf2be07	11	5766850	5787909	32	-0.5246
023e5be8-ad7b-4c19-a669-d07f5cf2be07	11	5788108	12164197	4773	0.0004
023e5be8-ad7b-4c19-a669-d07f5cf2be07	11	12164539	12164749	2	-2.7807
023e5be8-ad7b-4c19-a669-d07f5cf2be07	11	12167960	18919323	4595	-0.0003
023e5be8-ad7b-4c19-a669-d07f5cf2be07	11	18927525	18938568	33	0.5532
023e5be8-ad7b-4c19-a669-d07f5cf2be07	11	18939550	21825348	2601	0.0094
023e5be8-ad7b-4c19-a669-d07f5cf2be07	11	21825960	21827206	5	-3.2999
023e5be8-ad7b-4c19-a669-d07f5cf2be07	11	21829111	55608760	19103	0.0028
023e5be8-ad7b-4c19-a669-d07f5cf2be07	11	55608785	55672514	41	0.4605
023e5be8-ad7b-4c19-a669-d07f5cf2be07	11	55674842	80260060	13205	-0.0016
023e5be8-ad7b-4c19-a669-d07f5cf2be07	11	80261889	80272554	23	-1.111
023e5be8-ad7b-4c19-a669-d07f5cf2be07	11	80273671	135074876	38821	0.0004
023e5be8-ad7b-4c19-a669-d07f5cf2be07	12	51460	8289689	5534	-0.0044
023e5be8-ad7b-4c19-a669-d07f5cf2be07	12	8296516	8296621	2	1.6401
023e5be8-ad7b-4c19-a669-d07f5cf2be07	12	8300870	11351008	1805	-0.0041
023e5be8-ad7b-4c19-a669-d07f5cf2be07	12	11351041	11390472	33	0.6047
023e5be8-ad7b-4c19-a669-d07f5cf2be07	12	11399258	27941988	11493	-0.0031
023e5be8-ad7b-4c19-a669-d07f5cf2be07	12	27942560	27944711	11	-0.9193
023e5be8-ad7b-4c19-a669-d07f5cf2be07	12	27950527	119546020	56630	0.0028
023e5be8-ad7b-4c19-a669-d07f5cf2be07	12	119551082	119552956	16	-0.8517
023e5be8-ad7b-4c19-a669-d07f5cf2be07	12	119556236	133201603	9004	-0.0036
023e5be8-ad7b-4c19-a669-d07f5cf2be07	13	18452809	19547319	530	0.0077
023e5be8-ad7b-4c19-a669-d07f5cf2be07	13	19549755	19549770	2	-2.8426
023e5be8-ad7b-4c19-a669-d07f5cf2be07	13	19550361	57184136	25402	-0.0005
023e5be8-ad7b-4c19-a669-d07f5cf2be07	13	57184155	57204234	32	-0.7397
023e5be8-ad7b-4c19-a669-d07f5cf2be07	13	57204246	67747290	6351	0.009
023e5be8-ad7b-4c19-a669-d07f5cf2be07	13	67747821	67754477	7	-1.2955
023e5be8-ad7b-4c19-a669-d07f5cf2be07	13	67761438	114342922	31591	0.0013
023e5be8-ad7b-4c19-a669-d07f5cf2be07	14	18239283	19019303	30	-0.1269
023e5be8-ad7b-4c19-a669-d07f5cf2be07	14	19049265	19964898	150	0.2944
023e5be8-ad7b-4c19-a669-d07f5cf2be07	14	19964942	73534419	33907	0.0042
023e5be8-ad7b-4c19-a669-d07f5cf2be07	14	73540003	73550834	7	-1.4565
023e5be8-ad7b-4c19-a669-d07f5cf2be07	14	73554275	78690697	3362	-0.001
023e5be8-ad7b-4c19-a669-d07f5cf2be07	14	78694842	78699265	5	-0.9303
023e5be8-ad7b-4c19-a669-d07f5cf2be07	14	78699982	80906396	1453	0.0161
023e5be8-ad7b-4c19-a669-d07f5cf2be07	14	80908478	80911180	3	-1.135
023e5be8-ad7b-4c19-a669-d07f5cf2be07	14	80911209	83305250	1617	0.0061
023e5be8-ad7b-4c19-a669-d07f5cf2be07	14	83311559	83331738	22	-1.1505
023e5be8-ad7b-4c19-a669-d07f5cf2be07	14	83331822	95192216	7832	0.0002
023e5be8-ad7b-4c19-a669-d07f5cf2be07	14	95193410	95195510	7	-0.8744
023e5be8-ad7b-4c19-a669-d07f5cf2be07	14	95197477	106321086	6508	0.0084
023e5be8-ad7b-4c19-a669-d07f5cf2be07	14	106340102	106365807	11	-0.6407
023e5be8-ad7b-4c19-a669-d07f5cf2be07	14	106369985	106423925	28	0.0031
023e5be8-ad7b-4c19-a669-d07f5cf2be07	14	106425447	106462169	46	-0.6789
023e5be8-ad7b-4c19-a669-d07f5cf2be07	14	106462183	106877229	196	0.0404
023e5be8-ad7b-4c19-a669-d07f5cf2be07	15	19811075	20187568	55	-0.0496
023e5be8-ad7b-4c19-a669-d07f5cf2be07	15	20190276	22483983	156	0.4576
023e5be8-ad7b-4c19-a669-d07f5cf2be07	15	22572323	24429604	987	0.0138
023e5be8-ad7b-4c19-a669-d07f5cf2be07	15	24429740	24473026	32	-0.6211
023e5be8-ad7b-4c19-a669-d07f5cf2be07	15	24473449	30291233	3608	-0.0004
023e5be8-ad7b-4c19-a669-d07f5cf2be07	15	30297594	30633402	20	0.55
023e5be8-ad7b-4c19-a669-d07f5cf2be07	15	30638297	32179735	1037	-0.0088
023e5be8-ad7b-4c19-a669-d07f5cf2be07	15	32212063	32220019	9	-0.9809
023e5be8-ad7b-4c19-a669-d07f5cf2be07	15	32239115	43553305	7225	0.0029
023e5be8-ad7b-4c19-a669-d07f5cf2be07	15	43592920	43646608	22	0.6665
023e5be8-ad7b-4c19-a669-d07f5cf2be07	15	43692744	92222525	30801	0.0021
023e5be8-ad7b-4c19-a669-d07f5cf2be07	15	92222644	92223064	3	2.005
023e5be8-ad7b-4c19-a669-d07f5cf2be07	15	92223528	101928837	7394	-0.0067
023e5be8-ad7b-4c19-a669-d07f5cf2be07	16	10777	27320653	18102	-0.0008
023e5be8-ad7b-4c19-a669-d07f5cf2be07	16	27326291	27339366	12	-1.1979
023e5be8-ad7b-4c19-a669-d07f5cf2be07	16	27341867	32295899	1791	-0.0087
023e5be8-ad7b-4c19-a669-d07f5cf2be07	16	32383608	32513457	9	-0.8541
023e5be8-ad7b-4c19-a669-d07f5cf2be07	16	32553191	48535326	1431	0.0025
023e5be8-ad7b-4c19-a669-d07f5cf2be07	16	48535903	48537679	2	-2.042
023e5be8-ad7b-4c19-a669-d07f5cf2be07	16	48539167	55761136	5496	0.008
023e5be8-ad7b-4c19-a669-d07f5cf2be07	16	55762477	55788485	21	-0.8594
023e5be8-ad7b-4c19-a669-d07f5cf2be07	16	55788532	90096867	24804	-0.0016
023e5be8-ad7b-4c19-a669-d07f5cf2be07	17	150733	16786555	10441	-0.0031
023e5be8-ad7b-4c19-a669-d07f5cf2be07	17	16798212	16819487	6	-1.2122
023e5be8-ad7b-4c19-a669-d07f5cf2be07	17	16834846	18452078	907	-0.0044
023e5be8-ad7b-4c19-a669-d07f5cf2be07	17	18455632	18509244	16	1.0996
023e5be8-ad7b-4c19-a669-d07f5cf2be07	17	18523147	28452035	2260	0.0018
023e5be8-ad7b-4c19-a669-d07f5cf2be07	17	28454323	28455301	2	1.4558
023e5be8-ad7b-4c19-a669-d07f5cf2be07	17	28462253	36109735	4560	-0.0011
023e5be8-ad7b-4c19-a669-d07f5cf2be07	17	36112585	36157718	34	0.848
023e5be8-ad7b-4c19-a669-d07f5cf2be07	17	36200725	41224178	2503	-0.003
023e5be8-ad7b-4c19-a669-d07f5cf2be07	17	41231308	41237517	5	-0.8919
023e5be8-ad7b-4c19-a669-d07f5cf2be07	17	41239604	41266762	13	-0.0627
023e5be8-ad7b-4c19-a669-d07f5cf2be07	17	41266774	41274198	22	1.0402
023e5be8-ad7b-4c19-a669-d07f5cf2be07	17	41274279	46135838	2528	0.0034
023e5be8-ad7b-4c19-a669-d07f5cf2be07	17	46136346	46351954	91	-0.2863
023e5be8-ad7b-4c19-a669-d07f5cf2be07	17	46446345	46446360	2	0.3657
023e5be8-ad7b-4c19-a669-d07f5cf2be07	17	46569894	46571001	2	2.4452
023e5be8-ad7b-4c19-a669-d07f5cf2be07	17	46664059	52928754	3590	-0.0012
023e5be8-ad7b-4c19-a669-d07f5cf2be07	17	52929820	52930076	2	-1.7155
023e5be8-ad7b-4c19-a669-d07f5cf2be07	17	52930419	58134739	3740	0.0003
023e5be8-ad7b-4c19-a669-d07f5cf2be07	17	58135153	58136733	4	-1.2374
023e5be8-ad7b-4c19-a669-d07f5cf2be07	17	58140037	76789516	10949	-0.0034
023e5be8-ad7b-4c19-a669-d07f5cf2be07	17	76792055	76792658	3	-1.3588
023e5be8-ad7b-4c19-a669-d07f5cf2be07	17	76802292	83091923	3196	-0.0087
023e5be8-ad7b-4c19-a669-d07f5cf2be07	18	48133	80257174	50546	0.0026
023e5be8-ad7b-4c19-a669-d07f5cf2be07	19	90910	42805160	20351	-0.002
023e5be8-ad7b-4c19-a669-d07f5cf2be07	19	42811459	43236813	189	-0.9949
023e5be8-ad7b-4c19-a669-d07f5cf2be07	19	43249149	51628560	4140	-0.0115
023e5be8-ad7b-4c19-a669-d07f5cf2be07	19	51639099	51644683	10	-2.8982
023e5be8-ad7b-4c19-a669-d07f5cf2be07	19	51644944	56201725	2810	-0.0029
023e5be8-ad7b-4c19-a669-d07f5cf2be07	19	56202579	56211390	10	-0.982
023e5be8-ad7b-4c19-a669-d07f5cf2be07	19	56212254	58586487	1503	-0.0056
023e5be8-ad7b-4c19-a669-d07f5cf2be07	20	80664	1571528	1175	-0.0173
023e5be8-ad7b-4c19-a669-d07f5cf2be07	20	1571784	1579916	18	-0.8349
023e5be8-ad7b-4c19-a669-d07f5cf2be07	20	1580141	1580353	5	-0.1
023e5be8-ad7b-4c19-a669-d07f5cf2be07	20	1580934	1613247	41	1.5351
023e5be8-ad7b-4c19-a669-d07f5cf2be07	20	1617300	64324800	40977	0.0017
023e5be8-ad7b-4c19-a669-d07f5cf2be07	21	10354168	10552032	45	-0.4051
023e5be8-ad7b-4c19-a669-d07f5cf2be07	21	10556305	36182224	16390	0.0016
023e5be8-ad7b-4c19-a669-d07f5cf2be07	21	36183028	36185510	5	-1.1838
023e5be8-ad7b-4c19-a669-d07f5cf2be07	21	36185553	46677045	7330	-0.0055
023e5be8-ad7b-4c19-a669-d07f5cf2be07	22	15294547	42827943	17249	-0.0079
023e5be8-ad7b-4c19-a669-d07f5cf2be07	22	42829168	42829186	2	-2
023e5be8-ad7b-4c19-a669-d07f5cf2be07	22	42830593	46549558	2655	0.0009
023e5be8-ad7b-4c19-a669-d07f5cf2be07	22	46552556	46555232	3	-2.1565
023e5be8-ad7b-4c19-a669-d07f5cf2be07	22	46557636	50796027	3288	-0.0233
023e5be8-ad7b-4c19-a669-d07f5cf2be07	X	251810	55674826	32018	0.0037
023e5be8-ad7b-4c19-a669-d07f5cf2be07	X	55676226	55681123	3	-2.7693
023e5be8-ad7b-4c19-a669-d07f5cf2be07	X	55681253	155952689	51433	0.001
023e5be8-ad7b-4c19-a669-d07f5cf2be07	Y	2782397	6233384	782	-2.7426
023e5be8-ad7b-4c19-a669-d07f5cf2be07	Y	6249869	8632342	1177	-3.2162
023e5be8-ad7b-4c19-a669-d07f5cf2be07	Y	8632861	8654617	9	-5.5267
023e5be8-ad7b-4c19-a669-d07f5cf2be07	Y	8654875	9330531	257	-3.416
023e5be8-ad7b-4c19-a669-d07f5cf2be07	Y	9332936	9553097	23	-5.1777
023e5be8-ad7b-4c19-a669-d07f5cf2be07	Y	9553467	25692987	4213	-3.1654
023e5be8-ad7b-4c19-a669-d07f5cf2be07	Y	25968161	56872112	174	-2.8385
