GDC_Aliquot	Chromosome	Start	End	Num_Probes	Segment_Mean
78dafacf-73e6-47ad-a3f2-8b44439ac459	1	3301765	247650984	129532	0.0061
78dafacf-73e6-47ad-a3f2-8b44439ac459	2	480597	241537572	131938	0.0063
78dafacf-73e6-47ad-a3f2-8b44439ac459	3	2170634	95002700	51650	0.0101
78dafacf-73e6-47ad-a3f2-8b44439ac459	3	95004107	95005893	3	-1.8846
78dafacf-73e6-47ad-a3f2-8b44439ac459	3	95006359	197812401	55369	0.0084
78dafacf-73e6-47ad-a3f2-8b44439ac459	4	1059384	127203998	70957	0.0082
78dafacf-73e6-47ad-a3f2-8b44439ac459	4	127204202	127206507	3	-1.9338
78dafacf-73e6-47ad-a3f2-8b44439ac459	4	127207226	187842528	32382	0.0121
78dafacf-73e6-47ad-a3f2-8b44439ac459	5	914118	175236601	98435	0.0095
78dafacf-73e6-47ad-a3f2-8b44439ac459	5	175240925	175249642	7	-1.0526
78dafacf-73e6-47ad-a3f2-8b44439ac459	5	175251848	180934240	2530	-0.0009
78dafacf-73e6-47ad-a3f2-8b44439ac459	6	1011760	1297939	289	-0.0304
78dafacf-73e6-47ad-a3f2-8b44439ac459	6	1298073	1299316	3	-1.5809
78dafacf-73e6-47ad-a3f2-8b44439ac459	6	1299656	170596889	96702	0.0071
78dafacf-73e6-47ad-a3f2-8b44439ac459	7	664936	158592540	81798	0.009
78dafacf-73e6-47ad-a3f2-8b44439ac459	8	667625	77675899	43091	0.008
78dafacf-73e6-47ad-a3f2-8b44439ac459	8	77680268	77680573	3	1.3659
78dafacf-73e6-47ad-a3f2-8b44439ac459	8	77681641	144182542	38989	0.0092
78dafacf-73e6-47ad-a3f2-8b44439ac459	9	789794	138044505	68342	0.0045
78dafacf-73e6-47ad-a3f2-8b44439ac459	10	366509	13978908	9839	-0.0009
78dafacf-73e6-47ad-a3f2-8b44439ac459	10	13984870	13992324	10	-0.8454
78dafacf-73e6-47ad-a3f2-8b44439ac459	10	13997320	133411599	71297	0.008
78dafacf-73e6-47ad-a3f2-8b44439ac459	11	456012	20262712	12613	0.0068
78dafacf-73e6-47ad-a3f2-8b44439ac459	11	20262874	20264242	3	-1.4055
78dafacf-73e6-47ad-a3f2-8b44439ac459	11	20264979	134272740	64807	0.007
78dafacf-73e6-47ad-a3f2-8b44439ac459	12	780472	132605822	74200	0.0066
78dafacf-73e6-47ad-a3f2-8b44439ac459	13	18874255	114226675	56912	0.0088
78dafacf-73e6-47ad-a3f2-8b44439ac459	14	20033191	105533894	49686	0.0047
78dafacf-73e6-47ad-a3f2-8b44439ac459	15	23437561	101344124	44710	0.0056
78dafacf-73e6-47ad-a3f2-8b44439ac459	16	603333	51041916	16613	0.0039
78dafacf-73e6-47ad-a3f2-8b44439ac459	16	51042563	51049180	10	0.6804
78dafacf-73e6-47ad-a3f2-8b44439ac459	16	51050069	89317317	24501	0.008
78dafacf-73e6-47ad-a3f2-8b44439ac459	17	1074619	82959812	37211	0.0045
78dafacf-73e6-47ad-a3f2-8b44439ac459	18	326691	11176381	6458	0.0111
78dafacf-73e6-47ad-a3f2-8b44439ac459	18	11176927	11177109	2	-1.7105
78dafacf-73e6-47ad-a3f2-8b44439ac459	18	11180662	79349796	36413	0.0073
78dafacf-73e6-47ad-a3f2-8b44439ac459	19	283868	45244986	18716	0.0034
78dafacf-73e6-47ad-a3f2-8b44439ac459	19	45245096	45245997	2	-2.1484
78dafacf-73e6-47ad-a3f2-8b44439ac459	19	45253118	58370362	5394	0.0055
78dafacf-73e6-47ad-a3f2-8b44439ac459	20	472817	57108940	33236	0.0025
78dafacf-73e6-47ad-a3f2-8b44439ac459	20	57109027	57110371	3	-1.7769
78dafacf-73e6-47ad-a3f2-8b44439ac459	20	57113701	63588502	4251	0.0046
78dafacf-73e6-47ad-a3f2-8b44439ac459	21	13974127	18162519	2599	0.0023
78dafacf-73e6-47ad-a3f2-8b44439ac459	21	18163075	18164668	7	-0.801
78dafacf-73e6-47ad-a3f2-8b44439ac459	21	18165690	46262057	17955	0.0073
78dafacf-73e6-47ad-a3f2-8b44439ac459	22	16934932	48940621	17060	0.0083
78dafacf-73e6-47ad-a3f2-8b44439ac459	X	3236359	155677414	63918	0.0075
