GDC_Aliquot	Chromosome	Start	End	Num_Probes	Segment_Mean
81dd5665-da08-458b-b2b8-157aef735201	1	62920	2026474	342	-0.0035
81dd5665-da08-458b-b2b8-157aef735201	1	2038310	3214026	358	-0.1672
81dd5665-da08-458b-b2b8-157aef735201	1	3218611	15823420	7632	0.0128
81dd5665-da08-458b-b2b8-157aef735201	1	15827002	15827430	6	-1.9808
81dd5665-da08-458b-b2b8-157aef735201	1	15827706	16542868	302	0.0231
81dd5665-da08-458b-b2b8-157aef735201	1	16544783	16689764	36	-0.4685
81dd5665-da08-458b-b2b8-157aef735201	1	16718963	16721984	6	-1.8649
81dd5665-da08-458b-b2b8-157aef735201	1	16766762	16935752	69	-0.5941
81dd5665-da08-458b-b2b8-157aef735201	1	16949746	25256188	5255	0.0164
81dd5665-da08-458b-b2b8-157aef735201	1	25256352	25320455	27	0.4445
81dd5665-da08-458b-b2b8-157aef735201	1	25336819	61648334	21427	0.0201
81dd5665-da08-458b-b2b8-157aef735201	1	61648509	61652515	3	-1.2365
81dd5665-da08-458b-b2b8-157aef735201	1	61654137	72297687	7293	0.0215
81dd5665-da08-458b-b2b8-157aef735201	1	72302735	72345465	48	-1.2094
81dd5665-da08-458b-b2b8-157aef735201	1	72346221	75585159	1929	0.0233
81dd5665-da08-458b-b2b8-157aef735201	1	75589078	75589169	2	-2.5479
81dd5665-da08-458b-b2b8-157aef735201	1	75593824	102190637	17332	0.0232
81dd5665-da08-458b-b2b8-157aef735201	1	102192088	102365198	136	0.2071
81dd5665-da08-458b-b2b8-157aef735201	1	102365213	103616762	621	0.0236
81dd5665-da08-458b-b2b8-157aef735201	1	103620877	103717410	5	1.4307
81dd5665-da08-458b-b2b8-157aef735201	1	103717617	109684893	3573	0.03
81dd5665-da08-458b-b2b8-157aef735201	1	109690352	109697556	13	1.2413
81dd5665-da08-458b-b2b8-157aef735201	1	109702376	110822250	825	0.0148
81dd5665-da08-458b-b2b8-157aef735201	1	110823480	110852488	58	0.3038
81dd5665-da08-458b-b2b8-157aef735201	1	110852766	112147704	1065	0.0225
81dd5665-da08-458b-b2b8-157aef735201	1	112153343	112154768	25	-0.6046
81dd5665-da08-458b-b2b8-157aef735201	1	112163334	147094757	5525	0.0231
81dd5665-da08-458b-b2b8-157aef735201	1	147095259	147131046	20	-0.4618
81dd5665-da08-458b-b2b8-157aef735201	1	147131366	152580550	2055	0.0279
81dd5665-da08-458b-b2b8-157aef735201	1	152582700	152613762	33	0.5561
81dd5665-da08-458b-b2b8-157aef735201	1	152613802	182113837	19960	0.0203
81dd5665-da08-458b-b2b8-157aef735201	1	182115841	182118201	6	-1.2225
81dd5665-da08-458b-b2b8-157aef735201	1	182118842	194479104	8243	0.0241
81dd5665-da08-458b-b2b8-157aef735201	1	194482281	194485888	2	2.8779
81dd5665-da08-458b-b2b8-157aef735201	1	194487886	196745743	1450	0.029
81dd5665-da08-458b-b2b8-157aef735201	1	196758720	196832312	56	-0.5546
81dd5665-da08-458b-b2b8-157aef735201	1	196832525	208273841	7408	0.0231
81dd5665-da08-458b-b2b8-157aef735201	1	208273870	208283592	22	0.6789
81dd5665-da08-458b-b2b8-157aef735201	1	208284364	209897717	1357	0.0277
81dd5665-da08-458b-b2b8-157aef735201	1	209908268	209908720	2	-1.5579
81dd5665-da08-458b-b2b8-157aef735201	1	209910639	217026435	4954	0.0229
81dd5665-da08-458b-b2b8-157aef735201	1	217026686	217027061	2	1.5937
81dd5665-da08-458b-b2b8-157aef735201	1	217027238	219226452	1548	0.0107
81dd5665-da08-458b-b2b8-157aef735201	1	219229085	219229423	3	-1.3914
81dd5665-da08-458b-b2b8-157aef735201	1	219231724	246219655	18923	0.0193
81dd5665-da08-458b-b2b8-157aef735201	1	246219668	246221612	2	-1.6327
81dd5665-da08-458b-b2b8-157aef735201	1	246230530	246766901	314	0.0129
81dd5665-da08-458b-b2b8-157aef735201	1	246767262	246791686	41	-0.3272
81dd5665-da08-458b-b2b8-157aef735201	1	246792676	248930189	1229	0.0329
81dd5665-da08-458b-b2b8-157aef735201	2	12784	1348827	883	-0.0106
81dd5665-da08-458b-b2b8-157aef735201	2	1351624	1912805	353	-0.0992
81dd5665-da08-458b-b2b8-157aef735201	2	1912858	34466002	22846	0.0136
81dd5665-da08-458b-b2b8-157aef735201	2	34474248	34515732	52	0.5293
81dd5665-da08-458b-b2b8-157aef735201	2	34515960	41010869	4790	0.0313
81dd5665-da08-458b-b2b8-157aef735201	2	41010908	41011848	15	0.6
81dd5665-da08-458b-b2b8-157aef735201	2	41015457	46262993	3894	0.0228
81dd5665-da08-458b-b2b8-157aef735201	2	46263662	46265133	2	-2.0091
81dd5665-da08-458b-b2b8-157aef735201	2	46265543	52527330	4295	0.0337
81dd5665-da08-458b-b2b8-157aef735201	2	52527342	52554404	39	-2.3713
81dd5665-da08-458b-b2b8-157aef735201	2	52560811	86901078	21985	0.018
81dd5665-da08-458b-b2b8-157aef735201	2	86902080	87074984	12	-0.4164
81dd5665-da08-458b-b2b8-157aef735201	2	87079825	87082140	2	-2.3062
81dd5665-da08-458b-b2b8-157aef735201	2	87082711	87528459	97	-0.0455
81dd5665-da08-458b-b2b8-157aef735201	2	87542032	87575400	5	-0.8308
81dd5665-da08-458b-b2b8-157aef735201	2	87575894	88933156	564	0.0041
81dd5665-da08-458b-b2b8-157aef735201	2	88936763	89019816	45	-0.1871
81dd5665-da08-458b-b2b8-157aef735201	2	89021424	89069842	11	-0.9564
81dd5665-da08-458b-b2b8-157aef735201	2	89085826	97192190	1101	-0.0209
81dd5665-da08-458b-b2b8-157aef735201	2	97199600	97211436	14	-1.1293
81dd5665-da08-458b-b2b8-157aef735201	2	97310327	207490231	66397	0.0181
81dd5665-da08-458b-b2b8-157aef735201	2	207490454	207493563	10	-0.9851
81dd5665-da08-458b-b2b8-157aef735201	2	207494007	212294228	3018	0.0092
81dd5665-da08-458b-b2b8-157aef735201	2	212297443	212327508	60	0.2543
81dd5665-da08-458b-b2b8-157aef735201	2	212328104	212520793	131	-0.0207
81dd5665-da08-458b-b2b8-157aef735201	2	212520898	212521351	2	-2.389
81dd5665-da08-458b-b2b8-157aef735201	2	212522839	232315640	12631	0.018
81dd5665-da08-458b-b2b8-157aef735201	2	232315703	232472772	97	-0.183
81dd5665-da08-458b-b2b8-157aef735201	2	232474838	242147305	6148	0.0069
81dd5665-da08-458b-b2b8-157aef735201	3	20930	6604856	5818	0.0372
81dd5665-da08-458b-b2b8-157aef735201	3	6609441	6613728	27	-0.7889
81dd5665-da08-458b-b2b8-157aef735201	3	6613743	52998022	29874	0.0187
81dd5665-da08-458b-b2b8-157aef735201	3	52999132	53005473	29	-0.5737
81dd5665-da08-458b-b2b8-157aef735201	3	53005661	59769804	4585	0.0128
81dd5665-da08-458b-b2b8-157aef735201	3	59769844	59771515	6	-0.9309
81dd5665-da08-458b-b2b8-157aef735201	3	59771849	68697013	7438	0.0193
81dd5665-da08-458b-b2b8-157aef735201	3	68697108	68698262	14	-1.6401
81dd5665-da08-458b-b2b8-157aef735201	3	68699607	75450448	4902	0.0131
81dd5665-da08-458b-b2b8-157aef735201	3	75450463	75828653	93	-0.2826
81dd5665-da08-458b-b2b8-157aef735201	3	75832122	84649683	4914	0.0189
81dd5665-da08-458b-b2b8-157aef735201	3	84649706	84653312	21	0.451
81dd5665-da08-458b-b2b8-157aef735201	3	84653449	95737262	4129	0.0196
81dd5665-da08-458b-b2b8-157aef735201	3	95748036	95749266	2	-2.8243
81dd5665-da08-458b-b2b8-157aef735201	3	95749836	99225632	1849	0.0068
81dd5665-da08-458b-b2b8-157aef735201	3	99225667	99232120	37	-0.4728
81dd5665-da08-458b-b2b8-157aef735201	3	99232539	125730683	16243	0.0213
81dd5665-da08-458b-b2b8-157aef735201	3	125730771	125739919	7	-0.9828
81dd5665-da08-458b-b2b8-157aef735201	3	125743486	129593367	2244	0.0059
81dd5665-da08-458b-b2b8-157aef735201	3	129594146	129597751	3	-1.7454
81dd5665-da08-458b-b2b8-157aef735201	3	129598742	130018540	198	0.0425
81dd5665-da08-458b-b2b8-157aef735201	3	130022523	130088155	52	-0.2539
81dd5665-da08-458b-b2b8-157aef735201	3	130089433	138065980	4922	0.0179
81dd5665-da08-458b-b2b8-157aef735201	3	138068440	138080329	13	-0.5851
81dd5665-da08-458b-b2b8-157aef735201	3	138080449	140823697	1788	0.0063
81dd5665-da08-458b-b2b8-157aef735201	3	140826859	140828142	2	-3.2949
81dd5665-da08-458b-b2b8-157aef735201	3	140841776	162807070	13546	0.0218
81dd5665-da08-458b-b2b8-157aef735201	3	162810842	162822702	10	-1.0787
81dd5665-da08-458b-b2b8-157aef735201	3	162827928	165342056	1395	0.0253
81dd5665-da08-458b-b2b8-157aef735201	3	165342166	165345169	14	0.6386
81dd5665-da08-458b-b2b8-157aef735201	3	165346787	169012392	2080	0.0236
81dd5665-da08-458b-b2b8-157aef735201	3	169015614	169020840	2	-1.6934
81dd5665-da08-458b-b2b8-157aef735201	3	169022039	186980310	11221	0.0187
81dd5665-da08-458b-b2b8-157aef735201	3	186983049	186991016	3	-1.8195
81dd5665-da08-458b-b2b8-157aef735201	3	186992830	193155915	4496	0.0207
81dd5665-da08-458b-b2b8-157aef735201	3	193156018	193168971	30	0.5942
81dd5665-da08-458b-b2b8-157aef735201	3	193169072	194523993	891	-0.0046
81dd5665-da08-458b-b2b8-157aef735201	3	194524911	194532008	3	-1.1392
81dd5665-da08-458b-b2b8-157aef735201	3	194532531	195685341	585	-0.0019
81dd5665-da08-458b-b2b8-157aef735201	3	195691392	195715696	15	0.7242
81dd5665-da08-458b-b2b8-157aef735201	3	195715711	198169247	1190	0.0124
81dd5665-da08-458b-b2b8-157aef735201	4	68929	3896017	1570	-0.0246
81dd5665-da08-458b-b2b8-157aef735201	4	3899125	4173850	70	-0.3756
81dd5665-da08-458b-b2b8-157aef735201	4	4174887	9477699	3524	-0.0021
81dd5665-da08-458b-b2b8-157aef735201	4	9484440	9624789	39	-0.3895
81dd5665-da08-458b-b2b8-157aef735201	4	9625216	10208766	498	-0.0211
81dd5665-da08-458b-b2b8-157aef735201	4	10221792	10237673	39	-0.8514
81dd5665-da08-458b-b2b8-157aef735201	4	10239039	49214614	25981	0.0185
81dd5665-da08-458b-b2b8-157aef735201	4	49289175	49289338	2	-1.8695
81dd5665-da08-458b-b2b8-157aef735201	4	49295203	62802116	7013	0.0136
81dd5665-da08-458b-b2b8-157aef735201	4	62804218	62805416	6	-0.8771
81dd5665-da08-458b-b2b8-157aef735201	4	62805869	64969531	1272	0.0331
81dd5665-da08-458b-b2b8-157aef735201	4	64969642	64978333	12	0.653
81dd5665-da08-458b-b2b8-157aef735201	4	64978716	68509223	2175	0.0224
81dd5665-da08-458b-b2b8-157aef735201	4	68509237	68663241	69	0.4715
81dd5665-da08-458b-b2b8-157aef735201	4	68671434	69261934	312	0.0425
81dd5665-da08-458b-b2b8-157aef735201	4	69262694	69366081	52	-0.5896
81dd5665-da08-458b-b2b8-157aef735201	4	69366304	114252544	27328	0.0187
81dd5665-da08-458b-b2b8-157aef735201	4	114254167	114263073	24	0.9319
81dd5665-da08-458b-b2b8-157aef735201	4	114263096	160943196	27936	0.0207
81dd5665-da08-458b-b2b8-157aef735201	4	160943404	160964151	54	0.3512
81dd5665-da08-458b-b2b8-157aef735201	4	160964197	164744253	2471	0.0183
81dd5665-da08-458b-b2b8-157aef735201	4	164745887	164751797	3	-1.7168
81dd5665-da08-458b-b2b8-157aef735201	4	164762765	168042708	1990	0.0239
81dd5665-da08-458b-b2b8-157aef735201	4	168043341	168050219	9	0.7094
81dd5665-da08-458b-b2b8-157aef735201	4	168050232	171448195	2181	0.015
81dd5665-da08-458b-b2b8-157aef735201	4	171453733	171456307	9	-0.8431
81dd5665-da08-458b-b2b8-157aef735201	4	171456559	172066777	400	0.0145
81dd5665-da08-458b-b2b8-157aef735201	4	172067997	172068354	10	0.9908
81dd5665-da08-458b-b2b8-157aef735201	4	172068368	189884957	12025	0.0174
81dd5665-da08-458b-b2b8-157aef735201	4	189886368	190106768	53	-0.3412
81dd5665-da08-458b-b2b8-157aef735201	5	15532	896700	371	-0.1157
81dd5665-da08-458b-b2b8-157aef735201	5	905586	908425	3	-1.4192
81dd5665-da08-458b-b2b8-157aef735201	5	913276	1890119	547	-0.0872
81dd5665-da08-458b-b2b8-157aef735201	5	1891707	15719241	11250	0.0114
81dd5665-da08-458b-b2b8-157aef735201	5	15719966	15720488	9	-0.8866
81dd5665-da08-458b-b2b8-157aef735201	5	15723237	17478492	1174	0.015
81dd5665-da08-458b-b2b8-157aef735201	5	17481490	17680610	51	-0.2583
81dd5665-da08-458b-b2b8-157aef735201	5	17681225	20432649	1698	0.0219
81dd5665-da08-458b-b2b8-157aef735201	5	20436787	20564211	141	0.1917
81dd5665-da08-458b-b2b8-157aef735201	5	20566972	27525283	3998	0.022
81dd5665-da08-458b-b2b8-157aef735201	5	27525407	27527372	10	0.6343
81dd5665-da08-458b-b2b8-157aef735201	5	27528377	58025819	16491	0.0177
81dd5665-da08-458b-b2b8-157aef735201	5	58030200	58037706	32	1.6898
81dd5665-da08-458b-b2b8-157aef735201	5	58042530	106891826	28244	0.023
81dd5665-da08-458b-b2b8-157aef735201	5	106893972	106895197	7	-0.9304
81dd5665-da08-458b-b2b8-157aef735201	5	106896815	136330801	19454	0.0191
81dd5665-da08-458b-b2b8-157aef735201	5	136331697	136331722	2	-2.7211
81dd5665-da08-458b-b2b8-157aef735201	5	136332095	176632615	26903	0.0131
81dd5665-da08-458b-b2b8-157aef735201	5	176632663	176749382	74	-0.2516
81dd5665-da08-458b-b2b8-157aef735201	5	176750521	177740962	401	0.0183
81dd5665-da08-458b-b2b8-157aef735201	5	177770954	177805604	5	-0.9435
81dd5665-da08-458b-b2b8-157aef735201	5	177827964	178680821	447	0.0183
81dd5665-da08-458b-b2b8-157aef735201	5	178682974	178686162	3	-2.6748
81dd5665-da08-458b-b2b8-157aef735201	5	178691854	181363319	1534	0.0014
81dd5665-da08-458b-b2b8-157aef735201	6	149661	329869	138	-0.05
81dd5665-da08-458b-b2b8-157aef735201	6	330704	364468	46	-0.5761
81dd5665-da08-458b-b2b8-157aef735201	6	364486	29869295	21456	0.0156
81dd5665-da08-458b-b2b8-157aef735201	6	29869410	29882419	17	-1.2122
81dd5665-da08-458b-b2b8-157aef735201	6	29882497	32619680	1216	-0.0103
81dd5665-da08-458b-b2b8-157aef735201	6	32625244	32658841	18	-1.0782
81dd5665-da08-458b-b2b8-157aef735201	6	32682835	33969659	789	0.0088
81dd5665-da08-458b-b2b8-157aef735201	6	33969677	33970029	7	0.7408
81dd5665-da08-458b-b2b8-157aef735201	6	33970222	33974928	8	-0.9564
81dd5665-da08-458b-b2b8-157aef735201	6	33976809	46830701	8176	0.0185
81dd5665-da08-458b-b2b8-157aef735201	6	46835608	46846140	8	-0.9726
81dd5665-da08-458b-b2b8-157aef735201	6	46846574	65684197	9627	0.0217
81dd5665-da08-458b-b2b8-157aef735201	6	65689589	65693959	23	-0.6471
81dd5665-da08-458b-b2b8-157aef735201	6	65697234	76708370	7197	0.0309
81dd5665-da08-458b-b2b8-157aef735201	6	76708490	76758921	44	0.4166
81dd5665-da08-458b-b2b8-157aef735201	6	76759379	78262451	980	0.0315
81dd5665-da08-458b-b2b8-157aef735201	6	78262749	78336185	110	0.5373
81dd5665-da08-458b-b2b8-157aef735201	6	78336944	93911025	9984	0.0222
81dd5665-da08-458b-b2b8-157aef735201	6	93913982	94540075	417	0.1604
81dd5665-da08-458b-b2b8-157aef735201	6	94542403	103135844	4963	0.0271
81dd5665-da08-458b-b2b8-157aef735201	6	103138141	103139928	2	-1.9468
81dd5665-da08-458b-b2b8-157aef735201	6	103142814	103286770	96	0.0322
81dd5665-da08-458b-b2b8-157aef735201	6	103286928	103290349	9	0.2827
81dd5665-da08-458b-b2b8-157aef735201	6	103290414	103317795	42	-1.2944
81dd5665-da08-458b-b2b8-157aef735201	6	103317836	124114796	12693	0.0225
81dd5665-da08-458b-b2b8-157aef735201	6	124114927	124149616	20	0.602
81dd5665-da08-458b-b2b8-157aef735201	6	124150388	133945130	6361	0.0191
81dd5665-da08-458b-b2b8-157aef735201	6	133947933	133948494	2	-1.7753
81dd5665-da08-458b-b2b8-157aef735201	6	133950934	152168778	12093	0.0194
81dd5665-da08-458b-b2b8-157aef735201	6	152171382	152172713	8	-0.9902
81dd5665-da08-458b-b2b8-157aef735201	6	152173686	156148601	2859	0.0217
81dd5665-da08-458b-b2b8-157aef735201	6	156149071	156149097	2	1.6528
81dd5665-da08-458b-b2b8-157aef735201	6	156149931	162534540	4447	0.0123
81dd5665-da08-458b-b2b8-157aef735201	6	162536063	162700862	116	-1.0299
81dd5665-da08-458b-b2b8-157aef735201	6	162701188	170741917	5560	-0.0059
81dd5665-da08-458b-b2b8-157aef735201	7	43355	6758397	3413	-0.0017
81dd5665-da08-458b-b2b8-157aef735201	7	6790272	7018793	78	-0.312
81dd5665-da08-458b-b2b8-157aef735201	7	7018950	13547787	5354	0.0209
81dd5665-da08-458b-b2b8-157aef735201	7	13550519	13552049	9	-0.9465
81dd5665-da08-458b-b2b8-157aef735201	7	13558316	26092670	9964	0.0283
81dd5665-da08-458b-b2b8-157aef735201	7	26102772	26105793	4	-3.3056
81dd5665-da08-458b-b2b8-157aef735201	7	26107599	65108474	22672	0.0149
81dd5665-da08-458b-b2b8-157aef735201	7	65133963	65190971	5	-1.3599
81dd5665-da08-458b-b2b8-157aef735201	7	65191262	68043516	1249	-0.0126
81dd5665-da08-458b-b2b8-157aef735201	7	68052758	68061465	10	-0.6497
81dd5665-da08-458b-b2b8-157aef735201	7	68061939	76424968	3973	0.0064
81dd5665-da08-458b-b2b8-157aef735201	7	76426530	76632839	39	-0.3384
81dd5665-da08-458b-b2b8-157aef735201	7	76637700	76799532	52	-0.0169
81dd5665-da08-458b-b2b8-157aef735201	7	76801171	77118694	99	0.5994
81dd5665-da08-458b-b2b8-157aef735201	7	77130464	88636489	7508	0.0197
81dd5665-da08-458b-b2b8-157aef735201	7	88637346	89711432	702	0.1068
81dd5665-da08-458b-b2b8-157aef735201	7	89712313	98951593	5748	0.0177
81dd5665-da08-458b-b2b8-157aef735201	7	98954344	99000965	35	-0.3118
81dd5665-da08-458b-b2b8-157aef735201	7	99001710	101429907	952	0.0111
81dd5665-da08-458b-b2b8-157aef735201	7	101435947	101471932	21	-0.4281
81dd5665-da08-458b-b2b8-157aef735201	7	101472713	109793690	5021	0.0206
81dd5665-da08-458b-b2b8-157aef735201	7	109793720	109819049	47	0.3677
81dd5665-da08-458b-b2b8-157aef735201	7	109819131	111199020	915	0.0263
81dd5665-da08-458b-b2b8-157aef735201	7	111199343	111252795	44	0.3347
81dd5665-da08-458b-b2b8-157aef735201	7	111253518	117742894	3896	0.0237
81dd5665-da08-458b-b2b8-157aef735201	7	117745597	119516924	1011	0.5935
81dd5665-da08-458b-b2b8-157aef735201	7	119520307	126404920	4149	0.0157
81dd5665-da08-458b-b2b8-157aef735201	7	126405428	126406823	14	1.184
81dd5665-da08-458b-b2b8-157aef735201	7	126406824	134104531	4714	0.0195
81dd5665-da08-458b-b2b8-157aef735201	7	134104753	134110951	9	-0.8111
81dd5665-da08-458b-b2b8-157aef735201	7	134111088	154635962	12886	0.0103
81dd5665-da08-458b-b2b8-157aef735201	7	154636288	154636708	3	-1.5717
81dd5665-da08-458b-b2b8-157aef735201	7	154637850	159334314	3201	-0.0138
81dd5665-da08-458b-b2b8-157aef735201	8	81254	645790	329	0.0039
81dd5665-da08-458b-b2b8-157aef735201	8	645875	645908	3	-1.69
81dd5665-da08-458b-b2b8-157aef735201	8	656117	3303176	2175	-0.0058
81dd5665-da08-458b-b2b8-157aef735201	8	3303217	3303375	4	-1.4695
81dd5665-da08-458b-b2b8-157aef735201	8	3303514	5223595	2822	0.0322
81dd5665-da08-458b-b2b8-157aef735201	8	5226653	5232770	11	0.754
81dd5665-da08-458b-b2b8-157aef735201	8	5232874	6969664	2290	0.0347
81dd5665-da08-458b-b2b8-157aef735201	8	6969677	8104937	155	-0.2304
81dd5665-da08-458b-b2b8-157aef735201	8	8110806	12092042	3227	0.0029
81dd5665-da08-458b-b2b8-157aef735201	8	12130217	12176798	7	-1.2173
81dd5665-da08-458b-b2b8-157aef735201	8	12177488	12389977	30	0.4761
81dd5665-da08-458b-b2b8-157aef735201	8	12418301	13702810	1008	0.0154
81dd5665-da08-458b-b2b8-157aef735201	8	13705459	13708153	2	-1.5735
81dd5665-da08-458b-b2b8-157aef735201	8	13708547	25118687	9413	0.02
81dd5665-da08-458b-b2b8-157aef735201	8	25119021	25126626	16	-1.0877
81dd5665-da08-458b-b2b8-157aef735201	8	25126641	39373140	9019	0.0163
81dd5665-da08-458b-b2b8-157aef735201	8	39378084	39529446	58	-2.094
81dd5665-da08-458b-b2b8-157aef735201	8	39530780	43801894	2563	0.0101
81dd5665-da08-458b-b2b8-157aef735201	8	43802295	46503830	153	-0.275
81dd5665-da08-458b-b2b8-157aef735201	8	46503845	53067761	3786	0.0134
81dd5665-da08-458b-b2b8-157aef735201	8	53068090	53076093	10	-0.7305
81dd5665-da08-458b-b2b8-157aef735201	8	53078258	57461716	2874	0.007
81dd5665-da08-458b-b2b8-157aef735201	8	57461738	57465687	9	-0.643
81dd5665-da08-458b-b2b8-157aef735201	8	57468448	71303076	8500	0.0205
81dd5665-da08-458b-b2b8-157aef735201	8	71303129	71303791	2	-1.5459
81dd5665-da08-458b-b2b8-157aef735201	8	71303903	114622325	25935	0.02
81dd5665-da08-458b-b2b8-157aef735201	8	114622424	114623472	11	0.693
81dd5665-da08-458b-b2b8-157aef735201	8	114626121	141041556	19329	0.0154
81dd5665-da08-458b-b2b8-157aef735201	8	141044125	142410372	803	-0.1417
81dd5665-da08-458b-b2b8-157aef735201	8	142423108	145072769	948	-0.0416
81dd5665-da08-458b-b2b8-157aef735201	9	46587	394523	261	0.0686
81dd5665-da08-458b-b2b8-157aef735201	9	395235	396293	4	1.1863
81dd5665-da08-458b-b2b8-157aef735201	9	396380	9880593	9185	0.0251
81dd5665-da08-458b-b2b8-157aef735201	9	9881015	9969965	129	0.2376
81dd5665-da08-458b-b2b8-157aef735201	9	9969967	11518640	1316	0.0422
81dd5665-da08-458b-b2b8-157aef735201	9	11519008	11906379	286	0.2063
81dd5665-da08-458b-b2b8-157aef735201	9	11913018	42585140	20145	0.026
81dd5665-da08-458b-b2b8-157aef735201	9	42697878	42727685	13	-0.8505
81dd5665-da08-458b-b2b8-157aef735201	9	42729302	61405110	41	-0.0322
81dd5665-da08-458b-b2b8-157aef735201	9	61520021	61668104	32	-1.5486
81dd5665-da08-458b-b2b8-157aef735201	9	61680289	63697032	63	-0.0059
81dd5665-da08-458b-b2b8-157aef735201	9	63697496	63728261	6	-0.9602
81dd5665-da08-458b-b2b8-157aef735201	9	63728413	67216687	85	-0.0062
81dd5665-da08-458b-b2b8-157aef735201	9	67375814	68375055	20	-0.4388
81dd5665-da08-458b-b2b8-157aef735201	9	68381085	106913073	27068	0.0192
81dd5665-da08-458b-b2b8-157aef735201	9	106913992	106914149	2	-1.5638
81dd5665-da08-458b-b2b8-157aef735201	9	106914612	127729204	15251	0.0185
81dd5665-da08-458b-b2b8-157aef735201	9	127729719	127730299	2	-1.7995
81dd5665-da08-458b-b2b8-157aef735201	9	127733220	138200944	5566	0.0085
81dd5665-da08-458b-b2b8-157aef735201	10	45792	42159354	29084	0.0202
81dd5665-da08-458b-b2b8-157aef735201	10	42160224	42264605	15	-0.6774
81dd5665-da08-458b-b2b8-157aef735201	10	42267782	42414163	53	-0.0824
81dd5665-da08-458b-b2b8-157aef735201	10	42419916	42421167	3	-0.9769
81dd5665-da08-458b-b2b8-157aef735201	10	42421199	43118413	484	0.0201
81dd5665-da08-458b-b2b8-157aef735201	10	43118608	43118900	4	-1.0466
81dd5665-da08-458b-b2b8-157aef735201	10	43120057	46215762	1867	0.0102
81dd5665-da08-458b-b2b8-157aef735201	10	46215867	46217974	5	-0.8809
81dd5665-da08-458b-b2b8-157aef735201	10	46221032	46522571	149	-0.0812
81dd5665-da08-458b-b2b8-157aef735201	10	46525652	46526280	14	0.7879
81dd5665-da08-458b-b2b8-157aef735201	10	46526920	46898735	41	-0.3196
81dd5665-da08-458b-b2b8-157aef735201	10	46901552	65540090	12684	0.0265
81dd5665-da08-458b-b2b8-157aef735201	10	65540316	65554688	35	-0.331
81dd5665-da08-458b-b2b8-157aef735201	10	65563037	79491575	9210	0.0212
81dd5665-da08-458b-b2b8-157aef735201	10	79523511	79684125	16	-0.3034
81dd5665-da08-458b-b2b8-157aef735201	10	79689251	79754434	8	-1.053
81dd5665-da08-458b-b2b8-157aef735201	10	79763550	122564250	29069	0.0173
81dd5665-da08-458b-b2b8-157aef735201	10	122574497	122597296	7	-1.369
81dd5665-da08-458b-b2b8-157aef735201	10	122598210	129392359	5067	0.0107
81dd5665-da08-458b-b2b8-157aef735201	10	129392497	129412413	15	-0.5553
81dd5665-da08-458b-b2b8-157aef735201	10	129412780	130772542	1075	-0.0089
81dd5665-da08-458b-b2b8-157aef735201	10	130775256	130817911	57	-0.295
81dd5665-da08-458b-b2b8-157aef735201	10	130818592	133654968	1680	-0.0334
81dd5665-da08-458b-b2b8-157aef735201	11	198510	382007	87	-0.1367
81dd5665-da08-458b-b2b8-157aef735201	11	383554	456012	16	-0.6658
81dd5665-da08-458b-b2b8-157aef735201	11	456120	3398272	1174	0.0113
81dd5665-da08-458b-b2b8-157aef735201	11	3400513	3508708	28	-0.3974
81dd5665-da08-458b-b2b8-157aef735201	11	3509441	4286769	451	0.0022
81dd5665-da08-458b-b2b8-157aef735201	11	4298482	4314648	5	-0.8526
81dd5665-da08-458b-b2b8-157aef735201	11	4314837	4946420	655	0.0437
81dd5665-da08-458b-b2b8-157aef735201	11	4947280	4955042	30	0.9822
81dd5665-da08-458b-b2b8-157aef735201	11	4955781	5761882	778	0.0505
81dd5665-da08-458b-b2b8-157aef735201	11	5762165	5787146	34	0.4231
81dd5665-da08-458b-b2b8-157aef735201	11	5787818	6086560	241	-0.017
81dd5665-da08-458b-b2b8-157aef735201	11	6087039	6100864	8	-1.3032
81dd5665-da08-458b-b2b8-157aef735201	11	6101273	19863208	10036	0.0198
81dd5665-da08-458b-b2b8-157aef735201	11	19863283	19869910	4	-1.0808
81dd5665-da08-458b-b2b8-157aef735201	11	19870316	20822345	830	0.0305
81dd5665-da08-458b-b2b8-157aef735201	11	20823306	20828212	3	-1.2377
81dd5665-da08-458b-b2b8-157aef735201	11	20828684	21733139	846	0.0071
81dd5665-da08-458b-b2b8-157aef735201	11	21735961	21741547	3	-1.0543
81dd5665-da08-458b-b2b8-157aef735201	11	21741865	21825348	71	0.0264
81dd5665-da08-458b-b2b8-157aef735201	11	21825960	21827206	5	-1.2459
81dd5665-da08-458b-b2b8-157aef735201	11	21829111	49737435	18438	0.0209
81dd5665-da08-458b-b2b8-157aef735201	11	49738003	49739136	6	-1.0826
81dd5665-da08-458b-b2b8-157aef735201	11	49744609	55619309	745	0.0245
81dd5665-da08-458b-b2b8-157aef735201	11	55625832	55707880	50	0.4905
81dd5665-da08-458b-b2b8-157aef735201	11	55708084	56232995	377	0.1116
81dd5665-da08-458b-b2b8-157aef735201	11	56235401	65305495	4886	0.0146
81dd5665-da08-458b-b2b8-157aef735201	11	65307702	65935052	268	-0.1375
81dd5665-da08-458b-b2b8-157aef735201	11	65935152	67757947	690	0.0225
81dd5665-da08-458b-b2b8-157aef735201	11	67758412	67853996	23	-0.472
81dd5665-da08-458b-b2b8-157aef735201	11	67856981	80256469	7001	0.0122
81dd5665-da08-458b-b2b8-157aef735201	11	80256504	80256520	2	-3.4005
81dd5665-da08-458b-b2b8-157aef735201	11	80256642	85725809	3860	0.0376
81dd5665-da08-458b-b2b8-157aef735201	11	85725825	85762205	25	-0.9961
81dd5665-da08-458b-b2b8-157aef735201	11	85764397	89923071	2724	0.0157
81dd5665-da08-458b-b2b8-157aef735201	11	89962925	89966336	2	1.5322
81dd5665-da08-458b-b2b8-157aef735201	11	90043678	93056846	2148	0.0245
81dd5665-da08-458b-b2b8-157aef735201	11	93057665	93472224	279	0.1527
81dd5665-da08-458b-b2b8-157aef735201	11	93472265	97380101	2847	0.0098
81dd5665-da08-458b-b2b8-157aef735201	11	97384074	97384632	3	-1.0938
81dd5665-da08-458b-b2b8-157aef735201	11	97385478	101723653	3409	0.0255
81dd5665-da08-458b-b2b8-157aef735201	11	101727129	101727233	4	1.5144
81dd5665-da08-458b-b2b8-157aef735201	11	101727481	135074876	23722	0.0142
81dd5665-da08-458b-b2b8-157aef735201	12	51460	9477960	6171	0.0087
81dd5665-da08-458b-b2b8-157aef735201	12	9481274	9575696	24	1.3208
81dd5665-da08-458b-b2b8-157aef735201	12	9582373	11358644	1178	0.048
81dd5665-da08-458b-b2b8-157aef735201	12	11359558	11399818	32	-0.7272
81dd5665-da08-458b-b2b8-157aef735201	12	11399848	33140973	15365	0.0217
81dd5665-da08-458b-b2b8-157aef735201	12	33141564	33226505	73	0.259
81dd5665-da08-458b-b2b8-157aef735201	12	33226654	34314940	655	0.0526
81dd5665-da08-458b-b2b8-157aef735201	12	34315590	34330205	10	-0.6644
81dd5665-da08-458b-b2b8-157aef735201	12	34330665	37678421	138	-0.0717
81dd5665-da08-458b-b2b8-157aef735201	12	37678471	38108412	82	0.2198
81dd5665-da08-458b-b2b8-157aef735201	12	38108685	38173115	40	-0.2985
81dd5665-da08-458b-b2b8-157aef735201	12	38175137	38343820	87	0.0039
81dd5665-da08-458b-b2b8-157aef735201	12	38349636	38818084	283	0.1416
81dd5665-da08-458b-b2b8-157aef735201	12	38818514	45506042	4255	0.0217
81dd5665-da08-458b-b2b8-157aef735201	12	45510655	45515754	4	1.1677
81dd5665-da08-458b-b2b8-157aef735201	12	45519509	52300265	3724	0.0172
81dd5665-da08-458b-b2b8-157aef735201	12	52300509	52392242	101	-0.2031
81dd5665-da08-458b-b2b8-157aef735201	12	52393437	59779242	4439	0.0237
81dd5665-da08-458b-b2b8-157aef735201	12	59779575	59779625	2	-1.9471
81dd5665-da08-458b-b2b8-157aef735201	12	59780047	72812551	8400	0.0152
81dd5665-da08-458b-b2b8-157aef735201	12	72812626	72813411	2	-1.6775
81dd5665-da08-458b-b2b8-157aef735201	12	72814187	99398036	17025	0.0208
81dd5665-da08-458b-b2b8-157aef735201	12	99401515	99404956	31	-0.6582
81dd5665-da08-458b-b2b8-157aef735201	12	99409315	113808381	9203	0.0169
81dd5665-da08-458b-b2b8-157aef735201	12	113810538	113924678	101	-0.196
81dd5665-da08-458b-b2b8-157aef735201	12	113928528	131613371	12818	0.0103
81dd5665-da08-458b-b2b8-157aef735201	12	131613387	131636170	19	-0.4512
81dd5665-da08-458b-b2b8-157aef735201	12	131648039	131648790	13	-2.231
81dd5665-da08-458b-b2b8-157aef735201	12	131657925	132734468	344	0.0052
81dd5665-da08-458b-b2b8-157aef735201	12	132735358	132735826	2	-1.9525
81dd5665-da08-458b-b2b8-157aef735201	12	132735860	133201603	213	-0.0196
81dd5665-da08-458b-b2b8-157aef735201	13	18452809	18862160	97	-0.2269
81dd5665-da08-458b-b2b8-157aef735201	13	18864667	23055048	2758	0.0131
81dd5665-da08-458b-b2b8-157aef735201	13	23055071	23059074	10	0.6727
81dd5665-da08-458b-b2b8-157aef735201	13	23059140	57176962	23152	0.0178
81dd5665-da08-458b-b2b8-157aef735201	13	57184136	57215580	35	-0.5608
81dd5665-da08-458b-b2b8-157aef735201	13	57215875	68684883	6902	0.0283
81dd5665-da08-458b-b2b8-157aef735201	13	68685082	68694110	21	-0.8455
81dd5665-da08-458b-b2b8-157aef735201	13	68694987	70172012	960	-0.0061
81dd5665-da08-458b-b2b8-157aef735201	13	70172617	70244381	67	0.2695
81dd5665-da08-458b-b2b8-157aef735201	13	70249977	105355563	23718	0.0195
81dd5665-da08-458b-b2b8-157aef735201	13	105356791	105417440	47	0.2937
81dd5665-da08-458b-b2b8-157aef735201	13	105420371	114342922	6356	0.0017
81dd5665-da08-458b-b2b8-157aef735201	14	18239283	19932561	152	-0.3821
81dd5665-da08-458b-b2b8-157aef735201	14	19932636	22550265	1918	0.0503
81dd5665-da08-458b-b2b8-157aef735201	14	22550865	22550878	2	-1.7567
81dd5665-da08-458b-b2b8-157aef735201	14	22551762	27144638	2948	0.0158
81dd5665-da08-458b-b2b8-157aef735201	14	27151680	27154676	5	-1.2113
81dd5665-da08-458b-b2b8-157aef735201	14	27156665	38481810	7110	0.0193
81dd5665-da08-458b-b2b8-157aef735201	14	38483797	38546476	28	0.3955
81dd5665-da08-458b-b2b8-157aef735201	14	38548191	63340314	15672	0.0211
81dd5665-da08-458b-b2b8-157aef735201	14	63341771	63357080	14	0.6013
81dd5665-da08-458b-b2b8-157aef735201	14	63359967	69545885	3754	0.0156
81dd5665-da08-458b-b2b8-157aef735201	14	69546084	69556009	19	-0.6431
81dd5665-da08-458b-b2b8-157aef735201	14	69556227	73529070	2623	0.0208
81dd5665-da08-458b-b2b8-157aef735201	14	73534419	73563196	10	-1.9392
81dd5665-da08-458b-b2b8-157aef735201	14	73563211	106340305	20872	0.0134
81dd5665-da08-458b-b2b8-157aef735201	14	106340774	106365807	9	-1.4643
81dd5665-da08-458b-b2b8-157aef735201	14	106369985	106504296	87	0.2381
81dd5665-da08-458b-b2b8-157aef735201	14	106509297	106877229	183	-0.018
81dd5665-da08-458b-b2b8-157aef735201	15	19811075	20056983	49	-0.0578
81dd5665-da08-458b-b2b8-157aef735201	15	20059033	22385639	157	0.3815
81dd5665-da08-458b-b2b8-157aef735201	15	22395047	24396515	985	-0.0198
81dd5665-da08-458b-b2b8-157aef735201	15	24401996	24473449	41	-0.6412
81dd5665-da08-458b-b2b8-157aef735201	15	24480146	30199184	3597	0.0053
81dd5665-da08-458b-b2b8-157aef735201	15	30201158	30658326	40	-0.4121
81dd5665-da08-458b-b2b8-157aef735201	15	30658545	44933059	8843	0.0188
81dd5665-da08-458b-b2b8-157aef735201	15	44937398	44942884	5	-0.967
81dd5665-da08-458b-b2b8-157aef735201	15	44946546	83871986	24620	0.0185
81dd5665-da08-458b-b2b8-157aef735201	15	83874133	83874798	5	-1.2536
81dd5665-da08-458b-b2b8-157aef735201	15	83878525	99901654	11632	0.0222
81dd5665-da08-458b-b2b8-157aef735201	15	99901910	100137032	205	-0.1582
81dd5665-da08-458b-b2b8-157aef735201	15	100137105	101928837	1353	-0.0071
81dd5665-da08-458b-b2b8-157aef735201	16	10777	1412534	455	-0.0876
81dd5665-da08-458b-b2b8-157aef735201	16	1418392	2434858	397	0.0231
81dd5665-da08-458b-b2b8-157aef735201	16	2438692	2541212	25	0.4967
81dd5665-da08-458b-b2b8-157aef735201	16	2544037	5122237	1326	0.0218
81dd5665-da08-458b-b2b8-157aef735201	16	5124274	5175317	30	-0.3727
81dd5665-da08-458b-b2b8-157aef735201	16	5176642	5522125	319	-0.0178
81dd5665-da08-458b-b2b8-157aef735201	16	5522377	5557889	71	-0.2272
81dd5665-da08-458b-b2b8-157aef735201	16	5558088	5558150	2	-2.4413
81dd5665-da08-458b-b2b8-157aef735201	16	5558336	27320653	15543	0.0143
81dd5665-da08-458b-b2b8-157aef735201	16	27326291	27339366	11	-1.1201
81dd5665-da08-458b-b2b8-157aef735201	16	27341867	90096867	33676	0.0092
81dd5665-da08-458b-b2b8-157aef735201	17	150733	4637352	2434	0.0159
81dd5665-da08-458b-b2b8-157aef735201	17	4641036	4641171	2	-2.6478
81dd5665-da08-458b-b2b8-157aef735201	17	4643884	8339592	2099	0.0216
81dd5665-da08-458b-b2b8-157aef735201	17	8344229	8344415	2	-2.2002
81dd5665-da08-458b-b2b8-157aef735201	17	8346140	18414080	6852	0.0149
81dd5665-da08-458b-b2b8-157aef735201	17	18452078	18550123	24	-1.7091
81dd5665-da08-458b-b2b8-157aef735201	17	18561272	36109735	6831	0.011
81dd5665-da08-458b-b2b8-157aef735201	17	36112585	36200725	34	-0.3603
81dd5665-da08-458b-b2b8-157aef735201	17	36208249	41265456	2523	0.0185
81dd5665-da08-458b-b2b8-157aef735201	17	41266762	41274279	24	1.2341
81dd5665-da08-458b-b2b8-157aef735201	17	41276472	43784923	1371	0.0094
81dd5665-da08-458b-b2b8-157aef735201	17	43785793	43786472	2	-1.5162
81dd5665-da08-458b-b2b8-157aef735201	17	43787333	45749300	889	0.0181
81dd5665-da08-458b-b2b8-157aef735201	17	45749843	45924295	105	-0.1951
81dd5665-da08-458b-b2b8-157aef735201	17	45924772	46080121	127	0.0335
81dd5665-da08-458b-b2b8-157aef735201	17	46080231	46446360	134	0.3583
81dd5665-da08-458b-b2b8-157aef735201	17	46569894	52975453	3636	0.0205
81dd5665-da08-458b-b2b8-157aef735201	17	52980711	53318409	237	0.1968
81dd5665-da08-458b-b2b8-157aef735201	17	53318609	69889125	9813	0.0172
81dd5665-da08-458b-b2b8-157aef735201	17	69889342	69895785	3	-2.0656
81dd5665-da08-458b-b2b8-157aef735201	17	69895877	74005936	3247	0.0204
81dd5665-da08-458b-b2b8-157aef735201	17	74006384	74656792	418	-0.1298
81dd5665-da08-458b-b2b8-157aef735201	17	74657093	81042058	3465	0.0098
81dd5665-da08-458b-b2b8-157aef735201	17	81047415	81073313	15	-0.6849
81dd5665-da08-458b-b2b8-157aef735201	17	81075141	83091923	730	-0.0058
81dd5665-da08-458b-b2b8-157aef735201	18	48133	40678763	22784	0.0167
81dd5665-da08-458b-b2b8-157aef735201	18	40680456	40685425	19	0.9517
81dd5665-da08-458b-b2b8-157aef735201	18	40688060	63920055	16029	0.0173
81dd5665-da08-458b-b2b8-157aef735201	18	63920434	66054343	1467	0.0654
81dd5665-da08-458b-b2b8-157aef735201	18	66060256	66060903	11	0.7422
81dd5665-da08-458b-b2b8-157aef735201	18	66061104	69079304	2223	0.0383
81dd5665-da08-458b-b2b8-157aef735201	18	69079320	69090459	34	0.4168
81dd5665-da08-458b-b2b8-157aef735201	18	69090472	73038607	2881	0.044
81dd5665-da08-458b-b2b8-157aef735201	18	73038650	73133570	64	0.3813
81dd5665-da08-458b-b2b8-157aef735201	18	73135485	73631071	406	0.0902
81dd5665-da08-458b-b2b8-157aef735201	18	73631840	80257174	4817	-0.0027
81dd5665-da08-458b-b2b8-157aef735201	19	90910	5506648	1584	0.0084
81dd5665-da08-458b-b2b8-157aef735201	19	5510228	5510642	3	-1.9287
81dd5665-da08-458b-b2b8-157aef735201	19	5510689	35358420	15105	0.011
81dd5665-da08-458b-b2b8-157aef735201	19	35364451	35370946	21	-1.9476
81dd5665-da08-458b-b2b8-157aef735201	19	35375842	42743373	3671	0.0154
81dd5665-da08-458b-b2b8-157aef735201	19	42751065	42850300	40	0.5929
81dd5665-da08-458b-b2b8-157aef735201	19	42858500	42927865	29	-0.1044
81dd5665-da08-458b-b2b8-157aef735201	19	42930578	42943316	8	-0.8032
81dd5665-da08-458b-b2b8-157aef735201	19	42943650	43444315	228	-0.0447
81dd5665-da08-458b-b2b8-157aef735201	19	43445053	52677701	4759	0.0221
81dd5665-da08-458b-b2b8-157aef735201	19	52678081	54226378	1042	-0.0571
81dd5665-da08-458b-b2b8-157aef735201	19	54226396	54249482	14	0.6756
81dd5665-da08-458b-b2b8-157aef735201	19	54249619	54812586	286	-0.0147
81dd5665-da08-458b-b2b8-157aef735201	19	54815158	54862363	21	-0.6475
81dd5665-da08-458b-b2b8-157aef735201	19	54866553	55771003	437	-0.0171
81dd5665-da08-458b-b2b8-157aef735201	19	55771169	55771701	3	-2.9776
81dd5665-da08-458b-b2b8-157aef735201	19	55774927	58586487	1837	0.0011
81dd5665-da08-458b-b2b8-157aef735201	20	80664	1580353	1201	-0.0155
81dd5665-da08-458b-b2b8-157aef735201	20	1580934	1617690	44	1.3396
81dd5665-da08-458b-b2b8-157aef735201	20	1618356	5514423	2845	0.0295
81dd5665-da08-458b-b2b8-157aef735201	20	5518745	5629967	68	0.2589
81dd5665-da08-458b-b2b8-157aef735201	20	5630091	24736729	15092	0.0217
81dd5665-da08-458b-b2b8-157aef735201	20	24738436	24779057	36	-0.3704
81dd5665-da08-458b-b2b8-157aef735201	20	24779741	26324943	729	-0.0069
81dd5665-da08-458b-b2b8-157aef735201	20	30185676	30271154	16	-0.7328
81dd5665-da08-458b-b2b8-157aef735201	20	30293217	63656176	22060	0.015
81dd5665-da08-458b-b2b8-157aef735201	20	63658982	64260467	254	-0.159
81dd5665-da08-458b-b2b8-157aef735201	20	64261403	64324800	26	0.1011
81dd5665-da08-458b-b2b8-157aef735201	21	10354168	13583316	269	0.0061
81dd5665-da08-458b-b2b8-157aef735201	21	13612103	13677975	4	-1.1452
81dd5665-da08-458b-b2b8-157aef735201	21	13803967	15612424	1195	0.0208
81dd5665-da08-458b-b2b8-157aef735201	21	15619801	15638233	24	0.4569
81dd5665-da08-458b-b2b8-157aef735201	21	15638319	17726808	1370	0.0303
81dd5665-da08-458b-b2b8-157aef735201	21	17727589	17727605	2	-1.4319
81dd5665-da08-458b-b2b8-157aef735201	21	17736291	26908194	6994	0.0326
81dd5665-da08-458b-b2b8-157aef735201	21	26910341	26910533	3	-1.6896
81dd5665-da08-458b-b2b8-157aef735201	21	26911285	31864142	3568	0.0273
81dd5665-da08-458b-b2b8-157aef735201	21	31865670	31867735	3	-2.7061
81dd5665-da08-458b-b2b8-157aef735201	21	31879236	46677045	10425	0.0053
81dd5665-da08-458b-b2b8-157aef735201	22	15294547	18783014	1137	-0.0156
81dd5665-da08-458b-b2b8-157aef735201	22	18818348	18822597	3	1.7535
81dd5665-da08-458b-b2b8-157aef735201	22	18917479	25596626	4410	-0.0416
81dd5665-da08-458b-b2b8-157aef735201	22	25596749	48929644	16518	0.0151
81dd5665-da08-458b-b2b8-157aef735201	22	48929714	49292478	390	-0.0863
81dd5665-da08-458b-b2b8-157aef735201	22	49292994	49295374	6	-1.0503
81dd5665-da08-458b-b2b8-157aef735201	22	49300926	50528603	656	-0.097
81dd5665-da08-458b-b2b8-157aef735201	22	50534679	50535325	6	-1.2754
81dd5665-da08-458b-b2b8-157aef735201	22	50535883	50796027	142	-0.0144
81dd5665-da08-458b-b2b8-157aef735201	X	251810	152728527	82253	0.0206
81dd5665-da08-458b-b2b8-157aef735201	X	152731111	154735502	946	-0.0603
81dd5665-da08-458b-b2b8-157aef735201	X	154735781	155952689	419	0.0338
81dd5665-da08-458b-b2b8-157aef735201	Y	2782397	6790428	864	-2.7608
81dd5665-da08-458b-b2b8-157aef735201	Y	6792738	23586854	5583	-3.2275
81dd5665-da08-458b-b2b8-157aef735201	Y	23784615	56872112	192	-2.8031
