GDC_Aliquot	Chromosome	Start	End	Num_Probes	Segment_Mean
47d20168-28d0-40e5-ae4d-a20b636bad37	1	62920	777165	23	-0.6093
47d20168-28d0-40e5-ae4d-a20b636bad37	1	783283	15823420	8305	-0.0021
47d20168-28d0-40e5-ae4d-a20b636bad37	1	15827002	15827362	5	-1.4882
47d20168-28d0-40e5-ae4d-a20b636bad37	1	15827430	16525019	300	0.0147
47d20168-28d0-40e5-ae4d-a20b636bad37	1	16542868	16884157	63	-0.4285
47d20168-28d0-40e5-ae4d-a20b636bad37	1	16886219	109690352	57593	0.0019
47d20168-28d0-40e5-ae4d-a20b636bad37	1	109690415	109702376	13	1.0139
47d20168-28d0-40e5-ae4d-a20b636bad37	1	109703504	112147704	1942	0.0019
47d20168-28d0-40e5-ae4d-a20b636bad37	1	112153343	112163583	36	0.4282
47d20168-28d0-40e5-ae4d-a20b636bad37	1	112163591	121601998	5142	0.0094
47d20168-28d0-40e5-ae4d-a20b636bad37	1	121705338	144432313	131	-0.5789
47d20168-28d0-40e5-ae4d-a20b636bad37	1	144442092	152583051	2306	-0.0096
47d20168-28d0-40e5-ae4d-a20b636bad37	1	152583230	152613762	31	1.7621
47d20168-28d0-40e5-ae4d-a20b636bad37	1	152613802	152787202	170	-0.0135
47d20168-28d0-40e5-ae4d-a20b636bad37	1	152789447	152796224	37	-1.3764
47d20168-28d0-40e5-ae4d-a20b636bad37	1	152801429	248574146	65015	0.0036
47d20168-28d0-40e5-ae4d-a20b636bad37	1	248585893	248633912	32	-0.4906
47d20168-28d0-40e5-ae4d-a20b636bad37	1	248645563	248930189	141	0.0586
47d20168-28d0-40e5-ae4d-a20b636bad37	2	12784	35750907	24955	-0.0013
47d20168-28d0-40e5-ae4d-a20b636bad37	2	35752724	35761650	4	-1.4741
47d20168-28d0-40e5-ae4d-a20b636bad37	2	35761842	37772304	1573	0.0006
47d20168-28d0-40e5-ae4d-a20b636bad37	2	37775195	37785081	22	-0.5508
47d20168-28d0-40e5-ae4d-a20b636bad37	2	37785636	41011533	2330	-0.0015
47d20168-28d0-40e5-ae4d-a20b636bad37	2	41011670	41024093	17	-0.6583
47d20168-28d0-40e5-ae4d-a20b636bad37	2	41024125	52527743	8159	0.003
47d20168-28d0-40e5-ae4d-a20b636bad37	2	52531615	52554259	28	0.9166
47d20168-28d0-40e5-ae4d-a20b636bad37	2	52554274	242147305	112074	0.0014
47d20168-28d0-40e5-ae4d-a20b636bad37	3	20930	13539536	11099	0.0084
47d20168-28d0-40e5-ae4d-a20b636bad37	3	13539747	13542028	4	-1.7963
47d20168-28d0-40e5-ae4d-a20b636bad37	3	13543813	130044016	71157	0.0101
47d20168-28d0-40e5-ae4d-a20b636bad37	3	130044855	130087393	38	-1.6663
47d20168-28d0-40e5-ae4d-a20b636bad37	3	130088081	162795304	20218	0.0112
47d20168-28d0-40e5-ae4d-a20b636bad37	3	162795361	162908207	67	0.9844
47d20168-28d0-40e5-ae4d-a20b636bad37	3	162908784	193133056	19097	0.0113
47d20168-28d0-40e5-ae4d-a20b636bad37	3	193133076	193133115	2	-2.3901
47d20168-28d0-40e5-ae4d-a20b636bad37	3	193133574	193162798	37	-0.0091
47d20168-28d0-40e5-ae4d-a20b636bad37	3	193162937	193165080	9	-0.9343
47d20168-28d0-40e5-ae4d-a20b636bad37	3	193165099	198169247	2694	0.0106
47d20168-28d0-40e5-ae4d-a20b636bad37	4	68929	10227493	5696	-0.0006
47d20168-28d0-40e5-ae4d-a20b636bad37	4	10227562	10229874	19	-2.0419
47d20168-28d0-40e5-ae4d-a20b636bad37	4	10232590	12329132	1756	0.0098
47d20168-28d0-40e5-ae4d-a20b636bad37	4	12340485	12342502	4	-1.2063
47d20168-28d0-40e5-ae4d-a20b636bad37	4	12342622	34784878	15180	0.0117
47d20168-28d0-40e5-ae4d-a20b636bad37	4	34785333	34819718	35	-0.4827
47d20168-28d0-40e5-ae4d-a20b636bad37	4	34822561	49214614	8958	0.0114
47d20168-28d0-40e5-ae4d-a20b636bad37	4	49289175	49656595	20	-0.7698
47d20168-28d0-40e5-ae4d-a20b636bad37	4	51819533	114254167	38125	0.0095
47d20168-28d0-40e5-ae4d-a20b636bad37	4	114254188	114261019	22	-1.2788
47d20168-28d0-40e5-ae4d-a20b636bad37	4	114263073	137021755	13096	0.0156
47d20168-28d0-40e5-ae4d-a20b636bad37	4	137021888	137021901	3	-1.909
47d20168-28d0-40e5-ae4d-a20b636bad37	4	137025215	156621639	12118	0.006
47d20168-28d0-40e5-ae4d-a20b636bad37	4	156625407	156626385	2	-2.3367
47d20168-28d0-40e5-ae4d-a20b636bad37	4	156628079	160959560	2666	0.0044
47d20168-28d0-40e5-ae4d-a20b636bad37	4	160959660	160966393	26	0.5514
47d20168-28d0-40e5-ae4d-a20b636bad37	4	160966965	171456293	6640	0.0062
47d20168-28d0-40e5-ae4d-a20b636bad37	4	171456307	171456559	2	-1.7111
47d20168-28d0-40e5-ae4d-a20b636bad37	4	171456573	172066777	394	0.0245
47d20168-28d0-40e5-ae4d-a20b636bad37	4	172067997	172068382	12	-1.4637
47d20168-28d0-40e5-ae4d-a20b636bad37	4	172074828	190106768	12048	0.0061
47d20168-28d0-40e5-ae4d-a20b636bad37	5	15532	698357	308	0.0077
47d20168-28d0-40e5-ae4d-a20b636bad37	5	698390	773453	25	0.6336
47d20168-28d0-40e5-ae4d-a20b636bad37	5	779766	46251204	30272	0.0092
47d20168-28d0-40e5-ae4d-a20b636bad37	5	46270906	46278110	9	-1.4589
47d20168-28d0-40e5-ae4d-a20b636bad37	5	46313245	101900648	30405	0.0103
47d20168-28d0-40e5-ae4d-a20b636bad37	5	101901356	101902105	3	-1.7914
47d20168-28d0-40e5-ae4d-a20b636bad37	5	101902161	176033084	48888	0.0057
47d20168-28d0-40e5-ae4d-a20b636bad37	5	176038686	176042504	2	-2.7256
47d20168-28d0-40e5-ae4d-a20b636bad37	5	176043321	177705442	712	0.0016
47d20168-28d0-40e5-ae4d-a20b636bad37	5	177706657	177832414	15	-0.6683
47d20168-28d0-40e5-ae4d-a20b636bad37	5	177833329	180951888	1790	-0.013
47d20168-28d0-40e5-ae4d-a20b636bad37	5	180953203	180979968	9	0.9272
47d20168-28d0-40e5-ae4d-a20b636bad37	5	180980230	181363319	178	0.039
47d20168-28d0-40e5-ae4d-a20b636bad37	6	149661	31309909	22271	0.0076
47d20168-28d0-40e5-ae4d-a20b636bad37	6	31313046	31342147	13	-1.2558
47d20168-28d0-40e5-ae4d-a20b636bad37	6	31349570	73882085	24596	0.0071
47d20168-28d0-40e5-ae4d-a20b636bad37	6	73882142	73891694	11	1.1756
47d20168-28d0-40e5-ae4d-a20b636bad37	6	73893839	74258230	219	0.0719
47d20168-28d0-40e5-ae4d-a20b636bad37	6	74258747	74259131	2	-1.6576
47d20168-28d0-40e5-ae4d-a20b636bad37	6	74259555	78263007	2550	0.0283
47d20168-28d0-40e5-ae4d-a20b636bad37	6	78263059	78331916	102	0.2954
47d20168-28d0-40e5-ae4d-a20b636bad37	6	78332002	103299721	15432	0.0092
47d20168-28d0-40e5-ae4d-a20b636bad37	6	103299735	103317795	33	-1.0268
47d20168-28d0-40e5-ae4d-a20b636bad37	6	103317836	135256105	19972	0.002
47d20168-28d0-40e5-ae4d-a20b636bad37	6	135258627	135262925	3	-1.6888
47d20168-28d0-40e5-ae4d-a20b636bad37	6	135263160	170741917	24093	0.0029
47d20168-28d0-40e5-ae4d-a20b636bad37	7	43355	81400	32	0.4406
47d20168-28d0-40e5-ae4d-a20b636bad37	7	83656	6836554	3389	-0.0093
47d20168-28d0-40e5-ae4d-a20b636bad37	7	6842621	6928556	31	-0.4852
47d20168-28d0-40e5-ae4d-a20b636bad37	7	6928997	22395161	12552	0.0145
47d20168-28d0-40e5-ae4d-a20b636bad37	7	22395853	22396868	2	-2.2634
47d20168-28d0-40e5-ae4d-a20b636bad37	7	22399135	56908389	23964	0.0051
47d20168-28d0-40e5-ae4d-a20b636bad37	7	56997653	57086717	10	-0.9608
47d20168-28d0-40e5-ae4d-a20b636bad37	7	57088013	62257850	429	-0.0651
47d20168-28d0-40e5-ae4d-a20b636bad37	7	62258057	62265500	3	-1.5384
47d20168-28d0-40e5-ae4d-a20b636bad37	7	62271467	76801171	6283	-0.003
47d20168-28d0-40e5-ae4d-a20b636bad37	7	76801533	77136126	100	0.371
47d20168-28d0-40e5-ae4d-a20b636bad37	7	77138566	91578812	9494	0.0034
47d20168-28d0-40e5-ae4d-a20b636bad37	7	91578827	91595723	6	-1.2811
47d20168-28d0-40e5-ae4d-a20b636bad37	7	91596584	134093899	25196	0.0102
47d20168-28d0-40e5-ae4d-a20b636bad37	7	134100424	134110881	26	-1.6521
47d20168-28d0-40e5-ae4d-a20b636bad37	7	134110912	142061030	5195	0.0153
47d20168-28d0-40e5-ae4d-a20b636bad37	7	142062894	142092307	36	-0.6524
47d20168-28d0-40e5-ae4d-a20b636bad37	7	142099190	156505268	9141	0.0077
47d20168-28d0-40e5-ae4d-a20b636bad37	7	156505584	156518254	15	-0.8222
47d20168-28d0-40e5-ae4d-a20b636bad37	7	156521340	159334314	1680	-0.0032
47d20168-28d0-40e5-ae4d-a20b636bad37	8	81254	640379	320	-0.0578
47d20168-28d0-40e5-ae4d-a20b636bad37	8	643041	645908	11	-0.8562
47d20168-28d0-40e5-ae4d-a20b636bad37	8	656117	7886542	7425	0.0144
47d20168-28d0-40e5-ae4d-a20b636bad37	8	7888457	7890177	4	-2.1029
47d20168-28d0-40e5-ae4d-a20b636bad37	8	7919608	12024888	3229	-0.0074
47d20168-28d0-40e5-ae4d-a20b636bad37	8	12025748	12143614	10	-0.8618
47d20168-28d0-40e5-ae4d-a20b636bad37	8	12176798	39444273	19470	0.0117
47d20168-28d0-40e5-ae4d-a20b636bad37	8	39445907	39527181	29	-0.476
47d20168-28d0-40e5-ae4d-a20b636bad37	8	39527450	71300130	17869	0.0084
47d20168-28d0-40e5-ae4d-a20b636bad37	8	71303076	71304364	8	-2.1872
47d20168-28d0-40e5-ae4d-a20b636bad37	8	71307628	114622438	25871	0.0116
47d20168-28d0-40e5-ae4d-a20b636bad37	8	114622478	114629460	30	-0.7362
47d20168-28d0-40e5-ae4d-a20b636bad37	8	114629502	145072769	21025	0.005
47d20168-28d0-40e5-ae4d-a20b636bad37	9	46587	125900	12	-0.3534
47d20168-28d0-40e5-ae4d-a20b636bad37	9	149481	273084	108	0.5054
47d20168-28d0-40e5-ae4d-a20b636bad37	9	273160	39483251	30976	0.013
47d20168-28d0-40e5-ae4d-a20b636bad37	9	39483645	68328914	408	-0.2786
47d20168-28d0-40e5-ae4d-a20b636bad37	9	68335112	103804216	24751	0.0091
47d20168-28d0-40e5-ae4d-a20b636bad37	9	103806415	103807009	2	-3.255
47d20168-28d0-40e5-ae4d-a20b636bad37	9	103808421	138200944	23069	0.0036
47d20168-28d0-40e5-ae4d-a20b636bad37	10	45792	2897684	2307	-0.0136
47d20168-28d0-40e5-ae4d-a20b636bad37	10	2898369	2902457	5	-1.3301
47d20168-28d0-40e5-ae4d-a20b636bad37	10	2902782	17896194	12493	0.0017
47d20168-28d0-40e5-ae4d-a20b636bad37	10	17907840	17910884	2	-2.6091
47d20168-28d0-40e5-ae4d-a20b636bad37	10	17929793	42194724	14211	0.0016
47d20168-28d0-40e5-ae4d-a20b636bad37	10	42195114	42264605	10	-0.9501
47d20168-28d0-40e5-ae4d-a20b636bad37	10	42267782	46306446	2512	-0.0008
47d20168-28d0-40e5-ae4d-a20b636bad37	10	46306562	47066259	115	-0.306
47d20168-28d0-40e5-ae4d-a20b636bad37	10	47075763	133654968	58795	0.005
47d20168-28d0-40e5-ae4d-a20b636bad37	11	198510	135074876	86645	0.0044
47d20168-28d0-40e5-ae4d-a20b636bad37	12	51460	564495	303	-0.0429
47d20168-28d0-40e5-ae4d-a20b636bad37	12	564688	565011	2	-2.1016
47d20168-28d0-40e5-ae4d-a20b636bad37	12	566275	131615979	83726	0.0042
47d20168-28d0-40e5-ae4d-a20b636bad37	12	131616532	131659651	33	-0.4284
47d20168-28d0-40e5-ae4d-a20b636bad37	12	131669648	133201603	554	0.0233
47d20168-28d0-40e5-ae4d-a20b636bad37	13	18452809	23055048	2848	0.0166
47d20168-28d0-40e5-ae4d-a20b636bad37	13	23055071	23059376	13	-0.7512
47d20168-28d0-40e5-ae4d-a20b636bad37	13	23064056	57175139	23096	0.0085
47d20168-28d0-40e5-ae4d-a20b636bad37	13	57175549	57204246	39	-0.3607
47d20168-28d0-40e5-ae4d-a20b636bad37	13	57215580	71902850	8954	0.0183
47d20168-28d0-40e5-ae4d-a20b636bad37	13	71903417	71906418	4	-3.1203
47d20168-28d0-40e5-ae4d-a20b636bad37	13	71906467	114342922	28998	0.0065
47d20168-28d0-40e5-ae4d-a20b636bad37	14	18239283	19078442	32	-0.0578
47d20168-28d0-40e5-ae4d-a20b636bad37	14	19110634	19955213	135	-0.4347
47d20168-28d0-40e5-ae4d-a20b636bad37	14	19956767	85818410	42135	0.0069
47d20168-28d0-40e5-ae4d-a20b636bad37	14	85819968	85833164	11	-0.944
47d20168-28d0-40e5-ae4d-a20b636bad37	14	85835345	105588560	12454	0.0081
47d20168-28d0-40e5-ae4d-a20b636bad37	14	105612353	105728140	17	-0.7762
47d20168-28d0-40e5-ae4d-a20b636bad37	14	105728426	106321086	209	-0.0124
47d20168-28d0-40e5-ae4d-a20b636bad37	14	106340102	106362628	9	-0.8035
47d20168-28d0-40e5-ae4d-a20b636bad37	14	106364815	106418444	29	0.11
47d20168-28d0-40e5-ae4d-a20b636bad37	14	106423925	106475361	50	-0.4109
47d20168-28d0-40e5-ae4d-a20b636bad37	14	106487515	106877229	193	0.0092
47d20168-28d0-40e5-ae4d-a20b636bad37	15	19811075	20041902	49	-0.0165
47d20168-28d0-40e5-ae4d-a20b636bad37	15	20056983	22233262	135	-0.2719
47d20168-28d0-40e5-ae4d-a20b636bad37	15	22236614	101928837	51247	0.0027
47d20168-28d0-40e5-ae4d-a20b636bad37	16	10777	55762682	26890	-0.0091
47d20168-28d0-40e5-ae4d-a20b636bad37	16	55764310	55788532	18	1.385
47d20168-28d0-40e5-ae4d-a20b636bad37	16	55808442	77558140	13404	0.0056
47d20168-28d0-40e5-ae4d-a20b636bad37	16	77560921	77561468	5	-1.2984
47d20168-28d0-40e5-ae4d-a20b636bad37	16	77562124	78337711	834	0.0103
47d20168-28d0-40e5-ae4d-a20b636bad37	16	78338543	78350868	17	-2.6478
47d20168-28d0-40e5-ae4d-a20b636bad37	16	78351104	90096867	10596	-0.0042
47d20168-28d0-40e5-ae4d-a20b636bad37	17	150733	16834846	10457	-0.0039
47d20168-28d0-40e5-ae4d-a20b636bad37	17	16838201	16838214	2	-2.2412
47d20168-28d0-40e5-ae4d-a20b636bad37	17	16838470	18413867	902	-0.0146
47d20168-28d0-40e5-ae4d-a20b636bad37	17	18413879	18550123	27	-0.5889
47d20168-28d0-40e5-ae4d-a20b636bad37	17	18561272	83091923	33559	0.004
47d20168-28d0-40e5-ae4d-a20b636bad37	18	48133	2042628	1445	0.01
47d20168-28d0-40e5-ae4d-a20b636bad37	18	2042760	2046139	2	2.2228
47d20168-28d0-40e5-ae4d-a20b636bad37	18	2047049	80257174	49135	0.0083
47d20168-28d0-40e5-ae4d-a20b636bad37	19	90910	5506648	1589	0.0057
47d20168-28d0-40e5-ae4d-a20b636bad37	19	5510228	5510569	2	-2.0097
47d20168-28d0-40e5-ae4d-a20b636bad37	19	5510642	20563384	7407	-0.0012
47d20168-28d0-40e5-ae4d-a20b636bad37	19	20576271	20577052	2	-1.9403
47d20168-28d0-40e5-ae4d-a20b636bad37	19	20582324	24174791	2078	0.0019
47d20168-28d0-40e5-ae4d-a20b636bad37	19	24184968	24321183	52	-0.4075
47d20168-28d0-40e5-ae4d-a20b636bad37	19	24321259	35364451	5547	0.008
47d20168-28d0-40e5-ae4d-a20b636bad37	19	35364547	35370946	20	-0.7582
47d20168-28d0-40e5-ae4d-a20b636bad37	19	35375842	51628560	8024	-0.002
47d20168-28d0-40e5-ae4d-a20b636bad37	19	51639099	51644944	11	1.0671
47d20168-28d0-40e5-ae4d-a20b636bad37	19	51651652	58429147	4277	-0.0065
47d20168-28d0-40e5-ae4d-a20b636bad37	19	58432041	58433008	2	-4.8514
47d20168-28d0-40e5-ae4d-a20b636bad37	19	58434689	58586487	52	-0.0414
47d20168-28d0-40e5-ae4d-a20b636bad37	20	80664	1591572	1228	-0.0148
47d20168-28d0-40e5-ae4d-a20b636bad37	20	1591597	1613203	14	-0.6595
47d20168-28d0-40e5-ae4d-a20b636bad37	20	1613247	18263105	12991	0.0059
47d20168-28d0-40e5-ae4d-a20b636bad37	20	18266796	18272894	31	-0.8158
47d20168-28d0-40e5-ae4d-a20b636bad37	20	18273036	23746654	4176	0.006
47d20168-28d0-40e5-ae4d-a20b636bad37	20	23746655	23805932	37	-0.3905
47d20168-28d0-40e5-ae4d-a20b636bad37	20	23809952	64324800	23805	-0.0006
47d20168-28d0-40e5-ae4d-a20b636bad37	21	10354168	46677045	23812	0.0032
47d20168-28d0-40e5-ae4d-a20b636bad37	22	15294547	18167915	1127	-0.0001
47d20168-28d0-40e5-ae4d-a20b636bad37	22	18190590	18951419	17	-0.6267
47d20168-28d0-40e5-ae4d-a20b636bad37	22	18964032	19841917	556	-0.0175
47d20168-28d0-40e5-ae4d-a20b636bad37	22	19842280	19846503	5	-1.3278
47d20168-28d0-40e5-ae4d-a20b636bad37	22	19847991	22149130	1483	-0.0421
47d20168-28d0-40e5-ae4d-a20b636bad37	22	22149156	22149260	2	1.8775
47d20168-28d0-40e5-ae4d-a20b636bad37	22	22149460	38894915	11972	-0.0052
47d20168-28d0-40e5-ae4d-a20b636bad37	22	38899250	38900899	3	-1.8536
47d20168-28d0-40e5-ae4d-a20b636bad37	22	38903109	50796027	8058	-0.0029
47d20168-28d0-40e5-ae4d-a20b636bad37	X	251810	5663272	2212	-0.0148
47d20168-28d0-40e5-ae4d-a20b636bad37	X	5666832	5724528	54	0.6055
47d20168-28d0-40e5-ae4d-a20b636bad37	X	5728106	155952689	81246	0.0091
47d20168-28d0-40e5-ae4d-a20b636bad37	Y	2782397	56872112	6619	-0.9031
