GDC_Aliquot	Chromosome	Start	End	Num_Probes	Segment_Mean
b8042b4f-ecff-45f1-9a46-8fafbff358f3	1	3301765	106860013	59944	-0.0014
b8042b4f-ecff-45f1-9a46-8fafbff358f3	1	106860406	106860447	2	1.929
b8042b4f-ecff-45f1-9a46-8fafbff358f3	1	106860535	247650984	69617	0.0043
b8042b4f-ecff-45f1-9a46-8fafbff358f3	2	480597	2134267	327	0.0313
b8042b4f-ecff-45f1-9a46-8fafbff358f3	2	2134393	2134913	2	-1.2075
b8042b4f-ecff-45f1-9a46-8fafbff358f3	2	2139140	2254788	79	0.022
b8042b4f-ecff-45f1-9a46-8fafbff358f3	2	2263150	2263391	2	-1.7251
b8042b4f-ecff-45f1-9a46-8fafbff358f3	2	2264992	3655143	903	-0.0025
b8042b4f-ecff-45f1-9a46-8fafbff358f3	2	3655451	3656317	5	-0.946
b8042b4f-ecff-45f1-9a46-8fafbff358f3	2	3657701	77606619	44228	0.0057
b8042b4f-ecff-45f1-9a46-8fafbff358f3	2	77609672	77609872	2	-2.4844
b8042b4f-ecff-45f1-9a46-8fafbff358f3	2	77617826	241537572	86488	0.0042
b8042b4f-ecff-45f1-9a46-8fafbff358f3	3	2170634	123593578	67826	-0.0023
b8042b4f-ecff-45f1-9a46-8fafbff358f3	3	123596673	123612000	10	-1.0154
b8042b4f-ecff-45f1-9a46-8fafbff358f3	3	123613493	123619727	7	-0.1421
b8042b4f-ecff-45f1-9a46-8fafbff358f3	3	123622031	123626542	4	-1.1242
b8042b4f-ecff-45f1-9a46-8fafbff358f3	3	123627654	197812401	39185	0.002
b8042b4f-ecff-45f1-9a46-8fafbff358f3	4	1059384	134701521	74337	0.0012
b8042b4f-ecff-45f1-9a46-8fafbff358f3	4	134701533	134702075	2	-3.353
b8042b4f-ecff-45f1-9a46-8fafbff358f3	4	134702129	187842528	29046	0.0007
b8042b4f-ecff-45f1-9a46-8fafbff358f3	5	913983	173584613	97118	0.0025
b8042b4f-ecff-45f1-9a46-8fafbff358f3	5	173584959	173584972	2	-3.0845
b8042b4f-ecff-45f1-9a46-8fafbff358f3	5	173588570	180934240	3824	0.0018
b8042b4f-ecff-45f1-9a46-8fafbff358f3	6	1011760	66125796	36376	0.0047
b8042b4f-ecff-45f1-9a46-8fafbff358f3	6	66126791	66128877	3	-1.6624
b8042b4f-ecff-45f1-9a46-8fafbff358f3	6	66138080	73323258	4263	-0.0071
b8042b4f-ecff-45f1-9a46-8fafbff358f3	6	73331442	73359007	14	0.6621
b8042b4f-ecff-45f1-9a46-8fafbff358f3	6	73370081	78762986	3021	0.0083
b8042b4f-ecff-45f1-9a46-8fafbff358f3	6	78763574	78787014	12	0.5954
b8042b4f-ecff-45f1-9a46-8fafbff358f3	6	78822498	83379425	2432	-0.0008
b8042b4f-ecff-45f1-9a46-8fafbff358f3	6	83384309	83386221	4	-0.9125
b8042b4f-ecff-45f1-9a46-8fafbff358f3	6	83388830	83428466	27	-0.0602
b8042b4f-ecff-45f1-9a46-8fafbff358f3	6	83433984	83442654	4	-1.1967
b8042b4f-ecff-45f1-9a46-8fafbff358f3	6	83443597	170596889	50890	0.0007
b8042b4f-ecff-45f1-9a46-8fafbff358f3	7	664936	36130487	20250	0.0036
b8042b4f-ecff-45f1-9a46-8fafbff358f3	7	36131273	36133131	2	-2.0887
b8042b4f-ecff-45f1-9a46-8fafbff358f3	7	36133177	158592540	61586	-0.0004
b8042b4f-ecff-45f1-9a46-8fafbff358f3	8	667625	144182542	82117	0.0036
b8042b4f-ecff-45f1-9a46-8fafbff358f3	9	789794	138044505	68357	0.0019
b8042b4f-ecff-45f1-9a46-8fafbff358f3	10	366509	88706786	53030	0.0018
b8042b4f-ecff-45f1-9a46-8fafbff358f3	10	88707310	88837871	122	0.5989
b8042b4f-ecff-45f1-9a46-8fafbff358f3	10	88838987	125375072	23444	0.0046
b8042b4f-ecff-45f1-9a46-8fafbff358f3	10	125375099	125378921	2	-1.8143
b8042b4f-ecff-45f1-9a46-8fafbff358f3	10	125398409	133411599	4551	0.003
b8042b4f-ecff-45f1-9a46-8fafbff358f3	11	456012	36870521	23647	0.0067
b8042b4f-ecff-45f1-9a46-8fafbff358f3	11	36870602	36873379	3	-1.5192
b8042b4f-ecff-45f1-9a46-8fafbff358f3	11	36873455	113146469	39111	0.001
b8042b4f-ecff-45f1-9a46-8fafbff358f3	11	113149860	113155908	4	-1.8695
b8042b4f-ecff-45f1-9a46-8fafbff358f3	11	113156436	116000409	2052	0.0005
b8042b4f-ecff-45f1-9a46-8fafbff358f3	11	116000455	116017834	6	-0.7462
b8042b4f-ecff-45f1-9a46-8fafbff358f3	11	116021218	134272740	12667	0.0021
b8042b4f-ecff-45f1-9a46-8fafbff358f3	12	780472	132605822	74254	0.0017
b8042b4f-ecff-45f1-9a46-8fafbff358f3	13	18874255	109636100	54434	0.0036
b8042b4f-ecff-45f1-9a46-8fafbff358f3	13	109636620	109640222	2	-1.8017
b8042b4f-ecff-45f1-9a46-8fafbff358f3	13	109640684	114226675	2491	0.0142
b8042b4f-ecff-45f1-9a46-8fafbff358f3	14	20033191	105533894	49720	-0.0004
b8042b4f-ecff-45f1-9a46-8fafbff358f3	15	23437561	101344124	44715	0.002
b8042b4f-ecff-45f1-9a46-8fafbff358f3	16	603333	7695802	3205	0.0062
b8042b4f-ecff-45f1-9a46-8fafbff358f3	16	7696937	7697727	3	-1.5055
b8042b4f-ecff-45f1-9a46-8fafbff358f3	16	7697797	73294897	26909	0.0008
b8042b4f-ecff-45f1-9a46-8fafbff358f3	16	73296680	73297575	4	-1.2927
b8042b4f-ecff-45f1-9a46-8fafbff358f3	16	73297797	89317317	11023	-0.0017
b8042b4f-ecff-45f1-9a46-8fafbff358f3	17	1074619	1601870	157	-0.0305
b8042b4f-ecff-45f1-9a46-8fafbff358f3	17	1603997	1606612	2	-1.6991
b8042b4f-ecff-45f1-9a46-8fafbff358f3	17	1607643	9211520	3888	0.0024
b8042b4f-ecff-45f1-9a46-8fafbff358f3	17	9212088	9221588	2	-1.5593
b8042b4f-ecff-45f1-9a46-8fafbff358f3	17	9227760	82959812	33175	0.0028
b8042b4f-ecff-45f1-9a46-8fafbff358f3	18	326691	48269668	24819	0.0048
b8042b4f-ecff-45f1-9a46-8fafbff358f3	18	48273218	48277870	7	-1.257
b8042b4f-ecff-45f1-9a46-8fafbff358f3	18	48280234	79349796	18078	0.0005
b8042b4f-ecff-45f1-9a46-8fafbff358f3	19	283868	11926868	4148	0.0017
b8042b4f-ecff-45f1-9a46-8fafbff358f3	19	11931930	11933296	2	-1.8511
b8042b4f-ecff-45f1-9a46-8fafbff358f3	19	11937820	58370362	19964	-0.0013
b8042b4f-ecff-45f1-9a46-8fafbff358f3	20	472817	63588502	37481	0.0006
b8042b4f-ecff-45f1-9a46-8fafbff358f3	21	13974127	46262057	20551	0.0002
b8042b4f-ecff-45f1-9a46-8fafbff358f3	22	16934932	42587776	12470	0.0044
b8042b4f-ecff-45f1-9a46-8fafbff358f3	22	42588088	44422228	1319	0.0769
b8042b4f-ecff-45f1-9a46-8fafbff358f3	22	44422638	44422756	3	-1.0764
b8042b4f-ecff-45f1-9a46-8fafbff358f3	22	44425214	44666863	176	0.0948
b8042b4f-ecff-45f1-9a46-8fafbff358f3	22	44669986	47271714	1717	-0.0023
b8042b4f-ecff-45f1-9a46-8fafbff358f3	22	47271781	47275144	2	-1.774
b8042b4f-ecff-45f1-9a46-8fafbff358f3	22	47275457	47345708	56	0.0079
b8042b4f-ecff-45f1-9a46-8fafbff358f3	22	47353491	47356361	2	-2.086
b8042b4f-ecff-45f1-9a46-8fafbff358f3	22	47356532	48940621	1317	-0.0088
b8042b4f-ecff-45f1-9a46-8fafbff358f3	X	3236359	155677414	63903	0.0023
