GDC_Aliquot	Chromosome	Start	End	Num_Probes	Segment_Mean
e671e859-afdf-422b-ae61-001605ea0633	1	62920	40555364	22196	0.0136
e671e859-afdf-422b-ae61-001605ea0633	1	40556404	40562178	2	-2.2264
e671e859-afdf-422b-ae61-001605ea0633	1	40562256	72302815	20576	0.0115
e671e859-afdf-422b-ae61-001605ea0633	1	72303233	72345465	46	-1.1079
e671e859-afdf-422b-ae61-001605ea0633	1	72346221	74723534	1443	0.013
e671e859-afdf-422b-ae61-001605ea0633	1	74725098	74733606	4	-1.0017
e671e859-afdf-422b-ae61-001605ea0633	1	74734100	75585159	481	0.0203
e671e859-afdf-422b-ae61-001605ea0633	1	75589078	75589169	2	-2.4729
e671e859-afdf-422b-ae61-001605ea0633	1	75593824	108223733	20987	0.0147
e671e859-afdf-422b-ae61-001605ea0633	1	108226680	108274557	2	-2.4351
e671e859-afdf-422b-ae61-001605ea0633	1	108310648	108358141	45	0.0641
e671e859-afdf-422b-ae61-001605ea0633	1	108358744	108367395	3	-1.2137
e671e859-afdf-422b-ae61-001605ea0633	1	108368123	109684695	627	0.0011
e671e859-afdf-422b-ae61-001605ea0633	1	109684893	109697556	14	1.1937
e671e859-afdf-422b-ae61-001605ea0633	1	109702376	152790427	9793	0.0215
e671e859-afdf-422b-ae61-001605ea0633	1	152790502	152796224	21	0.5238
e671e859-afdf-422b-ae61-001605ea0633	1	152801429	158896783	3612	0.0271
e671e859-afdf-422b-ae61-001605ea0633	1	158898711	158899969	2	3.9688
e671e859-afdf-422b-ae61-001605ea0633	1	158905028	179354603	14271	0.0137
e671e859-afdf-422b-ae61-001605ea0633	1	179361393	179370071	5	-1.0355
e671e859-afdf-422b-ae61-001605ea0633	1	179370127	196741937	11554	0.0164
e671e859-afdf-422b-ae61-001605ea0633	1	196742057	196854706	69	0.5039
e671e859-afdf-422b-ae61-001605ea0633	1	196855470	227238371	20448	0.0182
e671e859-afdf-422b-ae61-001605ea0633	1	227238504	227238705	2	-4.9544
e671e859-afdf-422b-ae61-001605ea0633	1	227241477	248546369	15174	0.0216
e671e859-afdf-422b-ae61-001605ea0633	1	248550567	248626987	31	-0.5719
e671e859-afdf-422b-ae61-001605ea0633	1	248631163	248930189	145	0.0311
e671e859-afdf-422b-ae61-001605ea0633	2	12784	3167186	2200	-0.0062
e671e859-afdf-422b-ae61-001605ea0633	2	3170198	3184154	19	-0.4986
e671e859-afdf-422b-ae61-001605ea0633	2	3184269	4155597	766	0.0118
e671e859-afdf-422b-ae61-001605ea0633	2	4155990	4175977	40	0.3328
e671e859-afdf-422b-ae61-001605ea0633	2	4176105	34295406	20963	0.016
e671e859-afdf-422b-ae61-001605ea0633	2	34298911	34300513	2	-1.7338
e671e859-afdf-422b-ae61-001605ea0633	2	34300900	52527423	13147	0.0135
e671e859-afdf-422b-ae61-001605ea0633	2	52527590	52527743	3	-1.768
e671e859-afdf-422b-ae61-001605ea0633	2	52531615	52563002	35	0.3921
e671e859-afdf-422b-ae61-001605ea0633	2	52563355	85105322	20937	0.0133
e671e859-afdf-422b-ae61-001605ea0633	2	85105337	85106283	2	-1.8413
e671e859-afdf-422b-ae61-001605ea0633	2	85106853	87521665	1137	0.026
e671e859-afdf-422b-ae61-001605ea0633	2	87522664	87528459	2	-1.9472
e671e859-afdf-422b-ae61-001605ea0633	2	87542032	128880504	20727	0.0191
e671e859-afdf-422b-ae61-001605ea0633	2	128880904	128882741	15	-0.8634
e671e859-afdf-422b-ae61-001605ea0633	2	128882755	130037806	877	0.0434
e671e859-afdf-422b-ae61-001605ea0633	2	130059766	130116915	11	0.7148
e671e859-afdf-422b-ae61-001605ea0633	2	130117303	152930971	13750	0.0119
e671e859-afdf-422b-ae61-001605ea0633	2	152939554	152940270	3	-1.7448
e671e859-afdf-422b-ae61-001605ea0633	2	152944055	242147305	54841	0.0143
e671e859-afdf-422b-ae61-001605ea0633	3	20930	141230	112	0.0526
e671e859-afdf-422b-ae61-001605ea0633	3	142563	156781	14	0.6005
e671e859-afdf-422b-ae61-001605ea0633	3	157740	5906132	5052	0.0289
e671e859-afdf-422b-ae61-001605ea0633	3	5907850	5911751	6	0.8712
e671e859-afdf-422b-ae61-001605ea0633	3	5918468	6603914	628	0.037
e671e859-afdf-422b-ae61-001605ea0633	3	6604856	6611645	24	-0.5319
e671e859-afdf-422b-ae61-001605ea0633	3	6613391	8559285	1697	0.0129
e671e859-afdf-422b-ae61-001605ea0633	3	8559495	8560078	4	1.2174
e671e859-afdf-422b-ae61-001605ea0633	3	8561253	16197556	5353	0.0185
e671e859-afdf-422b-ae61-001605ea0633	3	16199049	16199877	8	-0.8107
e671e859-afdf-422b-ae61-001605ea0633	3	16202089	20271633	2352	0.0085
e671e859-afdf-422b-ae61-001605ea0633	3	20273630	20274591	2	-1.9568
e671e859-afdf-422b-ae61-001605ea0633	3	20286589	26384700	4620	0.0138
e671e859-afdf-422b-ae61-001605ea0633	3	26392633	26397852	5	-1.1095
e671e859-afdf-422b-ae61-001605ea0633	3	26404482	36242239	6616	0.0215
e671e859-afdf-422b-ae61-001605ea0633	3	36242465	36255351	14	-0.4845
e671e859-afdf-422b-ae61-001605ea0633	3	36256165	37935926	1104	0.0257
e671e859-afdf-422b-ae61-001605ea0633	3	37940617	37945437	18	-0.9361
e671e859-afdf-422b-ae61-001605ea0633	3	37945615	64631394	17095	0.014
e671e859-afdf-422b-ae61-001605ea0633	3	64631693	64635119	4	-1.5677
e671e859-afdf-422b-ae61-001605ea0633	3	64635207	68697013	3043	0.0169
e671e859-afdf-422b-ae61-001605ea0633	3	68697108	68698262	14	-1.4306
e671e859-afdf-422b-ae61-001605ea0633	3	68699607	75519398	4929	0.0119
e671e859-afdf-422b-ae61-001605ea0633	3	75523398	75537654	6	-1.8127
e671e859-afdf-422b-ae61-001605ea0633	3	75546030	99218940	10966	0.0163
e671e859-afdf-422b-ae61-001605ea0633	3	99225614	99230448	34	-0.3427
e671e859-afdf-422b-ae61-001605ea0633	3	99230457	128661409	18070	0.012
e671e859-afdf-422b-ae61-001605ea0633	3	128662406	128692935	15	0.9756
e671e859-afdf-422b-ae61-001605ea0633	3	128693488	158632329	18316	0.0157
e671e859-afdf-422b-ae61-001605ea0633	3	158633095	158633756	2	-2.9683
e671e859-afdf-422b-ae61-001605ea0633	3	158641083	162419812	2335	0.0057
e671e859-afdf-422b-ae61-001605ea0633	3	162419865	162424917	13	0.7528
e671e859-afdf-422b-ae61-001605ea0633	3	162426460	162822685	278	-0.0158
e671e859-afdf-422b-ae61-001605ea0633	3	162822702	162906065	45	-0.4668
e671e859-afdf-422b-ae61-001605ea0633	3	162906093	162996729	76	-0.0185
e671e859-afdf-422b-ae61-001605ea0633	3	162999939	163001774	2	1.6472
e671e859-afdf-422b-ae61-001605ea0633	3	163008371	164321318	761	0.0168
e671e859-afdf-422b-ae61-001605ea0633	3	164323114	164323121	2	-1.8963
e671e859-afdf-422b-ae61-001605ea0633	3	164326198	187877436	14502	0.0175
e671e859-afdf-422b-ae61-001605ea0633	3	187877506	187877952	4	1.2347
e671e859-afdf-422b-ae61-001605ea0633	3	187877972	193156958	3819	0.0169
e671e859-afdf-422b-ae61-001605ea0633	3	193160113	193165114	20	1.0808
e671e859-afdf-422b-ae61-001605ea0633	3	193168646	195536361	1477	0.0263
e671e859-afdf-422b-ae61-001605ea0633	3	195548576	195719871	29	0.4914
e671e859-afdf-422b-ae61-001605ea0633	3	195719958	198169247	1186	0.0165
e671e859-afdf-422b-ae61-001605ea0633	4	68929	9455251	5153	0.0081
e671e859-afdf-422b-ae61-001605ea0633	4	9459504	9477560	5	-1.2931
e671e859-afdf-422b-ae61-001605ea0633	4	9477699	10208766	541	-0.009
e671e859-afdf-422b-ae61-001605ea0633	4	10212536	10229874	29	-2.1329
e671e859-afdf-422b-ae61-001605ea0633	4	10232590	49654496	26000	0.0147
e671e859-afdf-422b-ae61-001605ea0633	4	49654578	49656595	3	-1.2481
e671e859-afdf-422b-ae61-001605ea0633	4	51819533	63825160	7557	0.0168
e671e859-afdf-422b-ae61-001605ea0633	4	63825689	63856498	36	0.4517
e671e859-afdf-422b-ae61-001605ea0633	4	63856822	68354665	2844	0.0106
e671e859-afdf-422b-ae61-001605ea0633	4	68361130	68422424	12	1.1322
e671e859-afdf-422b-ae61-001605ea0633	4	68429081	69257792	392	0.0019
e671e859-afdf-422b-ae61-001605ea0633	4	69261926	69366406	56	-0.6289
e671e859-afdf-422b-ae61-001605ea0633	4	69370433	86053909	10430	0.0154
e671e859-afdf-422b-ae61-001605ea0633	4	86054070	86058611	20	-0.6707
e671e859-afdf-422b-ae61-001605ea0633	4	86058791	103824414	10565	0.0163
e671e859-afdf-422b-ae61-001605ea0633	4	103830473	103830480	5	1.076
e671e859-afdf-422b-ae61-001605ea0633	4	103830487	107588998	2185	0.0191
e671e859-afdf-422b-ae61-001605ea0633	4	107590598	107593342	3	-1.12
e671e859-afdf-422b-ae61-001605ea0633	4	107595118	114252544	4109	0.0123
e671e859-afdf-422b-ae61-001605ea0633	4	114254167	114267651	35	0.5886
e671e859-afdf-422b-ae61-001605ea0633	4	114268665	125652879	6818	0.0179
e671e859-afdf-422b-ae61-001605ea0633	4	125662452	125750625	43	-1.0019
e671e859-afdf-422b-ae61-001605ea0633	4	125752048	172066777	28177	0.0138
e671e859-afdf-422b-ae61-001605ea0633	4	172067997	172068382	12	0.7228
e671e859-afdf-422b-ae61-001605ea0633	4	172074828	172504076	234	0.0492
e671e859-afdf-422b-ae61-001605ea0633	4	172507191	172507492	4	1.353
e671e859-afdf-422b-ae61-001605ea0633	4	172519981	178467698	3649	0.0171
e671e859-afdf-422b-ae61-001605ea0633	4	178470288	178474852	5	-1.2042
e671e859-afdf-422b-ae61-001605ea0633	4	178475027	188949853	7582	0.0232
e671e859-afdf-422b-ae61-001605ea0633	4	188951175	188951639	2	-2.3811
e671e859-afdf-422b-ae61-001605ea0633	4	188951696	190106768	595	0.0131
e671e859-afdf-422b-ae61-001605ea0633	5	15532	698357	308	-0.0212
e671e859-afdf-422b-ae61-001605ea0633	5	698390	825192	43	0.8552
e671e859-afdf-422b-ae61-001605ea0633	5	825538	15718383	11818	0.0114
e671e859-afdf-422b-ae61-001605ea0633	5	15719113	15720488	11	-0.7662
e671e859-afdf-422b-ae61-001605ea0633	5	15723237	41601594	16390	0.0102
e671e859-afdf-422b-ae61-001605ea0633	5	41601994	41602016	2	-1.8049
e671e859-afdf-422b-ae61-001605ea0633	5	41603772	41615673	12	-0.0228
e671e859-afdf-422b-ae61-001605ea0633	5	41615908	41616161	3	-2.0597
e671e859-afdf-422b-ae61-001605ea0633	5	41617154	181363319	84249	0.0131
e671e859-afdf-422b-ae61-001605ea0633	6	149661	254283	101	-0.0106
e671e859-afdf-422b-ae61-001605ea0633	6	257353	381149	96	-0.9422
e671e859-afdf-422b-ae61-001605ea0633	6	382559	31318528	22121	0.0166
e671e859-afdf-422b-ae61-001605ea0633	6	31318754	31327629	5	-1.5693
e671e859-afdf-422b-ae61-001605ea0633	6	31328176	55960697	15485	0.0162
e671e859-afdf-422b-ae61-001605ea0633	6	55961357	55978862	10	-0.809
e671e859-afdf-422b-ae61-001605ea0633	6	55986080	62213920	1748	0.0268
e671e859-afdf-422b-ae61-001605ea0633	6	62215737	62218399	4	-1.1572
e671e859-afdf-422b-ae61-001605ea0633	6	62221798	66298369	2357	0.014
e671e859-afdf-422b-ae61-001605ea0633	6	66298393	66338736	56	-0.6272
e671e859-afdf-422b-ae61-001605ea0633	6	66339513	76719978	6775	0.0087
e671e859-afdf-422b-ae61-001605ea0633	6	76720013	76742924	21	0.6255
e671e859-afdf-422b-ae61-001605ea0633	6	76742956	76758214	5	0.1321
e671e859-afdf-422b-ae61-001605ea0633	6	76758749	76759379	5	-0.9776
e671e859-afdf-422b-ae61-001605ea0633	6	76760534	78253172	968	0.0124
e671e859-afdf-422b-ae61-001605ea0633	6	78259348	78322600	108	-0.4835
e671e859-afdf-422b-ae61-001605ea0633	6	78322875	170741917	59673	0.0138
e671e859-afdf-422b-ae61-001605ea0633	7	43355	10755438	6583	0.0151
e671e859-afdf-422b-ae61-001605ea0633	7	10756338	10766481	9	-1.3075
e671e859-afdf-422b-ae61-001605ea0633	7	10768058	38251113	20765	0.0097
e671e859-afdf-422b-ae61-001605ea0633	7	38254500	38318811	105	-0.2499
e671e859-afdf-422b-ae61-001605ea0633	7	38319127	56799231	12611	0.0148
e671e859-afdf-422b-ae61-001605ea0633	7	56846757	57468905	270	0.1332
e671e859-afdf-422b-ae61-001605ea0633	7	57468949	126405597	36626	0.0084
e671e859-afdf-422b-ae61-001605ea0633	7	126405632	126406561	9	-0.8633
e671e859-afdf-422b-ae61-001605ea0633	7	126406822	134100424	4699	0.0101
e671e859-afdf-422b-ae61-001605ea0633	7	134100442	134105690	22	-1.7901
e671e859-afdf-422b-ae61-001605ea0633	7	134110881	134114444	12	-0.5912
e671e859-afdf-422b-ae61-001605ea0633	7	134121491	141126632	4577	0.0167
e671e859-afdf-422b-ae61-001605ea0633	7	141129999	141135476	6	-0.9444
e671e859-afdf-422b-ae61-001605ea0633	7	141136159	142062894	604	0.0147
e671e859-afdf-422b-ae61-001605ea0633	7	142063324	142134029	55	0.2716
e671e859-afdf-422b-ae61-001605ea0633	7	142135159	142511792	312	0.0086
e671e859-afdf-422b-ae61-001605ea0633	7	142512418	142784194	112	-0.2636
e671e859-afdf-422b-ae61-001605ea0633	7	142785320	143125117	224	0.0127
e671e859-afdf-422b-ae61-001605ea0633	7	143130861	143194628	33	-0.9429
e671e859-afdf-422b-ae61-001605ea0633	7	143200677	159334314	10157	0.009
e671e859-afdf-422b-ae61-001605ea0633	8	81254	7380497	7751	0.0217
e671e859-afdf-422b-ae61-001605ea0633	8	7396819	8214781	48	-0.5576
e671e859-afdf-422b-ae61-001605ea0633	8	8234503	145072769	87679	0.0156
e671e859-afdf-422b-ae61-001605ea0633	9	46587	22492890	19840	0.0234
e671e859-afdf-422b-ae61-001605ea0633	9	22501914	22502700	2	-3.6694
e671e859-afdf-422b-ae61-001605ea0633	9	22509341	28044706	4130	0.0193
e671e859-afdf-422b-ae61-001605ea0633	9	28047590	28050693	5	-1.3982
e671e859-afdf-422b-ae61-001605ea0633	9	28055605	29913840	1363	0.0241
e671e859-afdf-422b-ae61-001605ea0633	9	29915756	29919241	3	-1.2394
e671e859-afdf-422b-ae61-001605ea0633	9	29919558	39140350	5799	0.0229
e671e859-afdf-422b-ae61-001605ea0633	9	39146302	39146321	2	-2.0945
e671e859-afdf-422b-ae61-001605ea0633	9	39214987	40949640	59	0.0833
e671e859-afdf-422b-ae61-001605ea0633	9	40949727	42574420	119	0.334
e671e859-afdf-422b-ae61-001605ea0633	9	42585140	63763088	174	-0.0492
e671e859-afdf-422b-ae61-001605ea0633	9	64462508	64617921	22	0.4602
e671e859-afdf-422b-ae61-001605ea0633	9	64672853	76506003	5991	0.0091
e671e859-afdf-422b-ae61-001605ea0633	9	76507430	76508363	11	-1.0606
e671e859-afdf-422b-ae61-001605ea0633	9	76510394	76941965	376	0.0064
e671e859-afdf-422b-ae61-001605ea0633	9	76942357	76951973	5	0.7849
e671e859-afdf-422b-ae61-001605ea0633	9	76952080	77154478	182	0.0335
e671e859-afdf-422b-ae61-001605ea0633	9	77155482	77162205	28	1.3823
e671e859-afdf-422b-ae61-001605ea0633	9	77162488	138200944	41378	0.0146
e671e859-afdf-422b-ae61-001605ea0633	10	45792	13007600	10907	0.0208
e671e859-afdf-422b-ae61-001605ea0633	10	13007656	13008170	7	-1.0398
e671e859-afdf-422b-ae61-001605ea0633	10	13008428	24086334	8277	0.015
e671e859-afdf-422b-ae61-001605ea0633	10	24088745	24088989	8	-1.4043
e671e859-afdf-422b-ae61-001605ea0633	10	24088991	30962405	5020	0.0163
e671e859-afdf-422b-ae61-001605ea0633	10	30962419	30962809	9	-0.8686
e671e859-afdf-422b-ae61-001605ea0633	10	30962850	56752685	14026	0.0097
e671e859-afdf-422b-ae61-001605ea0633	10	56752785	56766034	38	-0.9168
e671e859-afdf-422b-ae61-001605ea0633	10	56766578	133654968	52346	0.0091
e671e859-afdf-422b-ae61-001605ea0633	11	198510	18919309	12662	0.018
e671e859-afdf-422b-ae61-001605ea0633	11	18919323	18940469	47	-0.315
e671e859-afdf-422b-ae61-001605ea0633	11	18940586	21825348	2591	0.0221
e671e859-afdf-422b-ae61-001605ea0633	11	21825960	21827206	5	-0.9444
e671e859-afdf-422b-ae61-001605ea0633	11	21829111	25633389	2687	0.0225
e671e859-afdf-422b-ae61-001605ea0633	11	25633667	25639130	2	-3.5097
e671e859-afdf-422b-ae61-001605ea0633	11	25641188	37829591	8605	0.0228
e671e859-afdf-422b-ae61-001605ea0633	11	37829945	37829965	2	-3.5205
e671e859-afdf-422b-ae61-001605ea0633	11	37834720	55585647	7846	0.0182
e671e859-afdf-422b-ae61-001605ea0633	11	55586690	55674842	60	0.3158
e671e859-afdf-422b-ae61-001605ea0633	11	55676735	104494153	30451	0.0158
e671e859-afdf-422b-ae61-001605ea0633	11	104499033	104502860	5	-1.3994
e671e859-afdf-422b-ae61-001605ea0633	11	104503398	123650732	13148	0.0188
e671e859-afdf-422b-ae61-001605ea0633	11	123652013	123652399	4	-1.9108
e671e859-afdf-422b-ae61-001605ea0633	11	123652650	135074876	8676	0.0164
e671e859-afdf-422b-ae61-001605ea0633	12	51460	7855943	5364	0.0261
e671e859-afdf-422b-ae61-001605ea0633	12	7859001	7982121	55	0.6254
e671e859-afdf-422b-ae61-001605ea0633	12	7982496	9477960	752	0.0078
e671e859-afdf-422b-ae61-001605ea0633	12	9481274	9562969	23	-1.4694
e671e859-afdf-422b-ae61-001605ea0633	12	9575696	29052412	13556	0.0201
e671e859-afdf-422b-ae61-001605ea0633	12	29053138	29074819	19	0.6333
e671e859-afdf-422b-ae61-001605ea0633	12	29075319	32185818	2339	0.0202
e671e859-afdf-422b-ae61-001605ea0633	12	32185833	32185941	2	-1.9119
e671e859-afdf-422b-ae61-001605ea0633	12	32185984	119546020	53655	0.0167
e671e859-afdf-422b-ae61-001605ea0633	12	119551082	119552956	16	-0.8452
e671e859-afdf-422b-ae61-001605ea0633	12	119556236	131636170	8464	0.0041
e671e859-afdf-422b-ae61-001605ea0633	12	131648039	131648790	13	-2.0324
e671e859-afdf-422b-ae61-001605ea0633	12	131657925	133201603	559	0.0075
e671e859-afdf-422b-ae61-001605ea0633	13	18452809	25682010	4824	0.0195
e671e859-afdf-422b-ae61-001605ea0633	13	25686252	25688539	6	-1.1909
e671e859-afdf-422b-ae61-001605ea0633	13	25690991	31958723	4734	0.0178
e671e859-afdf-422b-ae61-001605ea0633	13	31962797	31963471	6	0.828
e671e859-afdf-422b-ae61-001605ea0633	13	31963486	33614126	1223	0.0104
e671e859-afdf-422b-ae61-001605ea0633	13	33618652	33623167	5	-1.2731
e671e859-afdf-422b-ae61-001605ea0633	13	33624300	37496998	2679	0.024
e671e859-afdf-422b-ae61-001605ea0633	13	37497899	37510620	16	-2.6228
e671e859-afdf-422b-ae61-001605ea0633	13	37514193	37527101	29	0.1226
e671e859-afdf-422b-ae61-001605ea0633	13	37527143	37533420	12	0.4331
e671e859-afdf-422b-ae61-001605ea0633	13	37533691	38313828	562	-0.0103
e671e859-afdf-422b-ae61-001605ea0633	13	38315112	38339245	12	0.4143
e671e859-afdf-422b-ae61-001605ea0633	13	38341153	38478674	85	0.002
e671e859-afdf-422b-ae61-001605ea0633	13	38483435	38483919	2	-1.7338
e671e859-afdf-422b-ae61-001605ea0633	13	38490920	48957415	7322	0.019
e671e859-afdf-422b-ae61-001605ea0633	13	48959579	48962368	2	-2.8729
e671e859-afdf-422b-ae61-001605ea0633	13	48963569	114342922	42595	0.0155
e671e859-afdf-422b-ae61-001605ea0633	14	18239283	19134873	34	0.5787
e671e859-afdf-422b-ae61-001605ea0633	14	19138115	19689684	30	0.1715
e671e859-afdf-422b-ae61-001605ea0633	14	19732024	19954424	102	-0.271
e671e859-afdf-422b-ae61-001605ea0633	14	19955213	21925423	1348	0.0241
e671e859-afdf-422b-ae61-001605ea0633	14	21925483	22502281	503	-0.1872
e671e859-afdf-422b-ae61-001605ea0633	14	22502607	62860066	25471	0.0154
e671e859-afdf-422b-ae61-001605ea0633	14	62861807	62862091	2	-1.5597
e671e859-afdf-422b-ae61-001605ea0633	14	62865365	65365689	1671	0.0037
e671e859-afdf-422b-ae61-001605ea0633	14	65366654	65367364	2	-1.4955
e671e859-afdf-422b-ae61-001605ea0633	14	65369095	85985567	13336	0.0202
e671e859-afdf-422b-ae61-001605ea0633	14	85994282	86022097	38	-0.9182
e671e859-afdf-422b-ae61-001605ea0633	14	86023867	99952762	9801	0.0182
e671e859-afdf-422b-ae61-001605ea0633	14	99953096	99954659	2	-1.7052
e671e859-afdf-422b-ae61-001605ea0633	14	99962082	106311479	2766	0.0203
e671e859-afdf-422b-ae61-001605ea0633	14	106311541	106360014	12	-0.7052
e671e859-afdf-422b-ae61-001605ea0633	14	106362628	106447661	55	-0.0091
e671e859-afdf-422b-ae61-001605ea0633	14	106454379	106455406	5	0.9259
e671e859-afdf-422b-ae61-001605ea0633	14	106455445	106697025	136	0.058
e671e859-afdf-422b-ae61-001605ea0633	14	106697149	106779537	16	-0.3856
e671e859-afdf-422b-ae61-001605ea0633	14	106779574	106877229	61	0.0484
e671e859-afdf-422b-ae61-001605ea0633	15	19811075	20376311	95	0.0899
e671e859-afdf-422b-ae61-001605ea0633	15	20380735	22005276	85	0.4493
e671e859-afdf-422b-ae61-001605ea0633	15	22227530	61633312	24829	0.0146
e671e859-afdf-422b-ae61-001605ea0633	15	61634267	61634855	2	-2.2043
e671e859-afdf-422b-ae61-001605ea0633	15	61635172	71173112	6027	0.0184
e671e859-afdf-422b-ae61-001605ea0633	15	71183017	71186731	5	-0.7856
e671e859-afdf-422b-ae61-001605ea0633	15	71186817	76586021	2858	0.012
e671e859-afdf-422b-ae61-001605ea0633	15	76598900	76609838	23	0.8716
e671e859-afdf-422b-ae61-001605ea0633	15	76609853	101928837	17611	0.0202
e671e859-afdf-422b-ae61-001605ea0633	16	10777	3161319	1101	-0.0224
e671e859-afdf-422b-ae61-001605ea0633	16	3164685	3187581	14	0.9731
e671e859-afdf-422b-ae61-001605ea0633	16	3198359	16269368	10635	0.0204
e671e859-afdf-422b-ae61-001605ea0633	16	16419234	16461996	6	-1.1016
e671e859-afdf-422b-ae61-001605ea0633	16	16474027	19946001	1727	0.026
e671e859-afdf-422b-ae61-001605ea0633	16	19950243	19954510	9	0.7502
e671e859-afdf-422b-ae61-001605ea0633	16	19954553	20608905	467	0.0096
e671e859-afdf-422b-ae61-001605ea0633	16	20617366	20624663	6	0.7836
e671e859-afdf-422b-ae61-001605ea0633	16	20625234	21509217	426	0.0107
e671e859-afdf-422b-ae61-001605ea0633	16	21521901	21557881	10	-0.736
e671e859-afdf-422b-ae61-001605ea0633	16	21558112	22579924	381	0.0116
e671e859-afdf-422b-ae61-001605ea0633	16	22591547	22690800	57	-0.4116
e671e859-afdf-422b-ae61-001605ea0633	16	22691516	90096867	37023	0.0122
e671e859-afdf-422b-ae61-001605ea0633	17	150733	18452078	11387	0.0126
e671e859-afdf-422b-ae61-001605ea0633	17	18455632	18561907	26	0.6563
e671e859-afdf-422b-ae61-001605ea0633	17	18565883	41265456	9389	0.0181
e671e859-afdf-422b-ae61-001605ea0633	17	41266762	41274279	24	1.1018
e671e859-afdf-422b-ae61-001605ea0633	17	41276472	46135838	2535	0.0045
e671e859-afdf-422b-ae61-001605ea0633	17	46136346	46267672	80	-0.3833
e671e859-afdf-422b-ae61-001605ea0633	17	46273919	83091923	21578	0.0127
e671e859-afdf-422b-ae61-001605ea0633	18	48133	55635911	32946	0.0256
e671e859-afdf-422b-ae61-001605ea0633	18	55641696	55651357	9	-1.0247
e671e859-afdf-422b-ae61-001605ea0633	18	55656160	66054343	7332	0.0282
e671e859-afdf-422b-ae61-001605ea0633	18	66060256	66061104	12	-0.7582
e671e859-afdf-422b-ae61-001605ea0633	18	66065502	66095064	47	-0.0326
e671e859-afdf-422b-ae61-001605ea0633	18	66099904	66100686	3	0.8058
e671e859-afdf-422b-ae61-001605ea0633	18	66108359	66239612	97	0.0481
e671e859-afdf-422b-ae61-001605ea0633	18	66239629	66245273	14	-0.5927
e671e859-afdf-422b-ae61-001605ea0633	18	66245491	80257174	10264	0.0275
e671e859-afdf-422b-ae61-001605ea0633	19	90910	7698025	2644	0.0085
e671e859-afdf-422b-ae61-001605ea0633	19	7698159	7699886	2	-1.6376
e671e859-afdf-422b-ae61-001605ea0633	19	7704680	19720735	5849	0.0151
e671e859-afdf-422b-ae61-001605ea0633	19	19724944	19725867	2	-1.5366
e671e859-afdf-422b-ae61-001605ea0633	19	19729959	20051243	214	0.0403
e671e859-afdf-422b-ae61-001605ea0633	19	20051886	20052824	2	-1.9037
e671e859-afdf-422b-ae61-001605ea0633	19	20053182	31698191	5536	0.0269
e671e859-afdf-422b-ae61-001605ea0633	19	31700736	31701786	5	-1.2676
e671e859-afdf-422b-ae61-001605ea0633	19	31702241	35358319	2446	0.0124
e671e859-afdf-422b-ae61-001605ea0633	19	35358407	35375899	26	-0.5722
e671e859-afdf-422b-ae61-001605ea0633	19	35376052	46244456	5466	0.0239
e671e859-afdf-422b-ae61-001605ea0633	19	46251083	46251627	3	1.4029
e671e859-afdf-422b-ae61-001605ea0633	19	46257769	54740939	4588	0.017
e671e859-afdf-422b-ae61-001605ea0633	19	54772391	54867244	46	-0.8337
e671e859-afdf-422b-ae61-001605ea0633	19	54868000	54997337	67	0.0858
e671e859-afdf-422b-ae61-001605ea0633	19	54997939	54998320	2	-1.5577
e671e859-afdf-422b-ae61-001605ea0633	19	54998497	58586487	2203	0.0247
e671e859-afdf-422b-ae61-001605ea0633	20	80664	1579916	1199	0.0362
e671e859-afdf-422b-ae61-001605ea0633	20	1580141	1613247	46	1.4397
e671e859-afdf-422b-ae61-001605ea0633	20	1617300	3417663	1343	0.0315
e671e859-afdf-422b-ae61-001605ea0633	20	3419371	3422027	2	-1.8777
e671e859-afdf-422b-ae61-001605ea0633	20	3422145	64284715	39770	0.0179
e671e859-afdf-422b-ae61-001605ea0633	20	64323342	64324800	5	-2.4554
e671e859-afdf-422b-ae61-001605ea0633	21	10354168	13166236	111	-0.0036
e671e859-afdf-422b-ae61-001605ea0633	21	13169048	13288937	25	0.424
e671e859-afdf-422b-ae61-001605ea0633	21	13291782	21603791	5633	0.0154
e671e859-afdf-422b-ae61-001605ea0633	21	21607552	21608555	3	-1.2719
e671e859-afdf-422b-ae61-001605ea0633	21	21610253	46677045	18090	0.018
e671e859-afdf-422b-ae61-001605ea0633	22	15294547	18822581	1140	0.0261
e671e859-afdf-422b-ae61-001605ea0633	22	18822597	20809067	1290	-0.0711
e671e859-afdf-422b-ae61-001605ea0633	22	20809083	22398127	1029	0.0056
e671e859-afdf-422b-ae61-001605ea0633	22	22398345	22398545	4	-1.3071
e671e859-afdf-422b-ae61-001605ea0633	22	22402989	50796027	19808	0.0141
e671e859-afdf-422b-ae61-001605ea0633	X	251810	155952689	83616	0.017
e671e859-afdf-422b-ae61-001605ea0633	Y	2782397	6075631	718	-2.4663
e671e859-afdf-422b-ae61-001605ea0633	Y	6076562	13478396	2546	-2.8727
e671e859-afdf-422b-ae61-001605ea0633	Y	13478462	13482643	3	-7.6439
e671e859-afdf-422b-ae61-001605ea0633	Y	13483009	17058562	1755	-2.8645
e671e859-afdf-422b-ae61-001605ea0633	Y	17067455	17067660	3	-7.6487
e671e859-afdf-422b-ae61-001605ea0633	Y	17070391	23586854	1422	-2.8907
e671e859-afdf-422b-ae61-001605ea0633	Y	23784615	56872112	192	-2.5426
