GDC_Aliquot	Chromosome	Start	End	Num_Probes	Segment_Mean
0c440abb-be9d-4054-8899-455203d7003f	1	62920	16884157	8710	0.0138
0c440abb-be9d-4054-8899-455203d7003f	1	16886219	16951445	51	0.4831
0c440abb-be9d-4054-8899-455203d7003f	1	16955930	17175225	159	-0.0146
0c440abb-be9d-4054-8899-455203d7003f	1	17176477	17293514	98	0.5668
0c440abb-be9d-4054-8899-455203d7003f	1	17296159	49347635	18344	0.003
0c440abb-be9d-4054-8899-455203d7003f	1	49349583	49435905	43	-1.0402
0c440abb-be9d-4054-8899-455203d7003f	1	49438964	53968937	2267	0.0032
0c440abb-be9d-4054-8899-455203d7003f	1	53969370	53974555	3	-1.6938
0c440abb-be9d-4054-8899-455203d7003f	1	53982416	83350274	20235	0.0013
0c440abb-be9d-4054-8899-455203d7003f	1	83350794	83359907	3	-1.7407
0c440abb-be9d-4054-8899-455203d7003f	1	83362590	155210675	27684	0.0038
0c440abb-be9d-4054-8899-455203d7003f	1	155219369	155231273	11	1.4488
0c440abb-be9d-4054-8899-455203d7003f	1	155241876	180965214	17537	0.0028
0c440abb-be9d-4054-8899-455203d7003f	1	180968919	180968945	2	-2.9324
0c440abb-be9d-4054-8899-455203d7003f	1	180968981	194479104	9115	-0.0012
0c440abb-be9d-4054-8899-455203d7003f	1	194482281	194485888	2	-2.3273
0c440abb-be9d-4054-8899-455203d7003f	1	194487886	196843377	1509	-0.0075
0c440abb-be9d-4054-8899-455203d7003f	1	196843400	196846661	2	3.1102
0c440abb-be9d-4054-8899-455203d7003f	1	196847600	246204669	34209	0.0043
0c440abb-be9d-4054-8899-455203d7003f	1	246206297	246221612	15	-1.1833
0c440abb-be9d-4054-8899-455203d7003f	1	246230530	248446755	1383	0.0013
0c440abb-be9d-4054-8899-455203d7003f	1	248447206	248473963	10	0.8532
0c440abb-be9d-4054-8899-455203d7003f	1	248475325	248574146	17	0.0299
0c440abb-be9d-4054-8899-455203d7003f	1	248585893	248645808	34	-2.3698
0c440abb-be9d-4054-8899-455203d7003f	1	248646068	248930189	139	0.0334
0c440abb-be9d-4054-8899-455203d7003f	2	12784	4158097	2985	0.0159
0c440abb-be9d-4054-8899-455203d7003f	2	4166274	4175577	36	-0.7861
0c440abb-be9d-4054-8899-455203d7003f	2	4175922	36109476	22260	0.01
0c440abb-be9d-4054-8899-455203d7003f	2	36109597	36112411	12	-1.256
0c440abb-be9d-4054-8899-455203d7003f	2	36123960	41011095	3638	0.0051
0c440abb-be9d-4054-8899-455203d7003f	2	41011303	41018747	22	-0.782
0c440abb-be9d-4054-8899-455203d7003f	2	41024093	52369839	8057	0.0115
0c440abb-be9d-4054-8899-455203d7003f	2	52372222	52372830	2	-2.2347
0c440abb-be9d-4054-8899-455203d7003f	2	52373171	52514599	117	0.0172
0c440abb-be9d-4054-8899-455203d7003f	2	52516787	52554404	41	0.5368
0c440abb-be9d-4054-8899-455203d7003f	2	52560811	57181186	3373	0.0023
0c440abb-be9d-4054-8899-455203d7003f	2	57181356	57181540	2	-1.7784
0c440abb-be9d-4054-8899-455203d7003f	2	57181856	97359885	20466	0.0071
0c440abb-be9d-4054-8899-455203d7003f	2	97524284	97545726	9	0.8782
0c440abb-be9d-4054-8899-455203d7003f	2	97550415	113604438	9362	0.0036
0c440abb-be9d-4054-8899-455203d7003f	2	113604837	113604839	2	-2.1219
0c440abb-be9d-4054-8899-455203d7003f	2	113623244	146104517	20028	0.0057
0c440abb-be9d-4054-8899-455203d7003f	2	146106836	146109366	24	-2.2875
0c440abb-be9d-4054-8899-455203d7003f	2	146120238	146829459	357	0.0112
0c440abb-be9d-4054-8899-455203d7003f	2	146830387	146833630	3	-1.4143
0c440abb-be9d-4054-8899-455203d7003f	2	146833806	161035591	8685	0.0126
0c440abb-be9d-4054-8899-455203d7003f	2	161037866	161038045	2	-2.0261
0c440abb-be9d-4054-8899-455203d7003f	2	161038582	183929124	14235	0.0108
0c440abb-be9d-4054-8899-455203d7003f	2	183929673	183937714	17	-0.6906
0c440abb-be9d-4054-8899-455203d7003f	2	183943862	184451949	393	0.0048
0c440abb-be9d-4054-8899-455203d7003f	2	184452153	184453319	2	1.7816
0c440abb-be9d-4054-8899-455203d7003f	2	184453824	194495886	5519	0.0089
0c440abb-be9d-4054-8899-455203d7003f	2	194500751	194501360	4	-1.3501
0c440abb-be9d-4054-8899-455203d7003f	2	194501795	210665198	9653	0.0034
0c440abb-be9d-4054-8899-455203d7003f	2	210671545	210675604	2	-2.1793
0c440abb-be9d-4054-8899-455203d7003f	2	210676340	242147305	20179	0.0119
0c440abb-be9d-4054-8899-455203d7003f	3	20930	4058193	3647	0.0001
0c440abb-be9d-4054-8899-455203d7003f	3	4061917	4132155	84	-0.9237
0c440abb-be9d-4054-8899-455203d7003f	3	4139721	4149135	13	0.068
0c440abb-be9d-4054-8899-455203d7003f	3	4150955	4155331	4	-1.3815
0c440abb-be9d-4054-8899-455203d7003f	3	4160117	46750055	29420	0.0001
0c440abb-be9d-4054-8899-455203d7003f	3	46751887	46818342	43	-0.8699
0c440abb-be9d-4054-8899-455203d7003f	3	46827338	62033726	9352	0.0034
0c440abb-be9d-4054-8899-455203d7003f	3	62040459	62046849	10	-1.0816
0c440abb-be9d-4054-8899-455203d7003f	3	62046910	76033778	10307	0.0023
0c440abb-be9d-4054-8899-455203d7003f	3	76035374	76046188	10	-1.2918
0c440abb-be9d-4054-8899-455203d7003f	3	76047420	110539789	17624	-0.0009
0c440abb-be9d-4054-8899-455203d7003f	3	110544284	110556105	16	-1.1793
0c440abb-be9d-4054-8899-455203d7003f	3	110558917	130047743	11906	0.0069
0c440abb-be9d-4054-8899-455203d7003f	3	130057015	130087393	36	0.5672
0c440abb-be9d-4054-8899-455203d7003f	3	130088081	162794869	20260	0.0069
0c440abb-be9d-4054-8899-455203d7003f	3	162794951	162908207	69	0.6889
0c440abb-be9d-4054-8899-455203d7003f	3	162908784	176856623	8598	0.0048
0c440abb-be9d-4054-8899-455203d7003f	3	176858949	176859743	3	-2.0719
0c440abb-be9d-4054-8899-455203d7003f	3	176859993	193156958	10561	0.0014
0c440abb-be9d-4054-8899-455203d7003f	3	193160113	193165114	20	1.1884
0c440abb-be9d-4054-8899-455203d7003f	3	193168646	198169247	2691	-0.0001
0c440abb-be9d-4054-8899-455203d7003f	4	68929	9427585	5142	0.0116
0c440abb-be9d-4054-8899-455203d7003f	4	9428543	9435283	10	-0.846
0c440abb-be9d-4054-8899-455203d7003f	4	9435284	21366716	8793	0.0054
0c440abb-be9d-4054-8899-455203d7003f	4	21367070	21375228	16	-0.5693
0c440abb-be9d-4054-8899-455203d7003f	4	21382117	34777432	8753	0.0081
0c440abb-be9d-4054-8899-455203d7003f	4	34784878	34823103	38	0.6197
0c440abb-be9d-4054-8899-455203d7003f	4	34828250	68506285	19457	0.0035
0c440abb-be9d-4054-8899-455203d7003f	4	68509223	68725894	74	0.6135
0c440abb-be9d-4054-8899-455203d7003f	4	68726064	69257792	306	0.0264
0c440abb-be9d-4054-8899-455203d7003f	4	69261926	69342478	42	-0.3813
0c440abb-be9d-4054-8899-455203d7003f	4	69343669	86053909	10450	0.0036
0c440abb-be9d-4054-8899-455203d7003f	4	86054070	86058548	19	-0.74
0c440abb-be9d-4054-8899-455203d7003f	4	86058611	114252544	16868	0.0022
0c440abb-be9d-4054-8899-455203d7003f	4	114254167	114263096	25	0.6372
0c440abb-be9d-4054-8899-455203d7003f	4	114263110	136437892	12740	0.0034
0c440abb-be9d-4054-8899-455203d7003f	4	136438762	136448082	8	-0.9192
0c440abb-be9d-4054-8899-455203d7003f	4	136448465	143902419	4924	0.0026
0c440abb-be9d-4054-8899-455203d7003f	4	143902766	144022456	61	-0.7554
0c440abb-be9d-4054-8899-455203d7003f	4	144031375	150955199	3862	0.0033
0c440abb-be9d-4054-8899-455203d7003f	4	150955254	150963154	23	-0.8096
0c440abb-be9d-4054-8899-455203d7003f	4	150963158	160952848	6335	0.0008
0c440abb-be9d-4054-8899-455203d7003f	4	160958866	160963448	20	-0.7005
0c440abb-be9d-4054-8899-455203d7003f	4	160963756	172066777	7073	-0.0007
0c440abb-be9d-4054-8899-455203d7003f	4	172067997	172068382	12	-1.804
0c440abb-be9d-4054-8899-455203d7003f	4	172074828	187284774	10329	0.0036
0c440abb-be9d-4054-8899-455203d7003f	4	187286739	187309562	21	-0.9941
0c440abb-be9d-4054-8899-455203d7003f	4	187313758	190106768	1726	0.0074
0c440abb-be9d-4054-8899-455203d7003f	5	15532	800724	335	0.0078
0c440abb-be9d-4054-8899-455203d7003f	5	801456	825538	17	0.5558
0c440abb-be9d-4054-8899-455203d7003f	5	833513	10527531	8173	0.0069
0c440abb-be9d-4054-8899-455203d7003f	5	10528810	10531645	3	-1.926
0c440abb-be9d-4054-8899-455203d7003f	5	10531886	124200798	67434	0.0019
0c440abb-be9d-4054-8899-455203d7003f	5	124201883	124206405	4	-1.4749
0c440abb-be9d-4054-8899-455203d7003f	5	124206431	150822643	16429	-0.0015
0c440abb-be9d-4054-8899-455203d7003f	5	150825938	150839042	8	-0.8422
0c440abb-be9d-4054-8899-455203d7003f	5	150843825	156149576	3704	0.0084
0c440abb-be9d-4054-8899-455203d7003f	5	156150331	156163274	8	-0.9408
0c440abb-be9d-4054-8899-455203d7003f	5	156170444	177771448	14737	0.0072
0c440abb-be9d-4054-8899-455203d7003f	5	177800550	177805604	3	2.7444
0c440abb-be9d-4054-8899-455203d7003f	5	177827964	177926412	11	-0.1097
0c440abb-be9d-4054-8899-455203d7003f	5	177929702	177933867	3	1.545
0c440abb-be9d-4054-8899-455203d7003f	5	177950647	181363319	1970	0.0175
0c440abb-be9d-4054-8899-455203d7003f	6	149661	32486746	22842	-0.0021
0c440abb-be9d-4054-8899-455203d7003f	6	32488906	32634330	48	-0.5054
0c440abb-be9d-4054-8899-455203d7003f	6	32634492	32718419	48	-0.0075
0c440abb-be9d-4054-8899-455203d7003f	6	32720838	32723053	11	-0.9022
0c440abb-be9d-4054-8899-455203d7003f	6	32732907	78262371	26825	0.0002
0c440abb-be9d-4054-8899-455203d7003f	6	78262427	78329517	106	-0.8584
0c440abb-be9d-4054-8899-455203d7003f	6	78331916	125861617	29406	-0.0003
0c440abb-be9d-4054-8899-455203d7003f	6	125862546	125865630	3	-2.7862
0c440abb-be9d-4054-8899-455203d7003f	6	125867747	141046572	9820	0.0064
0c440abb-be9d-4054-8899-455203d7003f	6	141051485	141061995	8	-1.1155
0c440abb-be9d-4054-8899-455203d7003f	6	141065726	170741917	20446	0.0011
0c440abb-be9d-4054-8899-455203d7003f	7	43355	13078323	8462	-0.0006
0c440abb-be9d-4054-8899-455203d7003f	7	13079394	13079430	2	-2.1284
0c440abb-be9d-4054-8899-455203d7003f	7	13079446	159334314	89328	0.0055
0c440abb-be9d-4054-8899-455203d7003f	8	81254	7329124	7724	0.0009
0c440abb-be9d-4054-8899-455203d7003f	8	7336299	7775900	38	-0.8775
0c440abb-be9d-4054-8899-455203d7003f	8	7788805	8120649	24	0.1377
0c440abb-be9d-4054-8899-455203d7003f	8	8132772	8214781	6	-1.206
0c440abb-be9d-4054-8899-455203d7003f	8	8234503	16339682	6728	-0.0009
0c440abb-be9d-4054-8899-455203d7003f	8	16349445	16349614	8	-1.9004
0c440abb-be9d-4054-8899-455203d7003f	8	16354575	16404726	48	0.0551
0c440abb-be9d-4054-8899-455203d7003f	8	16404738	16417135	26	-0.8645
0c440abb-be9d-4054-8899-455203d7003f	8	16417152	111282237	57968	0.0074
0c440abb-be9d-4054-8899-455203d7003f	8	111282417	111283016	6	-2.1086
0c440abb-be9d-4054-8899-455203d7003f	8	111283031	145072769	22908	0.0029
0c440abb-be9d-4054-8899-455203d7003f	9	46587	5302749	5421	0.0064
0c440abb-be9d-4054-8899-455203d7003f	9	5311567	5337707	11	-1.1974
0c440abb-be9d-4054-8899-455203d7003f	9	5340984	6144702	557	0.0038
0c440abb-be9d-4054-8899-455203d7003f	9	6145022	6145154	2	-1.5021
0c440abb-be9d-4054-8899-455203d7003f	9	6145491	9582128	3154	0
0c440abb-be9d-4054-8899-455203d7003f	9	9582181	9584526	4	-1.4464
0c440abb-be9d-4054-8899-455203d7003f	9	9587003	29091099	15608	0.0057
0c440abb-be9d-4054-8899-455203d7003f	9	29094551	29094999	2	-3.5344
0c440abb-be9d-4054-8899-455203d7003f	9	29097682	39146302	6375	0.0013
0c440abb-be9d-4054-8899-455203d7003f	9	39146321	39484262	28	0.7747
0c440abb-be9d-4054-8899-455203d7003f	9	39484471	61337631	200	0.1594
0c440abb-be9d-4054-8899-455203d7003f	9	61369645	61374282	4	-1.5064
0c440abb-be9d-4054-8899-455203d7003f	9	61378951	64510407	135	0.2304
0c440abb-be9d-4054-8899-455203d7003f	9	64520620	64965589	26	0.6951
0c440abb-be9d-4054-8899-455203d7003f	9	65947360	93707815	18150	0.0021
0c440abb-be9d-4054-8899-455203d7003f	9	93708429	93708675	2	-2.6171
0c440abb-be9d-4054-8899-455203d7003f	9	93710664	131383392	26166	0.0011
0c440abb-be9d-4054-8899-455203d7003f	9	131385539	131390317	5	-1.0136
0c440abb-be9d-4054-8899-455203d7003f	9	131396628	131498887	72	0.0206
0c440abb-be9d-4054-8899-455203d7003f	9	131499214	131505230	2	-1.636
0c440abb-be9d-4054-8899-455203d7003f	9	131505646	133306648	1264	-0.0027
0c440abb-be9d-4054-8899-455203d7003f	9	133307013	133307252	6	0.9787
0c440abb-be9d-4054-8899-455203d7003f	9	133316268	138200944	2285	0.012
0c440abb-be9d-4054-8899-455203d7003f	10	45792	30957581	24221	0.0038
0c440abb-be9d-4054-8899-455203d7003f	10	30962405	30962850	11	-0.9406
0c440abb-be9d-4054-8899-455203d7003f	10	30962893	45233172	6960	0.0091
0c440abb-be9d-4054-8899-455203d7003f	10	45234143	45235853	3	-1.2883
0c440abb-be9d-4054-8899-455203d7003f	10	45236235	46146395	303	-0.0049
0c440abb-be9d-4054-8899-455203d7003f	10	46146453	46332377	169	0.5128
0c440abb-be9d-4054-8899-455203d7003f	10	46333369	46657149	53	-0.0281
0c440abb-be9d-4054-8899-455203d7003f	10	46693480	46708198	4	0.8862
0c440abb-be9d-4054-8899-455203d7003f	10	46780843	46804606	4	-1.4538
0c440abb-be9d-4054-8899-455203d7003f	10	46810571	59951853	8952	0.0035
0c440abb-be9d-4054-8899-455203d7003f	10	59954006	59955556	4	-1.462
0c440abb-be9d-4054-8899-455203d7003f	10	59955830	89178916	19574	0.0007
0c440abb-be9d-4054-8899-455203d7003f	10	89183210	89190337	13	-0.8149
0c440abb-be9d-4054-8899-455203d7003f	10	89190649	95109306	3648	-0.006
0c440abb-be9d-4054-8899-455203d7003f	10	95109317	95109349	4	-2.6779
0c440abb-be9d-4054-8899-455203d7003f	10	95109949	122584707	18828	0.0026
0c440abb-be9d-4054-8899-455203d7003f	10	122587358	122591497	4	-2.2288
0c440abb-be9d-4054-8899-455203d7003f	10	122597296	133654968	7901	0.0138
0c440abb-be9d-4054-8899-455203d7003f	11	198510	4946420	2417	0.0137
0c440abb-be9d-4054-8899-455203d7003f	11	4947280	4952799	25	0.5696
0c440abb-be9d-4054-8899-455203d7003f	11	4953934	5766175	788	0.0092
0c440abb-be9d-4054-8899-455203d7003f	11	5766850	5788108	33	-0.7326
0c440abb-be9d-4054-8899-455203d7003f	11	5788231	24260982	13723	0.0027
0c440abb-be9d-4054-8899-455203d7003f	11	24264675	24265953	4	-1.6734
0c440abb-be9d-4054-8899-455203d7003f	11	24267993	25632636	1010	0.0054
0c440abb-be9d-4054-8899-455203d7003f	11	25633389	25641188	4	-2.3046
0c440abb-be9d-4054-8899-455203d7003f	11	25642565	29527209	2629	0.0015
0c440abb-be9d-4054-8899-455203d7003f	11	29527456	29527457	2	-4.4477
0c440abb-be9d-4054-8899-455203d7003f	11	29527548	40431902	7578	0.0033
0c440abb-be9d-4054-8899-455203d7003f	11	40437692	40458841	20	-1.0753
0c440abb-be9d-4054-8899-455203d7003f	11	40462016	55606556	6238	0.0054
0c440abb-be9d-4054-8899-455203d7003f	11	55606572	55674842	47	0.3799
0c440abb-be9d-4054-8899-455203d7003f	11	55676735	59050978	2090	0.0103
0c440abb-be9d-4054-8899-455203d7003f	11	59051284	59086292	15	0.6732
0c440abb-be9d-4054-8899-455203d7003f	11	59087546	61182288	1289	0.0152
0c440abb-be9d-4054-8899-455203d7003f	11	61184956	61187027	8	-1.1757
0c440abb-be9d-4054-8899-455203d7003f	11	61187740	77545812	7975	0.0067
0c440abb-be9d-4054-8899-455203d7003f	11	77548390	77552158	5	-1.2383
0c440abb-be9d-4054-8899-455203d7003f	11	77553002	79679087	1475	0.0033
0c440abb-be9d-4054-8899-455203d7003f	11	79679706	79683752	3	-1.8866
0c440abb-be9d-4054-8899-455203d7003f	11	79685592	89923071	7014	-0.002
0c440abb-be9d-4054-8899-455203d7003f	11	89962925	89966336	2	-1.9268
0c440abb-be9d-4054-8899-455203d7003f	11	90043678	90833345	548	-0.0056
0c440abb-be9d-4054-8899-455203d7003f	11	90835019	90837870	4	-3.4985
0c440abb-be9d-4054-8899-455203d7003f	11	90838996	93964792	2254	-0.0063
0c440abb-be9d-4054-8899-455203d7003f	11	93964894	93968422	7	-0.9214
0c440abb-be9d-4054-8899-455203d7003f	11	93971294	135074876	29596	0.0042
0c440abb-be9d-4054-8899-455203d7003f	12	51460	8204911	5532	0.0081
0c440abb-be9d-4054-8899-455203d7003f	12	8209454	8220161	9	0.8732
0c440abb-be9d-4054-8899-455203d7003f	12	8241232	9481274	629	0.0183
0c440abb-be9d-4054-8899-455203d7003f	12	9485313	9562969	22	0.9403
0c440abb-be9d-4054-8899-455203d7003f	12	9575696	37547741	17421	-0.0012
0c440abb-be9d-4054-8899-455203d7003f	12	37548820	37554266	5	-1.3541
0c440abb-be9d-4054-8899-455203d7003f	12	37556456	45506042	4769	0.0013
0c440abb-be9d-4054-8899-455203d7003f	12	45510655	45515754	4	1.519
0c440abb-be9d-4054-8899-455203d7003f	12	45519509	79903507	21170	-0.001
0c440abb-be9d-4054-8899-455203d7003f	12	79904615	79905745	2	-2.3854
0c440abb-be9d-4054-8899-455203d7003f	12	79910892	133201603	35270	0.0037
0c440abb-be9d-4054-8899-455203d7003f	13	18452809	37496998	13478	0.005
0c440abb-be9d-4054-8899-455203d7003f	13	37497899	37510406	14	-0.5185
0c440abb-be9d-4054-8899-455203d7003f	13	37510595	57184255	12527	0.0064
0c440abb-be9d-4054-8899-455203d7003f	13	57184492	57193049	21	-0.4612
0c440abb-be9d-4054-8899-455203d7003f	13	57193349	58053107	459	-0.0084
0c440abb-be9d-4054-8899-455203d7003f	13	58056517	58336151	167	-1.0139
0c440abb-be9d-4054-8899-455203d7003f	13	58339832	68336002	6044	0.0031
0c440abb-be9d-4054-8899-455203d7003f	13	68341150	68341561	2	-1.8667
0c440abb-be9d-4054-8899-455203d7003f	13	68345072	105026839	24745	0.0074
0c440abb-be9d-4054-8899-455203d7003f	13	105028565	105038334	10	-1.0031
0c440abb-be9d-4054-8899-455203d7003f	13	105040898	114342922	6656	0.0067
0c440abb-be9d-4054-8899-455203d7003f	14	18239283	19954424	165	-0.2391
0c440abb-be9d-4054-8899-455203d7003f	14	19955213	28195832	5438	0.0063
0c440abb-be9d-4054-8899-455203d7003f	14	28199167	28201532	5	-1.138
0c440abb-be9d-4054-8899-455203d7003f	14	28205420	45339990	10580	0.0032
0c440abb-be9d-4054-8899-455203d7003f	14	45356853	45546515	93	-0.928
0c440abb-be9d-4054-8899-455203d7003f	14	45554744	68326837	14451	-0.0017
0c440abb-be9d-4054-8899-455203d7003f	14	68326915	68326987	2	-2.1063
0c440abb-be9d-4054-8899-455203d7003f	14	68329475	106340102	24377	-0.0004
0c440abb-be9d-4054-8899-455203d7003f	14	106340305	106362628	8	-1.2642
0c440abb-be9d-4054-8899-455203d7003f	14	106364815	106696326	193	-0.029
0c440abb-be9d-4054-8899-455203d7003f	14	106696342	106711719	6	-0.9328
0c440abb-be9d-4054-8899-455203d7003f	14	106719325	106877229	73	0.0067
0c440abb-be9d-4054-8899-455203d7003f	15	19811075	20614765	135	-0.0297
0c440abb-be9d-4054-8899-455203d7003f	15	20625071	20625279	2	-2.2586
0c440abb-be9d-4054-8899-455203d7003f	15	20642631	23199669	385	-0.0143
0c440abb-be9d-4054-8899-455203d7003f	15	23396367	23425837	12	-1.0388
0c440abb-be9d-4054-8899-455203d7003f	15	23426699	56497449	20599	0.0041
0c440abb-be9d-4054-8899-455203d7003f	15	56498505	56508779	25	-0.6787
0c440abb-be9d-4054-8899-455203d7003f	15	56509425	70798623	9712	-0.0026
0c440abb-be9d-4054-8899-455203d7003f	15	70800769	70807508	3	-1.5291
0c440abb-be9d-4054-8899-455203d7003f	15	70808191	76042215	2721	0.0142
0c440abb-be9d-4054-8899-455203d7003f	15	76048529	76052548	3	-1.2946
0c440abb-be9d-4054-8899-455203d7003f	15	76056133	76598900	313	0.0146
0c440abb-be9d-4054-8899-455203d7003f	15	76599170	76599884	10	0.4974
0c440abb-be9d-4054-8899-455203d7003f	15	76602723	77372024	337	0.0245
0c440abb-be9d-4054-8899-455203d7003f	15	77373423	77381117	8	-1.1754
0c440abb-be9d-4054-8899-455203d7003f	15	77384627	86450233	5564	0.0043
0c440abb-be9d-4054-8899-455203d7003f	15	86450354	86453038	10	-1.1042
0c440abb-be9d-4054-8899-455203d7003f	15	86453629	86921691	481	-0.0101
0c440abb-be9d-4054-8899-455203d7003f	15	86922800	86928406	6	-0.9184
0c440abb-be9d-4054-8899-455203d7003f	15	86928440	95626215	6591	0.0094
0c440abb-be9d-4054-8899-455203d7003f	15	95630086	95631647	2	-1.7801
0c440abb-be9d-4054-8899-455203d7003f	15	95632867	101928837	4622	0.0163
0c440abb-be9d-4054-8899-455203d7003f	16	10777	20489224	13892	0.0095
0c440abb-be9d-4054-8899-455203d7003f	16	20501459	20522198	23	-0.8242
0c440abb-be9d-4054-8899-455203d7003f	16	20522319	22604483	865	-0.0084
0c440abb-be9d-4054-8899-455203d7003f	16	22614263	22706267	61	-0.3257
0c440abb-be9d-4054-8899-455203d7003f	16	22706983	29269733	4205	0.0048
0c440abb-be9d-4054-8899-455203d7003f	16	29269734	29270444	2	-1.8567
0c440abb-be9d-4054-8899-455203d7003f	16	29272383	32198778	917	0.0154
0c440abb-be9d-4054-8899-455203d7003f	16	32295899	32562155	12	0.6008
0c440abb-be9d-4054-8899-455203d7003f	16	32613018	32944749	19	0.3086
0c440abb-be9d-4054-8899-455203d7003f	16	32945966	78339440	21227	0.0026
0c440abb-be9d-4054-8899-455203d7003f	16	78339867	78343037	5	-1.3768
0c440abb-be9d-4054-8899-455203d7003f	16	78343264	90096867	10622	0.0026
0c440abb-be9d-4054-8899-455203d7003f	17	150733	15571773	9995	0.0056
0c440abb-be9d-4054-8899-455203d7003f	17	15576622	15586837	6	-0.9604
0c440abb-be9d-4054-8899-455203d7003f	17	15587808	18414080	1394	0.0047
0c440abb-be9d-4054-8899-455203d7003f	17	18452078	18540308	22	0.6561
0c440abb-be9d-4054-8899-455203d7003f	17	18540363	21425367	1173	0.0053
0c440abb-be9d-4054-8899-455203d7003f	17	21427304	21774057	84	0.5472
0c440abb-be9d-4054-8899-455203d7003f	17	22050386	41266838	8150	0.0096
0c440abb-be9d-4054-8899-455203d7003f	17	41266851	41267053	5	-2.2039
0c440abb-be9d-4054-8899-455203d7003f	17	41267068	41273905	10	-0.5676
0c440abb-be9d-4054-8899-455203d7003f	17	41273921	41274198	3	-2.3477
0c440abb-be9d-4054-8899-455203d7003f	17	41274279	46089089	2504	0.0038
0c440abb-be9d-4054-8899-455203d7003f	17	46089134	46446345	124	-0.2893
0c440abb-be9d-4054-8899-455203d7003f	17	46446360	78999993	19683	0.0049
0c440abb-be9d-4054-8899-455203d7003f	17	79002438	79003355	2	-2.2644
0c440abb-be9d-4054-8899-455203d7003f	17	79006681	80005417	535	0.0103
0c440abb-be9d-4054-8899-455203d7003f	17	80015123	80022981	5	-1.3649
0c440abb-be9d-4054-8899-455203d7003f	17	80030294	83091923	1339	0.0003
0c440abb-be9d-4054-8899-455203d7003f	18	48133	40680506	22787	0.0052
0c440abb-be9d-4054-8899-455203d7003f	18	40680516	40685425	15	-1.0557
0c440abb-be9d-4054-8899-455203d7003f	18	40688060	80257174	27931	0.0048
0c440abb-be9d-4054-8899-455203d7003f	19	90910	17072129	7408	0.0057
0c440abb-be9d-4054-8899-455203d7003f	19	17073751	17077097	2	-2.2311
0c440abb-be9d-4054-8899-455203d7003f	19	17078658	22240132	2551	-0.0091
0c440abb-be9d-4054-8899-455203d7003f	19	22241616	22243718	6	-1.2442
0c440abb-be9d-4054-8899-455203d7003f	19	22245185	54215099	16536	0.0069
0c440abb-be9d-4054-8899-455203d7003f	19	54215136	54237443	17	-0.8001
0c440abb-be9d-4054-8899-455203d7003f	19	54249482	56201725	1072	0.0016
0c440abb-be9d-4054-8899-455203d7003f	19	56202579	56208905	9	-1.1096
0c440abb-be9d-4054-8899-455203d7003f	19	56211390	58586487	1506	0.0125
0c440abb-be9d-4054-8899-455203d7003f	20	80664	1580353	1203	-0.0041
0c440abb-be9d-4054-8899-455203d7003f	20	1580934	1601561	36	1.9704
0c440abb-be9d-4054-8899-455203d7003f	20	1609611	4459418	2043	0.0111
0c440abb-be9d-4054-8899-455203d7003f	20	4465402	4471309	8	-0.9692
0c440abb-be9d-4054-8899-455203d7003f	20	4472816	64324800	39078	0.0048
0c440abb-be9d-4054-8899-455203d7003f	21	10354168	46677045	23848	0.0046
0c440abb-be9d-4054-8899-455203d7003f	22	15294547	18620743	1133	0.0172
0c440abb-be9d-4054-8899-455203d7003f	22	18649244	19019471	60	0.715
0c440abb-be9d-4054-8899-455203d7003f	22	19037293	22689044	2400	0.0234
0c440abb-be9d-4054-8899-455203d7003f	22	22690773	22743135	33	-1.0131
0c440abb-be9d-4054-8899-455203d7003f	22	22748392	50796027	19647	0.0045
0c440abb-be9d-4054-8899-455203d7003f	X	251810	16454081	10057	0.0089
0c440abb-be9d-4054-8899-455203d7003f	X	16454101	16462476	33	-0.901
0c440abb-be9d-4054-8899-455203d7003f	X	16462535	64398832	23865	0.0042
0c440abb-be9d-4054-8899-455203d7003f	X	64405973	64410665	2	-2.1481
0c440abb-be9d-4054-8899-455203d7003f	X	64411240	65372809	430	-0.0047
0c440abb-be9d-4054-8899-455203d7003f	X	65375625	65376010	2	-1.8452
0c440abb-be9d-4054-8899-455203d7003f	X	65387369	82124189	7721	0.0107
0c440abb-be9d-4054-8899-455203d7003f	X	82140813	82156466	34	-0.9087
0c440abb-be9d-4054-8899-455203d7003f	X	82156545	155952689	41473	0.0043
0c440abb-be9d-4054-8899-455203d7003f	Y	2782397	6249869	784	-2.8572
0c440abb-be9d-4054-8899-455203d7003f	Y	6252391	17053374	4233	-3.2812
0c440abb-be9d-4054-8899-455203d7003f	Y	17054981	17067660	8	-6.0294
0c440abb-be9d-4054-8899-455203d7003f	Y	17070391	25169825	1433	-3.3328
0c440abb-be9d-4054-8899-455203d7003f	Y	25472063	56872112	179	-2.8596
