GDC_Aliquot	Chromosome	Start	End	Num_Probes	Segment_Mean
090ba620-007d-4fbf-a980-3eda4ef312e9	1	62920	888756	54	0.1289
090ba620-007d-4fbf-a980-3eda4ef312e9	1	901333	3298168	682	-0.2189
090ba620-007d-4fbf-a980-3eda4ef312e9	1	3301765	12779433	5748	-0.0288
090ba620-007d-4fbf-a980-3eda4ef312e9	1	12792599	13012913	34	-0.8402
090ba620-007d-4fbf-a980-3eda4ef312e9	1	13110913	34626073	12467	-0.0255
090ba620-007d-4fbf-a980-3eda4ef312e9	1	34637053	34638890	20	-2.4519
090ba620-007d-4fbf-a980-3eda4ef312e9	1	34648667	36898336	1117	0.0063
090ba620-007d-4fbf-a980-3eda4ef312e9	1	36898600	60349778	14396	-0.0138
090ba620-007d-4fbf-a980-3eda4ef312e9	1	60352247	60889725	364	0.0142
090ba620-007d-4fbf-a980-3eda4ef312e9	1	60890295	60890385	2	-1.1147
090ba620-007d-4fbf-a980-3eda4ef312e9	1	60893723	72297687	7889	0.0211
090ba620-007d-4fbf-a980-3eda4ef312e9	1	72302735	72345465	48	-1.1602
090ba620-007d-4fbf-a980-3eda4ef312e9	1	72346221	72571157	136	0.0537
090ba620-007d-4fbf-a980-3eda4ef312e9	1	72574186	72579894	9	0.4511
090ba620-007d-4fbf-a980-3eda4ef312e9	1	72586718	73303097	423	0.0209
090ba620-007d-4fbf-a980-3eda4ef312e9	1	73303490	73303532	3	-0.7473
090ba620-007d-4fbf-a980-3eda4ef312e9	1	73310246	73873484	363	0.0237
090ba620-007d-4fbf-a980-3eda4ef312e9	1	73874175	73881093	11	-1.1333
090ba620-007d-4fbf-a980-3eda4ef312e9	1	73883753	75585159	987	0.0175
090ba620-007d-4fbf-a980-3eda4ef312e9	1	75589078	75589169	2	-2.7819
090ba620-007d-4fbf-a980-3eda4ef312e9	1	75593824	99904217	15843	0.0237
090ba620-007d-4fbf-a980-3eda4ef312e9	1	99906499	99906514	2	-1.4236
090ba620-007d-4fbf-a980-3eda4ef312e9	1	99906686	105476583	3180	0.0249
090ba620-007d-4fbf-a980-3eda4ef312e9	1	105476614	105479753	16	0.8215
090ba620-007d-4fbf-a980-3eda4ef312e9	1	105481433	109679105	2636	0.015
090ba620-007d-4fbf-a980-3eda4ef312e9	1	109684695	109697556	15	1.0025
090ba620-007d-4fbf-a980-3eda4ef312e9	1	109702376	144503849	7277	0.0107
090ba620-007d-4fbf-a980-3eda4ef312e9	1	144503864	152244967	2074	-0.0445
090ba620-007d-4fbf-a980-3eda4ef312e9	1	152245997	152583051	226	0.0124
090ba620-007d-4fbf-a980-3eda4ef312e9	1	152583230	152614100	34	-1.6138
090ba620-007d-4fbf-a980-3eda4ef312e9	1	152614118	152789447	168	-0.0105
090ba620-007d-4fbf-a980-3eda4ef312e9	1	152789463	152804279	38	-0.385
090ba620-007d-4fbf-a980-3eda4ef312e9	1	152805967	158896783	3611	-0.0109
090ba620-007d-4fbf-a980-3eda4ef312e9	1	158898711	158899969	2	1.4949
090ba620-007d-4fbf-a980-3eda4ef312e9	1	158905028	161539001	1644	-0.0188
090ba620-007d-4fbf-a980-3eda4ef312e9	1	161539085	161649268	12	-0.6451
090ba620-007d-4fbf-a980-3eda4ef312e9	1	161678447	165647644	3279	0.0003
090ba620-007d-4fbf-a980-3eda4ef312e9	1	165648684	165648735	2	-1.244
090ba620-007d-4fbf-a980-3eda4ef312e9	1	165650475	169016577	2535	0.0119
090ba620-007d-4fbf-a980-3eda4ef312e9	1	169017063	169017973	5	-0.8397
090ba620-007d-4fbf-a980-3eda4ef312e9	1	169020148	174827267	3716	0.0123
090ba620-007d-4fbf-a980-3eda4ef312e9	1	174827418	174832716	17	-0.8052
090ba620-007d-4fbf-a980-3eda4ef312e9	1	174832734	193186662	12246	0.0213
090ba620-007d-4fbf-a980-3eda4ef312e9	1	193187149	193187218	4	-1.0172
090ba620-007d-4fbf-a980-3eda4ef312e9	1	193190593	196769506	2401	0.0326
090ba620-007d-4fbf-a980-3eda4ef312e9	1	196769638	196874041	76	0.276
090ba620-007d-4fbf-a980-3eda4ef312e9	1	196874290	209897717	8766	0.0059
090ba620-007d-4fbf-a980-3eda4ef312e9	1	209908268	209910639	3	-1.8271
090ba620-007d-4fbf-a980-3eda4ef312e9	1	209913207	248930189	27025	0.0096
090ba620-007d-4fbf-a980-3eda4ef312e9	2	12784	1202443	807	0
090ba620-007d-4fbf-a980-3eda4ef312e9	2	1205416	1912805	429	-0.0857
090ba620-007d-4fbf-a980-3eda4ef312e9	2	1912858	3135789	939	0.0299
090ba620-007d-4fbf-a980-3eda4ef312e9	2	3138728	3300017	160	-0.1234
090ba620-007d-4fbf-a980-3eda4ef312e9	2	3300037	4155990	652	0.0369
090ba620-007d-4fbf-a980-3eda4ef312e9	2	4158097	4175922	38	-0.642
090ba620-007d-4fbf-a980-3eda4ef312e9	2	4175977	34466002	21065	0.0165
090ba620-007d-4fbf-a980-3eda4ef312e9	2	34474248	34497523	33	0.6129
090ba620-007d-4fbf-a980-3eda4ef312e9	2	34497960	34511990	13	1.1272
090ba620-007d-4fbf-a980-3eda4ef312e9	2	34512096	35750907	872	0.065
090ba620-007d-4fbf-a980-3eda4ef312e9	2	35752724	35772407	8	0.5828
090ba620-007d-4fbf-a980-3eda4ef312e9	2	35772438	36001202	176	0.0726
090ba620-007d-4fbf-a980-3eda4ef312e9	2	36001257	37809585	1443	0.0108
090ba620-007d-4fbf-a980-3eda4ef312e9	2	37810677	37811797	2	-1.3801
090ba620-007d-4fbf-a980-3eda4ef312e9	2	37812483	40628415	1997	0.0215
090ba620-007d-4fbf-a980-3eda4ef312e9	2	40629121	41704033	870	0.0733
090ba620-007d-4fbf-a980-3eda4ef312e9	2	41704459	50602339	6312	0.0076
090ba620-007d-4fbf-a980-3eda4ef312e9	2	50602354	52537117	1344	0.0677
090ba620-007d-4fbf-a980-3eda4ef312e9	2	52537337	52554157	14	0.8503
090ba620-007d-4fbf-a980-3eda4ef312e9	2	52554188	87489240	22093	0.0181
090ba620-007d-4fbf-a980-3eda4ef312e9	2	87489506	87528459	11	-1.001
090ba620-007d-4fbf-a980-3eda4ef312e9	2	87542032	97524284	1754	0.0141
090ba620-007d-4fbf-a980-3eda4ef312e9	2	97524849	97570839	17	0.5116
090ba620-007d-4fbf-a980-3eda4ef312e9	2	97573686	100045704	1353	-0.0273
090ba620-007d-4fbf-a980-3eda4ef312e9	2	100046403	111239279	6777	0.0156
090ba620-007d-4fbf-a980-3eda4ef312e9	2	111239941	114811524	1992	-0.0161
090ba620-007d-4fbf-a980-3eda4ef312e9	2	114812019	229553710	70669	0.0295
090ba620-007d-4fbf-a980-3eda4ef312e9	2	229554046	232438231	1544	-0.0223
090ba620-007d-4fbf-a980-3eda4ef312e9	2	232442126	232447215	3	-1.7112
090ba620-007d-4fbf-a980-3eda4ef312e9	2	232453368	241537572	5969	0.0087
090ba620-007d-4fbf-a980-3eda4ef312e9	2	241537962	242016641	109	-0.1967
090ba620-007d-4fbf-a980-3eda4ef312e9	2	242016656	242147305	79	0.0225
090ba620-007d-4fbf-a980-3eda4ef312e9	3	20930	182919	154	0.0926
090ba620-007d-4fbf-a980-3eda4ef312e9	3	188339	191117	4	-0.7691
090ba620-007d-4fbf-a980-3eda4ef312e9	3	193194	367538	171	0.0825
090ba620-007d-4fbf-a980-3eda4ef312e9	3	367815	367832	2	-1.3394
090ba620-007d-4fbf-a980-3eda4ef312e9	3	370884	1054355	530	0.0881
090ba620-007d-4fbf-a980-3eda4ef312e9	3	1054493	1054567	2	-1.5691
090ba620-007d-4fbf-a980-3eda4ef312e9	3	1057047	2868805	1633	0.1038
090ba620-007d-4fbf-a980-3eda4ef312e9	3	2869050	5422955	2267	0.0157
090ba620-007d-4fbf-a980-3eda4ef312e9	3	5424119	7286376	1636	0.0765
090ba620-007d-4fbf-a980-3eda4ef312e9	3	7286471	11366589	3153	0.0094
090ba620-007d-4fbf-a980-3eda4ef312e9	3	11371130	11371926	4	-1.6524
090ba620-007d-4fbf-a980-3eda4ef312e9	3	11375791	21740672	6742	0.0129
090ba620-007d-4fbf-a980-3eda4ef312e9	3	21745401	22144867	416	0.1276
090ba620-007d-4fbf-a980-3eda4ef312e9	3	22147999	68697013	31086	0.0185
090ba620-007d-4fbf-a980-3eda4ef312e9	3	68697108	68698262	14	-1.3139
090ba620-007d-4fbf-a980-3eda4ef312e9	3	68699607	99218940	15914	0.0246
090ba620-007d-4fbf-a980-3eda4ef312e9	3	99225614	99230464	36	-0.5656
090ba620-007d-4fbf-a980-3eda4ef312e9	3	99230470	146677105	29157	0.0255
090ba620-007d-4fbf-a980-3eda4ef312e9	3	146682041	147713617	547	0.12
090ba620-007d-4fbf-a980-3eda4ef312e9	3	147713968	162794951	9326	0.033
090ba620-007d-4fbf-a980-3eda4ef312e9	3	162795304	162807070	10	0.8633
090ba620-007d-4fbf-a980-3eda4ef312e9	3	162810842	162822702	10	-0.0888
090ba620-007d-4fbf-a980-3eda4ef312e9	3	162827928	162906109	46	0.706
090ba620-007d-4fbf-a980-3eda4ef312e9	3	162908192	173425605	6281	0.0346
090ba620-007d-4fbf-a980-3eda4ef312e9	3	173434638	173875873	326	0.1393
090ba620-007d-4fbf-a980-3eda4ef312e9	3	173877946	175374208	1074	0.03
090ba620-007d-4fbf-a980-3eda4ef312e9	3	175374512	176038415	399	0.143
090ba620-007d-4fbf-a980-3eda4ef312e9	3	176041258	183594921	4502	0.024
090ba620-007d-4fbf-a980-3eda4ef312e9	3	183595131	184143962	277	-0.095
090ba620-007d-4fbf-a980-3eda4ef312e9	3	184145917	189642965	3815	0.0095
090ba620-007d-4fbf-a980-3eda4ef312e9	3	189645889	189653199	12	-0.847
090ba620-007d-4fbf-a980-3eda4ef312e9	3	189653225	193161217	2498	0.0353
090ba620-007d-4fbf-a980-3eda4ef312e9	3	193162684	193168669	15	0.4773
090ba620-007d-4fbf-a980-3eda4ef312e9	3	193168714	194508575	883	0.0188
090ba620-007d-4fbf-a980-3eda4ef312e9	3	194511312	195685341	604	-0.0497
090ba620-007d-4fbf-a980-3eda4ef312e9	3	195691392	195719958	19	0.4297
090ba620-007d-4fbf-a980-3eda4ef312e9	3	195720051	198169247	1186	-0.0661
090ba620-007d-4fbf-a980-3eda4ef312e9	4	68929	559073	213	-0.0199
090ba620-007d-4fbf-a980-3eda4ef312e9	4	560810	1008337	133	-0.1804
090ba620-007d-4fbf-a980-3eda4ef312e9	4	1041640	9455251	4811	-0.0033
090ba620-007d-4fbf-a980-3eda4ef312e9	4	9459504	9477699	6	1.3903
090ba620-007d-4fbf-a980-3eda4ef312e9	4	9484440	10208766	540	0.0019
090ba620-007d-4fbf-a980-3eda4ef312e9	4	10221792	10233558	34	-0.8015
090ba620-007d-4fbf-a980-3eda4ef312e9	4	10233644	34784878	16980	0.0202
090ba620-007d-4fbf-a980-3eda4ef312e9	4	34785333	34828250	38	0.5632
090ba620-007d-4fbf-a980-3eda4ef312e9	4	34828291	49214614	8974	0.0196
090ba620-007d-4fbf-a980-3eda4ef312e9	4	49289175	49289338	2	1.6754
090ba620-007d-4fbf-a980-3eda4ef312e9	4	49295203	63105303	7190	0.0249
090ba620-007d-4fbf-a980-3eda4ef312e9	4	63105750	63256631	76	0.2544
090ba620-007d-4fbf-a980-3eda4ef312e9	4	63259450	63831812	325	0.0238
090ba620-007d-4fbf-a980-3eda4ef312e9	4	63831891	63838575	4	0.9871
090ba620-007d-4fbf-a980-3eda4ef312e9	4	63839438	63841863	14	0.1315
090ba620-007d-4fbf-a980-3eda4ef312e9	4	63841887	63842540	7	1.1788
090ba620-007d-4fbf-a980-3eda4ef312e9	4	63850713	68378716	2852	0.0281
090ba620-007d-4fbf-a980-3eda4ef312e9	4	68389352	68618331	83	-0.1694
090ba620-007d-4fbf-a980-3eda4ef312e9	4	68618369	68740440	23	0.0888
090ba620-007d-4fbf-a980-3eda4ef312e9	4	68742558	69370433	353	0.1644
090ba620-007d-4fbf-a980-3eda4ef312e9	4	69374263	114252500	27330	0.0241
090ba620-007d-4fbf-a980-3eda4ef312e9	4	114252544	114261019	24	0.7129
090ba620-007d-4fbf-a980-3eda4ef312e9	4	114263073	129141596	8723	0.0283
090ba620-007d-4fbf-a980-3eda4ef312e9	4	129146391	129147005	2	-2.7494
090ba620-007d-4fbf-a980-3eda4ef312e9	4	129151408	160120152	18615	0.0229
090ba620-007d-4fbf-a980-3eda4ef312e9	4	160131622	160149637	39	-0.7606
090ba620-007d-4fbf-a980-3eda4ef312e9	4	160162718	190106768	19783	0.0331
090ba620-007d-4fbf-a980-3eda4ef312e9	5	15532	1891707	922	-0.0861
090ba620-007d-4fbf-a980-3eda4ef312e9	5	1892645	17515692	12458	0.0247
090ba620-007d-4fbf-a980-3eda4ef312e9	5	17601444	17642442	19	-0.7682
090ba620-007d-4fbf-a980-3eda4ef312e9	5	17655029	24572299	4085	0.0361
090ba620-007d-4fbf-a980-3eda4ef312e9	5	24572338	24577260	5	0.8799
090ba620-007d-4fbf-a980-3eda4ef312e9	5	24577342	25077135	324	0.0306
090ba620-007d-4fbf-a980-3eda4ef312e9	5	25077162	25323433	133	0.1657
090ba620-007d-4fbf-a980-3eda4ef312e9	5	25327927	25328363	3	-0.859
090ba620-007d-4fbf-a980-3eda4ef312e9	5	25328712	27524345	1304	0.0455
090ba620-007d-4fbf-a980-3eda4ef312e9	5	27525283	27525913	10	-0.8211
090ba620-007d-4fbf-a980-3eda4ef312e9	5	27527372	34259309	4394	0.0242
090ba620-007d-4fbf-a980-3eda4ef312e9	5	34264242	34264450	3	-1.0997
090ba620-007d-4fbf-a980-3eda4ef312e9	5	34266449	45276037	6698	0.021
090ba620-007d-4fbf-a980-3eda4ef312e9	5	45277010	50843301	628	0.1099
090ba620-007d-4fbf-a980-3eda4ef312e9	5	50843452	58030200	4778	0.0115
090ba620-007d-4fbf-a980-3eda4ef312e9	5	58030336	58037706	31	-0.6088
090ba620-007d-4fbf-a980-3eda4ef312e9	5	58042530	63354649	3484	0.0205
090ba620-007d-4fbf-a980-3eda4ef312e9	5	63355744	63904532	320	0.1269
090ba620-007d-4fbf-a980-3eda4ef312e9	5	63912416	98886181	19777	0.0185
090ba620-007d-4fbf-a980-3eda4ef312e9	5	98886558	100454711	898	0.1057
090ba620-007d-4fbf-a980-3eda4ef312e9	5	100457007	104515520	2361	0.035
090ba620-007d-4fbf-a980-3eda4ef312e9	5	104524672	104524903	4	-1.2717
090ba620-007d-4fbf-a980-3eda4ef312e9	5	104525348	115135373	7164	0.0339
090ba620-007d-4fbf-a980-3eda4ef312e9	5	115135757	115135858	2	1.3143
090ba620-007d-4fbf-a980-3eda4ef312e9	5	115140689	140839137	16057	0.0259
090ba620-007d-4fbf-a980-3eda4ef312e9	5	140844251	140872578	14	-0.7391
090ba620-007d-4fbf-a980-3eda4ef312e9	5	140874202	171764601	21154	0.0235
090ba620-007d-4fbf-a980-3eda4ef312e9	5	171764631	180947523	5671	-0.0133
090ba620-007d-4fbf-a980-3eda4ef312e9	5	180951710	181006225	20	-0.6386
090ba620-007d-4fbf-a980-3eda4ef312e9	5	181006264	181363319	169	-0.0913
090ba620-007d-4fbf-a980-3eda4ef312e9	6	149661	29869411	21663	0.0087
090ba620-007d-4fbf-a980-3eda4ef312e9	6	29869537	29881490	14	-0.9368
090ba620-007d-4fbf-a980-3eda4ef312e9	6	29882419	31139871	542	-0.0317
090ba620-007d-4fbf-a980-3eda4ef312e9	6	31145275	31145329	2	-1.2852
090ba620-007d-4fbf-a980-3eda4ef312e9	6	31145437	31318528	122	-0.0545
090ba620-007d-4fbf-a980-3eda4ef312e9	6	31318754	31328674	9	-1.7967
090ba620-007d-4fbf-a980-3eda4ef312e9	6	31342147	31461190	104	0.0534
090ba620-007d-4fbf-a980-3eda4ef312e9	6	31462150	32367570	306	-0.1412
090ba620-007d-4fbf-a980-3eda4ef312e9	6	32368350	32463515	87	-0.0041
090ba620-007d-4fbf-a980-3eda4ef312e9	6	32463775	32533522	19	1.057
090ba620-007d-4fbf-a980-3eda4ef312e9	6	32540699	32658841	47	0.2842
090ba620-007d-4fbf-a980-3eda4ef312e9	6	32682835	33970222	799	0.001
090ba620-007d-4fbf-a980-3eda4ef312e9	6	33970966	33974834	6	-1.2034
090ba620-007d-4fbf-a980-3eda4ef312e9	6	33974928	48963228	9585	-0.0019
090ba620-007d-4fbf-a980-3eda4ef312e9	6	48964092	48967563	5	-1.1295
090ba620-007d-4fbf-a980-3eda4ef312e9	6	48978926	54060406	3304	0.0279
090ba620-007d-4fbf-a980-3eda4ef312e9	6	54066269	54067057	9	-0.5538
090ba620-007d-4fbf-a980-3eda4ef312e9	6	54070550	54980887	603	0.031
090ba620-007d-4fbf-a980-3eda4ef312e9	6	54983657	54985341	4	-1.295
090ba620-007d-4fbf-a980-3eda4ef312e9	6	54987314	56430859	921	0.0358
090ba620-007d-4fbf-a980-3eda4ef312e9	6	56433681	56434126	2	-1.208
090ba620-007d-4fbf-a980-3eda4ef312e9	6	56434519	58235149	601	0.0278
090ba620-007d-4fbf-a980-3eda4ef312e9	6	58236118	58258841	3	0.8387
090ba620-007d-4fbf-a980-3eda4ef312e9	6	58258968	58309239	28	-0.0531
090ba620-007d-4fbf-a980-3eda4ef312e9	6	58311129	61828648	605	0.1147
090ba620-007d-4fbf-a980-3eda4ef312e9	6	61829466	64627049	1459	0.0227
090ba620-007d-4fbf-a980-3eda4ef312e9	6	64637651	64639099	2	1.242
090ba620-007d-4fbf-a980-3eda4ef312e9	6	64640883	65000836	238	0.0336
090ba620-007d-4fbf-a980-3eda4ef312e9	6	65001506	65003844	2	-3.1471
090ba620-007d-4fbf-a980-3eda4ef312e9	6	65003899	66322086	892	0.0479
090ba620-007d-4fbf-a980-3eda4ef312e9	6	66323855	66344634	32	0.431
090ba620-007d-4fbf-a980-3eda4ef312e9	6	66344991	73882142	4995	0.0325
090ba620-007d-4fbf-a980-3eda4ef312e9	6	73882509	73891694	10	0.9397
090ba620-007d-4fbf-a980-3eda4ef312e9	6	73893839	76726442	1770	0.0376
090ba620-007d-4fbf-a980-3eda4ef312e9	6	76726815	76759379	29	0.3452
090ba620-007d-4fbf-a980-3eda4ef312e9	6	76760534	78253172	970	0.0394
090ba620-007d-4fbf-a980-3eda4ef312e9	6	78259348	78325457	112	-0.517
090ba620-007d-4fbf-a980-3eda4ef312e9	6	78325468	93761322	9906	0.0273
090ba620-007d-4fbf-a980-3eda4ef312e9	6	93765426	94965875	784	0.1289
090ba620-007d-4fbf-a980-3eda4ef312e9	6	94970302	103286954	4787	0.0279
090ba620-007d-4fbf-a980-3eda4ef312e9	6	103290101	103314186	46	0.7938
090ba620-007d-4fbf-a980-3eda4ef312e9	6	103317795	110073703	4230	0.0211
090ba620-007d-4fbf-a980-3eda4ef312e9	6	110074988	110092034	18	-1.0522
090ba620-007d-4fbf-a980-3eda4ef312e9	6	110094225	157358463	30535	0.023
090ba620-007d-4fbf-a980-3eda4ef312e9	6	157360232	157375044	3	-1.2264
090ba620-007d-4fbf-a980-3eda4ef312e9	6	157375962	161593402	2858	0.0156
090ba620-007d-4fbf-a980-3eda4ef312e9	6	161593727	166912634	4234	0.0515
090ba620-007d-4fbf-a980-3eda4ef312e9	6	166913613	170741917	2299	-0.0015
090ba620-007d-4fbf-a980-3eda4ef312e9	7	43355	148300	90	-0.0969
090ba620-007d-4fbf-a980-3eda4ef312e9	7	155066	158626	10	-1.1297
090ba620-007d-4fbf-a980-3eda4ef312e9	7	161442	6269909	3115	-0.0316
090ba620-007d-4fbf-a980-3eda4ef312e9	7	6274279	8760818	1825	0.0365
090ba620-007d-4fbf-a980-3eda4ef312e9	7	8761082	9120503	350	0.1366
090ba620-007d-4fbf-a980-3eda4ef312e9	7	9124208	16657813	6012	0.038
090ba620-007d-4fbf-a980-3eda4ef312e9	7	16660822	16662219	10	-0.9784
090ba620-007d-4fbf-a980-3eda4ef312e9	7	16670083	17756384	906	0.0851
090ba620-007d-4fbf-a980-3eda4ef312e9	7	17759717	18763961	708	0.0272
090ba620-007d-4fbf-a980-3eda4ef312e9	7	18766715	19180698	557	0.1009
090ba620-007d-4fbf-a980-3eda4ef312e9	7	19180727	19181838	7	-0.5014
090ba620-007d-4fbf-a980-3eda4ef312e9	7	19182315	19756660	462	0.1326
090ba620-007d-4fbf-a980-3eda4ef312e9	7	19756818	38251113	13319	0.021
090ba620-007d-4fbf-a980-3eda4ef312e9	7	38254500	38338544	114	-0.2859
090ba620-007d-4fbf-a980-3eda4ef312e9	7	38338955	57474821	12882	0.0234
090ba620-007d-4fbf-a980-3eda4ef312e9	7	57476405	57476932	3	-1.4232
090ba620-007d-4fbf-a980-3eda4ef312e9	7	57477003	62696353	247	0.0366
090ba620-007d-4fbf-a980-3eda4ef312e9	7	62696355	62696358	2	-2.0182
090ba620-007d-4fbf-a980-3eda4ef312e9	7	62701241	88578817	13783	0.0239
090ba620-007d-4fbf-a980-3eda4ef312e9	7	88580128	90041144	979	0.1176
090ba620-007d-4fbf-a980-3eda4ef312e9	7	90041247	97756658	4941	0.028
090ba620-007d-4fbf-a980-3eda4ef312e9	7	97766148	97772733	12	0.532
090ba620-007d-4fbf-a980-3eda4ef312e9	7	97772779	104956153	3490	0.016
090ba620-007d-4fbf-a980-3eda4ef312e9	7	104956308	105946407	612	-0.0133
090ba620-007d-4fbf-a980-3eda4ef312e9	7	105946471	105946995	5	-2.0221
090ba620-007d-4fbf-a980-3eda4ef312e9	7	105947907	111253518	3504	0.0294
090ba620-007d-4fbf-a980-3eda4ef312e9	7	111254722	111529171	175	0.1624
090ba620-007d-4fbf-a980-3eda4ef312e9	7	111535117	127116911	9393	0.0338
090ba620-007d-4fbf-a980-3eda4ef312e9	7	127117182	134394566	4467	-0.0002
090ba620-007d-4fbf-a980-3eda4ef312e9	7	134394814	142063324	4966	0.0244
090ba620-007d-4fbf-a980-3eda4ef312e9	7	142069843	142092108	33	0.3903
090ba620-007d-4fbf-a980-3eda4ef312e9	7	142092307	148517146	4007	0.0211
090ba620-007d-4fbf-a980-3eda4ef312e9	7	148520257	148520416	2	-1.3543
090ba620-007d-4fbf-a980-3eda4ef312e9	7	148521395	149827576	672	0.0108
090ba620-007d-4fbf-a980-3eda4ef312e9	7	149834127	150298258	175	-0.1279
090ba620-007d-4fbf-a980-3eda4ef312e9	7	150298921	154635962	2801	0.0206
090ba620-007d-4fbf-a980-3eda4ef312e9	7	154636288	154636708	3	-1.1642
090ba620-007d-4fbf-a980-3eda4ef312e9	7	154637850	158300141	2552	0.0191
090ba620-007d-4fbf-a980-3eda4ef312e9	7	158306772	159205468	557	-0.0682
090ba620-007d-4fbf-a980-3eda4ef312e9	7	159208182	159334314	92	0.0805
090ba620-007d-4fbf-a980-3eda4ef312e9	8	81254	3016831	2219	0.0124
090ba620-007d-4fbf-a980-3eda4ef312e9	8	3032370	3033241	3	-1.2753
090ba620-007d-4fbf-a980-3eda4ef312e9	8	3039002	4305529	1829	0.0485
090ba620-007d-4fbf-a980-3eda4ef312e9	8	4305627	4313296	49	0.3381
090ba620-007d-4fbf-a980-3eda4ef312e9	8	4313411	5736745	1902	0.0696
090ba620-007d-4fbf-a980-3eda4ef312e9	8	5741204	5746973	27	-0.7855
090ba620-007d-4fbf-a980-3eda4ef312e9	8	5749566	7457163	1733	0.0293
090ba620-007d-4fbf-a980-3eda4ef312e9	8	7473830	8214781	38	-0.6972
090ba620-007d-4fbf-a980-3eda4ef312e9	8	8234503	16500751	6877	0.0198
090ba620-007d-4fbf-a980-3eda4ef312e9	8	16501359	16501508	3	-1.8763
090ba620-007d-4fbf-a980-3eda4ef312e9	8	16503110	18644796	1946	0.0396
090ba620-007d-4fbf-a980-3eda4ef312e9	8	18645647	24643049	4455	0.0013
090ba620-007d-4fbf-a980-3eda4ef312e9	8	24644522	25116961	395	0.0397
090ba620-007d-4fbf-a980-3eda4ef312e9	8	25117007	25126818	25	-2.5033
090ba620-007d-4fbf-a980-3eda4ef312e9	8	25133589	36215384	7317	0.0167
090ba620-007d-4fbf-a980-3eda4ef312e9	8	36219541	36219562	2	-2.042
090ba620-007d-4fbf-a980-3eda4ef312e9	8	36219621	38459880	1235	0.0287
090ba620-007d-4fbf-a980-3eda4ef312e9	8	38459895	38475755	32	-0.2957
090ba620-007d-4fbf-a980-3eda4ef312e9	8	38476520	39372806	434	0.0224
090ba620-007d-4fbf-a980-3eda4ef312e9	8	39373140	39529446	60	0.9619
090ba620-007d-4fbf-a980-3eda4ef312e9	8	39530780	49295806	4099	0.0308
090ba620-007d-4fbf-a980-3eda4ef312e9	8	49299932	49304053	3	1.1899
090ba620-007d-4fbf-a980-3eda4ef312e9	8	49304706	71300130	13798	0.0224
090ba620-007d-4fbf-a980-3eda4ef312e9	8	71303076	71304364	8	0.8218
090ba620-007d-4fbf-a980-3eda4ef312e9	8	71307628	85127671	8386	0.0247
090ba620-007d-4fbf-a980-3eda4ef312e9	8	85128081	85128353	2	1.4676
090ba620-007d-4fbf-a980-3eda4ef312e9	8	85133155	111282417	15722	0.0271
090ba620-007d-4fbf-a980-3eda4ef312e9	8	111282441	111283031	6	-0.8325
090ba620-007d-4fbf-a980-3eda4ef312e9	8	111288052	114330824	1660	0.0271
090ba620-007d-4fbf-a980-3eda4ef312e9	8	114334926	114866654	346	0.1035
090ba620-007d-4fbf-a980-3eda4ef312e9	8	114868212	125500784	7187	0.0166
090ba620-007d-4fbf-a980-3eda4ef312e9	8	125503955	125504269	2	-1.4327
090ba620-007d-4fbf-a980-3eda4ef312e9	8	125504579	125529417	26	0.0606
090ba620-007d-4fbf-a980-3eda4ef312e9	8	125531234	125531686	2	-1.4895
090ba620-007d-4fbf-a980-3eda4ef312e9	8	125533955	140952543	11855	0.0119
090ba620-007d-4fbf-a980-3eda4ef312e9	8	140956612	145072769	1839	-0.0929
090ba620-007d-4fbf-a980-3eda4ef312e9	9	46587	592306	478	-0.0602
090ba620-007d-4fbf-a980-3eda4ef312e9	9	592552	592567	2	-1.9548
090ba620-007d-4fbf-a980-3eda4ef312e9	9	592718	602903	28	-0.0241
090ba620-007d-4fbf-a980-3eda4ef312e9	9	606699	606961	4	-2.1346
090ba620-007d-4fbf-a980-3eda4ef312e9	9	607307	1341674	827	0.0095
090ba620-007d-4fbf-a980-3eda4ef312e9	9	1342328	1343649	5	-0.8252
090ba620-007d-4fbf-a980-3eda4ef312e9	9	1343824	5078423	3898	0.0261
090ba620-007d-4fbf-a980-3eda4ef312e9	9	5078443	5081852	11	-0.5789
090ba620-007d-4fbf-a980-3eda4ef312e9	9	5081953	9338215	3661	0.0257
090ba620-007d-4fbf-a980-3eda4ef312e9	9	9338353	9414834	87	0.1548
090ba620-007d-4fbf-a980-3eda4ef312e9	9	9414893	10376292	952	0.0719
090ba620-007d-4fbf-a980-3eda4ef312e9	9	10377102	10471937	67	0.2814
090ba620-007d-4fbf-a980-3eda4ef312e9	9	10473238	11307953	697	0.0604
090ba620-007d-4fbf-a980-3eda4ef312e9	9	11308992	12531726	969	0.1418
090ba620-007d-4fbf-a980-3eda4ef312e9	9	12532907	24503818	9549	0.0259
090ba620-007d-4fbf-a980-3eda4ef312e9	9	24504127	24517684	19	-0.8217
090ba620-007d-4fbf-a980-3eda4ef312e9	9	24519686	30768678	4677	0.051
090ba620-007d-4fbf-a980-3eda4ef312e9	9	30768723	38989381	5198	0.0027
090ba620-007d-4fbf-a980-3eda4ef312e9	9	38996106	39081476	10	-0.5858
090ba620-007d-4fbf-a980-3eda4ef312e9	9	39084142	42825767	234	-0.0106
090ba620-007d-4fbf-a980-3eda4ef312e9	9	42834329	61405110	15	0.2576
090ba620-007d-4fbf-a980-3eda4ef312e9	9	61520021	61647899	30	-1.0349
090ba620-007d-4fbf-a980-3eda4ef312e9	9	61665362	70194046	1676	0.0314
090ba620-007d-4fbf-a980-3eda4ef312e9	9	70196070	70197838	2	-3.5905
090ba620-007d-4fbf-a980-3eda4ef312e9	9	70198765	88204848	12858	0.0212
090ba620-007d-4fbf-a980-3eda4ef312e9	9	88204926	88205627	2	-1.6427
090ba620-007d-4fbf-a980-3eda4ef312e9	9	88207198	91639924	2522	-0.0011
090ba620-007d-4fbf-a980-3eda4ef312e9	9	91639986	91641263	16	-0.7592
090ba620-007d-4fbf-a980-3eda4ef312e9	9	91641428	100951223	5827	0.0016
090ba620-007d-4fbf-a980-3eda4ef312e9	9	100953865	102859508	1419	0.0431
090ba620-007d-4fbf-a980-3eda4ef312e9	9	102864851	103100906	165	0.1714
090ba620-007d-4fbf-a980-3eda4ef312e9	9	103102465	104878059	1371	0.0314
090ba620-007d-4fbf-a980-3eda4ef312e9	9	104878082	114078900	6944	0.0035
090ba620-007d-4fbf-a980-3eda4ef312e9	9	114080053	114080216	2	-1.3859
090ba620-007d-4fbf-a980-3eda4ef312e9	9	114080852	135259826	14133	-0.0039
090ba620-007d-4fbf-a980-3eda4ef312e9	9	135261156	135459768	144	-0.2379
090ba620-007d-4fbf-a980-3eda4ef312e9	9	135464298	138200944	1009	-0.037
090ba620-007d-4fbf-a980-3eda4ef312e9	10	45792	11196232	9611	-0.0014
090ba620-007d-4fbf-a980-3eda4ef312e9	10	11197113	11197648	2	-1.4154
090ba620-007d-4fbf-a980-3eda4ef312e9	10	11198732	14534784	2743	0.0009
090ba620-007d-4fbf-a980-3eda4ef312e9	10	14537926	45652959	19065	0.025
090ba620-007d-4fbf-a980-3eda4ef312e9	10	45653302	46525818	267	-0.0939
090ba620-007d-4fbf-a980-3eda4ef312e9	10	46525833	46657149	38	0.0302
090ba620-007d-4fbf-a980-3eda4ef312e9	10	46693480	46967412	13	0.5237
090ba620-007d-4fbf-a980-3eda4ef312e9	10	47002596	55156783	5462	0.026
090ba620-007d-4fbf-a980-3eda4ef312e9	10	55156877	55943060	549	0.1375
090ba620-007d-4fbf-a980-3eda4ef312e9	10	55945440	65546518	6678	0.0276
090ba620-007d-4fbf-a980-3eda4ef312e9	10	65548165	65554688	28	-0.5529
090ba620-007d-4fbf-a980-3eda4ef312e9	10	65563037	133415637	46072	0.0133
090ba620-007d-4fbf-a980-3eda4ef312e9	10	133416215	133416364	2	-2.5597
090ba620-007d-4fbf-a980-3eda4ef312e9	10	133419150	133654968	148	-0.0665
090ba620-007d-4fbf-a980-3eda4ef312e9	11	198510	484204	115	-0.1846
090ba620-007d-4fbf-a980-3eda4ef312e9	11	491334	5755823	3102	0.0065
090ba620-007d-4fbf-a980-3eda4ef312e9	11	5755838	5766175	14	-0.2108
090ba620-007d-4fbf-a980-3eda4ef312e9	11	5766850	5787909	32	-2.8264
090ba620-007d-4fbf-a980-3eda4ef312e9	11	5788108	6096746	246	0.0165
090ba620-007d-4fbf-a980-3eda4ef312e9	11	6099417	6100864	2	-1.8389
090ba620-007d-4fbf-a980-3eda4ef312e9	11	6101273	18919323	9155	0.0096
090ba620-007d-4fbf-a980-3eda4ef312e9	11	18927525	18939631	35	0.4652
090ba620-007d-4fbf-a980-3eda4ef312e9	11	18939734	25478014	5187	0.0323
090ba620-007d-4fbf-a980-3eda4ef312e9	11	25479017	25479793	2	-1.2435
090ba620-007d-4fbf-a980-3eda4ef312e9	11	25480233	36942730	8136	0.0208
090ba620-007d-4fbf-a980-3eda4ef312e9	11	36945710	37670694	496	0.1133
090ba620-007d-4fbf-a980-3eda4ef312e9	11	37670834	50004465	7374	0.0108
090ba620-007d-4fbf-a980-3eda4ef312e9	11	50014033	56167521	993	0.1506
090ba620-007d-4fbf-a980-3eda4ef312e9	11	56168260	64806290	4765	-0.0038
090ba620-007d-4fbf-a980-3eda4ef312e9	11	64817487	65936447	432	-0.15
090ba620-007d-4fbf-a980-3eda4ef312e9	11	65941956	80105929	7600	-0.0112
090ba620-007d-4fbf-a980-3eda4ef312e9	11	80106067	85235179	3741	0.0292
090ba620-007d-4fbf-a980-3eda4ef312e9	11	85235421	86178616	555	-0.0003
090ba620-007d-4fbf-a980-3eda4ef312e9	11	86178906	86187779	16	-1.0846
090ba620-007d-4fbf-a980-3eda4ef312e9	11	86188770	95304837	6148	0.0299
090ba620-007d-4fbf-a980-3eda4ef312e9	11	95305093	95305299	2	-2.267
090ba620-007d-4fbf-a980-3eda4ef312e9	11	95306106	107359993	8750	0.0248
090ba620-007d-4fbf-a980-3eda4ef312e9	11	107367930	107368402	7	-1.938
090ba620-007d-4fbf-a980-3eda4ef312e9	11	107381636	119905102	8470	0.0138
090ba620-007d-4fbf-a980-3eda4ef312e9	11	119911347	119913293	2	-1.3559
090ba620-007d-4fbf-a980-3eda4ef312e9	11	119913424	133915231	10597	0.0119
090ba620-007d-4fbf-a980-3eda4ef312e9	11	133922841	134753995	609	-0.0758
090ba620-007d-4fbf-a980-3eda4ef312e9	11	134754120	135074876	252	0.0174
090ba620-007d-4fbf-a980-3eda4ef312e9	12	51460	2126723	1266	-0.0682
090ba620-007d-4fbf-a980-3eda4ef312e9	12	2136696	2149240	43	-0.7486
090ba620-007d-4fbf-a980-3eda4ef312e9	12	2150801	9477960	4866	-0.0024
090ba620-007d-4fbf-a980-3eda4ef312e9	12	9481274	9575696	24	-1.6293
090ba620-007d-4fbf-a980-3eda4ef312e9	12	9582373	33148706	16593	0.0193
090ba620-007d-4fbf-a980-3eda4ef312e9	12	33148873	33154144	20	0.4287
090ba620-007d-4fbf-a980-3eda4ef312e9	12	33154440	33226990	43	0.0569
090ba620-007d-4fbf-a980-3eda4ef312e9	12	33227031	33242483	8	-0.5757
090ba620-007d-4fbf-a980-3eda4ef312e9	12	33246118	34315590	645	0.056
090ba620-007d-4fbf-a980-3eda4ef312e9	12	34317439	34425363	39	-0.2821
090ba620-007d-4fbf-a980-3eda4ef312e9	12	34446392	38249133	265	0.0268
090ba620-007d-4fbf-a980-3eda4ef312e9	12	38249761	38726485	297	0.1218
090ba620-007d-4fbf-a980-3eda4ef312e9	12	38727788	46013274	4566	0.03
090ba620-007d-4fbf-a980-3eda4ef312e9	12	46016350	52282637	3443	-0.0005
090ba620-007d-4fbf-a980-3eda4ef312e9	12	52285116	52376772	93	-0.1854
090ba620-007d-4fbf-a980-3eda4ef312e9	12	52378665	58496709	3579	-0.0047
090ba620-007d-4fbf-a980-3eda4ef312e9	12	58497995	70478078	7784	0.0242
090ba620-007d-4fbf-a980-3eda4ef312e9	12	70478895	70484247	9	-2.0625
090ba620-007d-4fbf-a980-3eda4ef312e9	12	70485605	99398014	18524	0.0251
090ba620-007d-4fbf-a980-3eda4ef312e9	12	99398036	99404956	32	0.3789
090ba620-007d-4fbf-a980-3eda4ef312e9	12	99409315	113819629	9208	0.013
090ba620-007d-4fbf-a980-3eda4ef312e9	12	113825957	114035024	203	-0.1224
090ba620-007d-4fbf-a980-3eda4ef312e9	12	114035065	119546020	4244	0.0124
090ba620-007d-4fbf-a980-3eda4ef312e9	12	119551082	119552928	14	-0.8578
090ba620-007d-4fbf-a980-3eda4ef312e9	12	119552943	125431852	3039	-0.0123
090ba620-007d-4fbf-a980-3eda4ef312e9	12	125432889	129960308	4029	0.0278
090ba620-007d-4fbf-a980-3eda4ef312e9	12	129962919	132127961	1616	-0.0287
090ba620-007d-4fbf-a980-3eda4ef312e9	12	132133262	133062699	295	-0.1453
090ba620-007d-4fbf-a980-3eda4ef312e9	12	133062898	133201603	62	0.0085
090ba620-007d-4fbf-a980-3eda4ef312e9	13	18452809	18835078	91	0.0046
090ba620-007d-4fbf-a980-3eda4ef312e9	13	18835707	18842946	2	-2.3971
090ba620-007d-4fbf-a980-3eda4ef312e9	13	18844220	19260479	263	0.0589
090ba620-007d-4fbf-a980-3eda4ef312e9	13	19265464	19265659	4	-1.061
090ba620-007d-4fbf-a980-3eda4ef312e9	13	19268392	23055038	2495	0.0073
090ba620-007d-4fbf-a980-3eda4ef312e9	13	23055048	23059376	14	0.5958
090ba620-007d-4fbf-a980-3eda4ef312e9	13	23064056	23722600	508	0.0155
090ba620-007d-4fbf-a980-3eda4ef312e9	13	23722723	23723014	2	-1.2943
090ba620-007d-4fbf-a980-3eda4ef312e9	13	23725268	30998904	5481	0.0175
090ba620-007d-4fbf-a980-3eda4ef312e9	13	30999503	31000104	2	-1.2279
090ba620-007d-4fbf-a980-3eda4ef312e9	13	31000114	32199422	879	0.0148
090ba620-007d-4fbf-a980-3eda4ef312e9	13	32201077	32291010	63	0.6468
090ba620-007d-4fbf-a980-3eda4ef312e9	13	32293372	37493438	3673	0.0215
090ba620-007d-4fbf-a980-3eda4ef312e9	13	37495907	37510595	18	0.6408
090ba620-007d-4fbf-a980-3eda4ef312e9	13	37510620	52485081	9896	0.0184
090ba620-007d-4fbf-a980-3eda4ef312e9	13	52497017	52520664	7	-0.7131
090ba620-007d-4fbf-a980-3eda4ef312e9	13	52523849	57089954	2582	0.0292
090ba620-007d-4fbf-a980-3eda4ef312e9	13	57090186	57189399	54	0.1886
090ba620-007d-4fbf-a980-3eda4ef312e9	13	57189617	57190029	8	0.7161
090ba620-007d-4fbf-a980-3eda4ef312e9	13	57190045	57507147	190	0.1226
090ba620-007d-4fbf-a980-3eda4ef312e9	13	57511200	60279972	1685	0.0226
090ba620-007d-4fbf-a980-3eda4ef312e9	13	60281430	60281583	2	-1.2465
090ba620-007d-4fbf-a980-3eda4ef312e9	13	60283252	63558443	1883	0.0291
090ba620-007d-4fbf-a980-3eda4ef312e9	13	63558882	64416300	502	0.1249
090ba620-007d-4fbf-a980-3eda4ef312e9	13	64419720	105122748	27272	0.0296
090ba620-007d-4fbf-a980-3eda4ef312e9	13	105122834	105663858	428	0.117
090ba620-007d-4fbf-a980-3eda4ef312e9	13	105664476	105664629	4	-0.7567
090ba620-007d-4fbf-a980-3eda4ef312e9	13	105667023	105936706	240	0.1043
090ba620-007d-4fbf-a980-3eda4ef312e9	13	105936792	106099036	153	0.0221
090ba620-007d-4fbf-a980-3eda4ef312e9	13	106100068	106100829	3	-1.0136
090ba620-007d-4fbf-a980-3eda4ef312e9	13	106102810	106730287	486	0.0296
090ba620-007d-4fbf-a980-3eda4ef312e9	13	106731890	106732362	2	1.5961
090ba620-007d-4fbf-a980-3eda4ef312e9	13	106732887	112869676	4616	0.023
090ba620-007d-4fbf-a980-3eda4ef312e9	13	112869878	113053553	110	-0.1856
090ba620-007d-4fbf-a980-3eda4ef312e9	13	113054481	114342922	544	-0.0104
090ba620-007d-4fbf-a980-3eda4ef312e9	14	18239283	19732250	67	0.0528
090ba620-007d-4fbf-a980-3eda4ef312e9	14	19732958	19955213	98	-0.4127
090ba620-007d-4fbf-a980-3eda4ef312e9	14	19956767	22093822	1480	-0.0188
090ba620-007d-4fbf-a980-3eda4ef312e9	14	22093977	22524749	396	-0.3356
090ba620-007d-4fbf-a980-3eda4ef312e9	14	22526139	24506608	1141	-0.0149
090ba620-007d-4fbf-a980-3eda4ef312e9	14	24508099	26314697	1325	0.0355
090ba620-007d-4fbf-a980-3eda4ef312e9	14	26314707	26314712	6	-0.9761
090ba620-007d-4fbf-a980-3eda4ef312e9	14	26315707	41139155	9252	0.0257
090ba620-007d-4fbf-a980-3eda4ef312e9	14	41141293	41160039	7	0.6942
090ba620-007d-4fbf-a980-3eda4ef312e9	14	41164182	43317347	1339	0.0309
090ba620-007d-4fbf-a980-3eda4ef312e9	14	43318881	46691955	1877	0.073
090ba620-007d-4fbf-a980-3eda4ef312e9	14	46693176	47996661	839	0.0344
090ba620-007d-4fbf-a980-3eda4ef312e9	14	47997318	47997930	3	-0.9378
090ba620-007d-4fbf-a980-3eda4ef312e9	14	47998166	55388510	4689	0.0182
090ba620-007d-4fbf-a980-3eda4ef312e9	14	55388878	55391579	3	-1.1786
090ba620-007d-4fbf-a980-3eda4ef312e9	14	55392760	64581995	6113	0.0199
090ba620-007d-4fbf-a980-3eda4ef312e9	14	64587795	69551330	2980	-0.0068
090ba620-007d-4fbf-a980-3eda4ef312e9	14	69551651	69561830	12	-0.6779
090ba620-007d-4fbf-a980-3eda4ef312e9	14	69566109	73529070	2620	-0.0052
090ba620-007d-4fbf-a980-3eda4ef312e9	14	73534419	73554275	9	-2.1506
090ba620-007d-4fbf-a980-3eda4ef312e9	14	73563196	73603136	19	-0.263
090ba620-007d-4fbf-a980-3eda4ef312e9	14	73606620	105650524	20639	0.0055
090ba620-007d-4fbf-a980-3eda4ef312e9	14	105653302	106070718	121	-0.2023
090ba620-007d-4fbf-a980-3eda4ef312e9	14	106117522	106154301	22	0.2141
090ba620-007d-4fbf-a980-3eda4ef312e9	14	106154876	106321086	74	-0.1427
090ba620-007d-4fbf-a980-3eda4ef312e9	14	106340102	106365807	11	-1.4111
090ba620-007d-4fbf-a980-3eda4ef312e9	14	106369985	106877229	270	0.0411
090ba620-007d-4fbf-a980-3eda4ef312e9	15	19811075	21975606	176	0.077
090ba620-007d-4fbf-a980-3eda4ef312e9	15	21997003	21999319	2	-2.4005
090ba620-007d-4fbf-a980-3eda4ef312e9	15	22003073	22794544	88	-0.0077
090ba620-007d-4fbf-a980-3eda4ef312e9	15	22795211	23103719	234	-0.1541
090ba620-007d-4fbf-a980-3eda4ef312e9	15	23106247	23809640	317	0.0064
090ba620-007d-4fbf-a980-3eda4ef312e9	15	23810290	23822448	22	-0.7775
090ba620-007d-4fbf-a980-3eda4ef312e9	15	23826362	83871965	37511	-0.0096
090ba620-007d-4fbf-a980-3eda4ef312e9	15	83871986	83878795	8	-1.0515
090ba620-007d-4fbf-a980-3eda4ef312e9	15	83879115	99694701	11500	-0.0101
090ba620-007d-4fbf-a980-3eda4ef312e9	15	99696825	100492025	637	-0.0819
090ba620-007d-4fbf-a980-3eda4ef312e9	15	100494809	101830480	1033	-0.0292
090ba620-007d-4fbf-a980-3eda4ef312e9	15	101834258	101928837	28	0.3357
090ba620-007d-4fbf-a980-3eda4ef312e9	16	10777	1247719	425	-0.1952
090ba620-007d-4fbf-a980-3eda4ef312e9	16	1270592	8819465	5977	-0.0152
090ba620-007d-4fbf-a980-3eda4ef312e9	16	8819947	9189766	223	-0.1495
090ba620-007d-4fbf-a980-3eda4ef312e9	16	9190133	12614546	2903	-0.0091
090ba620-007d-4fbf-a980-3eda4ef312e9	16	12614953	12615360	7	-0.7076
090ba620-007d-4fbf-a980-3eda4ef312e9	16	12618342	14652868	1551	-0.023
090ba620-007d-4fbf-a980-3eda4ef312e9	16	14653245	16666829	702	-0.1835
090ba620-007d-4fbf-a980-3eda4ef312e9	16	16692214	16743769	4	-1.7596
090ba620-007d-4fbf-a980-3eda4ef312e9	16	16761504	16830163	32	-0.1414
090ba620-007d-4fbf-a980-3eda4ef312e9	16	16830367	18104860	939	-0.0516
090ba620-007d-4fbf-a980-3eda4ef312e9	16	18134261	18148869	3	1.066
090ba620-007d-4fbf-a980-3eda4ef312e9	16	18149179	18622094	19	0.0792
090ba620-007d-4fbf-a980-3eda4ef312e9	16	18624482	18665971	2	1.1975
090ba620-007d-4fbf-a980-3eda4ef312e9	16	18666789	22121861	1840	-0.0225
090ba620-007d-4fbf-a980-3eda4ef312e9	16	22122675	22392344	134	-0.2038
090ba620-007d-4fbf-a980-3eda4ef312e9	16	22397824	28742130	4145	-0.0149
090ba620-007d-4fbf-a980-3eda4ef312e9	16	28752527	29032554	76	-0.2236
090ba620-007d-4fbf-a980-3eda4ef312e9	16	29078721	29707415	168	0.0145
090ba620-007d-4fbf-a980-3eda4ef312e9	16	29729324	30137317	136	-0.2294
090ba620-007d-4fbf-a980-3eda4ef312e9	16	30137480	35225338	884	0.0169
090ba620-007d-4fbf-a980-3eda4ef312e9	16	35232200	35522700	168	0.5835
090ba620-007d-4fbf-a980-3eda4ef312e9	16	35526596	54335546	5346	-0.0014
090ba620-007d-4fbf-a980-3eda4ef312e9	16	54335598	54335611	2	-1.1215
090ba620-007d-4fbf-a980-3eda4ef312e9	16	54338951	55782734	1268	-0.0066
090ba620-007d-4fbf-a980-3eda4ef312e9	16	55782793	55788532	4	1.1159
090ba620-007d-4fbf-a980-3eda4ef312e9	16	55808442	80966235	17363	0.0025
090ba620-007d-4fbf-a980-3eda4ef312e9	16	80966674	80966732	2	-1.4159
090ba620-007d-4fbf-a980-3eda4ef312e9	16	80968666	83162346	2245	-0.0261
090ba620-007d-4fbf-a980-3eda4ef312e9	16	83162620	83175693	18	-1.1163
090ba620-007d-4fbf-a980-3eda4ef312e9	16	83177351	83859161	909	-0.0168
090ba620-007d-4fbf-a980-3eda4ef312e9	16	83859183	83859207	2	-2.3127
090ba620-007d-4fbf-a980-3eda4ef312e9	16	83861820	84012872	106	-0.008
090ba620-007d-4fbf-a980-3eda4ef312e9	16	84013110	84906427	800	-0.143
090ba620-007d-4fbf-a980-3eda4ef312e9	16	84910080	88450967	2784	-0.0198
090ba620-007d-4fbf-a980-3eda4ef312e9	16	88457407	89223306	246	-0.2703
090ba620-007d-4fbf-a980-3eda4ef312e9	16	89223504	89223555	2	-2.3128
090ba620-007d-4fbf-a980-3eda4ef312e9	16	89223581	90057438	409	-0.1565
090ba620-007d-4fbf-a980-3eda4ef312e9	16	90057908	90096867	25	0.1315
090ba620-007d-4fbf-a980-3eda4ef312e9	17	150733	1250730	557	-0.1387
090ba620-007d-4fbf-a980-3eda4ef312e9	17	1262192	3577153	1281	-0.0184
090ba620-007d-4fbf-a980-3eda4ef312e9	17	3577918	3652130	50	-0.2764
090ba620-007d-4fbf-a980-3eda4ef312e9	17	3654159	10059723	3871	-0.0236
090ba620-007d-4fbf-a980-3eda4ef312e9	17	10060096	10137490	57	-0.2556
090ba620-007d-4fbf-a980-3eda4ef312e9	17	10138272	18414080	5575	-0.0116
090ba620-007d-4fbf-a980-3eda4ef312e9	17	18452078	18508083	15	-0.702
090ba620-007d-4fbf-a980-3eda4ef312e9	17	18508609	28452035	2264	-0.0097
090ba620-007d-4fbf-a980-3eda4ef312e9	17	28454323	28455301	2	-2.2284
090ba620-007d-4fbf-a980-3eda4ef312e9	17	28462253	36108874	4577	-0.0196
090ba620-007d-4fbf-a980-3eda4ef312e9	17	36109139	36157718	37	0.4267
090ba620-007d-4fbf-a980-3eda4ef312e9	17	36200725	41266851	2532	-0.0174
090ba620-007d-4fbf-a980-3eda4ef312e9	17	41266901	41274198	17	-0.6311
090ba620-007d-4fbf-a980-3eda4ef312e9	17	41274279	45497045	2151	-0.013
090ba620-007d-4fbf-a980-3eda4ef312e9	17	45497555	46099741	360	-0.1435
090ba620-007d-4fbf-a980-3eda4ef312e9	17	46100092	46323701	115	0.4792
090ba620-007d-4fbf-a980-3eda4ef312e9	17	46351954	73966520	16905	-0.006
090ba620-007d-4fbf-a980-3eda4ef312e9	17	73969575	74658847	452	-0.1847
090ba620-007d-4fbf-a980-3eda4ef312e9	17	74660070	83091923	4209	-0.0267
090ba620-007d-4fbf-a980-3eda4ef312e9	18	48133	1621355	1112	-0.0054
090ba620-007d-4fbf-a980-3eda4ef312e9	18	1623044	1995823	303	0.1245
090ba620-007d-4fbf-a980-3eda4ef312e9	18	1996182	5840504	2720	0.0284
090ba620-007d-4fbf-a980-3eda4ef312e9	18	5843070	5843285	2	-1.7602
090ba620-007d-4fbf-a980-3eda4ef312e9	18	5844291	12095179	4701	0.0148
090ba620-007d-4fbf-a980-3eda4ef312e9	18	12097175	12098446	3	-1.2359
090ba620-007d-4fbf-a980-3eda4ef312e9	18	12107013	40282406	13637	0.0246
090ba620-007d-4fbf-a980-3eda4ef312e9	18	40283494	40291281	3	-1.1466
090ba620-007d-4fbf-a980-3eda4ef312e9	18	40291888	40678763	312	0.026
090ba620-007d-4fbf-a980-3eda4ef312e9	18	40680456	40680516	5	-0.7433
090ba620-007d-4fbf-a980-3eda4ef312e9	18	40680526	40685425	14	-1.8644
090ba620-007d-4fbf-a980-3eda4ef312e9	18	40688060	55477615	10060	0.022
090ba620-007d-4fbf-a980-3eda4ef312e9	18	55477637	55477650	2	-1.531
090ba620-007d-4fbf-a980-3eda4ef312e9	18	55481790	63211396	5379	0.0256
090ba620-007d-4fbf-a980-3eda4ef312e9	18	63212453	63212566	3	-1.3946
090ba620-007d-4fbf-a980-3eda4ef312e9	18	63213063	65537481	1698	0.0263
090ba620-007d-4fbf-a980-3eda4ef312e9	18	65540037	66027248	343	0.1512
090ba620-007d-4fbf-a980-3eda4ef312e9	18	66028237	71369798	3840	0.0308
090ba620-007d-4fbf-a980-3eda4ef312e9	18	71370536	73626844	1793	0.0968
090ba620-007d-4fbf-a980-3eda4ef312e9	18	73626919	73671007	35	-0.1003
090ba620-007d-4fbf-a980-3eda4ef312e9	18	73672245	78970771	4129	0.0193
090ba620-007d-4fbf-a980-3eda4ef312e9	18	78971826	80257174	663	-0.0636
090ba620-007d-4fbf-a980-3eda4ef312e9	19	90910	20413400	8921	-0.0203
090ba620-007d-4fbf-a980-3eda4ef312e9	19	20415637	20538428	69	-0.9081
090ba620-007d-4fbf-a980-3eda4ef312e9	19	20538656	21034840	273	-0.0888
090ba620-007d-4fbf-a980-3eda4ef312e9	19	21037043	35364547	7444	-0.0049
090ba620-007d-4fbf-a980-3eda4ef312e9	19	35365141	35370877	18	-0.576
090ba620-007d-4fbf-a980-3eda4ef312e9	19	35370946	49646477	6970	-0.0225
090ba620-007d-4fbf-a980-3eda4ef312e9	19	49647272	49866849	88	-0.0526
090ba620-007d-4fbf-a980-3eda4ef312e9	19	49867382	50145312	137	-0.2341
090ba620-007d-4fbf-a980-3eda4ef312e9	19	50157216	53598477	2235	-0.0485
090ba620-007d-4fbf-a980-3eda4ef312e9	19	53601925	53875419	173	-0.2511
090ba620-007d-4fbf-a980-3eda4ef312e9	19	53877979	58586487	2774	-0.052
090ba620-007d-4fbf-a980-3eda4ef312e9	20	80664	1571811	1182	-0.0505
090ba620-007d-4fbf-a980-3eda4ef312e9	20	1576544	1590732	39	-0.6492
090ba620-007d-4fbf-a980-3eda4ef312e9	20	1590770	2013704	364	-0.0235
090ba620-007d-4fbf-a980-3eda4ef312e9	20	2016124	2016802	2	-1.4164
090ba620-007d-4fbf-a980-3eda4ef312e9	20	2017002	5781088	2664	-0.031
090ba620-007d-4fbf-a980-3eda4ef312e9	20	5782370	18671911	10324	0.0208
090ba620-007d-4fbf-a980-3eda4ef312e9	20	18672371	18672384	2	-1.5575
090ba620-007d-4fbf-a980-3eda4ef312e9	20	18676166	30374604	5479	0.0062
090ba620-007d-4fbf-a980-3eda4ef312e9	20	30377631	50165997	11956	-0.0188
090ba620-007d-4fbf-a980-3eda4ef312e9	20	50175182	50176256	2	-1.8189
090ba620-007d-4fbf-a980-3eda4ef312e9	20	50178380	54028329	2876	-0.0143
090ba620-007d-4fbf-a980-3eda4ef312e9	20	54031269	54042112	37	-0.8626
090ba620-007d-4fbf-a980-3eda4ef312e9	20	54046035	63716332	7206	-0.0113
090ba620-007d-4fbf-a980-3eda4ef312e9	20	63718273	64284715	239	-0.1612
090ba620-007d-4fbf-a980-3eda4ef312e9	20	64323342	64324800	5	-0.7438
090ba620-007d-4fbf-a980-3eda4ef312e9	21	10354168	31105365	12914	0.0333
090ba620-007d-4fbf-a980-3eda4ef312e9	21	31106006	38641823	5468	-0.0089
090ba620-007d-4fbf-a980-3eda4ef312e9	21	38642513	38643544	2	-1.4107
090ba620-007d-4fbf-a980-3eda4ef312e9	21	38643658	42447677	3306	-0.0109
090ba620-007d-4fbf-a980-3eda4ef312e9	21	42447705	42447734	2	-1.8479
090ba620-007d-4fbf-a980-3eda4ef312e9	21	42448440	43195475	415	-0.0296
090ba620-007d-4fbf-a980-3eda4ef312e9	21	43197000	43370844	77	-0.2733
090ba620-007d-4fbf-a980-3eda4ef312e9	21	43371358	45285706	896	-0.0114
090ba620-007d-4fbf-a980-3eda4ef312e9	21	45286286	45647830	182	-0.2077
090ba620-007d-4fbf-a980-3eda4ef312e9	21	45658230	46600188	539	-0.0381
090ba620-007d-4fbf-a980-3eda4ef312e9	21	46601742	46605881	5	-0.7842
090ba620-007d-4fbf-a980-3eda4ef312e9	21	46606530	46677045	61	-0.0578
090ba620-007d-4fbf-a980-3eda4ef312e9	22	15294547	15738601	28	-0.1835
090ba620-007d-4fbf-a980-3eda4ef312e9	22	15755268	19054447	1181	-0.0224
090ba620-007d-4fbf-a980-3eda4ef312e9	22	19054680	22379789	2226	-0.1426
090ba620-007d-4fbf-a980-3eda4ef312e9	22	22385945	22385950	2	-1.853
090ba620-007d-4fbf-a980-3eda4ef312e9	22	22385952	22398127	18	-0.0893
090ba620-007d-4fbf-a980-3eda4ef312e9	22	22398345	22398545	4	-1.6806
090ba620-007d-4fbf-a980-3eda4ef312e9	22	22402989	23418386	597	-0.1132
090ba620-007d-4fbf-a980-3eda4ef312e9	22	23418608	44093514	14167	-0.0388
090ba620-007d-4fbf-a980-3eda4ef312e9	22	44094016	44094806	3	-1.6273
090ba620-007d-4fbf-a980-3eda4ef312e9	22	44097847	48675956	3643	-0.0318
090ba620-007d-4fbf-a980-3eda4ef312e9	22	48680665	48681058	2	-1.9168
090ba620-007d-4fbf-a980-3eda4ef312e9	22	48681330	48983202	252	-0.0414
090ba620-007d-4fbf-a980-3eda4ef312e9	22	48983965	50796027	1147	-0.1582
090ba620-007d-4fbf-a980-3eda4ef312e9	X	251810	3081729	291	-0.1024
090ba620-007d-4fbf-a980-3eda4ef312e9	X	3083179	17166852	10192	0.0107
090ba620-007d-4fbf-a980-3eda4ef312e9	X	17167471	17168790	8	-0.7262
090ba620-007d-4fbf-a980-3eda4ef312e9	X	17168970	32965828	9985	0.0138
090ba620-007d-4fbf-a980-3eda4ef312e9	X	32969337	32970141	3	-1.1197
090ba620-007d-4fbf-a980-3eda4ef312e9	X	32971922	34559852	1121	0.066
090ba620-007d-4fbf-a980-3eda4ef312e9	X	34560150	47706063	7211	0.0042
090ba620-007d-4fbf-a980-3eda4ef312e9	X	47709934	48001197	172	-0.0617
090ba620-007d-4fbf-a980-3eda4ef312e9	X	48020763	48128795	77	-1.2
090ba620-007d-4fbf-a980-3eda4ef312e9	X	48141867	147785555	50146	0.0178
090ba620-007d-4fbf-a980-3eda4ef312e9	X	147787075	147787231	3	-1.4158
090ba620-007d-4fbf-a980-3eda4ef312e9	X	147789116	152929952	3218	0.0209
090ba620-007d-4fbf-a980-3eda4ef312e9	X	152930597	152932506	2	-1.6501
090ba620-007d-4fbf-a980-3eda4ef312e9	X	152938037	154347478	646	0.0092
090ba620-007d-4fbf-a980-3eda4ef312e9	X	154347748	154382547	48	-0.2699
090ba620-007d-4fbf-a980-3eda4ef312e9	X	154395856	155952689	534	0.0252
090ba620-007d-4fbf-a980-3eda4ef312e9	Y	2782397	6076562	715	-1.9779
090ba620-007d-4fbf-a980-3eda4ef312e9	Y	6080059	22804854	5701	-2.3087
090ba620-007d-4fbf-a980-3eda4ef312e9	Y	22913244	56872112	202	-2.0085
