GDC_Aliquot	Chromosome	Start	End	Num_Probes	Segment_Mean
a602eac1-ebad-4c44-90de-62ae59208059	1	62920	62937	2	1.1994
a602eac1-ebad-4c44-90de-62ae59208059	1	72704	72303233	42463	-0.0225
a602eac1-ebad-4c44-90de-62ae59208059	1	72303253	72345450	44	1.1112
a602eac1-ebad-4c44-90de-62ae59208059	1	72345465	89009572	10828	-0.0216
a602eac1-ebad-4c44-90de-62ae59208059	1	89012275	89012522	2	-2.5295
a602eac1-ebad-4c44-90de-62ae59208059	1	89015841	106268181	10473	-0.0253
a602eac1-ebad-4c44-90de-62ae59208059	1	106268295	106268690	3	-2.1517
a602eac1-ebad-4c44-90de-62ae59208059	1	106271620	108016793	1242	-0.0155
a602eac1-ebad-4c44-90de-62ae59208059	1	108022969	108025998	3	1.159
a602eac1-ebad-4c44-90de-62ae59208059	1	108026300	108187137	140	-0.0414
a602eac1-ebad-4c44-90de-62ae59208059	1	108191613	108194874	3	-2.8421
a602eac1-ebad-4c44-90de-62ae59208059	1	108196482	119684227	7444	-0.025
a602eac1-ebad-4c44-90de-62ae59208059	1	119685561	119685572	2	-2.4606
a602eac1-ebad-4c44-90de-62ae59208059	1	119686992	143558316	360	-0.0184
a602eac1-ebad-4c44-90de-62ae59208059	1	143567319	152583051	2397	0.52
a602eac1-ebad-4c44-90de-62ae59208059	1	152583230	152614118	35	-1.1446
a602eac1-ebad-4c44-90de-62ae59208059	1	152618018	196737736	29426	0.5251
a602eac1-ebad-4c44-90de-62ae59208059	1	196740093	196832312	63	0.9428
a602eac1-ebad-4c44-90de-62ae59208059	1	196832525	248930189	35558	0.532
a602eac1-ebad-4c44-90de-62ae59208059	2	12784	7571017	5920	-0.0305
a602eac1-ebad-4c44-90de-62ae59208059	2	7571096	7574782	3	-2.8874
a602eac1-ebad-4c44-90de-62ae59208059	2	7575532	89984697	53517	-0.0203
a602eac1-ebad-4c44-90de-62ae59208059	2	89986900	90262403	114	-0.7913
a602eac1-ebad-4c44-90de-62ae59208059	2	90281849	113915120	10415	-0.0193
a602eac1-ebad-4c44-90de-62ae59208059	2	113915394	113916170	2	-1.9277
a602eac1-ebad-4c44-90de-62ae59208059	2	113916225	127091487	8318	-0.0237
a602eac1-ebad-4c44-90de-62ae59208059	2	127094445	127100187	3	1.5912
a602eac1-ebad-4c44-90de-62ae59208059	2	127100370	130539652	2024	-0.0158
a602eac1-ebad-4c44-90de-62ae59208059	2	130560276	130560478	2	-2.9622
a602eac1-ebad-4c44-90de-62ae59208059	2	130720375	146107615	9358	-0.0205
a602eac1-ebad-4c44-90de-62ae59208059	2	146107675	146109366	16	0.8493
a602eac1-ebad-4c44-90de-62ae59208059	2	146120238	183929673	23096	-0.021
a602eac1-ebad-4c44-90de-62ae59208059	2	183929787	183937714	16	-0.7175
a602eac1-ebad-4c44-90de-62ae59208059	2	183943862	242147305	35423	-0.0217
a602eac1-ebad-4c44-90de-62ae59208059	3	20930	68697108	47399	-0.0216
a602eac1-ebad-4c44-90de-62ae59208059	3	68697133	68699607	14	0.8858
a602eac1-ebad-4c44-90de-62ae59208059	3	68699635	89065373	12239	-0.018
a602eac1-ebad-4c44-90de-62ae59208059	3	89072755	89096716	16	-0.8565
a602eac1-ebad-4c44-90de-62ae59208059	3	89099100	89345473	259	-0.0266
a602eac1-ebad-4c44-90de-62ae59208059	3	89345501	89370231	48	-0.724
a602eac1-ebad-4c44-90de-62ae59208059	3	89370771	130044855	21796	-0.0295
a602eac1-ebad-4c44-90de-62ae59208059	3	130047743	130087393	37	-1.2784
a602eac1-ebad-4c44-90de-62ae59208059	3	130088081	135699927	3703	-0.0228
a602eac1-ebad-4c44-90de-62ae59208059	3	135702126	135715949	12	-0.6773
a602eac1-ebad-4c44-90de-62ae59208059	3	135718282	143051769	4167	-0.0371
a602eac1-ebad-4c44-90de-62ae59208059	3	143056106	143090916	32	0.5293
a602eac1-ebad-4c44-90de-62ae59208059	3	143094432	198169247	33976	-0.0276
a602eac1-ebad-4c44-90de-62ae59208059	4	68929	10208322	5650	-0.0025
a602eac1-ebad-4c44-90de-62ae59208059	4	10208339	10233644	41	-1.4504
a602eac1-ebad-4c44-90de-62ae59208059	4	10234518	188300104	109208	-0.0193
a602eac1-ebad-4c44-90de-62ae59208059	4	188300206	188300221	2	2.3733
a602eac1-ebad-4c44-90de-62ae59208059	4	188300270	190106768	1138	0.0246
a602eac1-ebad-4c44-90de-62ae59208059	5	15532	896700	369	-0.0239
a602eac1-ebad-4c44-90de-62ae59208059	5	905586	908425	3	-2.5423
a602eac1-ebad-4c44-90de-62ae59208059	5	913276	139785686	84179	-0.0223
a602eac1-ebad-4c44-90de-62ae59208059	5	139789292	139798577	2	-3.183
a602eac1-ebad-4c44-90de-62ae59208059	5	139802454	162416071	14854	-0.0285
a602eac1-ebad-4c44-90de-62ae59208059	5	162417183	162417209	2	-2.9287
a602eac1-ebad-4c44-90de-62ae59208059	5	162417235	175919649	9727	-0.0223
a602eac1-ebad-4c44-90de-62ae59208059	5	175919787	175921819	2	-1.8268
a602eac1-ebad-4c44-90de-62ae59208059	5	175921839	181110126	2620	-0.0261
a602eac1-ebad-4c44-90de-62ae59208059	5	181111233	181114251	4	-1.4652
a602eac1-ebad-4c44-90de-62ae59208059	5	181116046	181363319	94	0.0276
a602eac1-ebad-4c44-90de-62ae59208059	6	149661	257353	101	-0.0191
a602eac1-ebad-4c44-90de-62ae59208059	6	258265	373453	93	0.4777
a602eac1-ebad-4c44-90de-62ae59208059	6	375277	5617304	4288	-0.0222
a602eac1-ebad-4c44-90de-62ae59208059	6	5617948	5618157	2	-2.2907
a602eac1-ebad-4c44-90de-62ae59208059	6	5620760	32614061	18192	-0.0266
a602eac1-ebad-4c44-90de-62ae59208059	6	32614112	32637799	12	-0.9784
a602eac1-ebad-4c44-90de-62ae59208059	6	32638107	66328153	18923	-0.0276
a602eac1-ebad-4c44-90de-62ae59208059	6	66331020	66333299	7	-1.7888
a602eac1-ebad-4c44-90de-62ae59208059	6	66333342	76730377	6740	-0.0212
a602eac1-ebad-4c44-90de-62ae59208059	6	76731101	76742972	17	-0.6625
a602eac1-ebad-4c44-90de-62ae59208059	6	76743040	78252909	970	-0.0284
a602eac1-ebad-4c44-90de-62ae59208059	6	78253157	78322875	110	-0.5807
a602eac1-ebad-4c44-90de-62ae59208059	6	78325223	103286950	15346	-0.0213
a602eac1-ebad-4c44-90de-62ae59208059	6	103286954	103314186	47	-0.5805
a602eac1-ebad-4c44-90de-62ae59208059	6	103317795	133188516	18372	-0.0263
a602eac1-ebad-4c44-90de-62ae59208059	6	133195575	133195602	2	-2.3102
a602eac1-ebad-4c44-90de-62ae59208059	6	133195943	170741917	25433	-0.031
a602eac1-ebad-4c44-90de-62ae59208059	7	43355	39506174	28129	0.2669
a602eac1-ebad-4c44-90de-62ae59208059	7	39508562	39510390	3	-1.3787
a602eac1-ebad-4c44-90de-62ae59208059	7	39514211	49883761	6778	0.2708
a602eac1-ebad-4c44-90de-62ae59208059	7	49883911	49884724	2	-1.77
a602eac1-ebad-4c44-90de-62ae59208059	7	49889323	54305455	3281	0.2695
a602eac1-ebad-4c44-90de-62ae59208059	7	54318812	54318824	6	-1.0829
a602eac1-ebad-4c44-90de-62ae59208059	7	54325795	67096494	3690	0.2714
a602eac1-ebad-4c44-90de-62ae59208059	7	67105423	67270554	65	0.7161
a602eac1-ebad-4c44-90de-62ae59208059	7	67290858	109797044	24500	0.27
a602eac1-ebad-4c44-90de-62ae59208059	7	109797612	109801722	19	-0.4453
a602eac1-ebad-4c44-90de-62ae59208059	7	109801752	126404920	9964	0.2662
a602eac1-ebad-4c44-90de-62ae59208059	7	126405428	126406827	18	-0.6722
a602eac1-ebad-4c44-90de-62ae59208059	7	126412712	159334314	20701	0.2655
a602eac1-ebad-4c44-90de-62ae59208059	8	81254	12358500	10916	-0.0252
a602eac1-ebad-4c44-90de-62ae59208059	8	12359339	12387683	21	-0.5659
a602eac1-ebad-4c44-90de-62ae59208059	8	12387748	12418301	7	-1.3356
a602eac1-ebad-4c44-90de-62ae59208059	8	12419769	16402103	3483	-0.0008
a602eac1-ebad-4c44-90de-62ae59208059	8	16404726	16421186	29	-0.6752
a602eac1-ebad-4c44-90de-62ae59208059	8	16425078	18406981	1751	-0.0017
a602eac1-ebad-4c44-90de-62ae59208059	8	18407644	18413675	5	-1.5618
a602eac1-ebad-4c44-90de-62ae59208059	8	18413877	39389156	13988	-0.0092
a602eac1-ebad-4c44-90de-62ae59208059	8	39389592	39529446	56	-1.5915
a602eac1-ebad-4c44-90de-62ae59208059	8	39530780	50118212	4559	0.0015
a602eac1-ebad-4c44-90de-62ae59208059	8	50119451	50120863	9	-1.3567
a602eac1-ebad-4c44-90de-62ae59208059	8	50126018	130835623	50088	-0.0171
a602eac1-ebad-4c44-90de-62ae59208059	8	130839453	130840369	2	-2.2231
a602eac1-ebad-4c44-90de-62ae59208059	8	130842946	145072769	9757	-0.0181
a602eac1-ebad-4c44-90de-62ae59208059	9	46587	133825911	76822	-0.031
a602eac1-ebad-4c44-90de-62ae59208059	9	133826023	133826435	2	-3.6266
a602eac1-ebad-4c44-90de-62ae59208059	9	133826553	138200944	1989	-0.0305
a602eac1-ebad-4c44-90de-62ae59208059	10	45792	15888456	13228	-0.0257
a602eac1-ebad-4c44-90de-62ae59208059	10	15888627	15888642	2	-2.142
a602eac1-ebad-4c44-90de-62ae59208059	10	15888669	46522571	18139	-0.0197
a602eac1-ebad-4c44-90de-62ae59208059	10	46525652	46553922	29	-0.4966
a602eac1-ebad-4c44-90de-62ae59208059	10	46554143	50062639	1690	-0.0106
a602eac1-ebad-4c44-90de-62ae59208059	10	50070600	50132160	5	-1.7885
a602eac1-ebad-4c44-90de-62ae59208059	10	50144008	133654968	56823	-0.0115
a602eac1-ebad-4c44-90de-62ae59208059	11	198510	135074876	86024	-0.0175
a602eac1-ebad-4c44-90de-62ae59208059	12	51460	133201603	84109	-0.0192
a602eac1-ebad-4c44-90de-62ae59208059	13	18452809	57184492	25760	-0.0237
a602eac1-ebad-4c44-90de-62ae59208059	13	57189013	57204246	29	-0.5202
a602eac1-ebad-4c44-90de-62ae59208059	13	57215580	71902850	8904	-0.0094
a602eac1-ebad-4c44-90de-62ae59208059	13	71903417	71906418	4	-1.9881
a602eac1-ebad-4c44-90de-62ae59208059	13	71906467	101554430	19311	-0.0175
a602eac1-ebad-4c44-90de-62ae59208059	13	101554523	101555046	2	-2.7882
a602eac1-ebad-4c44-90de-62ae59208059	13	101556080	114342922	9473	-0.0226
a602eac1-ebad-4c44-90de-62ae59208059	14	18239283	18656322	17	0.1186
a602eac1-ebad-4c44-90de-62ae59208059	14	18657897	18950560	9	1.0196
a602eac1-ebad-4c44-90de-62ae59208059	14	18976793	26314697	4440	0.0084
a602eac1-ebad-4c44-90de-62ae59208059	14	26314707	26314712	6	-1.3457
a602eac1-ebad-4c44-90de-62ae59208059	14	26315707	106407614	50234	-0.0161
a602eac1-ebad-4c44-90de-62ae59208059	14	106412640	106462183	51	0.3764
a602eac1-ebad-4c44-90de-62ae59208059	14	106462724	106877229	195	-0.0033
a602eac1-ebad-4c44-90de-62ae59208059	15	19811075	20372908	87	0.1071
a602eac1-ebad-4c44-90de-62ae59208059	15	20373168	20376311	8	-0.9903
a602eac1-ebad-4c44-90de-62ae59208059	15	20380735	26315045	2455	0.0036
a602eac1-ebad-4c44-90de-62ae59208059	15	26317005	26318009	2	-3.248
a602eac1-ebad-4c44-90de-62ae59208059	15	26318441	101928837	48590	-0.0191
a602eac1-ebad-4c44-90de-62ae59208059	16	10777	14955801	11066	0.2839
a602eac1-ebad-4c44-90de-62ae59208059	16	14956028	15022400	44	-0.3019
a602eac1-ebad-4c44-90de-62ae59208059	16	15031584	36048855	9261	0.2694
a602eac1-ebad-4c44-90de-62ae59208059	16	46441986	77801173	20003	-0.4428
a602eac1-ebad-4c44-90de-62ae59208059	16	77801512	89501984	10697	-0.4903
a602eac1-ebad-4c44-90de-62ae59208059	16	89502084	90096867	277	-0.4111
a602eac1-ebad-4c44-90de-62ae59208059	17	150733	15376375	9798	-0.0182
a602eac1-ebad-4c44-90de-62ae59208059	17	15377325	15380542	2	-2.404
a602eac1-ebad-4c44-90de-62ae59208059	17	15380652	41266851	10874	-0.0241
a602eac1-ebad-4c44-90de-62ae59208059	17	41266901	41274279	18	-0.7261
a602eac1-ebad-4c44-90de-62ae59208059	17	41276472	46169258	2557	-0.0229
a602eac1-ebad-4c44-90de-62ae59208059	17	46169596	46351954	59	-0.4894
a602eac1-ebad-4c44-90de-62ae59208059	17	46446345	83091923	21422	-0.0245
a602eac1-ebad-4c44-90de-62ae59208059	18	48133	7507985	5348	-0.0151
a602eac1-ebad-4c44-90de-62ae59208059	18	7508563	7509232	2	-2.2793
a602eac1-ebad-4c44-90de-62ae59208059	18	7509399	46667825	21167	-0.0151
a602eac1-ebad-4c44-90de-62ae59208059	18	46669360	46670352	2	-1.9287
a602eac1-ebad-4c44-90de-62ae59208059	18	46670410	51039143	3048	-0.0077
a602eac1-ebad-4c44-90de-62ae59208059	18	51039162	51039656	7	1.3878
a602eac1-ebad-4c44-90de-62ae59208059	18	51039939	80257174	20700	-0.0136
a602eac1-ebad-4c44-90de-62ae59208059	19	90910	6909438	2259	-0.0079
a602eac1-ebad-4c44-90de-62ae59208059	19	6909554	6941856	17	-0.7736
a602eac1-ebad-4c44-90de-62ae59208059	19	6942187	27803571	8922	-0.0178
a602eac1-ebad-4c44-90de-62ae59208059	19	27805597	27823122	18	-0.9702
a602eac1-ebad-4c44-90de-62ae59208059	19	27825364	53013829	14351	-0.0158
a602eac1-ebad-4c44-90de-62ae59208059	19	53015494	53044108	21	0.708
a602eac1-ebad-4c44-90de-62ae59208059	19	53048976	58586487	3358	-0.0129
a602eac1-ebad-4c44-90de-62ae59208059	20	80664	1580353	1197	-0.0296
a602eac1-ebad-4c44-90de-62ae59208059	20	1580934	1613247	41	1.0735
a602eac1-ebad-4c44-90de-62ae59208059	20	1617300	42650169	25389	-0.0116
a602eac1-ebad-4c44-90de-62ae59208059	20	42650579	42652464	2	-2.0013
a602eac1-ebad-4c44-90de-62ae59208059	20	42652667	59267802	12144	-0.0076
a602eac1-ebad-4c44-90de-62ae59208059	20	59268226	59285234	17	-0.7683
a602eac1-ebad-4c44-90de-62ae59208059	20	59286462	64324800	3258	-0.0049
a602eac1-ebad-4c44-90de-62ae59208059	21	10354168	10597632	66	-0.0067
a602eac1-ebad-4c44-90de-62ae59208059	21	10600744	10775586	21	0.7173
a602eac1-ebad-4c44-90de-62ae59208059	21	12973348	46677045	23562	-0.024
a602eac1-ebad-4c44-90de-62ae59208059	22	15294547	23987520	4370	-0.0606
a602eac1-ebad-4c44-90de-62ae59208059	22	23988078	23989773	2	-2.9417
a602eac1-ebad-4c44-90de-62ae59208059	22	23990431	50528603	18604	-0.037
a602eac1-ebad-4c44-90de-62ae59208059	22	50534679	50534687	5	-1.7433
a602eac1-ebad-4c44-90de-62ae59208059	22	50535325	50796027	142	-0.0762
a602eac1-ebad-4c44-90de-62ae59208059	X	251810	104006126	53408	0.0143
a602eac1-ebad-4c44-90de-62ae59208059	X	104006356	104050744	52	0.5107
a602eac1-ebad-4c44-90de-62ae59208059	X	104050792	155952689	29581	0.0113
a602eac1-ebad-4c44-90de-62ae59208059	Y	2782397	2986412	98	-2.4336
a602eac1-ebad-4c44-90de-62ae59208059	Y	2988001	6249869	687	-2.1662
a602eac1-ebad-4c44-90de-62ae59208059	Y	6252391	7914110	663	-2.4578
a602eac1-ebad-4c44-90de-62ae59208059	Y	7917373	9326090	776	-2.6762
a602eac1-ebad-4c44-90de-62ae59208059	Y	9326723	9553467	28	-3.9318
a602eac1-ebad-4c44-90de-62ae59208059	Y	9554275	9921955	70	-2.7085
a602eac1-ebad-4c44-90de-62ae59208059	Y	9937005	56872112	4316	-2.4273
