GDC_Aliquot	Chromosome	Start	End	Num_Probes	Segment_Mean
69a7a17a-01f5-4c6c-b4de-b6c5b06158fd	1	62920	2589991	501	-0.0723
69a7a17a-01f5-4c6c-b4de-b6c5b06158fd	1	2591597	5951541	2287	0.0437
69a7a17a-01f5-4c6c-b4de-b6c5b06158fd	1	5951845	5984962	18	-0.4904
69a7a17a-01f5-4c6c-b4de-b6c5b06158fd	1	5988377	15129520	5085	0.0132
69a7a17a-01f5-4c6c-b4de-b6c5b06158fd	1	15130324	16470226	740	-0.0346
69a7a17a-01f5-4c6c-b4de-b6c5b06158fd	1	16470247	16569132	22	-0.5394
69a7a17a-01f5-4c6c-b4de-b6c5b06158fd	1	16570326	32610108	9047	0.0076
69a7a17a-01f5-4c6c-b4de-b6c5b06158fd	1	32613906	32627734	9	-1.1121
69a7a17a-01f5-4c6c-b4de-b6c5b06158fd	1	32628062	72295173	25082	0.0116
69a7a17a-01f5-4c6c-b4de-b6c5b06158fd	1	72296993	72345450	49	0.5156
69a7a17a-01f5-4c6c-b4de-b6c5b06158fd	1	72345465	89009572	10942	0.0273
69a7a17a-01f5-4c6c-b4de-b6c5b06158fd	1	89012275	89012522	2	-3.8804
69a7a17a-01f5-4c6c-b4de-b6c5b06158fd	1	89015841	105476583	10016	0.0115
69a7a17a-01f5-4c6c-b4de-b6c5b06158fd	1	105476614	105479753	16	0.8231
69a7a17a-01f5-4c6c-b4de-b6c5b06158fd	1	105481433	110834746	3487	0.0205
69a7a17a-01f5-4c6c-b4de-b6c5b06158fd	1	110834943	110845604	38	-0.7995
69a7a17a-01f5-4c6c-b4de-b6c5b06158fd	1	110849445	112147704	1076	0.0049
69a7a17a-01f5-4c6c-b4de-b6c5b06158fd	1	112153343	112154619	23	0.6269
69a7a17a-01f5-4c6c-b4de-b6c5b06158fd	1	112154754	144451288	5300	0.0196
69a7a17a-01f5-4c6c-b4de-b6c5b06158fd	1	144451316	144503849	7	-1.1056
69a7a17a-01f5-4c6c-b4de-b6c5b06158fd	1	144503864	152582700	2301	-0.0192
69a7a17a-01f5-4c6c-b4de-b6c5b06158fd	1	152583051	152614100	35	0.5266
69a7a17a-01f5-4c6c-b4de-b6c5b06158fd	1	152614118	152789570	173	0.0661
69a7a17a-01f5-4c6c-b4de-b6c5b06158fd	1	152789781	152796224	32	0.6635
69a7a17a-01f5-4c6c-b4de-b6c5b06158fd	1	152801429	179777902	18172	0.0185
69a7a17a-01f5-4c6c-b4de-b6c5b06158fd	1	179777979	179778346	2	-2.1615
69a7a17a-01f5-4c6c-b4de-b6c5b06158fd	1	179779089	196769638	11309	0.0218
69a7a17a-01f5-4c6c-b4de-b6c5b06158fd	1	196769652	196846661	54	-0.5025
69a7a17a-01f5-4c6c-b4de-b6c5b06158fd	1	196847600	245380056	33538	0.0142
69a7a17a-01f5-4c6c-b4de-b6c5b06158fd	1	245381707	245381842	2	-2.1563
69a7a17a-01f5-4c6c-b4de-b6c5b06158fd	1	245383096	246666314	961	-0.0096
69a7a17a-01f5-4c6c-b4de-b6c5b06158fd	1	246666715	246706315	27	-0.4356
69a7a17a-01f5-4c6c-b4de-b6c5b06158fd	1	246709941	248930189	1296	0.0281
69a7a17a-01f5-4c6c-b4de-b6c5b06158fd	2	12784	32363547	22569	0.0172
69a7a17a-01f5-4c6c-b4de-b6c5b06158fd	2	32366912	32865600	271	-0.0789
69a7a17a-01f5-4c6c-b4de-b6c5b06158fd	2	32872434	32881183	7	-0.7375
69a7a17a-01f5-4c6c-b4de-b6c5b06158fd	2	32882192	33048230	137	-0.0764
69a7a17a-01f5-4c6c-b4de-b6c5b06158fd	2	33049555	34295406	1014	0.0404
69a7a17a-01f5-4c6c-b4de-b6c5b06158fd	2	34298911	34300513	2	-2.9254
69a7a17a-01f5-4c6c-b4de-b6c5b06158fd	2	34300900	35750907	1013	0.0436
69a7a17a-01f5-4c6c-b4de-b6c5b06158fd	2	35752724	35762850	6	-1.9931
69a7a17a-01f5-4c6c-b4de-b6c5b06158fd	2	35762881	50585753	10779	0.0105
69a7a17a-01f5-4c6c-b4de-b6c5b06158fd	2	50585773	51077613	356	0.1558
69a7a17a-01f5-4c6c-b4de-b6c5b06158fd	2	51079234	52514599	994	0.0366
69a7a17a-01f5-4c6c-b4de-b6c5b06158fd	2	52516787	52554404	41	0.9851
69a7a17a-01f5-4c6c-b4de-b6c5b06158fd	2	52560811	67894770	10112	0.0144
69a7a17a-01f5-4c6c-b4de-b6c5b06158fd	2	67895151	67941220	25	-0.407
69a7a17a-01f5-4c6c-b4de-b6c5b06158fd	2	67941683	78473831	6629	0.0169
69a7a17a-01f5-4c6c-b4de-b6c5b06158fd	2	78474950	78481758	6	-1.0904
69a7a17a-01f5-4c6c-b4de-b6c5b06158fd	2	78485813	87211079	5253	0.0294
69a7a17a-01f5-4c6c-b4de-b6c5b06158fd	2	87218694	87218834	2	-1.9732
69a7a17a-01f5-4c6c-b4de-b6c5b06158fd	2	87221597	183220725	54113	0.0194
69a7a17a-01f5-4c6c-b4de-b6c5b06158fd	2	183221060	183224996	9	-0.9755
69a7a17a-01f5-4c6c-b4de-b6c5b06158fd	2	183229270	184254164	631	0.044
69a7a17a-01f5-4c6c-b4de-b6c5b06158fd	2	184254446	184256051	8	-0.8131
69a7a17a-01f5-4c6c-b4de-b6c5b06158fd	2	184260262	202372276	10279	0.0193
69a7a17a-01f5-4c6c-b4de-b6c5b06158fd	2	202380954	202793342	211	-0.1531
69a7a17a-01f5-4c6c-b4de-b6c5b06158fd	2	202794885	212316597	6044	0.0163
69a7a17a-01f5-4c6c-b4de-b6c5b06158fd	2	212321824	212325966	16	-0.7535
69a7a17a-01f5-4c6c-b4de-b6c5b06158fd	2	212326024	242147305	19032	0.0151
69a7a17a-01f5-4c6c-b4de-b6c5b06158fd	3	20930	2063207	1844	0.0921
69a7a17a-01f5-4c6c-b4de-b6c5b06158fd	3	2068183	12641284	8657	0.0143
69a7a17a-01f5-4c6c-b4de-b6c5b06158fd	3	12649158	12703656	57	-0.2767
69a7a17a-01f5-4c6c-b4de-b6c5b06158fd	3	12704441	16571379	2644	0.0038
69a7a17a-01f5-4c6c-b4de-b6c5b06158fd	3	16571442	16574490	4	-1.0267
69a7a17a-01f5-4c6c-b4de-b6c5b06158fd	3	16578783	21839949	3208	0.0156
69a7a17a-01f5-4c6c-b4de-b6c5b06158fd	3	21840111	22287895	418	0.1366
69a7a17a-01f5-4c6c-b4de-b6c5b06158fd	3	22288947	57519632	22128	0.0117
69a7a17a-01f5-4c6c-b4de-b6c5b06158fd	3	57521554	57523142	6	-1.1814
69a7a17a-01f5-4c6c-b4de-b6c5b06158fd	3	57525731	98180575	24170	0.026
69a7a17a-01f5-4c6c-b4de-b6c5b06158fd	3	98189826	98195973	4	-1.2876
69a7a17a-01f5-4c6c-b4de-b6c5b06158fd	3	98197104	130047743	19345	0.0121
69a7a17a-01f5-4c6c-b4de-b6c5b06158fd	3	130057015	130087393	36	-0.3549
69a7a17a-01f5-4c6c-b4de-b6c5b06158fd	3	130088081	132270041	1436	0.0003
69a7a17a-01f5-4c6c-b4de-b6c5b06158fd	3	132270486	132276840	6	1.0558
69a7a17a-01f5-4c6c-b4de-b6c5b06158fd	3	132281633	162794951	18831	0.0174
69a7a17a-01f5-4c6c-b4de-b6c5b06158fd	3	162795304	162857273	36	-0.3863
69a7a17a-01f5-4c6c-b4de-b6c5b06158fd	3	162860892	171211008	4845	0.0351
69a7a17a-01f5-4c6c-b4de-b6c5b06158fd	3	171211401	171623821	314	-0.0397
69a7a17a-01f5-4c6c-b4de-b6c5b06158fd	3	171631180	171633399	2	-1.434
69a7a17a-01f5-4c6c-b4de-b6c5b06158fd	3	171647213	172678956	713	-0.0306
69a7a17a-01f5-4c6c-b4de-b6c5b06158fd	3	172685031	175362822	1816	0.0437
69a7a17a-01f5-4c6c-b4de-b6c5b06158fd	3	175362958	175363437	4	-0.9191
69a7a17a-01f5-4c6c-b4de-b6c5b06158fd	3	175363536	175772882	280	0.1624
69a7a17a-01f5-4c6c-b4de-b6c5b06158fd	3	175778894	183384064	4496	0.0265
69a7a17a-01f5-4c6c-b4de-b6c5b06158fd	3	183384850	183958462	327	-0.1841
69a7a17a-01f5-4c6c-b4de-b6c5b06158fd	3	183962157	189642965	3907	0.0049
69a7a17a-01f5-4c6c-b4de-b6c5b06158fd	3	189645889	189653199	12	-1.0334
69a7a17a-01f5-4c6c-b4de-b6c5b06158fd	3	189653225	191562314	1368	0.0318
69a7a17a-01f5-4c6c-b4de-b6c5b06158fd	3	191566836	191566890	2	-1.7639
69a7a17a-01f5-4c6c-b4de-b6c5b06158fd	3	191566911	193155702	1116	0.0244
69a7a17a-01f5-4c6c-b4de-b6c5b06158fd	3	193155761	193165080	23	0.5178
69a7a17a-01f5-4c6c-b4de-b6c5b06158fd	3	193165099	194521763	900	0.0085
69a7a17a-01f5-4c6c-b4de-b6c5b06158fd	3	194523993	194532008	4	-0.9686
69a7a17a-01f5-4c6c-b4de-b6c5b06158fd	3	194532531	195350704	523	-0.0074
69a7a17a-01f5-4c6c-b4de-b6c5b06158fd	3	195350844	195695420	67	-0.0908
69a7a17a-01f5-4c6c-b4de-b6c5b06158fd	3	195695422	195737253	30	-0.6191
69a7a17a-01f5-4c6c-b4de-b6c5b06158fd	3	195737444	196780719	479	-0.0736
69a7a17a-01f5-4c6c-b4de-b6c5b06158fd	3	196784021	196893620	51	-0.4849
69a7a17a-01f5-4c6c-b4de-b6c5b06158fd	3	196896344	198089974	593	-0.0884
69a7a17a-01f5-4c6c-b4de-b6c5b06158fd	3	198094402	198169247	49	0.0444
69a7a17a-01f5-4c6c-b4de-b6c5b06158fd	4	68929	2369382	856	-0.0062
69a7a17a-01f5-4c6c-b4de-b6c5b06158fd	4	2370203	2373146	2	-2.3075
69a7a17a-01f5-4c6c-b4de-b6c5b06158fd	4	2373589	4026744	742	-0.0151
69a7a17a-01f5-4c6c-b4de-b6c5b06158fd	4	4028735	4057858	8	-0.6762
69a7a17a-01f5-4c6c-b4de-b6c5b06158fd	4	4059503	4121101	21	0.0519
69a7a17a-01f5-4c6c-b4de-b6c5b06158fd	4	4133219	4158336	6	-1.2407
69a7a17a-01f5-4c6c-b4de-b6c5b06158fd	4	4163608	9455251	3527	0.0071
69a7a17a-01f5-4c6c-b4de-b6c5b06158fd	4	9459504	9477699	6	-1.1266
69a7a17a-01f5-4c6c-b4de-b6c5b06158fd	4	9484440	10221792	542	0.0238
69a7a17a-01f5-4c6c-b4de-b6c5b06158fd	4	10222004	10227592	10	1.7819
69a7a17a-01f5-4c6c-b4de-b6c5b06158fd	4	10227652	10233644	24	0.8778
69a7a17a-01f5-4c6c-b4de-b6c5b06158fd	4	10234518	12363191	1781	0.0142
69a7a17a-01f5-4c6c-b4de-b6c5b06158fd	4	12363226	12379144	24	0.4312
69a7a17a-01f5-4c6c-b4de-b6c5b06158fd	4	12379305	19104311	4943	0.0137
69a7a17a-01f5-4c6c-b4de-b6c5b06158fd	4	19109331	19112495	4	-1.1606
69a7a17a-01f5-4c6c-b4de-b6c5b06158fd	4	19113260	26287196	4985	0.0275
69a7a17a-01f5-4c6c-b4de-b6c5b06158fd	4	26290363	26293154	3	-1.4672
69a7a17a-01f5-4c6c-b4de-b6c5b06158fd	4	26293552	49214614	14258	0.0193
69a7a17a-01f5-4c6c-b4de-b6c5b06158fd	4	49289175	49289338	2	-2.2002
69a7a17a-01f5-4c6c-b4de-b6c5b06158fd	4	49295203	68506285	10487	0.0158
69a7a17a-01f5-4c6c-b4de-b6c5b06158fd	4	68509223	68618391	63	0.4536
69a7a17a-01f5-4c6c-b4de-b6c5b06158fd	4	68620122	69261926	318	0.1092
69a7a17a-01f5-4c6c-b4de-b6c5b06158fd	4	69261934	69366081	53	-0.5798
69a7a17a-01f5-4c6c-b4de-b6c5b06158fd	4	69366304	71535318	1280	0.0148
69a7a17a-01f5-4c6c-b4de-b6c5b06158fd	4	71537978	71541012	4	1.164
69a7a17a-01f5-4c6c-b4de-b6c5b06158fd	4	71544631	82977915	7189	0.0067
69a7a17a-01f5-4c6c-b4de-b6c5b06158fd	4	82978953	83017171	19	-0.3937
69a7a17a-01f5-4c6c-b4de-b6c5b06158fd	4	83018018	83018980	2	-1.966
69a7a17a-01f5-4c6c-b4de-b6c5b06158fd	4	83021366	86054070	1949	0.0001
69a7a17a-01f5-4c6c-b4de-b6c5b06158fd	4	86054941	86058611	19	-1.9571
69a7a17a-01f5-4c6c-b4de-b6c5b06158fd	4	86058791	114252544	16875	0.0141
69a7a17a-01f5-4c6c-b4de-b6c5b06158fd	4	114254167	114261019	23	-1.7618
69a7a17a-01f5-4c6c-b4de-b6c5b06158fd	4	114263073	137171424	13245	0.0194
69a7a17a-01f5-4c6c-b4de-b6c5b06158fd	4	137171437	137173804	11	0.6751
69a7a17a-01f5-4c6c-b4de-b6c5b06158fd	4	137173818	137262373	105	0.0696
69a7a17a-01f5-4c6c-b4de-b6c5b06158fd	4	137262390	137267505	14	0.6598
69a7a17a-01f5-4c6c-b4de-b6c5b06158fd	4	137267606	160958989	14602	0.0149
69a7a17a-01f5-4c6c-b4de-b6c5b06158fd	4	160959045	160963756	18	-1.039
69a7a17a-01f5-4c6c-b4de-b6c5b06158fd	4	160963767	169922993	5694	0.0228
69a7a17a-01f5-4c6c-b4de-b6c5b06158fd	4	169923329	169925890	4	-1.0875
69a7a17a-01f5-4c6c-b4de-b6c5b06158fd	4	169926381	171448195	969	0.0282
69a7a17a-01f5-4c6c-b4de-b6c5b06158fd	4	171453733	171456559	10	1.7684
69a7a17a-01f5-4c6c-b4de-b6c5b06158fd	4	171456573	182795875	7658	0.0296
69a7a17a-01f5-4c6c-b4de-b6c5b06158fd	4	182799165	185274393	1611	-0.0443
69a7a17a-01f5-4c6c-b4de-b6c5b06158fd	4	185275565	188300104	2081	0.0433
69a7a17a-01f5-4c6c-b4de-b6c5b06158fd	4	188300206	188300285	4	1.1141
69a7a17a-01f5-4c6c-b4de-b6c5b06158fd	4	188301659	189267889	788	0.0844
69a7a17a-01f5-4c6c-b4de-b6c5b06158fd	4	189273964	189278617	5	1.3939
69a7a17a-01f5-4c6c-b4de-b6c5b06158fd	4	189290117	190106768	348	0.0148
69a7a17a-01f5-4c6c-b4de-b6c5b06158fd	5	15532	801650	337	-0.0108
69a7a17a-01f5-4c6c-b4de-b6c5b06158fd	5	808932	833513	16	0.6655
69a7a17a-01f5-4c6c-b4de-b6c5b06158fd	5	852451	12800777	9842	0.0323
69a7a17a-01f5-4c6c-b4de-b6c5b06158fd	5	12815668	12838421	14	-1.5808
69a7a17a-01f5-4c6c-b4de-b6c5b06158fd	5	12849089	17601444	3174	0.0344
69a7a17a-01f5-4c6c-b4de-b6c5b06158fd	5	17601619	17655029	19	-0.9179
69a7a17a-01f5-4c6c-b4de-b6c5b06158fd	5	17662996	156049910	82694	0.017
69a7a17a-01f5-4c6c-b4de-b6c5b06158fd	5	156049988	156055719	12	-0.9423
69a7a17a-01f5-4c6c-b4de-b6c5b06158fd	5	156068240	179504309	15768	0.0166
69a7a17a-01f5-4c6c-b4de-b6c5b06158fd	5	179509604	179509721	4	-1.5286
69a7a17a-01f5-4c6c-b4de-b6c5b06158fd	5	179510391	180947523	832	-0.0159
69a7a17a-01f5-4c6c-b4de-b6c5b06158fd	5	180951710	181015920	24	0.5861
69a7a17a-01f5-4c6c-b4de-b6c5b06158fd	5	181018221	181363319	165	-0.0989
69a7a17a-01f5-4c6c-b4de-b6c5b06158fd	6	149661	807008	557	-0.0067
69a7a17a-01f5-4c6c-b4de-b6c5b06158fd	6	808660	886884	72	-0.3717
69a7a17a-01f5-4c6c-b4de-b6c5b06158fd	6	887482	29869411	21034	0.0084
69a7a17a-01f5-4c6c-b4de-b6c5b06158fd	6	29869537	29907031	22	-0.9251
69a7a17a-01f5-4c6c-b4de-b6c5b06158fd	6	29909182	31313046	656	-0.0369
69a7a17a-01f5-4c6c-b4de-b6c5b06158fd	6	31318499	31327629	7	-2.3705
69a7a17a-01f5-4c6c-b4de-b6c5b06158fd	6	31328176	32485152	505	-0.0925
69a7a17a-01f5-4c6c-b4de-b6c5b06158fd	6	32486498	32606604	35	1.1365
69a7a17a-01f5-4c6c-b4de-b6c5b06158fd	6	32610305	32718419	63	0.0285
69a7a17a-01f5-4c6c-b4de-b6c5b06158fd	6	32720838	32732907	12	-0.6546
69a7a17a-01f5-4c6c-b4de-b6c5b06158fd	6	32733056	54066286	13654	0.0085
69a7a17a-01f5-4c6c-b4de-b6c5b06158fd	6	54066353	54067057	7	-1.157
69a7a17a-01f5-4c6c-b4de-b6c5b06158fd	6	54070550	76305231	11871	0.0237
69a7a17a-01f5-4c6c-b4de-b6c5b06158fd	6	76307183	76307209	3	1.6684
69a7a17a-01f5-4c6c-b4de-b6c5b06158fd	6	76307276	76726815	296	0.0063
69a7a17a-01f5-4c6c-b4de-b6c5b06158fd	6	76730151	76742665	15	-3.6758
69a7a17a-01f5-4c6c-b4de-b6c5b06158fd	6	76742675	76743040	6	-1.0781
69a7a17a-01f5-4c6c-b4de-b6c5b06158fd	6	76751356	78253172	976	0.0296
69a7a17a-01f5-4c6c-b4de-b6c5b06158fd	6	78259348	78325457	112	-0.658
69a7a17a-01f5-4c6c-b4de-b6c5b06158fd	6	78325468	93769876	9912	0.0143
69a7a17a-01f5-4c6c-b4de-b6c5b06158fd	6	93770697	94817606	692	0.1193
69a7a17a-01f5-4c6c-b4de-b6c5b06158fd	6	94817743	170741917	49109	0.0154
69a7a17a-01f5-4c6c-b4de-b6c5b06158fd	7	43355	148300	90	-0.0102
69a7a17a-01f5-4c6c-b4de-b6c5b06158fd	7	155066	161442	11	-0.8646
69a7a17a-01f5-4c6c-b4de-b6c5b06158fd	7	161517	5692591	2864	0.0043
69a7a17a-01f5-4c6c-b4de-b6c5b06158fd	7	5693751	5999270	116	-0.2037
69a7a17a-01f5-4c6c-b4de-b6c5b06158fd	7	5999449	6845907	355	-0.015
69a7a17a-01f5-4c6c-b4de-b6c5b06158fd	7	6853677	6915396	22	-0.617
69a7a17a-01f5-4c6c-b4de-b6c5b06158fd	7	6915679	8324586	1211	-0.0013
69a7a17a-01f5-4c6c-b4de-b6c5b06158fd	7	8325942	9202149	800	0.1076
69a7a17a-01f5-4c6c-b4de-b6c5b06158fd	7	9202211	26135922	13383	0.0228
69a7a17a-01f5-4c6c-b4de-b6c5b06158fd	7	26138083	26182832	19	0.5677
69a7a17a-01f5-4c6c-b4de-b6c5b06158fd	7	26188157	38286633	8531	0.0132
69a7a17a-01f5-4c6c-b4de-b6c5b06158fd	7	38286669	38319127	81	0.269
69a7a17a-01f5-4c6c-b4de-b6c5b06158fd	7	38319355	52554498	9711	0.0202
69a7a17a-01f5-4c6c-b4de-b6c5b06158fd	7	52555871	52555991	2	-1.5446
69a7a17a-01f5-4c6c-b4de-b6c5b06158fd	7	52556241	52705128	129	0.0743
69a7a17a-01f5-4c6c-b4de-b6c5b06158fd	7	52708262	52713794	4	-1.6166
69a7a17a-01f5-4c6c-b4de-b6c5b06158fd	7	52714429	54318812	1163	0.0441
69a7a17a-01f5-4c6c-b4de-b6c5b06158fd	7	54318816	54318824	5	-2.4915
69a7a17a-01f5-4c6c-b4de-b6c5b06158fd	7	54325795	70826778	6049	0.0133
69a7a17a-01f5-4c6c-b4de-b6c5b06158fd	7	70827330	70893353	41	-0.4058
69a7a17a-01f5-4c6c-b4de-b6c5b06158fd	7	70896564	72005016	753	0.0322
69a7a17a-01f5-4c6c-b4de-b6c5b06158fd	7	72005254	77860085	2031	-0.0418
69a7a17a-01f5-4c6c-b4de-b6c5b06158fd	7	77867238	88452512	6949	0.0259
69a7a17a-01f5-4c6c-b4de-b6c5b06158fd	7	88454812	90105032	1123	0.0893
69a7a17a-01f5-4c6c-b4de-b6c5b06158fd	7	90105089	101409205	6444	0.0053
69a7a17a-01f5-4c6c-b4de-b6c5b06158fd	7	101416451	101416668	2	-2.2703
69a7a17a-01f5-4c6c-b4de-b6c5b06158fd	7	101419630	107933289	3783	-0.0093
69a7a17a-01f5-4c6c-b4de-b6c5b06158fd	7	107933516	126405502	11343	0.0271
69a7a17a-01f5-4c6c-b4de-b6c5b06158fd	7	126405597	126406824	13	0.6364
69a7a17a-01f5-4c6c-b4de-b6c5b06158fd	7	126406825	128414844	1354	0.0422
69a7a17a-01f5-4c6c-b4de-b6c5b06158fd	7	128418535	134079546	3324	-0.0001
69a7a17a-01f5-4c6c-b4de-b6c5b06158fd	7	134079563	134113790	50	-0.3094
69a7a17a-01f5-4c6c-b4de-b6c5b06158fd	7	134113805	142063324	5198	0.0139
69a7a17a-01f5-4c6c-b4de-b6c5b06158fd	7	142069843	142092108	33	-0.7067
69a7a17a-01f5-4c6c-b4de-b6c5b06158fd	7	142092307	142251960	120	-0.0062
69a7a17a-01f5-4c6c-b4de-b6c5b06158fd	7	142252035	142874551	399	0.1109
69a7a17a-01f5-4c6c-b4de-b6c5b06158fd	7	142875771	143529806	380	-0.0324
69a7a17a-01f5-4c6c-b4de-b6c5b06158fd	7	143530003	143556434	3	1.0228
69a7a17a-01f5-4c6c-b4de-b6c5b06158fd	7	143603307	143773027	19	-0.144
69a7a17a-01f5-4c6c-b4de-b6c5b06158fd	7	143780181	143802294	5	-1.6512
69a7a17a-01f5-4c6c-b4de-b6c5b06158fd	7	143846758	148970835	3333	0.025
69a7a17a-01f5-4c6c-b4de-b6c5b06158fd	7	148971807	148977113	4	-1.2818
69a7a17a-01f5-4c6c-b4de-b6c5b06158fd	7	148979653	153450553	2512	-0.0016
69a7a17a-01f5-4c6c-b4de-b6c5b06158fd	7	153450560	153450627	2	-2.938
69a7a17a-01f5-4c6c-b4de-b6c5b06158fd	7	153450630	158647527	3634	0.0349
69a7a17a-01f5-4c6c-b4de-b6c5b06158fd	7	158647583	158925997	185	-0.1072
69a7a17a-01f5-4c6c-b4de-b6c5b06158fd	7	158926014	159334314	273	0.0515
69a7a17a-01f5-4c6c-b4de-b6c5b06158fd	8	81254	208062	4	0.9292
69a7a17a-01f5-4c6c-b4de-b6c5b06158fd	8	212672	1418902	893	0.0398
69a7a17a-01f5-4c6c-b4de-b6c5b06158fd	8	1419196	1419436	2	-1.8959
69a7a17a-01f5-4c6c-b4de-b6c5b06158fd	8	1419522	3283881	1583	0.0214
69a7a17a-01f5-4c6c-b4de-b6c5b06158fd	8	3284064	6202048	4120	0.0816
69a7a17a-01f5-4c6c-b4de-b6c5b06158fd	8	6202191	7336299	1134	0.0092
69a7a17a-01f5-4c6c-b4de-b6c5b06158fd	8	7357089	7397588	21	-0.6623
69a7a17a-01f5-4c6c-b4de-b6c5b06158fd	8	7414835	7888846	22	0.3505
69a7a17a-01f5-4c6c-b4de-b6c5b06158fd	8	7889612	7890177	2	-1.912
69a7a17a-01f5-4c6c-b4de-b6c5b06158fd	8	7919608	12092042	3242	0.0071
69a7a17a-01f5-4c6c-b4de-b6c5b06158fd	8	12130217	12323772	9	1.0792
69a7a17a-01f5-4c6c-b4de-b6c5b06158fd	8	12358500	12383996	15	-1.4574
69a7a17a-01f5-4c6c-b4de-b6c5b06158fd	8	12385006	25117062	10442	0.0236
69a7a17a-01f5-4c6c-b4de-b6c5b06158fd	8	25117985	25126818	23	-2.4501
69a7a17a-01f5-4c6c-b4de-b6c5b06158fd	8	25133589	39373140	9021	0.0218
69a7a17a-01f5-4c6c-b4de-b6c5b06158fd	8	39378084	39511389	50	0.819
69a7a17a-01f5-4c6c-b4de-b6c5b06158fd	8	39512955	84345736	25892	0.0196
69a7a17a-01f5-4c6c-b4de-b6c5b06158fd	8	84345754	84356431	20	-0.7811
69a7a17a-01f5-4c6c-b4de-b6c5b06158fd	8	84358447	111279265	16113	0.0141
69a7a17a-01f5-4c6c-b4de-b6c5b06158fd	8	111282050	111283031	10	-1.5999
69a7a17a-01f5-4c6c-b4de-b6c5b06158fd	8	111288052	114622478	1827	0.0208
69a7a17a-01f5-4c6c-b4de-b6c5b06158fd	8	114622678	114629502	30	-0.4879
69a7a17a-01f5-4c6c-b4de-b6c5b06158fd	8	114638468	140653786	19093	0.0142
69a7a17a-01f5-4c6c-b4de-b6c5b06158fd	8	140653873	141247279	360	-0.1204
69a7a17a-01f5-4c6c-b4de-b6c5b06158fd	8	141255160	144182963	1263	0.0422
69a7a17a-01f5-4c6c-b4de-b6c5b06158fd	8	144188443	145072769	354	-0.1147
69a7a17a-01f5-4c6c-b4de-b6c5b06158fd	9	46587	606699	509	-0.0811
69a7a17a-01f5-4c6c-b4de-b6c5b06158fd	9	606844	606961	3	-1.3557
69a7a17a-01f5-4c6c-b4de-b6c5b06158fd	9	607307	791003	251	-0.0668
69a7a17a-01f5-4c6c-b4de-b6c5b06158fd	9	792632	5079156	4482	0.0301
69a7a17a-01f5-4c6c-b4de-b6c5b06158fd	9	5081416	5081766	8	-1.0942
69a7a17a-01f5-4c6c-b4de-b6c5b06158fd	9	5081852	6342855	862	-0.0029
69a7a17a-01f5-4c6c-b4de-b6c5b06158fd	9	6347610	6938342	439	-0.1299
69a7a17a-01f5-4c6c-b4de-b6c5b06158fd	9	6939798	8864704	1958	0.0227
69a7a17a-01f5-4c6c-b4de-b6c5b06158fd	9	8865332	13113610	3595	0.0708
69a7a17a-01f5-4c6c-b4de-b6c5b06158fd	9	13115423	42856247	19270	0.0205
69a7a17a-01f5-4c6c-b4de-b6c5b06158fd	9	60863881	61561095	29	-0.367
69a7a17a-01f5-4c6c-b4de-b6c5b06158fd	9	61566296	61572014	2	-2.2907
69a7a17a-01f5-4c6c-b4de-b6c5b06158fd	9	61573452	103804216	24994	0.0223
69a7a17a-01f5-4c6c-b4de-b6c5b06158fd	9	103806415	103807009	2	-4.338
69a7a17a-01f5-4c6c-b4de-b6c5b06158fd	9	103808421	104659640	711	0.0569
69a7a17a-01f5-4c6c-b4de-b6c5b06158fd	9	104663113	115219960	8037	0.0126
69a7a17a-01f5-4c6c-b4de-b6c5b06158fd	9	115221124	122538517	5637	0.0469
69a7a17a-01f5-4c6c-b4de-b6c5b06158fd	9	122544123	122545329	4	-1.2522
69a7a17a-01f5-4c6c-b4de-b6c5b06158fd	9	122551441	138200944	8730	0.0027
69a7a17a-01f5-4c6c-b4de-b6c5b06158fd	10	45792	46522571	31689	0.0119
69a7a17a-01f5-4c6c-b4de-b6c5b06158fd	10	46525652	46526920	15	0.6984
69a7a17a-01f5-4c6c-b4de-b6c5b06158fd	10	46527206	46792344	36	0.1283
69a7a17a-01f5-4c6c-b4de-b6c5b06158fd	10	46804606	46810571	2	-1.8008
69a7a17a-01f5-4c6c-b4de-b6c5b06158fd	10	46836986	55420393	5622	0.026
69a7a17a-01f5-4c6c-b4de-b6c5b06158fd	10	55420481	55420557	3	-2.064
69a7a17a-01f5-4c6c-b4de-b6c5b06158fd	10	55420561	65546400	7069	0.0271
69a7a17a-01f5-4c6c-b4de-b6c5b06158fd	10	65546518	65563037	30	0.4691
69a7a17a-01f5-4c6c-b4de-b6c5b06158fd	10	65563168	92274098	17874	0.0156
69a7a17a-01f5-4c6c-b4de-b6c5b06158fd	10	92275768	92829717	237	-0.1425
69a7a17a-01f5-4c6c-b4de-b6c5b06158fd	10	92833650	130420544	26087	0.0187
69a7a17a-01f5-4c6c-b4de-b6c5b06158fd	10	130421134	131045375	586	0.1117
69a7a17a-01f5-4c6c-b4de-b6c5b06158fd	10	131045823	133654968	1455	0.0144
69a7a17a-01f5-4c6c-b4de-b6c5b06158fd	11	198510	4943072	2414	0.0031
69a7a17a-01f5-4c6c-b4de-b6c5b06158fd	11	4943195	4955027	35	0.6318
69a7a17a-01f5-4c6c-b4de-b6c5b06158fd	11	4955042	5766175	786	0.0054
69a7a17a-01f5-4c6c-b4de-b6c5b06158fd	11	5766850	5787818	31	-0.7221
69a7a17a-01f5-4c6c-b4de-b6c5b06158fd	11	5787909	7684209	1424	0.0478
69a7a17a-01f5-4c6c-b4de-b6c5b06158fd	11	7685084	10989477	2197	-0.025
69a7a17a-01f5-4c6c-b4de-b6c5b06158fd	11	10989572	64917916	32813	0.0196
69a7a17a-01f5-4c6c-b4de-b6c5b06158fd	11	64918010	65935152	402	-0.1334
69a7a17a-01f5-4c6c-b4de-b6c5b06158fd	11	65936447	80256460	7712	0.0134
69a7a17a-01f5-4c6c-b4de-b6c5b06158fd	11	80256469	80256504	2	-2.0841
69a7a17a-01f5-4c6c-b4de-b6c5b06158fd	11	80256520	98628319	12799	0.0292
69a7a17a-01f5-4c6c-b4de-b6c5b06158fd	11	98632455	98637646	6	-1.4436
69a7a17a-01f5-4c6c-b4de-b6c5b06158fd	11	98637741	135074876	26243	0.0218
69a7a17a-01f5-4c6c-b4de-b6c5b06158fd	12	51460	1854710	1069	-0.0445
69a7a17a-01f5-4c6c-b4de-b6c5b06158fd	12	1854782	5930708	3312	0.0287
69a7a17a-01f5-4c6c-b4de-b6c5b06158fd	12	5932921	9477960	1795	-0.0315
69a7a17a-01f5-4c6c-b4de-b6c5b06158fd	12	9481274	9575696	24	-1.8999
69a7a17a-01f5-4c6c-b4de-b6c5b06158fd	12	9582373	11062773	1034	-0.0109
69a7a17a-01f5-4c6c-b4de-b6c5b06158fd	12	11064250	11088933	12	-1.4907
69a7a17a-01f5-4c6c-b4de-b6c5b06158fd	12	11099275	22086364	7426	0.0165
69a7a17a-01f5-4c6c-b4de-b6c5b06158fd	12	22090581	22090627	2	-2.0956
69a7a17a-01f5-4c6c-b4de-b6c5b06158fd	12	22090727	99401959	47444	0.0126
69a7a17a-01f5-4c6c-b4de-b6c5b06158fd	12	99401995	99409410	31	0.4585
69a7a17a-01f5-4c6c-b4de-b6c5b06158fd	12	99409449	109080666	6557	0.0074
69a7a17a-01f5-4c6c-b4de-b6c5b06158fd	12	109082248	109213419	94	-0.2099
69a7a17a-01f5-4c6c-b4de-b6c5b06158fd	12	109214595	109414662	135	0.0036
69a7a17a-01f5-4c6c-b4de-b6c5b06158fd	12	109417633	109419331	2	-1.6727
69a7a17a-01f5-4c6c-b4de-b6c5b06158fd	12	109420215	126827938	11135	0.0031
69a7a17a-01f5-4c6c-b4de-b6c5b06158fd	12	126828340	126830459	6	-1.247
69a7a17a-01f5-4c6c-b4de-b6c5b06158fd	12	126832742	129793857	2715	0.0469
69a7a17a-01f5-4c6c-b4de-b6c5b06158fd	12	129795492	129851445	35	-0.3736
69a7a17a-01f5-4c6c-b4de-b6c5b06158fd	12	129851472	133201603	2037	0.0382
69a7a17a-01f5-4c6c-b4de-b6c5b06158fd	13	18452809	19590935	556	0.0219
69a7a17a-01f5-4c6c-b4de-b6c5b06158fd	13	19594345	19988980	178	-0.1863
69a7a17a-01f5-4c6c-b4de-b6c5b06158fd	13	19989089	37496998	12752	0.0211
69a7a17a-01f5-4c6c-b4de-b6c5b06158fd	13	37497899	37510620	16	-2.0473
69a7a17a-01f5-4c6c-b4de-b6c5b06158fd	13	37514193	48957415	8030	0.0084
69a7a17a-01f5-4c6c-b4de-b6c5b06158fd	13	48959579	48962368	2	-2.7113
69a7a17a-01f5-4c6c-b4de-b6c5b06158fd	13	48963569	114342922	42639	0.0303
69a7a17a-01f5-4c6c-b4de-b6c5b06158fd	14	18239283	21885921	1465	-0.0302
69a7a17a-01f5-4c6c-b4de-b6c5b06158fd	14	21891483	22530591	582	0.2399
69a7a17a-01f5-4c6c-b4de-b6c5b06158fd	14	22530607	40139724	11000	0.0175
69a7a17a-01f5-4c6c-b4de-b6c5b06158fd	14	40144718	40147715	2	-2.0435
69a7a17a-01f5-4c6c-b4de-b6c5b06158fd	14	40148961	106425447	42140	0.0185
69a7a17a-01f5-4c6c-b4de-b6c5b06158fd	14	106426436	106458677	40	0.4046
69a7a17a-01f5-4c6c-b4de-b6c5b06158fd	14	106458728	106877229	200	0.046
69a7a17a-01f5-4c6c-b4de-b6c5b06158fd	15	19811075	22413894	209	-0.1924
69a7a17a-01f5-4c6c-b4de-b6c5b06158fd	15	22455811	23191992	312	0.493
69a7a17a-01f5-4c6c-b4de-b6c5b06158fd	15	23199669	24424598	678	0.0389
69a7a17a-01f5-4c6c-b4de-b6c5b06158fd	15	24429604	24467876	25	-0.7521
69a7a17a-01f5-4c6c-b4de-b6c5b06158fd	15	24468278	29725548	3390	0.0403
69a7a17a-01f5-4c6c-b4de-b6c5b06158fd	15	29725722	29726828	4	-0.533
69a7a17a-01f5-4c6c-b4de-b6c5b06158fd	15	29728433	29733750	2	-1.6971
69a7a17a-01f5-4c6c-b4de-b6c5b06158fd	15	29748018	40510972	7055	0.04
69a7a17a-01f5-4c6c-b4de-b6c5b06158fd	15	40512375	45916829	2585	-0.0282
69a7a17a-01f5-4c6c-b4de-b6c5b06158fd	15	45917646	77007025	19866	0.0158
69a7a17a-01f5-4c6c-b4de-b6c5b06158fd	15	77008992	77063624	23	-0.4143
69a7a17a-01f5-4c6c-b4de-b6c5b06158fd	15	77063897	78111792	512	0.0117
69a7a17a-01f5-4c6c-b4de-b6c5b06158fd	15	78111973	78175409	48	-0.2839
69a7a17a-01f5-4c6c-b4de-b6c5b06158fd	15	78178200	90115098	7824	0.022
69a7a17a-01f5-4c6c-b4de-b6c5b06158fd	15	90116957	92221651	1591	-0.0073
69a7a17a-01f5-4c6c-b4de-b6c5b06158fd	15	92221667	92222525	13	0.1093
69a7a17a-01f5-4c6c-b4de-b6c5b06158fd	15	92222644	92223064	3	1.5435
69a7a17a-01f5-4c6c-b4de-b6c5b06158fd	15	92223528	101928837	7429	0.0316
69a7a17a-01f5-4c6c-b4de-b6c5b06158fd	16	10777	109496	62	0.035
69a7a17a-01f5-4c6c-b4de-b6c5b06158fd	16	111939	461080	145	-0.2185
69a7a17a-01f5-4c6c-b4de-b6c5b06158fd	16	461183	5404471	2230	-0.0117
69a7a17a-01f5-4c6c-b4de-b6c5b06158fd	16	5404485	8559967	3750	0.0509
69a7a17a-01f5-4c6c-b4de-b6c5b06158fd	16	8559989	8939007	302	-0.0703
69a7a17a-01f5-4c6c-b4de-b6c5b06158fd	16	8939107	9124844	98	-0.2575
69a7a17a-01f5-4c6c-b4de-b6c5b06158fd	16	9125030	15031584	4583	0.007
69a7a17a-01f5-4c6c-b4de-b6c5b06158fd	16	15033033	16202055	580	-0.1565
69a7a17a-01f5-4c6c-b4de-b6c5b06158fd	16	16236633	21348993	2636	-0.0075
69a7a17a-01f5-4c6c-b4de-b6c5b06158fd	16	21349109	21582313	30	-0.4395
69a7a17a-01f5-4c6c-b4de-b6c5b06158fd	16	21584992	21750145	100	-0.0806
69a7a17a-01f5-4c6c-b4de-b6c5b06158fd	16	21763785	21806139	6	-0.9335
69a7a17a-01f5-4c6c-b4de-b6c5b06158fd	16	21806614	22410000	247	-0.1335
69a7a17a-01f5-4c6c-b4de-b6c5b06158fd	16	22412350	22693199	79	-0.4887
69a7a17a-01f5-4c6c-b4de-b6c5b06158fd	16	22699421	25410971	1755	-0.0078
69a7a17a-01f5-4c6c-b4de-b6c5b06158fd	16	25411623	27031082	1363	0.0531
69a7a17a-01f5-4c6c-b4de-b6c5b06158fd	16	27032723	28538187	895	-0.0194
69a7a17a-01f5-4c6c-b4de-b6c5b06158fd	16	28542752	28941686	85	-0.2391
69a7a17a-01f5-4c6c-b4de-b6c5b06158fd	16	28946107	29261283	110	-0.0467
69a7a17a-01f5-4c6c-b4de-b6c5b06158fd	16	29265473	29269734	5	-1.6029
69a7a17a-01f5-4c6c-b4de-b6c5b06158fd	16	29270444	30551357	321	-0.12
69a7a17a-01f5-4c6c-b4de-b6c5b06158fd	16	30553205	55762682	7559	0.0281
69a7a17a-01f5-4c6c-b4de-b6c5b06158fd	16	55764310	55764867	3	3.3555
69a7a17a-01f5-4c6c-b4de-b6c5b06158fd	16	55770436	55788532	15	0.6571
69a7a17a-01f5-4c6c-b4de-b6c5b06158fd	16	55808442	67305232	7494	0.0284
69a7a17a-01f5-4c6c-b4de-b6c5b06158fd	16	67309603	75978506	4481	-0.0037
69a7a17a-01f5-4c6c-b4de-b6c5b06158fd	16	75978519	80942306	5367	0.0367
69a7a17a-01f5-4c6c-b4de-b6c5b06158fd	16	80942324	80952649	8	-0.8271
69a7a17a-01f5-4c6c-b4de-b6c5b06158fd	16	80952704	83790906	3117	0.0259
69a7a17a-01f5-4c6c-b4de-b6c5b06158fd	16	83792029	84942254	1012	-0.0698
69a7a17a-01f5-4c6c-b4de-b6c5b06158fd	16	84944391	90096867	3438	0.002
69a7a17a-01f5-4c6c-b4de-b6c5b06158fd	17	150733	507823	165	-0.0191
69a7a17a-01f5-4c6c-b4de-b6c5b06158fd	17	508129	1042324	317	-0.1581
69a7a17a-01f5-4c6c-b4de-b6c5b06158fd	17	1047718	4471289	1879	-0.005
69a7a17a-01f5-4c6c-b4de-b6c5b06158fd	17	4471794	4471807	2	-1.6417
69a7a17a-01f5-4c6c-b4de-b6c5b06158fd	17	4472278	6197464	997	0.0163
69a7a17a-01f5-4c6c-b4de-b6c5b06158fd	17	6197476	6197491	2	-2.5222
69a7a17a-01f5-4c6c-b4de-b6c5b06158fd	17	6197723	18455632	8037	0.0169
69a7a17a-01f5-4c6c-b4de-b6c5b06158fd	17	18455635	18561272	24	0.7615
69a7a17a-01f5-4c6c-b4de-b6c5b06158fd	17	18561907	30785499	3244	-0.0154
69a7a17a-01f5-4c6c-b4de-b6c5b06158fd	17	30793314	30822475	14	-0.6226
69a7a17a-01f5-4c6c-b4de-b6c5b06158fd	17	30823019	32983016	1084	-0.0301
69a7a17a-01f5-4c6c-b4de-b6c5b06158fd	17	32984659	34865766	1775	0.0508
69a7a17a-01f5-4c6c-b4de-b6c5b06158fd	17	34866244	41273921	3301	-0.0164
69a7a17a-01f5-4c6c-b4de-b6c5b06158fd	17	41273934	41274198	2	-1.933
69a7a17a-01f5-4c6c-b4de-b6c5b06158fd	17	41274279	46085732	2499	-0.0031
69a7a17a-01f5-4c6c-b4de-b6c5b06158fd	17	46088437	46710828	137	-0.3014
69a7a17a-01f5-4c6c-b4de-b6c5b06158fd	17	46711919	83091923	21569	0.0043
69a7a17a-01f5-4c6c-b4de-b6c5b06158fd	18	48133	66095064	40374	0.0225
69a7a17a-01f5-4c6c-b4de-b6c5b06158fd	18	66099904	66100052	2	-1.8588
69a7a17a-01f5-4c6c-b4de-b6c5b06158fd	18	66100686	67292086	773	0.0298
69a7a17a-01f5-4c6c-b4de-b6c5b06158fd	18	67292135	67300028	18	-0.7686
69a7a17a-01f5-4c6c-b4de-b6c5b06158fd	18	67300481	71393658	2996	0.0354
69a7a17a-01f5-4c6c-b4de-b6c5b06158fd	18	71394695	73752654	1895	0.115
69a7a17a-01f5-4c6c-b4de-b6c5b06158fd	18	73754326	80257174	4699	0.0149
69a7a17a-01f5-4c6c-b4de-b6c5b06158fd	19	90910	21767535	9669	-0.0047
69a7a17a-01f5-4c6c-b4de-b6c5b06158fd	19	21767806	32249101	5040	0.0406
69a7a17a-01f5-4c6c-b4de-b6c5b06158fd	19	32250292	35365693	2011	-0.0052
69a7a17a-01f5-4c6c-b4de-b6c5b06158fd	19	35365759	35370877	12	0.5906
69a7a17a-01f5-4c6c-b4de-b6c5b06158fd	19	35370946	36355779	446	0.021
69a7a17a-01f5-4c6c-b4de-b6c5b06158fd	19	36355827	36356596	6	-0.992
69a7a17a-01f5-4c6c-b4de-b6c5b06158fd	19	36356735	42739518	3219	-0.0042
69a7a17a-01f5-4c6c-b4de-b6c5b06158fd	19	42743373	42858500	42	0.535
69a7a17a-01f5-4c6c-b4de-b6c5b06158fd	19	42864783	43193181	153	-0.0231
69a7a17a-01f5-4c6c-b4de-b6c5b06158fd	19	43198881	43252085	22	-0.9515
69a7a17a-01f5-4c6c-b4de-b6c5b06158fd	19	43262507	47898902	2298	0.0021
69a7a17a-01f5-4c6c-b4de-b6c5b06158fd	19	47898928	47960126	5	-1.0569
69a7a17a-01f5-4c6c-b4de-b6c5b06158fd	19	47960688	51639362	1848	-0.0008
69a7a17a-01f5-4c6c-b4de-b6c5b06158fd	19	51639677	51644328	6	-0.9704
69a7a17a-01f5-4c6c-b4de-b6c5b06158fd	19	51644364	52079583	290	-0.0081
69a7a17a-01f5-4c6c-b4de-b6c5b06158fd	19	52082589	52087388	7	-0.7649
69a7a17a-01f5-4c6c-b4de-b6c5b06158fd	19	52087898	53401199	929	0.0002
69a7a17a-01f5-4c6c-b4de-b6c5b06158fd	19	53401212	53847513	324	-0.1669
69a7a17a-01f5-4c6c-b4de-b6c5b06158fd	19	53847931	54194014	155	0.0714
69a7a17a-01f5-4c6c-b4de-b6c5b06158fd	19	54194272	54438585	121	-0.2163
69a7a17a-01f5-4c6c-b4de-b6c5b06158fd	19	54439020	54815158	214	0.0492
69a7a17a-01f5-4c6c-b4de-b6c5b06158fd	19	54819199	54854175	17	-0.5005
69a7a17a-01f5-4c6c-b4de-b6c5b06158fd	19	54856748	55981866	651	-0.0101
69a7a17a-01f5-4c6c-b4de-b6c5b06158fd	19	55983081	55992324	12	-0.5733
69a7a17a-01f5-4c6c-b4de-b6c5b06158fd	19	55994810	58586487	1619	0.023
69a7a17a-01f5-4c6c-b4de-b6c5b06158fd	20	80664	1571811	1183	-0.0205
69a7a17a-01f5-4c6c-b4de-b6c5b06158fd	20	1576544	1580353	21	-0.7579
69a7a17a-01f5-4c6c-b4de-b6c5b06158fd	20	1580934	5167951	2639	-0.0147
69a7a17a-01f5-4c6c-b4de-b6c5b06158fd	20	5170254	5170468	2	-1.5526
69a7a17a-01f5-4c6c-b4de-b6c5b06158fd	20	5172576	5507444	244	0.0319
69a7a17a-01f5-4c6c-b4de-b6c5b06158fd	20	5512977	5756393	154	-0.1999
69a7a17a-01f5-4c6c-b4de-b6c5b06158fd	20	5762636	31407714	15912	0.0298
69a7a17a-01f5-4c6c-b4de-b6c5b06158fd	20	31409245	39148790	4064	-0.004
69a7a17a-01f5-4c6c-b4de-b6c5b06158fd	20	39149308	42610634	2576	0.0366
69a7a17a-01f5-4c6c-b4de-b6c5b06158fd	20	42611205	42644200	60	-0.8501
69a7a17a-01f5-4c6c-b4de-b6c5b06158fd	20	42644222	49694761	4926	0.0247
69a7a17a-01f5-4c6c-b4de-b6c5b06158fd	20	49698840	50182546	248	-0.1123
69a7a17a-01f5-4c6c-b4de-b6c5b06158fd	20	50186081	54402994	3241	0.0035
69a7a17a-01f5-4c6c-b4de-b6c5b06158fd	20	54403793	61940923	6127	0.0426
69a7a17a-01f5-4c6c-b4de-b6c5b06158fd	20	61940967	64324800	998	-0.0083
69a7a17a-01f5-4c6c-b4de-b6c5b06158fd	21	10354168	10559033	53	-0.3917
69a7a17a-01f5-4c6c-b4de-b6c5b06158fd	21	10568903	18683769	3496	0.0205
69a7a17a-01f5-4c6c-b4de-b6c5b06158fd	21	18685360	18708616	27	1.01
69a7a17a-01f5-4c6c-b4de-b6c5b06158fd	21	18709557	36112582	12881	0.0309
69a7a17a-01f5-4c6c-b4de-b6c5b06158fd	21	36112644	36534711	252	-0.1151
69a7a17a-01f5-4c6c-b4de-b6c5b06158fd	21	36535013	44376578	5832	0.0277
69a7a17a-01f5-4c6c-b4de-b6c5b06158fd	21	44378678	44458597	24	-0.4433
69a7a17a-01f5-4c6c-b4de-b6c5b06158fd	21	44459383	44935481	305	0.0281
69a7a17a-01f5-4c6c-b4de-b6c5b06158fd	21	44937580	44940722	2	-1.226
69a7a17a-01f5-4c6c-b4de-b6c5b06158fd	21	44941513	46144998	661	0.045
69a7a17a-01f5-4c6c-b4de-b6c5b06158fd	21	46152583	46486207	173	-0.1327
69a7a17a-01f5-4c6c-b4de-b6c5b06158fd	21	46487065	46677045	167	0.0409
69a7a17a-01f5-4c6c-b4de-b6c5b06158fd	22	15294547	18547989	1133	0.0052
69a7a17a-01f5-4c6c-b4de-b6c5b06158fd	22	18620743	18822597	8	1.2154
69a7a17a-01f5-4c6c-b4de-b6c5b06158fd	22	18917479	21751261	1668	-0.0903
69a7a17a-01f5-4c6c-b4de-b6c5b06158fd	22	21751293	23987520	1585	-0.0247
69a7a17a-01f5-4c6c-b4de-b6c5b06158fd	22	23988078	23990739	4	1.1442
69a7a17a-01f5-4c6c-b4de-b6c5b06158fd	22	23995113	25263162	814	-0.0016
69a7a17a-01f5-4c6c-b4de-b6c5b06158fd	22	25265409	25522742	287	0.507
69a7a17a-01f5-4c6c-b4de-b6c5b06158fd	22	25526375	38135689	9289	0.0174
69a7a17a-01f5-4c6c-b4de-b6c5b06158fd	22	38135745	38147446	14	-0.6608
69a7a17a-01f5-4c6c-b4de-b6c5b06158fd	22	38148126	49693689	7996	0.011
69a7a17a-01f5-4c6c-b4de-b6c5b06158fd	22	49694314	50682961	425	-0.1103
69a7a17a-01f5-4c6c-b4de-b6c5b06158fd	22	50689489	50796027	54	0.0519
69a7a17a-01f5-4c6c-b4de-b6c5b06158fd	X	251810	3777217	806	-0.0819
69a7a17a-01f5-4c6c-b4de-b6c5b06158fd	X	4017039	19411501	10895	0.019
69a7a17a-01f5-4c6c-b4de-b6c5b06158fd	X	19413410	19518502	66	-0.2486
69a7a17a-01f5-4c6c-b4de-b6c5b06158fd	X	19519040	47949907	17184	0.0327
69a7a17a-01f5-4c6c-b4de-b6c5b06158fd	X	47953919	90043970	17704	0.0011
69a7a17a-01f5-4c6c-b4de-b6c5b06158fd	X	90044152	135615501	24677	0.0188
69a7a17a-01f5-4c6c-b4de-b6c5b06158fd	X	135619994	135675713	35	0.5977
69a7a17a-01f5-4c6c-b4de-b6c5b06158fd	X	135675935	135735221	27	1.0918
69a7a17a-01f5-4c6c-b4de-b6c5b06158fd	X	135735249	135746479	18	0.4896
69a7a17a-01f5-4c6c-b4de-b6c5b06158fd	X	135746661	149803246	9046	0.0284
69a7a17a-01f5-4c6c-b4de-b6c5b06158fd	X	149803608	149803773	4	1.1215
69a7a17a-01f5-4c6c-b4de-b6c5b06158fd	X	149804895	155554665	3102	0.0095
69a7a17a-01f5-4c6c-b4de-b6c5b06158fd	X	155556117	155559990	7	-1.2501
69a7a17a-01f5-4c6c-b4de-b6c5b06158fd	X	155574222	155952689	90	-0.0462
69a7a17a-01f5-4c6c-b4de-b6c5b06158fd	Y	2782397	7713689	1308	-2.9779
69a7a17a-01f5-4c6c-b4de-b6c5b06158fd	Y	7714603	9330531	917	-3.4238
69a7a17a-01f5-4c6c-b4de-b6c5b06158fd	Y	9332936	9554275	25	-5.213
69a7a17a-01f5-4c6c-b4de-b6c5b06158fd	Y	9554586	12912709	760	-3.0618
69a7a17a-01f5-4c6c-b4de-b6c5b06158fd	Y	12914512	12918905	5	-6.4225
69a7a17a-01f5-4c6c-b4de-b6c5b06158fd	Y	12920376	13478396	246	-3.0472
69a7a17a-01f5-4c6c-b4de-b6c5b06158fd	Y	13478462	13482643	3	-7.7784
69a7a17a-01f5-4c6c-b4de-b6c5b06158fd	Y	13483009	56872112	3369	-3.1944
