GDC_Aliquot	Chromosome	Start	End	Num_Probes	Segment_Mean
e44fc43f-4411-44b3-b218-f0227617c1ee	1	62920	16525019	8639	0.0009
e44fc43f-4411-44b3-b218-f0227617c1ee	1	16542868	16766922	45	-0.4388
e44fc43f-4411-44b3-b218-f0227617c1ee	1	16767520	16863509	13	0.1236
e44fc43f-4411-44b3-b218-f0227617c1ee	1	16864367	16935752	54	0.3882
e44fc43f-4411-44b3-b218-f0227617c1ee	1	16949746	25256850	5260	-0.0038
e44fc43f-4411-44b3-b218-f0227617c1ee	1	25266637	25319167	20	0.4351
e44fc43f-4411-44b3-b218-f0227617c1ee	1	25319693	47599666	12146	0.0022
e44fc43f-4411-44b3-b218-f0227617c1ee	1	47605484	47605505	2	-2.3841
e44fc43f-4411-44b3-b218-f0227617c1ee	1	47605676	72284670	16558	0.0007
e44fc43f-4411-44b3-b218-f0227617c1ee	1	72290430	72297687	9	-1.0865
e44fc43f-4411-44b3-b218-f0227617c1ee	1	72302735	72343689	41	1.4485
e44fc43f-4411-44b3-b218-f0227617c1ee	1	72343748	75585159	1934	0.0066
e44fc43f-4411-44b3-b218-f0227617c1ee	1	75589078	75589169	2	-2.1988
e44fc43f-4411-44b3-b218-f0227617c1ee	1	75593824	109690352	21655	-0.0011
e44fc43f-4411-44b3-b218-f0227617c1ee	1	109690431	109697556	11	1.2588
e44fc43f-4411-44b3-b218-f0227617c1ee	1	109702376	152787202	9777	-0.0028
e44fc43f-4411-44b3-b218-f0227617c1ee	1	152789447	152795783	32	-0.5477
e44fc43f-4411-44b3-b218-f0227617c1ee	1	152795805	179354603	17884	-0.0001
e44fc43f-4411-44b3-b218-f0227617c1ee	1	179361393	179362247	2	-2.2457
e44fc43f-4411-44b3-b218-f0227617c1ee	1	179364180	179640923	177	-0.0246
e44fc43f-4411-44b3-b218-f0227617c1ee	1	179652797	179652946	2	-1.5334
e44fc43f-4411-44b3-b218-f0227617c1ee	1	179654109	182806749	2180	0.0028
e44fc43f-4411-44b3-b218-f0227617c1ee	1	182808270	182811915	5	-1.1894
e44fc43f-4411-44b3-b218-f0227617c1ee	1	182814759	196745743	9192	0.0014
e44fc43f-4411-44b3-b218-f0227617c1ee	1	196758720	196830375	54	0.3777
e44fc43f-4411-44b3-b218-f0227617c1ee	1	196832298	209897717	8789	-0.0022
e44fc43f-4411-44b3-b218-f0227617c1ee	1	209908268	209908720	2	-1.9426
e44fc43f-4411-44b3-b218-f0227617c1ee	1	209910639	212831776	1946	0.0116
e44fc43f-4411-44b3-b218-f0227617c1ee	1	212831791	212833055	4	-1.2018
e44fc43f-4411-44b3-b218-f0227617c1ee	1	212837094	248930189	25061	0.0004
e44fc43f-4411-44b3-b218-f0227617c1ee	2	12784	4168879	2993	0.0017
e44fc43f-4411-44b3-b218-f0227617c1ee	2	4169315	4174231	22	-0.7212
e44fc43f-4411-44b3-b218-f0227617c1ee	2	4174418	34474248	21055	0.0056
e44fc43f-4411-44b3-b218-f0227617c1ee	2	34476327	34511990	45	-0.3242
e44fc43f-4411-44b3-b218-f0227617c1ee	2	34512096	35750907	869	0.0099
e44fc43f-4411-44b3-b218-f0227617c1ee	2	35752724	35762881	7	1.1084
e44fc43f-4411-44b3-b218-f0227617c1ee	2	35772407	41011095	3921	0.0046
e44fc43f-4411-44b3-b218-f0227617c1ee	2	41011303	41018747	22	-0.7349
e44fc43f-4411-44b3-b218-f0227617c1ee	2	41024093	50748690	6970	0.0134
e44fc43f-4411-44b3-b218-f0227617c1ee	2	50749033	50749714	6	-0.6883
e44fc43f-4411-44b3-b218-f0227617c1ee	2	50750841	51133337	258	0.0101
e44fc43f-4411-44b3-b218-f0227617c1ee	2	51136217	51136261	3	-2.3125
e44fc43f-4411-44b3-b218-f0227617c1ee	2	51143323	52527330	940	0.0045
e44fc43f-4411-44b3-b218-f0227617c1ee	2	52527342	52554404	39	0.5249
e44fc43f-4411-44b3-b218-f0227617c1ee	2	52560811	56461913	2858	0.0071
e44fc43f-4411-44b3-b218-f0227617c1ee	2	56462599	56467942	3	1.0411
e44fc43f-4411-44b3-b218-f0227617c1ee	2	56468462	66927524	6460	0.0069
e44fc43f-4411-44b3-b218-f0227617c1ee	2	66930028	66931184	2	-1.2067
e44fc43f-4411-44b3-b218-f0227617c1ee	2	66931923	78473831	7429	0.0052
e44fc43f-4411-44b3-b218-f0227617c1ee	2	78474950	78492107	12	-1.0858
e44fc43f-4411-44b3-b218-f0227617c1ee	2	78494555	97359885	7063	0.0066
e44fc43f-4411-44b3-b218-f0227617c1ee	2	97524284	97624729	25	-0.5699
e44fc43f-4411-44b3-b218-f0227617c1ee	2	97627711	106258266	5549	0.0083
e44fc43f-4411-44b3-b218-f0227617c1ee	2	106263639	106270799	13	0.5369
e44fc43f-4411-44b3-b218-f0227617c1ee	2	106270952	146104517	23806	0.008
e44fc43f-4411-44b3-b218-f0227617c1ee	2	146106836	146109366	24	-2.0424
e44fc43f-4411-44b3-b218-f0227617c1ee	2	146120238	172119281	15663	0.0113
e44fc43f-4411-44b3-b218-f0227617c1ee	2	172119631	172121848	2	-2.3325
e44fc43f-4411-44b3-b218-f0227617c1ee	2	172127288	207486030	21269	0.0032
e44fc43f-4411-44b3-b218-f0227617c1ee	2	207490188	207490994	6	-0.6011
e44fc43f-4411-44b3-b218-f0227617c1ee	2	207491028	207491392	5	-1.1506
e44fc43f-4411-44b3-b218-f0227617c1ee	2	207493563	207495072	11	-0.5258
e44fc43f-4411-44b3-b218-f0227617c1ee	2	207495422	242147305	22064	0.0052
e44fc43f-4411-44b3-b218-f0227617c1ee	3	20930	182919	153	0.0016
e44fc43f-4411-44b3-b218-f0227617c1ee	3	188339	191117	4	0.9993
e44fc43f-4411-44b3-b218-f0227617c1ee	3	193194	37940970	27456	0.0003
e44fc43f-4411-44b3-b218-f0227617c1ee	3	37941181	37945437	16	-0.9312
e44fc43f-4411-44b3-b218-f0227617c1ee	3	37945615	46751887	5531	-0.0015
e44fc43f-4411-44b3-b218-f0227617c1ee	3	46760327	46817989	41	-0.8525
e44fc43f-4411-44b3-b218-f0227617c1ee	3	46818342	52989195	2491	0.002
e44fc43f-4411-44b3-b218-f0227617c1ee	3	52994359	53007838	48	-0.6218
e44fc43f-4411-44b3-b218-f0227617c1ee	3	53007869	65202778	9541	0.0055
e44fc43f-4411-44b3-b218-f0227617c1ee	3	65203560	65224777	52	-0.4799
e44fc43f-4411-44b3-b218-f0227617c1ee	3	65230674	84649839	12344	0
e44fc43f-4411-44b3-b218-f0227617c1ee	3	84650033	84653010	16	-0.6703
e44fc43f-4411-44b3-b218-f0227617c1ee	3	84653084	99218940	5979	0.0041
e44fc43f-4411-44b3-b218-f0227617c1ee	3	99225614	99230464	36	-0.7939
e44fc43f-4411-44b3-b218-f0227617c1ee	3	99230470	103248705	2234	0.0088
e44fc43f-4411-44b3-b218-f0227617c1ee	3	103248960	103250477	2	-1.2087
e44fc43f-4411-44b3-b218-f0227617c1ee	3	103253860	103271406	16	-0.0233
e44fc43f-4411-44b3-b218-f0227617c1ee	3	103272420	103273767	2	-1.4204
e44fc43f-4411-44b3-b218-f0227617c1ee	3	103273801	130044855	16447	-0.0015
e44fc43f-4411-44b3-b218-f0227617c1ee	3	130047743	130087393	37	0.4095
e44fc43f-4411-44b3-b218-f0227617c1ee	3	130088081	149245189	11904	0.006
e44fc43f-4411-44b3-b218-f0227617c1ee	3	149245608	149250334	25	-0.8488
e44fc43f-4411-44b3-b218-f0227617c1ee	3	149253293	162807070	8341	0
e44fc43f-4411-44b3-b218-f0227617c1ee	3	162810842	162822702	10	-1.0921
e44fc43f-4411-44b3-b218-f0227617c1ee	3	162827928	162996729	120	-0.1165
e44fc43f-4411-44b3-b218-f0227617c1ee	3	162999939	163001774	2	-2.7103
e44fc43f-4411-44b3-b218-f0227617c1ee	3	163008371	189642965	16577	0.0021
e44fc43f-4411-44b3-b218-f0227617c1ee	3	189645889	189646849	11	-0.775
e44fc43f-4411-44b3-b218-f0227617c1ee	3	189653199	193160173	2489	-0.0005
e44fc43f-4411-44b3-b218-f0227617c1ee	3	193160256	193161217	5	1.5284
e44fc43f-4411-44b3-b218-f0227617c1ee	3	193162684	195558822	1496	-0.0057
e44fc43f-4411-44b3-b218-f0227617c1ee	3	195559056	195747892	45	-0.6013
e44fc43f-4411-44b3-b218-f0227617c1ee	3	195751823	198169247	1163	-0.0279
e44fc43f-4411-44b3-b218-f0227617c1ee	4	68929	34777432	22693	0.0001
e44fc43f-4411-44b3-b218-f0227617c1ee	4	34784878	34823103	38	-0.6565
e44fc43f-4411-44b3-b218-f0227617c1ee	4	34828250	68395346	19431	0.0057
e44fc43f-4411-44b3-b218-f0227617c1ee	4	68416487	68422424	5	-1.3138
e44fc43f-4411-44b3-b218-f0227617c1ee	4	68429081	69523998	556	0.0302
e44fc43f-4411-44b3-b218-f0227617c1ee	4	69524143	69525061	2	-2.3795
e44fc43f-4411-44b3-b218-f0227617c1ee	4	69526170	190106768	74333	0.0008
e44fc43f-4411-44b3-b218-f0227617c1ee	5	15532	670630	300	-0.0544
e44fc43f-4411-44b3-b218-f0227617c1ee	5	676334	773453	33	-0.3948
e44fc43f-4411-44b3-b218-f0227617c1ee	5	779766	896700	38	-0.0054
e44fc43f-4411-44b3-b218-f0227617c1ee	5	905586	908425	3	-1.2813
e44fc43f-4411-44b3-b218-f0227617c1ee	5	913276	58025819	35347	-0.0005
e44fc43f-4411-44b3-b218-f0227617c1ee	5	58030200	58037706	32	1.1891
e44fc43f-4411-44b3-b218-f0227617c1ee	5	58042530	104515520	26811	0.0025
e44fc43f-4411-44b3-b218-f0227617c1ee	5	104524672	104524903	4	-1.9542
e44fc43f-4411-44b3-b218-f0227617c1ee	5	104525348	156048089	33411	0.0027
e44fc43f-4411-44b3-b218-f0227617c1ee	5	156048092	156055719	17	-0.4274
e44fc43f-4411-44b3-b218-f0227617c1ee	5	156068240	156155758	61	-0.014
e44fc43f-4411-44b3-b218-f0227617c1ee	5	156156127	156162642	2	-1.1791
e44fc43f-4411-44b3-b218-f0227617c1ee	5	156163274	157476115	891	-0.0023
e44fc43f-4411-44b3-b218-f0227617c1ee	5	157477242	157492435	11	-0.5775
e44fc43f-4411-44b3-b218-f0227617c1ee	5	157492798	167222025	6468	-0.0022
e44fc43f-4411-44b3-b218-f0227617c1ee	5	167223313	167232823	3	-0.9823
e44fc43f-4411-44b3-b218-f0227617c1ee	5	167235585	177739139	7349	0.0019
e44fc43f-4411-44b3-b218-f0227617c1ee	5	177740962	177897736	16	0.3874
e44fc43f-4411-44b3-b218-f0227617c1ee	5	177926412	180951710	1787	-0.0005
e44fc43f-4411-44b3-b218-f0227617c1ee	5	180951888	181006225	19	0.3545
e44fc43f-4411-44b3-b218-f0227617c1ee	5	181006264	181363319	168	-0.04
e44fc43f-4411-44b3-b218-f0227617c1ee	6	149661	254283	101	-0.0294
e44fc43f-4411-44b3-b218-f0227617c1ee	6	257353	303121	26	-0.8374
e44fc43f-4411-44b3-b218-f0227617c1ee	6	314962	366333	67	-0.1964
e44fc43f-4411-44b3-b218-f0227617c1ee	6	373453	2701830	1924	-0.0013
e44fc43f-4411-44b3-b218-f0227617c1ee	6	2701887	2701901	2	-1.3557
e44fc43f-4411-44b3-b218-f0227617c1ee	6	2704200	29869411	19518	-0.0008
e44fc43f-4411-44b3-b218-f0227617c1ee	6	29869537	29869681	2	-2.6196
e44fc43f-4411-44b3-b218-f0227617c1ee	6	29869700	29876257	6	-0.1224
e44fc43f-4411-44b3-b218-f0227617c1ee	6	29876595	29881490	6	-1.2801
e44fc43f-4411-44b3-b218-f0227617c1ee	6	29882419	32507164	1179	0.0086
e44fc43f-4411-44b3-b218-f0227617c1ee	6	32510338	32605994	24	-0.4796
e44fc43f-4411-44b3-b218-f0227617c1ee	6	32606237	32641650	25	-0.0409
e44fc43f-4411-44b3-b218-f0227617c1ee	6	32656527	32658841	6	-1.4087
e44fc43f-4411-44b3-b218-f0227617c1ee	6	32682835	78252522	26851	0.0008
e44fc43f-4411-44b3-b218-f0227617c1ee	6	78252576	78325468	117	0.2598
e44fc43f-4411-44b3-b218-f0227617c1ee	6	78329517	85992372	4811	-0.0019
e44fc43f-4411-44b3-b218-f0227617c1ee	6	85995537	85996204	3	-0.9609
e44fc43f-4411-44b3-b218-f0227617c1ee	6	85998530	86364226	192	-0.0007
e44fc43f-4411-44b3-b218-f0227617c1ee	6	86364520	86372433	6	-0.7299
e44fc43f-4411-44b3-b218-f0227617c1ee	6	86373855	103286954	10446	0.0009
e44fc43f-4411-44b3-b218-f0227617c1ee	6	103290101	103314186	46	-1.4589
e44fc43f-4411-44b3-b218-f0227617c1ee	6	103317795	133945130	19058	-0.0012
e44fc43f-4411-44b3-b218-f0227617c1ee	6	133947933	133948494	2	-2.2316
e44fc43f-4411-44b3-b218-f0227617c1ee	6	133950934	135014291	722	-0.0204
e44fc43f-4411-44b3-b218-f0227617c1ee	6	135021116	135022100	2	-1.6185
e44fc43f-4411-44b3-b218-f0227617c1ee	6	135028432	170741917	24352	-0.001
e44fc43f-4411-44b3-b218-f0227617c1ee	7	43355	3078167	1164	0.0052
e44fc43f-4411-44b3-b218-f0227617c1ee	7	3078240	3078253	2	-1.2495
e44fc43f-4411-44b3-b218-f0227617c1ee	7	3078664	14687502	8668	0.0061
e44fc43f-4411-44b3-b218-f0227617c1ee	7	14691076	14696581	5	-0.8649
e44fc43f-4411-44b3-b218-f0227617c1ee	7	14696660	26092670	8971	-0.0013
e44fc43f-4411-44b3-b218-f0227617c1ee	7	26102772	26105793	4	-1.0218
e44fc43f-4411-44b3-b218-f0227617c1ee	7	26107599	70955452	25769	-0.0024
e44fc43f-4411-44b3-b218-f0227617c1ee	7	70958264	70961155	2	-2.9432
e44fc43f-4411-44b3-b218-f0227617c1ee	7	70963257	109793741	22288	0.0008
e44fc43f-4411-44b3-b218-f0227617c1ee	7	109797035	109813853	35	-0.4445
e44fc43f-4411-44b3-b218-f0227617c1ee	7	109813925	126404920	10019	0.0001
e44fc43f-4411-44b3-b218-f0227617c1ee	7	126405428	126406822	13	-1.2113
e44fc43f-4411-44b3-b218-f0227617c1ee	7	126406823	154598185	17581	0.002
e44fc43f-4411-44b3-b218-f0227617c1ee	7	154601461	154607903	4	-1.7226
e44fc43f-4411-44b3-b218-f0227617c1ee	7	154609120	155173682	571	-0.0091
e44fc43f-4411-44b3-b218-f0227617c1ee	7	155174804	155175417	13	-0.4424
e44fc43f-4411-44b3-b218-f0227617c1ee	7	155176820	155671335	332	0.0059
e44fc43f-4411-44b3-b218-f0227617c1ee	7	155673169	155674244	2	1.2219
e44fc43f-4411-44b3-b218-f0227617c1ee	7	155676942	159334314	2317	-0.0136
e44fc43f-4411-44b3-b218-f0227617c1ee	8	81254	3919342	3348	0.01
e44fc43f-4411-44b3-b218-f0227617c1ee	8	3926665	3932584	25	-0.5799
e44fc43f-4411-44b3-b218-f0227617c1ee	8	3933696	8085660	4405	0.0173
e44fc43f-4411-44b3-b218-f0227617c1ee	8	8101440	8214781	12	-0.7817
e44fc43f-4411-44b3-b218-f0227617c1ee	8	8234503	13666308	4214	0.0004
e44fc43f-4411-44b3-b218-f0227617c1ee	8	13666889	13679859	24	-1.0292
e44fc43f-4411-44b3-b218-f0227617c1ee	8	13682337	13745967	77	0.0142
e44fc43f-4411-44b3-b218-f0227617c1ee	8	13752159	13752181	2	-1.2119
e44fc43f-4411-44b3-b218-f0227617c1ee	8	13752255	14427181	674	0.0007
e44fc43f-4411-44b3-b218-f0227617c1ee	8	14427702	14428681	2	-1.3744
e44fc43f-4411-44b3-b218-f0227617c1ee	8	14428696	18476480	3643	-0.0009
e44fc43f-4411-44b3-b218-f0227617c1ee	8	18479367	18499887	16	-1.0131
e44fc43f-4411-44b3-b218-f0227617c1ee	8	18502033	23544795	3871	-0.0063
e44fc43f-4411-44b3-b218-f0227617c1ee	8	23550227	23550298	4	-0.8237
e44fc43f-4411-44b3-b218-f0227617c1ee	8	23550358	25117062	1144	-0.0054
e44fc43f-4411-44b3-b218-f0227617c1ee	8	25117985	25122457	16	0.7675
e44fc43f-4411-44b3-b218-f0227617c1ee	8	25122472	39373140	9015	0.0007
e44fc43f-4411-44b3-b218-f0227617c1ee	8	39378084	39530780	60	0.4466
e44fc43f-4411-44b3-b218-f0227617c1ee	8	39531260	40914477	1072	0.0014
e44fc43f-4411-44b3-b218-f0227617c1ee	8	40920333	40920952	2	-2.0989
e44fc43f-4411-44b3-b218-f0227617c1ee	8	40926161	108767560	39532	-0.0001
e44fc43f-4411-44b3-b218-f0227617c1ee	8	108768359	108768599	3	-1.0739
e44fc43f-4411-44b3-b218-f0227617c1ee	8	108774669	111279265	1359	0.0033
e44fc43f-4411-44b3-b218-f0227617c1ee	8	111282050	111283016	8	-1.4348
e44fc43f-4411-44b3-b218-f0227617c1ee	8	111283031	114622325	1824	-0.0018
e44fc43f-4411-44b3-b218-f0227617c1ee	8	114622424	114638468	34	-0.5219
e44fc43f-4411-44b3-b218-f0227617c1ee	8	114638558	145072769	21056	0.0016
e44fc43f-4411-44b3-b218-f0227617c1ee	9	46587	12141524	11352	0.0005
e44fc43f-4411-44b3-b218-f0227617c1ee	9	12144717	12147460	6	-1.17
e44fc43f-4411-44b3-b218-f0227617c1ee	9	12148057	14286783	1707	-0.0068
e44fc43f-4411-44b3-b218-f0227617c1ee	9	14290783	14290979	3	-1.2982
e44fc43f-4411-44b3-b218-f0227617c1ee	9	14291988	39481840	18065	0.0027
e44fc43f-4411-44b3-b218-f0227617c1ee	9	39481863	39547299	12	-0.5233
e44fc43f-4411-44b3-b218-f0227617c1ee	9	39547492	40099921	10	0.5402
e44fc43f-4411-44b3-b218-f0227617c1ee	9	40189830	41533430	69	-0.0967
e44fc43f-4411-44b3-b218-f0227617c1ee	9	41569585	41659472	22	0.3181
e44fc43f-4411-44b3-b218-f0227617c1ee	9	41666811	63590317	168	-0.0385
e44fc43f-4411-44b3-b218-f0227617c1ee	9	63590319	63592813	6	-0.913
e44fc43f-4411-44b3-b218-f0227617c1ee	9	63614182	103481784	24673	-0.0013
e44fc43f-4411-44b3-b218-f0227617c1ee	9	103481894	103491176	4	-1.2757
e44fc43f-4411-44b3-b218-f0227617c1ee	9	103493403	103804216	230	0.017
e44fc43f-4411-44b3-b218-f0227617c1ee	9	103806415	103807009	2	-2.5187
e44fc43f-4411-44b3-b218-f0227617c1ee	9	103808421	138200944	23096	-0.0004
e44fc43f-4411-44b3-b218-f0227617c1ee	10	45792	2030221	1464	0.0014
e44fc43f-4411-44b3-b218-f0227617c1ee	10	2030387	2030559	3	-1.2701
e44fc43f-4411-44b3-b218-f0227617c1ee	10	2031213	17885034	13367	-0.0005
e44fc43f-4411-44b3-b218-f0227617c1ee	10	17896194	17907840	2	-3.1524
e44fc43f-4411-44b3-b218-f0227617c1ee	10	17910884	24088746	4339	-0.0001
e44fc43f-4411-44b3-b218-f0227617c1ee	10	24088747	24089125	9	-2.4413
e44fc43f-4411-44b3-b218-f0227617c1ee	10	24089979	30957581	5012	-0.0016
e44fc43f-4411-44b3-b218-f0227617c1ee	10	30962405	30962809	10	-0.8577
e44fc43f-4411-44b3-b218-f0227617c1ee	10	30962850	65548193	20173	0.0018
e44fc43f-4411-44b3-b218-f0227617c1ee	10	65548259	65554672	24	-0.7707
e44fc43f-4411-44b3-b218-f0227617c1ee	10	65554688	90700170	16908	0.003
e44fc43f-4411-44b3-b218-f0227617c1ee	10	90702958	90703534	4	-0.991
e44fc43f-4411-44b3-b218-f0227617c1ee	10	90711823	109206993	11662	-0.0014
e44fc43f-4411-44b3-b218-f0227617c1ee	10	109207085	109207121	2	-2.8555
e44fc43f-4411-44b3-b218-f0227617c1ee	10	109208262	133654968	17617	0.0021
e44fc43f-4411-44b3-b218-f0227617c1ee	11	198510	5768371	3234	0.007
e44fc43f-4411-44b3-b218-f0227617c1ee	11	5768495	5768511	2	-1.4417
e44fc43f-4411-44b3-b218-f0227617c1ee	11	5768639	5788231	29	0.3244
e44fc43f-4411-44b3-b218-f0227617c1ee	11	5791130	21825348	12035	0.0007
e44fc43f-4411-44b3-b218-f0227617c1ee	11	21825960	21827134	4	-1.1179
e44fc43f-4411-44b3-b218-f0227617c1ee	11	21827206	49705845	18406	0.0002
e44fc43f-4411-44b3-b218-f0227617c1ee	11	49706964	49737435	15	0.4409
e44fc43f-4411-44b3-b218-f0227617c1ee	11	49738003	50710522	348	-0.0232
e44fc43f-4411-44b3-b218-f0227617c1ee	11	50723208	50743116	2	-1.4951
e44fc43f-4411-44b3-b218-f0227617c1ee	11	50743447	55595864	378	-0.0234
e44fc43f-4411-44b3-b218-f0227617c1ee	11	55606556	55674842	48	-0.6652
e44fc43f-4411-44b3-b218-f0227617c1ee	11	55676735	101039277	27911	-0.0024
e44fc43f-4411-44b3-b218-f0227617c1ee	11	101039683	101039961	7	-0.7073
e44fc43f-4411-44b3-b218-f0227617c1ee	11	101041591	135074876	24341	-0.0007
e44fc43f-4411-44b3-b218-f0227617c1ee	12	51460	11064250	7226	-0.0059
e44fc43f-4411-44b3-b218-f0227617c1ee	12	11066824	11088933	11	0.7255
e44fc43f-4411-44b3-b218-f0227617c1ee	12	11099275	22264397	7572	0.0031
e44fc43f-4411-44b3-b218-f0227617c1ee	12	22264407	22267576	2	-1.3328
e44fc43f-4411-44b3-b218-f0227617c1ee	12	22267663	29181102	5021	-0.0004
e44fc43f-4411-44b3-b218-f0227617c1ee	12	29181116	29181205	3	-0.8744
e44fc43f-4411-44b3-b218-f0227617c1ee	12	29181219	31112123	1540	0.0032
e44fc43f-4411-44b3-b218-f0227617c1ee	12	31116364	31254189	88	0.4921
e44fc43f-4411-44b3-b218-f0227617c1ee	12	31256945	70478078	22073	-0.0028
e44fc43f-4411-44b3-b218-f0227617c1ee	12	70478895	70483970	5	-2.7217
e44fc43f-4411-44b3-b218-f0227617c1ee	12	70483985	70484247	4	-1.0233
e44fc43f-4411-44b3-b218-f0227617c1ee	12	70485605	83083696	8010	-0.0017
e44fc43f-4411-44b3-b218-f0227617c1ee	12	83084818	83084836	2	-1.7124
e44fc43f-4411-44b3-b218-f0227617c1ee	12	83086416	88322055	2977	-0.0023
e44fc43f-4411-44b3-b218-f0227617c1ee	12	88326719	88329192	2	-1.6086
e44fc43f-4411-44b3-b218-f0227617c1ee	12	88329573	99398036	7508	-0.0017
e44fc43f-4411-44b3-b218-f0227617c1ee	12	99401515	99404956	31	-1.5197
e44fc43f-4411-44b3-b218-f0227617c1ee	12	99409315	127745264	18720	-0.0014
e44fc43f-4411-44b3-b218-f0227617c1ee	12	127745652	127749375	7	-1.0909
e44fc43f-4411-44b3-b218-f0227617c1ee	12	127753842	133201603	3973	0.005
e44fc43f-4411-44b3-b218-f0227617c1ee	13	18452809	25397343	4609	-0.0083
e44fc43f-4411-44b3-b218-f0227617c1ee	13	25398342	25398358	2	-1.3705
e44fc43f-4411-44b3-b218-f0227617c1ee	13	25398673	37497899	8869	-0.0005
e44fc43f-4411-44b3-b218-f0227617c1ee	13	37498087	37510620	15	0.6245
e44fc43f-4411-44b3-b218-f0227617c1ee	13	37514193	38478674	701	0.013
e44fc43f-4411-44b3-b218-f0227617c1ee	13	38483435	38483919	2	-1.6658
e44fc43f-4411-44b3-b218-f0227617c1ee	13	38490920	48957415	7312	-0.0002
e44fc43f-4411-44b3-b218-f0227617c1ee	13	48959579	48962368	2	-2.7566
e44fc43f-4411-44b3-b218-f0227617c1ee	13	48963569	52520664	1869	-0.0025
e44fc43f-4411-44b3-b218-f0227617c1ee	13	52523849	52531650	3	-1.6908
e44fc43f-4411-44b3-b218-f0227617c1ee	13	52543744	57176962	2620	0.0056
e44fc43f-4411-44b3-b218-f0227617c1ee	13	57184136	57215580	35	0.2754
e44fc43f-4411-44b3-b218-f0227617c1ee	13	57215875	58010656	416	0.0246
e44fc43f-4411-44b3-b218-f0227617c1ee	13	58016147	58016945	2	-1.636
e44fc43f-4411-44b3-b218-f0227617c1ee	13	58016973	78177406	13048	-0.0023
e44fc43f-4411-44b3-b218-f0227617c1ee	13	78178534	78181466	2	-1.2571
e44fc43f-4411-44b3-b218-f0227617c1ee	13	78182183	84060458	3752	0.0057
e44fc43f-4411-44b3-b218-f0227617c1ee	13	84064922	84171608	62	-0.9026
e44fc43f-4411-44b3-b218-f0227617c1ee	13	84176279	114342922	20769	-0.0001
e44fc43f-4411-44b3-b218-f0227617c1ee	14	18239283	19689684	64	0.0193
e44fc43f-4411-44b3-b218-f0227617c1ee	14	19732024	19955213	103	0.5345
e44fc43f-4411-44b3-b218-f0227617c1ee	14	19956767	106321086	54908	-0.0009
e44fc43f-4411-44b3-b218-f0227617c1ee	14	106340102	106365807	11	0.873
e44fc43f-4411-44b3-b218-f0227617c1ee	14	106369985	106877229	270	0.0198
e44fc43f-4411-44b3-b218-f0227617c1ee	15	19811075	22227530	181	-0.092
e44fc43f-4411-44b3-b218-f0227617c1ee	15	22228782	22299523	25	-0.8657
e44fc43f-4411-44b3-b218-f0227617c1ee	15	22385639	24429740	995	-0.0184
e44fc43f-4411-44b3-b218-f0227617c1ee	15	24429986	24468278	24	-0.7175
e44fc43f-4411-44b3-b218-f0227617c1ee	15	24468475	30252720	3613	-0.0047
e44fc43f-4411-44b3-b218-f0227617c1ee	15	30253290	30259942	3	-1.2893
e44fc43f-4411-44b3-b218-f0227617c1ee	15	30269364	30997246	188	0.0064
e44fc43f-4411-44b3-b218-f0227617c1ee	15	30998178	31002248	3	-1.4956
e44fc43f-4411-44b3-b218-f0227617c1ee	15	31002451	34421922	2393	0.0112
e44fc43f-4411-44b3-b218-f0227617c1ee	15	34430601	34526116	65	-0.759
e44fc43f-4411-44b3-b218-f0227617c1ee	15	34570058	34637550	46	-0.0224
e44fc43f-4411-44b3-b218-f0227617c1ee	15	34637726	34685612	57	-1.0004
e44fc43f-4411-44b3-b218-f0227617c1ee	15	34692790	45051850	6159	-0.0054
e44fc43f-4411-44b3-b218-f0227617c1ee	15	45059168	45083628	9	-0.575
e44fc43f-4411-44b3-b218-f0227617c1ee	15	45085759	53492794	5336	0.0023
e44fc43f-4411-44b3-b218-f0227617c1ee	15	53492842	53493082	5	-0.7403
e44fc43f-4411-44b3-b218-f0227617c1ee	15	53498050	57313022	2418	-0.002
e44fc43f-4411-44b3-b218-f0227617c1ee	15	57314675	57316106	2	-1.4689
e44fc43f-4411-44b3-b218-f0227617c1ee	15	57316463	76599170	12370	-0.0017
e44fc43f-4411-44b3-b218-f0227617c1ee	15	76599286	76603434	20	-2.1494
e44fc43f-4411-44b3-b218-f0227617c1ee	15	76609838	101928837	17600	0.0003
e44fc43f-4411-44b3-b218-f0227617c1ee	16	10777	14956028	11115	0.0009
e44fc43f-4411-44b3-b218-f0227617c1ee	16	14956124	14993320	39	-0.3385
e44fc43f-4411-44b3-b218-f0227617c1ee	16	15009819	19938007	2311	-0.0092
e44fc43f-4411-44b3-b218-f0227617c1ee	16	19938183	19954553	20	0.3478
e44fc43f-4411-44b3-b218-f0227617c1ee	16	19956040	78337711	27729	-0.0023
e44fc43f-4411-44b3-b218-f0227617c1ee	16	78338543	78351540	19	0.5754
e44fc43f-4411-44b3-b218-f0227617c1ee	16	78351585	90096867	10613	-0.0018
e44fc43f-4411-44b3-b218-f0227617c1ee	17	150733	16759737	10470	-0.006
e44fc43f-4411-44b3-b218-f0227617c1ee	17	16786555	16834846	8	-0.8675
e44fc43f-4411-44b3-b218-f0227617c1ee	17	16838201	18414080	908	-0.003
e44fc43f-4411-44b3-b218-f0227617c1ee	17	18452078	18561907	27	0.8291
e44fc43f-4411-44b3-b218-f0227617c1ee	17	18565883	41266762	9389	0.0059
e44fc43f-4411-44b3-b218-f0227617c1ee	17	41266774	41274279	23	1.2259
e44fc43f-4411-44b3-b218-f0227617c1ee	17	41276472	56081683	8425	-0.0043
e44fc43f-4411-44b3-b218-f0227617c1ee	17	56083553	56095230	26	-1.0271
e44fc43f-4411-44b3-b218-f0227617c1ee	17	56095462	83091923	15730	-0.0049
e44fc43f-4411-44b3-b218-f0227617c1ee	18	48133	60530167	36435	-0.0032
e44fc43f-4411-44b3-b218-f0227617c1ee	18	60532155	60532348	2	-1.4787
e44fc43f-4411-44b3-b218-f0227617c1ee	18	60532507	69540616	6467	0.0033
e44fc43f-4411-44b3-b218-f0227617c1ee	18	69541156	69543406	4	-0.9627
e44fc43f-4411-44b3-b218-f0227617c1ee	18	69546365	80257174	7802	0.0007
e44fc43f-4411-44b3-b218-f0227617c1ee	19	90910	20178542	8781	-0.0049
e44fc43f-4411-44b3-b218-f0227617c1ee	19	20178882	20195658	12	-1.075
e44fc43f-4411-44b3-b218-f0227617c1ee	19	20199955	20970252	437	-0.0012
e44fc43f-4411-44b3-b218-f0227617c1ee	19	20970273	20970668	2	-1.266
e44fc43f-4411-44b3-b218-f0227617c1ee	19	20971362	35358420	7472	-0.0008
e44fc43f-4411-44b3-b218-f0227617c1ee	19	35364451	35370946	21	-1.558
e44fc43f-4411-44b3-b218-f0227617c1ee	19	35375842	36267995	432	0.0022
e44fc43f-4411-44b3-b218-f0227617c1ee	19	36314803	36316398	3	1.0665
e44fc43f-4411-44b3-b218-f0227617c1ee	19	36334346	58586487	11937	-0.0097
e44fc43f-4411-44b3-b218-f0227617c1ee	20	80664	4282266	3115	0.0011
e44fc43f-4411-44b3-b218-f0227617c1ee	20	4291409	4291884	3	-1.0902
e44fc43f-4411-44b3-b218-f0227617c1ee	20	4296903	64324800	39243	0.0024
e44fc43f-4411-44b3-b218-f0227617c1ee	21	10354168	10512663	21	-0.1959
e44fc43f-4411-44b3-b218-f0227617c1ee	21	10512698	10753316	64	-0.7838
e44fc43f-4411-44b3-b218-f0227617c1ee	21	10756733	45506637	23080	0.0009
e44fc43f-4411-44b3-b218-f0227617c1ee	21	45511103	45511195	2	-1.4638
e44fc43f-4411-44b3-b218-f0227617c1ee	21	45511546	46677045	686	-0.0184
e44fc43f-4411-44b3-b218-f0227617c1ee	22	15294547	17014661	301	-0.0276
e44fc43f-4411-44b3-b218-f0227617c1ee	22	17018144	17018618	2	1.362
e44fc43f-4411-44b3-b218-f0227617c1ee	22	17019000	18918093	839	0.0017
e44fc43f-4411-44b3-b218-f0227617c1ee	22	18947964	19019471	50	0.5406
e44fc43f-4411-44b3-b218-f0227617c1ee	22	19037293	23987520	3198	-0.0141
e44fc43f-4411-44b3-b218-f0227617c1ee	22	23988078	23989773	2	-3.0042
e44fc43f-4411-44b3-b218-f0227617c1ee	22	23990431	25265731	818	-0.0121
e44fc43f-4411-44b3-b218-f0227617c1ee	22	25268018	25522742	285	-0.8523
e44fc43f-4411-44b3-b218-f0227617c1ee	22	25526375	37346951	8925	-0.0036
e44fc43f-4411-44b3-b218-f0227617c1ee	22	37352689	37353906	4	-1.0911
e44fc43f-4411-44b3-b218-f0227617c1ee	22	37354627	50796027	8841	-0.0012
e44fc43f-4411-44b3-b218-f0227617c1ee	X	251810	5443539	2018	0.0095
e44fc43f-4411-44b3-b218-f0227617c1ee	X	5444188	5444481	3	-1.2411
e44fc43f-4411-44b3-b218-f0227617c1ee	X	5449194	22620976	11481	0.0026
e44fc43f-4411-44b3-b218-f0227617c1ee	X	22621024	22623671	3	-1.5415
e44fc43f-4411-44b3-b218-f0227617c1ee	X	22625091	155952689	70085	0.0012
e44fc43f-4411-44b3-b218-f0227617c1ee	Y	2782397	6071948	717	-2.7601
e44fc43f-4411-44b3-b218-f0227617c1ee	Y	6075631	13478396	2547	-3.0407
e44fc43f-4411-44b3-b218-f0227617c1ee	Y	13478462	13482643	3	-7.6439
e44fc43f-4411-44b3-b218-f0227617c1ee	Y	13483009	21582050	2982	-3.1282
e44fc43f-4411-44b3-b218-f0227617c1ee	Y	21582142	56872112	385	-2.8472
