GDC_Aliquot	Chromosome	Start	End	Num_Probes	Segment_Mean
90a0edb3-d939-4c43-bbc5-0ed30023e35b	1	62920	2793053	522	0.036
90a0edb3-d939-4c43-bbc5-0ed30023e35b	1	2794307	3210080	173	-0.157
90a0edb3-d939-4c43-bbc5-0ed30023e35b	1	3210510	16782786	8002	-0.0003
90a0edb3-d939-4c43-bbc5-0ed30023e35b	1	16784801	16932568	53	-0.5308
90a0edb3-d939-4c43-bbc5-0ed30023e35b	1	16934716	21403654	3014	-0.0076
90a0edb3-d939-4c43-bbc5-0ed30023e35b	1	21406783	21416967	11	-0.55
90a0edb3-d939-4c43-bbc5-0ed30023e35b	1	21420852	30264526	4657	-0.0128
90a0edb3-d939-4c43-bbc5-0ed30023e35b	1	30265508	30266509	6	-1.0899
90a0edb3-d939-4c43-bbc5-0ed30023e35b	1	30266949	34626073	2557	-0.0104
90a0edb3-d939-4c43-bbc5-0ed30023e35b	1	34637053	34650960	23	-0.5
90a0edb3-d939-4c43-bbc5-0ed30023e35b	1	34652324	70257843	22510	-0.006
90a0edb3-d939-4c43-bbc5-0ed30023e35b	1	70259461	70327652	28	0.3857
90a0edb3-d939-4c43-bbc5-0ed30023e35b	1	70331011	72284670	1214	0.0031
90a0edb3-d939-4c43-bbc5-0ed30023e35b	1	72290430	72297687	9	-0.7901
90a0edb3-d939-4c43-bbc5-0ed30023e35b	1	72302735	72345465	48	1.1183
90a0edb3-d939-4c43-bbc5-0ed30023e35b	1	72346221	89009572	10938	-0.0037
90a0edb3-d939-4c43-bbc5-0ed30023e35b	1	89012275	89012522	2	-2.4704
90a0edb3-d939-4c43-bbc5-0ed30023e35b	1	89015841	105459522	10011	-0.0055
90a0edb3-d939-4c43-bbc5-0ed30023e35b	1	105459540	105479753	20	-0.4734
90a0edb3-d939-4c43-bbc5-0ed30023e35b	1	105481433	109690352	2639	-0.0128
90a0edb3-d939-4c43-bbc5-0ed30023e35b	1	109690415	109697556	12	-1.4341
90a0edb3-d939-4c43-bbc5-0ed30023e35b	1	109702376	110823480	825	-0.0028
90a0edb3-d939-4c43-bbc5-0ed30023e35b	1	110827750	110828115	6	0.7138
90a0edb3-d939-4c43-bbc5-0ed30023e35b	1	110831471	110839907	27	-0.108
90a0edb3-d939-4c43-bbc5-0ed30023e35b	1	110840022	110852488	24	0.4425
90a0edb3-d939-4c43-bbc5-0ed30023e35b	1	110852766	119581111	5830	0.0005
90a0edb3-d939-4c43-bbc5-0ed30023e35b	1	119582905	119608326	23	-0.4622
90a0edb3-d939-4c43-bbc5-0ed30023e35b	1	119608965	121705338	394	0.0304
90a0edb3-d939-4c43-bbc5-0ed30023e35b	1	143459641	152583051	2443	0.4075
90a0edb3-d939-4c43-bbc5-0ed30023e35b	1	152583230	152614118	35	0.8544
90a0edb3-d939-4c43-bbc5-0ed30023e35b	1	152618018	152789447	168	0.3966
90a0edb3-d939-4c43-bbc5-0ed30023e35b	1	152789463	152795783	31	1.3352
90a0edb3-d939-4c43-bbc5-0ed30023e35b	1	152795805	158883163	3616	0.4007
90a0edb3-d939-4c43-bbc5-0ed30023e35b	1	158884978	158899969	5	1.3227
90a0edb3-d939-4c43-bbc5-0ed30023e35b	1	158905028	169247699	7666	0.4029
90a0edb3-d939-4c43-bbc5-0ed30023e35b	1	169264736	169272528	7	-2.0623
90a0edb3-d939-4c43-bbc5-0ed30023e35b	1	169273163	170404079	869	0.3915
90a0edb3-d939-4c43-bbc5-0ed30023e35b	1	170407602	170415607	11	0.925
90a0edb3-d939-4c43-bbc5-0ed30023e35b	1	170417834	189308148	12314	0.3903
90a0edb3-d939-4c43-bbc5-0ed30023e35b	1	189308416	189580467	168	0.5649
90a0edb3-d939-4c43-bbc5-0ed30023e35b	1	189582840	190002628	348	0.382
90a0edb3-d939-4c43-bbc5-0ed30023e35b	1	190002865	190006008	6	-0.0003
90a0edb3-d939-4c43-bbc5-0ed30023e35b	1	190006347	190006368	3	1.7703
90a0edb3-d939-4c43-bbc5-0ed30023e35b	1	190006394	196729112	4442	0.3921
90a0edb3-d939-4c43-bbc5-0ed30023e35b	1	196729142	196737142	10	1.1054
90a0edb3-d939-4c43-bbc5-0ed30023e35b	1	196737547	196745743	9	0.3545
90a0edb3-d939-4c43-bbc5-0ed30023e35b	1	196758720	196762956	4	-0.9655
90a0edb3-d939-4c43-bbc5-0ed30023e35b	1	196769493	196832312	52	0.5402
90a0edb3-d939-4c43-bbc5-0ed30023e35b	1	196832525	196847600	6	1.1821
90a0edb3-d939-4c43-bbc5-0ed30023e35b	1	196854187	198907465	1215	0.4016
90a0edb3-d939-4c43-bbc5-0ed30023e35b	1	198907683	198907729	2	1.7309
90a0edb3-d939-4c43-bbc5-0ed30023e35b	1	198909218	208350324	6290	0.3912
90a0edb3-d939-4c43-bbc5-0ed30023e35b	1	208350419	208355700	11	-0.2204
90a0edb3-d939-4c43-bbc5-0ed30023e35b	1	208356284	209561663	946	-0.0005
90a0edb3-d939-4c43-bbc5-0ed30023e35b	1	209562492	210028331	386	0.3866
90a0edb3-d939-4c43-bbc5-0ed30023e35b	1	210030113	246319780	25424	0.0206
90a0edb3-d939-4c43-bbc5-0ed30023e35b	1	246320123	246357074	24	0.4583
90a0edb3-d939-4c43-bbc5-0ed30023e35b	1	246362317	248930189	1510	0.0171
90a0edb3-d939-4c43-bbc5-0ed30023e35b	2	12784	296789	180	-0.0035
90a0edb3-d939-4c43-bbc5-0ed30023e35b	2	296812	296852	2	-2.0923
90a0edb3-d939-4c43-bbc5-0ed30023e35b	2	300879	34294381	23809	-0.0039
90a0edb3-d939-4c43-bbc5-0ed30023e35b	2	34295406	34300513	3	-1.5599
90a0edb3-d939-4c43-bbc5-0ed30023e35b	2	34300900	34466002	95	-0.0428
90a0edb3-d939-4c43-bbc5-0ed30023e35b	2	34474248	34511990	46	-1.9365
90a0edb3-d939-4c43-bbc5-0ed30023e35b	2	34512096	41010869	4797	-0.0144
90a0edb3-d939-4c43-bbc5-0ed30023e35b	2	41010908	41015604	19	0.5244
90a0edb3-d939-4c43-bbc5-0ed30023e35b	2	41015619	50378139	6666	-0.0125
90a0edb3-d939-4c43-bbc5-0ed30023e35b	2	50378415	50382833	4	-1.1339
90a0edb3-d939-4c43-bbc5-0ed30023e35b	2	50382903	52265431	1328	0.0101
90a0edb3-d939-4c43-bbc5-0ed30023e35b	2	52268661	52322404	37	0.3727
90a0edb3-d939-4c43-bbc5-0ed30023e35b	2	52322709	52527743	157	-0.0151
90a0edb3-d939-4c43-bbc5-0ed30023e35b	2	52531615	52563002	35	-0.5565
90a0edb3-d939-4c43-bbc5-0ed30023e35b	2	52563355	54248777	1263	-0.0015
90a0edb3-d939-4c43-bbc5-0ed30023e35b	2	54249580	54252509	7	0.8658
90a0edb3-d939-4c43-bbc5-0ed30023e35b	2	54253232	87211079	20747	-0.0136
90a0edb3-d939-4c43-bbc5-0ed30023e35b	2	87218694	87218834	2	-1.7821
90a0edb3-d939-4c43-bbc5-0ed30023e35b	2	87221597	87462096	45	0.0038
90a0edb3-d939-4c43-bbc5-0ed30023e35b	2	87463778	87465499	2	-2.2772
90a0edb3-d939-4c43-bbc5-0ed30023e35b	2	87466706	105525905	6708	-0.0156
90a0edb3-d939-4c43-bbc5-0ed30023e35b	2	105529850	105535647	3	-1.6881
90a0edb3-d939-4c43-bbc5-0ed30023e35b	2	105535795	106258193	636	-0.0259
90a0edb3-d939-4c43-bbc5-0ed30023e35b	2	106258266	106268901	13	-1.5711
90a0edb3-d939-4c43-bbc5-0ed30023e35b	2	106270799	112134216	2933	-0.0083
90a0edb3-d939-4c43-bbc5-0ed30023e35b	2	112135131	112148244	9	-0.7105
90a0edb3-d939-4c43-bbc5-0ed30023e35b	2	112154346	114781818	1576	-0.0119
90a0edb3-d939-4c43-bbc5-0ed30023e35b	2	114782002	114782122	6	1.0484
90a0edb3-d939-4c43-bbc5-0ed30023e35b	2	114784071	115037192	137	-0.0207
90a0edb3-d939-4c43-bbc5-0ed30023e35b	2	115037817	115043672	3	1.4425
90a0edb3-d939-4c43-bbc5-0ed30023e35b	2	115044879	128880904	8722	-0.005
90a0edb3-d939-4c43-bbc5-0ed30023e35b	2	128880928	128881337	4	1.1299
90a0edb3-d939-4c43-bbc5-0ed30023e35b	2	128881387	130068107	896	-0.0132
90a0edb3-d939-4c43-bbc5-0ed30023e35b	2	130068769	130116915	3	-1.2648
90a0edb3-d939-4c43-bbc5-0ed30023e35b	2	130117303	131429469	395	-0.0211
90a0edb3-d939-4c43-bbc5-0ed30023e35b	2	131430312	131430432	4	0.9764
90a0edb3-d939-4c43-bbc5-0ed30023e35b	2	131430452	146106875	9130	-0.0092
90a0edb3-d939-4c43-bbc5-0ed30023e35b	2	146106889	146109366	21	0.6672
90a0edb3-d939-4c43-bbc5-0ed30023e35b	2	146120238	187254894	25143	-0.0082
90a0edb3-d939-4c43-bbc5-0ed30023e35b	2	187255027	187277358	22	-0.9874
90a0edb3-d939-4c43-bbc5-0ed30023e35b	2	187288530	242147305	33880	-0.0083
90a0edb3-d939-4c43-bbc5-0ed30023e35b	3	20930	182919	154	-0.0577
90a0edb3-d939-4c43-bbc5-0ed30023e35b	3	188339	190956	3	-2.9877
90a0edb3-d939-4c43-bbc5-0ed30023e35b	3	191117	6183359	5270	-0.0146
90a0edb3-d939-4c43-bbc5-0ed30023e35b	3	6183654	6184224	12	0.6483
90a0edb3-d939-4c43-bbc5-0ed30023e35b	3	6191203	6680551	458	0.0065
90a0edb3-d939-4c43-bbc5-0ed30023e35b	3	6682778	6690711	8	0.7185
90a0edb3-d939-4c43-bbc5-0ed30023e35b	3	6692344	8321921	1436	-0.0109
90a0edb3-d939-4c43-bbc5-0ed30023e35b	3	8323135	8333448	11	-1.1638
90a0edb3-d939-4c43-bbc5-0ed30023e35b	3	8339024	8386396	29	0.0082
90a0edb3-d939-4c43-bbc5-0ed30023e35b	3	8387813	8387945	3	1.1771
90a0edb3-d939-4c43-bbc5-0ed30023e35b	3	8389210	17488053	6358	-0.002
90a0edb3-d939-4c43-bbc5-0ed30023e35b	3	17488456	17502521	5	-1.1605
90a0edb3-d939-4c43-bbc5-0ed30023e35b	3	17504946	37935209	13870	-0.0078
90a0edb3-d939-4c43-bbc5-0ed30023e35b	3	37935926	37945316	17	-0.9895
90a0edb3-d939-4c43-bbc5-0ed30023e35b	3	37945392	46760515	5545	-0.0124
90a0edb3-d939-4c43-bbc5-0ed30023e35b	3	46760755	46761943	4	1.0786
90a0edb3-d939-4c43-bbc5-0ed30023e35b	3	46761979	47430255	299	0.0275
90a0edb3-d939-4c43-bbc5-0ed30023e35b	3	47430543	47451230	4	1.0218
90a0edb3-d939-4c43-bbc5-0ed30023e35b	3	47455724	52994359	2220	-0.0066
90a0edb3-d939-4c43-bbc5-0ed30023e35b	3	52997720	52998009	11	0.7901
90a0edb3-d939-4c43-bbc5-0ed30023e35b	3	52998022	59700006	4534	-0.0015
90a0edb3-d939-4c43-bbc5-0ed30023e35b	3	59700560	59961204	304	-0.1197
90a0edb3-d939-4c43-bbc5-0ed30023e35b	3	59962844	60065735	178	-0.0037
90a0edb3-d939-4c43-bbc5-0ed30023e35b	3	60066172	60070341	6	0.8054
90a0edb3-d939-4c43-bbc5-0ed30023e35b	3	60070798	68697013	7034	-0.0076
90a0edb3-d939-4c43-bbc5-0ed30023e35b	3	68697108	68698262	14	-0.9824
90a0edb3-d939-4c43-bbc5-0ed30023e35b	3	68699607	89622509	12798	-0.0115
90a0edb3-d939-4c43-bbc5-0ed30023e35b	3	89622531	89624990	5	-1.1857
90a0edb3-d939-4c43-bbc5-0ed30023e35b	3	89636157	130038990	21837	-0.0069
90a0edb3-d939-4c43-bbc5-0ed30023e35b	3	130039375	130092512	50	0.2868
90a0edb3-d939-4c43-bbc5-0ed30023e35b	3	130100795	131987852	1155	-0.0127
90a0edb3-d939-4c43-bbc5-0ed30023e35b	3	131989313	131989627	2	-1.9107
90a0edb3-d939-4c43-bbc5-0ed30023e35b	3	131996155	140823697	5556	-0.0119
90a0edb3-d939-4c43-bbc5-0ed30023e35b	3	140826859	140828142	2	-2.2959
90a0edb3-d939-4c43-bbc5-0ed30023e35b	3	140841776	162508857	13360	-0.0099
90a0edb3-d939-4c43-bbc5-0ed30023e35b	3	162508950	162509171	6	1.0955
90a0edb3-d939-4c43-bbc5-0ed30023e35b	3	162518746	162794951	173	0.007
90a0edb3-d939-4c43-bbc5-0ed30023e35b	3	162795304	162908207	68	0.6892
90a0edb3-d939-4c43-bbc5-0ed30023e35b	3	162908784	165323075	1316	0.0139
90a0edb3-d939-4c43-bbc5-0ed30023e35b	3	165323760	165364151	65	-0.728
90a0edb3-d939-4c43-bbc5-0ed30023e35b	3	165367641	169012092	2059	-0.0047
90a0edb3-d939-4c43-bbc5-0ed30023e35b	3	169012392	169022377	6	0.9092
90a0edb3-d939-4c43-bbc5-0ed30023e35b	3	169022563	175362822	4208	-0.008
90a0edb3-d939-4c43-bbc5-0ed30023e35b	3	175362958	175363437	4	-1.3261
90a0edb3-d939-4c43-bbc5-0ed30023e35b	3	175363536	176977352	1036	0.0189
90a0edb3-d939-4c43-bbc5-0ed30023e35b	3	176977625	176995732	35	0.3868
90a0edb3-d939-4c43-bbc5-0ed30023e35b	3	176995747	187869587	6600	-0.0085
90a0edb3-d939-4c43-bbc5-0ed30023e35b	3	187869686	187869784	5	1.1064
90a0edb3-d939-4c43-bbc5-0ed30023e35b	3	187876304	187878248	14	-0.0395
90a0edb3-d939-4c43-bbc5-0ed30023e35b	3	187878352	187878586	8	0.7397
90a0edb3-d939-4c43-bbc5-0ed30023e35b	3	187878673	193160113	3812	-0.0072
90a0edb3-d939-4c43-bbc5-0ed30023e35b	3	193160173	193165114	19	0.8758
90a0edb3-d939-4c43-bbc5-0ed30023e35b	3	193168646	198169247	2693	0.0017
90a0edb3-d939-4c43-bbc5-0ed30023e35b	4	68929	10208766	5699	-0.0446
90a0edb3-d939-4c43-bbc5-0ed30023e35b	4	10212536	10233383	33	1.1329
90a0edb3-d939-4c43-bbc5-0ed30023e35b	4	10233542	10269512	44	0.0071
90a0edb3-d939-4c43-bbc5-0ed30023e35b	4	10270469	10273370	12	-0.9978
90a0edb3-d939-4c43-bbc5-0ed30023e35b	4	10274358	12377262	1741	-0.0408
90a0edb3-d939-4c43-bbc5-0ed30023e35b	4	12377308	12377631	5	0.8333
90a0edb3-d939-4c43-bbc5-0ed30023e35b	4	12377694	26456452	10021	-0.036
90a0edb3-d939-4c43-bbc5-0ed30023e35b	4	26456686	45003835	11825	-0.0036
90a0edb3-d939-4c43-bbc5-0ed30023e35b	4	45004175	45004318	3	-1.2298
90a0edb3-d939-4c43-bbc5-0ed30023e35b	4	45008952	46189411	645	-0.0255
90a0edb3-d939-4c43-bbc5-0ed30023e35b	4	46191823	46246649	28	0.3194
90a0edb3-d939-4c43-bbc5-0ed30023e35b	4	46249273	48143355	1072	-0.0154
90a0edb3-d939-4c43-bbc5-0ed30023e35b	4	48146514	48276780	230	0.1576
90a0edb3-d939-4c43-bbc5-0ed30023e35b	4	48286143	56632503	3531	-0.0071
90a0edb3-d939-4c43-bbc5-0ed30023e35b	4	56633100	56637762	2	-1.4798
90a0edb3-d939-4c43-bbc5-0ed30023e35b	4	56640405	63839646	4423	-0.0142
90a0edb3-d939-4c43-bbc5-0ed30023e35b	4	63839797	63842540	14	-0.5968
90a0edb3-d939-4c43-bbc5-0ed30023e35b	4	63850713	64955970	667	-0.035
90a0edb3-d939-4c43-bbc5-0ed30023e35b	4	64958316	64965030	9	0.7324
90a0edb3-d939-4c43-bbc5-0ed30023e35b	4	64965217	64969657	12	0.0286
90a0edb3-d939-4c43-bbc5-0ed30023e35b	4	64971241	64978716	11	0.6705
90a0edb3-d939-4c43-bbc5-0ed30023e35b	4	64979039	68506285	2173	-0.0119
90a0edb3-d939-4c43-bbc5-0ed30023e35b	4	68509223	68604416	55	-0.3828
90a0edb3-d939-4c43-bbc5-0ed30023e35b	4	68607160	69261934	326	-0.0319
90a0edb3-d939-4c43-bbc5-0ed30023e35b	4	69262694	69366304	53	-0.4468
90a0edb3-d939-4c43-bbc5-0ed30023e35b	4	69366406	91152891	13594	-0.0126
90a0edb3-d939-4c43-bbc5-0ed30023e35b	4	91152897	91159021	5	-1.0929
90a0edb3-d939-4c43-bbc5-0ed30023e35b	4	91159466	107144988	9285	-0.0048
90a0edb3-d939-4c43-bbc5-0ed30023e35b	4	107145001	107154401	29	0.3665
90a0edb3-d939-4c43-bbc5-0ed30023e35b	4	107154866	111376705	2554	-0.0029
90a0edb3-d939-4c43-bbc5-0ed30023e35b	4	111384346	111384507	2	-1.2412
90a0edb3-d939-4c43-bbc5-0ed30023e35b	4	111384608	114254167	1854	-0.0056
90a0edb3-d939-4c43-bbc5-0ed30023e35b	4	114254188	114263234	29	0.4624
90a0edb3-d939-4c43-bbc5-0ed30023e35b	4	114264667	134219703	11582	-0.0048
90a0edb3-d939-4c43-bbc5-0ed30023e35b	4	134223468	134267247	19	0.4587
90a0edb3-d939-4c43-bbc5-0ed30023e35b	4	134267633	136437892	1131	-0.0179
90a0edb3-d939-4c43-bbc5-0ed30023e35b	4	136438762	136441597	4	-0.6916
90a0edb3-d939-4c43-bbc5-0ed30023e35b	4	136442650	137017902	373	-0.0128
90a0edb3-d939-4c43-bbc5-0ed30023e35b	4	137018025	137027974	21	0.3922
90a0edb3-d939-4c43-bbc5-0ed30023e35b	4	137028046	137261573	198	0.0222
90a0edb3-d939-4c43-bbc5-0ed30023e35b	4	137261775	137262795	21	0.4207
90a0edb3-d939-4c43-bbc5-0ed30023e35b	4	137262809	160950731	14584	-0.0019
90a0edb3-d939-4c43-bbc5-0ed30023e35b	4	160952454	160952694	5	0.8984
90a0edb3-d939-4c43-bbc5-0ed30023e35b	4	160952754	160959045	9	0.0684
90a0edb3-d939-4c43-bbc5-0ed30023e35b	4	160959151	160963432	15	-0.8104
90a0edb3-d939-4c43-bbc5-0ed30023e35b	4	160963448	189817565	19071	0.0003
90a0edb3-d939-4c43-bbc5-0ed30023e35b	4	189821091	190106768	90	-0.1109
90a0edb3-d939-4c43-bbc5-0ed30023e35b	5	15532	1891707	922	0.0165
90a0edb3-d939-4c43-bbc5-0ed30023e35b	5	1892645	7168823	4791	0.0671
90a0edb3-d939-4c43-bbc5-0ed30023e35b	5	7168841	7169019	2	2.0422
90a0edb3-d939-4c43-bbc5-0ed30023e35b	5	7169144	10796771	3025	0.0626
90a0edb3-d939-4c43-bbc5-0ed30023e35b	5	10798592	10800038	3	1.1063
90a0edb3-d939-4c43-bbc5-0ed30023e35b	5	10800098	12819201	1446	0.0547
90a0edb3-d939-4c43-bbc5-0ed30023e35b	5	12819263	12819964	6	-1.6016
90a0edb3-d939-4c43-bbc5-0ed30023e35b	5	12824299	15719241	1978	0.0647
90a0edb3-d939-4c43-bbc5-0ed30023e35b	5	15719966	15720488	9	-0.7776
90a0edb3-d939-4c43-bbc5-0ed30023e35b	5	15723237	17496760	1182	0.0585
90a0edb3-d939-4c43-bbc5-0ed30023e35b	5	17500717	17515692	10	-1.1188
90a0edb3-d939-4c43-bbc5-0ed30023e35b	5	17601444	21449167	2335	0.0666
90a0edb3-d939-4c43-bbc5-0ed30023e35b	5	21451091	21452329	5	1.03
90a0edb3-d939-4c43-bbc5-0ed30023e35b	5	21452387	27525800	3532	0.0618
90a0edb3-d939-4c43-bbc5-0ed30023e35b	5	27525809	27525880	6	0.9848
90a0edb3-d939-4c43-bbc5-0ed30023e35b	5	27525913	46196012	11394	0.0614
90a0edb3-d939-4c43-bbc5-0ed30023e35b	5	46199332	46199333	2	-1.7964
90a0edb3-d939-4c43-bbc5-0ed30023e35b	5	46209197	46251204	13	-0.0809
90a0edb3-d939-4c43-bbc5-0ed30023e35b	5	46270906	46273300	7	0.9623
90a0edb3-d939-4c43-bbc5-0ed30023e35b	5	46273400	50278780	51	0.1138
90a0edb3-d939-4c43-bbc5-0ed30023e35b	5	50279323	50301663	14	-0.0465
90a0edb3-d939-4c43-bbc5-0ed30023e35b	5	50301671	50301693	2	-2.9803
90a0edb3-d939-4c43-bbc5-0ed30023e35b	5	50311788	50410956	34	-0.0089
90a0edb3-d939-4c43-bbc5-0ed30023e35b	5	50412611	50412624	2	-1.5783
90a0edb3-d939-4c43-bbc5-0ed30023e35b	5	50414421	82122944	19199	-0.0078
90a0edb3-d939-4c43-bbc5-0ed30023e35b	5	82123459	82131663	3	-2.6558
90a0edb3-d939-4c43-bbc5-0ed30023e35b	5	82132219	82155493	8	-0.7606
90a0edb3-d939-4c43-bbc5-0ed30023e35b	5	82155709	98594463	9205	-0.0083
90a0edb3-d939-4c43-bbc5-0ed30023e35b	5	98595136	98599430	6	-1.2813
90a0edb3-d939-4c43-bbc5-0ed30023e35b	5	98600066	104515520	3411	0.0145
90a0edb3-d939-4c43-bbc5-0ed30023e35b	5	104524672	104524903	4	-1.1148
90a0edb3-d939-4c43-bbc5-0ed30023e35b	5	104525348	106895197	1413	-0.004
90a0edb3-d939-4c43-bbc5-0ed30023e35b	5	106896815	106897416	13	0.7483
90a0edb3-d939-4c43-bbc5-0ed30023e35b	5	106904875	176635751	46341	-0.0059
90a0edb3-d939-4c43-bbc5-0ed30023e35b	5	176636548	176794348	91	-0.2315
90a0edb3-d939-4c43-bbc5-0ed30023e35b	5	176798130	180933389	2174	-0.0104
90a0edb3-d939-4c43-bbc5-0ed30023e35b	5	180933469	180947523	8	-0.8024
90a0edb3-d939-4c43-bbc5-0ed30023e35b	5	180951710	180991103	19	-2.0162
90a0edb3-d939-4c43-bbc5-0ed30023e35b	5	181006225	181363319	170	-0.0186
90a0edb3-d939-4c43-bbc5-0ed30023e35b	6	149661	331879	142	-0.0665
90a0edb3-d939-4c43-bbc5-0ed30023e35b	6	334179	355386	32	-0.575
90a0edb3-d939-4c43-bbc5-0ed30023e35b	6	355536	496555	130	-0.1625
90a0edb3-d939-4c43-bbc5-0ed30023e35b	6	500453	871040	310	-0.0033
90a0edb3-d939-4c43-bbc5-0ed30023e35b	6	873578	879615	8	-0.7427
90a0edb3-d939-4c43-bbc5-0ed30023e35b	6	879853	2435712	1249	-0.0029
90a0edb3-d939-4c43-bbc5-0ed30023e35b	6	2435838	2436764	3	-1.0112
90a0edb3-d939-4c43-bbc5-0ed30023e35b	6	2437311	4396853	1609	-0.0149
90a0edb3-d939-4c43-bbc5-0ed30023e35b	6	4396947	4399620	4	0.7979
90a0edb3-d939-4c43-bbc5-0ed30023e35b	6	4400131	9202384	3903	-0.0077
90a0edb3-d939-4c43-bbc5-0ed30023e35b	6	9205119	9211994	2	1.4558
90a0edb3-d939-4c43-bbc5-0ed30023e35b	6	9221510	29802981	14194	-0.0046
90a0edb3-d939-4c43-bbc5-0ed30023e35b	6	29809394	29810252	5	-0.988
90a0edb3-d939-4c43-bbc5-0ed30023e35b	6	29810332	31230932	678	-0.0401
90a0edb3-d939-4c43-bbc5-0ed30023e35b	6	31237840	31318499	63	-0.1859
90a0edb3-d939-4c43-bbc5-0ed30023e35b	6	31318528	31328674	10	-1.5731
90a0edb3-d939-4c43-bbc5-0ed30023e35b	6	31342147	32102029	294	-0.1177
90a0edb3-d939-4c43-bbc5-0ed30023e35b	6	32105847	32106814	11	0.6142
90a0edb3-d939-4c43-bbc5-0ed30023e35b	6	32124430	32391683	120	-0.0389
90a0edb3-d939-4c43-bbc5-0ed30023e35b	6	32392044	32711222	162	-0.2491
90a0edb3-d939-4c43-bbc5-0ed30023e35b	6	32713753	32745322	38	0.2817
90a0edb3-d939-4c43-bbc5-0ed30023e35b	6	32745490	32751604	6	0.1612
90a0edb3-d939-4c43-bbc5-0ed30023e35b	6	32754977	32768228	11	-0.6223
90a0edb3-d939-4c43-bbc5-0ed30023e35b	6	32768326	76305231	25498	-0.0047
90a0edb3-d939-4c43-bbc5-0ed30023e35b	6	76307183	76307209	3	1.8111
90a0edb3-d939-4c43-bbc5-0ed30023e35b	6	76307276	76710479	282	-0.0032
90a0edb3-d939-4c43-bbc5-0ed30023e35b	6	76710505	76742972	34	0.3361
90a0edb3-d939-4c43-bbc5-0ed30023e35b	6	76743040	78259348	977	0.0061
90a0edb3-d939-4c43-bbc5-0ed30023e35b	6	78259388	78263059	13	-0.9073
90a0edb3-d939-4c43-bbc5-0ed30023e35b	6	78263079	78331916	101	-0.3544
90a0edb3-d939-4c43-bbc5-0ed30023e35b	6	78332002	82257458	2574	-0.0089
90a0edb3-d939-4c43-bbc5-0ed30023e35b	6	82257885	82259395	3	-1.2385
90a0edb3-d939-4c43-bbc5-0ed30023e35b	6	82260063	82836175	336	-0.0116
90a0edb3-d939-4c43-bbc5-0ed30023e35b	6	82836307	82861801	10	0.4336
90a0edb3-d939-4c43-bbc5-0ed30023e35b	6	82863560	85825721	1820	-0.0054
90a0edb3-d939-4c43-bbc5-0ed30023e35b	6	85826434	85829339	2	-1.2404
90a0edb3-d939-4c43-bbc5-0ed30023e35b	6	85829979	86689838	450	-0.0185
90a0edb3-d939-4c43-bbc5-0ed30023e35b	6	86693355	86699924	7	0.6333
90a0edb3-d939-4c43-bbc5-0ed30023e35b	6	86700054	94128228	4920	-0.0082
90a0edb3-d939-4c43-bbc5-0ed30023e35b	6	94129295	94135582	6	0.9283
90a0edb3-d939-4c43-bbc5-0ed30023e35b	6	94136510	94712496	391	0.0003
90a0edb3-d939-4c43-bbc5-0ed30023e35b	6	94712900	94808914	66	0.2479
90a0edb3-d939-4c43-bbc5-0ed30023e35b	6	94813029	103286770	4875	-0.0087
90a0edb3-d939-4c43-bbc5-0ed30023e35b	6	103286928	103314186	50	0.8446
90a0edb3-d939-4c43-bbc5-0ed30023e35b	6	103317795	170741917	44156	-0.01
90a0edb3-d939-4c43-bbc5-0ed30023e35b	7	43355	22395161	16050	0.0303
90a0edb3-d939-4c43-bbc5-0ed30023e35b	7	22395853	22396868	2	-2.6956
90a0edb3-d939-4c43-bbc5-0ed30023e35b	7	22399135	34799406	8832	0.0294
90a0edb3-d939-4c43-bbc5-0ed30023e35b	7	34803487	34807584	2	-1.4889
90a0edb3-d939-4c43-bbc5-0ed30023e35b	7	34808892	38255395	2471	0.0185
90a0edb3-d939-4c43-bbc5-0ed30023e35b	7	38258234	38309338	78	0.3116
90a0edb3-d939-4c43-bbc5-0ed30023e35b	7	38309503	54305455	11035	0.0322
90a0edb3-d939-4c43-bbc5-0ed30023e35b	7	54318812	54318824	6	-2.0848
90a0edb3-d939-4c43-bbc5-0ed30023e35b	7	54325795	56693807	1559	0.0164
90a0edb3-d939-4c43-bbc5-0ed30023e35b	7	56694420	56701121	3	-2.4066
90a0edb3-d939-4c43-bbc5-0ed30023e35b	7	56704473	72523346	5630	0.0264
90a0edb3-d939-4c43-bbc5-0ed30023e35b	7	72532220	72700406	53	0.3262
90a0edb3-d939-4c43-bbc5-0ed30023e35b	7	72701934	76550397	1030	0.0265
90a0edb3-d939-4c43-bbc5-0ed30023e35b	7	76568113	76940335	155	0.5814
90a0edb3-d939-4c43-bbc5-0ed30023e35b	7	76944884	108161434	18920	0.0257
90a0edb3-d939-4c43-bbc5-0ed30023e35b	7	108162976	108162984	2	2.0083
90a0edb3-d939-4c43-bbc5-0ed30023e35b	7	108165429	109797041	1087	0.019
90a0edb3-d939-4c43-bbc5-0ed30023e35b	7	109797042	109801187	20	-0.4418
90a0edb3-d939-4c43-bbc5-0ed30023e35b	7	109801572	109813853	10	-1.7845
90a0edb3-d939-4c43-bbc5-0ed30023e35b	7	109813925	111178402	904	0.0344
90a0edb3-d939-4c43-bbc5-0ed30023e35b	7	111179506	111180195	5	-0.8098
90a0edb3-d939-4c43-bbc5-0ed30023e35b	7	111180390	111406770	163	0.0932
90a0edb3-d939-4c43-bbc5-0ed30023e35b	7	111408523	111437526	31	0.4305
90a0edb3-d939-4c43-bbc5-0ed30023e35b	7	111437653	126405428	8929	0.0287
90a0edb3-d939-4c43-bbc5-0ed30023e35b	7	126405502	126406561	11	0.6923
90a0edb3-d939-4c43-bbc5-0ed30023e35b	7	126406822	126406827	6	-0.5619
90a0edb3-d939-4c43-bbc5-0ed30023e35b	7	126412712	126418719	7	0.1204
90a0edb3-d939-4c43-bbc5-0ed30023e35b	7	126421217	126445855	24	-0.7227
90a0edb3-d939-4c43-bbc5-0ed30023e35b	7	126446472	128288208	1237	0.0307
90a0edb3-d939-4c43-bbc5-0ed30023e35b	7	128288400	128308081	21	0.6315
90a0edb3-d939-4c43-bbc5-0ed30023e35b	7	128308551	131789472	1827	0.0222
90a0edb3-d939-4c43-bbc5-0ed30023e35b	7	131790809	131791849	2	1.649
90a0edb3-d939-4c43-bbc5-0ed30023e35b	7	131792785	132859204	836	0.0064
90a0edb3-d939-4c43-bbc5-0ed30023e35b	7	132860532	132884833	13	-0.7499
90a0edb3-d939-4c43-bbc5-0ed30023e35b	7	132884839	134090709	719	0.0164
90a0edb3-d939-4c43-bbc5-0ed30023e35b	7	134093676	134105258	27	0.438
90a0edb3-d939-4c43-bbc5-0ed30023e35b	7	134105657	140858132	4394	0.0236
90a0edb3-d939-4c43-bbc5-0ed30023e35b	7	140858155	140858661	8	0.8519
90a0edb3-d939-4c43-bbc5-0ed30023e35b	7	140858940	142070732	810	0.0317
90a0edb3-d939-4c43-bbc5-0ed30023e35b	7	142070827	142092108	26	-0.7195
90a0edb3-d939-4c43-bbc5-0ed30023e35b	7	142092307	142513915	337	-0.0123
90a0edb3-d939-4c43-bbc5-0ed30023e35b	7	142516594	142733311	74	0.2937
90a0edb3-d939-4c43-bbc5-0ed30023e35b	7	142735911	144255771	797	0.0191
90a0edb3-d939-4c43-bbc5-0ed30023e35b	7	144255800	144264193	3	1.167
90a0edb3-d939-4c43-bbc5-0ed30023e35b	7	144295437	144312471	3	-1.1096
90a0edb3-d939-4c43-bbc5-0ed30023e35b	7	144326306	153450553	5557	0.0277
90a0edb3-d939-4c43-bbc5-0ed30023e35b	7	153450560	153450627	2	-2.3257
90a0edb3-d939-4c43-bbc5-0ed30023e35b	7	153450630	159334314	4088	0.0154
90a0edb3-d939-4c43-bbc5-0ed30023e35b	8	81254	643041	322	-0.0488
90a0edb3-d939-4c43-bbc5-0ed30023e35b	8	644944	645875	8	0.6588
90a0edb3-d939-4c43-bbc5-0ed30023e35b	8	645892	645908	2	3.1546
90a0edb3-d939-4c43-bbc5-0ed30023e35b	8	656117	1068584	269	0.0073
90a0edb3-d939-4c43-bbc5-0ed30023e35b	8	1070744	1165434	64	-0.9189
90a0edb3-d939-4c43-bbc5-0ed30023e35b	8	1165647	5207497	4621	-0.0181
90a0edb3-d939-4c43-bbc5-0ed30023e35b	8	5207941	5232770	57	0.345
90a0edb3-d939-4c43-bbc5-0ed30023e35b	8	5232874	5499817	322	-0.0352
90a0edb3-d939-4c43-bbc5-0ed30023e35b	8	5500112	5501944	8	0.7118
90a0edb3-d939-4c43-bbc5-0ed30023e35b	8	5502197	5628837	162	-0.0503
90a0edb3-d939-4c43-bbc5-0ed30023e35b	8	5629873	5668902	70	-0.3069
90a0edb3-d939-4c43-bbc5-0ed30023e35b	8	5668992	6209716	740	-0.0104
90a0edb3-d939-4c43-bbc5-0ed30023e35b	8	6209735	6225688	67	-0.2659
90a0edb3-d939-4c43-bbc5-0ed30023e35b	8	6225788	7030434	939	0.0103
90a0edb3-d939-4c43-bbc5-0ed30023e35b	8	7032113	8276901	191	-0.1678
90a0edb3-d939-4c43-bbc5-0ed30023e35b	8	8277217	12092042	3172	-0.0144
90a0edb3-d939-4c43-bbc5-0ed30023e35b	8	12130217	12177488	8	-0.759
90a0edb3-d939-4c43-bbc5-0ed30023e35b	8	12323772	12382326	12	0.6106
90a0edb3-d939-4c43-bbc5-0ed30023e35b	8	12382653	18991998	5872	-0.0013
90a0edb3-d939-4c43-bbc5-0ed30023e35b	8	18994029	19001311	28	-0.9149
90a0edb3-d939-4c43-bbc5-0ed30023e35b	8	19008638	25117007	4536	-0.0056
90a0edb3-d939-4c43-bbc5-0ed30023e35b	8	25117062	25126818	24	-2.0988
90a0edb3-d939-4c43-bbc5-0ed30023e35b	8	25133589	36211336	7302	-0.007
90a0edb3-d939-4c43-bbc5-0ed30023e35b	8	36215045	36215384	2	-1.3705
90a0edb3-d939-4c43-bbc5-0ed30023e35b	8	36219541	39373140	1704	-0.0142
90a0edb3-d939-4c43-bbc5-0ed30023e35b	8	39378084	39526605	55	0.6511
90a0edb3-d939-4c43-bbc5-0ed30023e35b	8	39527181	40374912	660	-0.0002
90a0edb3-d939-4c43-bbc5-0ed30023e35b	8	40378368	40381056	7	-0.6299
90a0edb3-d939-4c43-bbc5-0ed30023e35b	8	40381805	40913994	410	0.0146
90a0edb3-d939-4c43-bbc5-0ed30023e35b	8	40914477	40920952	3	1.1692
90a0edb3-d939-4c43-bbc5-0ed30023e35b	8	40926161	46230180	1581	-0.0174
90a0edb3-d939-4c43-bbc5-0ed30023e35b	8	46230876	46258733	7	-0.7181
90a0edb3-d939-4c43-bbc5-0ed30023e35b	8	46261056	57461738	6720	-0.0026
90a0edb3-d939-4c43-bbc5-0ed30023e35b	8	57462012	57462888	4	-1.0966
90a0edb3-d939-4c43-bbc5-0ed30023e35b	8	57463019	83166271	15816	-0.0095
90a0edb3-d939-4c43-bbc5-0ed30023e35b	8	83175188	83215325	25	0.445
90a0edb3-d939-4c43-bbc5-0ed30023e35b	8	83215341	111282417	16773	-0.0056
90a0edb3-d939-4c43-bbc5-0ed30023e35b	8	111282441	111283016	5	-1.7132
90a0edb3-d939-4c43-bbc5-0ed30023e35b	8	111283031	114622325	1821	-0.0067
90a0edb3-d939-4c43-bbc5-0ed30023e35b	8	114622424	114622438	2	1.3027
90a0edb3-d939-4c43-bbc5-0ed30023e35b	8	114622478	114628843	22	-0.0924
90a0edb3-d939-4c43-bbc5-0ed30023e35b	8	114628907	114638558	11	0.5504
90a0edb3-d939-4c43-bbc5-0ed30023e35b	8	114642539	116592296	1192	-0.0099
90a0edb3-d939-4c43-bbc5-0ed30023e35b	8	116592513	116623338	42	-0.2915
90a0edb3-d939-4c43-bbc5-0ed30023e35b	8	116623363	133158243	11809	-0.002
90a0edb3-d939-4c43-bbc5-0ed30023e35b	8	133160540	133161292	12	0.6639
90a0edb3-d939-4c43-bbc5-0ed30023e35b	8	133161445	145072769	8004	-0.0114
90a0edb3-d939-4c43-bbc5-0ed30023e35b	9	46587	1264261	1238	-0.0292
90a0edb3-d939-4c43-bbc5-0ed30023e35b	9	1267148	1267812	2	-1.7434
90a0edb3-d939-4c43-bbc5-0ed30023e35b	9	1268294	1446459	219	-0.0662
90a0edb3-d939-4c43-bbc5-0ed30023e35b	9	1446987	1450320	12	-0.695
90a0edb3-d939-4c43-bbc5-0ed30023e35b	9	1453039	11622251	9503	0.0012
90a0edb3-d939-4c43-bbc5-0ed30023e35b	9	11622433	11707074	71	0.2808
90a0edb3-d939-4c43-bbc5-0ed30023e35b	9	11708459	11708630	4	1.3396
90a0edb3-d939-4c43-bbc5-0ed30023e35b	9	11711424	11879541	113	0.1515
90a0edb3-d939-4c43-bbc5-0ed30023e35b	9	11887372	23361807	9259	-0.0023
90a0edb3-d939-4c43-bbc5-0ed30023e35b	9	23363117	23366284	3	1.4194
90a0edb3-d939-4c43-bbc5-0ed30023e35b	9	23367171	24503818	801	0.0096
90a0edb3-d939-4c43-bbc5-0ed30023e35b	9	24504127	24517684	19	-0.8313
90a0edb3-d939-4c43-bbc5-0ed30023e35b	9	24519686	40228981	9943	-0.0072
90a0edb3-d939-4c43-bbc5-0ed30023e35b	9	40229601	64480578	312	-0.1803
90a0edb3-d939-4c43-bbc5-0ed30023e35b	9	64493528	64507211	8	-1.1656
90a0edb3-d939-4c43-bbc5-0ed30023e35b	9	64510407	64587807	6	-0.1744
90a0edb3-d939-4c43-bbc5-0ed30023e35b	9	64603195	69493576	1007	0.0064
90a0edb3-d939-4c43-bbc5-0ed30023e35b	9	69493611	69493659	5	1.1178
90a0edb3-d939-4c43-bbc5-0ed30023e35b	9	69493733	135294643	45836	-0.0066
90a0edb3-d939-4c43-bbc5-0ed30023e35b	9	135297914	135339617	46	0.3455
90a0edb3-d939-4c43-bbc5-0ed30023e35b	9	135345274	138200944	1077	-0.0172
90a0edb3-d939-4c43-bbc5-0ed30023e35b	10	45792	3901087	3270	-0.0041
90a0edb3-d939-4c43-bbc5-0ed30023e35b	10	3904418	3904877	5	-1.0505
90a0edb3-d939-4c43-bbc5-0ed30023e35b	10	3905635	53204092	32470	-0.0065
90a0edb3-d939-4c43-bbc5-0ed30023e35b	10	53204876	53286404	54	0.2868
90a0edb3-d939-4c43-bbc5-0ed30023e35b	10	53293578	56757557	2470	0.0074
90a0edb3-d939-4c43-bbc5-0ed30023e35b	10	56758796	56767077	25	-0.6814
90a0edb3-d939-4c43-bbc5-0ed30023e35b	10	56772992	65548193	6113	-0.0109
90a0edb3-d939-4c43-bbc5-0ed30023e35b	10	65548259	65554643	23	-0.5137
90a0edb3-d939-4c43-bbc5-0ed30023e35b	10	65554672	78920692	8762	-0.0068
90a0edb3-d939-4c43-bbc5-0ed30023e35b	10	78925218	78964631	30	-1.0266
90a0edb3-d939-4c43-bbc5-0ed30023e35b	10	78965720	133654968	37430	-0.0051
90a0edb3-d939-4c43-bbc5-0ed30023e35b	11	198510	3465494	1297	-0.0135
90a0edb3-d939-4c43-bbc5-0ed30023e35b	11	3466435	3467311	3	-1.4041
90a0edb3-d939-4c43-bbc5-0ed30023e35b	11	3485296	4949013	1119	-0.031
90a0edb3-d939-4c43-bbc5-0ed30023e35b	11	4949047	4954475	26	-1.3683
90a0edb3-d939-4c43-bbc5-0ed30023e35b	11	4955027	5598961	657	0.0173
90a0edb3-d939-4c43-bbc5-0ed30023e35b	11	5599199	5604617	4	0.8379
90a0edb3-d939-4c43-bbc5-0ed30023e35b	11	5607989	5757293	116	0
90a0edb3-d939-4c43-bbc5-0ed30023e35b	11	5761695	5787096	37	0.3793
90a0edb3-d939-4c43-bbc5-0ed30023e35b	11	5787110	55608804	31206	-0.0044
90a0edb3-d939-4c43-bbc5-0ed30023e35b	11	55609022	55695678	56	0.5488
90a0edb3-d939-4c43-bbc5-0ed30023e35b	11	55701048	101723653	28545	-0.0034
90a0edb3-d939-4c43-bbc5-0ed30023e35b	11	101727129	101727233	4	1.4014
90a0edb3-d939-4c43-bbc5-0ed30023e35b	11	101727481	125207472	16154	-0.0034
90a0edb3-d939-4c43-bbc5-0ed30023e35b	11	125207497	125208438	10	0.695
90a0edb3-d939-4c43-bbc5-0ed30023e35b	11	125208934	135074876	7555	-0.0092
90a0edb3-d939-4c43-bbc5-0ed30023e35b	12	51460	9466572	6164	-0.0322
90a0edb3-d939-4c43-bbc5-0ed30023e35b	12	9467109	9562969	30	-1.1087
90a0edb3-d939-4c43-bbc5-0ed30023e35b	12	9575696	11351157	1177	-0.0107
90a0edb3-d939-4c43-bbc5-0ed30023e35b	12	11358643	11390472	31	-0.8426
90a0edb3-d939-4c43-bbc5-0ed30023e35b	12	11399258	12383363	823	-0.0378
90a0edb3-d939-4c43-bbc5-0ed30023e35b	12	12383481	12388935	15	-0.7978
90a0edb3-d939-4c43-bbc5-0ed30023e35b	12	12389946	30086978	12264	-0.0347
90a0edb3-d939-4c43-bbc5-0ed30023e35b	12	30087113	30091102	24	0.4477
90a0edb3-d939-4c43-bbc5-0ed30023e35b	12	30091205	31112123	861	-0.0459
90a0edb3-d939-4c43-bbc5-0ed30023e35b	12	31116364	31249756	84	0.4469
90a0edb3-d939-4c43-bbc5-0ed30023e35b	12	31253875	33140973	1293	-0.0078
90a0edb3-d939-4c43-bbc5-0ed30023e35b	12	33141564	33246152	86	0.2281
90a0edb3-d939-4c43-bbc5-0ed30023e35b	12	33246810	83769408	29140	-0.0084
90a0edb3-d939-4c43-bbc5-0ed30023e35b	12	83769511	83771789	9	-0.8504
90a0edb3-d939-4c43-bbc5-0ed30023e35b	12	83771808	115803432	21100	-0.0036
90a0edb3-d939-4c43-bbc5-0ed30023e35b	12	115803533	115803615	6	0.944
90a0edb3-d939-4c43-bbc5-0ed30023e35b	12	115805460	124348060	4987	-0.0076
90a0edb3-d939-4c43-bbc5-0ed30023e35b	12	124348757	124348852	2	1.3546
90a0edb3-d939-4c43-bbc5-0ed30023e35b	12	124350376	128746271	3648	-0.0009
90a0edb3-d939-4c43-bbc5-0ed30023e35b	12	128746531	128747752	4	-1.1712
90a0edb3-d939-4c43-bbc5-0ed30023e35b	12	128748000	133201603	3062	-0.0061
90a0edb3-d939-4c43-bbc5-0ed30023e35b	13	18452809	18999006	175	-0.0027
90a0edb3-d939-4c43-bbc5-0ed30023e35b	13	19002240	19009523	3	-1.3611
90a0edb3-d939-4c43-bbc5-0ed30023e35b	13	19012614	31957984	9384	-0.0093
90a0edb3-d939-4c43-bbc5-0ed30023e35b	13	31958485	31964286	18	-0.9108
90a0edb3-d939-4c43-bbc5-0ed30023e35b	13	31965910	57097752	16399	-0.0131
90a0edb3-d939-4c43-bbc5-0ed30023e35b	13	57099677	57099696	2	-1.4141
90a0edb3-d939-4c43-bbc5-0ed30023e35b	13	57102230	57184492	39	0.0697
90a0edb3-d939-4c43-bbc5-0ed30023e35b	13	57189013	57215580	30	0.3986
90a0edb3-d939-4c43-bbc5-0ed30023e35b	13	57215875	70175852	7895	-0.0008
90a0edb3-d939-4c43-bbc5-0ed30023e35b	13	70179808	70181602	6	1.0135
90a0edb3-d939-4c43-bbc5-0ed30023e35b	13	70181629	71902850	1088	0.0015
90a0edb3-d939-4c43-bbc5-0ed30023e35b	13	71903417	71906418	4	-2.8078
90a0edb3-d939-4c43-bbc5-0ed30023e35b	13	71906467	114342922	29093	-0.0098
90a0edb3-d939-4c43-bbc5-0ed30023e35b	14	18239283	21959698	1556	0.017
90a0edb3-d939-4c43-bbc5-0ed30023e35b	14	21960136	22501590	460	0.1953
90a0edb3-d939-4c43-bbc5-0ed30023e35b	14	22502281	24476835	1134	-0.0077
90a0edb3-d939-4c43-bbc5-0ed30023e35b	14	24476946	24478487	3	-1.2191
90a0edb3-d939-4c43-bbc5-0ed30023e35b	14	24478558	73540003	31069	-0.0075
90a0edb3-d939-4c43-bbc5-0ed30023e35b	14	73540147	73563196	8	0.7712
90a0edb3-d939-4c43-bbc5-0ed30023e35b	14	73563211	93147717	12844	-0.0058
90a0edb3-d939-4c43-bbc5-0ed30023e35b	14	93149262	93153161	8	-0.7259
90a0edb3-d939-4c43-bbc5-0ed30023e35b	14	93153175	106301365	8008	-0.0122
90a0edb3-d939-4c43-bbc5-0ed30023e35b	14	106305728	106503707	107	0.3541
90a0edb3-d939-4c43-bbc5-0ed30023e35b	14	106504296	106877229	183	-0.0522
90a0edb3-d939-4c43-bbc5-0ed30023e35b	15	19811075	20056983	49	-0.0874
90a0edb3-d939-4c43-bbc5-0ed30023e35b	15	20059033	21268107	122	0.2962
90a0edb3-d939-4c43-bbc5-0ed30023e35b	15	21271643	24396515	1020	-0.008
90a0edb3-d939-4c43-bbc5-0ed30023e35b	15	24401996	24473026	40	-0.5948
90a0edb3-d939-4c43-bbc5-0ed30023e35b	15	24473449	30231102	3606	-0.0135
90a0edb3-d939-4c43-bbc5-0ed30023e35b	15	30252720	30608675	26	-1.1815
90a0edb3-d939-4c43-bbc5-0ed30023e35b	15	30621384	32107116	999	-0.005
90a0edb3-d939-4c43-bbc5-0ed30023e35b	15	32108684	32110786	3	1.2245
90a0edb3-d939-4c43-bbc5-0ed30023e35b	15	32111129	45067896	7891	-0.0075
90a0edb3-d939-4c43-bbc5-0ed30023e35b	15	45075326	45075651	2	-2.2275
90a0edb3-d939-4c43-bbc5-0ed30023e35b	15	45078326	66587884	14246	-0.0104
90a0edb3-d939-4c43-bbc5-0ed30023e35b	15	66588398	66589670	2	-1.4052
90a0edb3-d939-4c43-bbc5-0ed30023e35b	15	66590070	71375388	3183	-0.0119
90a0edb3-d939-4c43-bbc5-0ed30023e35b	15	71375801	71375895	2	-1.5573
90a0edb3-d939-4c43-bbc5-0ed30023e35b	15	71376173	93258594	13804	-0.002
90a0edb3-d939-4c43-bbc5-0ed30023e35b	15	93258937	93430658	198	-0.1839
90a0edb3-d939-4c43-bbc5-0ed30023e35b	15	93431668	101928837	6342	-0.0098
90a0edb3-d939-4c43-bbc5-0ed30023e35b	16	10777	2593307	884	-0.008
90a0edb3-d939-4c43-bbc5-0ed30023e35b	16	2595964	2596118	2	1.4151
90a0edb3-d939-4c43-bbc5-0ed30023e35b	16	2598739	5558088	1739	-0.0141
90a0edb3-d939-4c43-bbc5-0ed30023e35b	16	5558150	5566053	14	-0.5228
90a0edb3-d939-4c43-bbc5-0ed30023e35b	16	5566210	6705413	1369	0.0012
90a0edb3-d939-4c43-bbc5-0ed30023e35b	16	6705600	6705678	3	1.3008
90a0edb3-d939-4c43-bbc5-0ed30023e35b	16	6706337	16563603	7760	0.0015
90a0edb3-d939-4c43-bbc5-0ed30023e35b	16	16569719	16743769	20	-0.6825
90a0edb3-d939-4c43-bbc5-0ed30023e35b	16	16761504	18153433	975	0.0093
90a0edb3-d939-4c43-bbc5-0ed30023e35b	16	18162067	18260900	6	-1.0961
90a0edb3-d939-4c43-bbc5-0ed30023e35b	16	18284998	18705983	17	0.2012
90a0edb3-d939-4c43-bbc5-0ed30023e35b	16	18713525	18730788	3	1.1479
90a0edb3-d939-4c43-bbc5-0ed30023e35b	16	18731740	21534960	1607	-0.0189
90a0edb3-d939-4c43-bbc5-0ed30023e35b	16	21552783	22665544	427	0.0972
90a0edb3-d939-4c43-bbc5-0ed30023e35b	16	22668748	32169655	5145	-0.0001
90a0edb3-d939-4c43-bbc5-0ed30023e35b	16	32197425	32629651	17	-0.8387
90a0edb3-d939-4c43-bbc5-0ed30023e35b	16	32832214	70090862	15714	-0.0015
90a0edb3-d939-4c43-bbc5-0ed30023e35b	16	70091271	70179141	19	0.5683
90a0edb3-d939-4c43-bbc5-0ed30023e35b	16	70200633	74364131	2298	0.0038
90a0edb3-d939-4c43-bbc5-0ed30023e35b	16	74371293	74373481	4	1.0464
90a0edb3-d939-4c43-bbc5-0ed30023e35b	16	74418138	83760390	9341	-0.0073
90a0edb3-d939-4c43-bbc5-0ed30023e35b	16	83760392	83760401	2	-1.6262
90a0edb3-d939-4c43-bbc5-0ed30023e35b	16	83760419	90096867	4491	-0.0041
90a0edb3-d939-4c43-bbc5-0ed30023e35b	17	150733	12434217	7512	-0.0028
90a0edb3-d939-4c43-bbc5-0ed30023e35b	17	12434280	12435436	2	-1.7616
90a0edb3-d939-4c43-bbc5-0ed30023e35b	17	12436261	18414080	3876	-0.0116
90a0edb3-d939-4c43-bbc5-0ed30023e35b	17	18452078	18550123	25	-1.4307
90a0edb3-d939-4c43-bbc5-0ed30023e35b	17	18561272	41265456	9390	-0.0124
90a0edb3-d939-4c43-bbc5-0ed30023e35b	17	41266762	41274198	23	1.2333
90a0edb3-d939-4c43-bbc5-0ed30023e35b	17	41274279	46117997	2519	-0.0091
90a0edb3-d939-4c43-bbc5-0ed30023e35b	17	46118359	46194634	70	-0.3712
90a0edb3-d939-4c43-bbc5-0ed30023e35b	17	46199017	46323701	35	-0.118
90a0edb3-d939-4c43-bbc5-0ed30023e35b	17	46351954	46446360	3	1.4253
90a0edb3-d939-4c43-bbc5-0ed30023e35b	17	46569894	57610128	7003	-0.0061
90a0edb3-d939-4c43-bbc5-0ed30023e35b	17	57610972	57611632	2	-1.4137
90a0edb3-d939-4c43-bbc5-0ed30023e35b	17	57614632	58117885	350	-0.0241
90a0edb3-d939-4c43-bbc5-0ed30023e35b	17	58123113	58136733	6	-0.6733
90a0edb3-d939-4c43-bbc5-0ed30023e35b	17	58140037	62186411	1965	0.0063
90a0edb3-d939-4c43-bbc5-0ed30023e35b	17	62186761	62186850	2	-1.4334
90a0edb3-d939-4c43-bbc5-0ed30023e35b	17	62186879	74328949	7826	-0.0119
90a0edb3-d939-4c43-bbc5-0ed30023e35b	17	74330343	74361159	17	-0.484
90a0edb3-d939-4c43-bbc5-0ed30023e35b	17	74371488	76778743	1176	-0.0164
90a0edb3-d939-4c43-bbc5-0ed30023e35b	17	76779413	76786609	6	0.8671
90a0edb3-d939-4c43-bbc5-0ed30023e35b	17	76789516	83091923	3217	0.0024
90a0edb3-d939-4c43-bbc5-0ed30023e35b	18	48133	42476720	24022	-0.0072
90a0edb3-d939-4c43-bbc5-0ed30023e35b	18	42476918	42477133	6	0.8229
90a0edb3-d939-4c43-bbc5-0ed30023e35b	18	42477186	44394853	1138	-0.0205
90a0edb3-d939-4c43-bbc5-0ed30023e35b	18	44396921	44398660	6	-0.8654
90a0edb3-d939-4c43-bbc5-0ed30023e35b	18	44402706	53997831	6765	-0.0029
90a0edb3-d939-4c43-bbc5-0ed30023e35b	18	53998472	53998782	3	-1.6913
90a0edb3-d939-4c43-bbc5-0ed30023e35b	18	54001998	65532801	7968	-0.0015
90a0edb3-d939-4c43-bbc5-0ed30023e35b	18	65532809	65540145	23	0.4417
90a0edb3-d939-4c43-bbc5-0ed30023e35b	18	65540175	66054343	356	0.0498
90a0edb3-d939-4c43-bbc5-0ed30023e35b	18	66060256	66065571	15	0.6174
90a0edb3-d939-4c43-bbc5-0ed30023e35b	18	66065592	66095064	44	-0.0904
90a0edb3-d939-4c43-bbc5-0ed30023e35b	18	66099904	66100686	3	-1.8293
90a0edb3-d939-4c43-bbc5-0ed30023e35b	18	66108359	67291970	771	0.0197
90a0edb3-d939-4c43-bbc5-0ed30023e35b	18	67291986	67294286	12	0.6032
90a0edb3-d939-4c43-bbc5-0ed30023e35b	18	67298490	72492274	3835	0.0075
90a0edb3-d939-4c43-bbc5-0ed30023e35b	18	72498008	72498145	3	1.184
90a0edb3-d939-4c43-bbc5-0ed30023e35b	18	72506760	76731594	3416	0
90a0edb3-d939-4c43-bbc5-0ed30023e35b	18	76731670	76736773	6	-0.8642
90a0edb3-d939-4c43-bbc5-0ed30023e35b	18	76737897	80257174	2332	-0.0091
90a0edb3-d939-4c43-bbc5-0ed30023e35b	19	90910	6943527	2290	-0.0096
90a0edb3-d939-4c43-bbc5-0ed30023e35b	19	6950049	6950097	2	1.3872
90a0edb3-d939-4c43-bbc5-0ed30023e35b	19	6950682	20970252	6934	-0.01
90a0edb3-d939-4c43-bbc5-0ed30023e35b	19	20970273	20970668	2	-1.5501
90a0edb3-d939-4c43-bbc5-0ed30023e35b	19	20971362	35358420	7470	-0.0048
90a0edb3-d939-4c43-bbc5-0ed30023e35b	19	35364451	35370946	21	-0.6536
90a0edb3-d939-4c43-bbc5-0ed30023e35b	19	35375842	58586487	12374	-0.0177
90a0edb3-d939-4c43-bbc5-0ed30023e35b	20	80664	1580276	1201	-0.0155
90a0edb3-d939-4c43-bbc5-0ed30023e35b	20	1580305	1601561	38	1.0673
90a0edb3-d939-4c43-bbc5-0ed30023e35b	20	1609611	64324800	41123	-0.0086
90a0edb3-d939-4c43-bbc5-0ed30023e35b	21	10354168	10551986	44	-0.3852
90a0edb3-d939-4c43-bbc5-0ed30023e35b	21	10552032	13028693	53	0.0407
90a0edb3-d939-4c43-bbc5-0ed30023e35b	21	13080541	13166157	13	-0.6009
90a0edb3-d939-4c43-bbc5-0ed30023e35b	21	13166236	22905766	6639	-0.0017
90a0edb3-d939-4c43-bbc5-0ed30023e35b	21	22917746	22939774	20	0.4521
90a0edb3-d939-4c43-bbc5-0ed30023e35b	21	22943849	30819263	5940	-0.0043
90a0edb3-d939-4c43-bbc5-0ed30023e35b	21	30819803	30828654	3	-1.2302
90a0edb3-d939-4c43-bbc5-0ed30023e35b	21	30828726	38524375	5561	-0.0083
90a0edb3-d939-4c43-bbc5-0ed30023e35b	21	38524450	38524668	2	-1.2947
90a0edb3-d939-4c43-bbc5-0ed30023e35b	21	38525094	38638047	94	0.0393
90a0edb3-d939-4c43-bbc5-0ed30023e35b	21	38641440	38662572	28	0.3789
90a0edb3-d939-4c43-bbc5-0ed30023e35b	21	38664319	46570289	5368	-0.0081
90a0edb3-d939-4c43-bbc5-0ed30023e35b	21	46572809	46591152	11	0.5064
90a0edb3-d939-4c43-bbc5-0ed30023e35b	21	46597035	46677045	77	-0.1742
90a0edb3-d939-4c43-bbc5-0ed30023e35b	22	15294547	19924600	1769	-0.0039
90a0edb3-d939-4c43-bbc5-0ed30023e35b	22	19925860	20573388	382	-0.1298
90a0edb3-d939-4c43-bbc5-0ed30023e35b	22	20575154	20761733	165	-0.0384
90a0edb3-d939-4c43-bbc5-0ed30023e35b	22	20761909	20761987	4	0.8788
90a0edb3-d939-4c43-bbc5-0ed30023e35b	22	20762428	20947378	227	-0.0168
90a0edb3-d939-4c43-bbc5-0ed30023e35b	22	20947505	20948074	4	-1.0641
90a0edb3-d939-4c43-bbc5-0ed30023e35b	22	20948169	22092333	533	-0.0163
90a0edb3-d939-4c43-bbc5-0ed30023e35b	22	22092466	22093113	12	0.5989
90a0edb3-d939-4c43-bbc5-0ed30023e35b	22	22093125	22198444	193	-0.0217
90a0edb3-d939-4c43-bbc5-0ed30023e35b	22	22198519	22200591	12	-0.6366
90a0edb3-d939-4c43-bbc5-0ed30023e35b	22	22200684	22611057	262	-0.0082
90a0edb3-d939-4c43-bbc5-0ed30023e35b	22	22611600	22611613	2	1.4302
90a0edb3-d939-4c43-bbc5-0ed30023e35b	22	22620004	38967614	11661	-0.01
90a0edb3-d939-4c43-bbc5-0ed30023e35b	22	38967679	38975837	19	-0.8243
90a0edb3-d939-4c43-bbc5-0ed30023e35b	22	38975897	40749108	859	0.0094
90a0edb3-d939-4c43-bbc5-0ed30023e35b	22	40749600	40753715	3	-1.0909
90a0edb3-d939-4c43-bbc5-0ed30023e35b	22	40756027	42501276	1031	-0.0003
90a0edb3-d939-4c43-bbc5-0ed30023e35b	22	42503434	42538456	21	0.5835
90a0edb3-d939-4c43-bbc5-0ed30023e35b	22	42546956	48892446	4874	-0.0046
90a0edb3-d939-4c43-bbc5-0ed30023e35b	22	48892773	49800910	805	-0.1032
90a0edb3-d939-4c43-bbc5-0ed30023e35b	22	49804885	50796027	420	-0.0028
90a0edb3-d939-4c43-bbc5-0ed30023e35b	X	251810	4055702	846	0.0172
90a0edb3-d939-4c43-bbc5-0ed30023e35b	X	4057015	4204571	146	-0.1916
90a0edb3-d939-4c43-bbc5-0ed30023e35b	X	4204803	5846937	1386	0.0335
90a0edb3-d939-4c43-bbc5-0ed30023e35b	X	5846985	5862949	44	0.3541
90a0edb3-d939-4c43-bbc5-0ed30023e35b	X	5867462	86646025	42303	0.0057
90a0edb3-d939-4c43-bbc5-0ed30023e35b	X	86647168	86657477	4	-1.3822
90a0edb3-d939-4c43-bbc5-0ed30023e35b	X	86657655	115053530	14999	0.0109
90a0edb3-d939-4c43-bbc5-0ed30023e35b	X	115053872	115053997	3	1.2674
90a0edb3-d939-4c43-bbc5-0ed30023e35b	X	115055355	140920136	14785	0.0049
90a0edb3-d939-4c43-bbc5-0ed30023e35b	X	140920239	140934140	12	-0.6028
90a0edb3-d939-4c43-bbc5-0ed30023e35b	X	140934418	148493073	5114	0.0127
90a0edb3-d939-4c43-bbc5-0ed30023e35b	X	148496949	148498367	5	-1.0331
90a0edb3-d939-4c43-bbc5-0ed30023e35b	X	148499550	151124426	1634	-0.0143
90a0edb3-d939-4c43-bbc5-0ed30023e35b	X	151125462	151128083	3	-1.8764
90a0edb3-d939-4c43-bbc5-0ed30023e35b	X	151131052	155952689	2362	-0.0013
90a0edb3-d939-4c43-bbc5-0ed30023e35b	Y	2782397	56872112	6639	-0.9486
