GDC_Aliquot	Chromosome	Start	End	Num_Probes	Segment_Mean
98c2fa71-63aa-4bfe-b49e-41aa4abdb391	1	62920	16627800	8622	0.2045
98c2fa71-63aa-4bfe-b49e-41aa4abdb391	1	16636774	16721910	28	0.6263
98c2fa71-63aa-4bfe-b49e-41aa4abdb391	1	16721984	25256800	5307	0.2023
98c2fa71-63aa-4bfe-b49e-41aa4abdb391	1	25256850	25336853	27	-0.1856
98c2fa71-63aa-4bfe-b49e-41aa4abdb391	1	25346663	28848540	1452	0.1903
98c2fa71-63aa-4bfe-b49e-41aa4abdb391	1	28849701	29160370	123	-0.1571
98c2fa71-63aa-4bfe-b49e-41aa4abdb391	1	29160558	40555364	6537	0.1942
98c2fa71-63aa-4bfe-b49e-41aa4abdb391	1	40556404	40562538	4	-0.8303
98c2fa71-63aa-4bfe-b49e-41aa4abdb391	1	40563254	72302815	20468	0.2096
98c2fa71-63aa-4bfe-b49e-41aa4abdb391	1	72303233	72345465	46	-0.8585
98c2fa71-63aa-4bfe-b49e-41aa4abdb391	1	72346221	105476583	20863	0.2226
98c2fa71-63aa-4bfe-b49e-41aa4abdb391	1	105476614	105479753	16	-1.5271
98c2fa71-63aa-4bfe-b49e-41aa4abdb391	1	105481433	108951525	2283	0.2208
98c2fa71-63aa-4bfe-b49e-41aa4abdb391	1	108954232	108955523	14	-2.3515
98c2fa71-63aa-4bfe-b49e-41aa4abdb391	1	108961034	109684695	328	0.2236
98c2fa71-63aa-4bfe-b49e-41aa4abdb391	1	109684893	109702376	15	-0.5174
98c2fa71-63aa-4bfe-b49e-41aa4abdb391	1	109703504	109707950	5	0.3442
98c2fa71-63aa-4bfe-b49e-41aa4abdb391	1	109707962	109709168	6	-0.1983
98c2fa71-63aa-4bfe-b49e-41aa4abdb391	1	109709226	109886400	116	0.2218
98c2fa71-63aa-4bfe-b49e-41aa4abdb391	1	109886492	109888398	2	-0.8703
98c2fa71-63aa-4bfe-b49e-41aa4abdb391	1	109888800	114289343	3147	0.2252
98c2fa71-63aa-4bfe-b49e-41aa4abdb391	1	114291004	114291088	2	-1.6613
98c2fa71-63aa-4bfe-b49e-41aa4abdb391	1	114291180	115167593	504	0.1993
98c2fa71-63aa-4bfe-b49e-41aa4abdb391	1	115171117	143546851	3319	0.4301
98c2fa71-63aa-4bfe-b49e-41aa4abdb391	1	143547055	144932423	138	0.0781
98c2fa71-63aa-4bfe-b49e-41aa4abdb391	1	145642976	146150530	162	0.4124
98c2fa71-63aa-4bfe-b49e-41aa4abdb391	1	146161924	148001943	617	0.6305
98c2fa71-63aa-4bfe-b49e-41aa4abdb391	1	148006214	149041886	79	0.3131
98c2fa71-63aa-4bfe-b49e-41aa4abdb391	1	149370761	152583051	1425	0.5973
98c2fa71-63aa-4bfe-b49e-41aa4abdb391	1	152583230	152602773	23	1.3488
98c2fa71-63aa-4bfe-b49e-41aa4abdb391	1	152602985	152613762	8	0.8786
98c2fa71-63aa-4bfe-b49e-41aa4abdb391	1	152613802	152787202	170	0.6361
98c2fa71-63aa-4bfe-b49e-41aa4abdb391	1	152789447	152795783	32	1.1583
98c2fa71-63aa-4bfe-b49e-41aa4abdb391	1	152795805	153608791	586	0.643
98c2fa71-63aa-4bfe-b49e-41aa4abdb391	1	153614081	155941194	1078	0.5709
98c2fa71-63aa-4bfe-b49e-41aa4abdb391	1	155945197	158989785	1998	0.6694
98c2fa71-63aa-4bfe-b49e-41aa4abdb391	1	158992249	158993006	2	-1.221
98c2fa71-63aa-4bfe-b49e-41aa4abdb391	1	158997074	161647641	1574	0.6645
98c2fa71-63aa-4bfe-b49e-41aa4abdb391	1	161647657	161649268	8	-0.8552
98c2fa71-63aa-4bfe-b49e-41aa4abdb391	1	161678447	165217698	2806	0.6918
98c2fa71-63aa-4bfe-b49e-41aa4abdb391	1	165220096	165275080	45	0.4558
98c2fa71-63aa-4bfe-b49e-41aa4abdb391	1	165276626	186502104	14441	0.3125
98c2fa71-63aa-4bfe-b49e-41aa4abdb391	1	186502169	186530794	10	-0.2854
98c2fa71-63aa-4bfe-b49e-41aa4abdb391	1	186533562	187323476	500	0.3217
98c2fa71-63aa-4bfe-b49e-41aa4abdb391	1	187329235	187331953	5	-0.6448
98c2fa71-63aa-4bfe-b49e-41aa4abdb391	1	187336153	195437317	5406	0.3246
98c2fa71-63aa-4bfe-b49e-41aa4abdb391	1	195440575	195446615	5	-0.7599
98c2fa71-63aa-4bfe-b49e-41aa4abdb391	1	195449792	196745743	844	0.3141
98c2fa71-63aa-4bfe-b49e-41aa4abdb391	1	196758720	196762956	4	-1.2182
98c2fa71-63aa-4bfe-b49e-41aa4abdb391	1	196769493	196788990	31	0.4259
98c2fa71-63aa-4bfe-b49e-41aa4abdb391	1	196789019	196790158	4	-1.3616
98c2fa71-63aa-4bfe-b49e-41aa4abdb391	1	196792690	196847600	23	-0.3692
98c2fa71-63aa-4bfe-b49e-41aa4abdb391	1	196854187	196936029	61	-1.0676
98c2fa71-63aa-4bfe-b49e-41aa4abdb391	1	196940515	210593654	9194	0.3173
98c2fa71-63aa-4bfe-b49e-41aa4abdb391	1	210593761	210598056	2	-2.1723
98c2fa71-63aa-4bfe-b49e-41aa4abdb391	1	210599098	211887976	807	0.3025
98c2fa71-63aa-4bfe-b49e-41aa4abdb391	1	211895993	240228440	19734	0.5129
98c2fa71-63aa-4bfe-b49e-41aa4abdb391	1	240230715	240230839	6	-1.2712
98c2fa71-63aa-4bfe-b49e-41aa4abdb391	1	240232805	248546369	5658	0.5039
98c2fa71-63aa-4bfe-b49e-41aa4abdb391	1	248550567	248633912	35	-1.5435
98c2fa71-63aa-4bfe-b49e-41aa4abdb391	1	248645563	248930189	141	0.4449
98c2fa71-63aa-4bfe-b49e-41aa4abdb391	2	12784	6160448	4683	0.2819
98c2fa71-63aa-4bfe-b49e-41aa4abdb391	2	6160541	6167743	26	-0.5365
98c2fa71-63aa-4bfe-b49e-41aa4abdb391	2	6170371	17982303	8794	0.2658
98c2fa71-63aa-4bfe-b49e-41aa4abdb391	2	17992409	18011990	49	-0.5241
98c2fa71-63aa-4bfe-b49e-41aa4abdb391	2	18011998	35750907	11354	0.2649
98c2fa71-63aa-4bfe-b49e-41aa4abdb391	2	35752724	35762850	6	-1.1735
98c2fa71-63aa-4bfe-b49e-41aa4abdb391	2	35762881	41583758	4356	0.2796
98c2fa71-63aa-4bfe-b49e-41aa4abdb391	2	41587034	48884877	5108	0.243
98c2fa71-63aa-4bfe-b49e-41aa4abdb391	2	48885175	52527362	2599	0.2656
98c2fa71-63aa-4bfe-b49e-41aa4abdb391	2	52527423	52537117	15	-0.2302
98c2fa71-63aa-4bfe-b49e-41aa4abdb391	2	52537337	52554157	14	-0.6204
98c2fa71-63aa-4bfe-b49e-41aa4abdb391	2	52554188	52563002	10	-0.261
98c2fa71-63aa-4bfe-b49e-41aa4abdb391	2	52563355	56726815	3048	0.2609
98c2fa71-63aa-4bfe-b49e-41aa4abdb391	2	56728197	59469062	1756	0.3569
98c2fa71-63aa-4bfe-b49e-41aa4abdb391	2	59479165	68655815	5749	0.251
98c2fa71-63aa-4bfe-b49e-41aa4abdb391	2	68656101	69665606	719	0.1282
98c2fa71-63aa-4bfe-b49e-41aa4abdb391	2	69667817	70318410	356	0.3006
98c2fa71-63aa-4bfe-b49e-41aa4abdb391	2	70318756	87169691	10289	0.3424
98c2fa71-63aa-4bfe-b49e-41aa4abdb391	2	87171379	87516162	77	0.0164
98c2fa71-63aa-4bfe-b49e-41aa4abdb391	2	87519870	88383797	282	0.3391
98c2fa71-63aa-4bfe-b49e-41aa4abdb391	2	88384248	89027904	343	0.4691
98c2fa71-63aa-4bfe-b49e-41aa4abdb391	2	89038181	89094582	11	-0.1943
98c2fa71-63aa-4bfe-b49e-41aa4abdb391	2	89100474	94669081	247	0.2901
98c2fa71-63aa-4bfe-b49e-41aa4abdb391	2	94675825	95997863	394	-0.1496
98c2fa71-63aa-4bfe-b49e-41aa4abdb391	2	95998289	96006930	5	0.6575
98c2fa71-63aa-4bfe-b49e-41aa4abdb391	2	96011976	97359885	475	-0.1484
98c2fa71-63aa-4bfe-b49e-41aa4abdb391	2	97524284	97545247	8	-0.8264
98c2fa71-63aa-4bfe-b49e-41aa4abdb391	2	97545726	106186589	5510	-0.1728
98c2fa71-63aa-4bfe-b49e-41aa4abdb391	2	106189496	106189739	2	-1.6971
98c2fa71-63aa-4bfe-b49e-41aa4abdb391	2	106190391	128881408	13399	-0.1594
98c2fa71-63aa-4bfe-b49e-41aa4abdb391	2	128881423	128881662	6	-2.0882
98c2fa71-63aa-4bfe-b49e-41aa4abdb391	2	128882723	129597933	575	-0.1366
98c2fa71-63aa-4bfe-b49e-41aa4abdb391	2	129598357	129598636	2	-4.1823
98c2fa71-63aa-4bfe-b49e-41aa4abdb391	2	129598954	131451422	724	-0.1411
98c2fa71-63aa-4bfe-b49e-41aa4abdb391	2	131451437	131480058	17	-0.6371
98c2fa71-63aa-4bfe-b49e-41aa4abdb391	2	131481227	142552650	7018	-0.1534
98c2fa71-63aa-4bfe-b49e-41aa4abdb391	2	142554806	142555110	2	-1.7961
98c2fa71-63aa-4bfe-b49e-41aa4abdb391	2	142557621	146107615	2037	-0.1641
98c2fa71-63aa-4bfe-b49e-41aa4abdb391	2	146107675	146109366	16	-1.5409
98c2fa71-63aa-4bfe-b49e-41aa4abdb391	2	146120238	153294289	4397	-0.1612
98c2fa71-63aa-4bfe-b49e-41aa4abdb391	2	153294954	153297833	5	-2.5238
98c2fa71-63aa-4bfe-b49e-41aa4abdb391	2	153303929	168438641	8883	-0.1461
98c2fa71-63aa-4bfe-b49e-41aa4abdb391	2	168439167	168440571	4	-1.8224
98c2fa71-63aa-4bfe-b49e-41aa4abdb391	2	168441456	183076994	9359	-0.1596
98c2fa71-63aa-4bfe-b49e-41aa4abdb391	2	183077905	185932330	1700	-0.003
98c2fa71-63aa-4bfe-b49e-41aa4abdb391	2	185942541	212520793	15650	-0.1484
98c2fa71-63aa-4bfe-b49e-41aa4abdb391	2	212520898	212521351	2	-1.9312
98c2fa71-63aa-4bfe-b49e-41aa4abdb391	2	212522839	236759708	15599	-0.1564
98c2fa71-63aa-4bfe-b49e-41aa4abdb391	2	236763451	236894557	135	0.1847
98c2fa71-63aa-4bfe-b49e-41aa4abdb391	2	236894657	242147305	3064	-0.1826
98c2fa71-63aa-4bfe-b49e-41aa4abdb391	3	20930	182919	152	-0.2174
98c2fa71-63aa-4bfe-b49e-41aa4abdb391	3	188339	191117	4	-2.5544
98c2fa71-63aa-4bfe-b49e-41aa4abdb391	3	193194	11599465	9451	-0.1416
98c2fa71-63aa-4bfe-b49e-41aa4abdb391	3	11600061	11675397	66	-0.735
98c2fa71-63aa-4bfe-b49e-41aa4abdb391	3	11677576	11938514	207	-0.1797
98c2fa71-63aa-4bfe-b49e-41aa4abdb391	3	11938590	11945060	3	-1.8164
98c2fa71-63aa-4bfe-b49e-41aa4abdb391	3	11945308	46751887	23118	-0.1372
98c2fa71-63aa-4bfe-b49e-41aa4abdb391	3	46760327	46806126	38	-1.3378
98c2fa71-63aa-4bfe-b49e-41aa4abdb391	3	46807689	62795134	10019	-0.1341
98c2fa71-63aa-4bfe-b49e-41aa4abdb391	3	62796793	62814783	17	-0.4307
98c2fa71-63aa-4bfe-b49e-41aa4abdb391	3	62815398	62815412	2	-2.3392
98c2fa71-63aa-4bfe-b49e-41aa4abdb391	3	62817164	68697108	4453	-0.1172
98c2fa71-63aa-4bfe-b49e-41aa4abdb391	3	68697133	68698262	13	-0.6342
98c2fa71-63aa-4bfe-b49e-41aa4abdb391	3	68699607	72632166	2997	-0.1381
98c2fa71-63aa-4bfe-b49e-41aa4abdb391	3	72633168	85980994	7646	-0.4337
98c2fa71-63aa-4bfe-b49e-41aa4abdb391	3	85981150	86395719	239	-0.2573
98c2fa71-63aa-4bfe-b49e-41aa4abdb391	3	86396844	86665954	159	-0.4598
98c2fa71-63aa-4bfe-b49e-41aa4abdb391	3	86667955	86668086	2	-2.9179
98c2fa71-63aa-4bfe-b49e-41aa4abdb391	3	86672451	93801172	1956	-0.4383
98c2fa71-63aa-4bfe-b49e-41aa4abdb391	3	93804513	111458348	10133	-0.2909
98c2fa71-63aa-4bfe-b49e-41aa4abdb391	3	111459853	111460492	2	-2.7738
98c2fa71-63aa-4bfe-b49e-41aa4abdb391	3	111468195	130035506	11326	-0.2959
98c2fa71-63aa-4bfe-b49e-41aa4abdb391	3	130035762	130087209	42	0.1358
98c2fa71-63aa-4bfe-b49e-41aa4abdb391	3	130087393	131137011	610	-0.3057
98c2fa71-63aa-4bfe-b49e-41aa4abdb391	3	131138605	136182940	3359	-0.1434
98c2fa71-63aa-4bfe-b49e-41aa4abdb391	3	136191890	136250913	25	-0.7361
98c2fa71-63aa-4bfe-b49e-41aa4abdb391	3	136251079	136338389	26	-0.4642
98c2fa71-63aa-4bfe-b49e-41aa4abdb391	3	136338990	136625279	97	-0.7229
98c2fa71-63aa-4bfe-b49e-41aa4abdb391	3	136630304	136673382	20	-0.2846
98c2fa71-63aa-4bfe-b49e-41aa4abdb391	3	136676699	136705476	11	-0.9671
98c2fa71-63aa-4bfe-b49e-41aa4abdb391	3	136708960	136754886	14	-0.1702
98c2fa71-63aa-4bfe-b49e-41aa4abdb391	3	136756167	147515338	6643	0.3222
98c2fa71-63aa-4bfe-b49e-41aa4abdb391	3	147520529	147520995	2	-1.7871
98c2fa71-63aa-4bfe-b49e-41aa4abdb391	3	147524020	154881811	4598	0.3089
98c2fa71-63aa-4bfe-b49e-41aa4abdb391	3	154903895	154910589	4	-1.2394
98c2fa71-63aa-4bfe-b49e-41aa4abdb391	3	154922754	162794951	4788	0.319
98c2fa71-63aa-4bfe-b49e-41aa4abdb391	3	162795304	162908207	68	-1.2065
98c2fa71-63aa-4bfe-b49e-41aa4abdb391	3	162908784	170515855	4386	0.3345
98c2fa71-63aa-4bfe-b49e-41aa4abdb391	3	170524832	170525014	2	-1.4677
98c2fa71-63aa-4bfe-b49e-41aa4abdb391	3	170525050	173392722	1844	0.3229
98c2fa71-63aa-4bfe-b49e-41aa4abdb391	3	173393493	173590412	148	0.141
98c2fa71-63aa-4bfe-b49e-41aa4abdb391	3	173590556	173590573	2	-2.6371
98c2fa71-63aa-4bfe-b49e-41aa4abdb391	3	173593604	177348995	2482	0.1375
98c2fa71-63aa-4bfe-b49e-41aa4abdb391	3	177360474	177554144	135	0.2561
98c2fa71-63aa-4bfe-b49e-41aa4abdb391	3	177556691	177558164	2	-1.2638
98c2fa71-63aa-4bfe-b49e-41aa4abdb391	3	177558772	186688349	5373	0.2159
98c2fa71-63aa-4bfe-b49e-41aa4abdb391	3	186695072	186699982	11	-1.9804
98c2fa71-63aa-4bfe-b49e-41aa4abdb391	3	186704081	187102843	311	0.1744
98c2fa71-63aa-4bfe-b49e-41aa4abdb391	3	187106914	189512415	1785	0.3284
98c2fa71-63aa-4bfe-b49e-41aa4abdb391	3	189514806	189514826	2	-1.755
98c2fa71-63aa-4bfe-b49e-41aa4abdb391	3	189514852	195010522	3853	0.3217
98c2fa71-63aa-4bfe-b49e-41aa4abdb391	3	195011180	195012346	3	-1.4879
98c2fa71-63aa-4bfe-b49e-41aa4abdb391	3	195013236	195559056	236	0.3256
98c2fa71-63aa-4bfe-b49e-41aa4abdb391	3	195656271	195728637	26	0.8528
98c2fa71-63aa-4bfe-b49e-41aa4abdb391	3	195728990	198169247	1178	0.3438
98c2fa71-63aa-4bfe-b49e-41aa4abdb391	4	68929	1777074	625	-0.1309
98c2fa71-63aa-4bfe-b49e-41aa4abdb391	4	1790291	2510327	306	-0.6785
98c2fa71-63aa-4bfe-b49e-41aa4abdb391	4	2514874	9455251	4189	-0.1705
98c2fa71-63aa-4bfe-b49e-41aa4abdb391	4	9459504	9477699	6	0.8158
98c2fa71-63aa-4bfe-b49e-41aa4abdb391	4	9484440	10208766	537	-0.1364
98c2fa71-63aa-4bfe-b49e-41aa4abdb391	4	10212536	10229874	29	0.646
98c2fa71-63aa-4bfe-b49e-41aa4abdb391	4	10232590	15107463	3924	-0.1533
98c2fa71-63aa-4bfe-b49e-41aa4abdb391	4	15111022	15154427	41	-0.7363
98c2fa71-63aa-4bfe-b49e-41aa4abdb391	4	15155663	15254560	60	-0.1522
98c2fa71-63aa-4bfe-b49e-41aa4abdb391	4	15255864	15256761	3	-1.5556
98c2fa71-63aa-4bfe-b49e-41aa4abdb391	4	15257412	34785368	12884	-0.1428
98c2fa71-63aa-4bfe-b49e-41aa4abdb391	4	34785527	34828250	36	0.3205
98c2fa71-63aa-4bfe-b49e-41aa4abdb391	4	34828291	48143355	8337	-0.154
98c2fa71-63aa-4bfe-b49e-41aa4abdb391	4	48146514	52571427	1018	-0.0429
98c2fa71-63aa-4bfe-b49e-41aa4abdb391	4	52571556	54093432	947	0.0447
98c2fa71-63aa-4bfe-b49e-41aa4abdb391	4	54093838	54716309	662	0.3526
98c2fa71-63aa-4bfe-b49e-41aa4abdb391	4	54717935	59413101	2979	0.4387
98c2fa71-63aa-4bfe-b49e-41aa4abdb391	4	59424971	59429225	3	-1.5628
98c2fa71-63aa-4bfe-b49e-41aa4abdb391	4	59433124	60252235	499	0.4655
98c2fa71-63aa-4bfe-b49e-41aa4abdb391	4	60253152	62802116	1468	0.1491
98c2fa71-63aa-4bfe-b49e-41aa4abdb391	4	62804218	62805944	8	-1.2694
98c2fa71-63aa-4bfe-b49e-41aa4abdb391	4	62813912	68478894	3446	0.1595
98c2fa71-63aa-4bfe-b49e-41aa4abdb391	4	68494770	68623617	69	-1.14
98c2fa71-63aa-4bfe-b49e-41aa4abdb391	4	68639397	68686026	7	-0.4456
98c2fa71-63aa-4bfe-b49e-41aa4abdb391	4	68725894	76881938	4970	0.1493
98c2fa71-63aa-4bfe-b49e-41aa4abdb391	4	76882092	79072668	1548	0.0079
98c2fa71-63aa-4bfe-b49e-41aa4abdb391	4	79072883	79079627	2	-1.4159
98c2fa71-63aa-4bfe-b49e-41aa4abdb391	4	79080556	82777433	2175	0.0182
98c2fa71-63aa-4bfe-b49e-41aa4abdb391	4	82778844	82914852	77	-0.335
98c2fa71-63aa-4bfe-b49e-41aa4abdb391	4	82926830	84528217	1001	-0.012
98c2fa71-63aa-4bfe-b49e-41aa4abdb391	4	84530916	85590060	636	0.1181
98c2fa71-63aa-4bfe-b49e-41aa4abdb391	4	85595211	93852089	4919	-0.2702
98c2fa71-63aa-4bfe-b49e-41aa4abdb391	4	93857375	94636200	417	0.1634
98c2fa71-63aa-4bfe-b49e-41aa4abdb391	4	94637932	95202110	354	-0.2678
98c2fa71-63aa-4bfe-b49e-41aa4abdb391	4	95202221	97196464	1355	-0.4469
98c2fa71-63aa-4bfe-b49e-41aa4abdb391	4	97198447	97198566	2	-1.8379
98c2fa71-63aa-4bfe-b49e-41aa4abdb391	4	97199903	97254342	40	-0.4699
98c2fa71-63aa-4bfe-b49e-41aa4abdb391	4	97255063	97258844	2	0.642
98c2fa71-63aa-4bfe-b49e-41aa4abdb391	4	97260612	97639622	179	-0.4395
98c2fa71-63aa-4bfe-b49e-41aa4abdb391	4	97639915	98049330	164	-0.2712
98c2fa71-63aa-4bfe-b49e-41aa4abdb391	4	98058171	100074201	1160	-0.0003
98c2fa71-63aa-4bfe-b49e-41aa4abdb391	4	100074659	114252544	8551	-0.4589
98c2fa71-63aa-4bfe-b49e-41aa4abdb391	4	114254167	114272202	43	-0.9009
98c2fa71-63aa-4bfe-b49e-41aa4abdb391	4	114272405	123849710	5643	-0.4518
98c2fa71-63aa-4bfe-b49e-41aa4abdb391	4	123849869	124866309	634	-0.2733
98c2fa71-63aa-4bfe-b49e-41aa4abdb391	4	124866906	126994113	1324	-0.4525
98c2fa71-63aa-4bfe-b49e-41aa4abdb391	4	127001377	127149716	101	-0.267
98c2fa71-63aa-4bfe-b49e-41aa4abdb391	4	127151315	127249549	63	-0.4799
98c2fa71-63aa-4bfe-b49e-41aa4abdb391	4	127253797	127431167	86	-0.2378
98c2fa71-63aa-4bfe-b49e-41aa4abdb391	4	127435695	127498971	35	-0.482
98c2fa71-63aa-4bfe-b49e-41aa4abdb391	4	127499115	131373922	2160	-0.6389
98c2fa71-63aa-4bfe-b49e-41aa4abdb391	4	131375290	131375340	2	-2.6243
98c2fa71-63aa-4bfe-b49e-41aa4abdb391	4	131377861	139536187	4743	-0.6371
98c2fa71-63aa-4bfe-b49e-41aa4abdb391	4	139536276	140738013	809	-0.7286
98c2fa71-63aa-4bfe-b49e-41aa4abdb391	4	140740583	143720225	1852	-0.6486
98c2fa71-63aa-4bfe-b49e-41aa4abdb391	4	143720238	144061725	199	-0.449
98c2fa71-63aa-4bfe-b49e-41aa4abdb391	4	144065710	160958989	10133	-0.6486
98c2fa71-63aa-4bfe-b49e-41aa4abdb391	4	160959045	160963756	18	-1.5267
98c2fa71-63aa-4bfe-b49e-41aa4abdb391	4	160963767	166008124	3262	-0.6509
98c2fa71-63aa-4bfe-b49e-41aa4abdb391	4	166008836	166008962	2	-2.4162
98c2fa71-63aa-4bfe-b49e-41aa4abdb391	4	166010113	172066777	3764	-0.6411
98c2fa71-63aa-4bfe-b49e-41aa4abdb391	4	172067997	172068382	12	0.0783
98c2fa71-63aa-4bfe-b49e-41aa4abdb391	4	172074828	186921554	9994	-0.667
98c2fa71-63aa-4bfe-b49e-41aa4abdb391	4	186924434	186934264	6	-2.0593
98c2fa71-63aa-4bfe-b49e-41aa4abdb391	4	186936038	189988277	1994	-0.665
98c2fa71-63aa-4bfe-b49e-41aa4abdb391	4	189990200	190106768	16	-0.4297
98c2fa71-63aa-4bfe-b49e-41aa4abdb391	5	15532	698390	308	0.0095
98c2fa71-63aa-4bfe-b49e-41aa4abdb391	5	717264	722090	5	-1.2028
98c2fa71-63aa-4bfe-b49e-41aa4abdb391	5	722281	8702002	6589	-0.0234
98c2fa71-63aa-4bfe-b49e-41aa4abdb391	5	8702128	8747030	48	-1.1032
98c2fa71-63aa-4bfe-b49e-41aa4abdb391	5	8749619	11161513	2101	-0.0164
98c2fa71-63aa-4bfe-b49e-41aa4abdb391	5	11162524	11162659	3	-1.2361
98c2fa71-63aa-4bfe-b49e-41aa4abdb391	5	11167165	19603950	5539	-0.0115
98c2fa71-63aa-4bfe-b49e-41aa4abdb391	5	19603963	50724387	16157	-0.283
98c2fa71-63aa-4bfe-b49e-41aa4abdb391	5	50724907	55039815	2867	-0.462
98c2fa71-63aa-4bfe-b49e-41aa4abdb391	5	55042990	55044890	2	-1.8268
98c2fa71-63aa-4bfe-b49e-41aa4abdb391	5	55045519	58025819	1952	-0.4586
98c2fa71-63aa-4bfe-b49e-41aa4abdb391	5	58030200	58036504	23	0.0062
98c2fa71-63aa-4bfe-b49e-41aa4abdb391	5	58036570	58660999	448	-0.4584
98c2fa71-63aa-4bfe-b49e-41aa4abdb391	5	58661016	58663305	23	-1.6372
98c2fa71-63aa-4bfe-b49e-41aa4abdb391	5	58663865	60158288	1099	-0.4713
98c2fa71-63aa-4bfe-b49e-41aa4abdb391	5	60159385	68114788	4882	-0.2867
98c2fa71-63aa-4bfe-b49e-41aa4abdb391	5	68116601	69533520	805	-0.4614
98c2fa71-63aa-4bfe-b49e-41aa4abdb391	5	69550476	69937617	8	0.5582
98c2fa71-63aa-4bfe-b49e-41aa4abdb391	5	70017846	84320997	8224	-0.4647
98c2fa71-63aa-4bfe-b49e-41aa4abdb391	5	84327757	84460246	72	-0.4087
98c2fa71-63aa-4bfe-b49e-41aa4abdb391	5	84463304	84481961	10	0.2471
98c2fa71-63aa-4bfe-b49e-41aa4abdb391	5	84483303	88670184	2222	-0.4119
98c2fa71-63aa-4bfe-b49e-41aa4abdb391	5	88677968	98995663	5735	-0.4526
98c2fa71-63aa-4bfe-b49e-41aa4abdb391	5	98996025	113652570	9248	-0.245
98c2fa71-63aa-4bfe-b49e-41aa4abdb391	5	113653144	113656117	3	-1.7455
98c2fa71-63aa-4bfe-b49e-41aa4abdb391	5	113656412	116136796	1740	-0.2429
98c2fa71-63aa-4bfe-b49e-41aa4abdb391	5	116137060	119575648	2505	-0.1088
98c2fa71-63aa-4bfe-b49e-41aa4abdb391	5	119576903	123210316	2330	0.0104
98c2fa71-63aa-4bfe-b49e-41aa4abdb391	5	123210639	130134406	4366	-0.0996
98c2fa71-63aa-4bfe-b49e-41aa4abdb391	5	130134786	130135147	3	-1.6332
98c2fa71-63aa-4bfe-b49e-41aa4abdb391	5	130135424	130349030	122	-0.1265
98c2fa71-63aa-4bfe-b49e-41aa4abdb391	5	130352928	137635567	4509	0.0099
98c2fa71-63aa-4bfe-b49e-41aa4abdb391	5	137636154	141168070	1571	-0.1226
98c2fa71-63aa-4bfe-b49e-41aa4abdb391	5	141171928	142535737	850	0.108
98c2fa71-63aa-4bfe-b49e-41aa4abdb391	5	142543056	142543491	2	-0.4082
98c2fa71-63aa-4bfe-b49e-41aa4abdb391	5	142544135	150822643	5550	-0.6486
98c2fa71-63aa-4bfe-b49e-41aa4abdb391	5	150825938	150839042	8	-1.6789
98c2fa71-63aa-4bfe-b49e-41aa4abdb391	5	150843825	168720255	12137	-0.6445
98c2fa71-63aa-4bfe-b49e-41aa4abdb391	5	168720324	168725304	3	-2.395
98c2fa71-63aa-4bfe-b49e-41aa4abdb391	5	168725555	169873125	990	-0.6862
98c2fa71-63aa-4bfe-b49e-41aa4abdb391	5	169877368	178680821	5646	0.1186
98c2fa71-63aa-4bfe-b49e-41aa4abdb391	5	178682974	178686162	3	-1.4892
98c2fa71-63aa-4bfe-b49e-41aa4abdb391	5	178691854	178777289	61	0.1911
98c2fa71-63aa-4bfe-b49e-41aa4abdb391	5	178780075	181363319	1467	-0.049
98c2fa71-63aa-4bfe-b49e-41aa4abdb391	6	149661	267622	107	0.0633
98c2fa71-63aa-4bfe-b49e-41aa4abdb391	6	267693	555323	236	-0.1422
98c2fa71-63aa-4bfe-b49e-41aa4abdb391	6	559101	1639469	976	0.0446
98c2fa71-63aa-4bfe-b49e-41aa4abdb391	6	1639566	2835533	910	0.1638
98c2fa71-63aa-4bfe-b49e-41aa4abdb391	6	2836105	5024129	1754	0.0159
98c2fa71-63aa-4bfe-b49e-41aa4abdb391	6	5024736	5603602	501	1.2713
98c2fa71-63aa-4bfe-b49e-41aa4abdb391	6	5603880	5773063	143	1.0888
98c2fa71-63aa-4bfe-b49e-41aa4abdb391	6	5774696	5799123	17	0.7177
98c2fa71-63aa-4bfe-b49e-41aa4abdb391	6	5799147	5946906	107	1.3901
98c2fa71-63aa-4bfe-b49e-41aa4abdb391	6	5947650	6025978	68	-0.1794
98c2fa71-63aa-4bfe-b49e-41aa4abdb391	6	6033698	6034203	3	-1.9504
98c2fa71-63aa-4bfe-b49e-41aa4abdb391	6	6036812	7641259	1346	-0.1392
98c2fa71-63aa-4bfe-b49e-41aa4abdb391	6	7642276	8163523	451	1.3616
98c2fa71-63aa-4bfe-b49e-41aa4abdb391	6	8173220	8343438	125	1.1409
98c2fa71-63aa-4bfe-b49e-41aa4abdb391	6	8343751	8456622	87	0.9569
98c2fa71-63aa-4bfe-b49e-41aa4abdb391	6	8460206	8683526	152	1.1785
98c2fa71-63aa-4bfe-b49e-41aa4abdb391	6	8686345	8686432	2	-0.3947
98c2fa71-63aa-4bfe-b49e-41aa4abdb391	6	8692183	8710278	15	1.1701
98c2fa71-63aa-4bfe-b49e-41aa4abdb391	6	8710293	9073992	288	1.3324
98c2fa71-63aa-4bfe-b49e-41aa4abdb391	6	9074073	9524471	278	1.5596
98c2fa71-63aa-4bfe-b49e-41aa4abdb391	6	9525310	9773460	146	1.2662
98c2fa71-63aa-4bfe-b49e-41aa4abdb391	6	9774461	10069647	233	0.9994
98c2fa71-63aa-4bfe-b49e-41aa4abdb391	6	10072210	10323501	229	1.3553
98c2fa71-63aa-4bfe-b49e-41aa4abdb391	6	10327265	10804974	310	0.201
98c2fa71-63aa-4bfe-b49e-41aa4abdb391	6	10808275	11119200	211	0.6512
98c2fa71-63aa-4bfe-b49e-41aa4abdb391	6	11121106	13031293	1525	-0.1522
98c2fa71-63aa-4bfe-b49e-41aa4abdb391	6	13033084	13035715	3	1.1056
98c2fa71-63aa-4bfe-b49e-41aa4abdb391	6	13035970	13140422	83	1.7094
98c2fa71-63aa-4bfe-b49e-41aa4abdb391	6	13141994	13634449	431	1.2609
98c2fa71-63aa-4bfe-b49e-41aa4abdb391	6	13635041	14554142	586	1.0113
98c2fa71-63aa-4bfe-b49e-41aa4abdb391	6	14554870	15249369	518	0.9368
98c2fa71-63aa-4bfe-b49e-41aa4abdb391	6	15249821	15734946	342	1.0361
98c2fa71-63aa-4bfe-b49e-41aa4abdb391	6	15735054	15936059	192	0.8599
98c2fa71-63aa-4bfe-b49e-41aa4abdb391	6	15936237	16375021	302	1.0093
98c2fa71-63aa-4bfe-b49e-41aa4abdb391	6	16376393	16855910	464	0.8716
98c2fa71-63aa-4bfe-b49e-41aa4abdb391	6	16857023	17075800	178	0.9643
98c2fa71-63aa-4bfe-b49e-41aa4abdb391	6	17075976	17080609	5	0.2816
98c2fa71-63aa-4bfe-b49e-41aa4abdb391	6	17081057	18225070	673	1.0217
98c2fa71-63aa-4bfe-b49e-41aa4abdb391	6	18226470	18234304	10	0.4029
98c2fa71-63aa-4bfe-b49e-41aa4abdb391	6	18237430	18266864	66	0.9477
98c2fa71-63aa-4bfe-b49e-41aa4abdb391	6	18267170	18578156	258	1.3117
98c2fa71-63aa-4bfe-b49e-41aa4abdb391	6	18578183	18919798	258	1.6345
98c2fa71-63aa-4bfe-b49e-41aa4abdb391	6	18921087	19039888	111	1.4011
98c2fa71-63aa-4bfe-b49e-41aa4abdb391	6	19041950	19044667	9	-0.2583
98c2fa71-63aa-4bfe-b49e-41aa4abdb391	6	19050511	20852321	1311	1.4173
98c2fa71-63aa-4bfe-b49e-41aa4abdb391	6	20854335	23504966	1931	0.0347
98c2fa71-63aa-4bfe-b49e-41aa4abdb391	6	23505349	23809850	232	-0.1629
98c2fa71-63aa-4bfe-b49e-41aa4abdb391	6	23821354	25450258	1167	0.0044
98c2fa71-63aa-4bfe-b49e-41aa4abdb391	6	25455069	26245660	517	0.0921
98c2fa71-63aa-4bfe-b49e-41aa4abdb391	6	26246436	26340802	54	-0.0449
98c2fa71-63aa-4bfe-b49e-41aa4abdb391	6	26342741	29869295	1633	0.1342
98c2fa71-63aa-4bfe-b49e-41aa4abdb391	6	29869410	29881490	16	-0.7782
98c2fa71-63aa-4bfe-b49e-41aa4abdb391	6	29882419	32533522	1179	0.1804
98c2fa71-63aa-4bfe-b49e-41aa4abdb391	6	32540699	32541699	3	-1.4789
98c2fa71-63aa-4bfe-b49e-41aa4abdb391	6	32549151	32633540	31	0.2646
98c2fa71-63aa-4bfe-b49e-41aa4abdb391	6	32634330	32658841	13	-0.568
98c2fa71-63aa-4bfe-b49e-41aa4abdb391	6	32682835	32721726	40	0.1506
98c2fa71-63aa-4bfe-b49e-41aa4abdb391	6	32721752	32902280	133	0.3734
98c2fa71-63aa-4bfe-b49e-41aa4abdb391	6	32903759	36056857	1714	0.1466
98c2fa71-63aa-4bfe-b49e-41aa4abdb391	6	36057526	36761790	444	0.5015
98c2fa71-63aa-4bfe-b49e-41aa4abdb391	6	36761873	38090918	868	0.6645
98c2fa71-63aa-4bfe-b49e-41aa4abdb391	6	38090933	38832388	538	0.5097
98c2fa71-63aa-4bfe-b49e-41aa4abdb391	6	38832433	39975957	859	0.6202
98c2fa71-63aa-4bfe-b49e-41aa4abdb391	6	39979075	41447759	1134	0.4416
98c2fa71-63aa-4bfe-b49e-41aa4abdb391	6	41447999	41955638	321	0.6666
98c2fa71-63aa-4bfe-b49e-41aa4abdb391	6	41955880	42096409	71	0.3483
98c2fa71-63aa-4bfe-b49e-41aa4abdb391	6	42098498	42678780	331	0.7162
98c2fa71-63aa-4bfe-b49e-41aa4abdb391	6	42681925	43070457	178	0.4441
98c2fa71-63aa-4bfe-b49e-41aa4abdb391	6	43070853	43071036	4	-0.2013
98c2fa71-63aa-4bfe-b49e-41aa4abdb391	6	43071189	43573189	245	0.4194
98c2fa71-63aa-4bfe-b49e-41aa4abdb391	6	43579521	43793057	101	0.2393
98c2fa71-63aa-4bfe-b49e-41aa4abdb391	6	43794385	43868128	48	0.517
98c2fa71-63aa-4bfe-b49e-41aa4abdb391	6	43871692	43957789	70	0.6812
98c2fa71-63aa-4bfe-b49e-41aa4abdb391	6	43968924	43968992	2	1.6868
98c2fa71-63aa-4bfe-b49e-41aa4abdb391	6	43969781	44953583	631	0.6675
98c2fa71-63aa-4bfe-b49e-41aa4abdb391	6	44956657	46073150	740	0.5752
98c2fa71-63aa-4bfe-b49e-41aa4abdb391	6	46073941	46117192	31	0.7151
98c2fa71-63aa-4bfe-b49e-41aa4abdb391	6	46125684	46144635	18	1.0389
98c2fa71-63aa-4bfe-b49e-41aa4abdb391	6	46144652	46336265	114	0.6038
98c2fa71-63aa-4bfe-b49e-41aa4abdb391	6	46336278	46364534	26	0.9385
98c2fa71-63aa-4bfe-b49e-41aa4abdb391	6	46367432	46408084	21	1.2405
98c2fa71-63aa-4bfe-b49e-41aa4abdb391	6	46408677	46528319	66	0.9057
98c2fa71-63aa-4bfe-b49e-41aa4abdb391	6	46529027	47431603	694	0.7409
98c2fa71-63aa-4bfe-b49e-41aa4abdb391	6	47435504	47779246	246	0.6416
98c2fa71-63aa-4bfe-b49e-41aa4abdb391	6	47785570	48690213	484	1.0651
98c2fa71-63aa-4bfe-b49e-41aa4abdb391	6	48692973	50269634	904	-0.121
98c2fa71-63aa-4bfe-b49e-41aa4abdb391	6	50275208	50946613	381	0.0269
98c2fa71-63aa-4bfe-b49e-41aa4abdb391	6	50947083	50947099	3	-0.8022
98c2fa71-63aa-4bfe-b49e-41aa4abdb391	6	50948562	52303855	895	0.0346
98c2fa71-63aa-4bfe-b49e-41aa4abdb391	6	52305153	52759229	302	-0.1638
98c2fa71-63aa-4bfe-b49e-41aa4abdb391	6	52759272	52761471	5	-1.4845
98c2fa71-63aa-4bfe-b49e-41aa4abdb391	6	52761774	53672603	662	-0.1556
98c2fa71-63aa-4bfe-b49e-41aa4abdb391	6	53673539	58258968	2448	0.0423
98c2fa71-63aa-4bfe-b49e-41aa4abdb391	6	58267378	68981078	5092	0.1488
98c2fa71-63aa-4bfe-b49e-41aa4abdb391	6	68981476	73882142	3131	-0.0013
98c2fa71-63aa-4bfe-b49e-41aa4abdb391	6	73882509	73891694	10	0.6125
98c2fa71-63aa-4bfe-b49e-41aa4abdb391	6	73893839	74823736	607	0.0027
98c2fa71-63aa-4bfe-b49e-41aa4abdb391	6	74823749	74823796	2	-1.4901
98c2fa71-63aa-4bfe-b49e-41aa4abdb391	6	74824464	74829426	6	0.5879
98c2fa71-63aa-4bfe-b49e-41aa4abdb391	6	74829802	74861642	32	0.0042
98c2fa71-63aa-4bfe-b49e-41aa4abdb391	6	74865955	74866429	3	-0.6527
98c2fa71-63aa-4bfe-b49e-41aa4abdb391	6	74867381	75075963	125	-0.0302
98c2fa71-63aa-4bfe-b49e-41aa4abdb391	6	75076324	75536645	275	0.772
98c2fa71-63aa-4bfe-b49e-41aa4abdb391	6	75537283	76221116	365	-0.0008
98c2fa71-63aa-4bfe-b49e-41aa4abdb391	6	76223053	76223517	2	-1.1972
98c2fa71-63aa-4bfe-b49e-41aa4abdb391	6	76223699	76726815	348	0.0237
98c2fa71-63aa-4bfe-b49e-41aa4abdb391	6	76730151	76742665	15	-1.0001
98c2fa71-63aa-4bfe-b49e-41aa4abdb391	6	76742675	78169795	916	0.0011
98c2fa71-63aa-4bfe-b49e-41aa4abdb391	6	78171734	78188798	7	-1.3667
98c2fa71-63aa-4bfe-b49e-41aa4abdb391	6	78190303	83747364	3576	0.0101
98c2fa71-63aa-4bfe-b49e-41aa4abdb391	6	83749898	85216668	1003	0.8692
98c2fa71-63aa-4bfe-b49e-41aa4abdb391	6	85217599	87608412	1319	1.0552
98c2fa71-63aa-4bfe-b49e-41aa4abdb391	6	87611382	87855842	169	0.7859
98c2fa71-63aa-4bfe-b49e-41aa4abdb391	6	87859682	88998989	727	1.0123
98c2fa71-63aa-4bfe-b49e-41aa4abdb391	6	88999845	89676128	428	1.1819
98c2fa71-63aa-4bfe-b49e-41aa4abdb391	6	89677514	92864624	2142	-0.1425
98c2fa71-63aa-4bfe-b49e-41aa4abdb391	6	92866148	92868912	31	-1.5076
98c2fa71-63aa-4bfe-b49e-41aa4abdb391	6	92873205	100014510	4288	-0.1401
98c2fa71-63aa-4bfe-b49e-41aa4abdb391	6	100019953	100089587	30	1.1468
98c2fa71-63aa-4bfe-b49e-41aa4abdb391	6	100090418	100138603	20	-0.1881
98c2fa71-63aa-4bfe-b49e-41aa4abdb391	6	100144321	101333808	662	1.2332
98c2fa71-63aa-4bfe-b49e-41aa4abdb391	6	101334558	103282618	1176	-0.1364
98c2fa71-63aa-4bfe-b49e-41aa4abdb391	6	103282678	103317795	54	0.2733
98c2fa71-63aa-4bfe-b49e-41aa4abdb391	6	103317836	103457701	115	-0.1143
98c2fa71-63aa-4bfe-b49e-41aa4abdb391	6	103464461	105045812	939	1.229
98c2fa71-63aa-4bfe-b49e-41aa4abdb391	6	105057001	106284660	810	-0.1658
98c2fa71-63aa-4bfe-b49e-41aa4abdb391	6	106286165	106291738	9	-0.5058
98c2fa71-63aa-4bfe-b49e-41aa4abdb391	6	106292397	107452150	687	-0.0002
98c2fa71-63aa-4bfe-b49e-41aa4abdb391	6	107454687	108380046	607	-0.1552
98c2fa71-63aa-4bfe-b49e-41aa4abdb391	6	108385834	108471341	22	1.2812
98c2fa71-63aa-4bfe-b49e-41aa4abdb391	6	108476003	111014113	1572	-0.001
98c2fa71-63aa-4bfe-b49e-41aa4abdb391	6	111021426	111096493	43	0.8482
98c2fa71-63aa-4bfe-b49e-41aa4abdb391	6	111100163	111158320	28	1.1449
98c2fa71-63aa-4bfe-b49e-41aa4abdb391	6	111159192	112913390	1114	0.8477
98c2fa71-63aa-4bfe-b49e-41aa4abdb391	6	112913892	113136525	136	0.5393
98c2fa71-63aa-4bfe-b49e-41aa4abdb391	6	113143139	113802045	476	0.8302
98c2fa71-63aa-4bfe-b49e-41aa4abdb391	6	113803286	114664349	516	1.0596
98c2fa71-63aa-4bfe-b49e-41aa4abdb391	6	114667408	115057911	194	0.1566
98c2fa71-63aa-4bfe-b49e-41aa4abdb391	6	115057996	115086809	3	-0.9569
98c2fa71-63aa-4bfe-b49e-41aa4abdb391	6	115087407	115635031	256	0.1666
98c2fa71-63aa-4bfe-b49e-41aa4abdb391	6	115635085	122396075	3984	0.0131
98c2fa71-63aa-4bfe-b49e-41aa4abdb391	6	122397105	122864711	251	-0.1466
98c2fa71-63aa-4bfe-b49e-41aa4abdb391	6	122868047	122868246	3	-1.3017
98c2fa71-63aa-4bfe-b49e-41aa4abdb391	6	122868325	125372823	1719	-0.1425
98c2fa71-63aa-4bfe-b49e-41aa4abdb391	6	125373081	125625447	171	0.0411
98c2fa71-63aa-4bfe-b49e-41aa4abdb391	6	125627639	125632363	4	0.5107
98c2fa71-63aa-4bfe-b49e-41aa4abdb391	6	125632673	125862546	152	0.0654
98c2fa71-63aa-4bfe-b49e-41aa4abdb391	6	125865048	125867747	3	-1.1474
98c2fa71-63aa-4bfe-b49e-41aa4abdb391	6	125868513	127718027	947	0.0131
98c2fa71-63aa-4bfe-b49e-41aa4abdb391	6	127718821	131608236	2588	-0.1452
98c2fa71-63aa-4bfe-b49e-41aa4abdb391	6	131611530	131823226	115	0.6032
98c2fa71-63aa-4bfe-b49e-41aa4abdb391	6	131827934	134058731	1573	-0.147
98c2fa71-63aa-4bfe-b49e-41aa4abdb391	6	134062586	135264832	890	1.3693
98c2fa71-63aa-4bfe-b49e-41aa4abdb391	6	135266481	140583231	3433	-0.1626
98c2fa71-63aa-4bfe-b49e-41aa4abdb391	6	140587451	140942427	173	1.2178
98c2fa71-63aa-4bfe-b49e-41aa4abdb391	6	140945884	142301022	736	-0.1507
98c2fa71-63aa-4bfe-b49e-41aa4abdb391	6	142303443	144294376	1343	-0.0055
98c2fa71-63aa-4bfe-b49e-41aa4abdb391	6	144295168	147084488	1748	-0.1774
98c2fa71-63aa-4bfe-b49e-41aa4abdb391	6	147086990	147087503	2	-1.9065
98c2fa71-63aa-4bfe-b49e-41aa4abdb391	6	147087844	155591620	6064	-0.1606
98c2fa71-63aa-4bfe-b49e-41aa4abdb391	6	155597985	155598041	2	-2.0265
98c2fa71-63aa-4bfe-b49e-41aa4abdb391	6	155600896	156546362	728	-0.1476
98c2fa71-63aa-4bfe-b49e-41aa4abdb391	6	156546976	160393926	2409	-0.7045
98c2fa71-63aa-4bfe-b49e-41aa4abdb391	6	160394982	160396156	3	-2.3528
98c2fa71-63aa-4bfe-b49e-41aa4abdb391	6	160398384	160839255	294	-0.655
98c2fa71-63aa-4bfe-b49e-41aa4abdb391	6	160859293	163355768	2011	-0.1605
98c2fa71-63aa-4bfe-b49e-41aa4abdb391	6	163356183	163356325	2	1.1037
98c2fa71-63aa-4bfe-b49e-41aa4abdb391	6	163357466	167180696	2949	-0.1592
98c2fa71-63aa-4bfe-b49e-41aa4abdb391	6	167183757	167187860	4	-2.2465
98c2fa71-63aa-4bfe-b49e-41aa4abdb391	6	167194108	170741917	2094	-0.1496
98c2fa71-63aa-4bfe-b49e-41aa4abdb391	7	43355	8140152	4492	0.1098
98c2fa71-63aa-4bfe-b49e-41aa4abdb391	7	8140216	17073477	7221	0.1439
98c2fa71-63aa-4bfe-b49e-41aa4abdb391	7	17073478	17194229	98	-0.9684
98c2fa71-63aa-4bfe-b49e-41aa4abdb391	7	17195776	17705984	407	0.1877
98c2fa71-63aa-4bfe-b49e-41aa4abdb391	7	17712605	46044608	19981	0.1277
98c2fa71-63aa-4bfe-b49e-41aa4abdb391	7	46045507	54080613	5928	0.1523
98c2fa71-63aa-4bfe-b49e-41aa4abdb391	7	54083092	56686333	1747	0.3318
98c2fa71-63aa-4bfe-b49e-41aa4abdb391	7	56686405	56899337	60	-0.0731
98c2fa71-63aa-4bfe-b49e-41aa4abdb391	7	56908389	62322298	450	0.3134
98c2fa71-63aa-4bfe-b49e-41aa4abdb391	7	62324395	63675854	288	0.1964
98c2fa71-63aa-4bfe-b49e-41aa4abdb391	7	63677725	63837810	24	0.5574
98c2fa71-63aa-4bfe-b49e-41aa4abdb391	7	63841552	76234706	5777	0.2137
98c2fa71-63aa-4bfe-b49e-41aa4abdb391	7	76236953	76242162	3	-2.5536
98c2fa71-63aa-4bfe-b49e-41aa4abdb391	7	76244576	79840228	2195	0.2441
98c2fa71-63aa-4bfe-b49e-41aa4abdb391	7	79849646	79850834	2	-1.2658
98c2fa71-63aa-4bfe-b49e-41aa4abdb391	7	79854214	82094589	1501	0.2552
98c2fa71-63aa-4bfe-b49e-41aa4abdb391	7	82097610	82097647	2	-2.1507
98c2fa71-63aa-4bfe-b49e-41aa4abdb391	7	82098245	101475536	11469	0.2383
98c2fa71-63aa-4bfe-b49e-41aa4abdb391	7	101477246	101479436	2	-1.0857
98c2fa71-63aa-4bfe-b49e-41aa4abdb391	7	101480146	101546219	43	0.3359
98c2fa71-63aa-4bfe-b49e-41aa4abdb391	7	101548066	102449522	420	0.1988
98c2fa71-63aa-4bfe-b49e-41aa4abdb391	7	102451288	102708738	16	0.4062
98c2fa71-63aa-4bfe-b49e-41aa4abdb391	7	102715075	102716955	4	-1.1692
98c2fa71-63aa-4bfe-b49e-41aa4abdb391	7	102732564	110787463	5210	0.2453
98c2fa71-63aa-4bfe-b49e-41aa4abdb391	7	110788876	110792438	7	-0.9046
98c2fa71-63aa-4bfe-b49e-41aa4abdb391	7	110792471	111408523	393	0.241
98c2fa71-63aa-4bfe-b49e-41aa4abdb391	7	111409675	111437526	30	-0.1589
98c2fa71-63aa-4bfe-b49e-41aa4abdb391	7	111437653	111442785	8	-0.6015
98c2fa71-63aa-4bfe-b49e-41aa4abdb391	7	111452408	127136408	9416	0.2428
98c2fa71-63aa-4bfe-b49e-41aa4abdb391	7	127136421	127136845	7	-0.7321
98c2fa71-63aa-4bfe-b49e-41aa4abdb391	7	127145802	134093715	4153	0.2393
98c2fa71-63aa-4bfe-b49e-41aa4abdb391	7	134093884	134105690	28	0.7417
98c2fa71-63aa-4bfe-b49e-41aa4abdb391	7	134110881	144037412	6328	0.2403
98c2fa71-63aa-4bfe-b49e-41aa4abdb391	7	144040428	144045002	6	-0.991
98c2fa71-63aa-4bfe-b49e-41aa4abdb391	7	144046911	159334314	9710	0.235
98c2fa71-63aa-4bfe-b49e-41aa4abdb391	8	81254	2164591	1524	0.0597
98c2fa71-63aa-4bfe-b49e-41aa4abdb391	8	2164685	2176628	23	-1.5229
98c2fa71-63aa-4bfe-b49e-41aa4abdb391	8	2177376	3618805	1327	0.119
98c2fa71-63aa-4bfe-b49e-41aa4abdb391	8	3621897	3622262	4	-1.4151
98c2fa71-63aa-4bfe-b49e-41aa4abdb391	8	3622442	4774758	1857	0.1129
98c2fa71-63aa-4bfe-b49e-41aa4abdb391	8	4775865	5596854	1028	0.046
98c2fa71-63aa-4bfe-b49e-41aa4abdb391	8	5601492	5602644	5	-1.2224
98c2fa71-63aa-4bfe-b49e-41aa4abdb391	8	5602756	7329124	1926	0.0232
98c2fa71-63aa-4bfe-b49e-41aa4abdb391	8	7336299	7455757	28	0.4695
98c2fa71-63aa-4bfe-b49e-41aa4abdb391	8	7457047	8528287	326	0.0472
98c2fa71-63aa-4bfe-b49e-41aa4abdb391	8	8528640	8528932	4	-1.3719
98c2fa71-63aa-4bfe-b49e-41aa4abdb391	8	8530797	8616700	90	0.1022
98c2fa71-63aa-4bfe-b49e-41aa4abdb391	8	8617414	11053872	2113	0.008
98c2fa71-63aa-4bfe-b49e-41aa4abdb391	8	11053979	12177488	718	0.1046
98c2fa71-63aa-4bfe-b49e-41aa4abdb391	8	12323772	12389977	29	0.6506
98c2fa71-63aa-4bfe-b49e-41aa4abdb391	8	12418301	14258772	1548	0.0319
98c2fa71-63aa-4bfe-b49e-41aa4abdb391	8	14264083	14266205	2	-1.6358
98c2fa71-63aa-4bfe-b49e-41aa4abdb391	8	14266450	14649295	401	0.0554
98c2fa71-63aa-4bfe-b49e-41aa4abdb391	8	14651399	14657699	35	-1.0407
98c2fa71-63aa-4bfe-b49e-41aa4abdb391	8	14659710	16194000	1379	0.1243
98c2fa71-63aa-4bfe-b49e-41aa4abdb391	8	16194236	16828911	501	0.2374
98c2fa71-63aa-4bfe-b49e-41aa4abdb391	8	16829054	16831458	4	-0.2926
98c2fa71-63aa-4bfe-b49e-41aa4abdb391	8	16831887	20801362	3582	0.122
98c2fa71-63aa-4bfe-b49e-41aa4abdb391	8	20801599	22113132	990	0.047
98c2fa71-63aa-4bfe-b49e-41aa4abdb391	8	22117901	25114437	1925	-0.1658
98c2fa71-63aa-4bfe-b49e-41aa4abdb391	8	25114672	25126708	26	0.2492
98c2fa71-63aa-4bfe-b49e-41aa4abdb391	8	25126735	32821348	5389	-0.1795
98c2fa71-63aa-4bfe-b49e-41aa4abdb391	8	32825580	32830895	8	1.0717
98c2fa71-63aa-4bfe-b49e-41aa4abdb391	8	32834588	32834852	5	-1.0668
98c2fa71-63aa-4bfe-b49e-41aa4abdb391	8	32838271	37530397	2673	-0.1791
98c2fa71-63aa-4bfe-b49e-41aa4abdb391	8	37532467	37539175	5	-1.1061
98c2fa71-63aa-4bfe-b49e-41aa4abdb391	8	37540184	37967667	165	-0.2327
98c2fa71-63aa-4bfe-b49e-41aa4abdb391	8	37968408	38194176	80	-0.036
98c2fa71-63aa-4bfe-b49e-41aa4abdb391	8	38199827	38369515	79	-0.1508
98c2fa71-63aa-4bfe-b49e-41aa4abdb391	8	38372095	39398542	559	-0.0217
98c2fa71-63aa-4bfe-b49e-41aa4abdb391	8	39398982	39505410	41	0.3288
98c2fa71-63aa-4bfe-b49e-41aa4abdb391	8	39505427	40421970	705	-0.0359
98c2fa71-63aa-4bfe-b49e-41aa4abdb391	8	40423878	42209110	1156	0.521
98c2fa71-63aa-4bfe-b49e-41aa4abdb391	8	42211185	42288625	45	0.2803
98c2fa71-63aa-4bfe-b49e-41aa4abdb391	8	42288650	42580719	230	0.4369
98c2fa71-63aa-4bfe-b49e-41aa4abdb391	8	42581508	46000405	459	0.2209
98c2fa71-63aa-4bfe-b49e-41aa4abdb391	8	46000692	62972909	10522	0.6457
98c2fa71-63aa-4bfe-b49e-41aa4abdb391	8	62980360	70040504	4042	0.5825
98c2fa71-63aa-4bfe-b49e-41aa4abdb391	8	70041692	70051197	18	0.1367
98c2fa71-63aa-4bfe-b49e-41aa4abdb391	8	70052137	70096607	30	0.5825
98c2fa71-63aa-4bfe-b49e-41aa4abdb391	8	70099677	119139771	29629	0.6546
98c2fa71-63aa-4bfe-b49e-41aa4abdb391	8	119142545	119150615	5	-0.3686
98c2fa71-63aa-4bfe-b49e-41aa4abdb391	8	119151486	120800949	1062	0.634
98c2fa71-63aa-4bfe-b49e-41aa4abdb391	8	120802573	120802992	3	-0.5843
98c2fa71-63aa-4bfe-b49e-41aa4abdb391	8	120805883	142046163	15680	0.645
98c2fa71-63aa-4bfe-b49e-41aa4abdb391	8	142047413	142049377	4	-0.7294
98c2fa71-63aa-4bfe-b49e-41aa4abdb391	8	142055279	145072769	1126	0.6545
98c2fa71-63aa-4bfe-b49e-41aa4abdb391	9	46587	197543	19	0.5146
98c2fa71-63aa-4bfe-b49e-41aa4abdb391	9	203310	510546	370	0.7057
98c2fa71-63aa-4bfe-b49e-41aa4abdb391	9	510700	526993	18	0.207
98c2fa71-63aa-4bfe-b49e-41aa4abdb391	9	531565	602903	101	0.7113
98c2fa71-63aa-4bfe-b49e-41aa4abdb391	9	606699	606961	4	-0.8285
98c2fa71-63aa-4bfe-b49e-41aa4abdb391	9	607307	6090592	5427	0.6953
98c2fa71-63aa-4bfe-b49e-41aa4abdb391	9	6090989	11010591	4519	0.7645
98c2fa71-63aa-4bfe-b49e-41aa4abdb391	9	11011600	14332370	2614	0.8132
98c2fa71-63aa-4bfe-b49e-41aa4abdb391	9	14332761	21201184	5793	0.7521
98c2fa71-63aa-4bfe-b49e-41aa4abdb391	9	21206439	21210758	2	-0.7247
98c2fa71-63aa-4bfe-b49e-41aa4abdb391	9	21214878	22745767	1070	0.7637
98c2fa71-63aa-4bfe-b49e-41aa4abdb391	9	22746018	23361807	407	0.7079
98c2fa71-63aa-4bfe-b49e-41aa4abdb391	9	23363117	23372401	7	1.3073
98c2fa71-63aa-4bfe-b49e-41aa4abdb391	9	23373486	24373058	700	0.7
98c2fa71-63aa-4bfe-b49e-41aa4abdb391	9	24375621	36424443	8287	0.5441
98c2fa71-63aa-4bfe-b49e-41aa4abdb391	9	36424618	38486214	1396	0.3911
98c2fa71-63aa-4bfe-b49e-41aa4abdb391	9	38490044	38498154	2	-1.1012
98c2fa71-63aa-4bfe-b49e-41aa4abdb391	9	38498484	39214987	281	0.3749
98c2fa71-63aa-4bfe-b49e-41aa4abdb391	9	39242280	42014203	140	0.2088
98c2fa71-63aa-4bfe-b49e-41aa4abdb391	9	42037471	42211663	22	-1.1401
98c2fa71-63aa-4bfe-b49e-41aa4abdb391	9	42230926	42697878	17	0.2471
98c2fa71-63aa-4bfe-b49e-41aa4abdb391	9	42698168	42727685	12	0.9893
98c2fa71-63aa-4bfe-b49e-41aa4abdb391	9	42729302	61405110	41	0.3336
98c2fa71-63aa-4bfe-b49e-41aa4abdb391	9	61520021	61647899	30	-1.0075
98c2fa71-63aa-4bfe-b49e-41aa4abdb391	9	61665362	63580418	38	0.1841
98c2fa71-63aa-4bfe-b49e-41aa4abdb391	9	63590317	63592813	7	2.8819
98c2fa71-63aa-4bfe-b49e-41aa4abdb391	9	63614182	66170759	92	0.3086
98c2fa71-63aa-4bfe-b49e-41aa4abdb391	9	66189025	72063626	2870	-0.0236
98c2fa71-63aa-4bfe-b49e-41aa4abdb391	9	72064538	72065355	2	-2.1773
98c2fa71-63aa-4bfe-b49e-41aa4abdb391	9	72067117	76455545	3028	-0.0184
98c2fa71-63aa-4bfe-b49e-41aa4abdb391	9	76460736	76463497	3	-1.3284
98c2fa71-63aa-4bfe-b49e-41aa4abdb391	9	76463757	80365647	2848	-0.02
98c2fa71-63aa-4bfe-b49e-41aa4abdb391	9	80367480	80368865	3	-3.7741
98c2fa71-63aa-4bfe-b49e-41aa4abdb391	9	80369393	138177075	38954	-0.0158
98c2fa71-63aa-4bfe-b49e-41aa4abdb391	9	138177488	138200944	6	0.5397
98c2fa71-63aa-4bfe-b49e-41aa4abdb391	10	45792	115465	37	-0.7094
98c2fa71-63aa-4bfe-b49e-41aa4abdb391	10	117547	1198753	652	1.0747
98c2fa71-63aa-4bfe-b49e-41aa4abdb391	10	1201023	8473362	6556	0.7946
98c2fa71-63aa-4bfe-b49e-41aa4abdb391	10	8473385	8597477	141	0.9775
98c2fa71-63aa-4bfe-b49e-41aa4abdb391	10	8597574	9834874	965	0.7893
98c2fa71-63aa-4bfe-b49e-41aa4abdb391	10	9839617	11488873	1439	0.5801
98c2fa71-63aa-4bfe-b49e-41aa4abdb391	10	11489021	11786568	171	0.7649
98c2fa71-63aa-4bfe-b49e-41aa4abdb391	10	11786687	12741925	629	1.0763
98c2fa71-63aa-4bfe-b49e-41aa4abdb391	10	12750526	13471018	641	0.7778
98c2fa71-63aa-4bfe-b49e-41aa4abdb391	10	13471089	13916652	434	0.6058
98c2fa71-63aa-4bfe-b49e-41aa4abdb391	10	13918053	14003085	92	0.7893
98c2fa71-63aa-4bfe-b49e-41aa4abdb391	10	14007246	15115772	957	0.5782
98c2fa71-63aa-4bfe-b49e-41aa4abdb391	10	15119125	15240690	82	0.3513
98c2fa71-63aa-4bfe-b49e-41aa4abdb391	10	15244691	15779452	444	0.5952
98c2fa71-63aa-4bfe-b49e-41aa4abdb391	10	15786024	15938829	99	0.0681
98c2fa71-63aa-4bfe-b49e-41aa4abdb391	10	15941538	16215743	177	0.3466
98c2fa71-63aa-4bfe-b49e-41aa4abdb391	10	16215764	16915686	588	0.0739
98c2fa71-63aa-4bfe-b49e-41aa4abdb391	10	16917774	16944185	22	0.2881
98c2fa71-63aa-4bfe-b49e-41aa4abdb391	10	16944479	16947487	4	0.6241
98c2fa71-63aa-4bfe-b49e-41aa4abdb391	10	16948239	16973001	48	0.1097
98c2fa71-63aa-4bfe-b49e-41aa4abdb391	10	16973406	16974005	4	-0.8588
98c2fa71-63aa-4bfe-b49e-41aa4abdb391	10	16974338	21872057	3541	0.0797
98c2fa71-63aa-4bfe-b49e-41aa4abdb391	10	21876772	21963253	38	0.3896
98c2fa71-63aa-4bfe-b49e-41aa4abdb391	10	21967434	21970916	5	-0.2115
98c2fa71-63aa-4bfe-b49e-41aa4abdb391	10	21972492	22052705	41	0.3704
98c2fa71-63aa-4bfe-b49e-41aa4abdb391	10	22052966	22533988	240	0.0388
98c2fa71-63aa-4bfe-b49e-41aa4abdb391	10	22535934	22623814	76	0.3793
98c2fa71-63aa-4bfe-b49e-41aa4abdb391	10	22624061	22881836	167	0.037
98c2fa71-63aa-4bfe-b49e-41aa4abdb391	10	22894648	23130593	162	0.3257
98c2fa71-63aa-4bfe-b49e-41aa4abdb391	10	23132078	23580261	266	0.0503
98c2fa71-63aa-4bfe-b49e-41aa4abdb391	10	23580604	23656370	54	-0.276
98c2fa71-63aa-4bfe-b49e-41aa4abdb391	10	23658637	23767167	89	0.1034
98c2fa71-63aa-4bfe-b49e-41aa4abdb391	10	23767733	23982422	159	-0.3231
98c2fa71-63aa-4bfe-b49e-41aa4abdb391	10	23985844	23988787	4	-1.3224
98c2fa71-63aa-4bfe-b49e-41aa4abdb391	10	23989321	24079679	61	0.1233
98c2fa71-63aa-4bfe-b49e-41aa4abdb391	10	24079861	24086334	8	-0.2646
98c2fa71-63aa-4bfe-b49e-41aa4abdb391	10	24088745	24088753	7	0.8045
98c2fa71-63aa-4bfe-b49e-41aa4abdb391	10	24088989	24090022	6	0.0391
98c2fa71-63aa-4bfe-b49e-41aa4abdb391	10	24090078	25048675	653	-0.328
98c2fa71-63aa-4bfe-b49e-41aa4abdb391	10	25050406	25268028	129	0.0791
98c2fa71-63aa-4bfe-b49e-41aa4abdb391	10	25271036	25685392	324	-0.3157
98c2fa71-63aa-4bfe-b49e-41aa4abdb391	10	25687623	26568132	632	0.3466
98c2fa71-63aa-4bfe-b49e-41aa4abdb391	10	26569931	26629826	36	-0.3734
98c2fa71-63aa-4bfe-b49e-41aa4abdb391	10	26629899	26734953	78	0.3932
98c2fa71-63aa-4bfe-b49e-41aa4abdb391	10	26737083	28648128	1274	-0.3477
98c2fa71-63aa-4bfe-b49e-41aa4abdb391	10	28650620	29257628	508	-0.1889
98c2fa71-63aa-4bfe-b49e-41aa4abdb391	10	29257732	29267221	11	0.476
98c2fa71-63aa-4bfe-b49e-41aa4abdb391	10	29267719	29271443	3	1.0562
98c2fa71-63aa-4bfe-b49e-41aa4abdb391	10	29271508	29344599	74	0.4417
98c2fa71-63aa-4bfe-b49e-41aa4abdb391	10	29346742	30539878	943	-0.1866
98c2fa71-63aa-4bfe-b49e-41aa4abdb391	10	30541291	30542076	7	-1.1325
98c2fa71-63aa-4bfe-b49e-41aa4abdb391	10	30542525	42157337	5163	-0.1638
98c2fa71-63aa-4bfe-b49e-41aa4abdb391	10	42159354	42824557	311	-0.0256
98c2fa71-63aa-4bfe-b49e-41aa4abdb391	10	42827131	47559596	2605	0.0852
98c2fa71-63aa-4bfe-b49e-41aa4abdb391	10	47622159	47729691	9	0.9678
98c2fa71-63aa-4bfe-b49e-41aa4abdb391	10	47954600	48173568	11	0.2123
98c2fa71-63aa-4bfe-b49e-41aa4abdb391	10	48179571	49792548	1285	-0.1508
98c2fa71-63aa-4bfe-b49e-41aa4abdb391	10	49796090	49799854	3	-1.4932
98c2fa71-63aa-4bfe-b49e-41aa4abdb391	10	49802527	52065816	1494	-0.1516
98c2fa71-63aa-4bfe-b49e-41aa4abdb391	10	52066130	52069708	3	-1.3894
98c2fa71-63aa-4bfe-b49e-41aa4abdb391	10	52070620	55312545	2426	-0.1482
98c2fa71-63aa-4bfe-b49e-41aa4abdb391	10	55313771	55316065	2	-2.0984
98c2fa71-63aa-4bfe-b49e-41aa4abdb391	10	55316080	59605724	3106	-0.1456
98c2fa71-63aa-4bfe-b49e-41aa4abdb391	10	59606045	59606547	5	0.8661
98c2fa71-63aa-4bfe-b49e-41aa4abdb391	10	59606586	66707950	4919	-0.1658
98c2fa71-63aa-4bfe-b49e-41aa4abdb391	10	66709479	66709681	3	1.1434
98c2fa71-63aa-4bfe-b49e-41aa4abdb391	10	66717912	126201754	39712	-0.1685
98c2fa71-63aa-4bfe-b49e-41aa4abdb391	10	126206011	126206650	3	-2.2196
98c2fa71-63aa-4bfe-b49e-41aa4abdb391	10	126211731	133654968	5368	-0.1793
98c2fa71-63aa-4bfe-b49e-41aa4abdb391	11	198510	641563	139	-0.0099
98c2fa71-63aa-4bfe-b49e-41aa4abdb391	11	648694	4298484	1612	0.0726
98c2fa71-63aa-4bfe-b49e-41aa4abdb391	11	4306942	4363567	8	0.8608
98c2fa71-63aa-4bfe-b49e-41aa4abdb391	11	4365435	4949013	651	0.0615
98c2fa71-63aa-4bfe-b49e-41aa4abdb391	11	4949047	4955042	28	-0.5434
98c2fa71-63aa-4bfe-b49e-41aa4abdb391	11	4955781	5850293	880	0.0745
98c2fa71-63aa-4bfe-b49e-41aa4abdb391	11	5851007	5862087	7	-1.7048
98c2fa71-63aa-4bfe-b49e-41aa4abdb391	11	5864481	6096746	167	0.0962
98c2fa71-63aa-4bfe-b49e-41aa4abdb391	11	6099417	6100864	2	1.3492
98c2fa71-63aa-4bfe-b49e-41aa4abdb391	11	6101273	7791493	1238	0.0833
98c2fa71-63aa-4bfe-b49e-41aa4abdb391	11	7791913	7810711	6	-2.0259
98c2fa71-63aa-4bfe-b49e-41aa4abdb391	11	7815462	18918546	7855	0.0875
98c2fa71-63aa-4bfe-b49e-41aa4abdb391	11	18918775	18949628	53	0.4065
98c2fa71-63aa-4bfe-b49e-41aa4abdb391	11	18949833	21165449	2006	0.0947
98c2fa71-63aa-4bfe-b49e-41aa4abdb391	11	21169470	21194299	45	-1.1216
98c2fa71-63aa-4bfe-b49e-41aa4abdb391	11	21194831	32302434	7581	0.1143
98c2fa71-63aa-4bfe-b49e-41aa4abdb391	11	32302571	32302714	2	-2.1765
98c2fa71-63aa-4bfe-b49e-41aa4abdb391	11	32305023	44246107	8454	0.1152
98c2fa71-63aa-4bfe-b49e-41aa4abdb391	11	44252786	55243668	3360	-0.0154
98c2fa71-63aa-4bfe-b49e-41aa4abdb391	11	55262739	55337232	39	-0.6759
98c2fa71-63aa-4bfe-b49e-41aa4abdb391	11	55337817	55344108	3	-1.6809
98c2fa71-63aa-4bfe-b49e-41aa4abdb391	11	55345254	55354230	7	-0.7427
98c2fa71-63aa-4bfe-b49e-41aa4abdb391	11	55359125	55593934	145	-0.0061
98c2fa71-63aa-4bfe-b49e-41aa4abdb391	11	55593955	55674842	50	0.2993
98c2fa71-63aa-4bfe-b49e-41aa4abdb391	11	55676735	58694505	1887	-0.0116
98c2fa71-63aa-4bfe-b49e-41aa4abdb391	11	58696146	61660771	1700	0.3086
98c2fa71-63aa-4bfe-b49e-41aa4abdb391	11	61671062	83217527	11868	-0.0232
98c2fa71-63aa-4bfe-b49e-41aa4abdb391	11	83217776	92097323	5759	-0.2645
98c2fa71-63aa-4bfe-b49e-41aa4abdb391	11	92097492	92097877	2	-1.7857
98c2fa71-63aa-4bfe-b49e-41aa4abdb391	11	92099538	97997994	4284	-0.2573
98c2fa71-63aa-4bfe-b49e-41aa4abdb391	11	97999351	98001270	4	-1.6789
98c2fa71-63aa-4bfe-b49e-41aa4abdb391	11	98001301	107910653	7115	-0.2619
98c2fa71-63aa-4bfe-b49e-41aa4abdb391	11	107913781	107914372	2	-2.8158
98c2fa71-63aa-4bfe-b49e-41aa4abdb391	11	107916987	135068576	19414	-0.2872
98c2fa71-63aa-4bfe-b49e-41aa4abdb391	11	135072732	135074876	2	0.3572
98c2fa71-63aa-4bfe-b49e-41aa4abdb391	12	51460	8404097	5576	-0.01
98c2fa71-63aa-4bfe-b49e-41aa4abdb391	12	8405892	8406040	2	2.7118
98c2fa71-63aa-4bfe-b49e-41aa4abdb391	12	8406196	8423870	13	0.6993
98c2fa71-63aa-4bfe-b49e-41aa4abdb391	12	8428232	11068125	1615	0.0058
98c2fa71-63aa-4bfe-b49e-41aa4abdb391	12	11070111	11088933	9	0.6814
98c2fa71-63aa-4bfe-b49e-41aa4abdb391	12	11099275	16266471	3675	0.0248
98c2fa71-63aa-4bfe-b49e-41aa4abdb391	12	16268053	16275623	3	-1.9576
98c2fa71-63aa-4bfe-b49e-41aa4abdb391	12	16275804	20991368	2969	0.0177
98c2fa71-63aa-4bfe-b49e-41aa4abdb391	12	20991497	20991608	4	-1.8785
98c2fa71-63aa-4bfe-b49e-41aa4abdb391	12	20991644	33141726	8813	0.0127
98c2fa71-63aa-4bfe-b49e-41aa4abdb391	12	33148472	33153998	23	0.4198
98c2fa71-63aa-4bfe-b49e-41aa4abdb391	12	33154013	37572505	823	0.0223
98c2fa71-63aa-4bfe-b49e-41aa4abdb391	12	37572984	45506042	4754	-0.2212
98c2fa71-63aa-4bfe-b49e-41aa4abdb391	12	45510655	45515754	4	0.8989
98c2fa71-63aa-4bfe-b49e-41aa4abdb391	12	45519509	53088385	4386	-0.2369
98c2fa71-63aa-4bfe-b49e-41aa4abdb391	12	53090582	53091602	2	-1.6172
98c2fa71-63aa-4bfe-b49e-41aa4abdb391	12	53093911	63531025	6202	-0.2407
98c2fa71-63aa-4bfe-b49e-41aa4abdb391	12	63539183	63741025	61	0.1383
98c2fa71-63aa-4bfe-b49e-41aa4abdb391	12	63741647	77293799	8692	-0.2464
98c2fa71-63aa-4bfe-b49e-41aa4abdb391	12	77293887	91201669	8493	-0.2212
98c2fa71-63aa-4bfe-b49e-41aa4abdb391	12	91203093	99402073	5714	-0.2497
98c2fa71-63aa-4bfe-b49e-41aa4abdb391	12	99402408	99404748	22	0.1715
98c2fa71-63aa-4bfe-b49e-41aa4abdb391	12	99404811	120850991	14280	-0.2539
98c2fa71-63aa-4bfe-b49e-41aa4abdb391	12	120851912	120940148	54	-0.8762
98c2fa71-63aa-4bfe-b49e-41aa4abdb391	12	120941995	126630919	3332	-0.2714
98c2fa71-63aa-4bfe-b49e-41aa4abdb391	12	126631071	126632039	2	-1.9363
98c2fa71-63aa-4bfe-b49e-41aa4abdb391	12	126634995	133201603	4928	-0.2667
98c2fa71-63aa-4bfe-b49e-41aa4abdb391	13	18452809	49844526	21845	-0.0299
98c2fa71-63aa-4bfe-b49e-41aa4abdb391	13	49847398	52520664	1454	-0.0047
98c2fa71-63aa-4bfe-b49e-41aa4abdb391	13	52523849	52531650	3	-1.5087
98c2fa71-63aa-4bfe-b49e-41aa4abdb391	13	52543744	71902850	11597	-0.0033
98c2fa71-63aa-4bfe-b49e-41aa4abdb391	13	71903417	71906467	5	-0.9907
98c2fa71-63aa-4bfe-b49e-41aa4abdb391	13	71912345	105326788	22533	-0.008
98c2fa71-63aa-4bfe-b49e-41aa4abdb391	13	105330166	114342922	6396	-0.0278
98c2fa71-63aa-4bfe-b49e-41aa4abdb391	14	18239283	21928968	1523	-0.1662
98c2fa71-63aa-4bfe-b49e-41aa4abdb391	14	21929841	22531112	510	-0.0252
98c2fa71-63aa-4bfe-b49e-41aa4abdb391	14	22533736	33374150	6688	-0.1385
98c2fa71-63aa-4bfe-b49e-41aa4abdb391	14	33374194	33374797	2	-1.8461
98c2fa71-63aa-4bfe-b49e-41aa4abdb391	14	33375673	35597783	1460	-0.1397
98c2fa71-63aa-4bfe-b49e-41aa4abdb391	14	35604874	35796128	81	-0.6103
98c2fa71-63aa-4bfe-b49e-41aa4abdb391	14	35798673	42224812	4075	-0.1248
98c2fa71-63aa-4bfe-b49e-41aa4abdb391	14	42230276	42230733	3	-1.3266
98c2fa71-63aa-4bfe-b49e-41aa4abdb391	14	42231324	45103183	1650	-0.1465
98c2fa71-63aa-4bfe-b49e-41aa4abdb391	14	45104969	45143562	20	-0.6853
98c2fa71-63aa-4bfe-b49e-41aa4abdb391	14	45144667	64913731	12729	-0.1354
98c2fa71-63aa-4bfe-b49e-41aa4abdb391	14	64914388	64914853	2	-2.2234
98c2fa71-63aa-4bfe-b49e-41aa4abdb391	14	64915046	72176554	4310	-0.1486
98c2fa71-63aa-4bfe-b49e-41aa4abdb391	14	72176841	72999759	711	-0.014
98c2fa71-63aa-4bfe-b49e-41aa4abdb391	14	73002177	73526068	255	-0.1481
98c2fa71-63aa-4bfe-b49e-41aa4abdb391	14	73529070	73554275	10	0.3353
98c2fa71-63aa-4bfe-b49e-41aa4abdb391	14	73563196	74104355	279	-0.1476
98c2fa71-63aa-4bfe-b49e-41aa4abdb391	14	74104542	75881373	1053	-0.028
98c2fa71-63aa-4bfe-b49e-41aa4abdb391	14	75881898	75882339	5	-2.1198
98c2fa71-63aa-4bfe-b49e-41aa4abdb391	14	75884780	76309600	292	-0.004
98c2fa71-63aa-4bfe-b49e-41aa4abdb391	14	76311071	81014553	3271	-0.1356
98c2fa71-63aa-4bfe-b49e-41aa4abdb391	14	81014740	81014988	2	-2.9974
98c2fa71-63aa-4bfe-b49e-41aa4abdb391	14	81015214	82004385	633	-0.1422
98c2fa71-63aa-4bfe-b49e-41aa4abdb391	14	82004789	82008094	2	-2.2019
98c2fa71-63aa-4bfe-b49e-41aa4abdb391	14	82008805	84015775	1381	-0.1197
98c2fa71-63aa-4bfe-b49e-41aa4abdb391	14	84023283	104400350	13292	-0.006
98c2fa71-63aa-4bfe-b49e-41aa4abdb391	14	104400439	104404920	3	-1.3496
98c2fa71-63aa-4bfe-b49e-41aa4abdb391	14	104405529	105588560	346	0.0157
98c2fa71-63aa-4bfe-b49e-41aa4abdb391	14	105612353	105701150	16	0.6394
98c2fa71-63aa-4bfe-b49e-41aa4abdb391	14	105728140	106877229	491	-0.0111
98c2fa71-63aa-4bfe-b49e-41aa4abdb391	15	19811075	20001686	45	-0.0892
98c2fa71-63aa-4bfe-b49e-41aa4abdb391	15	20011702	20041902	4	-1.1459
98c2fa71-63aa-4bfe-b49e-41aa4abdb391	15	20056983	20376202	44	-0.1042
98c2fa71-63aa-4bfe-b49e-41aa4abdb391	15	20376309	20381704	12	0.5665
98c2fa71-63aa-4bfe-b49e-41aa4abdb391	15	20384774	20441322	26	0.1768
98c2fa71-63aa-4bfe-b49e-41aa4abdb391	15	20441432	21997003	46	-0.2171
98c2fa71-63aa-4bfe-b49e-41aa4abdb391	15	21999319	22395047	30	0.545
98c2fa71-63aa-4bfe-b49e-41aa4abdb391	15	22413894	52908744	18337	-0.1515
98c2fa71-63aa-4bfe-b49e-41aa4abdb391	15	52913768	53492657	472	-0.0299
98c2fa71-63aa-4bfe-b49e-41aa4abdb391	15	53492691	53492956	4	-0.9054
98c2fa71-63aa-4bfe-b49e-41aa4abdb391	15	53492997	53493082	3	-2.4807
98c2fa71-63aa-4bfe-b49e-41aa4abdb391	15	53498050	69735926	10936	-0.0499
98c2fa71-63aa-4bfe-b49e-41aa4abdb391	15	69736494	69740636	4	-1.2324
98c2fa71-63aa-4bfe-b49e-41aa4abdb391	15	69741749	75656980	3315	-0.0418
98c2fa71-63aa-4bfe-b49e-41aa4abdb391	15	75660436	75816209	58	0.2586
98c2fa71-63aa-4bfe-b49e-41aa4abdb391	15	75817935	76598900	416	-0.0354
98c2fa71-63aa-4bfe-b49e-41aa4abdb391	15	76599170	76603434	21	0.6409
98c2fa71-63aa-4bfe-b49e-41aa4abdb391	15	76609838	79332139	1495	-0.0229
98c2fa71-63aa-4bfe-b49e-41aa4abdb391	15	79332466	79332569	2	-1.3523
98c2fa71-63aa-4bfe-b49e-41aa4abdb391	15	79333240	80020360	594	-0.0305
98c2fa71-63aa-4bfe-b49e-41aa4abdb391	15	80023382	101928837	15434	0.0797
98c2fa71-63aa-4bfe-b49e-41aa4abdb391	16	10777	593305	255	-0.2422
98c2fa71-63aa-4bfe-b49e-41aa4abdb391	16	593391	3821285	1197	-0.3737
98c2fa71-63aa-4bfe-b49e-41aa4abdb391	16	3824711	3867882	23	-1.5405
98c2fa71-63aa-4bfe-b49e-41aa4abdb391	16	3871791	6928473	2816	-0.4662
98c2fa71-63aa-4bfe-b49e-41aa4abdb391	16	6928619	8212962	1517	0.3146
98c2fa71-63aa-4bfe-b49e-41aa4abdb391	16	8215878	9574750	1194	0.2318
98c2fa71-63aa-4bfe-b49e-41aa4abdb391	16	9574831	9576812	4	-0.8313
98c2fa71-63aa-4bfe-b49e-41aa4abdb391	16	9577849	10073258	497	0.2424
98c2fa71-63aa-4bfe-b49e-41aa4abdb391	16	10073577	10076656	2	-0.9177
98c2fa71-63aa-4bfe-b49e-41aa4abdb391	16	10076752	10111388	36	0.2605
98c2fa71-63aa-4bfe-b49e-41aa4abdb391	16	10112574	12147584	1457	0.4859
98c2fa71-63aa-4bfe-b49e-41aa4abdb391	16	12147802	12838803	707	0.3845
98c2fa71-63aa-4bfe-b49e-41aa4abdb391	16	12840967	14683771	1345	0.1282
98c2fa71-63aa-4bfe-b49e-41aa4abdb391	16	14686797	15031584	71	0.4162
98c2fa71-63aa-4bfe-b49e-41aa4abdb391	16	15033033	15281861	47	0.1231
98c2fa71-63aa-4bfe-b49e-41aa4abdb391	16	15305027	16474343	545	0.4976
98c2fa71-63aa-4bfe-b49e-41aa4abdb391	16	16491407	16606206	20	0.0889
98c2fa71-63aa-4bfe-b49e-41aa4abdb391	16	16614737	16743769	11	-0.8863
98c2fa71-63aa-4bfe-b49e-41aa4abdb391	16	16761504	22664766	3016	0.1361
98c2fa71-63aa-4bfe-b49e-41aa4abdb391	16	22665466	24191294	1020	-0.1127
98c2fa71-63aa-4bfe-b49e-41aa4abdb391	16	24195799	24202739	9	0.4833
98c2fa71-63aa-4bfe-b49e-41aa4abdb391	16	24205663	25157647	582	-0.1402
98c2fa71-63aa-4bfe-b49e-41aa4abdb391	16	25159102	25764359	449	0.207
98c2fa71-63aa-4bfe-b49e-41aa4abdb391	16	25768352	29326337	2180	-0.1452
98c2fa71-63aa-4bfe-b49e-41aa4abdb391	16	29327206	29335808	3	-2.1711
98c2fa71-63aa-4bfe-b49e-41aa4abdb391	16	29340457	30635357	325	-0.036
98c2fa71-63aa-4bfe-b49e-41aa4abdb391	16	30635374	30657191	5	-1.1857
98c2fa71-63aa-4bfe-b49e-41aa4abdb391	16	30657469	32169655	555	-0.1395
98c2fa71-63aa-4bfe-b49e-41aa4abdb391	16	32197425	32629651	17	-0.9756
98c2fa71-63aa-4bfe-b49e-41aa4abdb391	16	32832214	34200155	76	-0.1727
98c2fa71-63aa-4bfe-b49e-41aa4abdb391	16	34208816	35583505	304	-0.7287
98c2fa71-63aa-4bfe-b49e-41aa4abdb391	16	35585454	46606783	152	-0.5128
98c2fa71-63aa-4bfe-b49e-41aa4abdb391	16	46607060	46649572	18	-0.7767
98c2fa71-63aa-4bfe-b49e-41aa4abdb391	16	46652114	50739429	2370	-0.3024
98c2fa71-63aa-4bfe-b49e-41aa4abdb391	16	50743306	60614248	7005	-0.6759
98c2fa71-63aa-4bfe-b49e-41aa4abdb391	16	60616239	63653609	1948	-0.1381
98c2fa71-63aa-4bfe-b49e-41aa4abdb391	16	63653628	64062823	285	-0.2754
98c2fa71-63aa-4bfe-b49e-41aa4abdb391	16	64063138	64063477	3	-1.5009
98c2fa71-63aa-4bfe-b49e-41aa4abdb391	16	64063479	68068398	2512	-0.2981
98c2fa71-63aa-4bfe-b49e-41aa4abdb391	16	68070585	68353593	126	-0.6946
98c2fa71-63aa-4bfe-b49e-41aa4abdb391	16	68360339	74046104	2981	-0.1463
98c2fa71-63aa-4bfe-b49e-41aa4abdb391	16	74054192	77005966	1962	0.2207
98c2fa71-63aa-4bfe-b49e-41aa4abdb391	16	77008060	90096867	11927	-0.7038
98c2fa71-63aa-4bfe-b49e-41aa4abdb391	17	150733	209970	30	0.3341
98c2fa71-63aa-4bfe-b49e-41aa4abdb391	17	210111	210740	3	-1.7629
98c2fa71-63aa-4bfe-b49e-41aa4abdb391	17	215430	2408335	1117	0.1969
98c2fa71-63aa-4bfe-b49e-41aa4abdb391	17	2409060	2409080	4	1.3214
98c2fa71-63aa-4bfe-b49e-41aa4abdb391	17	2413234	2494474	50	0.1714
98c2fa71-63aa-4bfe-b49e-41aa4abdb391	17	2496207	2498947	3	-1.9596
98c2fa71-63aa-4bfe-b49e-41aa4abdb391	17	2502462	6406035	2330	0.197
98c2fa71-63aa-4bfe-b49e-41aa4abdb391	17	6406721	6407366	2	-1.9387
98c2fa71-63aa-4bfe-b49e-41aa4abdb391	17	6407411	18414080	7791	0.2039
98c2fa71-63aa-4bfe-b49e-41aa4abdb391	17	18452078	18509244	17	1.2897
98c2fa71-63aa-4bfe-b49e-41aa4abdb391	17	18523147	27460208	1741	0.2037
98c2fa71-63aa-4bfe-b49e-41aa4abdb391	17	27460263	27460837	2	-1.3886
98c2fa71-63aa-4bfe-b49e-41aa4abdb391	17	27466846	27871355	245	0.1814
98c2fa71-63aa-4bfe-b49e-41aa4abdb391	17	27873103	31154357	1405	0.0726
98c2fa71-63aa-4bfe-b49e-41aa4abdb391	17	31157297	32417404	610	0.18
98c2fa71-63aa-4bfe-b49e-41aa4abdb391	17	32419918	33796967	1139	0.0804
98c2fa71-63aa-4bfe-b49e-41aa4abdb391	17	33797383	33802972	3	-0.9477
98c2fa71-63aa-4bfe-b49e-41aa4abdb391	17	33803490	34935363	987	0.0974
98c2fa71-63aa-4bfe-b49e-41aa4abdb391	17	34941290	36208249	719	0.1894
98c2fa71-63aa-4bfe-b49e-41aa4abdb391	17	36460442	38925454	1291	0.0803
98c2fa71-63aa-4bfe-b49e-41aa4abdb391	17	38925685	39818246	439	0.1744
98c2fa71-63aa-4bfe-b49e-41aa4abdb391	17	39818467	39831019	9	-0.4151
98c2fa71-63aa-4bfe-b49e-41aa4abdb391	17	39832796	40641769	368	0.1725
98c2fa71-63aa-4bfe-b49e-41aa4abdb391	17	40642947	41361599	514	0.0541
98c2fa71-63aa-4bfe-b49e-41aa4abdb391	17	41361632	41366243	21	-1.6217
98c2fa71-63aa-4bfe-b49e-41aa4abdb391	17	41370057	41372886	12	0.0415
98c2fa71-63aa-4bfe-b49e-41aa4abdb391	17	41376617	41380422	7	0.8807
98c2fa71-63aa-4bfe-b49e-41aa4abdb391	17	41391076	41800335	251	0.1092
98c2fa71-63aa-4bfe-b49e-41aa4abdb391	17	41802092	44386534	1264	0.284
98c2fa71-63aa-4bfe-b49e-41aa4abdb391	17	44388069	45442744	493	0.0513
98c2fa71-63aa-4bfe-b49e-41aa4abdb391	17	45454667	46103588	368	0.159
98c2fa71-63aa-4bfe-b49e-41aa4abdb391	17	46104213	46286804	112	-0.0004
98c2fa71-63aa-4bfe-b49e-41aa4abdb391	17	46323701	46569894	5	-1.1483
98c2fa71-63aa-4bfe-b49e-41aa4abdb391	17	46571001	53640545	4056	0.0901
98c2fa71-63aa-4bfe-b49e-41aa4abdb391	17	53649631	53649820	2	-1.9776
98c2fa71-63aa-4bfe-b49e-41aa4abdb391	17	53651183	57851849	3126	0.0951
98c2fa71-63aa-4bfe-b49e-41aa4abdb391	17	57852014	83091923	14284	0.1997
98c2fa71-63aa-4bfe-b49e-41aa4abdb391	18	48133	163224	30	0.6498
98c2fa71-63aa-4bfe-b49e-41aa4abdb391	18	163398	6185174	4353	0.845
98c2fa71-63aa-4bfe-b49e-41aa4abdb391	18	6185411	15149069	5949	0.6287
98c2fa71-63aa-4bfe-b49e-41aa4abdb391	18	15152213	15191560	12	-0.217
98c2fa71-63aa-4bfe-b49e-41aa4abdb391	18	15198970	15402409	31	0.5029
98c2fa71-63aa-4bfe-b49e-41aa4abdb391	18	20949392	23833339	1462	-0.057
98c2fa71-63aa-4bfe-b49e-41aa4abdb391	18	23833905	29098655	3472	-0.1743
98c2fa71-63aa-4bfe-b49e-41aa4abdb391	18	29098690	31770494	1701	-0.3127
98c2fa71-63aa-4bfe-b49e-41aa4abdb391	18	31775363	40678741	5694	-0.1519
98c2fa71-63aa-4bfe-b49e-41aa4abdb391	18	40678763	40689534	22	0.1982
98c2fa71-63aa-4bfe-b49e-41aa4abdb391	18	40689848	42052885	944	-0.1569
98c2fa71-63aa-4bfe-b49e-41aa4abdb391	18	42062674	42072860	5	-1.0413
98c2fa71-63aa-4bfe-b49e-41aa4abdb391	18	42074264	50296656	5488	-0.1632
98c2fa71-63aa-4bfe-b49e-41aa4abdb391	18	50300485	50303166	7	-0.9926
98c2fa71-63aa-4bfe-b49e-41aa4abdb391	18	50304833	51435990	872	-0.1567
98c2fa71-63aa-4bfe-b49e-41aa4abdb391	18	51436474	51438890	3	-1.2276
98c2fa71-63aa-4bfe-b49e-41aa4abdb391	18	51439570	57609409	4064	-0.1641
98c2fa71-63aa-4bfe-b49e-41aa4abdb391	18	57610836	58377221	564	-0.5607
98c2fa71-63aa-4bfe-b49e-41aa4abdb391	18	58379772	58379794	2	-2.164
98c2fa71-63aa-4bfe-b49e-41aa4abdb391	18	58383251	59160992	514	-0.539
98c2fa71-63aa-4bfe-b49e-41aa4abdb391	18	59164450	61614923	1839	-0.1592
98c2fa71-63aa-4bfe-b49e-41aa4abdb391	18	61614963	61615076	2	-1.8732
98c2fa71-63aa-4bfe-b49e-41aa4abdb391	18	61617632	65962328	3029	-0.1587
98c2fa71-63aa-4bfe-b49e-41aa4abdb391	18	65969815	65972888	6	-1.6439
98c2fa71-63aa-4bfe-b49e-41aa4abdb391	18	65973172	66099904	117	-0.1208
98c2fa71-63aa-4bfe-b49e-41aa4abdb391	18	66100052	66100686	2	-2.0311
98c2fa71-63aa-4bfe-b49e-41aa4abdb391	18	66108359	80252853	10335	-0.1663
98c2fa71-63aa-4bfe-b49e-41aa4abdb391	18	80256253	80257174	4	0.4184
98c2fa71-63aa-4bfe-b49e-41aa4abdb391	19	90910	20061613	8688	-0.1935
98c2fa71-63aa-4bfe-b49e-41aa4abdb391	19	20061863	21124110	591	-0.0925
98c2fa71-63aa-4bfe-b49e-41aa4abdb391	19	21125654	43198881	11230	-0.179
98c2fa71-63aa-4bfe-b49e-41aa4abdb391	19	43199352	43252085	21	-1.2852
98c2fa71-63aa-4bfe-b49e-41aa4abdb391	19	43262507	48028055	2380	-0.1924
98c2fa71-63aa-4bfe-b49e-41aa4abdb391	19	48028073	48028075	2	-2.0012
98c2fa71-63aa-4bfe-b49e-41aa4abdb391	19	48028119	52813087	2541	-0.1782
98c2fa71-63aa-4bfe-b49e-41aa4abdb391	19	52815851	52815906	2	-2.3884
98c2fa71-63aa-4bfe-b49e-41aa4abdb391	19	52824137	54226329	941	-0.1297
98c2fa71-63aa-4bfe-b49e-41aa4abdb391	19	54226360	54237443	15	0.4065
98c2fa71-63aa-4bfe-b49e-41aa4abdb391	19	54249482	58586487	2574	-0.1875
98c2fa71-63aa-4bfe-b49e-41aa4abdb391	20	80664	1580305	1198	-0.2819
98c2fa71-63aa-4bfe-b49e-41aa4abdb391	20	1580353	1613247	42	1.3097
98c2fa71-63aa-4bfe-b49e-41aa4abdb391	20	1617300	5502760	2820	-0.3165
98c2fa71-63aa-4bfe-b49e-41aa4abdb391	20	5506328	5507202	2	-2.1566
98c2fa71-63aa-4bfe-b49e-41aa4abdb391	20	5507444	15242390	7452	-0.2913
98c2fa71-63aa-4bfe-b49e-41aa4abdb391	20	15242986	15243099	4	-2.0427
98c2fa71-63aa-4bfe-b49e-41aa4abdb391	20	15247649	25851481	8223	-0.3047
98c2fa71-63aa-4bfe-b49e-41aa4abdb391	20	25856889	32979039	1058	-0.1808
98c2fa71-63aa-4bfe-b49e-41aa4abdb391	20	32983165	32983216	2	-1.8644
98c2fa71-63aa-4bfe-b49e-41aa4abdb391	20	32984094	36380936	1608	-0.1724
98c2fa71-63aa-4bfe-b49e-41aa4abdb391	20	36381125	37149272	431	-0.2618
98c2fa71-63aa-4bfe-b49e-41aa4abdb391	20	37151875	37985360	532	-0.1677
98c2fa71-63aa-4bfe-b49e-41aa4abdb391	20	37986191	53545858	10956	-0.3041
98c2fa71-63aa-4bfe-b49e-41aa4abdb391	20	53546628	53557356	18	0.3029
98c2fa71-63aa-4bfe-b49e-41aa4abdb391	20	53559068	54338714	678	-0.2813
98c2fa71-63aa-4bfe-b49e-41aa4abdb391	20	54338851	56127356	1407	-0.1418
98c2fa71-63aa-4bfe-b49e-41aa4abdb391	20	56127714	63649513	5452	-0.0394
98c2fa71-63aa-4bfe-b49e-41aa4abdb391	20	63656176	64021807	128	-0.142
98c2fa71-63aa-4bfe-b49e-41aa4abdb391	20	64022101	64324800	152	-0.2507
98c2fa71-63aa-4bfe-b49e-41aa4abdb391	21	10354168	10494350	19	-0.5385
98c2fa71-63aa-4bfe-b49e-41aa4abdb391	21	10511939	10558276	32	-0.1541
98c2fa71-63aa-4bfe-b49e-41aa4abdb391	21	10558331	10775586	36	-0.4655
98c2fa71-63aa-4bfe-b49e-41aa4abdb391	21	12973348	13160229	22	-0.0323
98c2fa71-63aa-4bfe-b49e-41aa4abdb391	21	13166157	13189617	5	-1.1474
98c2fa71-63aa-4bfe-b49e-41aa4abdb391	21	13197963	15294587	1097	0.1278
98c2fa71-63aa-4bfe-b49e-41aa4abdb391	21	15295540	24009813	6408	0.0111
98c2fa71-63aa-4bfe-b49e-41aa4abdb391	21	24009953	36182224	8810	-0.109
98c2fa71-63aa-4bfe-b49e-41aa4abdb391	21	36183028	36185309	3	1.0255
98c2fa71-63aa-4bfe-b49e-41aa4abdb391	21	36185492	46677045	7325	-0.1037
98c2fa71-63aa-4bfe-b49e-41aa4abdb391	22	15294547	18099884	1065	-0.1661
98c2fa71-63aa-4bfe-b49e-41aa4abdb391	22	18099967	23611184	3091	-0.0949
98c2fa71-63aa-4bfe-b49e-41aa4abdb391	22	23611216	23899579	163	-0.1598
98c2fa71-63aa-4bfe-b49e-41aa4abdb391	22	23900166	23902843	5	-1.56
98c2fa71-63aa-4bfe-b49e-41aa4abdb391	22	23907027	36549134	9456	-0.1821
98c2fa71-63aa-4bfe-b49e-41aa4abdb391	22	36551878	36552699	2	-2.3301
98c2fa71-63aa-4bfe-b49e-41aa4abdb391	22	36555277	42501276	3276	-0.1683
98c2fa71-63aa-4bfe-b49e-41aa4abdb391	22	42503434	42559425	25	0.4641
98c2fa71-63aa-4bfe-b49e-41aa4abdb391	22	42559782	49310652	5276	-0.1738
98c2fa71-63aa-4bfe-b49e-41aa4abdb391	22	49314135	49314636	4	-2.5432
98c2fa71-63aa-4bfe-b49e-41aa4abdb391	22	49316519	50796027	791	-0.1224
98c2fa71-63aa-4bfe-b49e-41aa4abdb391	X	251810	147762145	78678	0.0008
98c2fa71-63aa-4bfe-b49e-41aa4abdb391	X	147762180	147766694	24	-0.8593
98c2fa71-63aa-4bfe-b49e-41aa4abdb391	X	147766787	155952689	4436	-0.0125
98c2fa71-63aa-4bfe-b49e-41aa4abdb391	Y	2782397	13478396	3264	-2.4703
98c2fa71-63aa-4bfe-b49e-41aa4abdb391	Y	13478462	13482643	3	-7.6945
98c2fa71-63aa-4bfe-b49e-41aa4abdb391	Y	13483009	56872112	3370	-2.5255
