GDC_Aliquot	Chromosome	Start	End	Num_Probes	Segment_Mean
97f9770c-3539-4578-84f4-bb63a7463900	1	62920	783283	24	0.4298
97f9770c-3539-4578-84f4-bb63a7463900	1	787937	1696979	188	-0.2313
97f9770c-3539-4578-84f4-bb63a7463900	1	1710664	1741164	14	0.4845
97f9770c-3539-4578-84f4-bb63a7463900	1	1756148	4348246	1151	-0.2547
97f9770c-3539-4578-84f4-bb63a7463900	1	4348271	5343525	928	-0.318
97f9770c-3539-4578-84f4-bb63a7463900	1	5348829	16766762	6385	-0.2459
97f9770c-3539-4578-84f4-bb63a7463900	1	16766922	16788139	12	0.2898
97f9770c-3539-4578-84f4-bb63a7463900	1	16855942	16935737	55	-0.4739
97f9770c-3539-4578-84f4-bb63a7463900	1	16935752	25256850	5265	-0.2373
97f9770c-3539-4578-84f4-bb63a7463900	1	25266637	25320455	24	0.3176
97f9770c-3539-4578-84f4-bb63a7463900	1	25336819	33756209	4266	-0.2227
97f9770c-3539-4578-84f4-bb63a7463900	1	33756703	33756752	3	-1.6816
97f9770c-3539-4578-84f4-bb63a7463900	1	33757622	35104375	935	-0.2368
97f9770c-3539-4578-84f4-bb63a7463900	1	35110345	39065601	2208	0.264
97f9770c-3539-4578-84f4-bb63a7463900	1	39066042	39165199	46	0.6288
97f9770c-3539-4578-84f4-bb63a7463900	1	39172853	40880756	883	0.2328
97f9770c-3539-4578-84f4-bb63a7463900	1	40881535	40910828	18	0.7116
97f9770c-3539-4578-84f4-bb63a7463900	1	40918052	48550668	4443	0.258
97f9770c-3539-4578-84f4-bb63a7463900	1	48551365	49924581	738	0.1583
97f9770c-3539-4578-84f4-bb63a7463900	1	49925468	50928422	488	0.255
97f9770c-3539-4578-84f4-bb63a7463900	1	50929560	51631908	275	0.5864
97f9770c-3539-4578-84f4-bb63a7463900	1	51635477	54624527	1708	0.2444
97f9770c-3539-4578-84f4-bb63a7463900	1	54627618	54628716	2	-1.1712
97f9770c-3539-4578-84f4-bb63a7463900	1	54630777	55653173	851	0.2714
97f9770c-3539-4578-84f4-bb63a7463900	1	55653831	60881956	3981	0.2198
97f9770c-3539-4578-84f4-bb63a7463900	1	60882024	66588700	4287	0.2531
97f9770c-3539-4578-84f4-bb63a7463900	1	66588725	72303233	3614	0.2059
97f9770c-3539-4578-84f4-bb63a7463900	1	72303253	72345465	45	-1.4547
97f9770c-3539-4578-84f4-bb63a7463900	1	72346221	77462495	3339	0.2041
97f9770c-3539-4578-84f4-bb63a7463900	1	77466323	78823134	727	0.2757
97f9770c-3539-4578-84f4-bb63a7463900	1	78828012	93103836	9343	0.2216
97f9770c-3539-4578-84f4-bb63a7463900	1	93104240	95209154	1442	0.2735
97f9770c-3539-4578-84f4-bb63a7463900	1	95210955	95210962	2	-0.6157
97f9770c-3539-4578-84f4-bb63a7463900	1	95214568	95689188	341	0.2671
97f9770c-3539-4578-84f4-bb63a7463900	1	95689620	102699674	4418	0.2126
97f9770c-3539-4578-84f4-bb63a7463900	1	102699725	103504056	384	0.2946
97f9770c-3539-4578-84f4-bb63a7463900	1	103510026	103616762	40	0.1343
97f9770c-3539-4578-84f4-bb63a7463900	1	103620877	103717410	5	-0.7938
97f9770c-3539-4578-84f4-bb63a7463900	1	103717617	105476748	923	0.2005
97f9770c-3539-4578-84f4-bb63a7463900	1	105476861	105481433	14	-0.2428
97f9770c-3539-4578-84f4-bb63a7463900	1	105481448	108187137	1938	0.2084
97f9770c-3539-4578-84f4-bb63a7463900	1	108191613	108194874	3	-0.7051
97f9770c-3539-4578-84f4-bb63a7463900	1	108196482	109690352	695	0.2318
97f9770c-3539-4578-84f4-bb63a7463900	1	109690415	109697556	12	-1.3551
97f9770c-3539-4578-84f4-bb63a7463900	1	109702376	112153343	1952	0.2336
97f9770c-3539-4578-84f4-bb63a7463900	1	112153465	112154390	17	0.6371
97f9770c-3539-4578-84f4-bb63a7463900	1	112154552	114286279	1333	0.2266
97f9770c-3539-4578-84f4-bb63a7463900	1	114289343	114291088	3	-0.8213
97f9770c-3539-4578-84f4-bb63a7463900	1	114291180	143494500	3836	0.2213
97f9770c-3539-4578-84f4-bb63a7463900	1	143541857	143927536	123	-0.646
97f9770c-3539-4578-84f4-bb63a7463900	1	143927887	144445555	9	-0.0974
97f9770c-3539-4578-84f4-bb63a7463900	1	144451288	152583051	2309	0.3047
97f9770c-3539-4578-84f4-bb63a7463900	1	152583230	152614118	35	1.2766
97f9770c-3539-4578-84f4-bb63a7463900	1	152618018	152789570	172	0.273
97f9770c-3539-4578-84f4-bb63a7463900	1	152789781	152796224	32	0.8107
97f9770c-3539-4578-84f4-bb63a7463900	1	152801429	153848215	676	0.3737
97f9770c-3539-4578-84f4-bb63a7463900	1	153849468	158519987	2576	0.3042
97f9770c-3539-4578-84f4-bb63a7463900	1	158524903	158559598	63	0.1331
97f9770c-3539-4578-84f4-bb63a7463900	1	158560477	158896783	299	0.2727
97f9770c-3539-4578-84f4-bb63a7463900	1	158898711	158899969	2	-0.9736
97f9770c-3539-4578-84f4-bb63a7463900	1	158905028	174441929	11000	0.3073
97f9770c-3539-4578-84f4-bb63a7463900	1	174442105	174523959	47	0.4103
97f9770c-3539-4578-84f4-bb63a7463900	1	174523973	176572266	1302	0.2565
97f9770c-3539-4578-84f4-bb63a7463900	1	176574013	183491979	4768	0.3174
97f9770c-3539-4578-84f4-bb63a7463900	1	183496721	183821611	222	0.7559
97f9770c-3539-4578-84f4-bb63a7463900	1	183822269	200067662	10574	0.2729
97f9770c-3539-4578-84f4-bb63a7463900	1	200069798	206178584	4092	0.3231
97f9770c-3539-4578-84f4-bb63a7463900	1	206366301	207082860	500	-0.0301
97f9770c-3539-4578-84f4-bb63a7463900	1	207083572	207083958	3	-1.3181
97f9770c-3539-4578-84f4-bb63a7463900	1	207087261	210536272	2672	-0.0081
97f9770c-3539-4578-84f4-bb63a7463900	1	210536741	210536999	2	-1.7131
97f9770c-3539-4578-84f4-bb63a7463900	1	210539954	210912341	309	-0.031
97f9770c-3539-4578-84f4-bb63a7463900	1	210916265	215848199	3236	0.0047
97f9770c-3539-4578-84f4-bb63a7463900	1	215848442	218409845	1947	-0.0388
97f9770c-3539-4578-84f4-bb63a7463900	1	218412479	219102393	479	0.2164
97f9770c-3539-4578-84f4-bb63a7463900	1	219102612	224918097	3808	-0.0277
97f9770c-3539-4578-84f4-bb63a7463900	1	224920030	226554175	951	0.4391
97f9770c-3539-4578-84f4-bb63a7463900	1	226556766	227015941	312	0.7584
97f9770c-3539-4578-84f4-bb63a7463900	1	227017546	236783511	6846	0.4252
97f9770c-3539-4578-84f4-bb63a7463900	1	236784576	239302751	2060	0.3848
97f9770c-3539-4578-84f4-bb63a7463900	1	239302836	239303047	3	-0.5696
97f9770c-3539-4578-84f4-bb63a7463900	1	239305256	244401099	3752	0.3734
97f9770c-3539-4578-84f4-bb63a7463900	1	244401436	248446755	2659	0.4095
97f9770c-3539-4578-84f4-bb63a7463900	1	248447206	248473963	10	-0.372
97f9770c-3539-4578-84f4-bb63a7463900	1	248475325	248596046	27	0.4804
97f9770c-3539-4578-84f4-bb63a7463900	1	248599627	248626391	15	0.7362
97f9770c-3539-4578-84f4-bb63a7463900	1	248626572	248930189	147	0.4014
97f9770c-3539-4578-84f4-bb63a7463900	2	12784	8704364	6874	0.2399
97f9770c-3539-4578-84f4-bb63a7463900	2	8704381	11161000	1698	0.2823
97f9770c-3539-4578-84f4-bb63a7463900	2	11164262	18303387	5268	0.236
97f9770c-3539-4578-84f4-bb63a7463900	2	18303712	20616204	1729	0.2921
97f9770c-3539-4578-84f4-bb63a7463900	2	20617733	20671670	39	0.1684
97f9770c-3539-4578-84f4-bb63a7463900	2	20674225	20794769	82	0.6418
97f9770c-3539-4578-84f4-bb63a7463900	2	20794958	21117003	214	0.2881
97f9770c-3539-4578-84f4-bb63a7463900	2	21117118	34476327	8190	-0.2627
97f9770c-3539-4578-84f4-bb63a7463900	2	34476516	34511990	44	-1.9386
97f9770c-3539-4578-84f4-bb63a7463900	2	34512096	35742970	871	-0.2611
97f9770c-3539-4578-84f4-bb63a7463900	2	35750907	35762881	8	-1.282
97f9770c-3539-4578-84f4-bb63a7463900	2	35772407	36433846	599	-0.2598
97f9770c-3539-4578-84f4-bb63a7463900	2	36435390	37301335	633	0.0507
97f9770c-3539-4578-84f4-bb63a7463900	2	37301668	38310022	826	0.1067
97f9770c-3539-4578-84f4-bb63a7463900	2	38313014	46262993	5775	0.0506
97f9770c-3539-4578-84f4-bb63a7463900	2	46263662	46265133	2	-1.3732
97f9770c-3539-4578-84f4-bb63a7463900	2	46265543	52527727	4300	0.0409
97f9770c-3539-4578-84f4-bb63a7463900	2	52527743	52537117	12	-0.3541
97f9770c-3539-4578-84f4-bb63a7463900	2	52537337	52554157	14	-0.8078
97f9770c-3539-4578-84f4-bb63a7463900	2	52554188	52554359	5	-0.3566
97f9770c-3539-4578-84f4-bb63a7463900	2	52554366	76833464	15714	0.0515
97f9770c-3539-4578-84f4-bb63a7463900	2	76833991	79010492	1407	0.0023
97f9770c-3539-4578-84f4-bb63a7463900	2	79010614	79582479	451	-0.0908
97f9770c-3539-4578-84f4-bb63a7463900	2	79582592	83097384	2248	-0.0081
97f9770c-3539-4578-84f4-bb63a7463900	2	83098502	97359885	4038	0.0385
97f9770c-3539-4578-84f4-bb63a7463900	2	97524284	97545247	8	-0.967
97f9770c-3539-4578-84f4-bb63a7463900	2	97545726	98239112	338	-0.0067
97f9770c-3539-4578-84f4-bb63a7463900	2	98239162	113604438	9025	0.0422
97f9770c-3539-4578-84f4-bb63a7463900	2	113604837	113623244	3	-1.0665
97f9770c-3539-4578-84f4-bb63a7463900	2	113625975	117124131	2123	0.0141
97f9770c-3539-4578-84f4-bb63a7463900	2	117128035	123369077	4067	0.0577
97f9770c-3539-4578-84f4-bb63a7463900	2	123371124	138925838	9399	0.02
97f9770c-3539-4578-84f4-bb63a7463900	2	138928594	138929045	2	-1.1622
97f9770c-3539-4578-84f4-bb63a7463900	2	138929508	141023872	1341	-0.0006
97f9770c-3539-4578-84f4-bb63a7463900	2	141026194	141486574	313	-0.1678
97f9770c-3539-4578-84f4-bb63a7463900	2	141486788	146104517	2795	0.0104
97f9770c-3539-4578-84f4-bb63a7463900	2	146106836	146121331	34	-0.2622
97f9770c-3539-4578-84f4-bb63a7463900	2	146121420	158447627	7349	0.0244
97f9770c-3539-4578-84f4-bb63a7463900	2	158455133	158511965	31	-0.2647
97f9770c-3539-4578-84f4-bb63a7463900	2	158512907	158591202	52	0.0604
97f9770c-3539-4578-84f4-bb63a7463900	2	158592292	159102108	350	0.4811
97f9770c-3539-4578-84f4-bb63a7463900	2	159103831	159104461	2	-0.8599
97f9770c-3539-4578-84f4-bb63a7463900	2	159106775	159112317	13	0.5187
97f9770c-3539-4578-84f4-bb63a7463900	2	159118778	160175715	712	0.0709
97f9770c-3539-4578-84f4-bb63a7463900	2	160183709	160443278	160	0.5753
97f9770c-3539-4578-84f4-bb63a7463900	2	160447295	160696369	145	0.0761
97f9770c-3539-4578-84f4-bb63a7463900	2	160696730	160696820	2	-1.2231
97f9770c-3539-4578-84f4-bb63a7463900	2	160700545	168680901	4709	0.0367
97f9770c-3539-4578-84f4-bb63a7463900	2	168681080	169009904	289	0.1863
97f9770c-3539-4578-84f4-bb63a7463900	2	169010050	193509479	14908	0.0309
97f9770c-3539-4578-84f4-bb63a7463900	2	193509645	195619468	1156	-0.0199
97f9770c-3539-4578-84f4-bb63a7463900	2	195619582	202869657	4128	0.0213
97f9770c-3539-4578-84f4-bb63a7463900	2	202875281	203980316	558	0.4706
97f9770c-3539-4578-84f4-bb63a7463900	2	203988974	215417640	7439	0.022
97f9770c-3539-4578-84f4-bb63a7463900	2	215417758	223222989	5142	0.0495
97f9770c-3539-4578-84f4-bb63a7463900	2	223223144	232846659	5968	0.0269
97f9770c-3539-4578-84f4-bb63a7463900	2	232847224	232885612	31	0.3029
97f9770c-3539-4578-84f4-bb63a7463900	2	232885917	241841181	5782	0.025
97f9770c-3539-4578-84f4-bb63a7463900	2	241841244	242092368	105	-0.6168
97f9770c-3539-4578-84f4-bb63a7463900	2	242095460	242147305	24	0.1042
97f9770c-3539-4578-84f4-bb63a7463900	3	20930	5493206	4840	0.2285
97f9770c-3539-4578-84f4-bb63a7463900	3	5493895	5497427	2	-1.6104
97f9770c-3539-4578-84f4-bb63a7463900	3	5497901	8037228	2272	0.2293
97f9770c-3539-4578-84f4-bb63a7463900	3	8037298	16442627	6006	0.2847
97f9770c-3539-4578-84f4-bb63a7463900	3	16446795	19299761	1601	0.2375
97f9770c-3539-4578-84f4-bb63a7463900	3	19300635	21859105	1732	-0.2566
97f9770c-3539-4578-84f4-bb63a7463900	3	21859195	21859264	2	-2.1899
97f9770c-3539-4578-84f4-bb63a7463900	3	21859271	21897966	33	-0.2431
97f9770c-3539-4578-84f4-bb63a7463900	3	21898447	21898934	2	-2.6767
97f9770c-3539-4578-84f4-bb63a7463900	3	21899861	47437019	17003	-0.2508
97f9770c-3539-4578-84f4-bb63a7463900	3	47450332	47451230	2	-2.3046
97f9770c-3539-4578-84f4-bb63a7463900	3	47455724	59736995	6811	-0.2471
97f9770c-3539-4578-84f4-bb63a7463900	3	59737454	60794907	1237	-0.3059
97f9770c-3539-4578-84f4-bb63a7463900	3	60795013	60795294	3	-1.8226
97f9770c-3539-4578-84f4-bb63a7463900	3	60798502	65262750	3867	-0.2577
97f9770c-3539-4578-84f4-bb63a7463900	3	65263179	65263204	2	-1.742
97f9770c-3539-4578-84f4-bb63a7463900	3	65265899	66040192	618	-0.2574
97f9770c-3539-4578-84f4-bb63a7463900	3	66043060	66055604	5	-1.3939
97f9770c-3539-4578-84f4-bb63a7463900	3	66057454	68697013	1747	-0.2522
97f9770c-3539-4578-84f4-bb63a7463900	3	68697108	68698178	12	-0.927
97f9770c-3539-4578-84f4-bb63a7463900	3	68698213	75496671	4920	-0.2493
97f9770c-3539-4578-84f4-bb63a7463900	3	75497579	75547095	17	0.2205
97f9770c-3539-4578-84f4-bb63a7463900	3	75559488	82815398	4094	-0.2674
97f9770c-3539-4578-84f4-bb63a7463900	3	82823628	82823892	6	-1.7913
97f9770c-3539-4578-84f4-bb63a7463900	3	82831894	90453712	4017	-0.2701
97f9770c-3539-4578-84f4-bb63a7463900	3	91390926	99218940	2848	0.1803
97f9770c-3539-4578-84f4-bb63a7463900	3	99225614	99226455	14	-1.5343
97f9770c-3539-4578-84f4-bb63a7463900	3	99226551	99230212	13	-3.4778
97f9770c-3539-4578-84f4-bb63a7463900	3	99230225	99230577	11	-1.5651
97f9770c-3539-4578-84f4-bb63a7463900	3	99232120	101092274	1091	0.2109
97f9770c-3539-4578-84f4-bb63a7463900	3	101092641	105586175	2702	0.1643
97f9770c-3539-4578-84f4-bb63a7463900	3	105586555	105587097	2	-1.0464
97f9770c-3539-4578-84f4-bb63a7463900	3	105594893	109077096	2179	0.1852
97f9770c-3539-4578-84f4-bb63a7463900	3	109086518	109789032	348	0.1085
97f9770c-3539-4578-84f4-bb63a7463900	3	109789380	113314411	2251	0.1839
97f9770c-3539-4578-84f4-bb63a7463900	3	113322789	113361102	21	-0.3635
97f9770c-3539-4578-84f4-bb63a7463900	3	113361325	118824577	3555	0.1594
97f9770c-3539-4578-84f4-bb63a7463900	3	118828619	130044016	6566	0.2093
97f9770c-3539-4578-84f4-bb63a7463900	3	130044855	130087393	38	0.8222
97f9770c-3539-4578-84f4-bb63a7463900	3	130088081	132269794	1434	0.1805
97f9770c-3539-4578-84f4-bb63a7463900	3	132270020	132276840	8	-0.2768
97f9770c-3539-4578-84f4-bb63a7463900	3	132281633	136300257	2588	0.1949
97f9770c-3539-4578-84f4-bb63a7463900	3	136304109	136306584	2	-2.4671
97f9770c-3539-4578-84f4-bb63a7463900	3	136319699	140823697	2697	0.192
97f9770c-3539-4578-84f4-bb63a7463900	3	140826859	140828142	2	-0.836
97f9770c-3539-4578-84f4-bb63a7463900	3	140841776	142823192	1029	0.1977
97f9770c-3539-4578-84f4-bb63a7463900	3	142823395	142827179	3	-0.7963
97f9770c-3539-4578-84f4-bb63a7463900	3	142827512	162813082	12521	0.1973
97f9770c-3539-4578-84f4-bb63a7463900	3	162815162	162822702	7	-0.9731
97f9770c-3539-4578-84f4-bb63a7463900	3	162827928	168209586	3008	0.1672
97f9770c-3539-4578-84f4-bb63a7463900	3	168210319	169012392	483	0.5198
97f9770c-3539-4578-84f4-bb63a7463900	3	169015614	169020840	2	-1.9025
97f9770c-3539-4578-84f4-bb63a7463900	3	169022039	171559543	1636	0.5393
97f9770c-3539-4578-84f4-bb63a7463900	3	171559830	171763940	120	0.6473
97f9770c-3539-4578-84f4-bb63a7463900	3	171765193	171775069	5	0.0646
97f9770c-3539-4578-84f4-bb63a7463900	3	171775978	172490372	476	0.6032
97f9770c-3539-4578-84f4-bb63a7463900	3	172490387	175273353	1886	0.5353
97f9770c-3539-4578-84f4-bb63a7463900	3	175274461	175362822	90	0.1877
97f9770c-3539-4578-84f4-bb63a7463900	3	175362958	175363437	4	-1.0209
97f9770c-3539-4578-84f4-bb63a7463900	3	175363536	175681996	243	0.1747
97f9770c-3539-4578-84f4-bb63a7463900	3	175694136	180074796	2764	0.5082
97f9770c-3539-4578-84f4-bb63a7463900	3	180079859	185405628	2851	0.1235
97f9770c-3539-4578-84f4-bb63a7463900	3	185406339	188922793	2633	0.2575
97f9770c-3539-4578-84f4-bb63a7463900	3	188926888	190402447	1098	0.3046
97f9770c-3539-4578-84f4-bb63a7463900	3	190403000	193160113	1924	0.2255
97f9770c-3539-4578-84f4-bb63a7463900	3	193160173	193165114	19	0.8014
97f9770c-3539-4578-84f4-bb63a7463900	3	193168646	193856142	464	0.2603
97f9770c-3539-4578-84f4-bb63a7463900	3	193861172	193862597	4	-0.7735
97f9770c-3539-4578-84f4-bb63a7463900	3	193863470	195685341	1020	0.2915
97f9770c-3539-4578-84f4-bb63a7463900	3	195691392	195704028	10	0.8794
97f9770c-3539-4578-84f4-bb63a7463900	3	195706899	195733825	20	0.5205
97f9770c-3539-4578-84f4-bb63a7463900	3	195735445	195737995	6	1.2091
97f9770c-3539-4578-84f4-bb63a7463900	3	195746925	198169247	1169	0.2843
97f9770c-3539-4578-84f4-bb63a7463900	4	68929	9455251	5155	-0.269
97f9770c-3539-4578-84f4-bb63a7463900	4	9459504	9484440	7	-1.1613
97f9770c-3539-4578-84f4-bb63a7463900	4	9494650	10208322	533	-0.265
97f9770c-3539-4578-84f4-bb63a7463900	4	10208339	10234518	43	-0.5924
97f9770c-3539-4578-84f4-bb63a7463900	4	10236812	34777432	16973	-0.2725
97f9770c-3539-4578-84f4-bb63a7463900	4	34784878	34822561	37	-1.1223
97f9770c-3539-4578-84f4-bb63a7463900	4	34823103	40698556	3881	-0.26
97f9770c-3539-4578-84f4-bb63a7463900	4	40701994	40702175	3	-1.7255
97f9770c-3539-4578-84f4-bb63a7463900	4	40702670	48149339	4509	-0.2773
97f9770c-3539-4578-84f4-bb63a7463900	4	48149358	54293241	2154	-0.2291
97f9770c-3539-4578-84f4-bb63a7463900	4	54293257	54902040	618	-0.2697
97f9770c-3539-4578-84f4-bb63a7463900	4	54903154	61071220	3889	0.2433
97f9770c-3539-4578-84f4-bb63a7463900	4	61075217	61076234	2	-1.1061
97f9770c-3539-4578-84f4-bb63a7463900	4	61079968	62802116	939	0.223
97f9770c-3539-4578-84f4-bb63a7463900	4	62804218	62805944	8	-1.9608
97f9770c-3539-4578-84f4-bb63a7463900	4	62813912	63828222	556	0.2287
97f9770c-3539-4578-84f4-bb63a7463900	4	63831751	63841887	21	-0.835
97f9770c-3539-4578-84f4-bb63a7463900	4	63842036	63842540	6	-2.7749
97f9770c-3539-4578-84f4-bb63a7463900	4	63850713	68418873	2859	0.2341
97f9770c-3539-4578-84f4-bb63a7463900	4	68422420	68422424	3	1.391
97f9770c-3539-4578-84f4-bb63a7463900	4	68429081	68506285	12	0.2034
97f9770c-3539-4578-84f4-bb63a7463900	4	68509223	68623617	66	-1.4986
97f9770c-3539-4578-84f4-bb63a7463900	4	68639397	74716043	3565	0.2658
97f9770c-3539-4578-84f4-bb63a7463900	4	74725813	93852089	11832	-0.2552
97f9770c-3539-4578-84f4-bb63a7463900	4	93857375	95180252	764	-0.1918
97f9770c-3539-4578-84f4-bb63a7463900	4	95180987	95324597	126	-0.2871
97f9770c-3539-4578-84f4-bb63a7463900	4	95325355	95326445	15	-1.4162
97f9770c-3539-4578-84f4-bb63a7463900	4	95327465	103294549	4711	-0.2593
97f9770c-3539-4578-84f4-bb63a7463900	4	103296943	103296945	3	1.0243
97f9770c-3539-4578-84f4-bb63a7463900	4	103298947	108464432	3079	-0.2518
97f9770c-3539-4578-84f4-bb63a7463900	4	108466650	108467479	2	-2.8644
97f9770c-3539-4578-84f4-bb63a7463900	4	108482941	137171085	16850	-0.2563
97f9770c-3539-4578-84f4-bb63a7463900	4	137171266	137172260	13	-1.3668
97f9770c-3539-4578-84f4-bb63a7463900	4	137173804	142087234	3298	-0.2523
97f9770c-3539-4578-84f4-bb63a7463900	4	142088417	142114571	15	-1.177
97f9770c-3539-4578-84f4-bb63a7463900	4	142114666	152367000	5877	-0.2443
97f9770c-3539-4578-84f4-bb63a7463900	4	152367683	152427609	22	-1.0412
97f9770c-3539-4578-84f4-bb63a7463900	4	152433611	154881396	1578	-0.2376
97f9770c-3539-4578-84f4-bb63a7463900	4	154881853	154881926	3	-1.3856
97f9770c-3539-4578-84f4-bb63a7463900	4	154882047	159426833	2865	-0.2272
97f9770c-3539-4578-84f4-bb63a7463900	4	159427704	167426245	5139	-0.2605
97f9770c-3539-4578-84f4-bb63a7463900	4	167429792	169801855	1561	-0.2263
97f9770c-3539-4578-84f4-bb63a7463900	4	169803921	189267889	13184	-0.2732
97f9770c-3539-4578-84f4-bb63a7463900	4	189273964	189278110	4	-2.4853
97f9770c-3539-4578-84f4-bb63a7463900	4	189278617	190106768	350	-0.2814
97f9770c-3539-4578-84f4-bb63a7463900	5	15532	5112814	3836	0.2579
97f9770c-3539-4578-84f4-bb63a7463900	5	5119610	5680243	564	0.2043
97f9770c-3539-4578-84f4-bb63a7463900	5	5680258	5680502	6	-0.2841
97f9770c-3539-4578-84f4-bb63a7463900	5	5680632	6336099	595	0.2103
97f9770c-3539-4578-84f4-bb63a7463900	5	6336284	6500082	128	0.2679
97f9770c-3539-4578-84f4-bb63a7463900	5	6502041	6502455	3	-0.5079
97f9770c-3539-4578-84f4-bb63a7463900	5	6502892	9794442	2773	0.2379
97f9770c-3539-4578-84f4-bb63a7463900	5	9795672	10990595	1036	0.2816
97f9770c-3539-4578-84f4-bb63a7463900	5	10998553	12815668	1248	0.2283
97f9770c-3539-4578-84f4-bb63a7463900	5	12815753	12838421	13	0.7539
97f9770c-3539-4578-84f4-bb63a7463900	5	12849089	13686703	471	0.2351
97f9770c-3539-4578-84f4-bb63a7463900	5	13687184	15622156	1428	0.2892
97f9770c-3539-4578-84f4-bb63a7463900	5	15626240	17733444	1346	0.2512
97f9770c-3539-4578-84f4-bb63a7463900	5	17734084	24777997	4165	0.2125
97f9770c-3539-4578-84f4-bb63a7463900	5	24778267	24781719	15	-0.5981
97f9770c-3539-4578-84f4-bb63a7463900	5	24786817	31191931	3882	0.2161
97f9770c-3539-4578-84f4-bb63a7463900	5	31192603	31205228	11	-0.4157
97f9770c-3539-4578-84f4-bb63a7463900	5	31206494	31233747	19	0.245
97f9770c-3539-4578-84f4-bb63a7463900	5	31233760	38706538	5054	0.2702
97f9770c-3539-4578-84f4-bb63a7463900	5	38706869	41561271	1960	0.2199
97f9770c-3539-4578-84f4-bb63a7463900	5	41564024	41564336	2	-0.8462
97f9770c-3539-4578-84f4-bb63a7463900	5	41564460	45872218	2039	0.2552
97f9770c-3539-4578-84f4-bb63a7463900	5	45872740	46271828	82	0.0944
97f9770c-3539-4578-84f4-bb63a7463900	5	46272419	46313400	8	1.1131
97f9770c-3539-4578-84f4-bb63a7463900	5	46313418	50580517	173	-0.242
97f9770c-3539-4578-84f4-bb63a7463900	5	50583264	50684024	39	0.0041
97f9770c-3539-4578-84f4-bb63a7463900	5	50684769	56693168	3986	-0.2753
97f9770c-3539-4578-84f4-bb63a7463900	5	56698612	56753821	41	0.2397
97f9770c-3539-4578-84f4-bb63a7463900	5	56755189	58033288	834	-0.2683
97f9770c-3539-4578-84f4-bb63a7463900	5	58033703	58034020	5	-0.8862
97f9770c-3539-4578-84f4-bb63a7463900	5	58034072	59378898	1089	-0.2746
97f9770c-3539-4578-84f4-bb63a7463900	5	59380502	59380770	2	-2.5343
97f9770c-3539-4578-84f4-bb63a7463900	5	59381190	102508055	24643	-0.2612
97f9770c-3539-4578-84f4-bb63a7463900	5	102510382	103313321	402	0.2875
97f9770c-3539-4578-84f4-bb63a7463900	5	103314236	103415498	52	0.6138
97f9770c-3539-4578-84f4-bb63a7463900	5	103420774	103612260	119	0.2696
97f9770c-3539-4578-84f4-bb63a7463900	5	103614820	104918499	867	-0.2413
97f9770c-3539-4578-84f4-bb63a7463900	5	104918879	104919919	3	-1.5533
97f9770c-3539-4578-84f4-bb63a7463900	5	104932396	109647032	2922	-0.2482
97f9770c-3539-4578-84f4-bb63a7463900	5	109648041	110609432	648	0.2325
97f9770c-3539-4578-84f4-bb63a7463900	5	110623071	124653461	9812	-0.261
97f9770c-3539-4578-84f4-bb63a7463900	5	124657812	124658066	2	-2.0423
97f9770c-3539-4578-84f4-bb63a7463900	5	124660369	136059514	6978	-0.25
97f9770c-3539-4578-84f4-bb63a7463900	5	136059937	147150374	6633	0.031
97f9770c-3539-4578-84f4-bb63a7463900	5	147152431	159463098	8480	-0.2712
97f9770c-3539-4578-84f4-bb63a7463900	5	159469771	159470017	2	-1.6348
97f9770c-3539-4578-84f4-bb63a7463900	5	159472202	166568186	4668	-0.2798
97f9770c-3539-4578-84f4-bb63a7463900	5	166568396	166581285	9	-1.0553
97f9770c-3539-4578-84f4-bb63a7463900	5	166583862	171182634	3534	-0.2757
97f9770c-3539-4578-84f4-bb63a7463900	5	171187419	176729717	3827	0.0124
97f9770c-3539-4578-84f4-bb63a7463900	5	176730662	176747485	10	0.4983
97f9770c-3539-4578-84f4-bb63a7463900	5	176748641	176909188	79	-0.0127
97f9770c-3539-4578-84f4-bb63a7463900	5	176910342	177771448	327	0.2777
97f9770c-3539-4578-84f4-bb63a7463900	5	177800550	177801578	2	-0.8433
97f9770c-3539-4578-84f4-bb63a7463900	5	177805604	179676725	1069	0.2783
97f9770c-3539-4578-84f4-bb63a7463900	5	179677049	179678022	7	-0.3543
97f9770c-3539-4578-84f4-bb63a7463900	5	179678136	180947523	721	0.2936
97f9770c-3539-4578-84f4-bb63a7463900	5	180951710	180987465	14	0.8177
97f9770c-3539-4578-84f4-bb63a7463900	5	180990207	181363319	175	0.2522
97f9770c-3539-4578-84f4-bb63a7463900	6	149661	265143	107	-0.0116
97f9770c-3539-4578-84f4-bb63a7463900	6	267622	344268	44	-0.7189
97f9770c-3539-4578-84f4-bb63a7463900	6	346097	354489	18	-1.2293
97f9770c-3539-4578-84f4-bb63a7463900	6	355191	382897	34	-0.6397
97f9770c-3539-4578-84f4-bb63a7463900	6	384109	4700896	3567	0.0386
97f9770c-3539-4578-84f4-bb63a7463900	6	4700910	4701267	2	-1.1871
97f9770c-3539-4578-84f4-bb63a7463900	6	4703145	4856408	88	0.0432
97f9770c-3539-4578-84f4-bb63a7463900	6	4858510	5060062	178	0.2784
97f9770c-3539-4578-84f4-bb63a7463900	6	5060391	5128155	67	0.7668
97f9770c-3539-4578-84f4-bb63a7463900	6	5132039	6584846	1271	0.2442
97f9770c-3539-4578-84f4-bb63a7463900	6	6586825	22655838	12052	0.2826
97f9770c-3539-4578-84f4-bb63a7463900	6	22655969	22903102	173	0.232
97f9770c-3539-4578-84f4-bb63a7463900	6	22905088	22909104	5	0.7994
97f9770c-3539-4578-84f4-bb63a7463900	6	22909651	26743855	2632	0.2571
97f9770c-3539-4578-84f4-bb63a7463900	6	26747492	26972746	40	-0.0123
97f9770c-3539-4578-84f4-bb63a7463900	6	26973736	29869295	1379	0.2534
97f9770c-3539-4578-84f4-bb63a7463900	6	29869410	29881490	16	0.8015
97f9770c-3539-4578-84f4-bb63a7463900	6	29882419	29907031	8	0.0318
97f9770c-3539-4578-84f4-bb63a7463900	6	29909182	29931120	7	-0.8251
97f9770c-3539-4578-84f4-bb63a7463900	6	29931900	32485152	1161	0.2997
97f9770c-3539-4578-84f4-bb63a7463900	6	32486498	32605994	31	-0.2096
97f9770c-3539-4578-84f4-bb63a7463900	6	32606237	32656527	26	0.2507
97f9770c-3539-4578-84f4-bb63a7463900	6	32656814	32658841	5	-1.2374
97f9770c-3539-4578-84f4-bb63a7463900	6	32682835	32722250	44	0.345
97f9770c-3539-4578-84f4-bb63a7463900	6	32723020	32723053	3	-0.6682
97f9770c-3539-4578-84f4-bb63a7463900	6	32732907	42975291	6584	0.2885
97f9770c-3539-4578-84f4-bb63a7463900	6	42979734	42981697	2	-1.1937
97f9770c-3539-4578-84f4-bb63a7463900	6	42985475	47685504	2987	0.2993
97f9770c-3539-4578-84f4-bb63a7463900	6	47691582	49566575	1096	0.7501
97f9770c-3539-4578-84f4-bb63a7463900	6	49566616	54066477	2991	0.2669
97f9770c-3539-4578-84f4-bb63a7463900	6	54066582	54067057	4	1.4312
97f9770c-3539-4578-84f4-bb63a7463900	6	54070550	57392072	1989	0.2926
97f9770c-3539-4578-84f4-bb63a7463900	6	57398890	65689589	2940	0.2426
97f9770c-3539-4578-84f4-bb63a7463900	6	65689644	65697234	23	-0.2166
97f9770c-3539-4578-84f4-bb63a7463900	6	65697317	70004679	2898	0.2404
97f9770c-3539-4578-84f4-bb63a7463900	6	70006660	71285421	853	0.3021
97f9770c-3539-4578-84f4-bb63a7463900	6	71293742	71379182	56	0.9197
97f9770c-3539-4578-84f4-bb63a7463900	6	71383397	71858718	341	0.3645
97f9770c-3539-4578-84f4-bb63a7463900	6	71858868	73882142	1292	0.2936
97f9770c-3539-4578-84f4-bb63a7463900	6	73882509	73891694	10	-0.6454
97f9770c-3539-4578-84f4-bb63a7463900	6	73893839	76730151	1772	0.2934
97f9770c-3539-4578-84f4-bb63a7463900	6	76730331	76742924	17	0.6375
97f9770c-3539-4578-84f4-bb63a7463900	6	76742956	78262064	985	0.2541
97f9770c-3539-4578-84f4-bb63a7463900	6	78262085	78325468	108	0.8096
97f9770c-3539-4578-84f4-bb63a7463900	6	78329517	78342127	10	0.0956
97f9770c-3539-4578-84f4-bb63a7463900	6	78342235	91094533	8079	0.2744
97f9770c-3539-4578-84f4-bb63a7463900	6	91094613	94576204	2346	0.2401
97f9770c-3539-4578-84f4-bb63a7463900	6	94581306	94582674	2	-1.1382
97f9770c-3539-4578-84f4-bb63a7463900	6	94585346	101484250	3966	0.263
97f9770c-3539-4578-84f4-bb63a7463900	6	101491162	101491363	3	-0.6273
97f9770c-3539-4578-84f4-bb63a7463900	6	101491400	103286954	1073	0.2313
97f9770c-3539-4578-84f4-bb63a7463900	6	103290101	103314174	45	-1.1357
97f9770c-3539-4578-84f4-bb63a7463900	6	103314186	103362717	43	0.2779
97f9770c-3539-4578-84f4-bb63a7463900	6	103368455	103624606	201	0.1823
97f9770c-3539-4578-84f4-bb63a7463900	6	103624774	118496863	9065	0.278
97f9770c-3539-4578-84f4-bb63a7463900	6	118497720	124357025	3537	0.2416
97f9770c-3539-4578-84f4-bb63a7463900	6	124367609	128691217	2586	0.3002
97f9770c-3539-4578-84f4-bb63a7463900	6	128694308	129845881	858	0.7777
97f9770c-3539-4578-84f4-bb63a7463900	6	129850522	136786460	4759	0.2861
97f9770c-3539-4578-84f4-bb63a7463900	6	136790526	154639748	11949	0.0746
97f9770c-3539-4578-84f4-bb63a7463900	6	154642532	154644703	3	-1.5933
97f9770c-3539-4578-84f4-bb63a7463900	6	154645133	157585381	1853	0.0825
97f9770c-3539-4578-84f4-bb63a7463900	6	157585824	158643014	717	0.6947
97f9770c-3539-4578-84f4-bb63a7463900	6	158646982	170741917	8608	0.0596
97f9770c-3539-4578-84f4-bb63a7463900	7	43355	10240411	6243	-0.2685
97f9770c-3539-4578-84f4-bb63a7463900	7	10242101	11384776	865	0.2625
97f9770c-3539-4578-84f4-bb63a7463900	7	11394454	25568185	11331	-0.2692
97f9770c-3539-4578-84f4-bb63a7463900	7	25568789	25568818	2	-1.7421
97f9770c-3539-4578-84f4-bb63a7463900	7	25572591	27932974	1559	-0.272
97f9770c-3539-4578-84f4-bb63a7463900	7	27932990	33467294	3961	-0.238
97f9770c-3539-4578-84f4-bb63a7463900	7	33467515	38238544	3382	-0.2769
97f9770c-3539-4578-84f4-bb63a7463900	7	38239007	38317722	111	-0.0463
97f9770c-3539-4578-84f4-bb63a7463900	7	38318626	43580695	3568	-0.2626
97f9770c-3539-4578-84f4-bb63a7463900	7	43588569	43591769	4	-1.4443
97f9770c-3539-4578-84f4-bb63a7463900	7	43596587	43957476	204	-0.2608
97f9770c-3539-4578-84f4-bb63a7463900	7	43963680	44009722	8	0.1776
97f9770c-3539-4578-84f4-bb63a7463900	7	44032262	45366373	706	-0.2567
97f9770c-3539-4578-84f4-bb63a7463900	7	45373622	45375429	2	-1.8052
97f9770c-3539-4578-84f4-bb63a7463900	7	45375548	46309023	600	-0.234
97f9770c-3539-4578-84f4-bb63a7463900	7	46311004	46604347	229	0.2645
97f9770c-3539-4578-84f4-bb63a7463900	7	46604888	48670913	1520	0.3031
97f9770c-3539-4578-84f4-bb63a7463900	7	48671814	49611833	667	0.2041
97f9770c-3539-4578-84f4-bb63a7463900	7	49612677	52596951	2258	0.265
97f9770c-3539-4578-84f4-bb63a7463900	7	52597092	54299223	1248	0.2071
97f9770c-3539-4578-84f4-bb63a7463900	7	54305455	54318824	7	1.743
97f9770c-3539-4578-84f4-bb63a7463900	7	54325795	56701121	1560	0.2455
97f9770c-3539-4578-84f4-bb63a7463900	7	56704473	63851264	819	0.113
97f9770c-3539-4578-84f4-bb63a7463900	7	63854094	64421006	332	0.2564
97f9770c-3539-4578-84f4-bb63a7463900	7	64424091	64837262	187	-0.2376
97f9770c-3539-4578-84f4-bb63a7463900	7	64838839	71169469	3374	0.2492
97f9770c-3539-4578-84f4-bb63a7463900	7	71169514	80169632	4316	0.1507
97f9770c-3539-4578-84f4-bb63a7463900	7	80169813	82011576	1266	0.1941
97f9770c-3539-4578-84f4-bb63a7463900	7	82015624	88041536	3713	0.1428
97f9770c-3539-4578-84f4-bb63a7463900	7	88041549	89632911	1054	0.1005
97f9770c-3539-4578-84f4-bb63a7463900	7	89633392	99027254	5839	0.1566
97f9770c-3539-4578-84f4-bb63a7463900	7	99033743	100902995	714	0.5645
97f9770c-3539-4578-84f4-bb63a7463900	7	100904051	101141841	110	0.209
97f9770c-3539-4578-84f4-bb63a7463900	7	101144121	126404920	15216	0.0241
97f9770c-3539-4578-84f4-bb63a7463900	7	126405428	126406561	12	-1.0216
97f9770c-3539-4578-84f4-bb63a7463900	7	126406822	139003629	8036	0.0353
97f9770c-3539-4578-84f4-bb63a7463900	7	139009199	140172895	627	0.2872
97f9770c-3539-4578-84f4-bb63a7463900	7	140174589	142516594	1635	0.0323
97f9770c-3539-4578-84f4-bb63a7463900	7	142523008	142809831	121	0.2234
97f9770c-3539-4578-84f4-bb63a7463900	7	142810364	151964805	5472	0.0158
97f9770c-3539-4578-84f4-bb63a7463900	7	151964895	159334314	4933	-0.283
97f9770c-3539-4578-84f4-bb63a7463900	8	81254	1511992	976	0.2139
97f9770c-3539-4578-84f4-bb63a7463900	8	1512496	1514278	3	1.2178
97f9770c-3539-4578-84f4-bb63a7463900	8	1514791	2133225	501	0.2709
97f9770c-3539-4578-84f4-bb63a7463900	8	2133366	2133385	2	-1.2255
97f9770c-3539-4578-84f4-bb63a7463900	8	2133420	2622750	320	0.214
97f9770c-3539-4578-84f4-bb63a7463900	8	2622838	2687724	62	0.5373
97f9770c-3539-4578-84f4-bb63a7463900	8	2691396	4048687	1694	0.1915
97f9770c-3539-4578-84f4-bb63a7463900	8	4050285	4050928	5	-0.7934
97f9770c-3539-4578-84f4-bb63a7463900	8	4052574	4264876	396	0.1556
97f9770c-3539-4578-84f4-bb63a7463900	8	4269958	4284271	34	-0.4859
97f9770c-3539-4578-84f4-bb63a7463900	8	4284469	5695509	1944	0.1823
97f9770c-3539-4578-84f4-bb63a7463900	8	5695545	5695613	3	-0.6671
97f9770c-3539-4578-84f4-bb63a7463900	8	5696086	5793479	156	0.2133
97f9770c-3539-4578-84f4-bb63a7463900	8	5794314	7396819	1654	0.2409
97f9770c-3539-4578-84f4-bb63a7463900	8	7397588	7838739	19	0.725
97f9770c-3539-4578-84f4-bb63a7463900	8	7873171	8085660	16	0.3667
97f9770c-3539-4578-84f4-bb63a7463900	8	8101440	8120649	6	-0.569
97f9770c-3539-4578-84f4-bb63a7463900	8	8132772	8804024	556	0.2826
97f9770c-3539-4578-84f4-bb63a7463900	8	8804594	8823757	19	0.8231
97f9770c-3539-4578-84f4-bb63a7463900	8	8827443	9122447	286	0.2381
97f9770c-3539-4578-84f4-bb63a7463900	8	9129103	9129484	2	-0.9083
97f9770c-3539-4578-84f4-bb63a7463900	8	9129966	12025748	2359	0.2352
97f9770c-3539-4578-84f4-bb63a7463900	8	12035719	12092042	3	-0.3438
97f9770c-3539-4578-84f4-bb63a7463900	8	12130217	12177488	8	0.8968
97f9770c-3539-4578-84f4-bb63a7463900	8	12323772	12359339	3	-1.6002
97f9770c-3539-4578-84f4-bb63a7463900	8	12374772	12387683	20	0.013
97f9770c-3539-4578-84f4-bb63a7463900	8	12387748	12389977	6	-0.5888
97f9770c-3539-4578-84f4-bb63a7463900	8	12418301	14718538	2047	0.2103
97f9770c-3539-4578-84f4-bb63a7463900	8	14718551	14721200	10	-0.8299
97f9770c-3539-4578-84f4-bb63a7463900	8	14721296	14868506	152	0.1652
97f9770c-3539-4578-84f4-bb63a7463900	8	14871149	14879753	2	-0.8796
97f9770c-3539-4578-84f4-bb63a7463900	8	14883881	18617617	3330	0.2522
97f9770c-3539-4578-84f4-bb63a7463900	8	18617770	18621647	8	-0.4478
97f9770c-3539-4578-84f4-bb63a7463900	8	18621677	21351040	2401	0.2375
97f9770c-3539-4578-84f4-bb63a7463900	8	21354662	24410560	1898	0.2837
97f9770c-3539-4578-84f4-bb63a7463900	8	24412008	25114672	568	0.2518
97f9770c-3539-4578-84f4-bb63a7463900	8	25116928	25126818	27	-0.2601
97f9770c-3539-4578-84f4-bb63a7463900	8	25133589	31418814	4349	0.2547
97f9770c-3539-4578-84f4-bb63a7463900	8	31418849	36381847	3068	0.2061
97f9770c-3539-4578-84f4-bb63a7463900	8	36384511	39373140	1602	0.2536
97f9770c-3539-4578-84f4-bb63a7463900	8	39378084	39527675	58	-0.2259
97f9770c-3539-4578-84f4-bb63a7463900	8	39529446	39719324	118	0.2959
97f9770c-3539-4578-84f4-bb63a7463900	8	39719784	46021414	2483	0.2343
97f9770c-3539-4578-84f4-bb63a7463900	8	46024994	46184078	43	0.4989
97f9770c-3539-4578-84f4-bb63a7463900	8	46185699	46589459	117	0.2212
97f9770c-3539-4578-84f4-bb63a7463900	8	46598238	46624924	15	0.672
97f9770c-3539-4578-84f4-bb63a7463900	8	46634473	51503911	2666	0.2379
97f9770c-3539-4578-84f4-bb63a7463900	8	51504214	52412635	632	0.294
97f9770c-3539-4578-84f4-bb63a7463900	8	52414821	60076877	5056	0.2257
97f9770c-3539-4578-84f4-bb63a7463900	8	60076892	60087002	6	-0.5438
97f9770c-3539-4578-84f4-bb63a7463900	8	60087317	72750935	7817	0.2247
97f9770c-3539-4578-84f4-bb63a7463900	8	72751673	74951987	1464	0.2708
97f9770c-3539-4578-84f4-bb63a7463900	8	74952857	93880632	10866	0.2331
97f9770c-3539-4578-84f4-bb63a7463900	8	93882624	94545324	454	0.2829
97f9770c-3539-4578-84f4-bb63a7463900	8	94545374	94545764	6	0.9405
97f9770c-3539-4578-84f4-bb63a7463900	8	94545887	97131870	1778	0.2789
97f9770c-3539-4578-84f4-bb63a7463900	8	97133434	97271878	91	-0.4022
97f9770c-3539-4578-84f4-bb63a7463900	8	97274059	101468862	2421	0.2762
97f9770c-3539-4578-84f4-bb63a7463900	8	101470611	102366900	635	0.7273
97f9770c-3539-4578-84f4-bb63a7463900	8	102370580	102966831	342	0.265
97f9770c-3539-4578-84f4-bb63a7463900	8	102968744	103000194	23	-0.4718
97f9770c-3539-4578-84f4-bb63a7463900	8	103000436	106634675	2225	0.2509
97f9770c-3539-4578-84f4-bb63a7463900	8	106635333	107984134	916	0.4851
97f9770c-3539-4578-84f4-bb63a7463900	8	107984827	114678422	3723	0.2264
97f9770c-3539-4578-84f4-bb63a7463900	8	114678920	115397150	470	0.3338
97f9770c-3539-4578-84f4-bb63a7463900	8	115397206	115418633	21	0.5632
97f9770c-3539-4578-84f4-bb63a7463900	8	115418736	116619240	708	0.3332
97f9770c-3539-4578-84f4-bb63a7463900	8	116619347	116619616	3	-0.2994
97f9770c-3539-4578-84f4-bb63a7463900	8	116619725	117300074	471	0.3028
97f9770c-3539-4578-84f4-bb63a7463900	8	117300773	126293536	6254	0.2621
97f9770c-3539-4578-84f4-bb63a7463900	8	126293856	126294441	3	-0.7245
97f9770c-3539-4578-84f4-bb63a7463900	8	126295912	128744020	1860	0.253
97f9770c-3539-4578-84f4-bb63a7463900	8	128750889	128751839	2	-2.5318
97f9770c-3539-4578-84f4-bb63a7463900	8	128765208	134272426	4285	0.2515
97f9770c-3539-4578-84f4-bb63a7463900	8	134272585	138725989	3517	0.2128
97f9770c-3539-4578-84f4-bb63a7463900	8	138728658	142047414	2317	0.269
97f9770c-3539-4578-84f4-bb63a7463900	8	142049218	142300436	128	0.1042
97f9770c-3539-4578-84f4-bb63a7463900	8	142304164	142684467	148	0.2536
97f9770c-3539-4578-84f4-bb63a7463900	8	142693435	142706581	9	0.8024
97f9770c-3539-4578-84f4-bb63a7463900	8	142707667	145072769	847	0.2782
97f9770c-3539-4578-84f4-bb63a7463900	9	46587	95389	10	0.1631
97f9770c-3539-4578-84f4-bb63a7463900	9	96227	672786	641	0.6695
97f9770c-3539-4578-84f4-bb63a7463900	9	672895	673512	5	-0.897
97f9770c-3539-4578-84f4-bb63a7463900	9	676055	6657192	5688	0.6689
97f9770c-3539-4578-84f4-bb63a7463900	9	6661406	6661613	2	-0.6947
97f9770c-3539-4578-84f4-bb63a7463900	9	6663786	6814661	101	0.5741
97f9770c-3539-4578-84f4-bb63a7463900	9	6815683	6815872	2	-0.7524
97f9770c-3539-4578-84f4-bb63a7463900	9	6818071	9420735	2561	0.6375
97f9770c-3539-4578-84f4-bb63a7463900	9	9420816	9843265	400	0.4595
97f9770c-3539-4578-84f4-bb63a7463900	9	9847864	9961758	135	0.6294
97f9770c-3539-4578-84f4-bb63a7463900	9	9962381	9974221	57	0.4294
97f9770c-3539-4578-84f4-bb63a7463900	9	9974453	12768494	2268	0.6393
97f9770c-3539-4578-84f4-bb63a7463900	9	12768919	14480822	1412	0.7403
97f9770c-3539-4578-84f4-bb63a7463900	9	14486383	14648132	162	0.9683
97f9770c-3539-4578-84f4-bb63a7463900	9	14649568	14878096	199	0.7105
97f9770c-3539-4578-84f4-bb63a7463900	9	14879270	16170931	967	0.6727
97f9770c-3539-4578-84f4-bb63a7463900	9	16172582	17871106	1561	0.6352
97f9770c-3539-4578-84f4-bb63a7463900	9	17871276	23361807	4259	0.6808
97f9770c-3539-4578-84f4-bb63a7463900	9	23363117	23373486	8	1.3023
97f9770c-3539-4578-84f4-bb63a7463900	9	23378490	26324015	2118	0.644
97f9770c-3539-4578-84f4-bb63a7463900	9	26327289	28769190	1979	0.1264
97f9770c-3539-4578-84f4-bb63a7463900	9	28769580	31968488	2213	0.0897
97f9770c-3539-4578-84f4-bb63a7463900	9	31968528	37584690	3477	0.1412
97f9770c-3539-4578-84f4-bb63a7463900	9	37584996	38989381	903	-0.1338
97f9770c-3539-4578-84f4-bb63a7463900	9	38996106	39014965	5	0.5825
97f9770c-3539-4578-84f4-bb63a7463900	9	39053795	39464004	37	-0.1824
97f9770c-3539-4578-84f4-bb63a7463900	9	39464177	39464735	2	-2.4772
97f9770c-3539-4578-84f4-bb63a7463900	9	39464757	40887290	37	-0.1814
97f9770c-3539-4578-84f4-bb63a7463900	9	40922005	42302534	116	-0.5732
97f9770c-3539-4578-84f4-bb63a7463900	9	42302678	42585140	8	-1.1196
97f9770c-3539-4578-84f4-bb63a7463900	9	42697878	64794598	197	-0.1481
97f9770c-3539-4578-84f4-bb63a7463900	9	64800092	64945250	14	-0.7499
97f9770c-3539-4578-84f4-bb63a7463900	9	64965577	73125977	3587	-0.0987
97f9770c-3539-4578-84f4-bb63a7463900	9	73126312	74144796	619	0.244
97f9770c-3539-4578-84f4-bb63a7463900	9	74149733	77966855	2883	-0.131
97f9770c-3539-4578-84f4-bb63a7463900	9	77966950	78322358	216	-0.2511
97f9770c-3539-4578-84f4-bb63a7463900	9	78323085	79216947	645	-0.1418
97f9770c-3539-4578-84f4-bb63a7463900	9	79220039	81002444	1359	-0.2687
97f9770c-3539-4578-84f4-bb63a7463900	9	81004860	86503768	3749	-0.2269
97f9770c-3539-4578-84f4-bb63a7463900	9	86504618	87698328	1028	-0.2632
97f9770c-3539-4578-84f4-bb63a7463900	9	87698465	87704450	3	-1.3246
97f9770c-3539-4578-84f4-bb63a7463900	9	87704499	91795844	2976	-0.2411
97f9770c-3539-4578-84f4-bb63a7463900	9	91796116	96687149	3064	-0.6163
97f9770c-3539-4578-84f4-bb63a7463900	9	96690634	108058035	7922	0.0227
97f9770c-3539-4578-84f4-bb63a7463900	9	108059944	116641332	6578	0.053
97f9770c-3539-4578-84f4-bb63a7463900	9	116641372	137358495	12925	0.0268
97f9770c-3539-4578-84f4-bb63a7463900	9	137361190	137361381	3	1.1757
97f9770c-3539-4578-84f4-bb63a7463900	9	137378551	138200944	407	0.0332
97f9770c-3539-4578-84f4-bb63a7463900	10	45792	108612	31	0.4617
97f9770c-3539-4578-84f4-bb63a7463900	10	112398	349644	134	0.6266
97f9770c-3539-4578-84f4-bb63a7463900	10	351221	696456	210	0.8294
97f9770c-3539-4578-84f4-bb63a7463900	10	697896	1408305	462	0.628
97f9770c-3539-4578-84f4-bb63a7463900	10	1408356	4248622	2739	0.5479
97f9770c-3539-4578-84f4-bb63a7463900	10	4248646	4248824	3	-0.3421
97f9770c-3539-4578-84f4-bb63a7463900	10	4251879	4492177	302	0.5278
97f9770c-3539-4578-84f4-bb63a7463900	10	4492290	6368345	1512	0.6012
97f9770c-3539-4578-84f4-bb63a7463900	10	6368453	6369519	12	0.1409
97f9770c-3539-4578-84f4-bb63a7463900	10	6376792	11760631	4610	0.5514
97f9770c-3539-4578-84f4-bb63a7463900	10	11761258	13007585	896	0.611
97f9770c-3539-4578-84f4-bb63a7463900	10	13007600	13008428	9	0.1308
97f9770c-3539-4578-84f4-bb63a7463900	10	13008610	13498600	395	0.5863
97f9770c-3539-4578-84f4-bb63a7463900	10	13498815	16425243	2454	0.508
97f9770c-3539-4578-84f4-bb63a7463900	10	16428894	16428934	2	-0.5464
97f9770c-3539-4578-84f4-bb63a7463900	10	16434272	24670495	5877	0.4942
97f9770c-3539-4578-84f4-bb63a7463900	10	24675071	30957563	4573	0.1071
97f9770c-3539-4578-84f4-bb63a7463900	10	30957581	30962850	12	-0.3537
97f9770c-3539-4578-84f4-bb63a7463900	10	30962893	43332295	5558	0.1039
97f9770c-3539-4578-84f4-bb63a7463900	10	43336596	43388854	29	0.5148
97f9770c-3539-4578-84f4-bb63a7463900	10	43389772	46102743	1676	0.1029
97f9770c-3539-4578-84f4-bb63a7463900	10	46102824	46446814	177	0.5242
97f9770c-3539-4578-84f4-bb63a7463900	10	46446817	46792344	56	0.1949
97f9770c-3539-4578-84f4-bb63a7463900	10	46804606	46810571	2	-1.5725
97f9770c-3539-4578-84f4-bb63a7463900	10	46836986	50447313	1867	0.1038
97f9770c-3539-4578-84f4-bb63a7463900	10	50447437	56748461	4652	0.0678
97f9770c-3539-4578-84f4-bb63a7463900	10	56748617	65546518	6171	0.1038
97f9770c-3539-4578-84f4-bb63a7463900	10	65548165	65554688	28	-1.7185
97f9770c-3539-4578-84f4-bb63a7463900	10	65563037	66401120	675	0.0783
97f9770c-3539-4578-84f4-bb63a7463900	10	66408421	66412045	2	-1.0381
97f9770c-3539-4578-84f4-bb63a7463900	10	66412360	66986527	430	0.0785
97f9770c-3539-4578-84f4-bb63a7463900	10	66988698	67083087	67	-0.0737
97f9770c-3539-4578-84f4-bb63a7463900	10	67083313	73524213	3970	0.1138
97f9770c-3539-4578-84f4-bb63a7463900	10	73525688	73544357	12	0.477
97f9770c-3539-4578-84f4-bb63a7463900	10	73546027	74076636	208	0.1152
97f9770c-3539-4578-84f4-bb63a7463900	10	74080295	76383071	1345	0.0766
97f9770c-3539-4578-84f4-bb63a7463900	10	76383099	79576939	2515	0.1234
97f9770c-3539-4578-84f4-bb63a7463900	10	79588057	79944756	75	0.3963
97f9770c-3539-4578-84f4-bb63a7463900	10	79946379	80225031	176	0.113
97f9770c-3539-4578-84f4-bb63a7463900	10	80226035	80490437	160	0.3684
97f9770c-3539-4578-84f4-bb63a7463900	10	80493422	81435017	666	0.1157
97f9770c-3539-4578-84f4-bb63a7463900	10	81438351	85640644	3217	0.073
97f9770c-3539-4578-84f4-bb63a7463900	10	85641640	87502837	976	0.1175
97f9770c-3539-4578-84f4-bb63a7463900	10	87502960	96021025	5561	-0.2577
97f9770c-3539-4578-84f4-bb63a7463900	10	96021148	96023610	4	-1.3436
97f9770c-3539-4578-84f4-bb63a7463900	10	96024516	99287934	2165	-0.2689
97f9770c-3539-4578-84f4-bb63a7463900	10	99288264	100100113	511	0.1065
97f9770c-3539-4578-84f4-bb63a7463900	10	100101678	100101692	2	-1.457
97f9770c-3539-4578-84f4-bb63a7463900	10	100103653	105296521	2936	0.1114
97f9770c-3539-4578-84f4-bb63a7463900	10	105297280	105299412	3	-0.8511
97f9770c-3539-4578-84f4-bb63a7463900	10	105302718	105528657	136	0.1486
97f9770c-3539-4578-84f4-bb63a7463900	10	105529347	109571354	3027	0.0654
97f9770c-3539-4578-84f4-bb63a7463900	10	109572093	111002534	906	0.1328
97f9770c-3539-4578-84f4-bb63a7463900	10	111003398	112120242	854	0.061
97f9770c-3539-4578-84f4-bb63a7463900	10	112121192	118211184	4252	0.1194
97f9770c-3539-4578-84f4-bb63a7463900	10	118214462	118214730	2	-1.135
97f9770c-3539-4578-84f4-bb63a7463900	10	118215315	128124547	7501	0.1156
97f9770c-3539-4578-84f4-bb63a7463900	10	128129809	131354790	2680	-0.5594
97f9770c-3539-4578-84f4-bb63a7463900	10	131355673	131356200	2	-2.3934
97f9770c-3539-4578-84f4-bb63a7463900	10	131356642	133415637	1042	-0.5232
97f9770c-3539-4578-84f4-bb63a7463900	10	133416215	133416364	2	-2.7974
97f9770c-3539-4578-84f4-bb63a7463900	10	133419150	133654968	147	-0.479
97f9770c-3539-4578-84f4-bb63a7463900	11	198510	4867699	2325	-0.2521
97f9770c-3539-4578-84f4-bb63a7463900	11	4869955	4946420	93	0.2576
97f9770c-3539-4578-84f4-bb63a7463900	11	4947280	4961686	33	-0.0066
97f9770c-3539-4578-84f4-bb63a7463900	11	4961931	5087199	109	0.3847
97f9770c-3539-4578-84f4-bb63a7463900	11	5087876	5762693	671	0.2543
97f9770c-3539-4578-84f4-bb63a7463900	11	5766175	5787909	33	-0.3806
97f9770c-3539-4578-84f4-bb63a7463900	11	5788108	7846416	1531	0.2615
97f9770c-3539-4578-84f4-bb63a7463900	11	7847983	7848373	3	-0.5985
97f9770c-3539-4578-84f4-bb63a7463900	11	7857629	8663904	579	0.243
97f9770c-3539-4578-84f4-bb63a7463900	11	8664066	13377061	3765	0.2901
97f9770c-3539-4578-84f4-bb63a7463900	11	13379909	18919323	3534	0.259
97f9770c-3539-4578-84f4-bb63a7463900	11	18927525	18939631	35	0.6477
97f9770c-3539-4578-84f4-bb63a7463900	11	18939734	18940441	10	0.2987
97f9770c-3539-4578-84f4-bb63a7463900	11	18940469	18988445	59	0.0969
97f9770c-3539-4578-84f4-bb63a7463900	11	18988931	20498211	1323	0.1831
97f9770c-3539-4578-84f4-bb63a7463900	11	20498915	22447934	1600	0.1242
97f9770c-3539-4578-84f4-bb63a7463900	11	22450055	22451212	4	-1.0511
97f9770c-3539-4578-84f4-bb63a7463900	11	22451596	26244915	2817	0.1137
97f9770c-3539-4578-84f4-bb63a7463900	11	26246016	28885416	1699	-0.2478
97f9770c-3539-4578-84f4-bb63a7463900	11	28885999	31832525	1808	0.1429
97f9770c-3539-4578-84f4-bb63a7463900	11	31836034	31852440	17	0.4309
97f9770c-3539-4578-84f4-bb63a7463900	11	31858204	32761075	730	0.1438
97f9770c-3539-4578-84f4-bb63a7463900	11	32773889	37023071	3299	0.1955
97f9770c-3539-4578-84f4-bb63a7463900	11	37024578	43554179	4357	0.1224
97f9770c-3539-4578-84f4-bb63a7463900	11	43554216	48630646	2902	0.166
97f9770c-3539-4578-84f4-bb63a7463900	11	48633303	49686823	399	0.0992
97f9770c-3539-4578-84f4-bb63a7463900	11	49689309	49736119	16	-0.5921
97f9770c-3539-4578-84f4-bb63a7463900	11	49736215	54914139	490	0.0915
97f9770c-3539-4578-84f4-bb63a7463900	11	54924229	54990815	9	-0.7009
97f9770c-3539-4578-84f4-bb63a7463900	11	55006417	55609022	242	0.113
97f9770c-3539-4578-84f4-bb63a7463900	11	55609035	55685533	50	0.6038
97f9770c-3539-4578-84f4-bb63a7463900	11	55686100	57946192	1405	0.1716
97f9770c-3539-4578-84f4-bb63a7463900	11	57955474	62700978	2748	-0.2514
97f9770c-3539-4578-84f4-bb63a7463900	11	62702009	69585449	2996	0.1699
97f9770c-3539-4578-84f4-bb63a7463900	11	69590840	71413620	1020	0.2193
97f9770c-3539-4578-84f4-bb63a7463900	11	71416865	73160026	789	0.1632
97f9770c-3539-4578-84f4-bb63a7463900	11	73161343	73692128	263	0.4875
97f9770c-3539-4578-84f4-bb63a7463900	11	73697227	78923224	2944	0.1708
97f9770c-3539-4578-84f4-bb63a7463900	11	78926110	81792950	2406	0.1261
97f9770c-3539-4578-84f4-bb63a7463900	11	81794421	81806116	9	-0.8051
97f9770c-3539-4578-84f4-bb63a7463900	11	81811590	93059988	7451	0.141
97f9770c-3539-4578-84f4-bb63a7463900	11	93061643	96657377	2586	0.1849
97f9770c-3539-4578-84f4-bb63a7463900	11	96667163	97601630	710	-0.2413
97f9770c-3539-4578-84f4-bb63a7463900	11	97601731	97601998	2	-1.6556
97f9770c-3539-4578-84f4-bb63a7463900	11	97602215	107359993	7025	-0.2573
97f9770c-3539-4578-84f4-bb63a7463900	11	107367930	107368402	7	-1.9846
97f9770c-3539-4578-84f4-bb63a7463900	11	107381636	112491739	3226	-0.2366
97f9770c-3539-4578-84f4-bb63a7463900	11	112503355	116367065	2854	-0.2739
97f9770c-3539-4578-84f4-bb63a7463900	11	116369025	116810292	358	-0.2294
97f9770c-3539-4578-84f4-bb63a7463900	11	116812778	116814051	4	-2.4155
97f9770c-3539-4578-84f4-bb63a7463900	11	116819862	122377249	3835	-0.2497
97f9770c-3539-4578-84f4-bb63a7463900	11	122379075	122549465	97	-0.1387
97f9770c-3539-4578-84f4-bb63a7463900	11	122559259	122563335	2	-0.8472
97f9770c-3539-4578-84f4-bb63a7463900	11	122567908	122745197	134	-0.083
97f9770c-3539-4578-84f4-bb63a7463900	11	122745213	131091126	6210	-0.2541
97f9770c-3539-4578-84f4-bb63a7463900	11	131092010	132620299	1345	-0.3091
97f9770c-3539-4578-84f4-bb63a7463900	11	132620648	134260295	1216	0.134
97f9770c-3539-4578-84f4-bb63a7463900	11	134262730	134349230	49	0.4883
97f9770c-3539-4578-84f4-bb63a7463900	11	134355703	135074876	587	0.0532
97f9770c-3539-4578-84f4-bb63a7463900	12	51460	3850401	2536	0.2684
97f9770c-3539-4578-84f4-bb63a7463900	12	3850797	5081965	1055	0.2172
97f9770c-3539-4578-84f4-bb63a7463900	12	5083192	7842191	1770	0.2727
97f9770c-3539-4578-84f4-bb63a7463900	12	7851829	7970641	57	0.7415
97f9770c-3539-4578-84f4-bb63a7463900	12	7971304	8994973	501	0.2245
97f9770c-3539-4578-84f4-bb63a7463900	12	8995268	9481274	256	-0.3019
97f9770c-3539-4578-84f4-bb63a7463900	12	9485313	9562969	22	-1.3493
97f9770c-3539-4578-84f4-bb63a7463900	12	9575696	11083616	1045	-0.2564
97f9770c-3539-4578-84f4-bb63a7463900	12	11084237	11088933	3	-1.9432
97f9770c-3539-4578-84f4-bb63a7463900	12	11099275	24678016	9197	-0.2593
97f9770c-3539-4578-84f4-bb63a7463900	12	24678775	34063370	6930	0.2513
97f9770c-3539-4578-84f4-bb63a7463900	12	34064565	37577829	260	0.1569
97f9770c-3539-4578-84f4-bb63a7463900	12	37579972	37660361	16	-0.2371
97f9770c-3539-4578-84f4-bb63a7463900	12	37678291	37983655	49	0.0893
97f9770c-3539-4578-84f4-bb63a7463900	12	37987416	37991710	4	-0.7574
97f9770c-3539-4578-84f4-bb63a7463900	12	37999454	38165050	65	0.1792
97f9770c-3539-4578-84f4-bb63a7463900	12	38165625	43493823	3441	0.243
97f9770c-3539-4578-84f4-bb63a7463900	12	43494169	45510655	1188	-0.2595
97f9770c-3539-4578-84f4-bb63a7463900	12	45512057	45515754	3	-1.337
97f9770c-3539-4578-84f4-bb63a7463900	12	45519509	48331037	1716	-0.253
97f9770c-3539-4578-84f4-bb63a7463900	12	48331236	48331632	5	-1.7098
97f9770c-3539-4578-84f4-bb63a7463900	12	48336253	55657036	4130	-0.2449
97f9770c-3539-4578-84f4-bb63a7463900	12	55659083	55659122	2	-2.4423
97f9770c-3539-4578-84f4-bb63a7463900	12	55660983	60438010	2794	-0.2265
97f9770c-3539-4578-84f4-bb63a7463900	12	60439039	69690645	6025	-0.2613
97f9770c-3539-4578-84f4-bb63a7463900	12	69690797	70478078	491	-0.2284
97f9770c-3539-4578-84f4-bb63a7463900	12	70478895	70484247	9	-1.2112
97f9770c-3539-4578-84f4-bb63a7463900	12	70485605	86487001	10004	-0.2589
97f9770c-3539-4578-84f4-bb63a7463900	12	86488051	86488178	2	-2.7182
97f9770c-3539-4578-84f4-bb63a7463900	12	86496238	90089573	2049	-0.2461
97f9770c-3539-4578-84f4-bb63a7463900	12	90097892	90098297	7	-1.1737
97f9770c-3539-4578-84f4-bb63a7463900	12	90099780	124942120	22839	-0.2642
97f9770c-3539-4578-84f4-bb63a7463900	12	124945602	124963917	15	0.2222
97f9770c-3539-4578-84f4-bb63a7463900	12	124966959	126338124	1111	-0.2564
97f9770c-3539-4578-84f4-bb63a7463900	12	126338139	126509314	167	-0.3199
97f9770c-3539-4578-84f4-bb63a7463900	12	126509681	126520044	8	-2.0956
97f9770c-3539-4578-84f4-bb63a7463900	12	126522929	128972786	2152	-0.3393
97f9770c-3539-4578-84f4-bb63a7463900	12	128974608	128975145	4	-1.3924
97f9770c-3539-4578-84f4-bb63a7463900	12	128975414	131330777	2010	-0.3346
97f9770c-3539-4578-84f4-bb63a7463900	12	131331668	131636170	305	-0.2722
97f9770c-3539-4578-84f4-bb63a7463900	12	131648039	131648790	13	0.3711
97f9770c-3539-4578-84f4-bb63a7463900	12	131657925	132378829	245	-0.2564
97f9770c-3539-4578-84f4-bb63a7463900	12	132379518	132420184	5	0.2599
97f9770c-3539-4578-84f4-bb63a7463900	12	132424860	132647687	55	-0.2929
97f9770c-3539-4578-84f4-bb63a7463900	12	132648706	132649610	2	-1.575
97f9770c-3539-4578-84f4-bb63a7463900	12	132650245	133201603	252	-0.2341
97f9770c-3539-4578-84f4-bb63a7463900	13	18452809	23051234	2843	-0.2547
97f9770c-3539-4578-84f4-bb63a7463900	13	23051568	23051669	3	-1.4144
97f9770c-3539-4578-84f4-bb63a7463900	13	23051898	30970101	5987	-0.2717
97f9770c-3539-4578-84f4-bb63a7463900	13	30973131	31127670	182	0.161
97f9770c-3539-4578-84f4-bb63a7463900	13	31129678	31131164	4	-0.7833
97f9770c-3539-4578-84f4-bb63a7463900	13	31131684	31604608	306	0.1635
97f9770c-3539-4578-84f4-bb63a7463900	13	31605122	31605550	2	-0.9223
97f9770c-3539-4578-84f4-bb63a7463900	13	31606091	38478674	4872	0.1588
97f9770c-3539-4578-84f4-bb63a7463900	13	38483435	38483919	2	-1.4717
97f9770c-3539-4578-84f4-bb63a7463900	13	38490920	42917804	3145	0.1702
97f9770c-3539-4578-84f4-bb63a7463900	13	42919496	44901579	1388	-0.2783
97f9770c-3539-4578-84f4-bb63a7463900	13	44902673	50344529	3440	-0.2246
97f9770c-3539-4578-84f4-bb63a7463900	13	50344909	50345520	2	-1.8549
97f9770c-3539-4578-84f4-bb63a7463900	13	50347810	52520664	1222	-0.222
97f9770c-3539-4578-84f4-bb63a7463900	13	52523849	52531650	3	-1.7663
97f9770c-3539-4578-84f4-bb63a7463900	13	52543744	77076542	15476	-0.2494
97f9770c-3539-4578-84f4-bb63a7463900	13	77076780	79539537	1565	0.2524
97f9770c-3539-4578-84f4-bb63a7463900	13	79541590	105068678	17057	-0.2564
97f9770c-3539-4578-84f4-bb63a7463900	13	105071112	107245262	1736	-0.2991
97f9770c-3539-4578-84f4-bb63a7463900	13	107248689	107249633	2	-1.8844
97f9770c-3539-4578-84f4-bb63a7463900	13	107249799	114342922	4904	-0.2571
97f9770c-3539-4578-84f4-bb63a7463900	14	18239283	19110634	33	-0.443
97f9770c-3539-4578-84f4-bb63a7463900	14	19134873	19955213	134	0.4247
97f9770c-3539-4578-84f4-bb63a7463900	14	19956767	20384611	294	-0.246
97f9770c-3539-4578-84f4-bb63a7463900	14	20384637	20384658	2	-1.6158
97f9770c-3539-4578-84f4-bb63a7463900	14	20387879	21925968	1057	-0.2521
97f9770c-3539-4578-84f4-bb63a7463900	14	21926088	22139542	181	-0.0756
97f9770c-3539-4578-84f4-bb63a7463900	14	22143351	22145507	10	-0.6137
97f9770c-3539-4578-84f4-bb63a7463900	14	22145736	22509792	327	-0.0858
97f9770c-3539-4578-84f4-bb63a7463900	14	22514241	23207372	383	-0.219
97f9770c-3539-4578-84f4-bb63a7463900	14	23213426	23214077	3	-2.2481
97f9770c-3539-4578-84f4-bb63a7463900	14	23216504	26294421	2042	-0.2725
97f9770c-3539-4578-84f4-bb63a7463900	14	26300516	26300519	3	0.7882
97f9770c-3539-4578-84f4-bb63a7463900	14	26300708	27066228	491	-0.2603
97f9770c-3539-4578-84f4-bb63a7463900	14	27067046	27067184	2	-1.678
97f9770c-3539-4578-84f4-bb63a7463900	14	27069512	34114875	4482	-0.2671
97f9770c-3539-4578-84f4-bb63a7463900	14	34117969	34128107	11	0.3845
97f9770c-3539-4578-84f4-bb63a7463900	14	34130140	34502615	255	0.6461
97f9770c-3539-4578-84f4-bb63a7463900	14	34502916	34642767	75	0.4389
97f9770c-3539-4578-84f4-bb63a7463900	14	34646882	64105766	18441	-0.2564
97f9770c-3539-4578-84f4-bb63a7463900	14	64106856	64199346	58	0.2832
97f9770c-3539-4578-84f4-bb63a7463900	14	64201257	66569313	1535	-0.2508
97f9770c-3539-4578-84f4-bb63a7463900	14	66573981	66574722	2	-1.4582
97f9770c-3539-4578-84f4-bb63a7463900	14	66574917	67017629	171	-0.2135
97f9770c-3539-4578-84f4-bb63a7463900	14	67020335	67316127	138	-1.0804
97f9770c-3539-4578-84f4-bb63a7463900	14	67319594	69190584	1236	-0.2306
97f9770c-3539-4578-84f4-bb63a7463900	14	69192942	69193040	2	-1.4782
97f9770c-3539-4578-84f4-bb63a7463900	14	69195893	75896951	4239	-0.2477
97f9770c-3539-4578-84f4-bb63a7463900	14	75897144	89994909	9511	-0.2746
97f9770c-3539-4578-84f4-bb63a7463900	14	90002664	95208309	3472	0.1694
97f9770c-3539-4578-84f4-bb63a7463900	14	95215258	95241753	16	0.5544
97f9770c-3539-4578-84f4-bb63a7463900	14	95242659	97016595	1344	0.1527
97f9770c-3539-4578-84f4-bb63a7463900	14	97017039	99015137	1704	0.0882
97f9770c-3539-4578-84f4-bb63a7463900	14	99015636	106346129	3464	0.1384
97f9770c-3539-4578-84f4-bb63a7463900	14	106360014	106364815	3	-0.8307
97f9770c-3539-4578-84f4-bb63a7463900	14	106365807	106403147	21	0.1581
97f9770c-3539-4578-84f4-bb63a7463900	14	106407604	106475361	57	0.3758
97f9770c-3539-4578-84f4-bb63a7463900	14	106487515	106877229	193	0.0888
97f9770c-3539-4578-84f4-bb63a7463900	15	19811075	20001686	45	-0.0394
97f9770c-3539-4578-84f4-bb63a7463900	15	20011702	20056983	5	-0.7512
97f9770c-3539-4578-84f4-bb63a7463900	15	20059033	22576496	163	-0.2411
97f9770c-3539-4578-84f4-bb63a7463900	15	22582296	24424598	985	-0.6365
97f9770c-3539-4578-84f4-bb63a7463900	15	24429604	24472373	32	-0.2885
97f9770c-3539-4578-84f4-bb63a7463900	15	24473026	25181804	463	-0.6336
97f9770c-3539-4578-84f4-bb63a7463900	15	25182061	25188158	5	-1.603
97f9770c-3539-4578-84f4-bb63a7463900	15	25188765	26315045	862	-0.6627
97f9770c-3539-4578-84f4-bb63a7463900	15	26317005	26318009	2	-3.805
97f9770c-3539-4578-84f4-bb63a7463900	15	26318441	28128669	1336	-0.6536
97f9770c-3539-4578-84f4-bb63a7463900	15	28131764	28757591	106	-0.431
97f9770c-3539-4578-84f4-bb63a7463900	15	28763908	30201158	824	-0.7012
97f9770c-3539-4578-84f4-bb63a7463900	15	30215220	30621384	31	-0.1808
97f9770c-3539-4578-84f4-bb63a7463900	15	30628421	40623696	6873	-0.6309
97f9770c-3539-4578-84f4-bb63a7463900	15	40627232	40837316	94	-0.0007
97f9770c-3539-4578-84f4-bb63a7463900	15	40840580	40851142	8	0.5654
97f9770c-3539-4578-84f4-bb63a7463900	15	40853721	40969391	51	0.0295
97f9770c-3539-4578-84f4-bb63a7463900	15	40969874	42096809	555	-0.0315
97f9770c-3539-4578-84f4-bb63a7463900	15	42097979	42104411	8	-1.7093
97f9770c-3539-4578-84f4-bb63a7463900	15	42110028	53492691	6646	-0.0382
97f9770c-3539-4578-84f4-bb63a7463900	15	53492794	53493082	6	-1.0631
97f9770c-3539-4578-84f4-bb63a7463900	15	53498050	57582296	2696	-0.0499
97f9770c-3539-4578-84f4-bb63a7463900	15	57582893	57611923	26	0.3948
97f9770c-3539-4578-84f4-bb63a7463900	15	57612628	63635355	4649	0.0749
97f9770c-3539-4578-84f4-bb63a7463900	15	63636027	63639415	2	-1.5008
97f9770c-3539-4578-84f4-bb63a7463900	15	63642657	65912741	1060	0.063
97f9770c-3539-4578-84f4-bb63a7463900	15	65913160	67103150	908	0.6596
97f9770c-3539-4578-84f4-bb63a7463900	15	67106196	72597026	3464	0.0731
97f9770c-3539-4578-84f4-bb63a7463900	15	72600681	72602289	4	-0.9244
97f9770c-3539-4578-84f4-bb63a7463900	15	72610271	76586021	1992	0.0641
97f9770c-3539-4578-84f4-bb63a7463900	15	76598900	76602857	14	-0.6981
97f9770c-3539-4578-84f4-bb63a7463900	15	76603003	82403496	3659	0.0801
97f9770c-3539-4578-84f4-bb63a7463900	15	82414702	83871965	762	0.3186
97f9770c-3539-4578-84f4-bb63a7463900	15	83871986	83874798	6	-1.8083
97f9770c-3539-4578-84f4-bb63a7463900	15	83878525	84767831	300	0.3268
97f9770c-3539-4578-84f4-bb63a7463900	15	84776339	84793714	11	0.7648
97f9770c-3539-4578-84f4-bb63a7463900	15	84794022	91143929	4510	0.3011
97f9770c-3539-4578-84f4-bb63a7463900	15	91143990	94626347	2951	0.6363
97f9770c-3539-4578-84f4-bb63a7463900	15	94626644	98608172	3002	0.7515
97f9770c-3539-4578-84f4-bb63a7463900	15	98611432	100144712	1074	0.8177
97f9770c-3539-4578-84f4-bb63a7463900	15	100145799	100279643	135	0.7443
97f9770c-3539-4578-84f4-bb63a7463900	15	100280224	100305254	20	0.6238
97f9770c-3539-4578-84f4-bb63a7463900	15	100305522	101864933	1180	1.0312
97f9770c-3539-4578-84f4-bb63a7463900	15	101880399	101888834	5	0.5693
97f9770c-3539-4578-84f4-bb63a7463900	15	101888850	101928837	7	-0.1684
97f9770c-3539-4578-84f4-bb63a7463900	16	10777	5903353	3038	-0.249
97f9770c-3539-4578-84f4-bb63a7463900	16	5903496	7544956	2035	-0.3272
97f9770c-3539-4578-84f4-bb63a7463900	16	7545193	7545699	5	-4.3017
97f9770c-3539-4578-84f4-bb63a7463900	16	7545918	8820661	1320	-0.2879
97f9770c-3539-4578-84f4-bb63a7463900	16	8821001	11293688	2108	0.0499
97f9770c-3539-4578-84f4-bb63a7463900	16	11295191	11295279	2	-1.1523
97f9770c-3539-4578-84f4-bb63a7463900	16	11295771	16168702	3204	0.0437
97f9770c-3539-4578-84f4-bb63a7463900	16	16169293	17683215	750	-0.0302
97f9770c-3539-4578-84f4-bb63a7463900	16	17687693	18665971	319	0.0388
97f9770c-3539-4578-84f4-bb63a7463900	16	18666789	18704933	3	-0.8313
97f9770c-3539-4578-84f4-bb63a7463900	16	18705983	22566282	1991	0.0254
97f9770c-3539-4578-84f4-bb63a7463900	16	22576144	22687537	59	0.203
97f9770c-3539-4578-84f4-bb63a7463900	16	22689861	23922526	798	0.0492
97f9770c-3539-4578-84f4-bb63a7463900	16	23923570	23930936	6	-1.6099
97f9770c-3539-4578-84f4-bb63a7463900	16	23932616	29791347	3521	0.0061
97f9770c-3539-4578-84f4-bb63a7463900	16	29793557	29844563	24	0.4864
97f9770c-3539-4578-84f4-bb63a7463900	16	29846911	34149484	874	0.0268
97f9770c-3539-4578-84f4-bb63a7463900	16	34161502	35572419	304	-0.0698
97f9770c-3539-4578-84f4-bb63a7463900	16	35578990	46441986	106	0.0296
97f9770c-3539-4578-84f4-bb63a7463900	16	46444015	47113274	260	0.2787
97f9770c-3539-4578-84f4-bb63a7463900	16	47116473	47126371	4	0.0273
97f9770c-3539-4578-84f4-bb63a7463900	16	47129314	48764959	809	-0.0829
97f9770c-3539-4578-84f4-bb63a7463900	16	48765962	52648227	2861	-0.1216
97f9770c-3539-4578-84f4-bb63a7463900	16	52648412	55762682	2535	-0.067
97f9770c-3539-4578-84f4-bb63a7463900	16	55764310	55764867	3	1.808
97f9770c-3539-4578-84f4-bb63a7463900	16	55770436	59559013	2357	-0.0815
97f9770c-3539-4578-84f4-bb63a7463900	16	59559144	64518259	3243	-0.1309
97f9770c-3539-4578-84f4-bb63a7463900	16	64518651	78338949	8699	-0.0976
97f9770c-3539-4578-84f4-bb63a7463900	16	78339440	78342480	4	-1.4465
97f9770c-3539-4578-84f4-bb63a7463900	16	78342814	80123127	2200	-0.1243
97f9770c-3539-4578-84f4-bb63a7463900	16	80125332	80125807	4	-1.1274
97f9770c-3539-4578-84f4-bb63a7463900	16	80126016	90049513	8389	-0.0981
97f9770c-3539-4578-84f4-bb63a7463900	16	90051205	90096867	36	0.0448
97f9770c-3539-4578-84f4-bb63a7463900	17	150733	18414080	11386	-0.2803
97f9770c-3539-4578-84f4-bb63a7463900	17	18452078	18561907	27	0.4255
97f9770c-3539-4578-84f4-bb63a7463900	17	18565883	21433310	1170	-0.2417
97f9770c-3539-4578-84f4-bb63a7463900	17	21444637	21624398	80	0.4526
97f9770c-3539-4578-84f4-bb63a7463900	17	21661661	28682841	1098	-0.2403
97f9770c-3539-4578-84f4-bb63a7463900	17	28687633	28858809	56	0.2634
97f9770c-3539-4578-84f4-bb63a7463900	17	28866290	33658612	2618	-0.2472
97f9770c-3539-4578-84f4-bb63a7463900	17	33659258	33992728	304	-0.3756
97f9770c-3539-4578-84f4-bb63a7463900	17	33993573	35248101	1009	-0.2737
97f9770c-3539-4578-84f4-bb63a7463900	17	35248815	35253350	3	-1.6408
97f9770c-3539-4578-84f4-bb63a7463900	17	35255206	41404755	3211	-0.2515
97f9770c-3539-4578-84f4-bb63a7463900	17	41405889	41446157	46	0.3324
97f9770c-3539-4578-84f4-bb63a7463900	17	41451242	46351954	2445	-0.2453
97f9770c-3539-4578-84f4-bb63a7463900	17	46446345	46446360	2	1.1433
97f9770c-3539-4578-84f4-bb63a7463900	17	46569894	47691928	493	-0.2521
97f9770c-3539-4578-84f4-bb63a7463900	17	47703898	48137748	251	0.273
97f9770c-3539-4578-84f4-bb63a7463900	17	48143648	49354445	645	-0.2723
97f9770c-3539-4578-84f4-bb63a7463900	17	49355102	49357687	2	-1.3696
97f9770c-3539-4578-84f4-bb63a7463900	17	49359450	57610128	5608	-0.2549
97f9770c-3539-4578-84f4-bb63a7463900	17	57610972	57611632	2	-1.6561
97f9770c-3539-4578-84f4-bb63a7463900	17	57614632	61263829	1839	-0.2496
97f9770c-3539-4578-84f4-bb63a7463900	17	61266519	69889125	4842	0.2581
97f9770c-3539-4578-84f4-bb63a7463900	17	69889342	69895785	3	-0.9207
97f9770c-3539-4578-84f4-bb63a7463900	17	69895877	71362987	1199	0.2394
97f9770c-3539-4578-84f4-bb63a7463900	17	71363483	73472128	1641	0.2897
97f9770c-3539-4578-84f4-bb63a7463900	17	73472207	75841090	1343	0.2341
97f9770c-3539-4578-84f4-bb63a7463900	17	75846985	75931877	19	0.5831
97f9770c-3539-4578-84f4-bb63a7463900	17	75934073	75999246	33	0.2754
97f9770c-3539-4578-84f4-bb63a7463900	17	76000087	83091923	3648	0.6253
97f9770c-3539-4578-84f4-bb63a7463900	18	48133	4334839	3108	0.0274
97f9770c-3539-4578-84f4-bb63a7463900	18	4336259	4336616	2	-1.297
97f9770c-3539-4578-84f4-bb63a7463900	18	4336748	12505090	5923	0.0282
97f9770c-3539-4578-84f4-bb63a7463900	18	12514430	13278115	407	0.2751
97f9770c-3539-4578-84f4-bb63a7463900	18	13281866	14448238	695	0.0035
97f9770c-3539-4578-84f4-bb63a7463900	18	14449878	15401764	268	-0.2219
97f9770c-3539-4578-84f4-bb63a7463900	18	15402409	21029619	29	0.1336
97f9770c-3539-4578-84f4-bb63a7463900	18	21030106	36049476	9213	-0.2575
97f9770c-3539-4578-84f4-bb63a7463900	18	36053320	36602601	466	-0.3301
97f9770c-3539-4578-84f4-bb63a7463900	18	36602697	49662768	8662	-0.2568
97f9770c-3539-4578-84f4-bb63a7463900	18	49669204	51858004	1677	0.1353
97f9770c-3539-4578-84f4-bb63a7463900	18	51862457	54419610	1733	0.0856
97f9770c-3539-4578-84f4-bb63a7463900	18	54420350	54420495	2	-1.3941
97f9770c-3539-4578-84f4-bb63a7463900	18	54420780	57153923	1703	0.0839
97f9770c-3539-4578-84f4-bb63a7463900	18	57156631	59373688	1593	0.1407
97f9770c-3539-4578-84f4-bb63a7463900	18	59373787	60605763	1021	0.0871
97f9770c-3539-4578-84f4-bb63a7463900	18	60618619	60621217	3	-0.8916
97f9770c-3539-4578-84f4-bb63a7463900	18	60621523	66060309	3793	0.0924
97f9770c-3539-4578-84f4-bb63a7463900	18	66060363	66061104	10	-1.0162
97f9770c-3539-4578-84f4-bb63a7463900	18	66065502	66697601	467	0.0832
97f9770c-3539-4578-84f4-bb63a7463900	18	66701778	66828537	59	-1.0373
97f9770c-3539-4578-84f4-bb63a7463900	18	66833244	77211972	7927	0.0743
97f9770c-3539-4578-84f4-bb63a7463900	18	77213430	77214451	2	-1.7095
97f9770c-3539-4578-84f4-bb63a7463900	18	77214926	79643088	1656	0.1004
97f9770c-3539-4578-84f4-bb63a7463900	18	79645731	79646039	2	-1.0882
97f9770c-3539-4578-84f4-bb63a7463900	18	79646203	80257174	315	0.1244
97f9770c-3539-4578-84f4-bb63a7463900	19	90910	8994873	3305	0.0187
97f9770c-3539-4578-84f4-bb63a7463900	19	8995829	8995943	2	-1.3792
97f9770c-3539-4578-84f4-bb63a7463900	19	8995948	12422445	1658	0.0159
97f9770c-3539-4578-84f4-bb63a7463900	19	12427951	12430847	6	0.5423
97f9770c-3539-4578-84f4-bb63a7463900	19	12431093	12581187	69	-0.0152
97f9770c-3539-4578-84f4-bb63a7463900	19	12586552	12587288	2	-1.8045
97f9770c-3539-4578-84f4-bb63a7463900	19	12589709	14036451	614	0.0245
97f9770c-3539-4578-84f4-bb63a7463900	19	14036781	27466131	5522	0.1199
97f9770c-3539-4578-84f4-bb63a7463900	19	27469081	27704119	49	0.0184
97f9770c-3539-4578-84f4-bb63a7463900	19	27705312	30793899	2339	0.2158
97f9770c-3539-4578-84f4-bb63a7463900	19	30797211	30797633	2	-1.2276
97f9770c-3539-4578-84f4-bb63a7463900	19	30799692	31330154	397	0.1641
97f9770c-3539-4578-84f4-bb63a7463900	19	31331668	36355248	3207	0.2482
97f9770c-3539-4578-84f4-bb63a7463900	19	36355288	36356596	9	-0.2451
97f9770c-3539-4578-84f4-bb63a7463900	19	36356735	44666041	4382	0.2395
97f9770c-3539-4578-84f4-bb63a7463900	19	44671727	50779857	2628	-0.2687
97f9770c-3539-4578-84f4-bb63a7463900	19	50789795	51628560	573	0.2378
97f9770c-3539-4578-84f4-bb63a7463900	19	51639099	51644944	11	-0.6678
97f9770c-3539-4578-84f4-bb63a7463900	19	51651652	53009562	935	0.209
97f9770c-3539-4578-84f4-bb63a7463900	19	53010259	53051455	30	0.5449
97f9770c-3539-4578-84f4-bb63a7463900	19	53053571	53498648	338	0.2279
97f9770c-3539-4578-84f4-bb63a7463900	19	53498667	54111156	370	0.1317
97f9770c-3539-4578-84f4-bb63a7463900	19	54111207	54788617	351	0.2238
97f9770c-3539-4578-84f4-bb63a7463900	19	54791531	54835675	22	-0.82
97f9770c-3539-4578-84f4-bb63a7463900	19	54835722	55770704	448	0.2083
97f9770c-3539-4578-84f4-bb63a7463900	19	55771003	55771701	4	-0.5183
97f9770c-3539-4578-84f4-bb63a7463900	19	55774927	58234948	1665	0.2418
97f9770c-3539-4578-84f4-bb63a7463900	19	58238960	58256331	15	0.6681
97f9770c-3539-4578-84f4-bb63a7463900	19	58264725	58586487	159	0.2428
97f9770c-3539-4578-84f4-bb63a7463900	20	80664	81049	11	-0.3217
97f9770c-3539-4578-84f4-bb63a7463900	20	81154	806367	534	-1.197
97f9770c-3539-4578-84f4-bb63a7463900	20	806698	812140	4	-3.102
97f9770c-3539-4578-84f4-bb63a7463900	20	812543	903001	79	-1.3351
97f9770c-3539-4578-84f4-bb63a7463900	20	905359	1580353	564	-0.2404
97f9770c-3539-4578-84f4-bb63a7463900	20	1580934	1613247	41	1.848
97f9770c-3539-4578-84f4-bb63a7463900	20	1617300	52125139	32212	-0.2623
97f9770c-3539-4578-84f4-bb63a7463900	20	52130112	53681552	1135	0.2812
97f9770c-3539-4578-84f4-bb63a7463900	20	53681994	55929540	1901	0.2344
97f9770c-3539-4578-84f4-bb63a7463900	20	55932032	59942561	3113	0.2814
97f9770c-3539-4578-84f4-bb63a7463900	20	59943275	61507830	1479	0.2232
97f9770c-3539-4578-84f4-bb63a7463900	20	61508943	64324800	1294	0.2724
97f9770c-3539-4578-84f4-bb63a7463900	21	10354168	10420775	9	0.0182
97f9770c-3539-4578-84f4-bb63a7463900	21	10420974	10459828	9	-0.4498
97f9770c-3539-4578-84f4-bb63a7463900	21	10494350	10559033	35	0.0006
97f9770c-3539-4578-84f4-bb63a7463900	21	10568903	10630386	25	-0.4154
97f9770c-3539-4578-84f4-bb63a7463900	21	10638732	13084095	22	-0.1263
97f9770c-3539-4578-84f4-bb63a7463900	21	13092058	13822907	178	0.1677
97f9770c-3539-4578-84f4-bb63a7463900	21	13823535	13831480	3	-0.8593
97f9770c-3539-4578-84f4-bb63a7463900	21	13833696	15356766	982	0.205
97f9770c-3539-4578-84f4-bb63a7463900	21	15357465	19272746	2783	0.2596
97f9770c-3539-4578-84f4-bb63a7463900	21	19274128	24942019	4391	0.205
97f9770c-3539-4578-84f4-bb63a7463900	21	24942056	25595052	393	0.2647
97f9770c-3539-4578-84f4-bb63a7463900	21	25595851	25596761	3	0.9811
97f9770c-3539-4578-84f4-bb63a7463900	21	25597391	26995303	1133	0.2716
97f9770c-3539-4578-84f4-bb63a7463900	21	26995436	30486939	2560	0.2238
97f9770c-3539-4578-84f4-bb63a7463900	21	30487197	46677045	11347	0.2673
97f9770c-3539-4578-84f4-bb63a7463900	22	15294547	20900614	2495	-0.2531
97f9770c-3539-4578-84f4-bb63a7463900	22	20904038	21094649	155	0.2692
97f9770c-3539-4578-84f4-bb63a7463900	22	21094739	23899579	1693	-0.2525
97f9770c-3539-4578-84f4-bb63a7463900	22	23900166	23902371	4	-1.744
97f9770c-3539-4578-84f4-bb63a7463900	22	23902843	28463079	3808	-0.2793
97f9770c-3539-4578-84f4-bb63a7463900	22	28463671	33350056	3077	0.2594
97f9770c-3539-4578-84f4-bb63a7463900	22	33352376	48956708	10860	-0.2646
97f9770c-3539-4578-84f4-bb63a7463900	22	48957301	49495310	544	-0.349
97f9770c-3539-4578-84f4-bb63a7463900	22	49497505	50528603	484	-0.267
97f9770c-3539-4578-84f4-bb63a7463900	22	50534679	50534687	5	-1.3267
97f9770c-3539-4578-84f4-bb63a7463900	22	50535325	50796027	143	-0.2736
97f9770c-3539-4578-84f4-bb63a7463900	X	251810	15242850	9283	0.013
97f9770c-3539-4578-84f4-bb63a7463900	X	15244084	15845588	421	0.3215
97f9770c-3539-4578-84f4-bb63a7463900	X	15847417	16327534	277	0.0391
97f9770c-3539-4578-84f4-bb63a7463900	X	16329774	16336406	12	-0.9555
97f9770c-3539-4578-84f4-bb63a7463900	X	16338298	24491649	4887	0.0293
97f9770c-3539-4578-84f4-bb63a7463900	X	24494491	24506623	18	0.5021
97f9770c-3539-4578-84f4-bb63a7463900	X	24507590	52033079	15850	0.0085
97f9770c-3539-4578-84f4-bb63a7463900	X	52034511	52077420	3	-0.8867
97f9770c-3539-4578-84f4-bb63a7463900	X	52077473	53122914	292	-0.0104
97f9770c-3539-4578-84f4-bb63a7463900	X	53126048	53317488	91	0.4351
97f9770c-3539-4578-84f4-bb63a7463900	X	53323703	86659394	13606	0.0198
97f9770c-3539-4578-84f4-bb63a7463900	X	86661757	86662711	3	-0.9181
97f9770c-3539-4578-84f4-bb63a7463900	X	86663759	89051733	1558	0.0112
97f9770c-3539-4578-84f4-bb63a7463900	X	89054859	89055607	2	-1.4848
97f9770c-3539-4578-84f4-bb63a7463900	X	89057350	99566839	5237	0.0024
97f9770c-3539-4578-84f4-bb63a7463900	X	99574486	111456339	6159	0.0343
97f9770c-3539-4578-84f4-bb63a7463900	X	111456966	115014860	2006	0.0131
97f9770c-3539-4578-84f4-bb63a7463900	X	115014985	116471818	771	0.0819
97f9770c-3539-4578-84f4-bb63a7463900	X	116486091	135612977	10850	0.0201
97f9770c-3539-4578-84f4-bb63a7463900	X	135614680	135668591	35	0.6029
97f9770c-3539-4578-84f4-bb63a7463900	X	135673726	155952689	12291	0.0093
97f9770c-3539-4578-84f4-bb63a7463900	Y	2782397	6249869	785	-2.6096
97f9770c-3539-4578-84f4-bb63a7463900	Y	6252391	12912709	2229	-2.9983
97f9770c-3539-4578-84f4-bb63a7463900	Y	12914512	12918905	5	-6.305
97f9770c-3539-4578-84f4-bb63a7463900	Y	12920376	13478396	246	-2.9447
97f9770c-3539-4578-84f4-bb63a7463900	Y	13478462	13482643	3	-7.8202
97f9770c-3539-4578-84f4-bb63a7463900	Y	13483009	22804854	3170	-3.0466
97f9770c-3539-4578-84f4-bb63a7463900	Y	22913244	56872112	202	-2.7131
