GDC_Aliquot	Chromosome	Start	End	Num_Probes	Segment_Mean
9694c6c5-883c-4367-a895-111e627a5da7	1	3301765	247650984	129030	-0.0015
9694c6c5-883c-4367-a895-111e627a5da7	2	480597	241537572	131540	0.0088
9694c6c5-883c-4367-a895-111e627a5da7	3	2170634	197812401	106558	0.0022
9694c6c5-883c-4367-a895-111e627a5da7	4	1059384	187842528	102903	-0.0001
9694c6c5-883c-4367-a895-111e627a5da7	5	913983	180934240	100542	0.0023
9694c6c5-883c-4367-a895-111e627a5da7	6	1011760	38986369	22794	-0.001
9694c6c5-883c-4367-a895-111e627a5da7	6	38986696	38990349	3	-1.4197
9694c6c5-883c-4367-a895-111e627a5da7	6	38992477	49185448	6236	-0.0005
9694c6c5-883c-4367-a895-111e627a5da7	6	49187407	49187709	2	-1.728
9694c6c5-883c-4367-a895-111e627a5da7	6	49190424	170596889	67624	0.0004
9694c6c5-883c-4367-a895-111e627a5da7	7	664936	77777087	38764	0.0032
9694c6c5-883c-4367-a895-111e627a5da7	7	77777437	77782293	2	-2.0523
9694c6c5-883c-4367-a895-111e627a5da7	7	77784799	158592540	42755	0.0023
9694c6c5-883c-4367-a895-111e627a5da7	8	667625	144182542	81803	0.0036
9694c6c5-883c-4367-a895-111e627a5da7	9	789794	138044505	68123	-0.0001
9694c6c5-883c-4367-a895-111e627a5da7	10	366509	133411599	80878	0.0024
9694c6c5-883c-4367-a895-111e627a5da7	11	456012	134272740	77137	-0.0009
9694c6c5-883c-4367-a895-111e627a5da7	12	780472	132605822	73997	0.0029
9694c6c5-883c-4367-a895-111e627a5da7	13	18874255	114226675	56616	0.0032
9694c6c5-883c-4367-a895-111e627a5da7	14	20033191	105533894	49488	0
9694c6c5-883c-4367-a895-111e627a5da7	15	23437561	101344124	44532	0.0008
9694c6c5-883c-4367-a895-111e627a5da7	16	603333	78659861	33931	-0.0005
9694c6c5-883c-4367-a895-111e627a5da7	16	78659981	78667883	9	-1.1828
9694c6c5-883c-4367-a895-111e627a5da7	16	78668510	89317317	7089	0.0021
9694c6c5-883c-4367-a895-111e627a5da7	17	1074619	51968657	20613	0.0024
9694c6c5-883c-4367-a895-111e627a5da7	17	51971563	51978881	2	-1.7073
9694c6c5-883c-4367-a895-111e627a5da7	17	51979160	82959812	16530	0.0002
9694c6c5-883c-4367-a895-111e627a5da7	18	326691	79349796	42736	0.0012
9694c6c5-883c-4367-a895-111e627a5da7	19	283868	58370362	24073	-0.0009
9694c6c5-883c-4367-a895-111e627a5da7	20	472817	63588502	37370	0.0021
9694c6c5-883c-4367-a895-111e627a5da7	21	13974127	46262057	20490	0.0048
9694c6c5-883c-4367-a895-111e627a5da7	22	16934932	48940621	17041	0
9694c6c5-883c-4367-a895-111e627a5da7	X	3236359	69292317	26360	0.0035
9694c6c5-883c-4367-a895-111e627a5da7	X	69295283	69295793	2	-1.933
9694c6c5-883c-4367-a895-111e627a5da7	X	69295941	125941555	24317	0.0025
9694c6c5-883c-4367-a895-111e627a5da7	X	125945771	125965312	11	0.628
9694c6c5-883c-4367-a895-111e627a5da7	X	126158326	155677414	12962	0
