GDC_Aliquot	Chromosome	Start	End	Num_Probes	Segment_Mean
deedcd96-88fd-445e-bc6c-085c79a431ab	1	62920	15823420	8340	-0.0596
deedcd96-88fd-445e-bc6c-085c79a431ab	1	15827002	15828515	10	0.5324
deedcd96-88fd-445e-bc6c-085c79a431ab	1	15839166	16018332	83	-0.0746
deedcd96-88fd-445e-bc6c-085c79a431ab	1	16018760	16082309	15	0.3062
deedcd96-88fd-445e-bc6c-085c79a431ab	1	16086770	16570326	203	-0.032
deedcd96-88fd-445e-bc6c-085c79a431ab	1	16583114	16643961	27	-0.6404
deedcd96-88fd-445e-bc6c-085c79a431ab	1	16679239	16863509	27	-0.0821
deedcd96-88fd-445e-bc6c-085c79a431ab	1	16864367	16935752	54	0.5204
deedcd96-88fd-445e-bc6c-085c79a431ab	1	16949746	25256800	5261	-0.0594
deedcd96-88fd-445e-bc6c-085c79a431ab	1	25256850	25336819	26	0.7919
deedcd96-88fd-445e-bc6c-085c79a431ab	1	25336853	47005733	11785	-0.0588
deedcd96-88fd-445e-bc6c-085c79a431ab	1	47012891	64434741	11630	-0.2797
deedcd96-88fd-445e-bc6c-085c79a431ab	1	64435422	64447882	10	-0.8874
deedcd96-88fd-445e-bc6c-085c79a431ab	1	64447928	64848364	314	-0.2614
deedcd96-88fd-445e-bc6c-085c79a431ab	1	64850369	64858463	8	0.2512
deedcd96-88fd-445e-bc6c-085c79a431ab	1	64858506	64961402	195	-0.9586
deedcd96-88fd-445e-bc6c-085c79a431ab	1	64961480	67090495	1529	-0.2713
deedcd96-88fd-445e-bc6c-085c79a431ab	1	67098399	67098598	2	-1.7312
deedcd96-88fd-445e-bc6c-085c79a431ab	1	67098803	72303233	3274	-0.2758
deedcd96-88fd-445e-bc6c-085c79a431ab	1	72303253	72345450	44	-1.2202
deedcd96-88fd-445e-bc6c-085c79a431ab	1	72345465	102376371	19426	-0.2714
deedcd96-88fd-445e-bc6c-085c79a431ab	1	102377979	102378043	2	-1.7381
deedcd96-88fd-445e-bc6c-085c79a431ab	1	102378068	105470754	1531	-0.2448
deedcd96-88fd-445e-bc6c-085c79a431ab	1	105476583	105479753	17	-1.1654
deedcd96-88fd-445e-bc6c-085c79a431ab	1	105481433	109684893	2637	-0.284
deedcd96-88fd-445e-bc6c-085c79a431ab	1	109690352	109696900	11	0.5738
deedcd96-88fd-445e-bc6c-085c79a431ab	1	109697533	112147704	1952	-0.3127
deedcd96-88fd-445e-bc6c-085c79a431ab	1	112153343	112154768	25	0.2954
deedcd96-88fd-445e-bc6c-085c79a431ab	1	112163334	121430469	5090	-0.2787
deedcd96-88fd-445e-bc6c-085c79a431ab	1	121430980	143656856	130	0.0348
deedcd96-88fd-445e-bc6c-085c79a431ab	1	143657500	143762042	62	0.3092
deedcd96-88fd-445e-bc6c-085c79a431ab	1	143796140	152583587	2329	-0.0309
deedcd96-88fd-445e-bc6c-085c79a431ab	1	152583668	152618486	35	0.3222
deedcd96-88fd-445e-bc6c-085c79a431ab	1	152618548	152789447	162	-0.0161
deedcd96-88fd-445e-bc6c-085c79a431ab	1	152789463	152796224	36	0.4858
deedcd96-88fd-445e-bc6c-085c79a431ab	1	152801429	162247931	5772	-0.0577
deedcd96-88fd-445e-bc6c-085c79a431ab	1	162247958	169247699	5517	-0.0236
deedcd96-88fd-445e-bc6c-085c79a431ab	1	169264736	169272528	7	0.7136
deedcd96-88fd-445e-bc6c-085c79a431ab	1	169273163	174827418	3521	-0.0109
deedcd96-88fd-445e-bc6c-085c79a431ab	1	174827561	174832599	14	-0.5717
deedcd96-88fd-445e-bc6c-085c79a431ab	1	174832702	193186662	12251	-0.017
deedcd96-88fd-445e-bc6c-085c79a431ab	1	193187149	193187218	4	-1.1827
deedcd96-88fd-445e-bc6c-085c79a431ab	1	193190593	196745743	2394	-0.0045
deedcd96-88fd-445e-bc6c-085c79a431ab	1	196758720	196832525	57	-0.8902
deedcd96-88fd-445e-bc6c-085c79a431ab	1	196832720	210436164	9157	-0.0412
deedcd96-88fd-445e-bc6c-085c79a431ab	1	210437972	217536548	5024	-0.0082
deedcd96-88fd-445e-bc6c-085c79a431ab	1	217537191	217537218	2	-1.5039
deedcd96-88fd-445e-bc6c-085c79a431ab	1	217546221	225935037	5465	-0.0126
deedcd96-88fd-445e-bc6c-085c79a431ab	1	225935068	240940898	10858	-0.0329
deedcd96-88fd-445e-bc6c-085c79a431ab	1	240942073	241066829	99	0.3807
deedcd96-88fd-445e-bc6c-085c79a431ab	1	241071309	246674300	3906	-0.0371
deedcd96-88fd-445e-bc6c-085c79a431ab	1	246674817	246846583	133	0.1289
deedcd96-88fd-445e-bc6c-085c79a431ab	1	246847432	248620513	1036	-0.0571
deedcd96-88fd-445e-bc6c-085c79a431ab	1	248622945	248930189	150	-0.2143
deedcd96-88fd-445e-bc6c-085c79a431ab	2	12784	170616	86	0.0472
deedcd96-88fd-445e-bc6c-085c79a431ab	2	171372	260960	72	0.2653
deedcd96-88fd-445e-bc6c-085c79a431ab	2	263085	13182927	9921	0.1693
deedcd96-88fd-445e-bc6c-085c79a431ab	2	13183096	20300000	5293	0.207
deedcd96-88fd-445e-bc6c-085c79a431ab	2	20300631	20541698	141	-0.3227
deedcd96-88fd-445e-bc6c-085c79a431ab	2	20541758	31406954	6692	0.179
deedcd96-88fd-445e-bc6c-085c79a431ab	2	31407516	31409221	2	-1.1831
deedcd96-88fd-445e-bc6c-085c79a431ab	2	31412285	34295406	1796	0.2085
deedcd96-88fd-445e-bc6c-085c79a431ab	2	34298911	34300513	2	-2.5124
deedcd96-88fd-445e-bc6c-085c79a431ab	2	34300900	34427804	84	0.2462
deedcd96-88fd-445e-bc6c-085c79a431ab	2	34434869	34491703	28	-0.141
deedcd96-88fd-445e-bc6c-085c79a431ab	2	34491869	50748690	11829	0.1816
deedcd96-88fd-445e-bc6c-085c79a431ab	2	50749033	50749477	5	-1.3455
deedcd96-88fd-445e-bc6c-085c79a431ab	2	50749714	51130564	258	0.0945
deedcd96-88fd-445e-bc6c-085c79a431ab	2	51133337	51997830	602	0.1979
deedcd96-88fd-445e-bc6c-085c79a431ab	2	51998217	52527330	344	0.1408
deedcd96-88fd-445e-bc6c-085c79a431ab	2	52527342	52554404	39	-0.2678
deedcd96-88fd-445e-bc6c-085c79a431ab	2	52560811	54937720	1863	0.179
deedcd96-88fd-445e-bc6c-085c79a431ab	2	54937997	54959257	25	-0.2894
deedcd96-88fd-445e-bc6c-085c79a431ab	2	54968084	70362997	9827	0.1759
deedcd96-88fd-445e-bc6c-085c79a431ab	2	70364675	70432342	52	0.5504
deedcd96-88fd-445e-bc6c-085c79a431ab	2	70432640	81719737	7282	0.1822
deedcd96-88fd-445e-bc6c-085c79a431ab	2	81722839	81723371	2	-1.2935
deedcd96-88fd-445e-bc6c-085c79a431ab	2	81726408	87476789	3035	0.1849
deedcd96-88fd-445e-bc6c-085c79a431ab	2	87487629	87528459	14	-0.2908
deedcd96-88fd-445e-bc6c-085c79a431ab	2	87542032	97359885	1755	0.1598
deedcd96-88fd-445e-bc6c-085c79a431ab	2	97524284	97545726	9	-0.8766
deedcd96-88fd-445e-bc6c-085c79a431ab	2	97550415	106257550	5565	0.1749
deedcd96-88fd-445e-bc6c-085c79a431ab	2	106258041	106268901	15	0.6351
deedcd96-88fd-445e-bc6c-085c79a431ab	2	106270799	116828073	5732	0.1751
deedcd96-88fd-445e-bc6c-085c79a431ab	2	116831010	116833669	4	-0.7967
deedcd96-88fd-445e-bc6c-085c79a431ab	2	116834128	126957304	6544	0.1728
deedcd96-88fd-445e-bc6c-085c79a431ab	2	126962280	126962492	2	-1.1079
deedcd96-88fd-445e-bc6c-085c79a431ab	2	126967119	128880504	1111	0.1414
deedcd96-88fd-445e-bc6c-085c79a431ab	2	128880904	128882741	15	0.6521
deedcd96-88fd-445e-bc6c-085c79a431ab	2	128882755	138250184	5584	0.1793
deedcd96-88fd-445e-bc6c-085c79a431ab	2	138250519	143144212	3141	0.2134
deedcd96-88fd-445e-bc6c-085c79a431ab	2	143145094	149318174	3383	0.1794
deedcd96-88fd-445e-bc6c-085c79a431ab	2	149321364	160171913	6851	0.2122
deedcd96-88fd-445e-bc6c-085c79a431ab	2	160172196	160426810	156	0.1556
deedcd96-88fd-445e-bc6c-085c79a431ab	2	160429040	165453790	2833	0.4009
deedcd96-88fd-445e-bc6c-085c79a431ab	2	165462278	166657903	750	-0.0093
deedcd96-88fd-445e-bc6c-085c79a431ab	2	166658234	167060216	218	0.2077
deedcd96-88fd-445e-bc6c-085c79a431ab	2	167064688	168015386	577	-0.0002
deedcd96-88fd-445e-bc6c-085c79a431ab	2	168017802	168119277	71	0.2359
deedcd96-88fd-445e-bc6c-085c79a431ab	2	168119438	168535393	317	-0.0247
deedcd96-88fd-445e-bc6c-085c79a431ab	2	168536613	171336826	1853	0.2116
deedcd96-88fd-445e-bc6c-085c79a431ab	2	171341644	171671463	190	-0.0149
deedcd96-88fd-445e-bc6c-085c79a431ab	2	171671514	172035535	176	0.1955
deedcd96-88fd-445e-bc6c-085c79a431ab	2	172037356	198588087	15937	-0.0212
deedcd96-88fd-445e-bc6c-085c79a431ab	2	198592058	198928154	229	-0.5772
deedcd96-88fd-445e-bc6c-085c79a431ab	2	198928637	204479729	3111	-0.0242
deedcd96-88fd-445e-bc6c-085c79a431ab	2	204479949	204479964	3	-1.0113
deedcd96-88fd-445e-bc6c-085c79a431ab	2	204479970	207485595	2042	-0.0305
deedcd96-88fd-445e-bc6c-085c79a431ab	2	207485902	207494425	19	0.3084
deedcd96-88fd-445e-bc6c-085c79a431ab	2	207494612	208607106	693	-0.0464
deedcd96-88fd-445e-bc6c-085c79a431ab	2	208607635	211419556	1704	0.0064
deedcd96-88fd-445e-bc6c-085c79a431ab	2	211419628	211420378	2	-1.2492
deedcd96-88fd-445e-bc6c-085c79a431ab	2	211420634	215433152	2643	-0.0001
deedcd96-88fd-445e-bc6c-085c79a431ab	2	215433334	218137791	1912	-0.0267
deedcd96-88fd-445e-bc6c-085c79a431ab	2	218141307	219459106	635	-0.0929
deedcd96-88fd-445e-bc6c-085c79a431ab	2	219462966	226477322	4740	-0.0238
deedcd96-88fd-445e-bc6c-085c79a431ab	2	226478072	226481352	5	-0.8754
deedcd96-88fd-445e-bc6c-085c79a431ab	2	226483083	229436886	1959	-0.0213
deedcd96-88fd-445e-bc6c-085c79a431ab	2	229437826	229438556	3	-1.1194
deedcd96-88fd-445e-bc6c-085c79a431ab	2	229440157	232377024	1586	-0.0334
deedcd96-88fd-445e-bc6c-085c79a431ab	2	232377193	232377633	5	0.6811
deedcd96-88fd-445e-bc6c-085c79a431ab	2	232377647	237451309	3555	-0.0415
deedcd96-88fd-445e-bc6c-085c79a431ab	2	237454491	241536647	2458	-0.0839
deedcd96-88fd-445e-bc6c-085c79a431ab	2	241537572	242147305	189	-0.0177
deedcd96-88fd-445e-bc6c-085c79a431ab	3	20930	182919	154	-0.0112
deedcd96-88fd-445e-bc6c-085c79a431ab	3	188339	191117	4	-0.6904
deedcd96-88fd-445e-bc6c-085c79a431ab	3	193194	1606489	1257	0.0116
deedcd96-88fd-445e-bc6c-085c79a431ab	3	1606592	2492261	742	0.0836
deedcd96-88fd-445e-bc6c-085c79a431ab	3	2492310	44949244	29785	0.3121
deedcd96-88fd-445e-bc6c-085c79a431ab	3	44953636	46008216	773	-0.3241
deedcd96-88fd-445e-bc6c-085c79a431ab	3	46008344	46010221	2	-1.8139
deedcd96-88fd-445e-bc6c-085c79a431ab	3	46010251	46747685	478	-0.3114
deedcd96-88fd-445e-bc6c-085c79a431ab	3	46750055	46818342	44	-0.0725
deedcd96-88fd-445e-bc6c-085c79a431ab	3	46827338	52994359	2493	-0.3209
deedcd96-88fd-445e-bc6c-085c79a431ab	3	52997720	53000433	22	0.106
deedcd96-88fd-445e-bc6c-085c79a431ab	3	53000524	61041404	6036	-0.2993
deedcd96-88fd-445e-bc6c-085c79a431ab	3	61042185	68676600	6014	-0.2716
deedcd96-88fd-445e-bc6c-085c79a431ab	3	68682877	68698262	16	0.8075
deedcd96-88fd-445e-bc6c-085c79a431ab	3	68699607	85555773	10454	-0.2685
deedcd96-88fd-445e-bc6c-085c79a431ab	3	85555921	85571805	14	-0.7699
deedcd96-88fd-445e-bc6c-085c79a431ab	3	85572010	89337951	2162	-0.2515
deedcd96-88fd-445e-bc6c-085c79a431ab	3	89345442	89345576	7	-1.6211
deedcd96-88fd-445e-bc6c-085c79a431ab	3	89345592	89355967	5	-0.3481
deedcd96-88fd-445e-bc6c-085c79a431ab	3	89356604	89370231	39	-1.4976
deedcd96-88fd-445e-bc6c-085c79a431ab	3	89370771	96427588	1738	-0.2556
deedcd96-88fd-445e-bc6c-085c79a431ab	3	96430421	98727188	1219	0.2247
deedcd96-88fd-445e-bc6c-085c79a431ab	3	98729729	99126043	228	-0.2527
deedcd96-88fd-445e-bc6c-085c79a431ab	3	99127335	99230464	83	-0.4502
deedcd96-88fd-445e-bc6c-085c79a431ab	3	99230470	99332569	61	-0.2844
deedcd96-88fd-445e-bc6c-085c79a431ab	3	99335697	99335768	2	-1.7086
deedcd96-88fd-445e-bc6c-085c79a431ab	3	99336138	102703709	1863	-0.2732
deedcd96-88fd-445e-bc6c-085c79a431ab	3	102707244	105393870	1716	-0.219
deedcd96-88fd-445e-bc6c-085c79a431ab	3	105394123	108933166	2211	-0.2727
deedcd96-88fd-445e-bc6c-085c79a431ab	3	108933274	108933287	2	-2.2109
deedcd96-88fd-445e-bc6c-085c79a431ab	3	108935898	109077096	118	-0.4058
deedcd96-88fd-445e-bc6c-085c79a431ab	3	109086518	109097082	11	-1.1083
deedcd96-88fd-445e-bc6c-085c79a431ab	3	109098826	122291707	8054	-0.2702
deedcd96-88fd-445e-bc6c-085c79a431ab	3	122292307	128662406	4038	-0.3038
deedcd96-88fd-445e-bc6c-085c79a431ab	3	128665680	128693488	15	0.3021
deedcd96-88fd-445e-bc6c-085c79a431ab	3	128695318	130044016	619	-0.2917
deedcd96-88fd-445e-bc6c-085c79a431ab	3	130044855	130074018	26	0.2952
deedcd96-88fd-445e-bc6c-085c79a431ab	3	130074152	130087393	12	0.7011
deedcd96-88fd-445e-bc6c-085c79a431ab	3	130088081	146645613	10368	-0.2766
deedcd96-88fd-445e-bc6c-085c79a431ab	3	146646090	147662209	550	-0.3689
deedcd96-88fd-445e-bc6c-085c79a431ab	3	147665013	162790404	9354	-0.2686
deedcd96-88fd-445e-bc6c-085c79a431ab	3	162790480	162908192	70	0.3177
deedcd96-88fd-445e-bc6c-085c79a431ab	3	162908207	193160113	19175	-0.2778
deedcd96-88fd-445e-bc6c-085c79a431ab	3	193160173	193165114	19	0.979
deedcd96-88fd-445e-bc6c-085c79a431ab	3	193168646	194920587	1161	-0.3029
deedcd96-88fd-445e-bc6c-085c79a431ab	3	194920617	194921116	4	-1.8806
deedcd96-88fd-445e-bc6c-085c79a431ab	3	194921751	195559056	319	-0.287
deedcd96-88fd-445e-bc6c-085c79a431ab	3	195656271	195747892	44	-0.6417
deedcd96-88fd-445e-bc6c-085c79a431ab	3	195751823	198169247	1166	-0.2778
deedcd96-88fd-445e-bc6c-085c79a431ab	4	68929	5136696	2395	-0.3246
deedcd96-88fd-445e-bc6c-085c79a431ab	4	5136877	10355824	3498	-0.406
deedcd96-88fd-445e-bc6c-085c79a431ab	4	10357340	11515812	979	-0.3111
deedcd96-88fd-445e-bc6c-085c79a431ab	4	11517236	16043571	3483	-0.2809
deedcd96-88fd-445e-bc6c-085c79a431ab	4	16044012	29737031	9359	-0.2249
deedcd96-88fd-445e-bc6c-085c79a431ab	4	29737677	31950071	1369	-0.2814
deedcd96-88fd-445e-bc6c-085c79a431ab	4	31950414	34784878	1635	-0.3337
deedcd96-88fd-445e-bc6c-085c79a431ab	4	34785333	34828250	38	0.0549
deedcd96-88fd-445e-bc6c-085c79a431ab	4	34828291	36230144	920	-0.3683
deedcd96-88fd-445e-bc6c-085c79a431ab	4	36233174	36300375	33	0.0847
deedcd96-88fd-445e-bc6c-085c79a431ab	4	36302105	37845318	1173	-0.3574
deedcd96-88fd-445e-bc6c-085c79a431ab	4	37847383	38024768	134	0.0864
deedcd96-88fd-445e-bc6c-085c79a431ab	4	38027159	38063977	26	-0.4097
deedcd96-88fd-445e-bc6c-085c79a431ab	4	38068985	38992475	698	0.0885
deedcd96-88fd-445e-bc6c-085c79a431ab	4	38992557	47068677	4730	-0.3528
deedcd96-88fd-445e-bc6c-085c79a431ab	4	47071397	48255598	886	-0.2582
deedcd96-88fd-445e-bc6c-085c79a431ab	4	48257808	48257908	2	0.833
deedcd96-88fd-445e-bc6c-085c79a431ab	4	48257986	49204422	374	-0.2402
deedcd96-88fd-445e-bc6c-085c79a431ab	4	49214614	52211471	250	-0.3663
deedcd96-88fd-445e-bc6c-085c79a431ab	4	52213056	53876388	1038	0.1635
deedcd96-88fd-445e-bc6c-085c79a431ab	4	53891428	53938219	37	-0.2501
deedcd96-88fd-445e-bc6c-085c79a431ab	4	53940040	54002301	28	0.226
deedcd96-88fd-445e-bc6c-085c79a431ab	4	54007215	54339877	262	-0.2277
deedcd96-88fd-445e-bc6c-085c79a431ab	4	54346988	54376793	36	0.1088
deedcd96-88fd-445e-bc6c-085c79a431ab	4	54378498	54451981	57	-0.2332
deedcd96-88fd-445e-bc6c-085c79a431ab	4	54457444	54683631	223	0.1569
deedcd96-88fd-445e-bc6c-085c79a431ab	4	54684042	54684223	2	1.3637
deedcd96-88fd-445e-bc6c-085c79a431ab	4	54684242	54730917	123	0.1329
deedcd96-88fd-445e-bc6c-085c79a431ab	4	54730934	54733114	8	0.5909
deedcd96-88fd-445e-bc6c-085c79a431ab	4	54733203	55191616	313	0.1478
deedcd96-88fd-445e-bc6c-085c79a431ab	4	55196359	55290510	54	-0.2917
deedcd96-88fd-445e-bc6c-085c79a431ab	4	55290975	55528652	129	0.1545
deedcd96-88fd-445e-bc6c-085c79a431ab	4	55529912	56105903	311	-0.2464
deedcd96-88fd-445e-bc6c-085c79a431ab	4	56107895	56434326	204	0.1299
deedcd96-88fd-445e-bc6c-085c79a431ab	4	56440301	57917762	1099	-0.296
deedcd96-88fd-445e-bc6c-085c79a431ab	4	57917966	58986952	578	0.1599
deedcd96-88fd-445e-bc6c-085c79a431ab	4	58995461	59107300	82	-0.2431
deedcd96-88fd-445e-bc6c-085c79a431ab	4	59108353	59122377	8	0.298
deedcd96-88fd-445e-bc6c-085c79a431ab	4	59122391	61071220	1243	-0.2607
deedcd96-88fd-445e-bc6c-085c79a431ab	4	61075217	61076234	2	-1.3699
deedcd96-88fd-445e-bc6c-085c79a431ab	4	61079968	61668618	326	-0.2524
deedcd96-88fd-445e-bc6c-085c79a431ab	4	61669341	63828222	1177	0.1447
deedcd96-88fd-445e-bc6c-085c79a431ab	4	63831751	63838575	7	-1.8165
deedcd96-88fd-445e-bc6c-085c79a431ab	4	63839438	63840033	13	-0.7228
deedcd96-88fd-445e-bc6c-085c79a431ab	4	63841863	63842540	8	-2.1976
deedcd96-88fd-445e-bc6c-085c79a431ab	4	63850713	68395346	2857	0.154
deedcd96-88fd-445e-bc6c-085c79a431ab	4	68416487	68422424	5	0.9656
deedcd96-88fd-445e-bc6c-085c79a431ab	4	68429081	68478894	9	0.2935
deedcd96-88fd-445e-bc6c-085c79a431ab	4	68494770	68509237	5	-0.9587
deedcd96-88fd-445e-bc6c-085c79a431ab	4	68509442	68530744	9	-2.6443
deedcd96-88fd-445e-bc6c-085c79a431ab	4	68530748	68620261	54	-1.3504
deedcd96-88fd-445e-bc6c-085c79a431ab	4	68623617	69254981	311	0.0469
deedcd96-88fd-445e-bc6c-085c79a431ab	4	69255175	86631340	10827	0.1492
deedcd96-88fd-445e-bc6c-085c79a431ab	4	86641593	87528089	491	-0.3833
deedcd96-88fd-445e-bc6c-085c79a431ab	4	87532285	88080033	487	0.1359
deedcd96-88fd-445e-bc6c-085c79a431ab	4	88080741	88110665	19	-0.4354
deedcd96-88fd-445e-bc6c-085c79a431ab	4	88117930	90363792	1350	0.156
deedcd96-88fd-445e-bc6c-085c79a431ab	4	90366001	90370365	9	-0.6071
deedcd96-88fd-445e-bc6c-085c79a431ab	4	90373217	90583087	85	0.1914
deedcd96-88fd-445e-bc6c-085c79a431ab	4	90583611	90688146	69	-0.2655
deedcd96-88fd-445e-bc6c-085c79a431ab	4	90690672	91843649	732	0.1717
deedcd96-88fd-445e-bc6c-085c79a431ab	4	91845618	91942746	47	-0.2346
deedcd96-88fd-445e-bc6c-085c79a431ab	4	91946903	91959967	10	0.2974
deedcd96-88fd-445e-bc6c-085c79a431ab	4	91961355	92029468	20	-0.3112
deedcd96-88fd-445e-bc6c-085c79a431ab	4	92036400	103279862	6555	0.1706
deedcd96-88fd-445e-bc6c-085c79a431ab	4	103285657	103296945	19	-0.2001
deedcd96-88fd-445e-bc6c-085c79a431ab	4	103298947	105115264	1083	0.1759
deedcd96-88fd-445e-bc6c-085c79a431ab	4	105115388	106676102	893	-0.2281
deedcd96-88fd-445e-bc6c-085c79a431ab	4	106686663	106968403	146	-0.9882
deedcd96-88fd-445e-bc6c-085c79a431ab	4	106969864	106983560	12	-0.2849
deedcd96-88fd-445e-bc6c-085c79a431ab	4	106986217	107147078	107	-0.9918
deedcd96-88fd-445e-bc6c-085c79a431ab	4	107147090	107150455	7	-0.1901
deedcd96-88fd-445e-bc6c-085c79a431ab	4	107150471	107534564	276	-0.9893
deedcd96-88fd-445e-bc6c-085c79a431ab	4	107539124	114254167	4151	-0.2543
deedcd96-88fd-445e-bc6c-085c79a431ab	4	114254188	114261019	22	-0.7764
deedcd96-88fd-445e-bc6c-085c79a431ab	4	114263073	178263123	38831	-0.252
deedcd96-88fd-445e-bc6c-085c79a431ab	4	178263177	178698641	318	-0.391
deedcd96-88fd-445e-bc6c-085c79a431ab	4	178701418	180548167	1354	-0.2629
deedcd96-88fd-445e-bc6c-085c79a431ab	4	180548234	181150932	438	-0.3627
deedcd96-88fd-445e-bc6c-085c79a431ab	4	181152683	181447325	264	-0.2756
deedcd96-88fd-445e-bc6c-085c79a431ab	4	181450944	182056469	528	-1.0933
deedcd96-88fd-445e-bc6c-085c79a431ab	4	182057708	186525787	3128	-0.2796
deedcd96-88fd-445e-bc6c-085c79a431ab	4	186529006	190106768	2299	-1.0394
deedcd96-88fd-445e-bc6c-085c79a431ab	5	15532	30499	8	-0.1467
deedcd96-88fd-445e-bc6c-085c79a431ab	5	30677	71213	20	0.1911
deedcd96-88fd-445e-bc6c-085c79a431ab	5	81322	3361989	2321	0.4992
deedcd96-88fd-445e-bc6c-085c79a431ab	5	3365264	12315625	7591	0.3623
deedcd96-88fd-445e-bc6c-085c79a431ab	5	12318412	12739496	213	0.2202
deedcd96-88fd-445e-bc6c-085c79a431ab	5	12744342	12800777	38	0.3889
deedcd96-88fd-445e-bc6c-085c79a431ab	5	12815668	12826538	11	1.2062
deedcd96-88fd-445e-bc6c-085c79a431ab	5	12833745	21376735	5468	0.3655
deedcd96-88fd-445e-bc6c-085c79a431ab	5	21377730	21377744	2	-1.8396
deedcd96-88fd-445e-bc6c-085c79a431ab	5	21385957	21449110	43	0.3188
deedcd96-88fd-445e-bc6c-085c79a431ab	5	21449167	21452329	6	-1.5849
deedcd96-88fd-445e-bc6c-085c79a431ab	5	21452387	27524345	3532	0.3791
deedcd96-88fd-445e-bc6c-085c79a431ab	5	27525283	27525913	10	-0.9544
deedcd96-88fd-445e-bc6c-085c79a431ab	5	27527372	32106978	3017	0.3796
deedcd96-88fd-445e-bc6c-085c79a431ab	5	32109483	32158349	39	1.129
deedcd96-88fd-445e-bc6c-085c79a431ab	5	32170181	40963768	5825	0.369
deedcd96-88fd-445e-bc6c-085c79a431ab	5	40964455	40964493	2	-1.2751
deedcd96-88fd-445e-bc6c-085c79a431ab	5	40964750	46191782	2518	0.3928
deedcd96-88fd-445e-bc6c-085c79a431ab	5	46195781	46199333	4	1.3386
deedcd96-88fd-445e-bc6c-085c79a431ab	5	46209197	46251204	13	0.4522
deedcd96-88fd-445e-bc6c-085c79a431ab	5	46270906	46273400	8	-2.166
deedcd96-88fd-445e-bc6c-085c79a431ab	5	46278110	46389171	19	0.4869
deedcd96-88fd-445e-bc6c-085c79a431ab	5	50146124	58025819	5056	-0.0431
deedcd96-88fd-445e-bc6c-085c79a431ab	5	58030200	58037706	32	2.5647
deedcd96-88fd-445e-bc6c-085c79a431ab	5	58042530	60475896	1746	-0.042
deedcd96-88fd-445e-bc6c-085c79a431ab	5	60476670	60477652	2	-1.2841
deedcd96-88fd-445e-bc6c-085c79a431ab	5	60484886	62471313	1191	-0.0531
deedcd96-88fd-445e-bc6c-085c79a431ab	5	62472398	62750924	153	0.1326
deedcd96-88fd-445e-bc6c-085c79a431ab	5	62751852	69550476	4206	-0.0553
deedcd96-88fd-445e-bc6c-085c79a431ab	5	69571467	69822308	5	-0.964
deedcd96-88fd-445e-bc6c-085c79a431ab	5	69937600	70959079	12	-0.2423
deedcd96-88fd-445e-bc6c-085c79a431ab	5	71010832	71095358	7	-0.8953
deedcd96-88fd-445e-bc6c-085c79a431ab	5	71095426	84554387	8367	-0.0522
deedcd96-88fd-445e-bc6c-085c79a431ab	5	84557489	95553156	5888	-0.0195
deedcd96-88fd-445e-bc6c-085c79a431ab	5	95554420	97603326	1271	-0.0547
deedcd96-88fd-445e-bc6c-085c79a431ab	5	97608078	104515520	3991	-0.3163
deedcd96-88fd-445e-bc6c-085c79a431ab	5	104524672	104524903	4	1.081
deedcd96-88fd-445e-bc6c-085c79a431ab	5	104525348	108728980	2767	-0.311
deedcd96-88fd-445e-bc6c-085c79a431ab	5	108729413	120923966	8477	-0.2655
deedcd96-88fd-445e-bc6c-085c79a431ab	5	120925252	121111447	131	-0.4268
deedcd96-88fd-445e-bc6c-085c79a431ab	5	121111612	121793804	471	-0.2571
deedcd96-88fd-445e-bc6c-085c79a431ab	5	121797242	121799781	3	-1.6765
deedcd96-88fd-445e-bc6c-085c79a431ab	5	121800431	138590033	10398	-0.2743
deedcd96-88fd-445e-bc6c-085c79a431ab	5	138606642	139377662	346	-0.6176
deedcd96-88fd-445e-bc6c-085c79a431ab	5	139378032	141993800	1220	-0.2951
deedcd96-88fd-445e-bc6c-085c79a431ab	5	141994196	141994638	4	-1.2866
deedcd96-88fd-445e-bc6c-085c79a431ab	5	141995229	172240564	20934	-0.2843
deedcd96-88fd-445e-bc6c-085c79a431ab	5	172243270	173541488	874	-0.6478
deedcd96-88fd-445e-bc6c-085c79a431ab	5	173541977	177771448	2643	-0.3023
deedcd96-88fd-445e-bc6c-085c79a431ab	5	177800550	177805604	3	1.659
deedcd96-88fd-445e-bc6c-085c79a431ab	5	177827964	180947523	1796	-0.3049
deedcd96-88fd-445e-bc6c-085c79a431ab	5	180951710	180987465	14	-0.8979
deedcd96-88fd-445e-bc6c-085c79a431ab	5	180990207	181363319	175	-0.2495
deedcd96-88fd-445e-bc6c-085c79a431ab	6	149661	7377879	5991	0.1753
deedcd96-88fd-445e-bc6c-085c79a431ab	6	7382791	7467077	45	0.428
deedcd96-88fd-445e-bc6c-085c79a431ab	6	7467953	19039888	8744	0.1939
deedcd96-88fd-445e-bc6c-085c79a431ab	6	19041950	19044532	7	-0.533
deedcd96-88fd-445e-bc6c-085c79a431ab	6	19044638	26068338	5073	0.1947
deedcd96-88fd-445e-bc6c-085c79a431ab	6	26072168	26743855	384	0.0979
deedcd96-88fd-445e-bc6c-085c79a431ab	6	26747492	26759781	5	-0.7009
deedcd96-88fd-445e-bc6c-085c79a431ab	6	26831719	27028232	66	0.0689
deedcd96-88fd-445e-bc6c-085c79a431ab	6	27028271	29869411	1352	0.1672
deedcd96-88fd-445e-bc6c-085c79a431ab	6	29869537	29881490	14	-0.9459
deedcd96-88fd-445e-bc6c-085c79a431ab	6	29882419	31313046	664	0.1295
deedcd96-88fd-445e-bc6c-085c79a431ab	6	31318499	31327629	7	-2.2425
deedcd96-88fd-445e-bc6c-085c79a431ab	6	31328176	32462952	497	0.1514
deedcd96-88fd-445e-bc6c-085c79a431ab	6	32463198	32605994	39	-0.3164
deedcd96-88fd-445e-bc6c-085c79a431ab	6	32606237	32656527	26	0.2288
deedcd96-88fd-445e-bc6c-085c79a431ab	6	32656814	32658841	5	-2.1831
deedcd96-88fd-445e-bc6c-085c79a431ab	6	32682835	46160123	8585	0.1596
deedcd96-88fd-445e-bc6c-085c79a431ab	6	46161057	48657639	1621	0.2023
deedcd96-88fd-445e-bc6c-085c79a431ab	6	48659194	48659866	4	-0.6556
deedcd96-88fd-445e-bc6c-085c79a431ab	6	48661549	51931350	1945	0.2382
deedcd96-88fd-445e-bc6c-085c79a431ab	6	51932239	54066286	1549	0.1931
deedcd96-88fd-445e-bc6c-085c79a431ab	6	54066353	54067057	7	-0.8274
deedcd96-88fd-445e-bc6c-085c79a431ab	6	54070550	57341496	1978	0.2189
deedcd96-88fd-445e-bc6c-085c79a431ab	6	57341687	63722523	1765	0.1576
deedcd96-88fd-445e-bc6c-085c79a431ab	6	63722961	64627049	483	0.2032
deedcd96-88fd-445e-bc6c-085c79a431ab	6	64637651	64639099	2	1.3908
deedcd96-88fd-445e-bc6c-085c79a431ab	6	64640883	66327661	1136	0.1925
deedcd96-88fd-445e-bc6c-085c79a431ab	6	66328128	66333299	9	-0.3709
deedcd96-88fd-445e-bc6c-085c79a431ab	6	66333342	69227925	2011	0.2174
deedcd96-88fd-445e-bc6c-085c79a431ab	6	69228285	69231195	6	-0.5364
deedcd96-88fd-445e-bc6c-085c79a431ab	6	69231390	73175127	2587	0.1944
deedcd96-88fd-445e-bc6c-085c79a431ab	6	73175498	73882509	412	0.1636
deedcd96-88fd-445e-bc6c-085c79a431ab	6	73882741	73891694	9	-2.4063
deedcd96-88fd-445e-bc6c-085c79a431ab	6	73893839	75692169	1107	0.1996
deedcd96-88fd-445e-bc6c-085c79a431ab	6	75699234	78262117	1669	0.0069
deedcd96-88fd-445e-bc6c-085c79a431ab	6	78262371	78325468	106	0.2507
deedcd96-88fd-445e-bc6c-085c79a431ab	6	78329517	85084923	4341	0.0006
deedcd96-88fd-445e-bc6c-085c79a431ab	6	85086530	91407103	3933	-0.0368
deedcd96-88fd-445e-bc6c-085c79a431ab	6	91412803	93772923	1638	-0.0042
deedcd96-88fd-445e-bc6c-085c79a431ab	6	93776524	94953395	773	-0.1102
deedcd96-88fd-445e-bc6c-085c79a431ab	6	94955213	101472630	3714	-0.0034
deedcd96-88fd-445e-bc6c-085c79a431ab	6	101479172	101491613	8	-0.6936
deedcd96-88fd-445e-bc6c-085c79a431ab	6	101496448	103286954	1071	-0.0118
deedcd96-88fd-445e-bc6c-085c79a431ab	6	103290101	103314186	46	0.5711
deedcd96-88fd-445e-bc6c-085c79a431ab	6	103317795	104356321	664	-0.0182
deedcd96-88fd-445e-bc6c-085c79a431ab	6	104357313	104358576	3	-1.0254
deedcd96-88fd-445e-bc6c-085c79a431ab	6	104358665	106641414	1496	-0.0285
deedcd96-88fd-445e-bc6c-085c79a431ab	6	106642739	106683933	22	0.2756
deedcd96-88fd-445e-bc6c-085c79a431ab	6	106688726	112540586	3549	0.3809
deedcd96-88fd-445e-bc6c-085c79a431ab	6	112547708	112552088	8	1.2629
deedcd96-88fd-445e-bc6c-085c79a431ab	6	112555560	129148668	10012	0.4062
deedcd96-88fd-445e-bc6c-085c79a431ab	6	129148857	129279378	85	0.7291
deedcd96-88fd-445e-bc6c-085c79a431ab	6	129279817	129291479	11	0.3556
deedcd96-88fd-445e-bc6c-085c79a431ab	6	129296656	129305105	13	0.7166
deedcd96-88fd-445e-bc6c-085c79a431ab	6	129307197	130131975	598	0.3852
deedcd96-88fd-445e-bc6c-085c79a431ab	6	130133179	130133694	2	-0.7893
deedcd96-88fd-445e-bc6c-085c79a431ab	6	130136217	133945130	2620	0.3928
deedcd96-88fd-445e-bc6c-085c79a431ab	6	133947933	133948494	2	-1.9395
deedcd96-88fd-445e-bc6c-085c79a431ab	6	133950934	134403894	303	0.3768
deedcd96-88fd-445e-bc6c-085c79a431ab	6	134405535	155143430	13907	0.6946
deedcd96-88fd-445e-bc6c-085c79a431ab	6	155148052	155160442	10	0.4358
deedcd96-88fd-445e-bc6c-085c79a431ab	6	155161170	156813546	1226	-0.0359
deedcd96-88fd-445e-bc6c-085c79a431ab	6	156822593	157001865	136	-0.3091
deedcd96-88fd-445e-bc6c-085c79a431ab	6	157004170	163182438	4288	-0.0514
deedcd96-88fd-445e-bc6c-085c79a431ab	6	163188239	163836593	504	-0.6743
deedcd96-88fd-445e-bc6c-085c79a431ab	6	163837237	170741917	4722	-0.0535
deedcd96-88fd-445e-bc6c-085c79a431ab	7	43355	53714	14	-0.1412
deedcd96-88fd-445e-bc6c-085c79a431ab	7	53998	8710971	4991	0.109
deedcd96-88fd-445e-bc6c-085c79a431ab	7	8711802	8712213	5	-0.7303
deedcd96-88fd-445e-bc6c-085c79a431ab	7	8713459	9148385	406	0.0526
deedcd96-88fd-445e-bc6c-085c79a431ab	7	9151992	9722725	451	0.1608
deedcd96-88fd-445e-bc6c-085c79a431ab	7	9725634	10077893	275	0.0441
deedcd96-88fd-445e-bc6c-085c79a431ab	7	10079321	15392007	4242	0.1522
deedcd96-88fd-445e-bc6c-085c79a431ab	7	15392045	15393664	2	-1.4585
deedcd96-88fd-445e-bc6c-085c79a431ab	7	15394440	18871438	2746	0.1492
deedcd96-88fd-445e-bc6c-085c79a431ab	7	18871527	23700176	3810	0.1225
deedcd96-88fd-445e-bc6c-085c79a431ab	7	23704552	29648549	4503	0.1833
deedcd96-88fd-445e-bc6c-085c79a431ab	7	29650069	29650443	2	-0.9972
deedcd96-88fd-445e-bc6c-085c79a431ab	7	29651467	38258721	5930	0.1875
deedcd96-88fd-445e-bc6c-085c79a431ab	7	38263519	38286616	20	0.4099
deedcd96-88fd-445e-bc6c-085c79a431ab	7	38286633	38288684	7	0.8484
deedcd96-88fd-445e-bc6c-085c79a431ab	7	38288895	38361356	95	0.3608
deedcd96-88fd-445e-bc6c-085c79a431ab	7	38362895	48541346	6736	0.1828
deedcd96-88fd-445e-bc6c-085c79a431ab	7	48542256	48552429	8	-0.8452
deedcd96-88fd-445e-bc6c-085c79a431ab	7	48560583	63232865	6572	0.1804
deedcd96-88fd-445e-bc6c-085c79a431ab	7	63234745	63510457	23	-0.0564
deedcd96-88fd-445e-bc6c-085c79a431ab	7	63523944	67407515	1491	0.1375
deedcd96-88fd-445e-bc6c-085c79a431ab	7	67415778	69450883	1419	0.069
deedcd96-88fd-445e-bc6c-085c79a431ab	7	69450999	69745537	138	0.3737
deedcd96-88fd-445e-bc6c-085c79a431ab	7	69754018	70955452	739	0.1
deedcd96-88fd-445e-bc6c-085c79a431ab	7	70958264	70961155	2	-1.9406
deedcd96-88fd-445e-bc6c-085c79a431ab	7	70963257	76524031	2143	0.0772
deedcd96-88fd-445e-bc6c-085c79a431ab	7	76524046	76532105	5	-0.7543
deedcd96-88fd-445e-bc6c-085c79a431ab	7	76550397	78131630	801	0.0808
deedcd96-88fd-445e-bc6c-085c79a431ab	7	78132266	88529003	6803	0.1231
deedcd96-88fd-445e-bc6c-085c79a431ab	7	88533510	89576957	716	0.0275
deedcd96-88fd-445e-bc6c-085c79a431ab	7	89579887	89920693	195	-0.1496
deedcd96-88fd-445e-bc6c-085c79a431ab	7	89927713	90046510	102	0.0096
deedcd96-88fd-445e-bc6c-085c79a431ab	7	90046878	97994868	5066	0.1209
deedcd96-88fd-445e-bc6c-085c79a431ab	7	97995218	98710150	355	0.0436
deedcd96-88fd-445e-bc6c-085c79a431ab	7	98711713	99023680	148	0.1678
deedcd96-88fd-445e-bc6c-085c79a431ab	7	99023692	101317674	889	0.0347
deedcd96-88fd-445e-bc6c-085c79a431ab	7	101318147	101494033	80	0.2908
deedcd96-88fd-445e-bc6c-085c79a431ab	7	101498586	102708738	474	0.0491
deedcd96-88fd-445e-bc6c-085c79a431ab	7	102715075	102716955	4	-0.7152
deedcd96-88fd-445e-bc6c-085c79a431ab	7	102732564	103349855	263	0.0752
deedcd96-88fd-445e-bc6c-085c79a431ab	7	103349936	106564630	2244	0.1082
deedcd96-88fd-445e-bc6c-085c79a431ab	7	106564714	106756521	130	-0.1101
deedcd96-88fd-445e-bc6c-085c79a431ab	7	106757707	109789993	1896	0.107
deedcd96-88fd-445e-bc6c-085c79a431ab	7	109793690	109801155	28	-0.2132
deedcd96-88fd-445e-bc6c-085c79a431ab	7	109801187	118627583	5414	0.1064
deedcd96-88fd-445e-bc6c-085c79a431ab	7	118627850	125690957	4123	-0.085
deedcd96-88fd-445e-bc6c-085c79a431ab	7	125694572	134100442	5220	-0.1195
deedcd96-88fd-445e-bc6c-085c79a431ab	7	134100458	134105690	22	-1.8431
deedcd96-88fd-445e-bc6c-085c79a431ab	7	134110881	134114444	12	-0.5958
deedcd96-88fd-445e-bc6c-085c79a431ab	7	134121491	135451971	1002	-0.0983
deedcd96-88fd-445e-bc6c-085c79a431ab	7	135457003	135457785	4	-1.0389
deedcd96-88fd-445e-bc6c-085c79a431ab	7	135458334	140404984	3048	-0.1071
deedcd96-88fd-445e-bc6c-085c79a431ab	7	140408194	140414747	4	-1.0166
deedcd96-88fd-445e-bc6c-085c79a431ab	7	140419019	142069843	1135	-0.1007
deedcd96-88fd-445e-bc6c-085c79a431ab	7	142069880	142090177	28	-0.7427
deedcd96-88fd-445e-bc6c-085c79a431ab	7	142090279	144199159	1207	-0.1088
deedcd96-88fd-445e-bc6c-085c79a431ab	7	144207186	144295437	9	0.9005
deedcd96-88fd-445e-bc6c-085c79a431ab	7	144306653	154598185	6415	-0.12
deedcd96-88fd-445e-bc6c-085c79a431ab	7	154601461	154607903	4	-2.13
deedcd96-88fd-445e-bc6c-085c79a431ab	7	154609120	159334314	3233	-0.1407
deedcd96-88fd-445e-bc6c-085c79a431ab	8	81254	4144670	3698	0.0252
deedcd96-88fd-445e-bc6c-085c79a431ab	8	4144685	4144794	3	-1.4277
deedcd96-88fd-445e-bc6c-085c79a431ab	8	4145131	4145783	10	0.1924
deedcd96-88fd-445e-bc6c-085c79a431ab	8	4145941	4145956	2	-3.4284
deedcd96-88fd-445e-bc6c-085c79a431ab	8	4146039	5736745	2289	0.0119
deedcd96-88fd-445e-bc6c-085c79a431ab	8	5741204	5749634	29	-0.6745
deedcd96-88fd-445e-bc6c-085c79a431ab	8	5749692	6069110	402	0.0035
deedcd96-88fd-445e-bc6c-085c79a431ab	8	6069330	6302426	391	0.1291
deedcd96-88fd-445e-bc6c-085c79a431ab	8	6302515	6302549	2	-1.7423
deedcd96-88fd-445e-bc6c-085c79a431ab	8	6304046	7312952	905	0.0466
deedcd96-88fd-445e-bc6c-085c79a431ab	8	7329110	7329124	2	1.631
deedcd96-88fd-445e-bc6c-085c79a431ab	8	7336299	7380381	19	-0.0116
deedcd96-88fd-445e-bc6c-085c79a431ab	8	7380497	7455757	9	-1.1739
deedcd96-88fd-445e-bc6c-085c79a431ab	8	7457047	7886542	14	-0.2126
deedcd96-88fd-445e-bc6c-085c79a431ab	8	7888457	7890177	4	0.7972
deedcd96-88fd-445e-bc6c-085c79a431ab	8	7919608	9196404	910	-0.1423
deedcd96-88fd-445e-bc6c-085c79a431ab	8	9198857	9205016	28	-0.725
deedcd96-88fd-445e-bc6c-085c79a431ab	8	9205517	10819425	1398	-0.1543
deedcd96-88fd-445e-bc6c-085c79a431ab	8	10821989	12142800	910	0.0341
deedcd96-88fd-445e-bc6c-085c79a431ab	8	12143614	13745967	1097	-0.1847
deedcd96-88fd-445e-bc6c-085c79a431ab	8	13752159	13762915	35	-0.4431
deedcd96-88fd-445e-bc6c-085c79a431ab	8	13774372	15352091	1487	-0.1389
deedcd96-88fd-445e-bc6c-085c79a431ab	8	15354968	15458073	93	-0.4285
deedcd96-88fd-445e-bc6c-085c79a431ab	8	15458233	16191042	700	-0.1485
deedcd96-88fd-445e-bc6c-085c79a431ab	8	16192747	16192765	2	-1.2962
deedcd96-88fd-445e-bc6c-085c79a431ab	8	16194000	16270786	50	-0.1337
deedcd96-88fd-445e-bc6c-085c79a431ab	8	16272941	19379206	2812	0.0644
deedcd96-88fd-445e-bc6c-085c79a431ab	8	19379568	22345921	2331	0.0186
deedcd96-88fd-445e-bc6c-085c79a431ab	8	22346699	22471019	67	0.21
deedcd96-88fd-445e-bc6c-085c79a431ab	8	22477097	23606013	700	0.0126
deedcd96-88fd-445e-bc6c-085c79a431ab	8	23606310	25116928	1084	0.0542
deedcd96-88fd-445e-bc6c-085c79a431ab	8	25116961	25126818	26	-2.3199
deedcd96-88fd-445e-bc6c-085c79a431ab	8	25133589	25215502	59	0.1468
deedcd96-88fd-445e-bc6c-085c79a431ab	8	25217432	34651036	6405	0.0578
deedcd96-88fd-445e-bc6c-085c79a431ab	8	34651284	39373140	2557	0.1242
deedcd96-88fd-445e-bc6c-085c79a431ab	8	39378084	39529446	58	-1.9501
deedcd96-88fd-445e-bc6c-085c79a431ab	8	39530780	42029956	1762	0.1233
deedcd96-88fd-445e-bc6c-085c79a431ab	8	42038820	43559012	760	-0.0961
deedcd96-88fd-445e-bc6c-085c79a431ab	8	43561596	43862525	51	0.0609
deedcd96-88fd-445e-bc6c-085c79a431ab	8	43869321	68911202	13863	0.1914
deedcd96-88fd-445e-bc6c-085c79a431ab	8	68911738	88836362	11848	0.5514
deedcd96-88fd-445e-bc6c-085c79a431ab	8	88836964	89814895	674	0.2056
deedcd96-88fd-445e-bc6c-085c79a431ab	8	89816829	91637324	1027	0.5362
deedcd96-88fd-445e-bc6c-085c79a431ab	8	91637543	92007424	244	0.4616
deedcd96-88fd-445e-bc6c-085c79a431ab	8	92007733	92007846	3	-0.219
deedcd96-88fd-445e-bc6c-085c79a431ab	8	92007901	92216412	128	0.4466
deedcd96-88fd-445e-bc6c-085c79a431ab	8	92225087	102980362	6664	0.5451
deedcd96-88fd-445e-bc6c-085c79a431ab	8	102982683	102983595	2	-2.8986
deedcd96-88fd-445e-bc6c-085c79a431ab	8	102985207	111279265	4991	0.5547
deedcd96-88fd-445e-bc6c-085c79a431ab	8	111282050	111283031	10	-0.3903
deedcd96-88fd-445e-bc6c-085c79a431ab	8	111288052	119139771	4969	0.5652
deedcd96-88fd-445e-bc6c-085c79a431ab	8	119142545	119147207	4	-3.0351
deedcd96-88fd-445e-bc6c-085c79a431ab	8	119150615	139591259	15290	0.5382
deedcd96-88fd-445e-bc6c-085c79a431ab	8	139592093	139592379	3	1.7434
deedcd96-88fd-445e-bc6c-085c79a431ab	8	139592400	145072769	2656	0.5324
deedcd96-88fd-445e-bc6c-085c79a431ab	9	46587	606699	508	-0.2383
deedcd96-88fd-445e-bc6c-085c79a431ab	9	606844	607307	4	0.7076
deedcd96-88fd-445e-bc6c-085c79a431ab	9	607519	1446459	946	-0.2669
deedcd96-88fd-445e-bc6c-085c79a431ab	9	1446987	1454200	15	-0.7863
deedcd96-88fd-445e-bc6c-085c79a431ab	9	1455409	6270908	4591	-0.2519
deedcd96-88fd-445e-bc6c-085c79a431ab	9	6273309	6868350	434	-0.1614
deedcd96-88fd-445e-bc6c-085c79a431ab	9	6869665	22492890	13348	-0.2627
deedcd96-88fd-445e-bc6c-085c79a431ab	9	22501914	22502700	2	1.1638
deedcd96-88fd-445e-bc6c-085c79a431ab	9	22509341	23361807	581	-0.2266
deedcd96-88fd-445e-bc6c-085c79a431ab	9	23363117	23373486	8	-0.9474
deedcd96-88fd-445e-bc6c-085c79a431ab	9	23378490	30419944	5277	-0.2599
deedcd96-88fd-445e-bc6c-085c79a431ab	9	30420468	30563368	88	-0.7427
deedcd96-88fd-445e-bc6c-085c79a431ab	9	30564599	39138124	5344	-0.2685
deedcd96-88fd-445e-bc6c-085c79a431ab	9	39140235	39807498	43	0.0408
deedcd96-88fd-445e-bc6c-085c79a431ab	9	39827488	40099921	6	0.7306
deedcd96-88fd-445e-bc6c-085c79a431ab	9	40189830	41569585	70	-0.0129
deedcd96-88fd-445e-bc6c-085c79a431ab	9	41569586	41666811	22	-0.4737
deedcd96-88fd-445e-bc6c-085c79a431ab	9	41703463	42585140	44	0.1016
deedcd96-88fd-445e-bc6c-085c79a431ab	9	42697878	42727685	13	-0.5409
deedcd96-88fd-445e-bc6c-085c79a431ab	9	42729302	61405110	41	-0.0233
deedcd96-88fd-445e-bc6c-085c79a431ab	9	61520021	61629689	28	1.1368
deedcd96-88fd-445e-bc6c-085c79a431ab	9	61633080	63590323	44	-0.1633
deedcd96-88fd-445e-bc6c-085c79a431ab	9	63590325	65947360	88	0.0636
deedcd96-88fd-445e-bc6c-085c79a431ab	9	66007200	108836690	28792	-0.2797
deedcd96-88fd-445e-bc6c-085c79a431ab	9	108839038	123744638	11144	0.2158
deedcd96-88fd-445e-bc6c-085c79a431ab	9	123745234	129687686	3320	0.5339
deedcd96-88fd-445e-bc6c-085c79a431ab	9	129690057	129736742	21	0.0945
deedcd96-88fd-445e-bc6c-085c79a431ab	9	129736790	130102241	220	0.5015
deedcd96-88fd-445e-bc6c-085c79a431ab	9	130106195	136214094	3786	0.1723
deedcd96-88fd-445e-bc6c-085c79a431ab	9	136221312	136456760	64	-0.3628
deedcd96-88fd-445e-bc6c-085c79a431ab	9	136462046	137275916	193	0.1524
deedcd96-88fd-445e-bc6c-085c79a431ab	9	137286284	137286808	2	-1.2273
deedcd96-88fd-445e-bc6c-085c79a431ab	9	137294216	137335994	12	0.183
deedcd96-88fd-445e-bc6c-085c79a431ab	9	137339754	137361381	12	0.6439
deedcd96-88fd-445e-bc6c-085c79a431ab	9	137378551	138177488	402	0.181
deedcd96-88fd-445e-bc6c-085c79a431ab	9	138180185	138200944	5	-0.0867
deedcd96-88fd-445e-bc6c-085c79a431ab	10	45792	58307	3	-0.0496
deedcd96-88fd-445e-bc6c-085c79a431ab	10	63977	8235465	7083	0.5154
deedcd96-88fd-445e-bc6c-085c79a431ab	10	8236404	9689341	1218	0.5828
deedcd96-88fd-445e-bc6c-085c79a431ab	10	9690295	10023234	232	0.5425
deedcd96-88fd-445e-bc6c-085c79a431ab	10	10023280	10023717	2	-0.6434
deedcd96-88fd-445e-bc6c-085c79a431ab	10	10023719	13007885	2378	0.5199
deedcd96-88fd-445e-bc6c-085c79a431ab	10	13008005	13008170	5	-0.5157
deedcd96-88fd-445e-bc6c-085c79a431ab	10	13008428	17659538	3863	0.5097
deedcd96-88fd-445e-bc6c-085c79a431ab	10	17664121	17664149	2	-1.116
deedcd96-88fd-445e-bc6c-085c79a431ab	10	17665872	20844253	2483	0.5277
deedcd96-88fd-445e-bc6c-085c79a431ab	10	20846501	20846719	2	-1.6602
deedcd96-88fd-445e-bc6c-085c79a431ab	10	20847515	24086334	1930	0.5435
deedcd96-88fd-445e-bc6c-085c79a431ab	10	24088745	24088989	8	-0.0926
deedcd96-88fd-445e-bc6c-085c79a431ab	10	24088991	24234892	113	0.542
deedcd96-88fd-445e-bc6c-085c79a431ab	10	24235760	24403260	145	0.3637
deedcd96-88fd-445e-bc6c-085c79a431ab	10	24404642	27290867	1936	0.517
deedcd96-88fd-445e-bc6c-085c79a431ab	10	27291041	27308509	4	1.3549
deedcd96-88fd-445e-bc6c-085c79a431ab	10	27318256	33671910	4650	0.5472
deedcd96-88fd-445e-bc6c-085c79a431ab	10	33674094	33674225	2	-0.5728
deedcd96-88fd-445e-bc6c-085c79a431ab	10	33677193	34882735	828	0.5601
deedcd96-88fd-445e-bc6c-085c79a431ab	10	34884771	35006430	74	0.7907
deedcd96-88fd-445e-bc6c-085c79a431ab	10	35006503	38781690	2111	0.5496
deedcd96-88fd-445e-bc6c-085c79a431ab	10	38783075	45817039	2379	0.1662
deedcd96-88fd-445e-bc6c-085c79a431ab	10	45936113	45998155	2	-1.0315
deedcd96-88fd-445e-bc6c-085c79a431ab	10	45999975	46442116	228	0.13
deedcd96-88fd-445e-bc6c-085c79a431ab	10	46446814	46967412	63	-0.6415
deedcd96-88fd-445e-bc6c-085c79a431ab	10	47002596	47724261	294	0.0728
deedcd96-88fd-445e-bc6c-085c79a431ab	10	47729691	48173568	12	-0.5221
deedcd96-88fd-445e-bc6c-085c79a431ab	10	48179571	48763324	474	0.0752
deedcd96-88fd-445e-bc6c-085c79a431ab	10	48764542	49556616	668	0.153
deedcd96-88fd-445e-bc6c-085c79a431ab	10	49560186	49792548	154	0.0896
deedcd96-88fd-445e-bc6c-085c79a431ab	10	49796090	49799854	3	-0.6477
deedcd96-88fd-445e-bc6c-085c79a431ab	10	49802527	50070600	74	0.0946
deedcd96-88fd-445e-bc6c-085c79a431ab	10	50081224	50132160	4	-2.3028
deedcd96-88fd-445e-bc6c-085c79a431ab	10	50144008	54920517	3640	0.1244
deedcd96-88fd-445e-bc6c-085c79a431ab	10	54923330	54932839	6	-1.0227
deedcd96-88fd-445e-bc6c-085c79a431ab	10	54935658	67797713	8959	0.1143
deedcd96-88fd-445e-bc6c-085c79a431ab	10	67797759	74174830	3836	0.0773
deedcd96-88fd-445e-bc6c-085c79a431ab	10	74175606	80480816	4223	0.1145
deedcd96-88fd-445e-bc6c-085c79a431ab	10	80482174	85837150	4028	0.3216
deedcd96-88fd-445e-bc6c-085c79a431ab	10	85842208	85846036	3	-0.0763
deedcd96-88fd-445e-bc6c-085c79a431ab	10	85846375	87868551	1088	-0.2962
deedcd96-88fd-445e-bc6c-085c79a431ab	10	87868764	88011648	226	-0.1745
deedcd96-88fd-445e-bc6c-085c79a431ab	10	88014821	92079412	2808	-0.2912
deedcd96-88fd-445e-bc6c-085c79a431ab	10	92080419	92677094	250	-0.148
deedcd96-88fd-445e-bc6c-085c79a431ab	10	92677245	93850358	805	-0.2999
deedcd96-88fd-445e-bc6c-085c79a431ab	10	93851221	94481912	364	-0.3925
deedcd96-88fd-445e-bc6c-085c79a431ab	10	94482831	94736094	104	-0.3061
deedcd96-88fd-445e-bc6c-085c79a431ab	10	94738139	95213132	246	-0.2054
deedcd96-88fd-445e-bc6c-085c79a431ab	10	95219126	95563875	261	-0.3244
deedcd96-88fd-445e-bc6c-085c79a431ab	10	95565492	95565538	2	-1.936
deedcd96-88fd-445e-bc6c-085c79a431ab	10	95568254	98695021	2084	-0.3085
deedcd96-88fd-445e-bc6c-085c79a431ab	10	98695337	99297642	334	-0.2183
deedcd96-88fd-445e-bc6c-085c79a431ab	10	99299328	104064593	2516	-0.3088
deedcd96-88fd-445e-bc6c-085c79a431ab	10	104065303	108399337	3305	-0.374
deedcd96-88fd-445e-bc6c-085c79a431ab	10	108400393	108437062	39	-0.2564
deedcd96-88fd-445e-bc6c-085c79a431ab	10	108437201	109235062	548	0.0819
deedcd96-88fd-445e-bc6c-085c79a431ab	10	109237272	116990229	5349	-0.3956
deedcd96-88fd-445e-bc6c-085c79a431ab	10	116993312	117040702	22	0.0756
deedcd96-88fd-445e-bc6c-085c79a431ab	10	117041347	117102763	37	-0.4252
deedcd96-88fd-445e-bc6c-085c79a431ab	10	117104228	118121183	752	0.0506
deedcd96-88fd-445e-bc6c-085c79a431ab	10	118121932	119594063	982	-0.4102
deedcd96-88fd-445e-bc6c-085c79a431ab	10	119594449	133654968	10447	0.0182
deedcd96-88fd-445e-bc6c-085c79a431ab	11	198510	313923	65	-0.3592
deedcd96-88fd-445e-bc6c-085c79a431ab	11	324880	445389	34	0.0123
deedcd96-88fd-445e-bc6c-085c79a431ab	11	450189	3465494	1198	-0.3466
deedcd96-88fd-445e-bc6c-085c79a431ab	11	3466435	3467311	3	-2.4275
deedcd96-88fd-445e-bc6c-085c79a431ab	11	3485296	4251232	450	-0.2904
deedcd96-88fd-445e-bc6c-085c79a431ab	11	4251928	4314648	14	0.136
deedcd96-88fd-445e-bc6c-085c79a431ab	11	4314837	4947280	657	-0.3031
deedcd96-88fd-445e-bc6c-085c79a431ab	11	4949013	4954475	27	0.2693
deedcd96-88fd-445e-bc6c-085c79a431ab	11	4955027	16546659	8662	-0.2927
deedcd96-88fd-445e-bc6c-085c79a431ab	11	16546870	16908467	231	0.1248
deedcd96-88fd-445e-bc6c-085c79a431ab	11	16908483	18071054	791	-0.2893
deedcd96-88fd-445e-bc6c-085c79a431ab	11	18072696	18078182	3	-1.2776
deedcd96-88fd-445e-bc6c-085c79a431ab	11	18079027	19210963	804	-0.2921
deedcd96-88fd-445e-bc6c-085c79a431ab	11	19211262	26300104	5636	0.1344
deedcd96-88fd-445e-bc6c-085c79a431ab	11	26302572	27657989	971	-0.2639
deedcd96-88fd-445e-bc6c-085c79a431ab	11	27658115	28992774	745	0.1462
deedcd96-88fd-445e-bc6c-085c79a431ab	11	28996017	31338769	1502	-0.279
deedcd96-88fd-445e-bc6c-085c79a431ab	11	31341104	31371747	15	0.1701
deedcd96-88fd-445e-bc6c-085c79a431ab	11	31372721	31376660	3	-1.4554
deedcd96-88fd-445e-bc6c-085c79a431ab	11	31377185	32175387	501	0.1241
deedcd96-88fd-445e-bc6c-085c79a431ab	11	32175774	32470149	307	-0.3311
deedcd96-88fd-445e-bc6c-085c79a431ab	11	32471444	36970498	3434	0.1221
deedcd96-88fd-445e-bc6c-085c79a431ab	11	36972196	42791601	3849	-0.271
deedcd96-88fd-445e-bc6c-085c79a431ab	11	42794936	42796489	2	-1.8503
deedcd96-88fd-445e-bc6c-085c79a431ab	11	42799053	43140667	270	-0.2563
deedcd96-88fd-445e-bc6c-085c79a431ab	11	43140674	43147103	7	-0.999
deedcd96-88fd-445e-bc6c-085c79a431ab	11	43151828	48576870	3126	-0.3066
deedcd96-88fd-445e-bc6c-085c79a431ab	11	48579882	48581124	2	1.5362
deedcd96-88fd-445e-bc6c-085c79a431ab	11	48584766	49115047	179	-0.1921
deedcd96-88fd-445e-bc6c-085c79a431ab	11	49117218	49768442	307	0.1456
deedcd96-88fd-445e-bc6c-085c79a431ab	11	49774918	49875729	50	-0.1109
deedcd96-88fd-445e-bc6c-085c79a431ab	11	49878492	55608804	650	0.129
deedcd96-88fd-445e-bc6c-085c79a431ab	11	55609022	55685501	50	0.4246
deedcd96-88fd-445e-bc6c-085c79a431ab	11	55685533	60782697	3118	0.1208
deedcd96-88fd-445e-bc6c-085c79a431ab	11	60788745	60955802	110	-0.3336
deedcd96-88fd-445e-bc6c-085c79a431ab	11	60957416	65129981	1993	0.0919
deedcd96-88fd-445e-bc6c-085c79a431ab	11	65131951	65906792	315	0.2124
deedcd96-88fd-445e-bc6c-085c79a431ab	11	65906895	70250039	1987	0.0813
deedcd96-88fd-445e-bc6c-085c79a431ab	11	70250479	70575692	169	0.4519
deedcd96-88fd-445e-bc6c-085c79a431ab	11	70578838	70860010	190	0.0911
deedcd96-88fd-445e-bc6c-085c79a431ab	11	70869257	72469165	775	0.4249
deedcd96-88fd-445e-bc6c-085c79a431ab	11	72470205	72794770	166	0.0407
deedcd96-88fd-445e-bc6c-085c79a431ab	11	72799316	73906620	519	0.3922
deedcd96-88fd-445e-bc6c-085c79a431ab	11	73908704	74672936	441	0.1207
deedcd96-88fd-445e-bc6c-085c79a431ab	11	74673542	75055697	200	0.4464
deedcd96-88fd-445e-bc6c-085c79a431ab	11	75066068	75154225	61	0.0649
deedcd96-88fd-445e-bc6c-085c79a431ab	11	75154671	76720718	873	-0.332
deedcd96-88fd-445e-bc6c-085c79a431ab	11	76721962	78198832	777	0.1187
deedcd96-88fd-445e-bc6c-085c79a431ab	11	78201663	80516084	1820	-0.3024
deedcd96-88fd-445e-bc6c-085c79a431ab	11	80516947	101093842	14575	-0.2716
deedcd96-88fd-445e-bc6c-085c79a431ab	11	101093852	101093868	2	-1.8359
deedcd96-88fd-445e-bc6c-085c79a431ab	11	101093884	101283945	162	-0.2475
deedcd96-88fd-445e-bc6c-085c79a431ab	11	101284141	101285740	3	-1.3225
deedcd96-88fd-445e-bc6c-085c79a431ab	11	101285770	101814008	395	-0.2315
deedcd96-88fd-445e-bc6c-085c79a431ab	11	101814935	101815093	3	-1.4097
deedcd96-88fd-445e-bc6c-085c79a431ab	11	101816999	111553003	6454	-0.2712
deedcd96-88fd-445e-bc6c-085c79a431ab	11	111554380	135074876	17198	-0.3032
deedcd96-88fd-445e-bc6c-085c79a431ab	12	51460	1350579	759	0.1573
deedcd96-88fd-445e-bc6c-085c79a431ab	12	1352272	1476910	76	0.2647
deedcd96-88fd-445e-bc6c-085c79a431ab	12	1477680	1486297	13	-0.0576
deedcd96-88fd-445e-bc6c-085c79a431ab	12	1488547	1719850	137	0.2779
deedcd96-88fd-445e-bc6c-085c79a431ab	12	1721777	7810616	4372	0.135
deedcd96-88fd-445e-bc6c-085c79a431ab	12	7811260	7942938	50	0.3695
deedcd96-88fd-445e-bc6c-085c79a431ab	12	7944121	9481274	770	0.133
deedcd96-88fd-445e-bc6c-085c79a431ab	12	9485313	9582373	24	1.1977
deedcd96-88fd-445e-bc6c-085c79a431ab	12	9582374	11068125	1037	0.1576
deedcd96-88fd-445e-bc6c-085c79a431ab	12	11070111	11088933	9	-1.1085
deedcd96-88fd-445e-bc6c-085c79a431ab	12	11099275	27941830	11709	0.163
deedcd96-88fd-445e-bc6c-085c79a431ab	12	27941988	27944664	11	-0.8838
deedcd96-88fd-445e-bc6c-085c79a431ab	12	27944711	30082488	1541	0.1809
deedcd96-88fd-445e-bc6c-085c79a431ab	12	30082648	30091000	27	-0.3819
deedcd96-88fd-445e-bc6c-085c79a431ab	12	30091017	45512057	7871	0.1585
deedcd96-88fd-445e-bc6c-085c79a431ab	12	45514957	45515754	2	-3.0562
deedcd96-88fd-445e-bc6c-085c79a431ab	12	45519509	48331259	1718	0.169
deedcd96-88fd-445e-bc6c-085c79a431ab	12	48331456	48331632	3	1.153
deedcd96-88fd-445e-bc6c-085c79a431ab	12	48336253	48564993	141	0.1789
deedcd96-88fd-445e-bc6c-085c79a431ab	12	48570577	57808636	4996	0.1299
deedcd96-88fd-445e-bc6c-085c79a431ab	12	57809464	64473558	4229	0.1868
deedcd96-88fd-445e-bc6c-085c79a431ab	12	64480045	77703645	8728	0.1618
deedcd96-88fd-445e-bc6c-085c79a431ab	12	77703875	86479785	5374	0.1847
deedcd96-88fd-445e-bc6c-085c79a431ab	12	86480902	86488178	8	-0.4388
deedcd96-88fd-445e-bc6c-085c79a431ab	12	86496238	98572102	8010	0.1669
deedcd96-88fd-445e-bc6c-085c79a431ab	12	98573078	98719780	84	-0.0225
deedcd96-88fd-445e-bc6c-085c79a431ab	12	98724242	99398036	416	0.1774
deedcd96-88fd-445e-bc6c-085c79a431ab	12	99401515	99404956	31	-0.409
deedcd96-88fd-445e-bc6c-085c79a431ab	12	99409315	100543058	617	0.19
deedcd96-88fd-445e-bc6c-085c79a431ab	12	100544432	109248104	6059	0.3539
deedcd96-88fd-445e-bc6c-085c79a431ab	12	109248916	112628305	1730	0.2928
deedcd96-88fd-445e-bc6c-085c79a431ab	12	112632360	120228058	5630	0.3492
deedcd96-88fd-445e-bc6c-085c79a431ab	12	120228275	122970879	1259	0.2804
deedcd96-88fd-445e-bc6c-085c79a431ab	12	122994180	123673376	273	0.32
deedcd96-88fd-445e-bc6c-085c79a431ab	12	123673391	123697273	18	0.6595
deedcd96-88fd-445e-bc6c-085c79a431ab	12	123697468	125508672	1171	0.3374
deedcd96-88fd-445e-bc6c-085c79a431ab	12	125514984	125515122	2	-1.3886
deedcd96-88fd-445e-bc6c-085c79a431ab	12	125515339	130277706	4283	0.3323
deedcd96-88fd-445e-bc6c-085c79a431ab	12	130278459	130279362	2	-1.7363
deedcd96-88fd-445e-bc6c-085c79a431ab	12	130280395	131636170	1107	0.3239
deedcd96-88fd-445e-bc6c-085c79a431ab	12	131648039	131648790	13	1.0247
deedcd96-88fd-445e-bc6c-085c79a431ab	12	131657925	133201603	559	0.344
deedcd96-88fd-445e-bc6c-085c79a431ab	13	18452809	23055048	2857	-0.2279
deedcd96-88fd-445e-bc6c-085c79a431ab	13	23055071	23059376	13	-1.7663
deedcd96-88fd-445e-bc6c-085c79a431ab	13	23064056	30207962	5401	-0.2364
deedcd96-88fd-445e-bc6c-085c79a431ab	13	30208967	30209634	3	-1.5553
deedcd96-88fd-445e-bc6c-085c79a431ab	13	30215542	37496998	5211	-0.2213
deedcd96-88fd-445e-bc6c-085c79a431ab	13	37497899	37510620	16	-2.2645
deedcd96-88fd-445e-bc6c-085c79a431ab	13	37514193	38478674	701	-0.2219
deedcd96-88fd-445e-bc6c-085c79a431ab	13	38483435	38483919	2	2.3698
deedcd96-88fd-445e-bc6c-085c79a431ab	13	38490920	42103172	2453	-0.2358
deedcd96-88fd-445e-bc6c-085c79a431ab	13	42103283	42103364	2	1.2226
deedcd96-88fd-445e-bc6c-085c79a431ab	13	42104221	48721340	4679	-0.2228
deedcd96-88fd-445e-bc6c-085c79a431ab	13	48723029	55008038	3601	-0.2819
deedcd96-88fd-445e-bc6c-085c79a431ab	13	55009516	63540694	4861	-0.241
deedcd96-88fd-445e-bc6c-085c79a431ab	13	63544137	63733398	125	-0.3672
deedcd96-88fd-445e-bc6c-085c79a431ab	13	63743696	63772057	7	0.2471
deedcd96-88fd-445e-bc6c-085c79a431ab	13	63772072	64316933	324	-0.3685
deedcd96-88fd-445e-bc6c-085c79a431ab	13	64319390	67284565	1931	-0.2527
deedcd96-88fd-445e-bc6c-085c79a431ab	13	67285798	67308738	11	-0.8741
deedcd96-88fd-445e-bc6c-085c79a431ab	13	67309117	71899603	2860	-0.2336
deedcd96-88fd-445e-bc6c-085c79a431ab	13	71900159	71912345	9	-0.8129
deedcd96-88fd-445e-bc6c-085c79a431ab	13	71912659	73191206	910	-0.2429
deedcd96-88fd-445e-bc6c-085c79a431ab	13	73192280	104891058	21419	-0.1882
deedcd96-88fd-445e-bc6c-085c79a431ab	13	104891417	105119435	182	-0.2218
deedcd96-88fd-445e-bc6c-085c79a431ab	13	105122521	105705213	451	-0.3136
deedcd96-88fd-445e-bc6c-085c79a431ab	13	105705261	114342922	6138	-0.2199
deedcd96-88fd-445e-bc6c-085c79a431ab	14	18239283	18393935	4	0.337
deedcd96-88fd-445e-bc6c-085c79a431ab	14	18394567	19957701	165	-0.3655
deedcd96-88fd-445e-bc6c-085c79a431ab	14	19957752	21918611	1331	0.1084
deedcd96-88fd-445e-bc6c-085c79a431ab	14	21919236	22197666	264	0.2591
deedcd96-88fd-445e-bc6c-085c79a431ab	14	22206798	22481502	218	0.3917
deedcd96-88fd-445e-bc6c-085c79a431ab	14	22484618	64043152	26226	0.1148
deedcd96-88fd-445e-bc6c-085c79a431ab	14	64045302	67812639	2281	-0.3051
deedcd96-88fd-445e-bc6c-085c79a431ab	14	67821863	67951496	67	0.2192
deedcd96-88fd-445e-bc6c-085c79a431ab	14	67955757	68354136	230	-0.2972
deedcd96-88fd-445e-bc6c-085c79a431ab	14	68357697	73523917	3466	0.1764
deedcd96-88fd-445e-bc6c-085c79a431ab	14	73523958	73554275	12	0.6545
deedcd96-88fd-445e-bc6c-085c79a431ab	14	73563196	78031648	2837	0.1703
deedcd96-88fd-445e-bc6c-085c79a431ab	14	78035206	85343677	4946	0.215
deedcd96-88fd-445e-bc6c-085c79a431ab	14	85344195	103321527	12067	0.1634
deedcd96-88fd-445e-bc6c-085c79a431ab	14	103321725	106815505	1280	0.5026
deedcd96-88fd-445e-bc6c-085c79a431ab	14	106815838	106877229	35	0.2917
deedcd96-88fd-445e-bc6c-085c79a431ab	15	19811075	20235285	63	0.1023
deedcd96-88fd-445e-bc6c-085c79a431ab	15	20240885	22385639	144	-0.3948
deedcd96-88fd-445e-bc6c-085c79a431ab	15	22395047	23121974	312	0.2095
deedcd96-88fd-445e-bc6c-085c79a431ab	15	23191818	23409060	7	0.6697
deedcd96-88fd-445e-bc6c-085c79a431ab	15	23409147	29473301	3913	0.1363
deedcd96-88fd-445e-bc6c-085c79a431ab	15	29474102	30077828	386	0.2192
deedcd96-88fd-445e-bc6c-085c79a431ab	15	30094208	30156392	4	-2.8114
deedcd96-88fd-445e-bc6c-085c79a431ab	15	30157841	30500366	30	-0.2388
deedcd96-88fd-445e-bc6c-085c79a431ab	15	30503586	34828430	2893	0.1266
deedcd96-88fd-445e-bc6c-085c79a431ab	15	34836894	34989862	79	0.7699
deedcd96-88fd-445e-bc6c-085c79a431ab	15	34991711	39161218	2953	0.1672
deedcd96-88fd-445e-bc6c-085c79a431ab	15	39164338	44733925	2836	0.1153
deedcd96-88fd-445e-bc6c-085c79a431ab	15	44734702	57614508	8223	0.1613
deedcd96-88fd-445e-bc6c-085c79a431ab	15	57616118	57620649	8	-0.5862
deedcd96-88fd-445e-bc6c-085c79a431ab	15	57624754	59497928	1394	0.1399
deedcd96-88fd-445e-bc6c-085c79a431ab	15	59501049	64074795	3515	0.2238
deedcd96-88fd-445e-bc6c-085c79a431ab	15	64084039	67175947	1759	0.1735
deedcd96-88fd-445e-bc6c-085c79a431ab	15	67176997	68104688	527	-0.3619
deedcd96-88fd-445e-bc6c-085c79a431ab	15	68107110	76598900	4877	0.1427
deedcd96-88fd-445e-bc6c-085c79a431ab	15	76599170	76609900	24	0.9944
deedcd96-88fd-445e-bc6c-085c79a431ab	15	76609916	93184858	10982	0.1552
deedcd96-88fd-445e-bc6c-085c79a431ab	15	93184918	93426467	281	0.2637
deedcd96-88fd-445e-bc6c-085c79a431ab	15	93426666	101928837	6355	0.161
deedcd96-88fd-445e-bc6c-085c79a431ab	16	10777	12016	3	-0.9903
deedcd96-88fd-445e-bc6c-085c79a431ab	16	35827	601279	268	0.2595
deedcd96-88fd-445e-bc6c-085c79a431ab	16	601326	3347554	922	0.1217
deedcd96-88fd-445e-bc6c-085c79a431ab	16	3347913	3600428	139	-0.0634
deedcd96-88fd-445e-bc6c-085c79a431ab	16	3600515	3666993	29	0.2336
deedcd96-88fd-445e-bc6c-085c79a431ab	16	3669343	3676635	2	1.0264
deedcd96-88fd-445e-bc6c-085c79a431ab	16	3678109	4162802	318	0.1104
deedcd96-88fd-445e-bc6c-085c79a431ab	16	4162913	4204915	61	0.3006
deedcd96-88fd-445e-bc6c-085c79a431ab	16	4208090	5091044	454	0.1263
deedcd96-88fd-445e-bc6c-085c79a431ab	16	5092282	6656075	1756	0.1988
deedcd96-88fd-445e-bc6c-085c79a431ab	16	6658811	6818720	230	-0.8002
deedcd96-88fd-445e-bc6c-085c79a431ab	16	6818872	8932736	2293	0.1893
deedcd96-88fd-445e-bc6c-085c79a431ab	16	8933494	9195381	158	0.3293
deedcd96-88fd-445e-bc6c-085c79a431ab	16	9196493	14869842	4479	0.1766
deedcd96-88fd-445e-bc6c-085c79a431ab	16	14877558	14960024	27	0.5138
deedcd96-88fd-445e-bc6c-085c79a431ab	16	14960331	14960501	4	-0.5288
deedcd96-88fd-445e-bc6c-085c79a431ab	16	14964501	15087428	57	0.3746
deedcd96-88fd-445e-bc6c-085c79a431ab	16	15090458	15305027	20	-0.024
deedcd96-88fd-445e-bc6c-085c79a431ab	16	15306057	16419234	537	0.3367
deedcd96-88fd-445e-bc6c-085c79a431ab	16	16419422	21336878	2628	0.2009
deedcd96-88fd-445e-bc6c-085c79a431ab	16	21338882	22417041	390	0.2769
deedcd96-88fd-445e-bc6c-085c79a431ab	16	22417324	22691516	73	0.4986
deedcd96-88fd-445e-bc6c-085c79a431ab	16	22692430	22709045	11	0.2595
deedcd96-88fd-445e-bc6c-085c79a431ab	16	22710317	23922526	783	0.1508
deedcd96-88fd-445e-bc6c-085c79a431ab	16	23923570	23930936	6	-0.8154
deedcd96-88fd-445e-bc6c-085c79a431ab	16	23932616	29317109	3436	0.1679
deedcd96-88fd-445e-bc6c-085c79a431ab	16	29319344	30308999	231	0.2938
deedcd96-88fd-445e-bc6c-085c79a431ab	16	30320763	35475839	1005	0.1142
deedcd96-88fd-445e-bc6c-085c79a431ab	16	35479762	48668613	1176	0.1876
deedcd96-88fd-445e-bc6c-085c79a431ab	16	48668627	48703805	19	-0.327
deedcd96-88fd-445e-bc6c-085c79a431ab	16	48706400	49140168	359	0.1812
deedcd96-88fd-445e-bc6c-085c79a431ab	16	49145319	49370878	184	-0.3287
deedcd96-88fd-445e-bc6c-085c79a431ab	16	49373857	53991402	3368	0.2008
deedcd96-88fd-445e-bc6c-085c79a431ab	16	53991520	55788485	1537	0.2746
deedcd96-88fd-445e-bc6c-085c79a431ab	16	55788532	58536811	1665	-0.3162
deedcd96-88fd-445e-bc6c-085c79a431ab	16	58542002	66128661	5223	-0.2669
deedcd96-88fd-445e-bc6c-085c79a431ab	16	66129164	70028659	1844	-0.3166
deedcd96-88fd-445e-bc6c-085c79a431ab	16	70030862	70105639	24	0.023
deedcd96-88fd-445e-bc6c-085c79a431ab	16	70117657	70145666	5	-1.1444
deedcd96-88fd-445e-bc6c-085c79a431ab	16	70146223	73521211	1674	-0.2881
deedcd96-88fd-445e-bc6c-085c79a431ab	16	73522104	74350360	633	0.5582
deedcd96-88fd-445e-bc6c-085c79a431ab	16	74363160	74433795	18	-0.2339
deedcd96-88fd-445e-bc6c-085c79a431ab	16	74437522	74456952	20	0.438
deedcd96-88fd-445e-bc6c-085c79a431ab	16	74462560	81000044	6294	-0.2854
deedcd96-88fd-445e-bc6c-085c79a431ab	16	81002719	81147831	116	0.2722
deedcd96-88fd-445e-bc6c-085c79a431ab	16	81148012	81246494	114	0.4523
deedcd96-88fd-445e-bc6c-085c79a431ab	16	81247008	84022882	3028	0.2539
deedcd96-88fd-445e-bc6c-085c79a431ab	16	84023252	85273245	1060	0.315
deedcd96-88fd-445e-bc6c-085c79a431ab	16	85273384	89355342	2838	0.2183
deedcd96-88fd-445e-bc6c-085c79a431ab	16	89355412	90096867	364	0.286
deedcd96-88fd-445e-bc6c-085c79a431ab	17	150733	350768	116	-0.3023
deedcd96-88fd-445e-bc6c-085c79a431ab	17	351669	1278022	445	-0.2126
deedcd96-88fd-445e-bc6c-085c79a431ab	17	1278872	10954126	5809	-0.3279
deedcd96-88fd-445e-bc6c-085c79a431ab	17	10957786	10959082	2	-1.8957
deedcd96-88fd-445e-bc6c-085c79a431ab	17	10959236	18413879	5019	-0.304
deedcd96-88fd-445e-bc6c-085c79a431ab	17	18414080	18550123	26	-1.017
deedcd96-88fd-445e-bc6c-085c79a431ab	17	18561272	19594577	362	-0.3041
deedcd96-88fd-445e-bc6c-085c79a431ab	17	19596423	19635445	31	-1.558
deedcd96-88fd-445e-bc6c-085c79a431ab	17	19639849	19658392	25	-0.3954
deedcd96-88fd-445e-bc6c-085c79a431ab	17	19658863	19658879	2	-1.7195
deedcd96-88fd-445e-bc6c-085c79a431ab	17	19659705	30609785	2783	-0.3054
deedcd96-88fd-445e-bc6c-085c79a431ab	17	30610646	30834485	63	-0.0226
deedcd96-88fd-445e-bc6c-085c79a431ab	17	30836514	35349487	3122	-0.3144
deedcd96-88fd-445e-bc6c-085c79a431ab	17	35355491	35431254	38	-1.9831
deedcd96-88fd-445e-bc6c-085c79a431ab	17	35431559	42724827	3794	-0.3182
deedcd96-88fd-445e-bc6c-085c79a431ab	17	42725248	42740111	3	0.9367
deedcd96-88fd-445e-bc6c-085c79a431ab	17	42749806	43534982	393	-0.2923
deedcd96-88fd-445e-bc6c-085c79a431ab	17	43535004	45436394	947	-0.3578
deedcd96-88fd-445e-bc6c-085c79a431ab	17	45442744	46089055	363	-0.2231
deedcd96-88fd-445e-bc6c-085c79a431ab	17	46089089	46351954	124	-0.6218
deedcd96-88fd-445e-bc6c-085c79a431ab	17	46446345	46446360	2	1.2912
deedcd96-88fd-445e-bc6c-085c79a431ab	17	46569894	48452484	914	-0.3266
deedcd96-88fd-445e-bc6c-085c79a431ab	17	48455222	48455266	2	-2.6293
deedcd96-88fd-445e-bc6c-085c79a431ab	17	48455594	51205855	1411	-0.3356
deedcd96-88fd-445e-bc6c-085c79a431ab	17	51206479	51294655	40	-0.1355
deedcd96-88fd-445e-bc6c-085c79a431ab	17	51297691	58123113	4991	-0.2903
deedcd96-88fd-445e-bc6c-085c79a431ab	17	58134739	58136733	5	-1.3496
deedcd96-88fd-445e-bc6c-085c79a431ab	17	58140037	74224067	9727	-0.3061
deedcd96-88fd-445e-bc6c-085c79a431ab	17	74228051	74727679	302	-0.174
deedcd96-88fd-445e-bc6c-085c79a431ab	17	74731034	77177434	1197	-0.3342
deedcd96-88fd-445e-bc6c-085c79a431ab	17	77178214	77178654	2	-1.8202
deedcd96-88fd-445e-bc6c-085c79a431ab	17	77179175	78398459	710	-0.337
deedcd96-88fd-445e-bc6c-085c79a431ab	17	78399475	78399775	3	-1.6355
deedcd96-88fd-445e-bc6c-085c79a431ab	17	78402323	78624851	162	-0.3195
deedcd96-88fd-445e-bc6c-085c79a431ab	17	78624871	78642546	14	0.1075
deedcd96-88fd-445e-bc6c-085c79a431ab	17	78644609	83091923	2092	-0.339
deedcd96-88fd-445e-bc6c-085c79a431ab	18	48133	1663364	1143	-0.2472
deedcd96-88fd-445e-bc6c-085c79a431ab	18	1664211	24513828	11200	-0.3033
deedcd96-88fd-445e-bc6c-085c79a431ab	18	24514866	25806566	917	0.2185
deedcd96-88fd-445e-bc6c-085c79a431ab	18	25809055	26405774	333	-0.283
deedcd96-88fd-445e-bc6c-085c79a431ab	18	26407820	26477836	45	0.199
deedcd96-88fd-445e-bc6c-085c79a431ab	18	26485319	26617215	111	-0.3189
deedcd96-88fd-445e-bc6c-085c79a431ab	18	26620018	26785899	128	0.1746
deedcd96-88fd-445e-bc6c-085c79a431ab	18	26785951	26786181	3	-2.4737
deedcd96-88fd-445e-bc6c-085c79a431ab	18	26786415	42093245	9902	0.209
deedcd96-88fd-445e-bc6c-085c79a431ab	18	42093826	63506157	14778	-0.2885
deedcd96-88fd-445e-bc6c-085c79a431ab	18	63506598	63506712	2	-2.0688
deedcd96-88fd-445e-bc6c-085c79a431ab	18	63506810	71406382	5617	-0.2748
deedcd96-88fd-445e-bc6c-085c79a431ab	18	71409097	79608295	6239	-0.3121
deedcd96-88fd-445e-bc6c-085c79a431ab	18	79608329	80257174	340	-0.2421
deedcd96-88fd-445e-bc6c-085c79a431ab	19	90910	4417843	1168	0.1288
deedcd96-88fd-445e-bc6c-085c79a431ab	19	4417848	4692342	71	0.3607
deedcd96-88fd-445e-bc6c-085c79a431ab	19	4701120	6882419	1007	0.107
deedcd96-88fd-445e-bc6c-085c79a431ab	19	6885312	7112112	124	0.2577
deedcd96-88fd-445e-bc6c-085c79a431ab	19	7112165	8177705	501	0.1283
deedcd96-88fd-445e-bc6c-085c79a431ab	19	8180162	8191829	4	1.012
deedcd96-88fd-445e-bc6c-085c79a431ab	19	8192034	15663179	3695	0.117
deedcd96-88fd-445e-bc6c-085c79a431ab	19	15663422	15679275	25	-0.2685
deedcd96-88fd-445e-bc6c-085c79a431ab	19	15680807	16689322	623	0.1161
deedcd96-88fd-445e-bc6c-085c79a431ab	19	16689741	16690779	2	-1.2656
deedcd96-88fd-445e-bc6c-085c79a431ab	19	16691198	19701829	1271	0.1005
deedcd96-88fd-445e-bc6c-085c79a431ab	19	19702210	20563384	522	0.2073
deedcd96-88fd-445e-bc6c-085c79a431ab	19	20576271	20577052	2	-1.4576
deedcd96-88fd-445e-bc6c-085c79a431ab	19	20582324	23238020	1486	0.1935
deedcd96-88fd-445e-bc6c-085c79a431ab	19	23238409	24278834	637	0.1181
deedcd96-88fd-445e-bc6c-085c79a431ab	19	24278853	27550604	58	0.3447
deedcd96-88fd-445e-bc6c-085c79a431ab	19	27550922	29507597	1470	0.094
deedcd96-88fd-445e-bc6c-085c79a431ab	19	29507931	35252360	3968	-0.1401
deedcd96-88fd-445e-bc6c-085c79a431ab	19	35252722	39041203	1925	0.0487
deedcd96-88fd-445e-bc6c-085c79a431ab	19	39042924	39080674	23	0.4238
deedcd96-88fd-445e-bc6c-085c79a431ab	19	39080837	42671142	1794	0.0556
deedcd96-88fd-445e-bc6c-085c79a431ab	19	42677582	52696849	5110	0.1251
deedcd96-88fd-445e-bc6c-085c79a431ab	19	52699227	53016285	235	0.2654
deedcd96-88fd-445e-bc6c-085c79a431ab	19	53017128	53048976	20	0.7098
deedcd96-88fd-445e-bc6c-085c79a431ab	19	53050987	53861409	594	0.2339
deedcd96-88fd-445e-bc6c-085c79a431ab	19	53862141	54955584	564	0.1321
deedcd96-88fd-445e-bc6c-085c79a431ab	19	54970030	55061504	68	0.5177
deedcd96-88fd-445e-bc6c-085c79a431ab	19	55061669	55682641	247	0.0989
deedcd96-88fd-445e-bc6c-085c79a431ab	19	55687738	55770704	59	0.2532
deedcd96-88fd-445e-bc6c-085c79a431ab	19	55771003	55771701	4	-0.5558
deedcd96-88fd-445e-bc6c-085c79a431ab	19	55774927	55915924	142	0.108
deedcd96-88fd-445e-bc6c-085c79a431ab	19	55915978	56017975	97	0.3005
deedcd96-88fd-445e-bc6c-085c79a431ab	19	56021217	57721640	1134	0.1351
deedcd96-88fd-445e-bc6c-085c79a431ab	19	57729060	57788698	29	-0.3741
deedcd96-88fd-445e-bc6c-085c79a431ab	19	57790108	57832805	23	-0.0106
deedcd96-88fd-445e-bc6c-085c79a431ab	19	57840921	58215203	229	-0.3603
deedcd96-88fd-445e-bc6c-085c79a431ab	19	58216206	58586487	185	-0.5564
deedcd96-88fd-445e-bc6c-085c79a431ab	20	80664	1576573	1185	0.1549
deedcd96-88fd-445e-bc6c-085c79a431ab	20	1576590	1587098	25	-0.5608
deedcd96-88fd-445e-bc6c-085c79a431ab	20	1587360	2943462	1125	0.1194
deedcd96-88fd-445e-bc6c-085c79a431ab	20	2944353	3045442	58	-0.3825
deedcd96-88fd-445e-bc6c-085c79a431ab	20	3053402	3837838	424	0.1174
deedcd96-88fd-445e-bc6c-085c79a431ab	20	3838991	4123473	185	0.2493
deedcd96-88fd-445e-bc6c-085c79a431ab	20	4123863	5613786	1149	0.1389
deedcd96-88fd-445e-bc6c-085c79a431ab	20	5616773	5718210	71	0.3635
deedcd96-88fd-445e-bc6c-085c79a431ab	20	5718467	15320728	7417	0.1514
deedcd96-88fd-445e-bc6c-085c79a431ab	20	15321256	15321728	3	-0.8512
deedcd96-88fd-445e-bc6c-085c79a431ab	20	15324612	34322913	9966	0.1435
deedcd96-88fd-445e-bc6c-085c79a431ab	20	34324188	37174432	1374	0.0972
deedcd96-88fd-445e-bc6c-085c79a431ab	20	37176354	37329858	90	0.1889
deedcd96-88fd-445e-bc6c-085c79a431ab	20	37335674	38947969	1020	0.45
deedcd96-88fd-445e-bc6c-085c79a431ab	20	38949744	40107414	873	0.7592
deedcd96-88fd-445e-bc6c-085c79a431ab	20	40108224	40709288	424	0.4953
deedcd96-88fd-445e-bc6c-085c79a431ab	20	40710514	41730880	605	0.7676
deedcd96-88fd-445e-bc6c-085c79a431ab	20	41731384	41731388	5	-0.1619
deedcd96-88fd-445e-bc6c-085c79a431ab	20	41732145	45713700	2981	0.7537
deedcd96-88fd-445e-bc6c-085c79a431ab	20	45719923	45752208	28	0.3119
deedcd96-88fd-445e-bc6c-085c79a431ab	20	45752976	49258072	2505	0.7479
deedcd96-88fd-445e-bc6c-085c79a431ab	20	49260140	49269181	3	-0.1614
deedcd96-88fd-445e-bc6c-085c79a431ab	20	49270183	49517245	160	0.7486
deedcd96-88fd-445e-bc6c-085c79a431ab	20	49524126	49824221	185	0.8853
deedcd96-88fd-445e-bc6c-085c79a431ab	20	49824234	50165997	160	0.7515
deedcd96-88fd-445e-bc6c-085c79a431ab	20	50175182	50176256	2	-0.4304
deedcd96-88fd-445e-bc6c-085c79a431ab	20	50178380	51485143	971	0.7435
deedcd96-88fd-445e-bc6c-085c79a431ab	20	51485595	51488047	9	0.113
deedcd96-88fd-445e-bc6c-085c79a431ab	20	51488327	56661811	4055	0.4978
deedcd96-88fd-445e-bc6c-085c79a431ab	20	56662442	60184464	2791	0.1513
deedcd96-88fd-445e-bc6c-085c79a431ab	20	60186038	60392187	235	-0.3228
deedcd96-88fd-445e-bc6c-085c79a431ab	20	60393354	60862754	390	0.163
deedcd96-88fd-445e-bc6c-085c79a431ab	20	60866540	61337180	483	-0.338
deedcd96-88fd-445e-bc6c-085c79a431ab	20	61338076	61386617	45	0.1211
deedcd96-88fd-445e-bc6c-085c79a431ab	20	61386985	61546481	118	-0.3507
deedcd96-88fd-445e-bc6c-085c79a431ab	20	61548444	63589896	959	0.1187
deedcd96-88fd-445e-bc6c-085c79a431ab	20	63591105	64196542	240	0.2295
deedcd96-88fd-445e-bc6c-085c79a431ab	20	64196580	64284715	66	0.1089
deedcd96-88fd-445e-bc6c-085c79a431ab	20	64323342	64324800	5	-1.7387
deedcd96-88fd-445e-bc6c-085c79a431ab	21	10354168	13160062	108	-0.484
deedcd96-88fd-445e-bc6c-085c79a431ab	21	13160229	14255289	348	-0.9383
deedcd96-88fd-445e-bc6c-085c79a431ab	21	14255517	18263926	2792	-0.3751
deedcd96-88fd-445e-bc6c-085c79a431ab	21	18263989	18264661	2	-2.0177
deedcd96-88fd-445e-bc6c-085c79a431ab	21	18266147	23793951	4239	-0.3823
deedcd96-88fd-445e-bc6c-085c79a431ab	21	23798392	23839051	31	-1.1225
deedcd96-88fd-445e-bc6c-085c79a431ab	21	23844174	29940868	4630	-0.3851
deedcd96-88fd-445e-bc6c-085c79a431ab	21	29943047	30095887	105	0.5044
deedcd96-88fd-445e-bc6c-085c79a431ab	21	30102891	30136163	27	-0.3775
deedcd96-88fd-445e-bc6c-085c79a431ab	21	30138122	30139160	4	-1.0475
deedcd96-88fd-445e-bc6c-085c79a431ab	21	30142378	30188537	31	-0.3539
deedcd96-88fd-445e-bc6c-085c79a431ab	21	30190949	30327887	97	0.1129
deedcd96-88fd-445e-bc6c-085c79a431ab	21	30328457	30889322	345	-0.3859
deedcd96-88fd-445e-bc6c-085c79a431ab	21	30889490	32615182	1236	0.1156
deedcd96-88fd-445e-bc6c-085c79a431ab	21	32621407	33219427	396	-0.4385
deedcd96-88fd-445e-bc6c-085c79a431ab	21	33223464	35396041	1499	0.1065
deedcd96-88fd-445e-bc6c-085c79a431ab	21	35396974	36404008	733	0.4979
deedcd96-88fd-445e-bc6c-085c79a431ab	21	36409928	36511076	64	-0.3994
deedcd96-88fd-445e-bc6c-085c79a431ab	21	36512605	42708445	5201	0.105
deedcd96-88fd-445e-bc6c-085c79a431ab	21	42710072	46677045	1980	0.0591
deedcd96-88fd-445e-bc6c-085c79a431ab	22	15294547	18102298	1076	0.2349
deedcd96-88fd-445e-bc6c-085c79a431ab	22	18103221	18112195	6	0.6498
deedcd96-88fd-445e-bc6c-085c79a431ab	22	18112586	18161934	46	0.9679
deedcd96-88fd-445e-bc6c-085c79a431ab	22	18167915	18980164	30	0.4981
deedcd96-88fd-445e-bc6c-085c79a431ab	22	18981285	22078182	1911	0.6442
deedcd96-88fd-445e-bc6c-085c79a431ab	22	22080743	28932739	5311	0.5932
deedcd96-88fd-445e-bc6c-085c79a431ab	22	28937684	29784033	511	-0.1533
deedcd96-88fd-445e-bc6c-085c79a431ab	22	29784489	29825248	26	0.6689
deedcd96-88fd-445e-bc6c-085c79a431ab	22	29830955	36043461	4593	0.2335
deedcd96-88fd-445e-bc6c-085c79a431ab	22	36044754	36071454	19	0.6116
deedcd96-88fd-445e-bc6c-085c79a431ab	22	36072102	49619838	9235	0.2244
deedcd96-88fd-445e-bc6c-085c79a431ab	22	49623586	50785567	515	0.3042
deedcd96-88fd-445e-bc6c-085c79a431ab	22	50793230	50796027	2	-0.5233
deedcd96-88fd-445e-bc6c-085c79a431ab	X	251810	654010	59	0.3508
deedcd96-88fd-445e-bc6c-085c79a431ab	X	654196	3185277	321	0.1652
deedcd96-88fd-445e-bc6c-085c79a431ab	X	3187916	3196303	9	0.4502
deedcd96-88fd-445e-bc6c-085c79a431ab	X	3196626	7130082	3004	0.1091
deedcd96-88fd-445e-bc6c-085c79a431ab	X	7133201	8876361	1298	0.1743
deedcd96-88fd-445e-bc6c-085c79a431ab	X	8878682	9920139	826	0.0622
deedcd96-88fd-445e-bc6c-085c79a431ab	X	9920202	10558891	480	0.157
deedcd96-88fd-445e-bc6c-085c79a431ab	X	10559763	11458092	497	0.3135
deedcd96-88fd-445e-bc6c-085c79a431ab	X	11458535	19431502	5214	0.1092
deedcd96-88fd-445e-bc6c-085c79a431ab	X	19434541	19499121	54	0.3211
deedcd96-88fd-445e-bc6c-085c79a431ab	X	19501257	19840305	187	0.0908
deedcd96-88fd-445e-bc6c-085c79a431ab	X	19846041	20257194	154	-0.412
deedcd96-88fd-445e-bc6c-085c79a431ab	X	20260919	24455533	2765	1.1178
deedcd96-88fd-445e-bc6c-085c79a431ab	X	24457712	27511084	1896	0.5714
deedcd96-88fd-445e-bc6c-085c79a431ab	X	27512160	29875561	1500	1.1132
deedcd96-88fd-445e-bc6c-085c79a431ab	X	29880014	29891041	12	1.8622
deedcd96-88fd-445e-bc6c-085c79a431ab	X	29895716	30544322	455	1.0987
deedcd96-88fd-445e-bc6c-085c79a431ab	X	30547360	30631857	36	-0.398
deedcd96-88fd-445e-bc6c-085c79a431ab	X	30633895	30787012	88	1.1148
deedcd96-88fd-445e-bc6c-085c79a431ab	X	30809019	32992314	1644	-0.3866
deedcd96-88fd-445e-bc6c-085c79a431ab	X	32997616	33015859	21	1.025
deedcd96-88fd-445e-bc6c-085c79a431ab	X	33016550	34978629	1319	-0.3939
deedcd96-88fd-445e-bc6c-085c79a431ab	X	34980964	35168936	101	1.0691
deedcd96-88fd-445e-bc6c-085c79a431ab	X	35173709	35254671	45	-0.3763
deedcd96-88fd-445e-bc6c-085c79a431ab	X	35261735	35299530	22	1.1815
deedcd96-88fd-445e-bc6c-085c79a431ab	X	35305930	35376797	55	-0.4417
deedcd96-88fd-445e-bc6c-085c79a431ab	X	35377429	35399670	21	1.2911
deedcd96-88fd-445e-bc6c-085c79a431ab	X	35406088	35411848	3	-0.2437
deedcd96-88fd-445e-bc6c-085c79a431ab	X	35413397	35437283	12	1.2164
deedcd96-88fd-445e-bc6c-085c79a431ab	X	35437819	37011675	906	-0.3744
deedcd96-88fd-445e-bc6c-085c79a431ab	X	37017066	51825380	7641	0.1059
deedcd96-88fd-445e-bc6c-085c79a431ab	X	51827017	51827932	2	-1.0272
deedcd96-88fd-445e-bc6c-085c79a431ab	X	51828521	52870241	308	0.1173
deedcd96-88fd-445e-bc6c-085c79a431ab	X	52870348	53698029	313	0.2227
deedcd96-88fd-445e-bc6c-085c79a431ab	X	53702106	53989707	117	0.3631
deedcd96-88fd-445e-bc6c-085c79a431ab	X	53989788	63250575	2174	0.1995
deedcd96-88fd-445e-bc6c-085c79a431ab	X	63250976	63285949	19	0.8994
deedcd96-88fd-445e-bc6c-085c79a431ab	X	63285991	67329416	1779	0.1566
deedcd96-88fd-445e-bc6c-085c79a431ab	X	67330949	67355570	21	0.5667
deedcd96-88fd-445e-bc6c-085c79a431ab	X	67368359	67612042	105	-0.2091
deedcd96-88fd-445e-bc6c-085c79a431ab	X	67612394	70869373	1643	0.509
deedcd96-88fd-445e-bc6c-085c79a431ab	X	70872596	77179707	2696	-0.3139
deedcd96-88fd-445e-bc6c-085c79a431ab	X	77191372	77335165	13	0.24
deedcd96-88fd-445e-bc6c-085c79a431ab	X	77339756	87394979	5387	-0.3055
deedcd96-88fd-445e-bc6c-085c79a431ab	X	87401664	87402493	2	-1.9807
deedcd96-88fd-445e-bc6c-085c79a431ab	X	87403690	91715507	2047	-0.3226
deedcd96-88fd-445e-bc6c-085c79a431ab	X	91715919	91716741	5	-1.1883
deedcd96-88fd-445e-bc6c-085c79a431ab	X	91716772	128344432	20218	-0.3224
deedcd96-88fd-445e-bc6c-085c79a431ab	X	128345046	128606807	109	0.1786
deedcd96-88fd-445e-bc6c-085c79a431ab	X	128607875	129868712	808	-0.3454
deedcd96-88fd-445e-bc6c-085c79a431ab	X	129871990	130277326	179	0.4693
deedcd96-88fd-445e-bc6c-085c79a431ab	X	130290171	131256339	507	0.1612
deedcd96-88fd-445e-bc6c-085c79a431ab	X	131258242	131310123	31	-0.2342
deedcd96-88fd-445e-bc6c-085c79a431ab	X	131314398	131416332	72	0.1343
deedcd96-88fd-445e-bc6c-085c79a431ab	X	131416919	131831121	224	0.271
deedcd96-88fd-445e-bc6c-085c79a431ab	X	131831389	134031393	1119	0.1704
deedcd96-88fd-445e-bc6c-085c79a431ab	X	134031532	134649714	289	-0.3404
deedcd96-88fd-445e-bc6c-085c79a431ab	X	134655845	152972995	11642	0.1564
deedcd96-88fd-445e-bc6c-085c79a431ab	X	152973236	153152197	83	-0.3163
deedcd96-88fd-445e-bc6c-085c79a431ab	X	153152501	153896867	395	0.1233
deedcd96-88fd-445e-bc6c-085c79a431ab	X	153897816	153955925	21	0.6863
deedcd96-88fd-445e-bc6c-085c79a431ab	X	153958739	154025736	26	0.955
deedcd96-88fd-445e-bc6c-085c79a431ab	X	154032185	155284107	494	0.1648
deedcd96-88fd-445e-bc6c-085c79a431ab	X	155288629	155630426	109	-0.9922
deedcd96-88fd-445e-bc6c-085c79a431ab	X	155632326	155632958	3	-2.2411
deedcd96-88fd-445e-bc6c-085c79a431ab	X	155634330	155952689	58	-1.0272
deedcd96-88fd-445e-bc6c-085c79a431ab	Y	2782397	56872112	6619	-2.1786
