GDC_Aliquot	Chromosome	Start	End	Num_Probes	Segment_Mean
247f4e07-b36b-4e95-9076-649523ef551b	1	62920	15202171	7947	0.0043
247f4e07-b36b-4e95-9076-649523ef551b	1	15203764	15203833	2	-1.4414
247f4e07-b36b-4e95-9076-649523ef551b	1	15212530	25256850	6047	0.0042
247f4e07-b36b-4e95-9076-649523ef551b	1	25266637	25361785	40	0.4666
247f4e07-b36b-4e95-9076-649523ef551b	1	25371978	30268649	2378	0.0059
247f4e07-b36b-4e95-9076-649523ef551b	1	30268809	30272363	3	1.3186
247f4e07-b36b-4e95-9076-649523ef551b	1	30274729	31244722	652	-0.0079
247f4e07-b36b-4e95-9076-649523ef551b	1	31249109	31249715	3	-1.0379
247f4e07-b36b-4e95-9076-649523ef551b	1	31249774	61648334	18366	0.0086
247f4e07-b36b-4e95-9076-649523ef551b	1	61648509	61652515	3	-1.1452
247f4e07-b36b-4e95-9076-649523ef551b	1	61654137	72297687	7279	0.0084
247f4e07-b36b-4e95-9076-649523ef551b	1	72302735	72345450	47	-1.0875
247f4e07-b36b-4e95-9076-649523ef551b	1	72345465	79333638	4365	0.0088
247f4e07-b36b-4e95-9076-649523ef551b	1	79333662	79334227	2	-1.1785
247f4e07-b36b-4e95-9076-649523ef551b	1	79334299	81422771	1397	0.0095
247f4e07-b36b-4e95-9076-649523ef551b	1	81422917	81422920	2	1.3742
247f4e07-b36b-4e95-9076-649523ef551b	1	81422982	103615687	14215	0.0077
247f4e07-b36b-4e95-9076-649523ef551b	1	103616725	103717410	7	0.7462
247f4e07-b36b-4e95-9076-649523ef551b	1	103717617	109684893	3561	0.003
247f4e07-b36b-4e95-9076-649523ef551b	1	109690352	109697556	13	-1.2168
247f4e07-b36b-4e95-9076-649523ef551b	1	109702376	143713884	7216	0.0037
247f4e07-b36b-4e95-9076-649523ef551b	1	143713930	143754192	23	0.3878
247f4e07-b36b-4e95-9076-649523ef551b	1	143754798	152583230	2312	0.0136
247f4e07-b36b-4e95-9076-649523ef551b	1	152583291	152613762	30	-1.3918
247f4e07-b36b-4e95-9076-649523ef551b	1	152613802	152789570	175	-0.0071
247f4e07-b36b-4e95-9076-649523ef551b	1	152789781	152796224	32	0.316
247f4e07-b36b-4e95-9076-649523ef551b	1	152801429	174827267	14771	0.0072
247f4e07-b36b-4e95-9076-649523ef551b	1	174827418	174832599	15	-0.6106
247f4e07-b36b-4e95-9076-649523ef551b	1	174832702	248930189	50389	0.0072
247f4e07-b36b-4e95-9076-649523ef551b	2	12784	34458223	24046	0.0042
247f4e07-b36b-4e95-9076-649523ef551b	2	34460213	34502800	46	0.2704
247f4e07-b36b-4e95-9076-649523ef551b	2	34511446	41011095	4794	-0.0011
247f4e07-b36b-4e95-9076-649523ef551b	2	41011303	41015728	17	-0.664
247f4e07-b36b-4e95-9076-649523ef551b	2	41015808	41131565	86	0.0039
247f4e07-b36b-4e95-9076-649523ef551b	2	41131649	41145494	12	0.4727
247f4e07-b36b-4e95-9076-649523ef551b	2	41153307	51437583	7364	0.0059
247f4e07-b36b-4e95-9076-649523ef551b	2	51438585	51439175	2	-1.256
247f4e07-b36b-4e95-9076-649523ef551b	2	51443835	52527342	706	0.0188
247f4e07-b36b-4e95-9076-649523ef551b	2	52527362	52554404	38	0.5833
247f4e07-b36b-4e95-9076-649523ef551b	2	52560811	54218706	1246	-0.0049
247f4e07-b36b-4e95-9076-649523ef551b	2	54218764	54296592	68	-0.2115
247f4e07-b36b-4e95-9076-649523ef551b	2	54305959	86054844	20168	0.0035
247f4e07-b36b-4e95-9076-649523ef551b	2	86055611	86055837	2	-1.6298
247f4e07-b36b-4e95-9076-649523ef551b	2	86057163	97192190	2292	0.0033
247f4e07-b36b-4e95-9076-649523ef551b	2	97199600	97211436	14	-0.5326
247f4e07-b36b-4e95-9076-649523ef551b	2	97310327	97359885	13	0.1235
247f4e07-b36b-4e95-9076-649523ef551b	2	97524284	97545726	9	0.9433
247f4e07-b36b-4e95-9076-649523ef551b	2	97550415	193823021	58154	0.005
247f4e07-b36b-4e95-9076-649523ef551b	2	193825580	193829074	2	1.6774
247f4e07-b36b-4e95-9076-649523ef551b	2	193837590	207485467	8064	0.0054
247f4e07-b36b-4e95-9076-649523ef551b	2	207485523	207485538	2	-1.9975
247f4e07-b36b-4e95-9076-649523ef551b	2	207485595	242147305	22043	0.0032
247f4e07-b36b-4e95-9076-649523ef551b	3	20930	182919	152	0.0343
247f4e07-b36b-4e95-9076-649523ef551b	3	188339	191117	4	-2.6235
247f4e07-b36b-4e95-9076-649523ef551b	3	193194	4083735	3526	0.0016
247f4e07-b36b-4e95-9076-649523ef551b	3	4084997	4198163	96	-0.9091
247f4e07-b36b-4e95-9076-649523ef551b	3	4210595	16199049	9092	0.0063
247f4e07-b36b-4e95-9076-649523ef551b	3	16199122	16199672	5	-2.1674
247f4e07-b36b-4e95-9076-649523ef551b	3	16199818	68697013	34822	0.0067
247f4e07-b36b-4e95-9076-649523ef551b	3	68697108	68698262	14	-1.1003
247f4e07-b36b-4e95-9076-649523ef551b	3	68699607	69124224	338	0.0233
247f4e07-b36b-4e95-9076-649523ef551b	3	69131067	69132401	3	-1.0642
247f4e07-b36b-4e95-9076-649523ef551b	3	69134618	75519398	4584	0.0113
247f4e07-b36b-4e95-9076-649523ef551b	3	75523398	75529707	4	-1.0297
247f4e07-b36b-4e95-9076-649523ef551b	3	75537120	89210883	7509	0.0074
247f4e07-b36b-4e95-9076-649523ef551b	3	89211124	89211511	4	-0.848
247f4e07-b36b-4e95-9076-649523ef551b	3	89211843	89618024	327	0.029
247f4e07-b36b-4e95-9076-649523ef551b	3	89620865	89622183	2	-1.0555
247f4e07-b36b-4e95-9076-649523ef551b	3	89622197	99218940	3102	0.0106
247f4e07-b36b-4e95-9076-649523ef551b	3	99225614	99230577	38	0.4056
247f4e07-b36b-4e95-9076-649523ef551b	3	99232120	130047743	18679	0.0034
247f4e07-b36b-4e95-9076-649523ef551b	3	130057015	130087393	36	-1.3098
247f4e07-b36b-4e95-9076-649523ef551b	3	130088081	153881226	14861	0.0072
247f4e07-b36b-4e95-9076-649523ef551b	3	153885106	153894643	7	-0.9271
247f4e07-b36b-4e95-9076-649523ef551b	3	153899768	161384309	4404	0.0005
247f4e07-b36b-4e95-9076-649523ef551b	3	161384339	161385073	3	-1.0208
247f4e07-b36b-4e95-9076-649523ef551b	3	161385196	162790480	942	0.0119
247f4e07-b36b-4e95-9076-649523ef551b	3	162794869	162908207	70	-1.1807
247f4e07-b36b-4e95-9076-649523ef551b	3	162908784	193160113	19124	0.004
247f4e07-b36b-4e95-9076-649523ef551b	3	193160173	193165114	19	-1.0296
247f4e07-b36b-4e95-9076-649523ef551b	3	193168646	198169247	2688	0.0107
247f4e07-b36b-4e95-9076-649523ef551b	4	68929	9455251	5153	-0.0005
247f4e07-b36b-4e95-9076-649523ef551b	4	9459504	9477560	5	1.2373
247f4e07-b36b-4e95-9076-649523ef551b	4	9477699	10143672	434	0.0078
247f4e07-b36b-4e95-9076-649523ef551b	4	10143713	10144266	6	0.5903
247f4e07-b36b-4e95-9076-649523ef551b	4	10147031	10208766	100	0.0267
247f4e07-b36b-4e95-9076-649523ef551b	4	10212536	10233383	33	0.3362
247f4e07-b36b-4e95-9076-649523ef551b	4	10233542	21370380	8187	0.0087
247f4e07-b36b-4e95-9076-649523ef551b	4	21370416	21375228	14	-0.651
247f4e07-b36b-4e95-9076-649523ef551b	4	21382117	68478894	28167	0.0068
247f4e07-b36b-4e95-9076-649523ef551b	4	68494770	68620261	68	-1.4608
247f4e07-b36b-4e95-9076-649523ef551b	4	68623617	77353755	5405	0.0092
247f4e07-b36b-4e95-9076-649523ef551b	4	77355406	77369612	11	0.9394
247f4e07-b36b-4e95-9076-649523ef551b	4	77370019	96559069	11698	0.0086
247f4e07-b36b-4e95-9076-649523ef551b	4	96559111	96559620	2	-1.2159
247f4e07-b36b-4e95-9076-649523ef551b	4	96561460	102884387	3659	0.0073
247f4e07-b36b-4e95-9076-649523ef551b	4	102885428	102889615	4	-0.7816
247f4e07-b36b-4e95-9076-649523ef551b	4	102895956	103824414	555	-0.0126
247f4e07-b36b-4e95-9076-649523ef551b	4	103830473	103832444	8	0.5645
247f4e07-b36b-4e95-9076-649523ef551b	4	103832580	106015911	1229	0.0033
247f4e07-b36b-4e95-9076-649523ef551b	4	106021770	106025278	3	-2.1954
247f4e07-b36b-4e95-9076-649523ef551b	4	106025748	114252544	5051	0.0107
247f4e07-b36b-4e95-9076-649523ef551b	4	114254167	114263154	27	0.5647
247f4e07-b36b-4e95-9076-649523ef551b	4	114263166	155964036	24763	0.004
247f4e07-b36b-4e95-9076-649523ef551b	4	155966920	155966937	2	-1.6324
247f4e07-b36b-4e95-9076-649523ef551b	4	155967088	160952848	3125	0.007
247f4e07-b36b-4e95-9076-649523ef551b	4	160958866	160963756	21	-1.8737
247f4e07-b36b-4e95-9076-649523ef551b	4	160963767	172066777	7053	0.0112
247f4e07-b36b-4e95-9076-649523ef551b	4	172067997	172068382	12	-1.3569
247f4e07-b36b-4e95-9076-649523ef551b	4	172074828	188300104	10897	0.0048
247f4e07-b36b-4e95-9076-649523ef551b	4	188300206	188300221	2	-1.4684
247f4e07-b36b-4e95-9076-649523ef551b	4	188300270	190106768	1141	0.0097
247f4e07-b36b-4e95-9076-649523ef551b	5	15532	12815668	10163	0.0088
247f4e07-b36b-4e95-9076-649523ef551b	5	12815753	12838421	13	-1.1248
247f4e07-b36b-4e95-9076-649523ef551b	5	12849089	21376735	5452	0.0099
247f4e07-b36b-4e95-9076-649523ef551b	5	21377730	21377744	2	-1.5418
247f4e07-b36b-4e95-9076-649523ef551b	5	21385957	177771448	94978	0.0056
247f4e07-b36b-4e95-9076-649523ef551b	5	177800550	177805604	3	2.4335
247f4e07-b36b-4e95-9076-649523ef551b	5	177827964	178680821	447	0.0064
247f4e07-b36b-4e95-9076-649523ef551b	5	178682974	178686162	3	-2.2153
247f4e07-b36b-4e95-9076-649523ef551b	5	178691854	180947523	1345	0.0056
247f4e07-b36b-4e95-9076-649523ef551b	5	180951710	180990207	15	0.5671
247f4e07-b36b-4e95-9076-649523ef551b	5	180990614	181363319	174	0.0064
247f4e07-b36b-4e95-9076-649523ef551b	6	149661	253861	99	0.0643
247f4e07-b36b-4e95-9076-649523ef551b	6	254267	323084	34	-0.6365
247f4e07-b36b-4e95-9076-649523ef551b	6	323326	365138	59	-0.2104
247f4e07-b36b-4e95-9076-649523ef551b	6	365720	373453	3	-1.0981
247f4e07-b36b-4e95-9076-649523ef551b	6	375277	23742789	17981	0.0061
247f4e07-b36b-4e95-9076-649523ef551b	6	23744444	23745202	2	-2.723
247f4e07-b36b-4e95-9076-649523ef551b	6	23747504	29869295	3434	-0.0056
247f4e07-b36b-4e95-9076-649523ef551b	6	29869410	29881490	15	0.838
247f4e07-b36b-4e95-9076-649523ef551b	6	29882419	31318499	663	0.0038
247f4e07-b36b-4e95-9076-649523ef551b	6	31318528	31328674	10	0.8553
247f4e07-b36b-4e95-9076-649523ef551b	6	31342147	32486746	501	0.0317
247f4e07-b36b-4e95-9076-649523ef551b	6	32488906	32658841	60	-0.4074
247f4e07-b36b-4e95-9076-649523ef551b	6	32682835	33112035	301	0.0126
247f4e07-b36b-4e95-9076-649523ef551b	6	33114021	33114858	2	-1.0957
247f4e07-b36b-4e95-9076-649523ef551b	6	33115107	37993807	2859	0.0136
247f4e07-b36b-4e95-9076-649523ef551b	6	37995532	38010530	11	0.6356
247f4e07-b36b-4e95-9076-649523ef551b	6	38017249	48964092	7203	0.0074
247f4e07-b36b-4e95-9076-649523ef551b	6	48965433	48967338	2	-1.5226
247f4e07-b36b-4e95-9076-649523ef551b	6	48967442	54066269	3297	0.0051
247f4e07-b36b-4e95-9076-649523ef551b	6	54066286	54067057	8	0.9601
247f4e07-b36b-4e95-9076-649523ef551b	6	54070550	65689589	4922	0.006
247f4e07-b36b-4e95-9076-649523ef551b	6	65689644	65693959	22	-0.6157
247f4e07-b36b-4e95-9076-649523ef551b	6	65697234	66328153	415	0.0146
247f4e07-b36b-4e95-9076-649523ef551b	6	66331020	66333299	7	-0.8995
247f4e07-b36b-4e95-9076-649523ef551b	6	66333342	73882509	4999	0.0006
247f4e07-b36b-4e95-9076-649523ef551b	6	73882741	73891694	9	-1.8483
247f4e07-b36b-4e95-9076-649523ef551b	6	73893839	76726815	1762	0.0132
247f4e07-b36b-4e95-9076-649523ef551b	6	76730151	76742956	19	0.422
247f4e07-b36b-4e95-9076-649523ef551b	6	76742972	78261995	979	-0.0084
247f4e07-b36b-4e95-9076-649523ef551b	6	78262064	78331916	111	0.2413
247f4e07-b36b-4e95-9076-649523ef551b	6	78332002	170741917	59529	0.0058
247f4e07-b36b-4e95-9076-649523ef551b	7	43355	72556486	45586	0.0058
247f4e07-b36b-4e95-9076-649523ef551b	7	72556798	72589118	11	-0.6789
247f4e07-b36b-4e95-9076-649523ef551b	7	72589739	97766148	14564	0.0063
247f4e07-b36b-4e95-9076-649523ef551b	7	97766150	97772915	13	-0.7256
247f4e07-b36b-4e95-9076-649523ef551b	7	97772976	103907609	2720	0.006
247f4e07-b36b-4e95-9076-649523ef551b	7	103909277	103909319	2	-2.3222
247f4e07-b36b-4e95-9076-649523ef551b	7	103917371	109801155	3885	0.0094
247f4e07-b36b-4e95-9076-649523ef551b	7	109801187	109813853	11	0.7637
247f4e07-b36b-4e95-9076-649523ef551b	7	109813925	110027491	139	0.0359
247f4e07-b36b-4e95-9076-649523ef551b	7	110027515	110028132	2	-1.4368
247f4e07-b36b-4e95-9076-649523ef551b	7	110041099	125290579	9109	0.0024
247f4e07-b36b-4e95-9076-649523ef551b	7	125290668	125293169	2	-1.5641
247f4e07-b36b-4e95-9076-649523ef551b	7	125293823	132883495	4738	0.0139
247f4e07-b36b-4e95-9076-649523ef551b	7	132884833	132884839	2	-1.1125
247f4e07-b36b-4e95-9076-649523ef551b	7	132887144	134100442	725	0.008
247f4e07-b36b-4e95-9076-649523ef551b	7	134100458	134111088	26	0.4186
247f4e07-b36b-4e95-9076-649523ef551b	7	134113300	144255220	6422	0.0095
247f4e07-b36b-4e95-9076-649523ef551b	7	144255475	144378425	14	-0.4753
247f4e07-b36b-4e95-9076-649523ef551b	7	144378656	158324903	8998	0.0079
247f4e07-b36b-4e95-9076-649523ef551b	7	158335896	158339473	2	1.4643
247f4e07-b36b-4e95-9076-649523ef551b	7	158344294	159334314	632	0.0106
247f4e07-b36b-4e95-9076-649523ef551b	8	81254	2113215	1449	0.0069
247f4e07-b36b-4e95-9076-649523ef551b	8	2113293	2113647	3	-1.1347
247f4e07-b36b-4e95-9076-649523ef551b	8	2114455	4310980	2642	0.0088
247f4e07-b36b-4e95-9076-649523ef551b	8	4311094	4311141	2	-1.3525
247f4e07-b36b-4e95-9076-649523ef551b	8	4311442	7358220	3634	-0.0013
247f4e07-b36b-4e95-9076-649523ef551b	8	7358233	8245309	67	-0.35
247f4e07-b36b-4e95-9076-649523ef551b	8	8250244	11338786	2706	0.0025
247f4e07-b36b-4e95-9076-649523ef551b	8	11353590	11360090	7	-1.0119
247f4e07-b36b-4e95-9076-649523ef551b	8	11366284	12092042	491	-0.0215
247f4e07-b36b-4e95-9076-649523ef551b	8	12130217	12143614	6	-1.6959
247f4e07-b36b-4e95-9076-649523ef551b	8	12176798	12496221	36	0.4276
247f4e07-b36b-4e95-9076-649523ef551b	8	12496252	16339682	3465	0.0105
247f4e07-b36b-4e95-9076-649523ef551b	8	16349445	16349614	8	-0.7435
247f4e07-b36b-4e95-9076-649523ef551b	8	16354575	25116928	6925	0.0133
247f4e07-b36b-4e95-9076-649523ef551b	8	25116961	25126818	26	0.499
247f4e07-b36b-4e95-9076-649523ef551b	8	25133589	36504113	7448	0.0098
247f4e07-b36b-4e95-9076-649523ef551b	8	36505639	36506091	2	-1.4805
247f4e07-b36b-4e95-9076-649523ef551b	8	36509197	39372806	1541	-0.0017
247f4e07-b36b-4e95-9076-649523ef551b	8	39373140	39517213	52	-0.2512
247f4e07-b36b-4e95-9076-649523ef551b	8	39517639	125241141	50947	0.0065
247f4e07-b36b-4e95-9076-649523ef551b	8	125242017	125242386	3	-1.6633
247f4e07-b36b-4e95-9076-649523ef551b	8	125242829	127076737	1363	0.0075
247f4e07-b36b-4e95-9076-649523ef551b	8	127081296	127082911	4	-1.0265
247f4e07-b36b-4e95-9076-649523ef551b	8	127087831	143622987	11983	0.0128
247f4e07-b36b-4e95-9076-649523ef551b	8	143623027	143625638	8	-1.5247
247f4e07-b36b-4e95-9076-649523ef551b	8	143636819	145072769	500	0.0199
247f4e07-b36b-4e95-9076-649523ef551b	9	46587	12554856	11668	0.0142
247f4e07-b36b-4e95-9076-649523ef551b	9	12556594	12562294	3	1.1474
247f4e07-b36b-4e95-9076-649523ef551b	9	12565520	23361807	8698	0.0007
247f4e07-b36b-4e95-9076-649523ef551b	9	23363117	23373486	8	-1.578
247f4e07-b36b-4e95-9076-649523ef551b	9	23378490	39807498	10723	0.0072
247f4e07-b36b-4e95-9076-649523ef551b	9	39827488	39833357	2	-1.4047
247f4e07-b36b-4e95-9076-649523ef551b	9	39840169	69496451	1357	0.0153
247f4e07-b36b-4e95-9076-649523ef551b	9	69496575	69496666	3	-1.188
247f4e07-b36b-4e95-9076-649523ef551b	9	69496681	70194046	537	0.0148
247f4e07-b36b-4e95-9076-649523ef551b	9	70196070	70197838	2	-1.2463
247f4e07-b36b-4e95-9076-649523ef551b	9	70198765	87907679	12675	0.0066
247f4e07-b36b-4e95-9076-649523ef551b	9	87939236	87939304	2	1.2009
247f4e07-b36b-4e95-9076-649523ef551b	9	87943042	102077386	9362	0.0033
247f4e07-b36b-4e95-9076-649523ef551b	9	102077557	102176033	89	0.1715
247f4e07-b36b-4e95-9076-649523ef551b	9	102178547	111685145	7321	0.0063
247f4e07-b36b-4e95-9076-649523ef551b	9	111685435	111686832	4	-0.915
247f4e07-b36b-4e95-9076-649523ef551b	9	111687690	130246901	12481	0.0053
247f4e07-b36b-4e95-9076-649523ef551b	9	130250954	130251361	3	-1.0412
247f4e07-b36b-4e95-9076-649523ef551b	9	130257473	138200944	4390	0.001
247f4e07-b36b-4e95-9076-649523ef551b	10	45792	17885034	14811	0.0078
247f4e07-b36b-4e95-9076-649523ef551b	10	17896194	17910884	3	-1.3806
247f4e07-b36b-4e95-9076-649523ef551b	10	17929793	24086334	4332	0.0025
247f4e07-b36b-4e95-9076-649523ef551b	10	24088745	24089125	11	0.7509
247f4e07-b36b-4e95-9076-649523ef551b	10	24089979	65546518	25146	0.0078
247f4e07-b36b-4e95-9076-649523ef551b	10	65548165	65554672	27	-0.3592
247f4e07-b36b-4e95-9076-649523ef551b	10	65554688	76493093	6774	0.0008
247f4e07-b36b-4e95-9076-649523ef551b	10	76497303	76497852	2	1.3815
247f4e07-b36b-4e95-9076-649523ef551b	10	76501509	79625693	2443	0.0106
247f4e07-b36b-4e95-9076-649523ef551b	10	79649470	79737848	9	-0.6702
247f4e07-b36b-4e95-9076-649523ef551b	10	79747269	133654968	36920	0.0066
247f4e07-b36b-4e95-9076-649523ef551b	11	198510	4215479	1733	0.0073
247f4e07-b36b-4e95-9076-649523ef551b	11	4217176	4306942	26	-0.5311
247f4e07-b36b-4e95-9076-649523ef551b	11	4314648	4946021	654	-0.0105
247f4e07-b36b-4e95-9076-649523ef551b	11	4946166	4955042	32	0.4904
247f4e07-b36b-4e95-9076-649523ef551b	11	4955781	5178478	182	0.0102
247f4e07-b36b-4e95-9076-649523ef551b	11	5179090	5179438	5	-0.6435
247f4e07-b36b-4e95-9076-649523ef551b	11	5180667	5766862	593	0.0164
247f4e07-b36b-4e95-9076-649523ef551b	11	5768371	5787909	30	0.4905
247f4e07-b36b-4e95-9076-649523ef551b	11	5788108	6096746	245	-0.0106
247f4e07-b36b-4e95-9076-649523ef551b	11	6099417	6100864	2	-1.3316
247f4e07-b36b-4e95-9076-649523ef551b	11	6101273	7802763	1253	-0.0033
247f4e07-b36b-4e95-9076-649523ef551b	11	7808385	7810711	3	-1.0034
247f4e07-b36b-4e95-9076-649523ef551b	11	7815462	12922960	3915	0.0082
247f4e07-b36b-4e95-9076-649523ef551b	11	12923511	12924656	6	-0.6829
247f4e07-b36b-4e95-9076-649523ef551b	11	12925155	18915920	3963	0.0102
247f4e07-b36b-4e95-9076-649523ef551b	11	18916085	18940586	53	-0.2871
247f4e07-b36b-4e95-9076-649523ef551b	11	18949158	49737304	20982	0.0062
247f4e07-b36b-4e95-9076-649523ef551b	11	49738003	49739136	6	-0.7924
247f4e07-b36b-4e95-9076-649523ef551b	11	49744609	55595864	720	0.0262
247f4e07-b36b-4e95-9076-649523ef551b	11	55606556	55674842	48	0.6308
247f4e07-b36b-4e95-9076-649523ef551b	11	55676735	55677818	4	-0.193
247f4e07-b36b-4e95-9076-649523ef551b	11	55678469	55685533	7	0.779
247f4e07-b36b-4e95-9076-649523ef551b	11	55686100	86583813	17718	0.0078
247f4e07-b36b-4e95-9076-649523ef551b	11	86583910	86595012	9	-0.6364
247f4e07-b36b-4e95-9076-649523ef551b	11	86604132	87153495	381	0.0047
247f4e07-b36b-4e95-9076-649523ef551b	11	87159287	87275463	90	-0.9114
247f4e07-b36b-4e95-9076-649523ef551b	11	87280691	89741663	1609	0.0126
247f4e07-b36b-4e95-9076-649523ef551b	11	89754781	89903029	16	-0.9997
247f4e07-b36b-4e95-9076-649523ef551b	11	89923071	90085436	9	0.7077
247f4e07-b36b-4e95-9076-649523ef551b	11	90098873	135074876	32324	0.0053
247f4e07-b36b-4e95-9076-649523ef551b	12	51460	9477960	6164	0.0115
247f4e07-b36b-4e95-9076-649523ef551b	12	9481274	9575696	24	-1.3384
247f4e07-b36b-4e95-9076-649523ef551b	12	9582373	10427861	631	0.0183
247f4e07-b36b-4e95-9076-649523ef551b	12	10430768	10434721	3	-0.9405
247f4e07-b36b-4e95-9076-649523ef551b	12	10435926	13143251	1926	0.0181
247f4e07-b36b-4e95-9076-649523ef551b	12	13143781	13147050	3	-2.1637
247f4e07-b36b-4e95-9076-649523ef551b	12	13148362	28322188	10393	0.005
247f4e07-b36b-4e95-9076-649523ef551b	12	28326183	28332267	5	-1.0641
247f4e07-b36b-4e95-9076-649523ef551b	12	28335877	33233822	3650	0.0063
247f4e07-b36b-4e95-9076-649523ef551b	12	33235894	33242207	4	-3.302
247f4e07-b36b-4e95-9076-649523ef551b	12	33242483	68987007	19683	0.0034
247f4e07-b36b-4e95-9076-649523ef551b	12	68989481	68990702	5	-1.2187
247f4e07-b36b-4e95-9076-649523ef551b	12	69002931	73933492	3123	0.0071
247f4e07-b36b-4e95-9076-649523ef551b	12	73934194	73935615	3	-1.2612
247f4e07-b36b-4e95-9076-649523ef551b	12	73939047	76240594	1458	-0.0047
247f4e07-b36b-4e95-9076-649523ef551b	12	76241194	76241349	2	-1.9237
247f4e07-b36b-4e95-9076-649523ef551b	12	76247043	81708426	3543	0.0037
247f4e07-b36b-4e95-9076-649523ef551b	12	81709075	81715120	5	-0.7445
247f4e07-b36b-4e95-9076-649523ef551b	12	81715588	105389428	15275	0.004
247f4e07-b36b-4e95-9076-649523ef551b	12	105389992	105393242	4	-1.0703
247f4e07-b36b-4e95-9076-649523ef551b	12	105393922	133201603	18767	0.007
247f4e07-b36b-4e95-9076-649523ef551b	13	18452809	20360497	955	0.0227
247f4e07-b36b-4e95-9076-649523ef551b	13	20361146	20361584	2	-1.2618
247f4e07-b36b-4e95-9076-649523ef551b	13	20362359	57176962	25012	0.0069
247f4e07-b36b-4e95-9076-649523ef551b	13	57184136	57204246	34	-1.8114
247f4e07-b36b-4e95-9076-649523ef551b	13	57215580	63924058	3942	0.0038
247f4e07-b36b-4e95-9076-649523ef551b	13	63924648	63926894	3	1.134
247f4e07-b36b-4e95-9076-649523ef551b	13	63926909	71902850	5006	0.0028
247f4e07-b36b-4e95-9076-649523ef551b	13	71903417	71906311	3	1.1608
247f4e07-b36b-4e95-9076-649523ef551b	13	71906418	107245262	24123	0.0067
247f4e07-b36b-4e95-9076-649523ef551b	13	107248689	107249633	2	-2.1438
247f4e07-b36b-4e95-9076-649523ef551b	13	107249799	108766552	1253	0.007
247f4e07-b36b-4e95-9076-649523ef551b	13	108766631	108766642	2	-3.5397
247f4e07-b36b-4e95-9076-649523ef551b	13	108766811	114342922	3633	0.0085
247f4e07-b36b-4e95-9076-649523ef551b	14	18239283	19955213	167	0.217
247f4e07-b36b-4e95-9076-649523ef551b	14	19956767	21851589	1254	-0.0004
247f4e07-b36b-4e95-9076-649523ef551b	14	21852699	22519044	615	0.1269
247f4e07-b36b-4e95-9076-649523ef551b	14	22519593	32817070	6237	0.0026
247f4e07-b36b-4e95-9076-649523ef551b	14	32819498	32819634	2	-1.9893
247f4e07-b36b-4e95-9076-649523ef551b	14	32822089	73534419	25874	0.0048
247f4e07-b36b-4e95-9076-649523ef551b	14	73540003	73554275	8	-1.3549
247f4e07-b36b-4e95-9076-649523ef551b	14	73563196	73765366	106	-0.0079
247f4e07-b36b-4e95-9076-649523ef551b	14	73777655	73778904	3	-1.0656
247f4e07-b36b-4e95-9076-649523ef551b	14	73780707	89365745	10324	0.0089
247f4e07-b36b-4e95-9076-649523ef551b	14	89367791	89368038	2	-2.1449
247f4e07-b36b-4e95-9076-649523ef551b	14	89369379	105544971	10191	0.0019
247f4e07-b36b-4e95-9076-649523ef551b	14	105563300	105650524	12	-0.7178
247f4e07-b36b-4e95-9076-649523ef551b	14	105653302	106340102	218	0.0387
247f4e07-b36b-4e95-9076-649523ef551b	14	106340305	106346115	5	-2.1273
247f4e07-b36b-4e95-9076-649523ef551b	14	106346129	106365807	5	-0.649
247f4e07-b36b-4e95-9076-649523ef551b	14	106369985	106877229	270	0.0158
247f4e07-b36b-4e95-9076-649523ef551b	15	19811075	22005276	180	0.0055
247f4e07-b36b-4e95-9076-649523ef551b	15	22227530	22299523	25	-0.7232
247f4e07-b36b-4e95-9076-649523ef551b	15	22385639	30231102	4625	0.0189
247f4e07-b36b-4e95-9076-649523ef551b	15	30252720	30269364	5	0.9647
247f4e07-b36b-4e95-9076-649523ef551b	15	30281107	34421922	2580	0.004
247f4e07-b36b-4e95-9076-649523ef551b	15	34430601	34526116	64	-0.6729
247f4e07-b36b-4e95-9076-649523ef551b	15	34570058	38788267	2943	0.0109
247f4e07-b36b-4e95-9076-649523ef551b	15	38795704	38821855	29	0.5945
247f4e07-b36b-4e95-9076-649523ef551b	15	38822313	83871965	27821	0.0043
247f4e07-b36b-4e95-9076-649523ef551b	15	83871986	83878795	8	-0.8502
247f4e07-b36b-4e95-9076-649523ef551b	15	83879115	101928837	13172	0.0041
247f4e07-b36b-4e95-9076-649523ef551b	16	10777	14964501	11125	0.01
247f4e07-b36b-4e95-9076-649523ef551b	16	14965488	15033033	28	-0.3429
247f4e07-b36b-4e95-9076-649523ef551b	16	15034129	18666789	1618	0.0178
247f4e07-b36b-4e95-9076-649523ef551b	16	18688534	18713525	4	-1.0473
247f4e07-b36b-4e95-9076-649523ef551b	16	18714714	21368130	1596	0.0104
247f4e07-b36b-4e95-9076-649523ef551b	16	21401082	21565495	18	-0.4506
247f4e07-b36b-4e95-9076-649523ef551b	16	21574471	22430699	367	-0.0085
247f4e07-b36b-4e95-9076-649523ef551b	16	22546611	22668748	54	-0.3864
247f4e07-b36b-4e95-9076-649523ef551b	16	22668865	55762682	12099	0.0049
247f4e07-b36b-4e95-9076-649523ef551b	16	55764310	55764867	3	2.1481
247f4e07-b36b-4e95-9076-649523ef551b	16	55770436	78337711	14266	0.0054
247f4e07-b36b-4e95-9076-649523ef551b	16	78338543	78350868	17	1.1196
247f4e07-b36b-4e95-9076-649523ef551b	16	78351104	90096867	10593	0.0036
247f4e07-b36b-4e95-9076-649523ef551b	17	150733	16759600	10463	0.0021
247f4e07-b36b-4e95-9076-649523ef551b	17	16759737	16834846	9	-0.7652
247f4e07-b36b-4e95-9076-649523ef551b	17	16838201	16934616	45	-0.0106
247f4e07-b36b-4e95-9076-649523ef551b	17	16937184	16937557	2	-1.9369
247f4e07-b36b-4e95-9076-649523ef551b	17	16937575	18414080	861	-0.0069
247f4e07-b36b-4e95-9076-649523ef551b	17	18452078	18550123	25	0.7777
247f4e07-b36b-4e95-9076-649523ef551b	17	18561272	46099741	11914	0.0033
247f4e07-b36b-4e95-9076-649523ef551b	17	46100092	46687628	122	-0.3362
247f4e07-b36b-4e95-9076-649523ef551b	17	46707286	83091923	21543	0.0047
247f4e07-b36b-4e95-9076-649523ef551b	18	48133	66095064	40252	0.0039
247f4e07-b36b-4e95-9076-649523ef551b	18	66099904	66100686	3	-1.8081
247f4e07-b36b-4e95-9076-649523ef551b	18	66108359	67292086	769	-0.0059
247f4e07-b36b-4e95-9076-649523ef551b	18	67292135	67300028	17	-0.5931
247f4e07-b36b-4e95-9076-649523ef551b	18	67300481	77357090	7714	0.0001
247f4e07-b36b-4e95-9076-649523ef551b	18	77360922	77361319	3	-1.8647
247f4e07-b36b-4e95-9076-649523ef551b	18	77364740	80257174	1850	0.0072
247f4e07-b36b-4e95-9076-649523ef551b	19	90910	5506648	1593	0.0001
247f4e07-b36b-4e95-9076-649523ef551b	19	5510228	5510569	2	-2.0073
247f4e07-b36b-4e95-9076-649523ef551b	19	5510642	39868963	17397	0.0036
247f4e07-b36b-4e95-9076-649523ef551b	19	39869041	39870288	6	-0.7842
247f4e07-b36b-4e95-9076-649523ef551b	19	39873982	43209225	1577	0.0078
247f4e07-b36b-4e95-9076-649523ef551b	19	43209582	43252085	16	-0.7633
247f4e07-b36b-4e95-9076-649523ef551b	19	43262507	51628560	4143	0.0112
247f4e07-b36b-4e95-9076-649523ef551b	19	51639099	51644944	11	-2.1917
247f4e07-b36b-4e95-9076-649523ef551b	19	51651652	55761691	2488	-0.0012
247f4e07-b36b-4e95-9076-649523ef551b	19	55766684	55771663	5	-1.2207
247f4e07-b36b-4e95-9076-649523ef551b	19	55771701	58586487	1837	-0.0008
247f4e07-b36b-4e95-9076-649523ef551b	20	80664	1580353	1202	0.0182
247f4e07-b36b-4e95-9076-649523ef551b	20	1580934	1613247	41	-1.0982
247f4e07-b36b-4e95-9076-649523ef551b	20	1617300	62386309	40287	0.0069
247f4e07-b36b-4e95-9076-649523ef551b	20	62387981	62389008	2	-1.4171
247f4e07-b36b-4e95-9076-649523ef551b	20	62389066	64324800	777	-0.0024
247f4e07-b36b-4e95-9076-649523ef551b	21	10354168	10559033	53	0.0421
247f4e07-b36b-4e95-9076-649523ef551b	21	10568903	10775586	34	0.2947
247f4e07-b36b-4e95-9076-649523ef551b	21	12973348	22278814	6190	0.0034
247f4e07-b36b-4e95-9076-649523ef551b	21	22283580	22292338	9	-0.7446
247f4e07-b36b-4e95-9076-649523ef551b	21	22294679	46677045	17510	0.0099
247f4e07-b36b-4e95-9076-649523ef551b	22	15294547	38894915	15181	0.0095
247f4e07-b36b-4e95-9076-649523ef551b	22	38899250	38900899	3	-2.2121
247f4e07-b36b-4e95-9076-649523ef551b	22	38903109	50528603	7921	0.0033
247f4e07-b36b-4e95-9076-649523ef551b	22	50534679	50534687	5	-1.7495
247f4e07-b36b-4e95-9076-649523ef551b	22	50535325	50796027	143	-0.0336
247f4e07-b36b-4e95-9076-649523ef551b	X	251810	146749209	78263	0.0065
247f4e07-b36b-4e95-9076-649523ef551b	X	146749359	146749373	2	-1.7332
247f4e07-b36b-4e95-9076-649523ef551b	X	146749813	152701849	3864	0.0061
247f4e07-b36b-4e95-9076-649523ef551b	X	152726306	152732354	9	0.626
247f4e07-b36b-4e95-9076-649523ef551b	X	152734908	155952689	1356	0.0114
247f4e07-b36b-4e95-9076-649523ef551b	Y	2782397	26576009	6600	-0.9705
247f4e07-b36b-4e95-9076-649523ef551b	Y	26580915	26588115	5	0.1166
247f4e07-b36b-4e95-9076-649523ef551b	Y	26588443	56872112	33	-0.9733
