GDC_Aliquot	Chromosome	Start	End	Num_Probes	Segment_Mean
a17023e0-fa4c-4851-b1c8-08523f3311ec	1	62920	259407	14	-0.8511
a17023e0-fa4c-4851-b1c8-08523f3311ec	1	259422	16863509	8688	0.0071
a17023e0-fa4c-4851-b1c8-08523f3311ec	1	16864367	16932568	46	0.4161
a17023e0-fa4c-4851-b1c8-08523f3311ec	1	16934716	25256850	5270	-0.005
a17023e0-fa4c-4851-b1c8-08523f3311ec	1	25266637	25320455	24	-1.7229
a17023e0-fa4c-4851-b1c8-08523f3311ec	1	25336819	110833598	53226	0.0075
a17023e0-fa4c-4851-b1c8-08523f3311ec	1	110834746	110845604	39	-0.6303
a17023e0-fa4c-4851-b1c8-08523f3311ec	1	110849445	112147704	1075	0.0075
a17023e0-fa4c-4851-b1c8-08523f3311ec	1	112153343	112163518	32	0.3745
a17023e0-fa4c-4851-b1c8-08523f3311ec	1	112163527	152583051	7589	0.0058
a17023e0-fa4c-4851-b1c8-08523f3311ec	1	152583230	152614064	33	0.9518
a17023e0-fa4c-4851-b1c8-08523f3311ec	1	152614100	169247699	11485	0.0029
a17023e0-fa4c-4851-b1c8-08523f3311ec	1	169264736	169272528	7	-2.2549
a17023e0-fa4c-4851-b1c8-08523f3311ec	1	169273163	179361393	6608	0.0066
a17023e0-fa4c-4851-b1c8-08523f3311ec	1	179362247	179364180	3	-1.1803
a17023e0-fa4c-4851-b1c8-08523f3311ec	1	179370071	196745743	11563	0.0049
a17023e0-fa4c-4851-b1c8-08523f3311ec	1	196758720	196843400	60	0.2452
a17023e0-fa4c-4851-b1c8-08523f3311ec	1	196846661	229675422	21829	0.0042
a17023e0-fa4c-4851-b1c8-08523f3311ec	1	229681109	229684449	3	-3.1997
a17023e0-fa4c-4851-b1c8-08523f3311ec	1	229684709	245473108	11769	0.0072
a17023e0-fa4c-4851-b1c8-08523f3311ec	1	245473737	245483602	11	-0.741
a17023e0-fa4c-4851-b1c8-08523f3311ec	1	245486349	248930189	2186	-0.0032
a17023e0-fa4c-4851-b1c8-08523f3311ec	2	12784	4158097	2985	-0.0067
a17023e0-fa4c-4851-b1c8-08523f3311ec	2	4166274	4176429	42	-0.6197
a17023e0-fa4c-4851-b1c8-08523f3311ec	2	4182472	16880811	9712	0.0068
a17023e0-fa4c-4851-b1c8-08523f3311ec	2	16880831	16880871	2	-1.3802
a17023e0-fa4c-4851-b1c8-08523f3311ec	2	16880921	34466002	11341	0.006
a17023e0-fa4c-4851-b1c8-08523f3311ec	2	34474248	34511990	45	-0.4766
a17023e0-fa4c-4851-b1c8-08523f3311ec	2	34512096	52514599	12993	0.0039
a17023e0-fa4c-4851-b1c8-08523f3311ec	2	52516787	52527743	8	-0.9663
a17023e0-fa4c-4851-b1c8-08523f3311ec	2	52531615	130036283	43738	0.0024
a17023e0-fa4c-4851-b1c8-08523f3311ec	2	130036310	130116915	13	-0.5788
a17023e0-fa4c-4851-b1c8-08523f3311ec	2	130117303	164397336	20461	0.007
a17023e0-fa4c-4851-b1c8-08523f3311ec	2	164415210	164421113	9	-0.8772
a17023e0-fa4c-4851-b1c8-08523f3311ec	2	164424792	179548644	9563	0.0018
a17023e0-fa4c-4851-b1c8-08523f3311ec	2	179553484	179557410	30	-0.7594
a17023e0-fa4c-4851-b1c8-08523f3311ec	2	179560916	207490614	16433	0.0074
a17023e0-fa4c-4851-b1c8-08523f3311ec	2	207490972	207494612	14	-0.891
a17023e0-fa4c-4851-b1c8-08523f3311ec	2	207494752	242147305	22066	0.0084
a17023e0-fa4c-4851-b1c8-08523f3311ec	3	20930	68697108	47759	0.0087
a17023e0-fa4c-4851-b1c8-08523f3311ec	3	68697133	68698262	13	1.1927
a17023e0-fa4c-4851-b1c8-08523f3311ec	3	68699607	143566923	43034	0.0057
a17023e0-fa4c-4851-b1c8-08523f3311ec	3	143566958	143567132	4	1.04
a17023e0-fa4c-4851-b1c8-08523f3311ec	3	143567959	162815162	11909	0.0056
a17023e0-fa4c-4851-b1c8-08523f3311ec	3	162816942	162818795	2	-2.381
a17023e0-fa4c-4851-b1c8-08523f3311ec	3	162819035	162861910	22	-0.4653
a17023e0-fa4c-4851-b1c8-08523f3311ec	3	162863585	162996729	102	-0.0288
a17023e0-fa4c-4851-b1c8-08523f3311ec	3	162999939	163008371	3	0.9902
a17023e0-fa4c-4851-b1c8-08523f3311ec	3	163008644	165323075	1241	0.0226
a17023e0-fa4c-4851-b1c8-08523f3311ec	3	165323760	165364151	65	-0.8004
a17023e0-fa4c-4851-b1c8-08523f3311ec	3	165367641	175360729	6271	0.0095
a17023e0-fa4c-4851-b1c8-08523f3311ec	3	175362803	175363437	6	-0.9237
a17023e0-fa4c-4851-b1c8-08523f3311ec	3	175363536	193156018	11505	0.0087
a17023e0-fa4c-4851-b1c8-08523f3311ec	3	193156958	193168646	22	-0.5452
a17023e0-fa4c-4851-b1c8-08523f3311ec	3	193168669	195720051	1507	0.0055
a17023e0-fa4c-4851-b1c8-08523f3311ec	3	195728637	195747892	19	-0.4182
a17023e0-fa4c-4851-b1c8-08523f3311ec	3	195751823	196935650	540	0.0248
a17023e0-fa4c-4851-b1c8-08523f3311ec	3	196936450	196936953	2	1.3494
a17023e0-fa4c-4851-b1c8-08523f3311ec	3	196937058	198169247	623	0.0089
a17023e0-fa4c-4851-b1c8-08523f3311ec	4	68929	9455251	5156	0.0058
a17023e0-fa4c-4851-b1c8-08523f3311ec	4	9459504	9477699	6	-1.1239
a17023e0-fa4c-4851-b1c8-08523f3311ec	4	9484440	10208766	539	-0.0192
a17023e0-fa4c-4851-b1c8-08523f3311ec	4	10212536	10233644	36	1.0209
a17023e0-fa4c-4851-b1c8-08523f3311ec	4	10234518	10389091	171	-0.0757
a17023e0-fa4c-4851-b1c8-08523f3311ec	4	10390730	10399044	16	-2.1743
a17023e0-fa4c-4851-b1c8-08523f3311ec	4	10401094	34777238	16773	0.0075
a17023e0-fa4c-4851-b1c8-08523f3311ec	4	34777340	34822561	43	0.4518
a17023e0-fa4c-4851-b1c8-08523f3311ec	4	34823103	40701994	3882	-0.0027
a17023e0-fa4c-4851-b1c8-08523f3311ec	4	40702128	40702175	2	-1.5778
a17023e0-fa4c-4851-b1c8-08523f3311ec	4	40702670	59594450	10238	0.0024
a17023e0-fa4c-4851-b1c8-08523f3311ec	4	59597062	59597973	2	-1.8203
a17023e0-fa4c-4851-b1c8-08523f3311ec	4	59601651	68506285	5338	0.012
a17023e0-fa4c-4851-b1c8-08523f3311ec	4	68509223	68792924	118	0.2567
a17023e0-fa4c-4851-b1c8-08523f3311ec	4	68794020	97432453	17628	0.0088
a17023e0-fa4c-4851-b1c8-08523f3311ec	4	97436283	97437154	2	-1.524
a17023e0-fa4c-4851-b1c8-08523f3311ec	4	97439635	160952848	37981	0.0079
a17023e0-fa4c-4851-b1c8-08523f3311ec	4	160958866	160963448	20	-0.4525
a17023e0-fa4c-4851-b1c8-08523f3311ec	4	160963756	171448195	6667	0.0119
a17023e0-fa4c-4851-b1c8-08523f3311ec	4	171453733	171456559	10	0.7794
a17023e0-fa4c-4851-b1c8-08523f3311ec	4	171456573	188300104	11343	0.0135
a17023e0-fa4c-4851-b1c8-08523f3311ec	4	188300206	188301899	6	1.4116
a17023e0-fa4c-4851-b1c8-08523f3311ec	4	188301957	190106768	1137	0.0167
a17023e0-fa4c-4851-b1c8-08523f3311ec	5	15532	685633	306	0.0256
a17023e0-fa4c-4851-b1c8-08523f3311ec	5	698256	773453	27	-1.088
a17023e0-fa4c-4851-b1c8-08523f3311ec	5	779766	12800777	9850	0.0113
a17023e0-fa4c-4851-b1c8-08523f3311ec	5	12815668	12837866	13	0.6809
a17023e0-fa4c-4851-b1c8-08523f3311ec	5	12838421	69550476	32865	0.008
a17023e0-fa4c-4851-b1c8-08523f3311ec	5	69571467	69822308	5	-1.5831
a17023e0-fa4c-4851-b1c8-08523f3311ec	5	69937600	99504170	16622	0.0041
a17023e0-fa4c-4851-b1c8-08523f3311ec	5	99504922	99508633	2	-1.6104
a17023e0-fa4c-4851-b1c8-08523f3311ec	5	99508807	181363319	53135	0.0052
a17023e0-fa4c-4851-b1c8-08523f3311ec	6	149661	253861	99	0.0333
a17023e0-fa4c-4851-b1c8-08523f3311ec	6	254267	385784	110	-0.3601
a17023e0-fa4c-4851-b1c8-08523f3311ec	6	387532	16086019	12342	0.0076
a17023e0-fa4c-4851-b1c8-08523f3311ec	6	16087003	16088500	6	-1.0701
a17023e0-fa4c-4851-b1c8-08523f3311ec	6	16088820	29869295	9084	0.009
a17023e0-fa4c-4851-b1c8-08523f3311ec	6	29869410	29882419	17	-1.1381
a17023e0-fa4c-4851-b1c8-08523f3311ec	6	29882497	31318528	663	0.0117
a17023e0-fa4c-4851-b1c8-08523f3311ec	6	31318754	31328674	9	-1.5001
a17023e0-fa4c-4851-b1c8-08523f3311ec	6	31342147	32486746	502	-0.0076
a17023e0-fa4c-4851-b1c8-08523f3311ec	6	32488906	32533522	13	1.2499
a17023e0-fa4c-4851-b1c8-08523f3311ec	6	32540699	32634492	36	0.3524
a17023e0-fa4c-4851-b1c8-08523f3311ec	6	32636595	32722250	55	0.0048
a17023e0-fa4c-4851-b1c8-08523f3311ec	6	32723020	32723053	3	-1.098
a17023e0-fa4c-4851-b1c8-08523f3311ec	6	32732907	54066286	13651	0.0081
a17023e0-fa4c-4851-b1c8-08523f3311ec	6	54066353	54067057	7	0.7346
a17023e0-fa4c-4851-b1c8-08523f3311ec	6	54070550	58096364	2079	0.0157
a17023e0-fa4c-4851-b1c8-08523f3311ec	6	58099774	58100791	4	-0.9863
a17023e0-fa4c-4851-b1c8-08523f3311ec	6	58106296	66328153	3286	0.0091
a17023e0-fa4c-4851-b1c8-08523f3311ec	6	66331020	66333004	6	-2.6052
a17023e0-fa4c-4851-b1c8-08523f3311ec	6	66333299	72153222	3925	0.0048
a17023e0-fa4c-4851-b1c8-08523f3311ec	6	72156821	72157169	2	-1.6287
a17023e0-fa4c-4851-b1c8-08523f3311ec	6	72158860	73882509	1088	0.0044
a17023e0-fa4c-4851-b1c8-08523f3311ec	6	73882741	73891694	9	-2.5558
a17023e0-fa4c-4851-b1c8-08523f3311ec	6	73893839	76304136	1469	0.0122
a17023e0-fa4c-4851-b1c8-08523f3311ec	6	76304792	76307326	7	0.7128
a17023e0-fa4c-4851-b1c8-08523f3311ec	6	76307339	78253172	1291	0.0048
a17023e0-fa4c-4851-b1c8-08523f3311ec	6	78259348	78325468	113	0.3137
a17023e0-fa4c-4851-b1c8-08523f3311ec	6	78329517	103286950	15466	0.0065
a17023e0-fa4c-4851-b1c8-08523f3311ec	6	103286954	103314186	47	0.6376
a17023e0-fa4c-4851-b1c8-08523f3311ec	6	103317795	133945130	19066	0.0066
a17023e0-fa4c-4851-b1c8-08523f3311ec	6	133947933	133948494	2	-1.3176
a17023e0-fa4c-4851-b1c8-08523f3311ec	6	133950934	170741917	25081	0.0045
a17023e0-fa4c-4851-b1c8-08523f3311ec	7	43355	57474821	40344	0.0082
a17023e0-fa4c-4851-b1c8-08523f3311ec	7	57476405	57476932	3	-1.6364
a17023e0-fa4c-4851-b1c8-08523f3311ec	7	57477003	62239187	169	-0.0313
a17023e0-fa4c-4851-b1c8-08523f3311ec	7	62246376	62332999	21	-0.5683
a17023e0-fa4c-4851-b1c8-08523f3311ec	7	62526795	67161024	1661	-0.0005
a17023e0-fa4c-4851-b1c8-08523f3311ec	7	67161256	67204078	17	-0.3978
a17023e0-fa4c-4851-b1c8-08523f3311ec	7	67207129	109793728	24688	0.0088
a17023e0-fa4c-4851-b1c8-08523f3311ec	7	109793741	109797616	11	0.6025
a17023e0-fa4c-4851-b1c8-08523f3311ec	7	109797618	109801187	15	0.0609
a17023e0-fa4c-4851-b1c8-08523f3311ec	7	109801572	109813853	10	0.4929
a17023e0-fa4c-4851-b1c8-08523f3311ec	7	109813925	124523209	8848	0.0033
a17023e0-fa4c-4851-b1c8-08523f3311ec	7	124523712	124524073	3	-1.2865
a17023e0-fa4c-4851-b1c8-08523f3311ec	7	124524582	134093899	5887	0.0075
a17023e0-fa4c-4851-b1c8-08523f3311ec	7	134100424	134113790	32	-0.325
a17023e0-fa4c-4851-b1c8-08523f3311ec	7	134113805	142061030	5190	-0.0006
a17023e0-fa4c-4851-b1c8-08523f3311ec	7	142062894	142092307	36	0.3629
a17023e0-fa4c-4851-b1c8-08523f3311ec	7	142099190	143529806	896	0.0061
a17023e0-fa4c-4851-b1c8-08523f3311ec	7	143530003	143603307	4	-0.9482
a17023e0-fa4c-4851-b1c8-08523f3311ec	7	143728285	159334314	9958	0.0039
a17023e0-fa4c-4851-b1c8-08523f3311ec	8	81254	645875	330	0.0153
a17023e0-fa4c-4851-b1c8-08523f3311ec	8	645892	645908	2	2.729
a17023e0-fa4c-4851-b1c8-08523f3311ec	8	656117	1418902	565	0.0124
a17023e0-fa4c-4851-b1c8-08523f3311ec	8	1419196	1419436	2	-1.6416
a17023e0-fa4c-4851-b1c8-08523f3311ec	8	1419522	5736745	5101	0.0112
a17023e0-fa4c-4851-b1c8-08523f3311ec	8	5741204	5749566	28	-0.6238
a17023e0-fa4c-4851-b1c8-08523f3311ec	8	5749634	6967739	1587	0.016
a17023e0-fa4c-4851-b1c8-08523f3311ec	8	6967746	7018620	26	-0.4413
a17023e0-fa4c-4851-b1c8-08523f3311ec	8	7020666	7890177	134	0.0062
a17023e0-fa4c-4851-b1c8-08523f3311ec	8	7919608	8104937	13	-0.7399
a17023e0-fa4c-4851-b1c8-08523f3311ec	8	8110806	12176798	3233	0.0037
a17023e0-fa4c-4851-b1c8-08523f3311ec	8	12177488	12418301	31	-1.5944
a17023e0-fa4c-4851-b1c8-08523f3311ec	8	12419769	14652523	1967	0.0043
a17023e0-fa4c-4851-b1c8-08523f3311ec	8	14652552	14652565	2	-1.3276
a17023e0-fa4c-4851-b1c8-08523f3311ec	8	14652887	25117985	8449	0.0074
a17023e0-fa4c-4851-b1c8-08523f3311ec	8	25118055	25126818	22	-0.4933
a17023e0-fa4c-4851-b1c8-08523f3311ec	8	25133589	39368830	9005	-0.0001
a17023e0-fa4c-4851-b1c8-08523f3311ec	8	39372664	39522148	57	0.5791
a17023e0-fa4c-4851-b1c8-08523f3311ec	8	39526605	40914477	1078	-0.0081
a17023e0-fa4c-4851-b1c8-08523f3311ec	8	40920333	40920952	2	-1.5753
a17023e0-fa4c-4851-b1c8-08523f3311ec	8	40926161	111279265	40913	0.0061
a17023e0-fa4c-4851-b1c8-08523f3311ec	8	111282050	111283031	10	-1.3539
a17023e0-fa4c-4851-b1c8-08523f3311ec	8	111288052	140994365	21109	0.0113
a17023e0-fa4c-4851-b1c8-08523f3311ec	8	140994391	142049218	669	-0.0696
a17023e0-fa4c-4851-b1c8-08523f3311ec	8	142049377	142140841	62	0.0362
a17023e0-fa4c-4851-b1c8-08523f3311ec	8	142143283	142144522	2	-1.3044
a17023e0-fa4c-4851-b1c8-08523f3311ec	8	142152210	145072769	1067	-0.0045
a17023e0-fa4c-4851-b1c8-08523f3311ec	9	46587	186580	17	0.162
a17023e0-fa4c-4851-b1c8-08523f3311ec	9	192129	571085	438	0.554
a17023e0-fa4c-4851-b1c8-08523f3311ec	9	571235	8343617	7582	0.0134
a17023e0-fa4c-4851-b1c8-08523f3311ec	9	8348417	8350830	7	-0.8867
a17023e0-fa4c-4851-b1c8-08523f3311ec	9	8356540	23361807	12371	0.0106
a17023e0-fa4c-4851-b1c8-08523f3311ec	9	23363117	23373486	8	-2.2404
a17023e0-fa4c-4851-b1c8-08523f3311ec	9	23378490	32079198	6399	0.0198
a17023e0-fa4c-4851-b1c8-08523f3311ec	9	32082228	32090402	13	0.5008
a17023e0-fa4c-4851-b1c8-08523f3311ec	9	32093145	39455364	4308	0.0069
a17023e0-fa4c-4851-b1c8-08523f3311ec	9	39455596	39547285	22	0.4925
a17023e0-fa4c-4851-b1c8-08523f3311ec	9	39547299	40099921	11	-0.5411
a17023e0-fa4c-4851-b1c8-08523f3311ec	9	40189830	42202227	119	-0.0175
a17023e0-fa4c-4851-b1c8-08523f3311ec	9	42211663	60894341	63	-0.3908
a17023e0-fa4c-4851-b1c8-08523f3311ec	9	60898630	61557822	23	-0.051
a17023e0-fa4c-4851-b1c8-08523f3311ec	9	61561095	61600648	9	-1.0771
a17023e0-fa4c-4851-b1c8-08523f3311ec	9	61612703	61629689	4	-2.0031
a17023e0-fa4c-4851-b1c8-08523f3311ec	9	61633080	114320531	32976	0.0059
a17023e0-fa4c-4851-b1c8-08523f3311ec	9	114325122	114326042	2	1.9186
a17023e0-fa4c-4851-b1c8-08523f3311ec	9	114330749	122923375	6590	0.0048
a17023e0-fa4c-4851-b1c8-08523f3311ec	9	122929676	122949230	18	0.4583
a17023e0-fa4c-4851-b1c8-08523f3311ec	9	122955270	138116778	8453	0.0066
a17023e0-fa4c-4851-b1c8-08523f3311ec	9	138116965	138200944	36	-0.2738
a17023e0-fa4c-4851-b1c8-08523f3311ec	10	45792	24086334	19185	0.0096
a17023e0-fa4c-4851-b1c8-08523f3311ec	10	24088745	24089125	11	-1.9556
a17023e0-fa4c-4851-b1c8-08523f3311ec	10	24089979	26938836	1990	0.0071
a17023e0-fa4c-4851-b1c8-08523f3311ec	10	26939421	26941746	7	-0.7298
a17023e0-fa4c-4851-b1c8-08523f3311ec	10	26941808	46215762	10313	0.0025
a17023e0-fa4c-4851-b1c8-08523f3311ec	10	46215867	46898735	210	-0.1332
a17023e0-fa4c-4851-b1c8-08523f3311ec	10	46901552	48079560	300	0.01
a17023e0-fa4c-4851-b1c8-08523f3311ec	10	48084420	48114825	3	-1.0204
a17023e0-fa4c-4851-b1c8-08523f3311ec	10	48114838	50070600	1376	0.008
a17023e0-fa4c-4851-b1c8-08523f3311ec	10	50081224	50132160	4	-2.0175
a17023e0-fa4c-4851-b1c8-08523f3311ec	10	50144008	54685856	3476	0.0107
a17023e0-fa4c-4851-b1c8-08523f3311ec	10	54693189	54708677	12	0.7587
a17023e0-fa4c-4851-b1c8-08523f3311ec	10	54712504	65546321	7512	0.0103
a17023e0-fa4c-4851-b1c8-08523f3311ec	10	65546400	65563037	31	-0.4762
a17023e0-fa4c-4851-b1c8-08523f3311ec	10	65563168	90238755	16606	0.0016
a17023e0-fa4c-4851-b1c8-08523f3311ec	10	90238817	90241962	2	-1.2366
a17023e0-fa4c-4851-b1c8-08523f3311ec	10	90242355	90700170	311	0.0315
a17023e0-fa4c-4851-b1c8-08523f3311ec	10	90702958	90703534	4	-1.0904
a17023e0-fa4c-4851-b1c8-08523f3311ec	10	90711823	133654968	29285	0.0067
a17023e0-fa4c-4851-b1c8-08523f3311ec	11	198510	4254774	1750	0.0037
a17023e0-fa4c-4851-b1c8-08523f3311ec	11	4274526	4298484	10	-0.5623
a17023e0-fa4c-4851-b1c8-08523f3311ec	11	4306942	5186788	876	0.0121
a17023e0-fa4c-4851-b1c8-08523f3311ec	11	5186944	5188362	6	0.693
a17023e0-fa4c-4851-b1c8-08523f3311ec	11	5188762	5762693	588	0.0148
a17023e0-fa4c-4851-b1c8-08523f3311ec	11	5766175	5787110	30	0.302
a17023e0-fa4c-4851-b1c8-08523f3311ec	11	5787146	6096746	248	0.026
a17023e0-fa4c-4851-b1c8-08523f3311ec	11	6099417	6100864	2	1.1609
a17023e0-fa4c-4851-b1c8-08523f3311ec	11	6101273	18918775	9151	0.0074
a17023e0-fa4c-4851-b1c8-08523f3311ec	11	18919309	18939550	36	-0.3119
a17023e0-fa4c-4851-b1c8-08523f3311ec	11	18939631	42937561	17296	0.0068
a17023e0-fa4c-4851-b1c8-08523f3311ec	11	42940281	42955081	8	0.9434
a17023e0-fa4c-4851-b1c8-08523f3311ec	11	42955811	49686823	3703	0.0037
a17023e0-fa4c-4851-b1c8-08523f3311ec	11	49689309	49736039	15	-0.6349
a17023e0-fa4c-4851-b1c8-08523f3311ec	11	49736119	55609022	744	-0.015
a17023e0-fa4c-4851-b1c8-08523f3311ec	11	55609035	55679856	46	0.3962
a17023e0-fa4c-4851-b1c8-08523f3311ec	11	55679989	81787763	14576	0.0053
a17023e0-fa4c-4851-b1c8-08523f3311ec	11	81792426	81806116	11	-0.6629
a17023e0-fa4c-4851-b1c8-08523f3311ec	11	81811590	89768798	5270	0.0123
a17023e0-fa4c-4851-b1c8-08523f3311ec	11	89796439	89817056	8	-0.821
a17023e0-fa4c-4851-b1c8-08523f3311ec	11	89834373	92033492	1356	0.0191
a17023e0-fa4c-4851-b1c8-08523f3311ec	11	92033551	92033596	2	-1.1088
a17023e0-fa4c-4851-b1c8-08523f3311ec	11	92033649	92289319	242	0.0336
a17023e0-fa4c-4851-b1c8-08523f3311ec	11	92291620	92294733	6	-1.2847
a17023e0-fa4c-4851-b1c8-08523f3311ec	11	92294987	127919009	25271	0.0061
a17023e0-fa4c-4851-b1c8-08523f3311ec	11	127920860	127921067	3	-1.2541
a17023e0-fa4c-4851-b1c8-08523f3311ec	11	127922395	135074876	5532	-0.0002
a17023e0-fa4c-4851-b1c8-08523f3311ec	12	51460	760032	419	-0.0305
a17023e0-fa4c-4851-b1c8-08523f3311ec	12	760097	764863	16	-0.7473
a17023e0-fa4c-4851-b1c8-08523f3311ec	12	766188	33141726	22333	0.0067
a17023e0-fa4c-4851-b1c8-08523f3311ec	12	33148472	33154031	25	0.3908
a17023e0-fa4c-4851-b1c8-08523f3311ec	12	33154144	33233822	47	-0.013
a17023e0-fa4c-4851-b1c8-08523f3311ec	12	33235894	33242207	4	-2.1818
a17023e0-fa4c-4851-b1c8-08523f3311ec	12	33242483	133201603	61954	0.0061
a17023e0-fa4c-4851-b1c8-08523f3311ec	13	18452809	37496998	13476	0.0108
a17023e0-fa4c-4851-b1c8-08523f3311ec	13	37497899	37510620	16	0.5965
a17023e0-fa4c-4851-b1c8-08523f3311ec	13	37514193	70160420	20432	0.0123
a17023e0-fa4c-4851-b1c8-08523f3311ec	13	70161932	70198763	48	-0.7942
a17023e0-fa4c-4851-b1c8-08523f3311ec	13	70201639	71902850	1063	0.0122
a17023e0-fa4c-4851-b1c8-08523f3311ec	13	71903417	71906418	4	-2.7634
a17023e0-fa4c-4851-b1c8-08523f3311ec	13	71906467	72317872	353	-0.0124
a17023e0-fa4c-4851-b1c8-08523f3311ec	13	72320699	72324442	5	-0.802
a17023e0-fa4c-4851-b1c8-08523f3311ec	13	72329817	111070847	26982	0.0097
a17023e0-fa4c-4851-b1c8-08523f3311ec	13	111071777	111072185	2	-1.4443
a17023e0-fa4c-4851-b1c8-08523f3311ec	13	111072198	114342922	1748	0.0184
a17023e0-fa4c-4851-b1c8-08523f3311ec	14	18239283	19289821	45	-0.0078
a17023e0-fa4c-4851-b1c8-08523f3311ec	14	19294457	19294475	2	-1.8677
a17023e0-fa4c-4851-b1c8-08523f3311ec	14	19298389	69547262	31542	0.0086
a17023e0-fa4c-4851-b1c8-08523f3311ec	14	69551330	69555750	9	-0.8406
a17023e0-fa4c-4851-b1c8-08523f3311ec	14	69555996	73540003	2623	0.0054
a17023e0-fa4c-4851-b1c8-08523f3311ec	14	73540147	73563196	8	0.6192
a17023e0-fa4c-4851-b1c8-08523f3311ec	14	73563211	73599988	16	-0.4002
a17023e0-fa4c-4851-b1c8-08523f3311ec	14	73600108	90788374	11337	0.0051
a17023e0-fa4c-4851-b1c8-08523f3311ec	14	90791431	90799257	9	-1.2004
a17023e0-fa4c-4851-b1c8-08523f3311ec	14	90801631	106340102	9502	0.0053
a17023e0-fa4c-4851-b1c8-08523f3311ec	14	106340305	106365807	10	-0.9291
a17023e0-fa4c-4851-b1c8-08523f3311ec	14	106369985	106418444	27	-0.0184
a17023e0-fa4c-4851-b1c8-08523f3311ec	14	106423925	106462169	47	-0.556
a17023e0-fa4c-4851-b1c8-08523f3311ec	14	106462183	106877229	195	0.0002
a17023e0-fa4c-4851-b1c8-08523f3311ec	15	19811075	19998708	44	-0.1502
a17023e0-fa4c-4851-b1c8-08523f3311ec	15	20001686	22455811	166	0.2727
a17023e0-fa4c-4851-b1c8-08523f3311ec	15	22483983	23199669	312	-0.0149
a17023e0-fa4c-4851-b1c8-08523f3311ec	15	23396367	23425837	12	-0.877
a17023e0-fa4c-4851-b1c8-08523f3311ec	15	23426699	24215679	577	0.0169
a17023e0-fa4c-4851-b1c8-08523f3311ec	15	24216571	24271197	29	-0.4062
a17023e0-fa4c-4851-b1c8-08523f3311ec	15	24271726	101928837	50394	0.0057
a17023e0-fa4c-4851-b1c8-08523f3311ec	16	10777	33340712	20006	0.0046
a17023e0-fa4c-4851-b1c8-08523f3311ec	16	33640096	35495270	306	-0.0965
a17023e0-fa4c-4851-b1c8-08523f3311ec	16	35496544	55762682	6617	0.0005
a17023e0-fa4c-4851-b1c8-08523f3311ec	16	55764310	55782331	13	1.0255
a17023e0-fa4c-4851-b1c8-08523f3311ec	16	55782734	55808470	7	0.2664
a17023e0-fa4c-4851-b1c8-08523f3311ec	16	55808544	55822948	10	-0.9089
a17023e0-fa4c-4851-b1c8-08523f3311ec	16	55824881	78337711	14264	0.0085
a17023e0-fa4c-4851-b1c8-08523f3311ec	16	78338543	78350841	16	-2.3918
a17023e0-fa4c-4851-b1c8-08523f3311ec	16	78350868	90096867	10608	0.0092
a17023e0-fa4c-4851-b1c8-08523f3311ec	17	150733	18455632	11390	0.0116
a17023e0-fa4c-4851-b1c8-08523f3311ec	17	18455635	18561907	25	0.4963
a17023e0-fa4c-4851-b1c8-08523f3311ec	17	18565883	36097258	6820	-0.0043
a17023e0-fa4c-4851-b1c8-08523f3311ec	17	36097317	36528169	123	-0.2001
a17023e0-fa4c-4851-b1c8-08523f3311ec	17	36528552	41266838	2449	0.0018
a17023e0-fa4c-4851-b1c8-08523f3311ec	17	41266851	41273905	15	0.6586
a17023e0-fa4c-4851-b1c8-08523f3311ec	17	41273921	41274198	3	2.5195
a17023e0-fa4c-4851-b1c8-08523f3311ec	17	41274279	46114412	2518	0.0014
a17023e0-fa4c-4851-b1c8-08523f3311ec	17	46117997	46323701	106	-0.252
a17023e0-fa4c-4851-b1c8-08523f3311ec	17	46351954	83091923	21564	0.0033
a17023e0-fa4c-4851-b1c8-08523f3311ec	18	48133	53677765	31697	0.007
a17023e0-fa4c-4851-b1c8-08523f3311ec	18	53680839	53683207	4	-1.1689
a17023e0-fa4c-4851-b1c8-08523f3311ec	18	53684270	80257174	19006	0.0106
a17023e0-fa4c-4851-b1c8-08523f3311ec	19	90910	20411869	8914	0.0091
a17023e0-fa4c-4851-b1c8-08523f3311ec	19	20413400	20538428	70	-0.8108
a17023e0-fa4c-4851-b1c8-08523f3311ec	19	20538656	20563384	17	-0.103
a17023e0-fa4c-4851-b1c8-08523f3311ec	19	20576271	20577052	2	-1.1898
a17023e0-fa4c-4851-b1c8-08523f3311ec	19	20582324	21632117	594	0.0023
a17023e0-fa4c-4851-b1c8-08523f3311ec	19	21632838	21637067	2	-1.5788
a17023e0-fa4c-4851-b1c8-08523f3311ec	19	21637309	43193181	10979	0.0025
a17023e0-fa4c-4851-b1c8-08523f3311ec	19	43198881	43252085	22	-0.7645
a17023e0-fa4c-4851-b1c8-08523f3311ec	19	43262507	58586487	8486	0.0062
a17023e0-fa4c-4851-b1c8-08523f3311ec	20	80664	1587007	1206	0.0034
a17023e0-fa4c-4851-b1c8-08523f3311ec	20	1587075	1590128	7	-0.7311
a17023e0-fa4c-4851-b1c8-08523f3311ec	20	1590140	1591257	12	-0.0848
a17023e0-fa4c-4851-b1c8-08523f3311ec	20	1591489	1613247	18	-0.8038
a17023e0-fa4c-4851-b1c8-08523f3311ec	20	1617300	64324800	41105	0.0045
a17023e0-fa4c-4851-b1c8-08523f3311ec	21	10354168	46677045	23850	0.0089
a17023e0-fa4c-4851-b1c8-08523f3311ec	22	15294547	36665116	13947	-0.0018
a17023e0-fa4c-4851-b1c8-08523f3311ec	22	36665350	36666483	2	-1.4656
a17023e0-fa4c-4851-b1c8-08523f3311ec	22	36669573	50796027	9303	0.0057
a17023e0-fa4c-4851-b1c8-08523f3311ec	X	251810	90634991	46812	0.0076
a17023e0-fa4c-4851-b1c8-08523f3311ec	X	90640076	90656859	11	-0.5572
a17023e0-fa4c-4851-b1c8-08523f3311ec	X	90674980	155952689	36810	0.0095
a17023e0-fa4c-4851-b1c8-08523f3311ec	Y	2782397	56872112	6637	-1.0272
