GDC_Aliquot	Chromosome	Start	End	Num_Probes	Segment_Mean
4b2073cb-62fe-41f3-baa1-200fc865871b	1	62920	98588	12	-0.7345
4b2073cb-62fe-41f3-baa1-200fc865871b	1	98602	16570326	8629	0.0152
4b2073cb-62fe-41f3-baa1-200fc865871b	1	16583114	16855942	53	-0.4015
4b2073cb-62fe-41f3-baa1-200fc865871b	1	16863509	20556030	2587	0.0146
4b2073cb-62fe-41f3-baa1-200fc865871b	1	20556451	20557323	6	-0.928
4b2073cb-62fe-41f3-baa1-200fc865871b	1	20558448	34626037	7686	0.0091
4b2073cb-62fe-41f3-baa1-200fc865871b	1	34626073	34638890	21	-0.5565
4b2073cb-62fe-41f3-baa1-200fc865871b	1	34648667	61647091	16451	0.0121
4b2073cb-62fe-41f3-baa1-200fc865871b	1	61647430	61654306	7	-0.6893
4b2073cb-62fe-41f3-baa1-200fc865871b	1	61654892	72303253	7293	0.0089
4b2073cb-62fe-41f3-baa1-200fc865871b	1	72305460	72345450	43	0.3148
4b2073cb-62fe-41f3-baa1-200fc865871b	1	72345465	229675422	84708	0.0069
4b2073cb-62fe-41f3-baa1-200fc865871b	1	229681109	229684449	3	-2.5514
4b2073cb-62fe-41f3-baa1-200fc865871b	1	229684709	239293918	7351	0.0033
4b2073cb-62fe-41f3-baa1-200fc865871b	1	239302291	239303047	5	-1.1483
4b2073cb-62fe-41f3-baa1-200fc865871b	1	239305256	248930189	6590	0.0142
4b2073cb-62fe-41f3-baa1-200fc865871b	2	12784	13844585	10457	0.0031
4b2073cb-62fe-41f3-baa1-200fc865871b	2	13846099	13846179	2	-2.0749
4b2073cb-62fe-41f3-baa1-200fc865871b	2	13847748	32024662	11937	0.0082
4b2073cb-62fe-41f3-baa1-200fc865871b	2	32028784	32097426	22	0.4089
4b2073cb-62fe-41f3-baa1-200fc865871b	2	32104956	35750907	2547	0.0013
4b2073cb-62fe-41f3-baa1-200fc865871b	2	35752724	35761650	4	-1.7946
4b2073cb-62fe-41f3-baa1-200fc865871b	2	35761842	41011095	3925	0.0104
4b2073cb-62fe-41f3-baa1-200fc865871b	2	41011303	41024093	23	-0.6107
4b2073cb-62fe-41f3-baa1-200fc865871b	2	41024125	52527743	8174	0.0098
4b2073cb-62fe-41f3-baa1-200fc865871b	2	52531615	52554404	33	0.6558
4b2073cb-62fe-41f3-baa1-200fc865871b	2	52560811	183220725	76040	0.0092
4b2073cb-62fe-41f3-baa1-200fc865871b	2	183221060	183224996	9	-0.849
4b2073cb-62fe-41f3-baa1-200fc865871b	2	183229270	237416057	33500	0.0088
4b2073cb-62fe-41f3-baa1-200fc865871b	2	237416756	237425636	5	-0.9778
4b2073cb-62fe-41f3-baa1-200fc865871b	2	237426165	242147305	2662	0.009
4b2073cb-62fe-41f3-baa1-200fc865871b	3	20930	3104616	2724	-0.0008
4b2073cb-62fe-41f3-baa1-200fc865871b	3	3105992	3107642	2	-1.8089
4b2073cb-62fe-41f3-baa1-200fc865871b	3	3107884	6604856	3079	0.0006
4b2073cb-62fe-41f3-baa1-200fc865871b	3	6609441	6611557	22	-0.5845
4b2073cb-62fe-41f3-baa1-200fc865871b	3	6611645	36242239	20645	0.0043
4b2073cb-62fe-41f3-baa1-200fc865871b	3	36242465	36243538	3	-1.6268
4b2073cb-62fe-41f3-baa1-200fc865871b	3	36243787	52989195	9197	0.0064
4b2073cb-62fe-41f3-baa1-200fc865871b	3	52994359	53007869	49	-0.3782
4b2073cb-62fe-41f3-baa1-200fc865871b	3	53010468	68697013	12002	0.0072
4b2073cb-62fe-41f3-baa1-200fc865871b	3	68697108	68698262	14	-1.296
4b2073cb-62fe-41f3-baa1-200fc865871b	3	68699607	89337951	12612	0.0061
4b2073cb-62fe-41f3-baa1-200fc865871b	3	89345442	89360887	28	-0.4943
4b2073cb-62fe-41f3-baa1-200fc865871b	3	89360979	89370771	24	-0.8883
4b2073cb-62fe-41f3-baa1-200fc865871b	3	89371081	99225614	3227	0.0037
4b2073cb-62fe-41f3-baa1-200fc865871b	3	99225632	99230577	36	-0.5358
4b2073cb-62fe-41f3-baa1-200fc865871b	3	99232120	128941857	18212	0.0069
4b2073cb-62fe-41f3-baa1-200fc865871b	3	128942130	128957427	7	-0.6655
4b2073cb-62fe-41f3-baa1-200fc865871b	3	128958255	130057015	468	-0.0024
4b2073cb-62fe-41f3-baa1-200fc865871b	3	130057833	130087393	35	-1.3548
4b2073cb-62fe-41f3-baa1-200fc865871b	3	130088081	136300257	4019	0.0124
4b2073cb-62fe-41f3-baa1-200fc865871b	3	136304109	136306584	2	-2.4257
4b2073cb-62fe-41f3-baa1-200fc865871b	3	136319699	162794951	16220	0.0048
4b2073cb-62fe-41f3-baa1-200fc865871b	3	162795304	162908207	68	-1.4623
4b2073cb-62fe-41f3-baa1-200fc865871b	3	162908784	198169247	21862	0.0075
4b2073cb-62fe-41f3-baa1-200fc865871b	4	68929	9455251	5149	0.0114
4b2073cb-62fe-41f3-baa1-200fc865871b	4	9459504	9477699	6	-0.9034
4b2073cb-62fe-41f3-baa1-200fc865871b	4	9484440	34784878	17533	0.0071
4b2073cb-62fe-41f3-baa1-200fc865871b	4	34785333	34828250	38	-0.3166
4b2073cb-62fe-41f3-baa1-200fc865871b	4	34828291	68378716	19421	0.0101
4b2073cb-62fe-41f3-baa1-200fc865871b	4	68389352	68736221	104	0.3366
4b2073cb-62fe-41f3-baa1-200fc865871b	4	68736405	86054941	10784	0.0097
4b2073cb-62fe-41f3-baa1-200fc865871b	4	86055238	86058791	19	-1.6208
4b2073cb-62fe-41f3-baa1-200fc865871b	4	86058936	179329410	56383	0.009
4b2073cb-62fe-41f3-baa1-200fc865871b	4	179329554	179329683	2	-1.9974
4b2073cb-62fe-41f3-baa1-200fc865871b	4	179330246	184680873	3967	0.0065
4b2073cb-62fe-41f3-baa1-200fc865871b	4	184682181	184682336	2	1.5513
4b2073cb-62fe-41f3-baa1-200fc865871b	4	184687420	188300104	2462	-0.0008
4b2073cb-62fe-41f3-baa1-200fc865871b	4	188300206	188300285	4	2.0709
4b2073cb-62fe-41f3-baa1-200fc865871b	4	188301659	190106768	1141	0.0031
4b2073cb-62fe-41f3-baa1-200fc865871b	5	15532	17341056	13244	0.005
4b2073cb-62fe-41f3-baa1-200fc865871b	5	17341538	17358160	11	-0.8155
4b2073cb-62fe-41f3-baa1-200fc865871b	5	17359087	21449167	2432	0.012
4b2073cb-62fe-41f3-baa1-200fc865871b	5	21451091	21451889	4	0.9382
4b2073cb-62fe-41f3-baa1-200fc865871b	5	21452329	58033756	20013	0.0078
4b2073cb-62fe-41f3-baa1-200fc865871b	5	58033802	58042530	27	-0.4484
4b2073cb-62fe-41f3-baa1-200fc865871b	5	58044246	104171056	26576	0.0088
4b2073cb-62fe-41f3-baa1-200fc865871b	5	104174079	104198425	22	-0.7963
4b2073cb-62fe-41f3-baa1-200fc865871b	5	104199787	181363319	50404	0.0085
4b2073cb-62fe-41f3-baa1-200fc865871b	6	149661	315197	129	0.0289
4b2073cb-62fe-41f3-baa1-200fc865871b	6	318804	384521	77	-0.215
4b2073cb-62fe-41f3-baa1-200fc865871b	6	384546	771504	320	0.0201
4b2073cb-62fe-41f3-baa1-200fc865871b	6	771711	776878	4	-0.9597
4b2073cb-62fe-41f3-baa1-200fc865871b	6	779944	8540786	6375	0.0069
4b2073cb-62fe-41f3-baa1-200fc865871b	6	8541997	8542010	2	-1.2903
4b2073cb-62fe-41f3-baa1-200fc865871b	6	8545199	8925113	278	0.0122
4b2073cb-62fe-41f3-baa1-200fc865871b	6	8927278	8932867	12	-1.0087
4b2073cb-62fe-41f3-baa1-200fc865871b	6	8934759	31313046	15104	0.0096
4b2073cb-62fe-41f3-baa1-200fc865871b	6	31318499	31328674	11	-1.0742
4b2073cb-62fe-41f3-baa1-200fc865871b	6	31342147	32463515	497	0.0043
4b2073cb-62fe-41f3-baa1-200fc865871b	6	32463775	32634330	54	-0.4651
4b2073cb-62fe-41f3-baa1-200fc865871b	6	32634492	33970966	813	0.0265
4b2073cb-62fe-41f3-baa1-200fc865871b	6	33974234	33974928	6	-0.9051
4b2073cb-62fe-41f3-baa1-200fc865871b	6	33976809	54066286	12873	0.0098
4b2073cb-62fe-41f3-baa1-200fc865871b	6	54066353	54067057	7	-0.8343
4b2073cb-62fe-41f3-baa1-200fc865871b	6	54070550	76726815	12156	0.0102
4b2073cb-62fe-41f3-baa1-200fc865871b	6	76730151	76743040	21	-0.5066
4b2073cb-62fe-41f3-baa1-200fc865871b	6	76751356	78261995	980	-0.0225
4b2073cb-62fe-41f3-baa1-200fc865871b	6	78262064	78322600	104	-0.6353
4b2073cb-62fe-41f3-baa1-200fc865871b	6	78322875	80279933	1231	0.0196
4b2073cb-62fe-41f3-baa1-200fc865871b	6	80287034	80287936	2	-1.4008
4b2073cb-62fe-41f3-baa1-200fc865871b	6	80288183	80568270	200	-0.008
4b2073cb-62fe-41f3-baa1-200fc865871b	6	80574472	80575042	6	-0.3441
4b2073cb-62fe-41f3-baa1-200fc865871b	6	80575241	80579817	27	-0.7515
4b2073cb-62fe-41f3-baa1-200fc865871b	6	80584624	94616288	8987	0.0065
4b2073cb-62fe-41f3-baa1-200fc865871b	6	94617621	94695386	57	-0.2136
4b2073cb-62fe-41f3-baa1-200fc865871b	6	94695692	139099858	27633	0.0096
4b2073cb-62fe-41f3-baa1-200fc865871b	6	139100600	139101546	2	-2.4437
4b2073cb-62fe-41f3-baa1-200fc865871b	6	139103986	155818068	11089	0.0075
4b2073cb-62fe-41f3-baa1-200fc865871b	6	155818421	155818511	2	-1.7285
4b2073cb-62fe-41f3-baa1-200fc865871b	6	155819309	170741917	10389	0.0063
4b2073cb-62fe-41f3-baa1-200fc865871b	7	43355	8331240	4664	0.0069
4b2073cb-62fe-41f3-baa1-200fc865871b	7	8335563	8336318	3	-1.199
4b2073cb-62fe-41f3-baa1-200fc865871b	7	8337077	26092670	14128	0.0049
4b2073cb-62fe-41f3-baa1-200fc865871b	7	26102772	26105793	4	-2.7909
4b2073cb-62fe-41f3-baa1-200fc865871b	7	26107599	38234132	8518	0.011
4b2073cb-62fe-41f3-baa1-200fc865871b	7	38238544	38317124	100	0.2573
4b2073cb-62fe-41f3-baa1-200fc865871b	7	38317144	53980536	10744	0.0005
4b2073cb-62fe-41f3-baa1-200fc865871b	7	53983334	54011660	17	-0.7304
4b2073cb-62fe-41f3-baa1-200fc865871b	7	54014417	54305455	245	0.0308
4b2073cb-62fe-41f3-baa1-200fc865871b	7	54318812	54318824	6	-1.2361
4b2073cb-62fe-41f3-baa1-200fc865871b	7	54325795	91578827	17954	0.0059
4b2073cb-62fe-41f3-baa1-200fc865871b	7	91589569	91589648	2	-1.8083
4b2073cb-62fe-41f3-baa1-200fc865871b	7	91589817	97766194	3855	0.004
4b2073cb-62fe-41f3-baa1-200fc865871b	7	97766197	97773163	9	-0.7341
4b2073cb-62fe-41f3-baa1-200fc865871b	7	97774928	109797041	6605	0.0074
4b2073cb-62fe-41f3-baa1-200fc865871b	7	109797042	109797620	7	-0.4622
4b2073cb-62fe-41f3-baa1-200fc865871b	7	109797623	109800866	11	-0.0943
4b2073cb-62fe-41f3-baa1-200fc865871b	7	109801155	109813925	13	-0.4322
4b2073cb-62fe-41f3-baa1-200fc865871b	7	109814172	142069843	19946	0.0082
4b2073cb-62fe-41f3-baa1-200fc865871b	7	142069880	142092307	33	-0.4106
4b2073cb-62fe-41f3-baa1-200fc865871b	7	142099190	159334314	10854	0.0075
4b2073cb-62fe-41f3-baa1-200fc865871b	8	81254	145072769	95378	0.0063
4b2073cb-62fe-41f3-baa1-200fc865871b	9	46587	29091099	24732	0.0049
4b2073cb-62fe-41f3-baa1-200fc865871b	9	29094551	29097682	3	-2.0569
4b2073cb-62fe-41f3-baa1-200fc865871b	9	29101434	32079198	2061	0.0022
4b2073cb-62fe-41f3-baa1-200fc865871b	9	32082228	32088859	11	0.5333
4b2073cb-62fe-41f3-baa1-200fc865871b	9	32090240	41644133	4428	0.0093
4b2073cb-62fe-41f3-baa1-200fc865871b	9	41644288	42729302	64	-0.3736
4b2073cb-62fe-41f3-baa1-200fc865871b	9	42736668	61405110	40	-0.137
4b2073cb-62fe-41f3-baa1-200fc865871b	9	61520021	61629689	28	0.4754
4b2073cb-62fe-41f3-baa1-200fc865871b	9	61633080	77155594	6674	0.0082
4b2073cb-62fe-41f3-baa1-200fc865871b	9	77155713	77162205	26	0.5542
4b2073cb-62fe-41f3-baa1-200fc865871b	9	77162488	138200944	41320	0.0083
4b2073cb-62fe-41f3-baa1-200fc865871b	10	45792	5125983	4406	0.004
4b2073cb-62fe-41f3-baa1-200fc865871b	10	5127974	5130036	2	-1.5444
4b2073cb-62fe-41f3-baa1-200fc865871b	10	5132283	13014263	6512	-0.0005
4b2073cb-62fe-41f3-baa1-200fc865871b	10	13014550	13016840	25	-0.6948
4b2073cb-62fe-41f3-baa1-200fc865871b	10	13022223	42704153	18353	0.0063
4b2073cb-62fe-41f3-baa1-200fc865871b	10	42706787	42751360	36	0.505
4b2073cb-62fe-41f3-baa1-200fc865871b	10	42756256	43880187	773	-0.0055
4b2073cb-62fe-41f3-baa1-200fc865871b	10	43880232	43880464	3	1.3266
4b2073cb-62fe-41f3-baa1-200fc865871b	10	43880477	46221897	1373	-0.001
4b2073cb-62fe-41f3-baa1-200fc865871b	10	46222715	46223605	2	-1.5559
4b2073cb-62fe-41f3-baa1-200fc865871b	10	46225568	46543248	165	-0.1058
4b2073cb-62fe-41f3-baa1-200fc865871b	10	46545913	46967412	37	0.2945
4b2073cb-62fe-41f3-baa1-200fc865871b	10	47002596	47627616	287	-0.0097
4b2073cb-62fe-41f3-baa1-200fc865871b	10	47680298	48084420	11	0.5488
4b2073cb-62fe-41f3-baa1-200fc865871b	10	48084439	54920517	5018	0.0083
4b2073cb-62fe-41f3-baa1-200fc865871b	10	54923330	54924277	2	-2.4885
4b2073cb-62fe-41f3-baa1-200fc865871b	10	54927534	65546518	7352	0.004
4b2073cb-62fe-41f3-baa1-200fc865871b	10	65548165	65554688	28	-0.4599
4b2073cb-62fe-41f3-baa1-200fc865871b	10	65563037	79595316	9217	0.0069
4b2073cb-62fe-41f3-baa1-200fc865871b	10	79624118	79737848	14	-0.599
4b2073cb-62fe-41f3-baa1-200fc865871b	10	79747269	87310039	5199	0.0082
4b2073cb-62fe-41f3-baa1-200fc865871b	10	87310988	87374179	14	0.5989
4b2073cb-62fe-41f3-baa1-200fc865871b	10	87382421	133654968	31723	0.0052
4b2073cb-62fe-41f3-baa1-200fc865871b	11	198510	22447934	15671	0.0026
4b2073cb-62fe-41f3-baa1-200fc865871b	11	22450055	22451212	4	-1.3391
4b2073cb-62fe-41f3-baa1-200fc865871b	11	22451596	31371747	6086	0.0051
4b2073cb-62fe-41f3-baa1-200fc865871b	11	31372721	31375533	2	-1.7479
4b2073cb-62fe-41f3-baa1-200fc865871b	11	31376660	48561264	11467	0.0066
4b2073cb-62fe-41f3-baa1-200fc865871b	11	48570194	48581124	11	-0.5407
4b2073cb-62fe-41f3-baa1-200fc865871b	11	48584766	50384671	727	-0.0034
4b2073cb-62fe-41f3-baa1-200fc865871b	11	50384854	50386219	4	0.8954
4b2073cb-62fe-41f3-baa1-200fc865871b	11	50397885	55595864	445	-0.0103
4b2073cb-62fe-41f3-baa1-200fc865871b	11	55606556	55685533	59	-1.2873
4b2073cb-62fe-41f3-baa1-200fc865871b	11	55686100	80256469	13243	0.0113
4b2073cb-62fe-41f3-baa1-200fc865871b	11	80256504	80256520	2	-2.8135
4b2073cb-62fe-41f3-baa1-200fc865871b	11	80256642	86594619	4490	-0.0009
4b2073cb-62fe-41f3-baa1-200fc865871b	11	86594771	86595012	5	-0.8838
4b2073cb-62fe-41f3-baa1-200fc865871b	11	86604132	89754781	2091	0.0081
4b2073cb-62fe-41f3-baa1-200fc865871b	11	89759710	89814936	9	0.77
4b2073cb-62fe-41f3-baa1-200fc865871b	11	89815724	93285549	2339	-0.0116
4b2073cb-62fe-41f3-baa1-200fc865871b	11	93288077	93305891	5	-1.3234
4b2073cb-62fe-41f3-baa1-200fc865871b	11	93306049	135074876	30034	0.005
4b2073cb-62fe-41f3-baa1-200fc865871b	12	51460	760032	418	-0.0024
4b2073cb-62fe-41f3-baa1-200fc865871b	12	760097	764863	16	-0.7653
4b2073cb-62fe-41f3-baa1-200fc865871b	12	766188	12377763	7780	0.0093
4b2073cb-62fe-41f3-baa1-200fc865871b	12	12383285	12388935	17	-0.6319
4b2073cb-62fe-41f3-baa1-200fc865871b	12	12389946	13178404	541	0.0211
4b2073cb-62fe-41f3-baa1-200fc865871b	12	13181725	13182206	3	-1.7302
4b2073cb-62fe-41f3-baa1-200fc865871b	12	13183433	33148586	13972	0.0051
4b2073cb-62fe-41f3-baa1-200fc865871b	12	33148600	33155426	25	-0.5444
4b2073cb-62fe-41f3-baa1-200fc865871b	12	33155453	54494266	10627	0.0066
4b2073cb-62fe-41f3-baa1-200fc865871b	12	54494339	54505069	11	-0.9645
4b2073cb-62fe-41f3-baa1-200fc865871b	12	54508292	90089573	22127	0.0054
4b2073cb-62fe-41f3-baa1-200fc865871b	12	90097892	90098297	7	-0.8981
4b2073cb-62fe-41f3-baa1-200fc865871b	12	90099780	92512175	1670	0.0058
4b2073cb-62fe-41f3-baa1-200fc865871b	12	92513412	92517173	2	-1.3652
4b2073cb-62fe-41f3-baa1-200fc865871b	12	92517243	99398036	4771	0.0104
4b2073cb-62fe-41f3-baa1-200fc865871b	12	99401515	99404956	31	-0.4437
4b2073cb-62fe-41f3-baa1-200fc865871b	12	99409315	101196261	1088	0.0087
4b2073cb-62fe-41f3-baa1-200fc865871b	12	101198801	101215860	15	-0.9259
4b2073cb-62fe-41f3-baa1-200fc865871b	12	101216880	128163832	17967	0.0083
4b2073cb-62fe-41f3-baa1-200fc865871b	12	128166473	128172935	5	-0.9807
4b2073cb-62fe-41f3-baa1-200fc865871b	12	128174350	128744341	546	0.0115
4b2073cb-62fe-41f3-baa1-200fc865871b	12	128745968	128747597	5	-1.2307
4b2073cb-62fe-41f3-baa1-200fc865871b	12	128748000	133201603	3063	0.0021
4b2073cb-62fe-41f3-baa1-200fc865871b	13	18452809	105923892	58147	0.0037
4b2073cb-62fe-41f3-baa1-200fc865871b	13	105924147	105930330	4	-1.4768
4b2073cb-62fe-41f3-baa1-200fc865871b	13	105930442	114342922	5922	0.0017
4b2073cb-62fe-41f3-baa1-200fc865871b	14	18239283	19675350	63	-0.0616
4b2073cb-62fe-41f3-baa1-200fc865871b	14	19689684	19956767	105	-0.3171
4b2073cb-62fe-41f3-baa1-200fc865871b	14	19957350	21928296	1363	0.0102
4b2073cb-62fe-41f3-baa1-200fc865871b	14	21928444	22509405	502	0.1556
4b2073cb-62fe-41f3-baa1-200fc865871b	14	22509533	73534419	32155	0.0019
4b2073cb-62fe-41f3-baa1-200fc865871b	14	73540003	73554275	8	-1.499
4b2073cb-62fe-41f3-baa1-200fc865871b	14	73563196	95007068	14193	0.0042
4b2073cb-62fe-41f3-baa1-200fc865871b	14	95007980	95008150	3	-2.5206
4b2073cb-62fe-41f3-baa1-200fc865871b	14	95008635	98683894	2879	0.0047
4b2073cb-62fe-41f3-baa1-200fc865871b	14	98684021	98684474	3	-1.2268
4b2073cb-62fe-41f3-baa1-200fc865871b	14	98684581	106418444	3806	0.0049
4b2073cb-62fe-41f3-baa1-200fc865871b	14	106423925	106475361	50	0.2635
4b2073cb-62fe-41f3-baa1-200fc865871b	14	106487515	106877229	193	0.0377
4b2073cb-62fe-41f3-baa1-200fc865871b	15	19811075	30215235	4832	0.0073
4b2073cb-62fe-41f3-baa1-200fc865871b	15	30230885	30269364	7	-1.1886
4b2073cb-62fe-41f3-baa1-200fc865871b	15	30281107	35847205	3522	0.002
4b2073cb-62fe-41f3-baa1-200fc865871b	15	35847556	35847585	2	-1.6939
4b2073cb-62fe-41f3-baa1-200fc865871b	15	35849751	76586021	25516	0.0073
4b2073cb-62fe-41f3-baa1-200fc865871b	15	76598900	76603434	22	0.8368
4b2073cb-62fe-41f3-baa1-200fc865871b	15	76609838	101928837	17592	0.0084
4b2073cb-62fe-41f3-baa1-200fc865871b	16	10777	1023552	390	0.0458
4b2073cb-62fe-41f3-baa1-200fc865871b	16	1028763	1038797	2	-1.5734
4b2073cb-62fe-41f3-baa1-200fc865871b	16	1039949	55764310	26517	0.0117
4b2073cb-62fe-41f3-baa1-200fc865871b	16	55764850	55764867	2	2.375
4b2073cb-62fe-41f3-baa1-200fc865871b	16	55770436	55775312	6	0.7724
4b2073cb-62fe-41f3-baa1-200fc865871b	16	55775554	55788532	9	0.2377
4b2073cb-62fe-41f3-baa1-200fc865871b	16	55808442	60521634	2940	-0.0009
4b2073cb-62fe-41f3-baa1-200fc865871b	16	60521804	60540490	9	-0.6992
4b2073cb-62fe-41f3-baa1-200fc865871b	16	60541170	75208831	8589	0.0039
4b2073cb-62fe-41f3-baa1-200fc865871b	16	75212144	75214869	3	-1.5849
4b2073cb-62fe-41f3-baa1-200fc865871b	16	75218408	78337711	2727	0.0051
4b2073cb-62fe-41f3-baa1-200fc865871b	16	78338543	78350868	16	-1.7906
4b2073cb-62fe-41f3-baa1-200fc865871b	16	78351104	80968666	3068	-0.0012
4b2073cb-62fe-41f3-baa1-200fc865871b	16	80970410	80971505	3	-1.1934
4b2073cb-62fe-41f3-baa1-200fc865871b	16	80972861	90096867	7526	0.0145
4b2073cb-62fe-41f3-baa1-200fc865871b	17	150733	18414080	11384	0.0082
4b2073cb-62fe-41f3-baa1-200fc865871b	17	18452078	18561272	26	-1.2259
4b2073cb-62fe-41f3-baa1-200fc865871b	17	18561907	41266825	9384	0.0064
4b2073cb-62fe-41f3-baa1-200fc865871b	17	41266838	41274279	20	-0.4951
4b2073cb-62fe-41f3-baa1-200fc865871b	17	41276472	46130967	2529	0.009
4b2073cb-62fe-41f3-baa1-200fc865871b	17	46131308	46284643	90	-0.2898
4b2073cb-62fe-41f3-baa1-200fc865871b	17	46284997	46446360	6	0.6244
4b2073cb-62fe-41f3-baa1-200fc865871b	17	46569894	56081683	5800	0.0146
4b2073cb-62fe-41f3-baa1-200fc865871b	17	56083553	56087574	11	-0.8292
4b2073cb-62fe-41f3-baa1-200fc865871b	17	56087668	56089158	5	-0.121
4b2073cb-62fe-41f3-baa1-200fc865871b	17	56089316	56095230	10	-1.0509
4b2073cb-62fe-41f3-baa1-200fc865871b	17	56095462	83091923	15715	0.0039
4b2073cb-62fe-41f3-baa1-200fc865871b	18	48133	42471713	23989	0.0071
4b2073cb-62fe-41f3-baa1-200fc865871b	18	42476604	42477802	25	-0.5147
4b2073cb-62fe-41f3-baa1-200fc865871b	18	42478430	42768731	176	0.0081
4b2073cb-62fe-41f3-baa1-200fc865871b	18	42769501	42773523	8	-0.7223
4b2073cb-62fe-41f3-baa1-200fc865871b	18	42776704	66239629	16218	0.0108
4b2073cb-62fe-41f3-baa1-200fc865871b	18	66240197	66244639	11	-0.8027
4b2073cb-62fe-41f3-baa1-200fc865871b	18	66244905	80257174	10255	0.002
4b2073cb-62fe-41f3-baa1-200fc865871b	19	90910	35358420	16689	0.0092
4b2073cb-62fe-41f3-baa1-200fc865871b	19	35364451	35370946	21	-0.5401
4b2073cb-62fe-41f3-baa1-200fc865871b	19	35375842	51639099	8024	0.0084
4b2073cb-62fe-41f3-baa1-200fc865871b	19	51639362	51644944	10	-0.9896
4b2073cb-62fe-41f3-baa1-200fc865871b	19	51651652	53013829	939	0.0111
4b2073cb-62fe-41f3-baa1-200fc865871b	19	53015494	53048976	22	0.745
4b2073cb-62fe-41f3-baa1-200fc865871b	19	53050987	54787128	1062	0.0228
4b2073cb-62fe-41f3-baa1-200fc865871b	19	54788617	54837236	28	-0.9838
4b2073cb-62fe-41f3-baa1-200fc865871b	19	54852069	55111373	160	0.0304
4b2073cb-62fe-41f3-baa1-200fc865871b	19	55111553	55111860	5	-0.8184
4b2073cb-62fe-41f3-baa1-200fc865871b	19	55118621	55771169	280	-0.0183
4b2073cb-62fe-41f3-baa1-200fc865871b	19	55771663	55771701	2	-1.6762
4b2073cb-62fe-41f3-baa1-200fc865871b	19	55774927	58586487	1836	0.0075
4b2073cb-62fe-41f3-baa1-200fc865871b	20	80664	1580934	1204	0.0115
4b2073cb-62fe-41f3-baa1-200fc865871b	20	1581021	1617460	42	-0.4388
4b2073cb-62fe-41f3-baa1-200fc865871b	20	1617690	3846662	1574	0.019
4b2073cb-62fe-41f3-baa1-200fc865871b	20	3849020	3851613	2	-1.5531
4b2073cb-62fe-41f3-baa1-200fc865871b	20	3858160	54031269	32006	0.0075
4b2073cb-62fe-41f3-baa1-200fc865871b	20	54034615	54042112	36	-0.6192
4b2073cb-62fe-41f3-baa1-200fc865871b	20	54046035	64324800	7444	0.009
4b2073cb-62fe-41f3-baa1-200fc865871b	21	10354168	10775586	87	0.2086
4b2073cb-62fe-41f3-baa1-200fc865871b	21	12973348	26910341	9759	0.0012
4b2073cb-62fe-41f3-baa1-200fc865871b	21	26910515	26910533	2	-1.3571
4b2073cb-62fe-41f3-baa1-200fc865871b	21	26911285	31864142	3565	-0.006
4b2073cb-62fe-41f3-baa1-200fc865871b	21	31865670	31867735	3	-1.6929
4b2073cb-62fe-41f3-baa1-200fc865871b	21	31879236	46677045	10418	0.0015
4b2073cb-62fe-41f3-baa1-200fc865871b	22	15294547	15869820	36	0.0315
4b2073cb-62fe-41f3-baa1-200fc865871b	22	15925481	16807330	131	0.4698
4b2073cb-62fe-41f3-baa1-200fc865871b	22	16819011	50796027	23073	0.0095
4b2073cb-62fe-41f3-baa1-200fc865871b	X	251810	149650320	80336	0.0052
4b2073cb-62fe-41f3-baa1-200fc865871b	X	149652965	149758163	44	0.5222
4b2073cb-62fe-41f3-baa1-200fc865871b	X	149793935	149899987	66	-0.014
4b2073cb-62fe-41f3-baa1-200fc865871b	X	149932109	150340025	232	0.5569
4b2073cb-62fe-41f3-baa1-200fc865871b	X	150342733	155952689	2903	0.0057
4b2073cb-62fe-41f3-baa1-200fc865871b	Y	2782397	56872112	6639	-1.1144
