GDC_Aliquot	Chromosome	Start	End	Num_Probes	Segment_Mean
2bb4a8d1-2e1d-4c0f-a52e-710ea4436db2	1	62920	1565561	203	0.3621
2bb4a8d1-2e1d-4c0f-a52e-710ea4436db2	1	1566216	1741164	22	-0.1803
2bb4a8d1-2e1d-4c0f-a52e-710ea4436db2	1	1756148	1779975	22	0.5049
2bb4a8d1-2e1d-4c0f-a52e-710ea4436db2	1	1783119	1872863	55	0.1027
2bb4a8d1-2e1d-4c0f-a52e-710ea4436db2	1	1875233	3301765	435	0.4001
2bb4a8d1-2e1d-4c0f-a52e-710ea4436db2	1	3302046	10310483	4419	0.0128
2bb4a8d1-2e1d-4c0f-a52e-710ea4436db2	1	10310529	10317925	16	-0.8656
2bb4a8d1-2e1d-4c0f-a52e-710ea4436db2	1	10321714	15163129	2724	0.0157
2bb4a8d1-2e1d-4c0f-a52e-710ea4436db2	1	15163142	15169338	12	0.6591
2bb4a8d1-2e1d-4c0f-a52e-710ea4436db2	1	15169409	15822508	412	0.0364
2bb4a8d1-2e1d-4c0f-a52e-710ea4436db2	1	15822572	15841285	16	0.6162
2bb4a8d1-2e1d-4c0f-a52e-710ea4436db2	1	15841304	16855942	352	0.0298
2bb4a8d1-2e1d-4c0f-a52e-710ea4436db2	1	16863509	16898730	14	0.9909
2bb4a8d1-2e1d-4c0f-a52e-710ea4436db2	1	16898872	16909373	7	0.29
2bb4a8d1-2e1d-4c0f-a52e-710ea4436db2	1	16909713	16935752	34	1.1557
2bb4a8d1-2e1d-4c0f-a52e-710ea4436db2	1	16949746	25269390	5247	0.0172
2bb4a8d1-2e1d-4c0f-a52e-710ea4436db2	1	25269456	25320455	22	0.5333
2bb4a8d1-2e1d-4c0f-a52e-710ea4436db2	1	25336819	30667100	2722	0.0126
2bb4a8d1-2e1d-4c0f-a52e-710ea4436db2	1	30670188	30789158	84	0.3774
2bb4a8d1-2e1d-4c0f-a52e-710ea4436db2	1	30789990	37379639	3606	0.0075
2bb4a8d1-2e1d-4c0f-a52e-710ea4436db2	1	37383192	37455082	44	0.3603
2bb4a8d1-2e1d-4c0f-a52e-710ea4436db2	1	37455442	39666548	1193	-0.0071
2bb4a8d1-2e1d-4c0f-a52e-710ea4436db2	1	39669345	39689516	22	0.5922
2bb4a8d1-2e1d-4c0f-a52e-710ea4436db2	1	39693156	55708974	9186	-0.003
2bb4a8d1-2e1d-4c0f-a52e-710ea4436db2	1	55712388	55713031	2	-1.9218
2bb4a8d1-2e1d-4c0f-a52e-710ea4436db2	1	55713140	72297687	11779	-0.0019
2bb4a8d1-2e1d-4c0f-a52e-710ea4436db2	1	72302735	72345465	48	0.5035
2bb4a8d1-2e1d-4c0f-a52e-710ea4436db2	1	72346221	74760534	1461	-0.0013
2bb4a8d1-2e1d-4c0f-a52e-710ea4436db2	1	74761187	74883325	69	-0.2923
2bb4a8d1-2e1d-4c0f-a52e-710ea4436db2	1	74883805	83916776	5936	-0.0041
2bb4a8d1-2e1d-4c0f-a52e-710ea4436db2	1	83919142	83924328	2	-2.6635
2bb4a8d1-2e1d-4c0f-a52e-710ea4436db2	1	83924843	94661145	6893	-0.004
2bb4a8d1-2e1d-4c0f-a52e-710ea4436db2	1	94665122	94689843	61	-1.0203
2bb4a8d1-2e1d-4c0f-a52e-710ea4436db2	1	94689855	109684893	9112	-0.0057
2bb4a8d1-2e1d-4c0f-a52e-710ea4436db2	1	109690352	109697556	13	1.2436
2bb4a8d1-2e1d-4c0f-a52e-710ea4436db2	1	109702376	112147704	1937	-0.0034
2bb4a8d1-2e1d-4c0f-a52e-710ea4436db2	1	112153343	112154591	22	0.7338
2bb4a8d1-2e1d-4c0f-a52e-710ea4436db2	1	112154619	143616084	5195	-0.0032
2bb4a8d1-2e1d-4c0f-a52e-710ea4436db2	1	143619861	143734438	56	0.3359
2bb4a8d1-2e1d-4c0f-a52e-710ea4436db2	1	143748012	152583051	2337	0.0154
2bb4a8d1-2e1d-4c0f-a52e-710ea4436db2	1	152583230	152614118	35	1.0064
2bb4a8d1-2e1d-4c0f-a52e-710ea4436db2	1	152618018	195477106	28732	-0.0017
2bb4a8d1-2e1d-4c0f-a52e-710ea4436db2	1	195479347	195524583	29	0.579
2bb4a8d1-2e1d-4c0f-a52e-710ea4436db2	1	195527027	196745743	797	-0.0193
2bb4a8d1-2e1d-4c0f-a52e-710ea4436db2	1	196758720	196846661	61	-1.6163
2bb4a8d1-2e1d-4c0f-a52e-710ea4436db2	1	196847600	228325557	20962	-0.0003
2bb4a8d1-2e1d-4c0f-a52e-710ea4436db2	1	228326017	228512270	71	0.2996
2bb4a8d1-2e1d-4c0f-a52e-710ea4436db2	1	228514917	230818886	1648	-0.0057
2bb4a8d1-2e1d-4c0f-a52e-710ea4436db2	1	230819080	230819351	2	1.4152
2bb4a8d1-2e1d-4c0f-a52e-710ea4436db2	1	230819383	231777147	582	0.0015
2bb4a8d1-2e1d-4c0f-a52e-710ea4436db2	1	231779862	231812573	23	0.5112
2bb4a8d1-2e1d-4c0f-a52e-710ea4436db2	1	231812900	241903682	7890	0.0033
2bb4a8d1-2e1d-4c0f-a52e-710ea4436db2	1	241905742	242034266	58	0.3511
2bb4a8d1-2e1d-4c0f-a52e-710ea4436db2	1	242034902	242917103	695	-0.0256
2bb4a8d1-2e1d-4c0f-a52e-710ea4436db2	1	242921355	243000540	25	0.6233
2bb4a8d1-2e1d-4c0f-a52e-710ea4436db2	1	243014268	246681274	2422	0.0011
2bb4a8d1-2e1d-4c0f-a52e-710ea4436db2	1	246681868	246706315	18	0.6362
2bb4a8d1-2e1d-4c0f-a52e-710ea4436db2	1	246709941	247649129	585	0.0071
2bb4a8d1-2e1d-4c0f-a52e-710ea4436db2	1	247650404	248415350	497	-0.1333
2bb4a8d1-2e1d-4c0f-a52e-710ea4436db2	1	248415915	248546369	34	0.2668
2bb4a8d1-2e1d-4c0f-a52e-710ea4436db2	1	248550567	248631988	33	-2.1721
2bb4a8d1-2e1d-4c0f-a52e-710ea4436db2	1	248633821	248703602	38	-0.0308
2bb4a8d1-2e1d-4c0f-a52e-710ea4436db2	1	248703943	248713007	5	-1.0368
2bb4a8d1-2e1d-4c0f-a52e-710ea4436db2	1	248713850	248930189	100	0.11
2bb4a8d1-2e1d-4c0f-a52e-710ea4436db2	2	12784	191931	106	0.1449
2bb4a8d1-2e1d-4c0f-a52e-710ea4436db2	2	192773	227201	24	0.6554
2bb4a8d1-2e1d-4c0f-a52e-710ea4436db2	2	227472	845701	449	0.0569
2bb4a8d1-2e1d-4c0f-a52e-710ea4436db2	2	847587	953548	69	0.3114
2bb4a8d1-2e1d-4c0f-a52e-710ea4436db2	2	953832	1448721	326	-0.015
2bb4a8d1-2e1d-4c0f-a52e-710ea4436db2	2	1454229	1910469	257	0.2394
2bb4a8d1-2e1d-4c0f-a52e-710ea4436db2	2	1912207	3144167	947	-0.0055
2bb4a8d1-2e1d-4c0f-a52e-710ea4436db2	2	3144361	3293235	150	0.2085
2bb4a8d1-2e1d-4c0f-a52e-710ea4436db2	2	3293722	4870200	1293	-0.0042
2bb4a8d1-2e1d-4c0f-a52e-710ea4436db2	2	4870219	4876276	9	-0.761
2bb4a8d1-2e1d-4c0f-a52e-710ea4436db2	2	4876344	13486879	6605	0.0097
2bb4a8d1-2e1d-4c0f-a52e-710ea4436db2	2	13487168	13487864	2	1.6829
2bb4a8d1-2e1d-4c0f-a52e-710ea4436db2	2	13488323	19786645	4754	0.002
2bb4a8d1-2e1d-4c0f-a52e-710ea4436db2	2	19787607	19787679	2	1.8099
2bb4a8d1-2e1d-4c0f-a52e-710ea4436db2	2	19789071	26150255	3768	0.0131
2bb4a8d1-2e1d-4c0f-a52e-710ea4436db2	2	26153635	26155878	4	-1.0862
2bb4a8d1-2e1d-4c0f-a52e-710ea4436db2	2	26157749	29418334	1832	0.0177
2bb4a8d1-2e1d-4c0f-a52e-710ea4436db2	2	29419008	29422071	11	-0.768
2bb4a8d1-2e1d-4c0f-a52e-710ea4436db2	2	29423558	32837414	2146	-0.0133
2bb4a8d1-2e1d-4c0f-a52e-710ea4436db2	2	32838938	32919018	56	0.3188
2bb4a8d1-2e1d-4c0f-a52e-710ea4436db2	2	32919329	34466002	1218	0.0022
2bb4a8d1-2e1d-4c0f-a52e-710ea4436db2	2	34474248	34512096	47	0.3299
2bb4a8d1-2e1d-4c0f-a52e-710ea4436db2	2	34512489	35742970	867	-0.0493
2bb4a8d1-2e1d-4c0f-a52e-710ea4436db2	2	35750907	35762850	7	-1.6232
2bb4a8d1-2e1d-4c0f-a52e-710ea4436db2	2	35762881	36675285	811	-0.0317
2bb4a8d1-2e1d-4c0f-a52e-710ea4436db2	2	36675320	36677870	4	1.8831
2bb4a8d1-2e1d-4c0f-a52e-710ea4436db2	2	36677908	52527330	11257	-0.0063
2bb4a8d1-2e1d-4c0f-a52e-710ea4436db2	2	52527342	52527743	6	-1.2541
2bb4a8d1-2e1d-4c0f-a52e-710ea4436db2	2	52531615	60380593	5567	-0.0034
2bb4a8d1-2e1d-4c0f-a52e-710ea4436db2	2	60380672	60399687	15	0.6339
2bb4a8d1-2e1d-4c0f-a52e-710ea4436db2	2	60401540	97192190	18205	-0.0002
2bb4a8d1-2e1d-4c0f-a52e-710ea4436db2	2	97199600	97211436	14	-0.7687
2bb4a8d1-2e1d-4c0f-a52e-710ea4436db2	2	97310327	97359885	13	0.0434
2bb4a8d1-2e1d-4c0f-a52e-710ea4436db2	2	97524284	97545726	9	0.8842
2bb4a8d1-2e1d-4c0f-a52e-710ea4436db2	2	97550415	103280161	3495	0.0066
2bb4a8d1-2e1d-4c0f-a52e-710ea4436db2	2	103285505	103285556	2	-1.6162
2bb4a8d1-2e1d-4c0f-a52e-710ea4436db2	2	103286876	115771679	7171	0.0111
2bb4a8d1-2e1d-4c0f-a52e-710ea4436db2	2	115771711	115880824	77	-0.3035
2bb4a8d1-2e1d-4c0f-a52e-710ea4436db2	2	115889218	124872987	5791	-0.0045
2bb4a8d1-2e1d-4c0f-a52e-710ea4436db2	2	124873079	125653670	418	-0.1537
2bb4a8d1-2e1d-4c0f-a52e-710ea4436db2	2	125654199	151709919	15766	0.0029
2bb4a8d1-2e1d-4c0f-a52e-710ea4436db2	2	151715174	151718178	4	-1.6011
2bb4a8d1-2e1d-4c0f-a52e-710ea4436db2	2	151718903	163780342	7176	0.0016
2bb4a8d1-2e1d-4c0f-a52e-710ea4436db2	2	163786978	163788616	5	-1.3853
2bb4a8d1-2e1d-4c0f-a52e-710ea4436db2	2	163790132	179546427	9869	0.0134
2bb4a8d1-2e1d-4c0f-a52e-710ea4436db2	2	179548635	179557142	28	-0.8396
2bb4a8d1-2e1d-4c0f-a52e-710ea4436db2	2	179557161	185438803	3700	-0.0174
2bb4a8d1-2e1d-4c0f-a52e-710ea4436db2	2	185439848	185830504	180	-0.248
2bb4a8d1-2e1d-4c0f-a52e-710ea4436db2	2	185831097	194617425	4856	-0.0074
2bb4a8d1-2e1d-4c0f-a52e-710ea4436db2	2	194617836	195367488	445	-0.1106
2bb4a8d1-2e1d-4c0f-a52e-710ea4436db2	2	195368659	202428368	4061	0.0083
2bb4a8d1-2e1d-4c0f-a52e-710ea4436db2	2	202431052	202447478	41	-0.6487
2bb4a8d1-2e1d-4c0f-a52e-710ea4436db2	2	202448759	208344446	3617	0.0028
2bb4a8d1-2e1d-4c0f-a52e-710ea4436db2	2	208344551	208344568	2	-1.9031
2bb4a8d1-2e1d-4c0f-a52e-710ea4436db2	2	208347952	226089732	11557	0.0014
2bb4a8d1-2e1d-4c0f-a52e-710ea4436db2	2	226092047	226096702	9	-1.2327
2bb4a8d1-2e1d-4c0f-a52e-710ea4436db2	2	226098982	228892105	1779	0.002
2bb4a8d1-2e1d-4c0f-a52e-710ea4436db2	2	228892153	228895367	13	-0.635
2bb4a8d1-2e1d-4c0f-a52e-710ea4436db2	2	228895419	229767552	641	-0.0066
2bb4a8d1-2e1d-4c0f-a52e-710ea4436db2	2	229768047	229768047	2	-1.3541
2bb4a8d1-2e1d-4c0f-a52e-710ea4436db2	2	229769398	231503112	917	-0.002
2bb4a8d1-2e1d-4c0f-a52e-710ea4436db2	2	231504690	231587213	52	0.3136
2bb4a8d1-2e1d-4c0f-a52e-710ea4436db2	2	231589651	232315640	337	0.0098
2bb4a8d1-2e1d-4c0f-a52e-710ea4436db2	2	232315703	232422877	75	0.3616
2bb4a8d1-2e1d-4c0f-a52e-710ea4436db2	2	232423548	233712312	769	0.0141
2bb4a8d1-2e1d-4c0f-a52e-710ea4436db2	2	233712440	233743203	28	0.4993
2bb4a8d1-2e1d-4c0f-a52e-710ea4436db2	2	233746179	234600822	734	0.0101
2bb4a8d1-2e1d-4c0f-a52e-710ea4436db2	2	234601839	234602813	2	-1.4594
2bb4a8d1-2e1d-4c0f-a52e-710ea4436db2	2	234603424	238919307	2864	0.0082
2bb4a8d1-2e1d-4c0f-a52e-710ea4436db2	2	238919569	239100676	107	0.2841
2bb4a8d1-2e1d-4c0f-a52e-710ea4436db2	2	239102564	240671904	1048	0.0203
2bb4a8d1-2e1d-4c0f-a52e-710ea4436db2	2	240686640	240766810	29	0.4409
2bb4a8d1-2e1d-4c0f-a52e-710ea4436db2	2	240776486	241557869	401	0.0101
2bb4a8d1-2e1d-4c0f-a52e-710ea4436db2	2	241557968	241841244	47	0.3198
2bb4a8d1-2e1d-4c0f-a52e-710ea4436db2	2	241973315	242001132	32	-1.0549
2bb4a8d1-2e1d-4c0f-a52e-710ea4436db2	2	242011715	242049113	39	0.342
2bb4a8d1-2e1d-4c0f-a52e-710ea4436db2	2	242049595	242147305	57	-0.0117
2bb4a8d1-2e1d-4c0f-a52e-710ea4436db2	3	20930	182919	153	-0.0179
2bb4a8d1-2e1d-4c0f-a52e-710ea4436db2	3	188339	191117	4	-3.1053
2bb4a8d1-2e1d-4c0f-a52e-710ea4436db2	3	193194	947081	587	-0.1488
2bb4a8d1-2e1d-4c0f-a52e-710ea4436db2	3	948533	975724	31	0.5285
2bb4a8d1-2e1d-4c0f-a52e-710ea4436db2	3	976585	1875292	889	-0.1222
2bb4a8d1-2e1d-4c0f-a52e-710ea4436db2	3	1876465	1881281	6	-1.3373
2bb4a8d1-2e1d-4c0f-a52e-710ea4436db2	3	1883380	1987145	93	-0.2133
2bb4a8d1-2e1d-4c0f-a52e-710ea4436db2	3	1992671	3925783	1745	-0.0206
2bb4a8d1-2e1d-4c0f-a52e-710ea4436db2	3	3928744	3929919	6	-1.3962
2bb4a8d1-2e1d-4c0f-a52e-710ea4436db2	3	3930284	10151245	5054	-0.0165
2bb4a8d1-2e1d-4c0f-a52e-710ea4436db2	3	10151264	10290392	119	0.1959
2bb4a8d1-2e1d-4c0f-a52e-710ea4436db2	3	10290681	11366589	814	0.0067
2bb4a8d1-2e1d-4c0f-a52e-710ea4436db2	3	11371130	11371926	4	-1.8008
2bb4a8d1-2e1d-4c0f-a52e-710ea4436db2	3	11375791	12649158	938	-0.0063
2bb4a8d1-2e1d-4c0f-a52e-710ea4436db2	3	12649165	17046342	3016	0.0273
2bb4a8d1-2e1d-4c0f-a52e-710ea4436db2	3	17046825	17076255	15	0.5484
2bb4a8d1-2e1d-4c0f-a52e-710ea4436db2	3	17076572	18026608	444	0.0368
2bb4a8d1-2e1d-4c0f-a52e-710ea4436db2	3	18030609	26559609	6004	-0.0234
2bb4a8d1-2e1d-4c0f-a52e-710ea4436db2	3	26560269	26570394	9	-0.9585
2bb4a8d1-2e1d-4c0f-a52e-710ea4436db2	3	26570407	35765569	6072	-0.0018
2bb4a8d1-2e1d-4c0f-a52e-710ea4436db2	3	35765920	35837904	41	-0.3326
2bb4a8d1-2e1d-4c0f-a52e-710ea4436db2	3	35843987	46760471	7015	0.0067
2bb4a8d1-2e1d-4c0f-a52e-710ea4436db2	3	46760515	46808099	37	-0.8215
2bb4a8d1-2e1d-4c0f-a52e-710ea4436db2	3	46817989	128556653	48406	-0.0045
2bb4a8d1-2e1d-4c0f-a52e-710ea4436db2	3	128556857	128575512	13	0.2498
2bb4a8d1-2e1d-4c0f-a52e-710ea4436db2	3	128578209	128594288	10	0.6485
2bb4a8d1-2e1d-4c0f-a52e-710ea4436db2	3	128598630	128686328	41	0.1797
2bb4a8d1-2e1d-4c0f-a52e-710ea4436db2	3	128686360	128702456	9	0.7997
2bb4a8d1-2e1d-4c0f-a52e-710ea4436db2	3	128702752	130044016	616	-0.0099
2bb4a8d1-2e1d-4c0f-a52e-710ea4436db2	3	130044855	130087393	38	0.9387
2bb4a8d1-2e1d-4c0f-a52e-710ea4436db2	3	130088081	150805798	12808	-0.0087
2bb4a8d1-2e1d-4c0f-a52e-710ea4436db2	3	150806849	150836991	20	0.6806
2bb4a8d1-2e1d-4c0f-a52e-710ea4436db2	3	150841351	154571399	2416	-0.0162
2bb4a8d1-2e1d-4c0f-a52e-710ea4436db2	3	154573259	154727162	78	-1.0415
2bb4a8d1-2e1d-4c0f-a52e-710ea4436db2	3	154730714	162790480	4875	-0.0131
2bb4a8d1-2e1d-4c0f-a52e-710ea4436db2	3	162794869	162898127	64	-1.4484
2bb4a8d1-2e1d-4c0f-a52e-710ea4436db2	3	162906054	183454170	12438	-0.0202
2bb4a8d1-2e1d-4c0f-a52e-710ea4436db2	3	183454368	184721759	660	0.1113
2bb4a8d1-2e1d-4c0f-a52e-710ea4436db2	3	184722137	195747311	7565	-0.002
2bb4a8d1-2e1d-4c0f-a52e-710ea4436db2	3	195747892	195991894	88	0.3332
2bb4a8d1-2e1d-4c0f-a52e-710ea4436db2	3	195998433	197579641	807	0.0397
2bb4a8d1-2e1d-4c0f-a52e-710ea4436db2	3	197580574	197587560	11	-0.9272
2bb4a8d1-2e1d-4c0f-a52e-710ea4436db2	3	197587577	198111566	242	0.026
2bb4a8d1-2e1d-4c0f-a52e-710ea4436db2	3	198118345	198119048	4	-0.807
2bb4a8d1-2e1d-4c0f-a52e-710ea4436db2	3	198121231	198169247	13	0.0238
2bb4a8d1-2e1d-4c0f-a52e-710ea4436db2	4	68929	284407	107	-0.0912
2bb4a8d1-2e1d-4c0f-a52e-710ea4436db2	4	286114	606483	117	0.1059
2bb4a8d1-2e1d-4c0f-a52e-710ea4436db2	4	646747	1060521	134	0.3703
2bb4a8d1-2e1d-4c0f-a52e-710ea4436db2	4	1064330	1299514	127	-0.0116
2bb4a8d1-2e1d-4c0f-a52e-710ea4436db2	4	1301173	1505243	44	0.3521
2bb4a8d1-2e1d-4c0f-a52e-710ea4436db2	4	1510104	3467716	859	0.0276
2bb4a8d1-2e1d-4c0f-a52e-710ea4436db2	4	3467927	3520956	19	0.5002
2bb4a8d1-2e1d-4c0f-a52e-710ea4436db2	4	3528143	7419771	2795	0.0117
2bb4a8d1-2e1d-4c0f-a52e-710ea4436db2	4	7420209	7460799	35	0.5106
2bb4a8d1-2e1d-4c0f-a52e-710ea4436db2	4	7461577	8718442	842	0.0328
2bb4a8d1-2e1d-4c0f-a52e-710ea4436db2	4	8720526	9484440	68	0.8991
2bb4a8d1-2e1d-4c0f-a52e-710ea4436db2	4	9494650	10208766	537	0.0293
2bb4a8d1-2e1d-4c0f-a52e-710ea4436db2	4	10212536	10233644	36	1.1739
2bb4a8d1-2e1d-4c0f-a52e-710ea4436db2	4	10234518	10390730	170	-0.0252
2bb4a8d1-2e1d-4c0f-a52e-710ea4436db2	4	10391530	10399044	15	-0.8033
2bb4a8d1-2e1d-4c0f-a52e-710ea4436db2	4	10401094	14475316	3265	-0.0105
2bb4a8d1-2e1d-4c0f-a52e-710ea4436db2	4	14476573	14478531	2	-2.5851
2bb4a8d1-2e1d-4c0f-a52e-710ea4436db2	4	14493738	21367070	4734	0.0015
2bb4a8d1-2e1d-4c0f-a52e-710ea4436db2	4	21370380	21375228	15	-0.8082
2bb4a8d1-2e1d-4c0f-a52e-710ea4436db2	4	21382117	33012502	7737	0.002
2bb4a8d1-2e1d-4c0f-a52e-710ea4436db2	4	33013698	33029456	14	-0.6937
2bb4a8d1-2e1d-4c0f-a52e-710ea4436db2	4	33030066	33374961	213	-0.0077
2bb4a8d1-2e1d-4c0f-a52e-710ea4436db2	4	33377514	33384564	11	-1.1201
2bb4a8d1-2e1d-4c0f-a52e-710ea4436db2	4	33386731	34777432	762	-0.0072
2bb4a8d1-2e1d-4c0f-a52e-710ea4436db2	4	34784878	34822561	37	0.4642
2bb4a8d1-2e1d-4c0f-a52e-710ea4436db2	4	34823103	35844827	647	-0.0484
2bb4a8d1-2e1d-4c0f-a52e-710ea4436db2	4	35846729	35849639	3	-2.8393
2bb4a8d1-2e1d-4c0f-a52e-710ea4436db2	4	35849784	43142368	4854	0.0006
2bb4a8d1-2e1d-4c0f-a52e-710ea4436db2	4	43143057	43278626	107	-0.249
2bb4a8d1-2e1d-4c0f-a52e-710ea4436db2	4	43279223	44015124	415	0.0095
2bb4a8d1-2e1d-4c0f-a52e-710ea4436db2	4	44019868	44024387	5	-3.0014
2bb4a8d1-2e1d-4c0f-a52e-710ea4436db2	4	44029382	44924403	508	0.0039
2bb4a8d1-2e1d-4c0f-a52e-710ea4436db2	4	44924503	44977582	48	-0.4699
2bb4a8d1-2e1d-4c0f-a52e-710ea4436db2	4	44977870	76244997	17387	-0.0067
2bb4a8d1-2e1d-4c0f-a52e-710ea4436db2	4	76252761	76257523	15	-1.1935
2bb4a8d1-2e1d-4c0f-a52e-710ea4436db2	4	76261525	111376705	21236	-0.0104
2bb4a8d1-2e1d-4c0f-a52e-710ea4436db2	4	111384346	111393889	30	-0.8268
2bb4a8d1-2e1d-4c0f-a52e-710ea4436db2	4	111397300	114252544	1821	0.0113
2bb4a8d1-2e1d-4c0f-a52e-710ea4436db2	4	114254167	114261019	23	-1.2874
2bb4a8d1-2e1d-4c0f-a52e-710ea4436db2	4	114263073	130995793	9899	-0.0069
2bb4a8d1-2e1d-4c0f-a52e-710ea4436db2	4	130997738	131396831	194	-0.2497
2bb4a8d1-2e1d-4c0f-a52e-710ea4436db2	4	131397031	134701521	1732	-0.0348
2bb4a8d1-2e1d-4c0f-a52e-710ea4436db2	4	134701533	134702075	2	-3.2102
2bb4a8d1-2e1d-4c0f-a52e-710ea4436db2	4	134702129	142872919	5174	0.0035
2bb4a8d1-2e1d-4c0f-a52e-710ea4436db2	4	142872948	142879312	28	-1.0139
2bb4a8d1-2e1d-4c0f-a52e-710ea4436db2	4	142879405	172501371	18154	-0.0062
2bb4a8d1-2e1d-4c0f-a52e-710ea4436db2	4	172503796	172507492	7	1.1659
2bb4a8d1-2e1d-4c0f-a52e-710ea4436db2	4	172519981	177960781	3300	-0.0024
2bb4a8d1-2e1d-4c0f-a52e-710ea4436db2	4	177960947	178759430	564	-0.1095
2bb4a8d1-2e1d-4c0f-a52e-710ea4436db2	4	178760728	179621785	582	-0.024
2bb4a8d1-2e1d-4c0f-a52e-710ea4436db2	4	179627873	179634825	9	-1.4982
2bb4a8d1-2e1d-4c0f-a52e-710ea4436db2	4	179642607	190106768	7343	0.003
2bb4a8d1-2e1d-4c0f-a52e-710ea4436db2	5	15532	1897714	927	0.2305
2bb4a8d1-2e1d-4c0f-a52e-710ea4436db2	5	1901091	9343801	6562	0.0088
2bb4a8d1-2e1d-4c0f-a52e-710ea4436db2	5	9343940	9362883	32	0.6099
2bb4a8d1-2e1d-4c0f-a52e-710ea4436db2	5	9364637	58025819	28127	-0.008
2bb4a8d1-2e1d-4c0f-a52e-710ea4436db2	5	58030200	58037706	32	1.4586
2bb4a8d1-2e1d-4c0f-a52e-710ea4436db2	5	58042530	58659324	436	-0.0365
2bb4a8d1-2e1d-4c0f-a52e-710ea4436db2	5	58659367	58663305	28	-0.9736
2bb4a8d1-2e1d-4c0f-a52e-710ea4436db2	5	58663865	79155476	11978	-0.0035
2bb4a8d1-2e1d-4c0f-a52e-710ea4436db2	5	79157507	79190119	16	0.588
2bb4a8d1-2e1d-4c0f-a52e-710ea4436db2	5	79196134	97575366	10296	-0.0012
2bb4a8d1-2e1d-4c0f-a52e-710ea4436db2	5	97575825	97580979	2	-2.7109
2bb4a8d1-2e1d-4c0f-a52e-710ea4436db2	5	97582130	97699837	79	-0.0059
2bb4a8d1-2e1d-4c0f-a52e-710ea4436db2	5	97705495	97919818	117	-0.1738
2bb4a8d1-2e1d-4c0f-a52e-710ea4436db2	5	97919877	99134197	691	0.0195
2bb4a8d1-2e1d-4c0f-a52e-710ea4436db2	5	99134610	101964286	1682	-0.1088
2bb4a8d1-2e1d-4c0f-a52e-710ea4436db2	5	101964917	126531272	16403	-0.0186
2bb4a8d1-2e1d-4c0f-a52e-710ea4436db2	5	126533745	126533751	2	-2.8418
2bb4a8d1-2e1d-4c0f-a52e-710ea4436db2	5	126536376	129047357	1479	-0.006
2bb4a8d1-2e1d-4c0f-a52e-710ea4436db2	5	129047794	129048856	4	-1.1898
2bb4a8d1-2e1d-4c0f-a52e-710ea4436db2	5	129049696	150822643	13249	-0.0033
2bb4a8d1-2e1d-4c0f-a52e-710ea4436db2	5	150825938	150844533	10	-0.8246
2bb4a8d1-2e1d-4c0f-a52e-710ea4436db2	5	150850208	154394611	2511	0.0009
2bb4a8d1-2e1d-4c0f-a52e-710ea4436db2	5	154394936	154395233	3	-2.6829
2bb4a8d1-2e1d-4c0f-a52e-710ea4436db2	5	154397658	156055719	1124	-0.0132
2bb4a8d1-2e1d-4c0f-a52e-710ea4436db2	5	156068240	156075169	5	-0.9956
2bb4a8d1-2e1d-4c0f-a52e-710ea4436db2	5	156077395	156149576	50	0.0109
2bb4a8d1-2e1d-4c0f-a52e-710ea4436db2	5	156150331	156163274	8	-1.0226
2bb4a8d1-2e1d-4c0f-a52e-710ea4436db2	5	156170444	169925822	9517	-0.0015
2bb4a8d1-2e1d-4c0f-a52e-710ea4436db2	5	169926462	169973633	61	0.3067
2bb4a8d1-2e1d-4c0f-a52e-710ea4436db2	5	169973672	171990845	1427	0.0147
2bb4a8d1-2e1d-4c0f-a52e-710ea4436db2	5	171994011	172199205	155	0.2581
2bb4a8d1-2e1d-4c0f-a52e-710ea4436db2	5	172204765	172653533	344	0.0055
2bb4a8d1-2e1d-4c0f-a52e-710ea4436db2	5	172656276	172712716	38	0.4147
2bb4a8d1-2e1d-4c0f-a52e-710ea4436db2	5	172713039	174743736	1541	0.0116
2bb4a8d1-2e1d-4c0f-a52e-710ea4436db2	5	174743908	174761029	14	0.6483
2bb4a8d1-2e1d-4c0f-a52e-710ea4436db2	5	174761886	175946505	863	0.018
2bb4a8d1-2e1d-4c0f-a52e-710ea4436db2	5	175960543	175966609	3	2.0141
2bb4a8d1-2e1d-4c0f-a52e-710ea4436db2	5	175966747	176623714	253	0.0412
2bb4a8d1-2e1d-4c0f-a52e-710ea4436db2	5	176626228	176889737	138	0.3042
2bb4a8d1-2e1d-4c0f-a52e-710ea4436db2	5	176890142	177771448	344	-0.0344
2bb4a8d1-2e1d-4c0f-a52e-710ea4436db2	5	177800550	177805604	3	2.2305
2bb4a8d1-2e1d-4c0f-a52e-710ea4436db2	5	177827964	177952489	16	0.3025
2bb4a8d1-2e1d-4c0f-a52e-710ea4436db2	5	177956397	181067088	1843	0.0202
2bb4a8d1-2e1d-4c0f-a52e-710ea4436db2	5	181067266	181363319	119	0.3054
2bb4a8d1-2e1d-4c0f-a52e-710ea4436db2	6	149661	253861	99	0.0176
2bb4a8d1-2e1d-4c0f-a52e-710ea4436db2	6	254267	441883	156	0.2992
2bb4a8d1-2e1d-4c0f-a52e-710ea4436db2	6	442206	755033	254	0.0085
2bb4a8d1-2e1d-4c0f-a52e-710ea4436db2	6	755193	879853	113	0.2404
2bb4a8d1-2e1d-4c0f-a52e-710ea4436db2	6	882436	29931900	20988	0.0047
2bb4a8d1-2e1d-4c0f-a52e-710ea4436db2	6	29933787	29933799	4	1.7022
2bb4a8d1-2e1d-4c0f-a52e-710ea4436db2	6	29940692	31318528	641	0.0247
2bb4a8d1-2e1d-4c0f-a52e-710ea4436db2	6	31318754	31328176	6	-1.8742
2bb4a8d1-2e1d-4c0f-a52e-710ea4436db2	6	31328210	31483699	149	0.0071
2bb4a8d1-2e1d-4c0f-a52e-710ea4436db2	6	31488057	32228211	201	0.3049
2bb4a8d1-2e1d-4c0f-a52e-710ea4436db2	6	32231090	32636595	202	-0.0003
2bb4a8d1-2e1d-4c0f-a52e-710ea4436db2	6	32637799	32658841	10	-0.8454
2bb4a8d1-2e1d-4c0f-a52e-710ea4436db2	6	32682835	53863452	13482	0.0047
2bb4a8d1-2e1d-4c0f-a52e-710ea4436db2	6	53863953	53866663	4	-1.1607
2bb4a8d1-2e1d-4c0f-a52e-710ea4436db2	6	53869994	57994263	2197	0.0053
2bb4a8d1-2e1d-4c0f-a52e-710ea4436db2	6	57994888	61794464	697	-0.1093
2bb4a8d1-2e1d-4c0f-a52e-710ea4436db2	6	61794654	67520610	3563	-0.022
2bb4a8d1-2e1d-4c0f-a52e-710ea4436db2	6	67523616	67725978	133	-4.3141
2bb4a8d1-2e1d-4c0f-a52e-710ea4436db2	6	67728568	67745345	11	-0.6931
2bb4a8d1-2e1d-4c0f-a52e-710ea4436db2	6	67748936	83384309	9999	-0.0156
2bb4a8d1-2e1d-4c0f-a52e-710ea4436db2	6	83385542	83386221	3	-1.4863
2bb4a8d1-2e1d-4c0f-a52e-710ea4436db2	6	83388830	92864624	6005	-0.0063
2bb4a8d1-2e1d-4c0f-a52e-710ea4436db2	6	92866148	92868912	31	-0.8772
2bb4a8d1-2e1d-4c0f-a52e-710ea4436db2	6	92873205	93761148	635	0.0234
2bb4a8d1-2e1d-4c0f-a52e-710ea4436db2	6	93761296	95386776	786	-0.1342
2bb4a8d1-2e1d-4c0f-a52e-710ea4436db2	6	95388284	103286954	4770	-0.0062
2bb4a8d1-2e1d-4c0f-a52e-710ea4436db2	6	103290101	103314186	45	0.6402
2bb4a8d1-2e1d-4c0f-a52e-710ea4436db2	6	103317795	114997858	7266	0.0008
2bb4a8d1-2e1d-4c0f-a52e-710ea4436db2	6	115003343	115004524	2	-2.0579
2bb4a8d1-2e1d-4c0f-a52e-710ea4436db2	6	115004900	123455748	4879	-0.0122
2bb4a8d1-2e1d-4c0f-a52e-710ea4436db2	6	123459176	123459301	2	-2.2928
2bb4a8d1-2e1d-4c0f-a52e-710ea4436db2	6	123459834	167096390	29688	-0.003
2bb4a8d1-2e1d-4c0f-a52e-710ea4436db2	6	167096630	167972956	335	0.0936
2bb4a8d1-2e1d-4c0f-a52e-710ea4436db2	6	167974511	168226744	184	0.2725
2bb4a8d1-2e1d-4c0f-a52e-710ea4436db2	6	168233291	170041523	1322	0.0456
2bb4a8d1-2e1d-4c0f-a52e-710ea4436db2	6	170041559	170238536	88	0.3498
2bb4a8d1-2e1d-4c0f-a52e-710ea4436db2	6	170238867	170741917	238	0.0322
2bb4a8d1-2e1d-4c0f-a52e-710ea4436db2	7	43355	130223	84	0.1125
2bb4a8d1-2e1d-4c0f-a52e-710ea4436db2	7	130375	199503	48	0.5324
2bb4a8d1-2e1d-4c0f-a52e-710ea4436db2	7	214803	896168	90	0.0294
2bb4a8d1-2e1d-4c0f-a52e-710ea4436db2	7	902112	1279811	155	0.328
2bb4a8d1-2e1d-4c0f-a52e-710ea4436db2	7	1287994	2206468	336	0.0035
2bb4a8d1-2e1d-4c0f-a52e-710ea4436db2	7	2206699	2412627	81	0.3127
2bb4a8d1-2e1d-4c0f-a52e-710ea4436db2	7	2412738	5764272	2198	0.0206
2bb4a8d1-2e1d-4c0f-a52e-710ea4436db2	7	5767502	6002602	81	0.2933
2bb4a8d1-2e1d-4c0f-a52e-710ea4436db2	7	6004292	6791067	335	0.0099
2bb4a8d1-2e1d-4c0f-a52e-710ea4436db2	7	6791305	6797375	2	1.2897
2bb4a8d1-2e1d-4c0f-a52e-710ea4436db2	7	6797437	8181214	1123	-0.0092
2bb4a8d1-2e1d-4c0f-a52e-710ea4436db2	7	8183221	8636835	400	-0.0377
2bb4a8d1-2e1d-4c0f-a52e-710ea4436db2	7	8637005	10586865	1543	-0.104
2bb4a8d1-2e1d-4c0f-a52e-710ea4436db2	7	10587221	16556132	4810	-0.0174
2bb4a8d1-2e1d-4c0f-a52e-710ea4436db2	7	16557026	16557233	3	-2.0582
2bb4a8d1-2e1d-4c0f-a52e-710ea4436db2	7	16557815	19821677	2771	-0.0593
2bb4a8d1-2e1d-4c0f-a52e-710ea4436db2	7	19822334	26083315	4688	0.0079
2bb4a8d1-2e1d-4c0f-a52e-710ea4436db2	7	26083801	26092670	14	0.258
2bb4a8d1-2e1d-4c0f-a52e-710ea4436db2	7	26102772	26105793	4	-3.4408
2bb4a8d1-2e1d-4c0f-a52e-710ea4436db2	7	26107599	38233729	8498	-0.0036
2bb4a8d1-2e1d-4c0f-a52e-710ea4436db2	7	38234132	38317707	112	-0.2086
2bb4a8d1-2e1d-4c0f-a52e-710ea4436db2	7	38317722	49133314	7134	0.0084
2bb4a8d1-2e1d-4c0f-a52e-710ea4436db2	7	49134548	49138032	7	-1.1609
2bb4a8d1-2e1d-4c0f-a52e-710ea4436db2	7	49138236	54318816	3837	-0.0099
2bb4a8d1-2e1d-4c0f-a52e-710ea4436db2	7	54318817	54318824	4	-2.0913
2bb4a8d1-2e1d-4c0f-a52e-710ea4436db2	7	54325795	56714614	1566	0.0027
2bb4a8d1-2e1d-4c0f-a52e-710ea4436db2	7	56714729	57442394	270	0.1518
2bb4a8d1-2e1d-4c0f-a52e-710ea4436db2	7	57449030	57622983	109	0.0089
2bb4a8d1-2e1d-4c0f-a52e-710ea4436db2	7	57638229	57665302	17	0.922
2bb4a8d1-2e1d-4c0f-a52e-710ea4436db2	7	57668805	88569380	13905	0.0018
2bb4a8d1-2e1d-4c0f-a52e-710ea4436db2	7	88569943	90209495	1104	-0.1334
2bb4a8d1-2e1d-4c0f-a52e-710ea4436db2	7	90209572	126405597	21443	0.0011
2bb4a8d1-2e1d-4c0f-a52e-710ea4436db2	7	126405632	126406561	9	-1.1215
2bb4a8d1-2e1d-4c0f-a52e-710ea4436db2	7	126406822	131996271	3273	0.0035
2bb4a8d1-2e1d-4c0f-a52e-710ea4436db2	7	131999704	132094180	66	0.3258
2bb4a8d1-2e1d-4c0f-a52e-710ea4436db2	7	132094534	132100075	3	-1.0523
2bb4a8d1-2e1d-4c0f-a52e-710ea4436db2	7	132102297	132168842	55	0.2351
2bb4a8d1-2e1d-4c0f-a52e-710ea4436db2	7	132170197	134100664	1298	0.0051
2bb4a8d1-2e1d-4c0f-a52e-710ea4436db2	7	134100967	134113805	27	0.6351
2bb4a8d1-2e1d-4c0f-a52e-710ea4436db2	7	134114093	144199159	6410	-0.0019
2bb4a8d1-2e1d-4c0f-a52e-710ea4436db2	7	144207186	144406822	23	0.4642
2bb4a8d1-2e1d-4c0f-a52e-710ea4436db2	7	144407069	146210762	1100	-0.03
2bb4a8d1-2e1d-4c0f-a52e-710ea4436db2	7	146212909	146213101	3	-1.5884
2bb4a8d1-2e1d-4c0f-a52e-710ea4436db2	7	146214410	155443766	6054	0.0051
2bb4a8d1-2e1d-4c0f-a52e-710ea4436db2	7	155444395	155446326	2	-1.9275
2bb4a8d1-2e1d-4c0f-a52e-710ea4436db2	7	155446527	157864057	1540	0.0034
2bb4a8d1-2e1d-4c0f-a52e-710ea4436db2	7	157864075	159323772	886	0.0974
2bb4a8d1-2e1d-4c0f-a52e-710ea4436db2	7	159323886	159334314	28	0.5349
2bb4a8d1-2e1d-4c0f-a52e-710ea4436db2	8	81254	288574	79	0.0943
2bb4a8d1-2e1d-4c0f-a52e-710ea4436db2	8	288866	289544	6	-0.9708
2bb4a8d1-2e1d-4c0f-a52e-710ea4436db2	8	289671	683684	265	0.1356
2bb4a8d1-2e1d-4c0f-a52e-710ea4436db2	8	683823	2844412	1683	0.0363
2bb4a8d1-2e1d-4c0f-a52e-710ea4436db2	8	2846011	2846377	7	1.0171
2bb4a8d1-2e1d-4c0f-a52e-710ea4436db2	8	2849649	3929960	1308	-0.0172
2bb4a8d1-2e1d-4c0f-a52e-710ea4436db2	8	3929969	3932584	19	-0.9309
2bb4a8d1-2e1d-4c0f-a52e-710ea4436db2	8	3933696	6039489	3013	-0.0483
2bb4a8d1-2e1d-4c0f-a52e-710ea4436db2	8	6040113	9263926	2379	0.0524
2bb4a8d1-2e1d-4c0f-a52e-710ea4436db2	8	9265091	9303599	38	0.5526
2bb4a8d1-2e1d-4c0f-a52e-710ea4436db2	8	9304480	11537723	1853	0.0153
2bb4a8d1-2e1d-4c0f-a52e-710ea4436db2	8	11537761	11641011	76	0.2894
2bb4a8d1-2e1d-4c0f-a52e-710ea4436db2	8	11642033	11707578	28	0.0376
2bb4a8d1-2e1d-4c0f-a52e-710ea4436db2	8	11712290	11713256	2	2.2324
2bb4a8d1-2e1d-4c0f-a52e-710ea4436db2	8	11715136	11829650	89	-0.0283
2bb4a8d1-2e1d-4c0f-a52e-710ea4436db2	8	11834430	12358500	150	0.2106
2bb4a8d1-2e1d-4c0f-a52e-710ea4436db2	8	12359339	12454103	30	-0.4092
2bb4a8d1-2e1d-4c0f-a52e-710ea4436db2	8	12470324	13403904	706	0.041
2bb4a8d1-2e1d-4c0f-a52e-710ea4436db2	8	13404032	15142050	1734	-0.0055
2bb4a8d1-2e1d-4c0f-a52e-710ea4436db2	8	15142474	15142547	2	-1.7372
2bb4a8d1-2e1d-4c0f-a52e-710ea4436db2	8	15142603	15424900	205	0.0307
2bb4a8d1-2e1d-4c0f-a52e-710ea4436db2	8	15425239	15428239	2	-1.5777
2bb4a8d1-2e1d-4c0f-a52e-710ea4436db2	8	15430857	15543669	85	0.0015
2bb4a8d1-2e1d-4c0f-a52e-710ea4436db2	8	15545551	15555938	9	-1.0823
2bb4a8d1-2e1d-4c0f-a52e-710ea4436db2	8	15565761	18407644	2579	-0.0218
2bb4a8d1-2e1d-4c0f-a52e-710ea4436db2	8	18408647	18413675	4	-1.937
2bb4a8d1-2e1d-4c0f-a52e-710ea4436db2	8	18413877	32829101	10492	0.0029
2bb4a8d1-2e1d-4c0f-a52e-710ea4436db2	8	32829941	32830685	2	1.9446
2bb4a8d1-2e1d-4c0f-a52e-710ea4436db2	8	32830895	37530397	2688	-0.0083
2bb4a8d1-2e1d-4c0f-a52e-710ea4436db2	8	37532467	37537558	4	-1.0867
2bb4a8d1-2e1d-4c0f-a52e-710ea4436db2	8	37539175	38455274	389	-0.005
2bb4a8d1-2e1d-4c0f-a52e-710ea4436db2	8	38455399	38463910	45	0.3608
2bb4a8d1-2e1d-4c0f-a52e-710ea4436db2	8	38463920	38855095	201	-0.007
2bb4a8d1-2e1d-4c0f-a52e-710ea4436db2	8	38857769	38861124	2	1.4669
2bb4a8d1-2e1d-4c0f-a52e-710ea4436db2	8	38861208	43306789	2734	0.0139
2bb4a8d1-2e1d-4c0f-a52e-710ea4436db2	8	43313864	43326321	5	-0.8879
2bb4a8d1-2e1d-4c0f-a52e-710ea4436db2	8	43326874	45951913	145	-0.0437
2bb4a8d1-2e1d-4c0f-a52e-710ea4436db2	8	46000405	46442996	112	0.2508
2bb4a8d1-2e1d-4c0f-a52e-710ea4436db2	8	46449903	76489927	18546	-0.0005
2bb4a8d1-2e1d-4c0f-a52e-710ea4436db2	8	76494311	76494326	2	-1.9758
2bb4a8d1-2e1d-4c0f-a52e-710ea4436db2	8	76494699	80197569	2201	-0.006
2bb4a8d1-2e1d-4c0f-a52e-710ea4436db2	8	80197593	80205025	5	-1.3296
2bb4a8d1-2e1d-4c0f-a52e-710ea4436db2	8	80207809	114716134	20343	-0.0042
2bb4a8d1-2e1d-4c0f-a52e-710ea4436db2	8	114717599	114874204	111	-0.281
2bb4a8d1-2e1d-4c0f-a52e-710ea4436db2	8	114879397	118269484	2230	0.0077
2bb4a8d1-2e1d-4c0f-a52e-710ea4436db2	8	118270039	118270755	2	-1.7506
2bb4a8d1-2e1d-4c0f-a52e-710ea4436db2	8	118275423	125500784	4926	0.0038
2bb4a8d1-2e1d-4c0f-a52e-710ea4436db2	8	125503955	125504269	2	-2.2218
2bb4a8d1-2e1d-4c0f-a52e-710ea4436db2	8	125504579	133569037	6081	0.0081
2bb4a8d1-2e1d-4c0f-a52e-710ea4436db2	8	133573729	133616658	55	0.3787
2bb4a8d1-2e1d-4c0f-a52e-710ea4436db2	8	133616840	140929602	5700	-0.0058
2bb4a8d1-2e1d-4c0f-a52e-710ea4436db2	8	140930001	141371052	293	0.1445
2bb4a8d1-2e1d-4c0f-a52e-710ea4436db2	8	141371192	142410372	607	0.3235
2bb4a8d1-2e1d-4c0f-a52e-710ea4436db2	8	142423108	144182963	593	0.0666
2bb4a8d1-2e1d-4c0f-a52e-710ea4436db2	8	144188443	144865512	230	0.3609
2bb4a8d1-2e1d-4c0f-a52e-710ea4436db2	8	144866324	145072769	122	0.0891
2bb4a8d1-2e1d-4c0f-a52e-710ea4436db2	9	46587	9261784	8802	-0.0094
2bb4a8d1-2e1d-4c0f-a52e-710ea4436db2	9	9261826	11906379	2327	-0.0912
2bb4a8d1-2e1d-4c0f-a52e-710ea4436db2	9	11913018	12010394	96	-1.1219
2bb4a8d1-2e1d-4c0f-a52e-710ea4436db2	9	12013904	12617397	469	-0.1216
2bb4a8d1-2e1d-4c0f-a52e-710ea4436db2	9	12617803	17635578	4122	0.0037
2bb4a8d1-2e1d-4c0f-a52e-710ea4436db2	9	17636339	17636676	7	-3.0735
2bb4a8d1-2e1d-4c0f-a52e-710ea4436db2	9	17641130	28235992	8213	-0.0058
2bb4a8d1-2e1d-4c0f-a52e-710ea4436db2	9	28236668	30166184	1378	-0.088
2bb4a8d1-2e1d-4c0f-a52e-710ea4436db2	9	30166962	39464757	5620	0.0074
2bb4a8d1-2e1d-4c0f-a52e-710ea4436db2	9	39481818	39481878	4	1.3494
2bb4a8d1-2e1d-4c0f-a52e-710ea4436db2	9	39483251	40922005	33	0.1171
2bb4a8d1-2e1d-4c0f-a52e-710ea4436db2	9	40926319	42574420	120	-0.5004
2bb4a8d1-2e1d-4c0f-a52e-710ea4436db2	9	42585140	63580418	123	-0.0103
2bb4a8d1-2e1d-4c0f-a52e-710ea4436db2	9	63590317	63590323	4	1.3699
2bb4a8d1-2e1d-4c0f-a52e-710ea4436db2	9	63590325	63762250	46	0.0304
2bb4a8d1-2e1d-4c0f-a52e-710ea4436db2	9	63763088	64510407	15	-0.9974
2bb4a8d1-2e1d-4c0f-a52e-710ea4436db2	9	64520620	103804216	24786	-0.0077
2bb4a8d1-2e1d-4c0f-a52e-710ea4436db2	9	103806415	103807009	2	-3.9274
2bb4a8d1-2e1d-4c0f-a52e-710ea4436db2	9	103808421	126849813	16953	0.0004
2bb4a8d1-2e1d-4c0f-a52e-710ea4436db2	9	126851417	126907071	31	0.3841
2bb4a8d1-2e1d-4c0f-a52e-710ea4436db2	9	126907277	133888781	4112	0.0077
2bb4a8d1-2e1d-4c0f-a52e-710ea4436db2	9	133888954	133904865	16	0.5314
2bb4a8d1-2e1d-4c0f-a52e-710ea4436db2	9	133907134	135247961	776	0.0148
2bb4a8d1-2e1d-4c0f-a52e-710ea4436db2	9	135248141	135319522	43	0.2881
2bb4a8d1-2e1d-4c0f-a52e-710ea4436db2	9	135322259	135326901	7	-0.4421
2bb4a8d1-2e1d-4c0f-a52e-710ea4436db2	9	135326957	135448928	89	0.3154
2bb4a8d1-2e1d-4c0f-a52e-710ea4436db2	9	135450423	136161138	307	0.04
2bb4a8d1-2e1d-4c0f-a52e-710ea4436db2	9	136161432	136229411	26	0.4043
2bb4a8d1-2e1d-4c0f-a52e-710ea4436db2	9	136243135	136532614	85	0.0581
2bb4a8d1-2e1d-4c0f-a52e-710ea4436db2	9	136536903	136537300	3	-2.493
2bb4a8d1-2e1d-4c0f-a52e-710ea4436db2	9	136539349	137339957	179	0.0886
2bb4a8d1-2e1d-4c0f-a52e-710ea4436db2	9	137356366	137361381	8	0.9451
2bb4a8d1-2e1d-4c0f-a52e-710ea4436db2	9	137378551	137563956	60	0.224
2bb4a8d1-2e1d-4c0f-a52e-710ea4436db2	9	137572364	137831315	131	-0.0072
2bb4a8d1-2e1d-4c0f-a52e-710ea4436db2	9	137836309	138180185	212	0.1701
2bb4a8d1-2e1d-4c0f-a52e-710ea4436db2	9	138180377	138200944	4	1.1036
2bb4a8d1-2e1d-4c0f-a52e-710ea4436db2	10	45792	460156	236	0.0497
2bb4a8d1-2e1d-4c0f-a52e-710ea4436db2	10	467695	480833	14	0.7358
2bb4a8d1-2e1d-4c0f-a52e-710ea4436db2	10	484704	551962	60	0.342
2bb4a8d1-2e1d-4c0f-a52e-710ea4436db2	10	552339	1299067	422	0.097
2bb4a8d1-2e1d-4c0f-a52e-710ea4436db2	10	1299763	2520136	1181	0.0194
2bb4a8d1-2e1d-4c0f-a52e-710ea4436db2	10	2520450	2520561	2	-1.633
2bb4a8d1-2e1d-4c0f-a52e-710ea4436db2	10	2528802	2880574	383	-0.0161
2bb4a8d1-2e1d-4c0f-a52e-710ea4436db2	10	2881116	3092489	215	0.1452
2bb4a8d1-2e1d-4c0f-a52e-710ea4436db2	10	3094130	4394981	1245	0.0037
2bb4a8d1-2e1d-4c0f-a52e-710ea4436db2	10	4396937	4397494	6	-1.0084
2bb4a8d1-2e1d-4c0f-a52e-710ea4436db2	10	4401637	5568386	946	0.0081
2bb4a8d1-2e1d-4c0f-a52e-710ea4436db2	10	5569463	5662188	78	0.2838
2bb4a8d1-2e1d-4c0f-a52e-710ea4436db2	10	5667325	6946021	1188	0.0063
2bb4a8d1-2e1d-4c0f-a52e-710ea4436db2	10	6946354	6947777	2	1.6585
2bb4a8d1-2e1d-4c0f-a52e-710ea4436db2	10	6949648	12057024	4148	-0.0055
2bb4a8d1-2e1d-4c0f-a52e-710ea4436db2	10	12059693	12134998	32	0.7577
2bb4a8d1-2e1d-4c0f-a52e-710ea4436db2	10	12135705	34795165	16577	-0.0014
2bb4a8d1-2e1d-4c0f-a52e-710ea4436db2	10	34796284	35000854	123	0.2514
2bb4a8d1-2e1d-4c0f-a52e-710ea4436db2	10	35002344	36839307	1194	0.0024
2bb4a8d1-2e1d-4c0f-a52e-710ea4436db2	10	36841972	36857697	8	-0.7852
2bb4a8d1-2e1d-4c0f-a52e-710ea4436db2	10	36858019	46216102	3362	0.0075
2bb4a8d1-2e1d-4c0f-a52e-710ea4436db2	10	46217729	46333369	144	0.1979
2bb4a8d1-2e1d-4c0f-a52e-710ea4436db2	10	46370859	55265163	5557	-0.0026
2bb4a8d1-2e1d-4c0f-a52e-710ea4436db2	10	55266231	55286172	14	-0.7119
2bb4a8d1-2e1d-4c0f-a52e-710ea4436db2	10	55288170	56017236	515	-0.1458
2bb4a8d1-2e1d-4c0f-a52e-710ea4436db2	10	56017264	56035317	17	-0.496
2bb4a8d1-2e1d-4c0f-a52e-710ea4436db2	10	56035909	130380993	50670	0.0022
2bb4a8d1-2e1d-4c0f-a52e-710ea4436db2	10	130381157	133654968	2065	0.1266
2bb4a8d1-2e1d-4c0f-a52e-710ea4436db2	11	198510	253390	36	0.1581
2bb4a8d1-2e1d-4c0f-a52e-710ea4436db2	11	253662	456012	68	0.4674
2bb4a8d1-2e1d-4c0f-a52e-710ea4436db2	11	456120	3395259	1170	0.0397
2bb4a8d1-2e1d-4c0f-a52e-710ea4436db2	11	3397122	3501270	26	0.2863
2bb4a8d1-2e1d-4c0f-a52e-710ea4436db2	11	3502304	3520831	8	-0.2963
2bb4a8d1-2e1d-4c0f-a52e-710ea4436db2	11	3531497	3659078	65	0.2708
2bb4a8d1-2e1d-4c0f-a52e-710ea4436db2	11	3660620	18919323	11256	-0.0046
2bb4a8d1-2e1d-4c0f-a52e-710ea4436db2	11	18927525	18940375	44	0.7803
2bb4a8d1-2e1d-4c0f-a52e-710ea4436db2	11	18940441	21398886	2261	-0.0045
2bb4a8d1-2e1d-4c0f-a52e-710ea4436db2	11	21400128	21400391	3	-1.157
2bb4a8d1-2e1d-4c0f-a52e-710ea4436db2	11	21400737	21669318	215	0.0189
2bb4a8d1-2e1d-4c0f-a52e-710ea4436db2	11	21676291	21701937	13	-0.6585
2bb4a8d1-2e1d-4c0f-a52e-710ea4436db2	11	21712549	25160882	2423	0.0005
2bb4a8d1-2e1d-4c0f-a52e-710ea4436db2	11	25162501	25166319	11	-0.8675
2bb4a8d1-2e1d-4c0f-a52e-710ea4436db2	11	25167955	25508117	247	-0.0409
2bb4a8d1-2e1d-4c0f-a52e-710ea4436db2	11	25508441	25668802	133	-0.2046
2bb4a8d1-2e1d-4c0f-a52e-710ea4436db2	11	25669294	36946148	7974	0.0054
2bb4a8d1-2e1d-4c0f-a52e-710ea4436db2	11	36947454	37635189	462	-0.1219
2bb4a8d1-2e1d-4c0f-a52e-710ea4436db2	11	37635347	56045655	8283	-0.0032
2bb4a8d1-2e1d-4c0f-a52e-710ea4436db2	11	56045760	56208856	112	-0.247
2bb4a8d1-2e1d-4c0f-a52e-710ea4436db2	11	56209389	59042524	1684	-0.0026
2bb4a8d1-2e1d-4c0f-a52e-710ea4436db2	11	59043768	59101750	30	0.4068
2bb4a8d1-2e1d-4c0f-a52e-710ea4436db2	11	59111709	64817543	3007	0.0204
2bb4a8d1-2e1d-4c0f-a52e-710ea4436db2	11	64825254	65885838	401	0.2814
2bb4a8d1-2e1d-4c0f-a52e-710ea4436db2	11	65893863	67490111	611	-0.0059
2bb4a8d1-2e1d-4c0f-a52e-710ea4436db2	11	67490352	68078103	195	0.1702
2bb4a8d1-2e1d-4c0f-a52e-710ea4436db2	11	68078489	80256469	6906	0.0064
2bb4a8d1-2e1d-4c0f-a52e-710ea4436db2	11	80256504	80256520	2	-2.0595
2bb4a8d1-2e1d-4c0f-a52e-710ea4436db2	11	80256642	105053135	17562	-0.011
2bb4a8d1-2e1d-4c0f-a52e-710ea4436db2	11	105053236	105060019	7	-1.0804
2bb4a8d1-2e1d-4c0f-a52e-710ea4436db2	11	105060506	133926781	20463	0.0016
2bb4a8d1-2e1d-4c0f-a52e-710ea4436db2	11	133929375	134772040	627	0.1524
2bb4a8d1-2e1d-4c0f-a52e-710ea4436db2	11	134772958	135074876	223	0.0479
2bb4a8d1-2e1d-4c0f-a52e-710ea4436db2	12	51460	244192	110	0.315
2bb4a8d1-2e1d-4c0f-a52e-710ea4436db2	12	246384	464704	117	-0.0121
2bb4a8d1-2e1d-4c0f-a52e-710ea4436db2	12	466467	769835	216	0.1906
2bb4a8d1-2e1d-4c0f-a52e-710ea4436db2	12	770280	8856464	5368	0.0121
2bb4a8d1-2e1d-4c0f-a52e-710ea4436db2	12	8858645	8861159	6	-1.3355
2bb4a8d1-2e1d-4c0f-a52e-710ea4436db2	12	8863598	11351157	1530	-0.0194
2bb4a8d1-2e1d-4c0f-a52e-710ea4436db2	12	11358643	11390472	30	-0.8444
2bb4a8d1-2e1d-4c0f-a52e-710ea4436db2	12	11399258	63567670	31541	-0.0045
2bb4a8d1-2e1d-4c0f-a52e-710ea4436db2	12	63567945	63741025	54	0.5259
2bb4a8d1-2e1d-4c0f-a52e-710ea4436db2	12	63741647	68385820	3100	0.0071
2bb4a8d1-2e1d-4c0f-a52e-710ea4436db2	12	68386210	72821675	2866	-0.0159
2bb4a8d1-2e1d-4c0f-a52e-710ea4436db2	12	72823548	72827098	3	-1.5269
2bb4a8d1-2e1d-4c0f-a52e-710ea4436db2	12	72828496	102866856	19123	-0.011
2bb4a8d1-2e1d-4c0f-a52e-710ea4436db2	12	102866886	113817236	7046	0.0104
2bb4a8d1-2e1d-4c0f-a52e-710ea4436db2	12	113819403	114019991	191	0.1818
2bb4a8d1-2e1d-4c0f-a52e-710ea4436db2	12	114020168	129795813	11204	0.011
2bb4a8d1-2e1d-4c0f-a52e-710ea4436db2	12	129796534	129869320	45	0.3737
2bb4a8d1-2e1d-4c0f-a52e-710ea4436db2	12	129869804	131248681	1071	0.0451
2bb4a8d1-2e1d-4c0f-a52e-710ea4436db2	12	131248852	131331871	72	-0.6874
2bb4a8d1-2e1d-4c0f-a52e-710ea4436db2	12	131332260	131413523	67	0.0062
2bb4a8d1-2e1d-4c0f-a52e-710ea4436db2	12	131415578	131619090	223	-1.0475
2bb4a8d1-2e1d-4c0f-a52e-710ea4436db2	12	131619226	131634088	7	-0.2204
2bb4a8d1-2e1d-4c0f-a52e-710ea4436db2	12	131635702	131648790	15	0.6622
2bb4a8d1-2e1d-4c0f-a52e-710ea4436db2	12	131657925	132125134	198	0.0005
2bb4a8d1-2e1d-4c0f-a52e-710ea4436db2	12	132125415	132876318	205	0.2963
2bb4a8d1-2e1d-4c0f-a52e-710ea4436db2	12	132876714	133201603	153	-0.0045
2bb4a8d1-2e1d-4c0f-a52e-710ea4436db2	13	18452809	18833025	87	-0.0196
2bb4a8d1-2e1d-4c0f-a52e-710ea4436db2	13	18833965	18842946	5	-1.1335
2bb4a8d1-2e1d-4c0f-a52e-710ea4436db2	13	18844220	31957984	9446	0.013
2bb4a8d1-2e1d-4c0f-a52e-710ea4436db2	13	31958485	31964286	18	-0.9349
2bb4a8d1-2e1d-4c0f-a52e-710ea4436db2	13	31965910	37496233	3876	0.0065
2bb4a8d1-2e1d-4c0f-a52e-710ea4436db2	13	37496998	37510620	17	-0.6526
2bb4a8d1-2e1d-4c0f-a52e-710ea4436db2	13	37514193	57189013	12506	-0.012
2bb4a8d1-2e1d-4c0f-a52e-710ea4436db2	13	57189156	57204234	27	-0.6106
2bb4a8d1-2e1d-4c0f-a52e-710ea4436db2	13	57204246	57429432	139	-0.191
2bb4a8d1-2e1d-4c0f-a52e-710ea4436db2	13	57432969	114342922	37829	-0.0068
2bb4a8d1-2e1d-4c0f-a52e-710ea4436db2	14	18239283	19957350	169	0.3874
2bb4a8d1-2e1d-4c0f-a52e-710ea4436db2	14	19957701	21684307	1149	0.0138
2bb4a8d1-2e1d-4c0f-a52e-710ea4436db2	14	21684584	22329131	555	-0.1629
2bb4a8d1-2e1d-4c0f-a52e-710ea4436db2	14	22329312	22625942	250	0.0298
2bb4a8d1-2e1d-4c0f-a52e-710ea4436db2	14	22626099	22630225	5	-1.0585
2bb4a8d1-2e1d-4c0f-a52e-710ea4436db2	14	22630304	25932960	2072	0.0161
2bb4a8d1-2e1d-4c0f-a52e-710ea4436db2	14	25935615	25935775	2	1.7239
2bb4a8d1-2e1d-4c0f-a52e-710ea4436db2	14	25935854	34527440	5495	-0.0021
2bb4a8d1-2e1d-4c0f-a52e-710ea4436db2	14	34527508	34569707	18	0.5793
2bb4a8d1-2e1d-4c0f-a52e-710ea4436db2	14	34569888	39931202	3166	0.006
2bb4a8d1-2e1d-4c0f-a52e-710ea4436db2	14	39931514	48479350	5169	-0.0443
2bb4a8d1-2e1d-4c0f-a52e-710ea4436db2	14	48479549	73534419	16070	-0.0048
2bb4a8d1-2e1d-4c0f-a52e-710ea4436db2	14	73540003	73554275	8	1.2159
2bb4a8d1-2e1d-4c0f-a52e-710ea4436db2	14	73563196	85815059	8134	0.0029
2bb4a8d1-2e1d-4c0f-a52e-710ea4436db2	14	85817407	85845829	22	0.6341
2bb4a8d1-2e1d-4c0f-a52e-710ea4436db2	14	85849791	97729996	8059	0.0025
2bb4a8d1-2e1d-4c0f-a52e-710ea4436db2	14	97730636	97736895	5	-1.1896
2bb4a8d1-2e1d-4c0f-a52e-710ea4436db2	14	97745192	106834164	4857	0.0161
2bb4a8d1-2e1d-4c0f-a52e-710ea4436db2	14	106838630	106877229	21	0.4144
2bb4a8d1-2e1d-4c0f-a52e-710ea4436db2	15	19811075	20041119	48	-0.197
2bb4a8d1-2e1d-4c0f-a52e-710ea4436db2	15	20041902	20614765	87	0.2149
2bb4a8d1-2e1d-4c0f-a52e-710ea4436db2	15	20625071	21067891	27	-0.3827
2bb4a8d1-2e1d-4c0f-a52e-710ea4436db2	15	21070355	22986843	261	0.1891
2bb4a8d1-2e1d-4c0f-a52e-710ea4436db2	15	22990340	23809640	392	0.0474
2bb4a8d1-2e1d-4c0f-a52e-710ea4436db2	15	23810290	23814160	20	-1.1575
2bb4a8d1-2e1d-4c0f-a52e-710ea4436db2	15	23820546	24424598	360	-0.0457
2bb4a8d1-2e1d-4c0f-a52e-710ea4436db2	15	24429604	24469692	30	-0.6547
2bb4a8d1-2e1d-4c0f-a52e-710ea4436db2	15	24469711	26315045	1334	-0.0127
2bb4a8d1-2e1d-4c0f-a52e-710ea4436db2	15	26317005	26318009	2	-2.8135
2bb4a8d1-2e1d-4c0f-a52e-710ea4436db2	15	26318441	28189631	1368	0.008
2bb4a8d1-2e1d-4c0f-a52e-710ea4436db2	15	28191450	30487788	921	0.1162
2bb4a8d1-2e1d-4c0f-a52e-710ea4436db2	15	30488460	65995632	22678	0.001
2bb4a8d1-2e1d-4c0f-a52e-710ea4436db2	15	65995835	65995884	2	2.1641
2bb4a8d1-2e1d-4c0f-a52e-710ea4436db2	15	65998930	76586021	6282	-0.0033
2bb4a8d1-2e1d-4c0f-a52e-710ea4436db2	15	76598900	76599884	11	0.6512
2bb4a8d1-2e1d-4c0f-a52e-710ea4436db2	15	76602723	77007025	188	0.0341
2bb4a8d1-2e1d-4c0f-a52e-710ea4436db2	15	77008992	77052451	18	0.6225
2bb4a8d1-2e1d-4c0f-a52e-710ea4436db2	15	77052905	80208114	2019	0.0196
2bb4a8d1-2e1d-4c0f-a52e-710ea4436db2	15	80208693	80208900	2	-1.7481
2bb4a8d1-2e1d-4c0f-a52e-710ea4436db2	15	80210569	91194535	7024	0.007
2bb4a8d1-2e1d-4c0f-a52e-710ea4436db2	15	91195116	91198854	3	-2.6392
2bb4a8d1-2e1d-4c0f-a52e-710ea4436db2	15	91198944	101376502	7911	0.0059
2bb4a8d1-2e1d-4c0f-a52e-710ea4436db2	15	101377017	101614328	232	0.2049
2bb4a8d1-2e1d-4c0f-a52e-710ea4436db2	15	101614438	101706412	61	-0.1244
2bb4a8d1-2e1d-4c0f-a52e-710ea4436db2	15	101708416	101824224	64	0.1776
2bb4a8d1-2e1d-4c0f-a52e-710ea4436db2	15	101824310	101900719	31	-0.1885
2bb4a8d1-2e1d-4c0f-a52e-710ea4436db2	15	101905038	101928837	3	-1.347
2bb4a8d1-2e1d-4c0f-a52e-710ea4436db2	16	10777	836376	327	0.315
2bb4a8d1-2e1d-4c0f-a52e-710ea4436db2	16	848328	881703	15	-0.2599
2bb4a8d1-2e1d-4c0f-a52e-710ea4436db2	16	889795	6025278	2817	0.0421
2bb4a8d1-2e1d-4c0f-a52e-710ea4436db2	16	6025618	8849420	3239	-0.0196
2bb4a8d1-2e1d-4c0f-a52e-710ea4436db2	16	8849794	9196493	218	0.1855
2bb4a8d1-2e1d-4c0f-a52e-710ea4436db2	16	9196892	14671357	4443	0.0071
2bb4a8d1-2e1d-4c0f-a52e-710ea4436db2	16	14676775	15878284	410	0.1989
2bb4a8d1-2e1d-4c0f-a52e-710ea4436db2	16	15886652	15911711	20	0.8669
2bb4a8d1-2e1d-4c0f-a52e-710ea4436db2	16	15916726	16622170	260	0.2381
2bb4a8d1-2e1d-4c0f-a52e-710ea4436db2	16	16645406	20032170	1766	0.0427
2bb4a8d1-2e1d-4c0f-a52e-710ea4436db2	16	20034129	20048889	17	0.5744
2bb4a8d1-2e1d-4c0f-a52e-710ea4436db2	16	20053055	21368130	816	0.0165
2bb4a8d1-2e1d-4c0f-a52e-710ea4436db2	16	21401082	22838344	579	0.1366
2bb4a8d1-2e1d-4c0f-a52e-710ea4436db2	16	22840309	27792430	3463	0.0046
2bb4a8d1-2e1d-4c0f-a52e-710ea4436db2	16	27792553	27848439	63	0.3253
2bb4a8d1-2e1d-4c0f-a52e-710ea4436db2	16	27848575	28637882	392	0.0084
2bb4a8d1-2e1d-4c0f-a52e-710ea4436db2	16	28696878	28946107	44	0.3282
2bb4a8d1-2e1d-4c0f-a52e-710ea4436db2	16	28946886	29506390	152	0.1198
2bb4a8d1-2e1d-4c0f-a52e-710ea4436db2	16	29555988	30115104	179	0.3477
2bb4a8d1-2e1d-4c0f-a52e-710ea4436db2	16	30116421	30148148	18	-0.052
2bb4a8d1-2e1d-4c0f-a52e-710ea4436db2	16	30151199	30308999	15	0.3625
2bb4a8d1-2e1d-4c0f-a52e-710ea4436db2	16	30320763	55762682	7612	0.0098
2bb4a8d1-2e1d-4c0f-a52e-710ea4436db2	16	55764310	55764867	3	4.2342
2bb4a8d1-2e1d-4c0f-a52e-710ea4436db2	16	55770436	55775312	6	0.999
2bb4a8d1-2e1d-4c0f-a52e-710ea4436db2	16	55775554	55788532	9	0.4989
2bb4a8d1-2e1d-4c0f-a52e-710ea4436db2	16	55808442	74431616	11040	-0.0032
2bb4a8d1-2e1d-4c0f-a52e-710ea4436db2	16	74432668	74432937	3	1.4006
2bb4a8d1-2e1d-4c0f-a52e-710ea4436db2	16	74433007	75490811	611	0.03
2bb4a8d1-2e1d-4c0f-a52e-710ea4436db2	16	75499773	75524641	8	0.6318
2bb4a8d1-2e1d-4c0f-a52e-710ea4436db2	16	75524950	76459817	778	-0.007
2bb4a8d1-2e1d-4c0f-a52e-710ea4436db2	16	76460657	76460995	2	-2.2698
2bb4a8d1-2e1d-4c0f-a52e-710ea4436db2	16	76461241	84170124	8232	0.0087
2bb4a8d1-2e1d-4c0f-a52e-710ea4436db2	16	84171165	84691284	517	0.2387
2bb4a8d1-2e1d-4c0f-a52e-710ea4436db2	16	84691299	84769085	73	0.016
2bb4a8d1-2e1d-4c0f-a52e-710ea4436db2	16	84769282	84906427	101	0.265
2bb4a8d1-2e1d-4c0f-a52e-710ea4436db2	16	84910080	87088821	2003	0.0286
2bb4a8d1-2e1d-4c0f-a52e-710ea4436db2	16	87090269	87092216	2	-2.0574
2bb4a8d1-2e1d-4c0f-a52e-710ea4436db2	16	87099838	88334893	715	0.0589
2bb4a8d1-2e1d-4c0f-a52e-710ea4436db2	16	88335725	90096867	734	0.2835
2bb4a8d1-2e1d-4c0f-a52e-710ea4436db2	17	150733	333447	110	0.2972
2bb4a8d1-2e1d-4c0f-a52e-710ea4436db2	17	336127	780436	235	0.1371
2bb4a8d1-2e1d-4c0f-a52e-710ea4436db2	17	786056	1298672	218	0.3144
2bb4a8d1-2e1d-4c0f-a52e-710ea4436db2	17	1300323	4396337	1753	0.0253
2bb4a8d1-2e1d-4c0f-a52e-710ea4436db2	17	4396818	4482208	49	0.3882
2bb4a8d1-2e1d-4c0f-a52e-710ea4436db2	17	4482321	8339592	2153	0.0221
2bb4a8d1-2e1d-4c0f-a52e-710ea4436db2	17	8344229	8344415	2	-2.2912
2bb4a8d1-2e1d-4c0f-a52e-710ea4436db2	17	8346140	34361164	12492	0.0135
2bb4a8d1-2e1d-4c0f-a52e-710ea4436db2	17	34361487	34362806	2	1.6282
2bb4a8d1-2e1d-4c0f-a52e-710ea4436db2	17	34363345	34600323	272	0.2012
2bb4a8d1-2e1d-4c0f-a52e-710ea4436db2	17	34605956	34608994	5	0.7836
2bb4a8d1-2e1d-4c0f-a52e-710ea4436db2	17	34611015	36103057	898	-0.0051
2bb4a8d1-2e1d-4c0f-a52e-710ea4436db2	17	36108119	36549144	121	0.2745
2bb4a8d1-2e1d-4c0f-a52e-710ea4436db2	17	36553073	41224178	2422	0.0232
2bb4a8d1-2e1d-4c0f-a52e-710ea4436db2	17	41231308	41237517	5	-0.9634
2bb4a8d1-2e1d-4c0f-a52e-710ea4436db2	17	41239604	41265456	12	0.0144
2bb4a8d1-2e1d-4c0f-a52e-710ea4436db2	17	41266762	41274198	23	1.8555
2bb4a8d1-2e1d-4c0f-a52e-710ea4436db2	17	41274279	45571138	2152	0.0226
2bb4a8d1-2e1d-4c0f-a52e-710ea4436db2	17	45571174	45582060	8	-0.6821
2bb4a8d1-2e1d-4c0f-a52e-710ea4436db2	17	45587327	45675182	36	0.0873
2bb4a8d1-2e1d-4c0f-a52e-710ea4436db2	17	45676232	46033304	256	0.2812
2bb4a8d1-2e1d-4c0f-a52e-710ea4436db2	17	46034461	46080121	38	0.1075
2bb4a8d1-2e1d-4c0f-a52e-710ea4436db2	17	46080231	46286804	130	-0.136
2bb4a8d1-2e1d-4c0f-a52e-710ea4436db2	17	46323701	46446360	4	1.1812
2bb4a8d1-2e1d-4c0f-a52e-710ea4436db2	17	46569894	53078494	3701	0.007
2bb4a8d1-2e1d-4c0f-a52e-710ea4436db2	17	53080229	53215238	73	-0.3161
2bb4a8d1-2e1d-4c0f-a52e-710ea4436db2	17	53217344	73715558	12887	-0.0047
2bb4a8d1-2e1d-4c0f-a52e-710ea4436db2	17	73715617	74689025	659	0.2087
2bb4a8d1-2e1d-4c0f-a52e-710ea4436db2	17	74694557	76913017	1041	0.0303
2bb4a8d1-2e1d-4c0f-a52e-710ea4436db2	17	76914310	76952105	31	0.5054
2bb4a8d1-2e1d-4c0f-a52e-710ea4436db2	17	76961310	77337490	234	-0.0059
2bb4a8d1-2e1d-4c0f-a52e-710ea4436db2	17	77342328	77375740	36	0.5536
2bb4a8d1-2e1d-4c0f-a52e-710ea4436db2	17	77375892	77435896	49	0.0779
2bb4a8d1-2e1d-4c0f-a52e-710ea4436db2	17	77436162	77569078	67	0.2544
2bb4a8d1-2e1d-4c0f-a52e-710ea4436db2	17	77569622	78412288	471	0.0217
2bb4a8d1-2e1d-4c0f-a52e-710ea4436db2	17	78412343	78456702	25	0.764
2bb4a8d1-2e1d-4c0f-a52e-710ea4436db2	17	78459996	78556601	65	-0.0193
2bb4a8d1-2e1d-4c0f-a52e-710ea4436db2	17	78556796	78654258	85	0.2747
2bb4a8d1-2e1d-4c0f-a52e-710ea4436db2	17	78654299	79159586	277	0.0012
2bb4a8d1-2e1d-4c0f-a52e-710ea4436db2	17	79162921	79261263	85	0.3203
2bb4a8d1-2e1d-4c0f-a52e-710ea4436db2	17	79262073	82186596	1277	0.0656
2bb4a8d1-2e1d-4c0f-a52e-710ea4436db2	17	82190394	82256888	22	0.5255
2bb4a8d1-2e1d-4c0f-a52e-710ea4436db2	17	82257710	82959140	352	-0.0094
2bb4a8d1-2e1d-4c0f-a52e-710ea4436db2	17	82959812	83091923	61	0.3322
2bb4a8d1-2e1d-4c0f-a52e-710ea4436db2	18	48133	143558	22	0.2406
2bb4a8d1-2e1d-4c0f-a52e-710ea4436db2	18	143591	249255	49	-0.1972
2bb4a8d1-2e1d-4c0f-a52e-710ea4436db2	18	249322	294045	40	0.1104
2bb4a8d1-2e1d-4c0f-a52e-710ea4436db2	18	294169	295046	6	-1.1251
2bb4a8d1-2e1d-4c0f-a52e-710ea4436db2	18	298035	1623754	990	0.0435
2bb4a8d1-2e1d-4c0f-a52e-710ea4436db2	18	1624598	2087487	367	-0.1189
2bb4a8d1-2e1d-4c0f-a52e-710ea4436db2	18	2089176	28608034	13540	-0.0003
2bb4a8d1-2e1d-4c0f-a52e-710ea4436db2	18	28608092	28611467	2	-2.4948
2bb4a8d1-2e1d-4c0f-a52e-710ea4436db2	18	28611806	40680516	7714	-0.0115
2bb4a8d1-2e1d-4c0f-a52e-710ea4436db2	18	40680526	40685425	14	-0.8138
2bb4a8d1-2e1d-4c0f-a52e-710ea4436db2	18	40688060	51435990	7326	-0.0017
2bb4a8d1-2e1d-4c0f-a52e-710ea4436db2	18	51436474	51438890	3	-1.6766
2bb4a8d1-2e1d-4c0f-a52e-710ea4436db2	18	51439570	65536707	9727	-0.0014
2bb4a8d1-2e1d-4c0f-a52e-710ea4436db2	18	65537087	65557938	28	-0.5583
2bb4a8d1-2e1d-4c0f-a52e-710ea4436db2	18	65561921	71375365	4160	-0.0254
2bb4a8d1-2e1d-4c0f-a52e-710ea4436db2	18	71377038	73683861	1823	-0.1274
2bb4a8d1-2e1d-4c0f-a52e-710ea4436db2	18	73686720	78213857	3604	0.0139
2bb4a8d1-2e1d-4c0f-a52e-710ea4436db2	18	78218660	78233799	16	0.6965
2bb4a8d1-2e1d-4c0f-a52e-710ea4436db2	18	78236699	79362417	721	0.0183
2bb4a8d1-2e1d-4c0f-a52e-710ea4436db2	18	79362434	80257174	424	0.2171
2bb4a8d1-2e1d-4c0f-a52e-710ea4436db2	19	90910	827049	159	0.1284
2bb4a8d1-2e1d-4c0f-a52e-710ea4436db2	19	827975	931523	19	0.6678
2bb4a8d1-2e1d-4c0f-a52e-710ea4436db2	19	939673	1741837	208	0.0068
2bb4a8d1-2e1d-4c0f-a52e-710ea4436db2	19	1770751	1837062	17	0.5307
2bb4a8d1-2e1d-4c0f-a52e-710ea4436db2	19	1838007	2403566	133	-0.0454
2bb4a8d1-2e1d-4c0f-a52e-710ea4436db2	19	2405118	2422593	12	0.5954
2bb4a8d1-2e1d-4c0f-a52e-710ea4436db2	19	2427970	3104654	273	0.0307
2bb4a8d1-2e1d-4c0f-a52e-710ea4436db2	19	3106590	3106866	2	1.413
2bb4a8d1-2e1d-4c0f-a52e-710ea4436db2	19	3109760	3288126	63	-0.0134
2bb4a8d1-2e1d-4c0f-a52e-710ea4436db2	19	3300341	3319783	7	0.6212
2bb4a8d1-2e1d-4c0f-a52e-710ea4436db2	19	3321679	4417848	275	-0.0057
2bb4a8d1-2e1d-4c0f-a52e-710ea4436db2	19	4423834	4658389	58	0.3686
2bb4a8d1-2e1d-4c0f-a52e-710ea4436db2	19	4658892	6903526	1037	0.0354
2bb4a8d1-2e1d-4c0f-a52e-710ea4436db2	19	6903608	7103305	98	0.2514
2bb4a8d1-2e1d-4c0f-a52e-710ea4436db2	19	7103412	21565013	7184	0.012
2bb4a8d1-2e1d-4c0f-a52e-710ea4436db2	19	21569087	21581860	8	-0.9244
2bb4a8d1-2e1d-4c0f-a52e-710ea4436db2	19	21584090	35358420	7116	-0.0015
2bb4a8d1-2e1d-4c0f-a52e-710ea4436db2	19	35364451	35375899	24	0.4598
2bb4a8d1-2e1d-4c0f-a52e-710ea4436db2	19	35376052	39216505	1909	0.01
2bb4a8d1-2e1d-4c0f-a52e-710ea4436db2	19	39217933	39252525	18	0.5234
2bb4a8d1-2e1d-4c0f-a52e-710ea4436db2	19	39254056	40565917	698	0.0036
2bb4a8d1-2e1d-4c0f-a52e-710ea4436db2	19	40573434	40646985	26	0.4143
2bb4a8d1-2e1d-4c0f-a52e-710ea4436db2	19	40653288	40828833	102	0.0283
2bb4a8d1-2e1d-4c0f-a52e-710ea4436db2	19	40828847	40863500	22	0.8203
2bb4a8d1-2e1d-4c0f-a52e-710ea4436db2	19	40864842	40948897	52	0.013
2bb4a8d1-2e1d-4c0f-a52e-710ea4436db2	19	40950739	40995010	37	0.4001
2bb4a8d1-2e1d-4c0f-a52e-710ea4436db2	19	40995610	42786621	811	0.0225
2bb4a8d1-2e1d-4c0f-a52e-710ea4436db2	19	42790238	43029974	108	-0.9633
2bb4a8d1-2e1d-4c0f-a52e-710ea4436db2	19	43030754	49867382	3262	0.029
2bb4a8d1-2e1d-4c0f-a52e-710ea4436db2	19	49867421	50088857	131	0.2626
2bb4a8d1-2e1d-4c0f-a52e-710ea4436db2	19	50088867	52813087	1635	0.0173
2bb4a8d1-2e1d-4c0f-a52e-710ea4436db2	19	52815851	52815906	2	-3.2108
2bb4a8d1-2e1d-4c0f-a52e-710ea4436db2	19	52824137	53731099	686	0.0504
2bb4a8d1-2e1d-4c0f-a52e-710ea4436db2	19	53731114	53731117	2	-2.2611
2bb4a8d1-2e1d-4c0f-a52e-710ea4436db2	19	53731416	53810855	61	0.2089
2bb4a8d1-2e1d-4c0f-a52e-710ea4436db2	19	53811256	54166454	153	-0.0085
2bb4a8d1-2e1d-4c0f-a52e-710ea4436db2	19	54166546	54397776	116	0.2049
2bb4a8d1-2e1d-4c0f-a52e-710ea4436db2	19	54401167	54438585	16	0.6646
2bb4a8d1-2e1d-4c0f-a52e-710ea4436db2	19	54439020	55698231	611	0.0213
2bb4a8d1-2e1d-4c0f-a52e-710ea4436db2	19	55699677	55726552	24	0.518
2bb4a8d1-2e1d-4c0f-a52e-710ea4436db2	19	55726591	58370362	1774	0.0235
2bb4a8d1-2e1d-4c0f-a52e-710ea4436db2	19	58372530	58586487	99	0.3359
2bb4a8d1-2e1d-4c0f-a52e-710ea4436db2	20	80664	82279	16	0.2436
2bb4a8d1-2e1d-4c0f-a52e-710ea4436db2	20	84659	8153981	6067	0.005
2bb4a8d1-2e1d-4c0f-a52e-710ea4436db2	20	8157702	8475677	251	-0.1624
2bb4a8d1-2e1d-4c0f-a52e-710ea4436db2	20	8477153	22979809	11450	0.0009
2bb4a8d1-2e1d-4c0f-a52e-710ea4436db2	20	22980392	22981594	2	-1.6707
2bb4a8d1-2e1d-4c0f-a52e-710ea4436db2	20	22983740	24282014	1050	0.0079
2bb4a8d1-2e1d-4c0f-a52e-710ea4436db2	20	24285015	24298766	8	-0.8177
2bb4a8d1-2e1d-4c0f-a52e-710ea4436db2	20	24301474	54869596	16683	0.01
2bb4a8d1-2e1d-4c0f-a52e-710ea4436db2	20	54869643	54875571	9	-0.8023
2bb4a8d1-2e1d-4c0f-a52e-710ea4436db2	20	54876749	56721462	1443	0.0063
2bb4a8d1-2e1d-4c0f-a52e-710ea4436db2	20	56722240	56758894	24	0.459
2bb4a8d1-2e1d-4c0f-a52e-710ea4436db2	20	56759936	60625433	3113	0.009
2bb4a8d1-2e1d-4c0f-a52e-710ea4436db2	20	60627458	60627719	2	-1.8364
2bb4a8d1-2e1d-4c0f-a52e-710ea4436db2	20	60628885	61020690	398	0.0115
2bb4a8d1-2e1d-4c0f-a52e-710ea4436db2	20	61021001	61030068	6	0.9318
2bb4a8d1-2e1d-4c0f-a52e-710ea4436db2	20	61032969	63077653	1242	0.0293
2bb4a8d1-2e1d-4c0f-a52e-710ea4436db2	20	63080185	63132152	37	0.4743
2bb4a8d1-2e1d-4c0f-a52e-710ea4436db2	20	63138899	63588484	132	0.0227
2bb4a8d1-2e1d-4c0f-a52e-710ea4436db2	20	63588502	64324800	313	0.3128
2bb4a8d1-2e1d-4c0f-a52e-710ea4436db2	21	10354168	13099842	104	-0.0152
2bb4a8d1-2e1d-4c0f-a52e-710ea4436db2	21	13101978	13189617	10	-0.7818
2bb4a8d1-2e1d-4c0f-a52e-710ea4436db2	21	13197963	22798329	6531	-0.0065
2bb4a8d1-2e1d-4c0f-a52e-710ea4436db2	21	22802396	23537805	596	-0.1112
2bb4a8d1-2e1d-4c0f-a52e-710ea4436db2	21	23538135	36103191	9147	0.0054
2bb4a8d1-2e1d-4c0f-a52e-710ea4436db2	21	36104061	36247216	99	0.2535
2bb4a8d1-2e1d-4c0f-a52e-710ea4436db2	21	36247984	43271046	5556	-0.0018
2bb4a8d1-2e1d-4c0f-a52e-710ea4436db2	21	43272484	43364401	58	0.4087
2bb4a8d1-2e1d-4c0f-a52e-710ea4436db2	21	43364461	44374559	355	0.0391
2bb4a8d1-2e1d-4c0f-a52e-710ea4436db2	21	44376578	44420537	17	0.5583
2bb4a8d1-2e1d-4c0f-a52e-710ea4436db2	21	44447091	45227667	474	0.0166
2bb4a8d1-2e1d-4c0f-a52e-710ea4436db2	21	45229407	45647830	228	0.3229
2bb4a8d1-2e1d-4c0f-a52e-710ea4436db2	21	45658230	46677045	604	0.0636
2bb4a8d1-2e1d-4c0f-a52e-710ea4436db2	22	15294547	18131162	1102	0.0185
2bb4a8d1-2e1d-4c0f-a52e-710ea4436db2	22	18131238	21727578	1694	0.2504
2bb4a8d1-2e1d-4c0f-a52e-710ea4436db2	22	21741482	23054476	1023	0.0775
2bb4a8d1-2e1d-4c0f-a52e-710ea4436db2	22	23055870	23426863	243	0.291
2bb4a8d1-2e1d-4c0f-a52e-710ea4436db2	22	23431329	23987520	322	0.0513
2bb4a8d1-2e1d-4c0f-a52e-710ea4436db2	22	23988078	23989773	2	-3.3865
2bb4a8d1-2e1d-4c0f-a52e-710ea4436db2	22	23990431	25349949	875	0.0429
2bb4a8d1-2e1d-4c0f-a52e-710ea4436db2	22	25350000	25411098	95	0.271
2bb4a8d1-2e1d-4c0f-a52e-710ea4436db2	22	25413993	27706896	2343	0.0124
2bb4a8d1-2e1d-4c0f-a52e-710ea4436db2	22	27706972	27748193	38	0.3768
2bb4a8d1-2e1d-4c0f-a52e-710ea4436db2	22	27758396	36214525	5875	0.0147
2bb4a8d1-2e1d-4c0f-a52e-710ea4436db2	22	36218264	36317486	71	0.2825
2bb4a8d1-2e1d-4c0f-a52e-710ea4436db2	22	36319792	38079098	1049	0.0249
2bb4a8d1-2e1d-4c0f-a52e-710ea4436db2	22	38091764	38145465	32	0.4227
2bb4a8d1-2e1d-4c0f-a52e-710ea4436db2	22	38147125	38933588	417	-0.003
2bb4a8d1-2e1d-4c0f-a52e-710ea4436db2	22	38935341	38999502	55	0.4044
2bb4a8d1-2e1d-4c0f-a52e-710ea4436db2	22	39003307	41900699	1553	0.002
2bb4a8d1-2e1d-4c0f-a52e-710ea4436db2	22	41901150	41975550	37	0.6636
2bb4a8d1-2e1d-4c0f-a52e-710ea4436db2	22	41979300	42309365	178	0.0415
2bb4a8d1-2e1d-4c0f-a52e-710ea4436db2	22	42314046	42332162	13	0.4566
2bb4a8d1-2e1d-4c0f-a52e-710ea4436db2	22	42334674	42380962	28	0.0256
2bb4a8d1-2e1d-4c0f-a52e-710ea4436db2	22	42385617	42496590	62	0.3148
2bb4a8d1-2e1d-4c0f-a52e-710ea4436db2	22	42501276	42536412	21	0.8455
2bb4a8d1-2e1d-4c0f-a52e-710ea4436db2	22	42538456	42586566	18	0.4228
2bb4a8d1-2e1d-4c0f-a52e-710ea4436db2	22	42586792	48933821	4875	0.0225
2bb4a8d1-2e1d-4c0f-a52e-710ea4436db2	22	48934328	50528603	1047	0.2533
2bb4a8d1-2e1d-4c0f-a52e-710ea4436db2	22	50534679	50534687	5	-0.7912
2bb4a8d1-2e1d-4c0f-a52e-710ea4436db2	22	50535325	50716524	114	0.3591
2bb4a8d1-2e1d-4c0f-a52e-710ea4436db2	22	50718238	50718923	5	-0.4902
2bb4a8d1-2e1d-4c0f-a52e-710ea4436db2	22	50724710	50796027	24	0.3311
2bb4a8d1-2e1d-4c0f-a52e-710ea4436db2	X	251810	3217253	413	0.1645
2bb4a8d1-2e1d-4c0f-a52e-710ea4436db2	X	3217826	18814070	10918	0.019
2bb4a8d1-2e1d-4c0f-a52e-710ea4436db2	X	18816453	19426410	348	0.1362
2bb4a8d1-2e1d-4c0f-a52e-710ea4436db2	X	19429119	19471191	36	0.4011
2bb4a8d1-2e1d-4c0f-a52e-710ea4436db2	X	19473791	19483855	10	0.9334
2bb4a8d1-2e1d-4c0f-a52e-710ea4436db2	X	19485457	19505098	13	0.4875
2bb4a8d1-2e1d-4c0f-a52e-710ea4436db2	X	19517663	32965828	8686	0.0035
2bb4a8d1-2e1d-4c0f-a52e-710ea4436db2	X	32969337	32970141	3	-1.9698
2bb4a8d1-2e1d-4c0f-a52e-710ea4436db2	X	32971922	34627486	1164	-0.0678
2bb4a8d1-2e1d-4c0f-a52e-710ea4436db2	X	34634819	56630035	10909	0.0025
2bb4a8d1-2e1d-4c0f-a52e-710ea4436db2	X	56635479	56646272	3	-2.1326
2bb4a8d1-2e1d-4c0f-a52e-710ea4436db2	X	56652478	57715898	567	-0.0035
2bb4a8d1-2e1d-4c0f-a52e-710ea4436db2	X	57720205	57725422	2	1.9297
2bb4a8d1-2e1d-4c0f-a52e-710ea4436db2	X	57732094	73944737	5136	-0.0089
2bb4a8d1-2e1d-4c0f-a52e-710ea4436db2	X	73946876	73948515	2	-1.976
2bb4a8d1-2e1d-4c0f-a52e-710ea4436db2	X	73954130	82140813	3820	-0.0081
2bb4a8d1-2e1d-4c0f-a52e-710ea4436db2	X	82141047	82156814	38	-0.7522
2bb4a8d1-2e1d-4c0f-a52e-710ea4436db2	X	82156972	126714197	24361	-0.0043
2bb4a8d1-2e1d-4c0f-a52e-710ea4436db2	X	126716599	126723163	4	-1.4588
2bb4a8d1-2e1d-4c0f-a52e-710ea4436db2	X	126724345	152701467	15668	-0.0027
2bb4a8d1-2e1d-4c0f-a52e-710ea4436db2	X	152701849	153568702	509	0.1236
2bb4a8d1-2e1d-4c0f-a52e-710ea4436db2	X	153569009	154334428	276	-0.0059
2bb4a8d1-2e1d-4c0f-a52e-710ea4436db2	X	154347478	154382547	49	0.5536
2bb4a8d1-2e1d-4c0f-a52e-710ea4436db2	X	154395856	155952689	535	0.0165
2bb4a8d1-2e1d-4c0f-a52e-710ea4436db2	Y	2782397	6076562	719	-2.5831
2bb4a8d1-2e1d-4c0f-a52e-710ea4436db2	Y	6080059	8628469	1237	-2.9595
2bb4a8d1-2e1d-4c0f-a52e-710ea4436db2	Y	8629529	8654617	13	-5.1658
2bb4a8d1-2e1d-4c0f-a52e-710ea4436db2	Y	8654875	9330531	257	-3.0989
2bb4a8d1-2e1d-4c0f-a52e-710ea4436db2	Y	9332936	9550385	21	-4.9072
2bb4a8d1-2e1d-4c0f-a52e-710ea4436db2	Y	9550653	13478396	1015	-2.85
2bb4a8d1-2e1d-4c0f-a52e-710ea4436db2	Y	13478462	13482643	3	-7.6439
2bb4a8d1-2e1d-4c0f-a52e-710ea4436db2	Y	13483009	56872112	3372	-2.9433
