GDC_Aliquot	Chromosome	Start	End	Num_Probes	Segment_Mean
3fd3c74b-da31-43fc-b92f-d7d07dd85101	1	62920	10610834	5331	0.0075
3fd3c74b-da31-43fc-b92f-d7d07dd85101	1	10611363	10616743	2	-1.56
3fd3c74b-da31-43fc-b92f-d7d07dd85101	1	10619664	15823420	2969	0.0191
3fd3c74b-da31-43fc-b92f-d7d07dd85101	1	15827002	15827430	6	-1.5011
3fd3c74b-da31-43fc-b92f-d7d07dd85101	1	15827706	25256850	5659	0.0126
3fd3c74b-da31-43fc-b92f-d7d07dd85101	1	25266637	25320455	24	-1.6084
3fd3c74b-da31-43fc-b92f-d7d07dd85101	1	25336819	60379143	20415	0.0115
3fd3c74b-da31-43fc-b92f-d7d07dd85101	1	60383389	60389542	6	-1.1035
3fd3c74b-da31-43fc-b92f-d7d07dd85101	1	60391683	72297687	8160	0.0174
3fd3c74b-da31-43fc-b92f-d7d07dd85101	1	72302735	72346221	49	-0.3704
3fd3c74b-da31-43fc-b92f-d7d07dd85101	1	72346757	103616762	19877	0.015
3fd3c74b-da31-43fc-b92f-d7d07dd85101	1	103620877	103717410	5	-1.1804
3fd3c74b-da31-43fc-b92f-d7d07dd85101	1	103717617	240228440	72355	0.0145
3fd3c74b-da31-43fc-b92f-d7d07dd85101	1	240230715	240230824	5	-1.7943
3fd3c74b-da31-43fc-b92f-d7d07dd85101	1	240230839	248930189	5829	0.0232
3fd3c74b-da31-43fc-b92f-d7d07dd85101	2	12784	4158097	2980	0.0194
3fd3c74b-da31-43fc-b92f-d7d07dd85101	2	4166274	4176429	42	-0.5303
3fd3c74b-da31-43fc-b92f-d7d07dd85101	2	4182472	34295406	20844	0.0116
3fd3c74b-da31-43fc-b92f-d7d07dd85101	2	34298911	34300513	2	-1.8785
3fd3c74b-da31-43fc-b92f-d7d07dd85101	2	34300900	52527743	13049	0.0128
3fd3c74b-da31-43fc-b92f-d7d07dd85101	2	52531615	52554236	27	0.5088
3fd3c74b-da31-43fc-b92f-d7d07dd85101	2	52554259	87286164	21922	0.0128
3fd3c74b-da31-43fc-b92f-d7d07dd85101	2	87287256	87295819	3	-1.3842
3fd3c74b-da31-43fc-b92f-d7d07dd85101	2	87299357	97357159	1792	0.0263
3fd3c74b-da31-43fc-b92f-d7d07dd85101	2	97359380	97550415	12	-0.6906
3fd3c74b-da31-43fc-b92f-d7d07dd85101	2	97552143	113604438	9325	0.0183
3fd3c74b-da31-43fc-b92f-d7d07dd85101	2	113604837	113604839	2	-2.1696
3fd3c74b-da31-43fc-b92f-d7d07dd85101	2	113623244	146104517	19899	0.0147
3fd3c74b-da31-43fc-b92f-d7d07dd85101	2	146106836	146109366	24	-1.1725
3fd3c74b-da31-43fc-b92f-d7d07dd85101	2	146120238	207490231	36711	0.0134
3fd3c74b-da31-43fc-b92f-d7d07dd85101	2	207490454	207494612	16	-0.9205
3fd3c74b-da31-43fc-b92f-d7d07dd85101	2	207494752	242147305	21935	0.0093
3fd3c74b-da31-43fc-b92f-d7d07dd85101	3	20930	130067896	81937	0.0121
3fd3c74b-da31-43fc-b92f-d7d07dd85101	3	130067910	130088081	29	0.5205
3fd3c74b-da31-43fc-b92f-d7d07dd85101	3	130088155	162996729	20293	0.0158
3fd3c74b-da31-43fc-b92f-d7d07dd85101	3	162999939	163001774	2	-1.8582
3fd3c74b-da31-43fc-b92f-d7d07dd85101	3	163008371	193160113	18972	0.0158
3fd3c74b-da31-43fc-b92f-d7d07dd85101	3	193160173	193165114	19	-0.7516
3fd3c74b-da31-43fc-b92f-d7d07dd85101	3	193168646	195729177	1512	0.0083
3fd3c74b-da31-43fc-b92f-d7d07dd85101	3	195730018	195747892	11	0.7921
3fd3c74b-da31-43fc-b92f-d7d07dd85101	3	195751823	198169247	1162	0.0066
3fd3c74b-da31-43fc-b92f-d7d07dd85101	4	68929	9455251	5136	0.0087
3fd3c74b-da31-43fc-b92f-d7d07dd85101	4	9459504	9477699	6	-1.3848
3fd3c74b-da31-43fc-b92f-d7d07dd85101	4	9484440	10208766	537	-0.0024
3fd3c74b-da31-43fc-b92f-d7d07dd85101	4	10212536	10229874	29	-1.4946
3fd3c74b-da31-43fc-b92f-d7d07dd85101	4	10232590	34676796	16797	0.0145
3fd3c74b-da31-43fc-b92f-d7d07dd85101	4	34683428	34685549	4	1.4984
3fd3c74b-da31-43fc-b92f-d7d07dd85101	4	34698272	34777432	61	0.0457
3fd3c74b-da31-43fc-b92f-d7d07dd85101	4	34784878	34823103	38	-1.5514
3fd3c74b-da31-43fc-b92f-d7d07dd85101	4	34828250	49113964	8894	0.0161
3fd3c74b-da31-43fc-b92f-d7d07dd85101	4	49141246	49146817	2	-1.6556
3fd3c74b-da31-43fc-b92f-d7d07dd85101	4	49146905	68506285	10401	0.0126
3fd3c74b-da31-43fc-b92f-d7d07dd85101	4	68509223	68623617	65	0.6387
3fd3c74b-da31-43fc-b92f-d7d07dd85101	4	68639397	154881396	51375	0.0139
3fd3c74b-da31-43fc-b92f-d7d07dd85101	4	154881853	154881926	3	-2.7192
3fd3c74b-da31-43fc-b92f-d7d07dd85101	4	154882047	172066777	10918	0.0109
3fd3c74b-da31-43fc-b92f-d7d07dd85101	4	172067997	172068382	12	-1.3988
3fd3c74b-da31-43fc-b92f-d7d07dd85101	4	172074828	172501371	229	0.0132
3fd3c74b-da31-43fc-b92f-d7d07dd85101	4	172503796	172507492	7	0.8969
3fd3c74b-da31-43fc-b92f-d7d07dd85101	4	172519981	190106768	11753	0.0119
3fd3c74b-da31-43fc-b92f-d7d07dd85101	5	15532	1090641	441	-0.0217
3fd3c74b-da31-43fc-b92f-d7d07dd85101	5	1094274	1097808	2	1.5433
3fd3c74b-da31-43fc-b92f-d7d07dd85101	5	1107313	2038028	595	0.0332
3fd3c74b-da31-43fc-b92f-d7d07dd85101	5	2044015	2070754	22	-0.8562
3fd3c74b-da31-43fc-b92f-d7d07dd85101	5	2070896	12833745	9080	0.0144
3fd3c74b-da31-43fc-b92f-d7d07dd85101	5	12837866	12838421	2	-1.6664
3fd3c74b-da31-43fc-b92f-d7d07dd85101	5	12849089	21451168	5476	0.01
3fd3c74b-da31-43fc-b92f-d7d07dd85101	5	21451855	21451889	2	-2.2358
3fd3c74b-da31-43fc-b92f-d7d07dd85101	5	21452329	46196012	14828	0.0113
3fd3c74b-da31-43fc-b92f-d7d07dd85101	5	46199332	46199333	2	-1.8205
3fd3c74b-da31-43fc-b92f-d7d07dd85101	5	46209197	46251204	13	0.1229
3fd3c74b-da31-43fc-b92f-d7d07dd85101	5	46270906	46273400	8	1.087
3fd3c74b-da31-43fc-b92f-d7d07dd85101	5	46278110	58025819	5051	0.0109
3fd3c74b-da31-43fc-b92f-d7d07dd85101	5	58030200	58037706	32	1.5514
3fd3c74b-da31-43fc-b92f-d7d07dd85101	5	58042530	156049910	59850	0.0104
3fd3c74b-da31-43fc-b92f-d7d07dd85101	5	156049988	156068240	13	-0.6193
3fd3c74b-da31-43fc-b92f-d7d07dd85101	5	156068247	181363319	16696	0.0171
3fd3c74b-da31-43fc-b92f-d7d07dd85101	6	149661	253861	99	0.0103
3fd3c74b-da31-43fc-b92f-d7d07dd85101	6	254267	366333	95	0.3058
3fd3c74b-da31-43fc-b92f-d7d07dd85101	6	373453	25715884	19304	0.0165
3fd3c74b-da31-43fc-b92f-d7d07dd85101	6	25724783	25728352	7	-1.2284
3fd3c74b-da31-43fc-b92f-d7d07dd85101	6	25729516	29869295	2018	0.0094
3fd3c74b-da31-43fc-b92f-d7d07dd85101	6	29869410	29882419	17	-0.9151
3fd3c74b-da31-43fc-b92f-d7d07dd85101	6	29882497	31309909	655	0.0021
3fd3c74b-da31-43fc-b92f-d7d07dd85101	6	31313046	31328674	12	0.9539
3fd3c74b-da31-43fc-b92f-d7d07dd85101	6	31342147	66298393	19487	0.0068
3fd3c74b-da31-43fc-b92f-d7d07dd85101	6	66299130	66338736	55	-0.6512
3fd3c74b-da31-43fc-b92f-d7d07dd85101	6	66339513	73882142	4962	-0.0065
3fd3c74b-da31-43fc-b92f-d7d07dd85101	6	73882509	73891694	10	-1.5511
3fd3c74b-da31-43fc-b92f-d7d07dd85101	6	73893839	80574999	4283	0.0097
3fd3c74b-da31-43fc-b92f-d7d07dd85101	6	80575042	80584624	29	-0.7792
3fd3c74b-da31-43fc-b92f-d7d07dd85101	6	80584682	86364226	3524	0.0156
3fd3c74b-da31-43fc-b92f-d7d07dd85101	6	86364520	86372433	6	-0.9144
3fd3c74b-da31-43fc-b92f-d7d07dd85101	6	86373855	102250874	9801	0.0083
3fd3c74b-da31-43fc-b92f-d7d07dd85101	6	102251118	102271970	11	-0.6826
3fd3c74b-da31-43fc-b92f-d7d07dd85101	6	102274886	103286950	582	-0.0115
3fd3c74b-da31-43fc-b92f-d7d07dd85101	6	103286954	103314186	47	-0.642
3fd3c74b-da31-43fc-b92f-d7d07dd85101	6	103317795	155495083	33335	0.0143
3fd3c74b-da31-43fc-b92f-d7d07dd85101	6	155496836	155500269	4	-1.6141
3fd3c74b-da31-43fc-b92f-d7d07dd85101	6	155502562	170741917	10563	0.0161
3fd3c74b-da31-43fc-b92f-d7d07dd85101	7	43355	6799093	3404	0.0142
3fd3c74b-da31-43fc-b92f-d7d07dd85101	7	6814479	6827447	6	-0.9208
3fd3c74b-da31-43fc-b92f-d7d07dd85101	7	6828011	29628975	17881	0.0107
3fd3c74b-da31-43fc-b92f-d7d07dd85101	7	29631102	29744097	52	0.468
3fd3c74b-da31-43fc-b92f-d7d07dd85101	7	29746314	144603337	66477	0.0142
3fd3c74b-da31-43fc-b92f-d7d07dd85101	7	144603632	144604146	2	-2.306
3fd3c74b-da31-43fc-b92f-d7d07dd85101	7	144606001	158324903	8807	0.013
3fd3c74b-da31-43fc-b92f-d7d07dd85101	7	158335896	158339473	2	2.161
3fd3c74b-da31-43fc-b92f-d7d07dd85101	7	158344294	159334314	628	0.0144
3fd3c74b-da31-43fc-b92f-d7d07dd85101	8	81254	3755178	3106	0.0206
3fd3c74b-da31-43fc-b92f-d7d07dd85101	8	3755203	3772953	26	-0.4139
3fd3c74b-da31-43fc-b92f-d7d07dd85101	8	3773380	9538675	5872	0.0196
3fd3c74b-da31-43fc-b92f-d7d07dd85101	8	9538949	9539139	2	-1.798
3fd3c74b-da31-43fc-b92f-d7d07dd85101	8	9539828	25114437	12299	0.013
3fd3c74b-da31-43fc-b92f-d7d07dd85101	8	25114672	25126818	28	-0.5384
3fd3c74b-da31-43fc-b92f-d7d07dd85101	8	25133589	39373140	8948	0.0118
3fd3c74b-da31-43fc-b92f-d7d07dd85101	8	39378084	39529446	58	-1.5357
3fd3c74b-da31-43fc-b92f-d7d07dd85101	8	39530780	39973181	266	0.0303
3fd3c74b-da31-43fc-b92f-d7d07dd85101	8	39973438	39974128	3	-1.1921
3fd3c74b-da31-43fc-b92f-d7d07dd85101	8	39977300	40914477	802	0.0167
3fd3c74b-da31-43fc-b92f-d7d07dd85101	8	40920333	40920952	2	-1.8998
3fd3c74b-da31-43fc-b92f-d7d07dd85101	8	40926161	84345754	24661	0.0186
3fd3c74b-da31-43fc-b92f-d7d07dd85101	8	84350648	84356431	19	-0.549
3fd3c74b-da31-43fc-b92f-d7d07dd85101	8	84358447	114622325	17810	0.0101
3fd3c74b-da31-43fc-b92f-d7d07dd85101	8	114622424	114629340	30	-0.438
3fd3c74b-da31-43fc-b92f-d7d07dd85101	8	114629356	145072769	20963	0.0099
3fd3c74b-da31-43fc-b92f-d7d07dd85101	9	46587	39547279	30933	0.0173
3fd3c74b-da31-43fc-b92f-d7d07dd85101	9	39547285	41644288	99	-0.2152
3fd3c74b-da31-43fc-b92f-d7d07dd85101	9	41644336	42230926	34	0.6006
3fd3c74b-da31-43fc-b92f-d7d07dd85101	9	42259927	63580418	137	-0.0983
3fd3c74b-da31-43fc-b92f-d7d07dd85101	9	63590317	63592813	7	0.9364
3fd3c74b-da31-43fc-b92f-d7d07dd85101	9	63614182	87907679	14252	0.0136
3fd3c74b-da31-43fc-b92f-d7d07dd85101	9	87939236	87939304	2	-1.833
3fd3c74b-da31-43fc-b92f-d7d07dd85101	9	87943042	93707815	3884	0.0058
3fd3c74b-da31-43fc-b92f-d7d07dd85101	9	93708429	93708675	2	-1.8133
3fd3c74b-da31-43fc-b92f-d7d07dd85101	9	93710664	103804216	6658	0.0098
3fd3c74b-da31-43fc-b92f-d7d07dd85101	9	103806415	103807009	2	-2.1995
3fd3c74b-da31-43fc-b92f-d7d07dd85101	9	103808421	138200944	22995	0.0169
3fd3c74b-da31-43fc-b92f-d7d07dd85101	10	45792	111233394	73902	0.0137
3fd3c74b-da31-43fc-b92f-d7d07dd85101	10	111234690	111235704	3	-1.698
3fd3c74b-da31-43fc-b92f-d7d07dd85101	10	111236484	133654968	16246	0.0158
3fd3c74b-da31-43fc-b92f-d7d07dd85101	11	198510	4254774	1740	-0.0011
3fd3c74b-da31-43fc-b92f-d7d07dd85101	11	4274526	4461198	118	0.4762
3fd3c74b-da31-43fc-b92f-d7d07dd85101	11	4465471	18919309	10720	0.0167
3fd3c74b-da31-43fc-b92f-d7d07dd85101	11	18919323	18949201	50	0.3759
3fd3c74b-da31-43fc-b92f-d7d07dd85101	11	18949628	49686823	20845	0.0122
3fd3c74b-da31-43fc-b92f-d7d07dd85101	11	49689309	49736215	17	-0.5283
3fd3c74b-da31-43fc-b92f-d7d07dd85101	11	49736721	55608547	730	0.0222
3fd3c74b-da31-43fc-b92f-d7d07dd85101	11	55608760	55685533	54	0.3947
3fd3c74b-da31-43fc-b92f-d7d07dd85101	11	55686100	135074876	51969	0.0128
3fd3c74b-da31-43fc-b92f-d7d07dd85101	12	51460	9481274	6149	0.0192
3fd3c74b-da31-43fc-b92f-d7d07dd85101	12	9485313	9575696	23	-1.2737
3fd3c74b-da31-43fc-b92f-d7d07dd85101	12	9582373	11359558	1172	0.0089
3fd3c74b-da31-43fc-b92f-d7d07dd85101	12	11359597	11399258	29	0.5351
3fd3c74b-da31-43fc-b92f-d7d07dd85101	12	11399668	31846713	14332	0.0129
3fd3c74b-da31-43fc-b92f-d7d07dd85101	12	31846771	31910068	60	0.5554
3fd3c74b-da31-43fc-b92f-d7d07dd85101	12	31914968	33233822	954	0.0338
3fd3c74b-da31-43fc-b92f-d7d07dd85101	12	33235894	33242207	4	-2.6018
3fd3c74b-da31-43fc-b92f-d7d07dd85101	12	33242483	99398014	38962	0.0139
3fd3c74b-da31-43fc-b92f-d7d07dd85101	12	99398036	99404284	25	-0.6048
3fd3c74b-da31-43fc-b92f-d7d07dd85101	12	99404374	131619655	22037	0.0214
3fd3c74b-da31-43fc-b92f-d7d07dd85101	12	131623604	131648790	20	-0.4864
3fd3c74b-da31-43fc-b92f-d7d07dd85101	12	131657925	133201603	557	0.0187
3fd3c74b-da31-43fc-b92f-d7d07dd85101	13	18452809	114342922	63645	0.0159
3fd3c74b-da31-43fc-b92f-d7d07dd85101	14	18239283	19185951	39	0.2391
3fd3c74b-da31-43fc-b92f-d7d07dd85101	14	19197351	19957350	130	-0.3631
3fd3c74b-da31-43fc-b92f-d7d07dd85101	14	19957701	73529070	33831	0.0123
3fd3c74b-da31-43fc-b92f-d7d07dd85101	14	73534419	73554275	9	1.8146
3fd3c74b-da31-43fc-b92f-d7d07dd85101	14	73563196	106877229	21064	0.0143
3fd3c74b-da31-43fc-b92f-d7d07dd85101	15	19811075	20056983	50	-0.0623
3fd3c74b-da31-43fc-b92f-d7d07dd85101	15	20059033	22299523	155	-0.6124
3fd3c74b-da31-43fc-b92f-d7d07dd85101	15	22385639	24390946	976	0.0247
3fd3c74b-da31-43fc-b92f-d7d07dd85101	15	24391282	24473026	43	-0.4443
3fd3c74b-da31-43fc-b92f-d7d07dd85101	15	24473449	26693192	1611	0.021
3fd3c74b-da31-43fc-b92f-d7d07dd85101	15	26693341	26693475	3	-1.6601
3fd3c74b-da31-43fc-b92f-d7d07dd85101	15	26695318	30252720	1982	0.0245
3fd3c74b-da31-43fc-b92f-d7d07dd85101	15	30253290	30608675	25	-0.6435
3fd3c74b-da31-43fc-b92f-d7d07dd85101	15	30621384	32567657	1076	0.0019
3fd3c74b-da31-43fc-b92f-d7d07dd85101	15	32584630	32584783	2	-1.6666
3fd3c74b-da31-43fc-b92f-d7d07dd85101	15	32610782	101928837	45338	0.0119
3fd3c74b-da31-43fc-b92f-d7d07dd85101	16	10777	14877558	11068	0.0214
3fd3c74b-da31-43fc-b92f-d7d07dd85101	16	14879136	15031584	58	0.5033
3fd3c74b-da31-43fc-b92f-d7d07dd85101	16	15033033	19933041	2287	0.0371
3fd3c74b-da31-43fc-b92f-d7d07dd85101	16	19934328	19954553	28	-0.8288
3fd3c74b-da31-43fc-b92f-d7d07dd85101	16	19956040	28593847	5384	0.0204
3fd3c74b-da31-43fc-b92f-d7d07dd85101	16	28593997	28620264	2	-1.5137
3fd3c74b-da31-43fc-b92f-d7d07dd85101	16	28637882	32198553	1072	0.0246
3fd3c74b-da31-43fc-b92f-d7d07dd85101	16	32198778	32513457	11	-0.8356
3fd3c74b-da31-43fc-b92f-d7d07dd85101	16	32553191	55762682	6916	0.0171
3fd3c74b-da31-43fc-b92f-d7d07dd85101	16	55764310	55764867	3	2.0544
3fd3c74b-da31-43fc-b92f-d7d07dd85101	16	55770436	78337711	14212	0.0139
3fd3c74b-da31-43fc-b92f-d7d07dd85101	16	78338543	78351104	18	0.6935
3fd3c74b-da31-43fc-b92f-d7d07dd85101	16	78351540	89900408	10445	0.0217
3fd3c74b-da31-43fc-b92f-d7d07dd85101	16	89900438	89946519	15	-0.5514
3fd3c74b-da31-43fc-b92f-d7d07dd85101	16	89954453	90096867	93	0.0427
3fd3c74b-da31-43fc-b92f-d7d07dd85101	17	150733	6390567	3533	0.0226
3fd3c74b-da31-43fc-b92f-d7d07dd85101	17	6392639	6409499	25	0.6558
3fd3c74b-da31-43fc-b92f-d7d07dd85101	17	6411870	46084918	19695	0.0136
3fd3c74b-da31-43fc-b92f-d7d07dd85101	17	46084941	46286804	127	-0.2299
3fd3c74b-da31-43fc-b92f-d7d07dd85101	17	46323701	46446360	4	1.098
3fd3c74b-da31-43fc-b92f-d7d07dd85101	17	46569894	83091923	21468	0.0122
3fd3c74b-da31-43fc-b92f-d7d07dd85101	18	48133	66240855	40198	0.0162
3fd3c74b-da31-43fc-b92f-d7d07dd85101	18	66241324	66244352	7	-1.18
3fd3c74b-da31-43fc-b92f-d7d07dd85101	18	66244639	76316350	7586	0.0159
3fd3c74b-da31-43fc-b92f-d7d07dd85101	18	76316623	76316645	2	-1.562
3fd3c74b-da31-43fc-b92f-d7d07dd85101	18	76317786	80257174	2612	0.016
3fd3c74b-da31-43fc-b92f-d7d07dd85101	19	90910	58586487	29009	0.0115
3fd3c74b-da31-43fc-b92f-d7d07dd85101	20	80664	64324800	42171	0.0152
3fd3c74b-da31-43fc-b92f-d7d07dd85101	21	10354168	46677045	23703	0.0154
3fd3c74b-da31-43fc-b92f-d7d07dd85101	22	15294547	38894915	15143	0.009
3fd3c74b-da31-43fc-b92f-d7d07dd85101	22	38899250	38900899	3	-1.9482
3fd3c74b-da31-43fc-b92f-d7d07dd85101	22	38903109	49067124	7001	0.0056
3fd3c74b-da31-43fc-b92f-d7d07dd85101	22	49067219	49067741	4	-1.6082
3fd3c74b-da31-43fc-b92f-d7d07dd85101	22	49068709	50796027	1043	0.0082
3fd3c74b-da31-43fc-b92f-d7d07dd85101	X	251810	155952689	83162	0.0152
3fd3c74b-da31-43fc-b92f-d7d07dd85101	Y	2782397	56872112	6638	-2.3768
