GDC_Aliquot	Chromosome	Start	End	Num_Probes	Segment_Mean
fb95e415-740b-4f14-9e47-5d257d58e37e	1	62920	15823420	8333	0.0153
fb95e415-740b-4f14-9e47-5d257d58e37e	1	15827002	15828515	10	-0.9893
fb95e415-740b-4f14-9e47-5d257d58e37e	1	15839166	16104539	105	0.0058
fb95e415-740b-4f14-9e47-5d257d58e37e	1	16108232	16159316	25	0.4785
fb95e415-740b-4f14-9e47-5d257d58e37e	1	16161772	16163291	4	-0.0905
fb95e415-740b-4f14-9e47-5d257d58e37e	1	16169275	16192371	17	0.5531
fb95e415-740b-4f14-9e47-5d257d58e37e	1	16192971	16679483	178	0.0098
fb95e415-740b-4f14-9e47-5d257d58e37e	1	16685961	16949746	79	-0.397
fb95e415-740b-4f14-9e47-5d257d58e37e	1	16951445	72290430	33989	0.0148
fb95e415-740b-4f14-9e47-5d257d58e37e	1	72290459	72297687	8	-0.8552
fb95e415-740b-4f14-9e47-5d257d58e37e	1	72302735	75585159	1975	0.019
fb95e415-740b-4f14-9e47-5d257d58e37e	1	75589078	75589169	2	-2.405
fb95e415-740b-4f14-9e47-5d257d58e37e	1	75593824	103616762	18073	0.0176
fb95e415-740b-4f14-9e47-5d257d58e37e	1	103620877	103717410	5	-1.2939
fb95e415-740b-4f14-9e47-5d257d58e37e	1	103717617	109690352	3568	0.0143
fb95e415-740b-4f14-9e47-5d257d58e37e	1	109690415	109697556	12	1.6832
fb95e415-740b-4f14-9e47-5d257d58e37e	1	109702376	112147704	1947	0.0307
fb95e415-740b-4f14-9e47-5d257d58e37e	1	112153343	112154552	19	0.5478
fb95e415-740b-4f14-9e47-5d257d58e37e	1	112154566	146150530	5467	0.0188
fb95e415-740b-4f14-9e47-5d257d58e37e	1	146161924	146174153	2	1.2755
fb95e415-740b-4f14-9e47-5d257d58e37e	1	146250588	152583230	2129	0.0181
fb95e415-740b-4f14-9e47-5d257d58e37e	1	152583291	152618274	38	0.3846
fb95e415-740b-4f14-9e47-5d257d58e37e	1	152618486	165422145	8489	0.0174
fb95e415-740b-4f14-9e47-5d257d58e37e	1	165422714	165423392	3	-1.1222
fb95e415-740b-4f14-9e47-5d257d58e37e	1	165424608	169247699	2967	0.0087
fb95e415-740b-4f14-9e47-5d257d58e37e	1	169264736	169272528	6	0.8544
fb95e415-740b-4f14-9e47-5d257d58e37e	1	169273163	187746723	12185	0.0143
fb95e415-740b-4f14-9e47-5d257d58e37e	1	187748429	187752238	2	-1.5231
fb95e415-740b-4f14-9e47-5d257d58e37e	1	187755479	209897717	14798	0.0184
fb95e415-740b-4f14-9e47-5d257d58e37e	1	209908268	209908720	2	-1.3819
fb95e415-740b-4f14-9e47-5d257d58e37e	1	209910639	248930189	26994	0.0162
fb95e415-740b-4f14-9e47-5d257d58e37e	2	12784	32826462	22778	0.0184
fb95e415-740b-4f14-9e47-5d257d58e37e	2	32827119	32827696	3	-1.2989
fb95e415-740b-4f14-9e47-5d257d58e37e	2	32828621	34456427	1282	0.0142
fb95e415-740b-4f14-9e47-5d257d58e37e	2	34458223	34511446	48	0.273
fb95e415-740b-4f14-9e47-5d257d58e37e	2	34511990	52527330	12996	0.0178
fb95e415-740b-4f14-9e47-5d257d58e37e	2	52527342	52554404	39	0.5767
fb95e415-740b-4f14-9e47-5d257d58e37e	2	52560811	130037806	43680	0.0147
fb95e415-740b-4f14-9e47-5d257d58e37e	2	130059766	130116915	11	-0.7953
fb95e415-740b-4f14-9e47-5d257d58e37e	2	130117303	183206853	32360	0.0157
fb95e415-740b-4f14-9e47-5d257d58e37e	2	183209675	183224996	13	-0.7822
fb95e415-740b-4f14-9e47-5d257d58e37e	2	183229270	242147305	36165	0.0163
fb95e415-740b-4f14-9e47-5d257d58e37e	3	20930	6604856	5806	0.0198
fb95e415-740b-4f14-9e47-5d257d58e37e	3	6609441	6611645	23	-0.5405
fb95e415-740b-4f14-9e47-5d257d58e37e	3	6613391	26570158	14156	0.0163
fb95e415-740b-4f14-9e47-5d257d58e37e	3	26570176	26570394	4	-2.5015
fb95e415-740b-4f14-9e47-5d257d58e37e	3	26570407	37935926	7607	0.0156
fb95e415-740b-4f14-9e47-5d257d58e37e	3	37940617	37945615	19	-0.6893
fb95e415-740b-4f14-9e47-5d257d58e37e	3	37945651	75519398	25067	0.0187
fb95e415-740b-4f14-9e47-5d257d58e37e	3	75523398	75537654	6	-1.7442
fb95e415-740b-4f14-9e47-5d257d58e37e	3	75546030	85456314	5457	0.0181
fb95e415-740b-4f14-9e47-5d257d58e37e	3	85456794	85476576	10	0.5605
fb95e415-740b-4f14-9e47-5d257d58e37e	3	85477848	89337951	2212	0.0124
fb95e415-740b-4f14-9e47-5d257d58e37e	3	89345442	89345576	7	-0.6717
fb95e415-740b-4f14-9e47-5d257d58e37e	3	89345592	89357875	8	0.0226
fb95e415-740b-4f14-9e47-5d257d58e37e	3	89357888	89370231	36	-0.7085
fb95e415-740b-4f14-9e47-5d257d58e37e	3	89370771	98180575	2634	0.012
fb95e415-740b-4f14-9e47-5d257d58e37e	3	98189826	98194581	3	-1.1871
fb95e415-740b-4f14-9e47-5d257d58e37e	3	98195973	125950205	16939	0.0153
fb95e415-740b-4f14-9e47-5d257d58e37e	3	125954540	125954552	2	-1.5261
fb95e415-740b-4f14-9e47-5d257d58e37e	3	125957120	130044855	2385	0.0198
fb95e415-740b-4f14-9e47-5d257d58e37e	3	130047743	130087393	37	0.5365
fb95e415-740b-4f14-9e47-5d257d58e37e	3	130088081	162790404	20247	0.0105
fb95e415-740b-4f14-9e47-5d257d58e37e	3	162790480	162908207	71	0.4037
fb95e415-740b-4f14-9e47-5d257d58e37e	3	162908784	195673928	20651	0.0153
fb95e415-740b-4f14-9e47-5d257d58e37e	3	195683075	195747892	41	0.5649
fb95e415-740b-4f14-9e47-5d257d58e37e	3	195751823	198169247	1164	0.009
fb95e415-740b-4f14-9e47-5d257d58e37e	4	68929	9455251	5153	0.0135
fb95e415-740b-4f14-9e47-5d257d58e37e	4	9459504	9477699	6	1.7876
fb95e415-740b-4f14-9e47-5d257d58e37e	4	9484440	9858139	158	-0.053
fb95e415-740b-4f14-9e47-5d257d58e37e	4	9858273	9862603	4	-1.0915
fb95e415-740b-4f14-9e47-5d257d58e37e	4	9863418	10208766	377	0.0179
fb95e415-740b-4f14-9e47-5d257d58e37e	4	10221792	10229874	28	-1.8949
fb95e415-740b-4f14-9e47-5d257d58e37e	4	10232590	10233644	7	-0.795
fb95e415-740b-4f14-9e47-5d257d58e37e	4	10234518	34777353	16955	0.0149
fb95e415-740b-4f14-9e47-5d257d58e37e	4	34777382	34777432	4	-0.4702
fb95e415-740b-4f14-9e47-5d257d58e37e	4	34784878	34823103	38	-1.9003
fb95e415-740b-4f14-9e47-5d257d58e37e	4	34828250	35237997	273	0.0125
fb95e415-740b-4f14-9e47-5d257d58e37e	4	35238461	35242243	4	-0.9791
fb95e415-740b-4f14-9e47-5d257d58e37e	4	35243095	38452416	2308	0.0127
fb95e415-740b-4f14-9e47-5d257d58e37e	4	38455126	38466253	11	-0.5874
fb95e415-740b-4f14-9e47-5d257d58e37e	4	38468085	48730102	6212	0.0113
fb95e415-740b-4f14-9e47-5d257d58e37e	4	48732863	48762932	14	-0.6648
fb95e415-740b-4f14-9e47-5d257d58e37e	4	48766191	49214614	141	0.0064
fb95e415-740b-4f14-9e47-5d257d58e37e	4	49289175	49289338	2	-1.9501
fb95e415-740b-4f14-9e47-5d257d58e37e	4	49295203	68361130	10456	0.0147
fb95e415-740b-4f14-9e47-5d257d58e37e	4	68378716	68389352	2	-1.2436
fb95e415-740b-4f14-9e47-5d257d58e37e	4	68391041	68509630	25	0.0908
fb95e415-740b-4f14-9e47-5d257d58e37e	4	68524574	68655691	65	-0.2788
fb95e415-740b-4f14-9e47-5d257d58e37e	4	68663241	151870485	49743	0.0167
fb95e415-740b-4f14-9e47-5d257d58e37e	4	151870502	151871415	10	-0.7688
fb95e415-740b-4f14-9e47-5d257d58e37e	4	151871739	167885235	10234	0.0173
fb95e415-740b-4f14-9e47-5d257d58e37e	4	167885432	168071290	162	-0.7821
fb95e415-740b-4f14-9e47-5d257d58e37e	4	168072733	171456122	2156	0.0013
fb95e415-740b-4f14-9e47-5d257d58e37e	4	171456137	171456625	6	-0.6081
fb95e415-740b-4f14-9e47-5d257d58e37e	4	171459220	173739697	1317	0.0196
fb95e415-740b-4f14-9e47-5d257d58e37e	4	173746181	173746244	2	-1.9652
fb95e415-740b-4f14-9e47-5d257d58e37e	4	173755607	190106768	11155	0.0133
fb95e415-740b-4f14-9e47-5d257d58e37e	5	15532	7286275	5798	0.0099
fb95e415-740b-4f14-9e47-5d257d58e37e	5	7299587	7302780	2	1.3213
fb95e415-740b-4f14-9e47-5d257d58e37e	5	7303763	12800777	4378	0.0208
fb95e415-740b-4f14-9e47-5d257d58e37e	5	12815668	12819964	9	-1.4435
fb95e415-740b-4f14-9e47-5d257d58e37e	5	12824299	46271828	20453	0.012
fb95e415-740b-4f14-9e47-5d257d58e37e	5	46272419	46273400	5	-1.7373
fb95e415-740b-4f14-9e47-5d257d58e37e	5	46278110	59007731	5840	0.0111
fb95e415-740b-4f14-9e47-5d257d58e37e	5	59007799	59008743	4	-1.4604
fb95e415-740b-4f14-9e47-5d257d58e37e	5	59008878	150822643	55828	0.0182
fb95e415-740b-4f14-9e47-5d257d58e37e	5	150825938	150839042	8	-0.7989
fb95e415-740b-4f14-9e47-5d257d58e37e	5	150843825	152136158	967	0.0187
fb95e415-740b-4f14-9e47-5d257d58e37e	5	152136267	152138790	9	-0.6183
fb95e415-740b-4f14-9e47-5d257d58e37e	5	152140710	156048092	2654	0.0176
fb95e415-740b-4f14-9e47-5d257d58e37e	5	156048094	156055719	16	-0.4957
fb95e415-740b-4f14-9e47-5d257d58e37e	5	156068240	175946505	14056	0.0143
fb95e415-740b-4f14-9e47-5d257d58e37e	5	175960543	176042504	15	0.5564
fb95e415-740b-4f14-9e47-5d257d58e37e	5	176043321	177724103	719	0.0095
fb95e415-740b-4f14-9e47-5d257d58e37e	5	177730398	177771448	5	-0.7898
fb95e415-740b-4f14-9e47-5d257d58e37e	5	177800550	177805604	3	2.3885
fb95e415-740b-4f14-9e47-5d257d58e37e	5	177827964	181363319	1982	0.0158
fb95e415-740b-4f14-9e47-5d257d58e37e	6	149661	253861	99	0.0096
fb95e415-740b-4f14-9e47-5d257d58e37e	6	254267	294837	25	-0.5448
fb95e415-740b-4f14-9e47-5d257d58e37e	6	302306	29869411	21511	0.0208
fb95e415-740b-4f14-9e47-5d257d58e37e	6	29869537	29881490	14	-0.8947
fb95e415-740b-4f14-9e47-5d257d58e37e	6	29882419	32485152	1174	0.0454
fb95e415-740b-4f14-9e47-5d257d58e37e	6	32486498	32606604	35	0.7241
fb95e415-740b-4f14-9e47-5d257d58e37e	6	32610305	32627306	12	0.083
fb95e415-740b-4f14-9e47-5d257d58e37e	6	32627455	32634330	3	1.2236
fb95e415-740b-4f14-9e47-5d257d58e37e	6	32634492	73882509	24087	0.0181
fb95e415-740b-4f14-9e47-5d257d58e37e	6	73882741	73891694	9	-1.9273
fb95e415-740b-4f14-9e47-5d257d58e37e	6	73893839	74823796	611	0.0241
fb95e415-740b-4f14-9e47-5d257d58e37e	6	74824464	74824680	3	-0.8745
fb95e415-740b-4f14-9e47-5d257d58e37e	6	74824865	76305231	851	0
fb95e415-740b-4f14-9e47-5d257d58e37e	6	76307183	76307339	6	-0.6406
fb95e415-740b-4f14-9e47-5d257d58e37e	6	76307352	76726815	293	-0.019
fb95e415-740b-4f14-9e47-5d257d58e37e	6	76730151	76742675	16	-0.5856
fb95e415-740b-4f14-9e47-5d257d58e37e	6	76742729	78253172	981	0.0083
fb95e415-740b-4f14-9e47-5d257d58e37e	6	78259348	78325468	113	-0.3679
fb95e415-740b-4f14-9e47-5d257d58e37e	6	78329517	103286954	15449	0.0206
fb95e415-740b-4f14-9e47-5d257d58e37e	6	103290101	103314186	46	-1.0793
fb95e415-740b-4f14-9e47-5d257d58e37e	6	103317795	170741917	44116	0.0178
fb95e415-740b-4f14-9e47-5d257d58e37e	7	43355	9135141	5397	0.0161
fb95e415-740b-4f14-9e47-5d257d58e37e	7	9138746	9138993	4	-1.5476
fb95e415-740b-4f14-9e47-5d257d58e37e	7	9139659	11880724	2156	0.0176
fb95e415-740b-4f14-9e47-5d257d58e37e	7	11881247	11881793	5	-0.9425
fb95e415-740b-4f14-9e47-5d257d58e37e	7	11884626	38291618	19828	0.021
fb95e415-740b-4f14-9e47-5d257d58e37e	7	38291739	38293417	12	-0.4745
fb95e415-740b-4f14-9e47-5d257d58e37e	7	38293434	54305455	11040	0.014
fb95e415-740b-4f14-9e47-5d257d58e37e	7	54318812	54318824	6	-2.0142
fb95e415-740b-4f14-9e47-5d257d58e37e	7	54325795	76524031	8270	-0.0035
fb95e415-740b-4f14-9e47-5d257d58e37e	7	76524046	76527224	2	-1.8807
fb95e415-740b-4f14-9e47-5d257d58e37e	7	76531980	81494971	3255	0.0154
fb95e415-740b-4f14-9e47-5d257d58e37e	7	81496475	81501074	3	-1.1018
fb95e415-740b-4f14-9e47-5d257d58e37e	7	81505860	97980107	10387	0.0182
fb95e415-740b-4f14-9e47-5d257d58e37e	7	97982029	97982736	3	-2.1609
fb95e415-740b-4f14-9e47-5d257d58e37e	7	97984459	97986523	4	-0.3048
fb95e415-740b-4f14-9e47-5d257d58e37e	7	97991379	109793741	6481	0.0184
fb95e415-740b-4f14-9e47-5d257d58e37e	7	109797035	109801187	25	-0.3329
fb95e415-740b-4f14-9e47-5d257d58e37e	7	109801572	109813853	10	-1.9385
fb95e415-740b-4f14-9e47-5d257d58e37e	7	109813925	126404920	10017	0.0225
fb95e415-740b-4f14-9e47-5d257d58e37e	7	126405428	126406823	14	1.2707
fb95e415-740b-4f14-9e47-5d257d58e37e	7	126406824	134093899	4695	0.0166
fb95e415-740b-4f14-9e47-5d257d58e37e	7	134100424	134105690	25	0.3575
fb95e415-740b-4f14-9e47-5d257d58e37e	7	134110881	142063324	5197	0.0171
fb95e415-740b-4f14-9e47-5d257d58e37e	7	142069843	142090383	31	-0.47
fb95e415-740b-4f14-9e47-5d257d58e37e	7	142090403	154598185	7617	0.0175
fb95e415-740b-4f14-9e47-5d257d58e37e	7	154601461	154607903	4	0.9206
fb95e415-740b-4f14-9e47-5d257d58e37e	7	154609120	159334314	3234	0.0154
fb95e415-740b-4f14-9e47-5d257d58e37e	8	81254	644973	324	0.0098
fb95e415-740b-4f14-9e47-5d257d58e37e	8	645220	645908	8	1.0163
fb95e415-740b-4f14-9e47-5d257d58e37e	8	656117	1418902	565	0.0277
fb95e415-740b-4f14-9e47-5d257d58e37e	8	1419196	1419436	2	-1.6011
fb95e415-740b-4f14-9e47-5d257d58e37e	8	1419522	25122039	20566	0.014
fb95e415-740b-4f14-9e47-5d257d58e37e	8	25122389	25122472	7	-1.3055
fb95e415-740b-4f14-9e47-5d257d58e37e	8	25126554	40914477	10138	0.012
fb95e415-740b-4f14-9e47-5d257d58e37e	8	40920333	40920952	2	-1.7249
fb95e415-740b-4f14-9e47-5d257d58e37e	8	40926161	62121701	11458	0.0159
fb95e415-740b-4f14-9e47-5d257d58e37e	8	62122706	62127192	3	-1.1752
fb95e415-740b-4f14-9e47-5d257d58e37e	8	62127851	145072769	52346	0.0175
fb95e415-740b-4f14-9e47-5d257d58e37e	9	46587	1771831	1930	0.0143
fb95e415-740b-4f14-9e47-5d257d58e37e	9	1772011	1773621	4	-0.8931
fb95e415-740b-4f14-9e47-5d257d58e37e	9	1774037	6695502	4428	0.015
fb95e415-740b-4f14-9e47-5d257d58e37e	9	6695986	6707519	7	-0.8644
fb95e415-740b-4f14-9e47-5d257d58e37e	9	6708357	37997479	24062	0.0146
fb95e415-740b-4f14-9e47-5d257d58e37e	9	37998171	38007750	4	-1.324
fb95e415-740b-4f14-9e47-5d257d58e37e	9	38009547	39487690	695	0.0007
fb95e415-740b-4f14-9e47-5d257d58e37e	9	39547279	39840169	10	-0.5929
fb95e415-740b-4f14-9e47-5d257d58e37e	9	40018947	41639988	87	-0.0166
fb95e415-740b-4f14-9e47-5d257d58e37e	9	41644133	42585140	52	-0.4523
fb95e415-740b-4f14-9e47-5d257d58e37e	9	42697878	61581625	76	0.0156
fb95e415-740b-4f14-9e47-5d257d58e37e	9	61598577	61647899	8	0.8685
fb95e415-740b-4f14-9e47-5d257d58e37e	9	61665362	63580418	38	-0.0423
fb95e415-740b-4f14-9e47-5d257d58e37e	9	63590317	63592813	7	1.2907
fb95e415-740b-4f14-9e47-5d257d58e37e	9	63614182	138200944	48012	0.0152
fb95e415-740b-4f14-9e47-5d257d58e37e	10	45792	24086334	19172	0.0138
fb95e415-740b-4f14-9e47-5d257d58e37e	10	24088745	24089125	11	-2.0883
fb95e415-740b-4f14-9e47-5d257d58e37e	10	24089979	46525728	12459	0.0135
fb95e415-740b-4f14-9e47-5d257d58e37e	10	46525759	46525833	5	-0.8441
fb95e415-740b-4f14-9e47-5d257d58e37e	10	46525848	46657149	37	-0.0839
fb95e415-740b-4f14-9e47-5d257d58e37e	10	46693480	46967412	13	0.5607
fb95e415-740b-4f14-9e47-5d257d58e37e	10	47002596	65546518	12672	0.0151
fb95e415-740b-4f14-9e47-5d257d58e37e	10	65548165	65563037	29	0.3603
fb95e415-740b-4f14-9e47-5d257d58e37e	10	65563168	79689972	9235	0.021
fb95e415-740b-4f14-9e47-5d257d58e37e	10	79736999	79854946	27	-0.5072
fb95e415-740b-4f14-9e47-5d257d58e37e	10	79857864	93471499	9262	0.0142
fb95e415-740b-4f14-9e47-5d257d58e37e	10	93473156	93485443	19	0.5621
fb95e415-740b-4f14-9e47-5d257d58e37e	10	93488285	112732897	12470	0.0127
fb95e415-740b-4f14-9e47-5d257d58e37e	10	112732983	112733139	2	-1.3167
fb95e415-740b-4f14-9e47-5d257d58e37e	10	112738386	133654968	15176	0.014
fb95e415-740b-4f14-9e47-5d257d58e37e	11	198510	4940683	2396	0.0132
fb95e415-740b-4f14-9e47-5d257d58e37e	11	4940884	4942963	12	0.4856
fb95e415-740b-4f14-9e47-5d257d58e37e	11	4943072	5766175	819	-0.0012
fb95e415-740b-4f14-9e47-5d257d58e37e	11	5766850	5829653	72	0.2038
fb95e415-740b-4f14-9e47-5d257d58e37e	11	5830366	21535222	11782	0.0169
fb95e415-740b-4f14-9e47-5d257d58e37e	11	21536945	21717273	131	0.5236
fb95e415-740b-4f14-9e47-5d257d58e37e	11	21720690	80256469	32559	0.0122
fb95e415-740b-4f14-9e47-5d257d58e37e	11	80256504	80256520	2	-2.9503
fb95e415-740b-4f14-9e47-5d257d58e37e	11	80256642	92289319	8188	0.0159
fb95e415-740b-4f14-9e47-5d257d58e37e	11	92291620	92294987	7	-1.1432
fb95e415-740b-4f14-9e47-5d257d58e37e	11	92296034	135074876	30784	0.0156
fb95e415-740b-4f14-9e47-5d257d58e37e	12	51460	9481274	6169	0.0122
fb95e415-740b-4f14-9e47-5d257d58e37e	12	9485313	9582373	24	-1.3155
fb95e415-740b-4f14-9e47-5d257d58e37e	12	9582374	11062773	1032	0.0216
fb95e415-740b-4f14-9e47-5d257d58e37e	12	11064250	11088933	12	0.7736
fb95e415-740b-4f14-9e47-5d257d58e37e	12	11099275	12383363	983	0.0203
fb95e415-740b-4f14-9e47-5d257d58e37e	12	12383481	12388935	15	-0.6944
fb95e415-740b-4f14-9e47-5d257d58e37e	12	12389946	45506042	20130	0.0159
fb95e415-740b-4f14-9e47-5d257d58e37e	12	45510655	45515754	4	1.3139
fb95e415-740b-4f14-9e47-5d257d58e37e	12	45519509	48331037	1716	0.0256
fb95e415-740b-4f14-9e47-5d257d58e37e	12	48331236	48331632	5	-1.0759
fb95e415-740b-4f14-9e47-5d257d58e37e	12	48336253	79759913	19368	0.0182
fb95e415-740b-4f14-9e47-5d257d58e37e	12	79765255	79765300	3	1.1204
fb95e415-740b-4f14-9e47-5d257d58e37e	12	79770335	80446147	411	0.0171
fb95e415-740b-4f14-9e47-5d257d58e37e	12	80446276	80456533	2	-1.727
fb95e415-740b-4f14-9e47-5d257d58e37e	12	80458189	95805797	9648	0.0186
fb95e415-740b-4f14-9e47-5d257d58e37e	12	95805840	95805902	2	-1.5075
fb95e415-740b-4f14-9e47-5d257d58e37e	12	95809154	107815797	8214	0.0208
fb95e415-740b-4f14-9e47-5d257d58e37e	12	107819233	107819706	2	-1.7466
fb95e415-740b-4f14-9e47-5d257d58e37e	12	107827137	108066581	193	-0.0217
fb95e415-740b-4f14-9e47-5d257d58e37e	12	108067078	108070346	3	-0.9968
fb95e415-740b-4f14-9e47-5d257d58e37e	12	108070590	119546020	7773	0.0098
fb95e415-740b-4f14-9e47-5d257d58e37e	12	119551082	119552956	16	-0.683
fb95e415-740b-4f14-9e47-5d257d58e37e	12	119556236	133201603	9041	0.0133
fb95e415-740b-4f14-9e47-5d257d58e37e	13	18452809	37501828	13475	0.0159
fb95e415-740b-4f14-9e47-5d257d58e37e	13	37502130	37510620	12	0.55
fb95e415-740b-4f14-9e47-5d257d58e37e	13	37514193	57176962	12519	0.0197
fb95e415-740b-4f14-9e47-5d257d58e37e	13	57184136	57204246	33	-1.9595
fb95e415-740b-4f14-9e47-5d257d58e37e	13	57215580	77899959	13254	0.0179
fb95e415-740b-4f14-9e47-5d257d58e37e	13	77901178	77901346	2	-2.277
fb95e415-740b-4f14-9e47-5d257d58e37e	13	77901426	81728554	2512	0.0113
fb95e415-740b-4f14-9e47-5d257d58e37e	13	81729614	81735308	3	-0.8702
fb95e415-740b-4f14-9e47-5d257d58e37e	13	81740680	82613952	487	0.0099
fb95e415-740b-4f14-9e47-5d257d58e37e	13	82614643	82628056	12	0.7185
fb95e415-740b-4f14-9e47-5d257d58e37e	13	82629163	114342922	21756	0.0167
fb95e415-740b-4f14-9e47-5d257d58e37e	14	18239283	19143599	37	-0.0604
fb95e415-740b-4f14-9e47-5d257d58e37e	14	19185165	19951992	127	0.2169
fb95e415-740b-4f14-9e47-5d257d58e37e	14	19952080	47227057	17110	0.0091
fb95e415-740b-4f14-9e47-5d257d58e37e	14	47238133	47248244	9	-0.6128
fb95e415-740b-4f14-9e47-5d257d58e37e	14	47252721	85818410	25063	0.0148
fb95e415-740b-4f14-9e47-5d257d58e37e	14	85819968	85845829	15	-1.0852
fb95e415-740b-4f14-9e47-5d257d58e37e	14	85849791	106290506	12678	0.0193
fb95e415-740b-4f14-9e47-5d257d58e37e	14	106294285	106346129	26	-0.3646
fb95e415-740b-4f14-9e47-5d257d58e37e	14	106360014	106418444	31	0.0069
fb95e415-740b-4f14-9e47-5d257d58e37e	14	106423925	106487515	51	0.2436
fb95e415-740b-4f14-9e47-5d257d58e37e	14	106487827	106877229	192	0.054
fb95e415-740b-4f14-9e47-5d257d58e37e	15	19811075	20026653	47	-0.0266
fb95e415-740b-4f14-9e47-5d257d58e37e	15	20041119	20056983	3	0.9269
fb95e415-740b-4f14-9e47-5d257d58e37e	15	20059033	20217125	12	-0.1153
fb95e415-740b-4f14-9e47-5d257d58e37e	15	20235285	22483983	148	-0.454
fb95e415-740b-4f14-9e47-5d257d58e37e	15	22572323	34386576	7213	0.0135
fb95e415-740b-4f14-9e47-5d257d58e37e	15	34421922	34526116	65	-0.7347
fb95e415-740b-4f14-9e47-5d257d58e37e	15	34570058	76586021	26395	0.0157
fb95e415-740b-4f14-9e47-5d257d58e37e	15	76598900	76603434	22	-1.7994
fb95e415-740b-4f14-9e47-5d257d58e37e	15	76609838	76845315	109	-0.0164
fb95e415-740b-4f14-9e47-5d257d58e37e	15	76845885	76851172	3	-0.9577
fb95e415-740b-4f14-9e47-5d257d58e37e	15	76851949	83871965	4301	0.0209
fb95e415-740b-4f14-9e47-5d257d58e37e	15	83871986	83874798	6	-0.7404
fb95e415-740b-4f14-9e47-5d257d58e37e	15	83878525	101928837	13184	0.0125
fb95e415-740b-4f14-9e47-5d257d58e37e	16	10777	55761136	26922	0.0046
fb95e415-740b-4f14-9e47-5d257d58e37e	16	55762477	55788532	22	-0.4341
fb95e415-740b-4f14-9e47-5d257d58e37e	16	55808442	78337711	14264	0.0068
fb95e415-740b-4f14-9e47-5d257d58e37e	16	78338543	78350868	16	0.8577
fb95e415-740b-4f14-9e47-5d257d58e37e	16	78351104	83760390	6113	0.0114
fb95e415-740b-4f14-9e47-5d257d58e37e	16	83760392	83760401	2	-1.4445
fb95e415-740b-4f14-9e47-5d257d58e37e	16	83760419	90096867	4492	0.0094
fb95e415-740b-4f14-9e47-5d257d58e37e	17	150733	16834846	10474	0.0145
fb95e415-740b-4f14-9e47-5d257d58e37e	17	16838201	16838214	2	-1.8542
fb95e415-740b-4f14-9e47-5d257d58e37e	17	16838470	18413867	904	0.0027
fb95e415-740b-4f14-9e47-5d257d58e37e	17	18413879	18537994	23	-0.3879
fb95e415-740b-4f14-9e47-5d257d58e37e	17	18540308	19019432	173	0.0299
fb95e415-740b-4f14-9e47-5d257d58e37e	17	19032210	19126843	3	-1.1732
fb95e415-740b-4f14-9e47-5d257d58e37e	17	19190137	41258395	9213	0.0108
fb95e415-740b-4f14-9e47-5d257d58e37e	17	41262120	41274279	27	-0.5906
fb95e415-740b-4f14-9e47-5d257d58e37e	17	41276472	83091923	24180	0.0182
fb95e415-740b-4f14-9e47-5d257d58e37e	18	48133	80257174	50690	0.0135
fb95e415-740b-4f14-9e47-5d257d58e37e	19	90910	35358420	16692	0.0155
fb95e415-740b-4f14-9e47-5d257d58e37e	19	35364451	35370268	17	0.4934
fb95e415-740b-4f14-9e47-5d257d58e37e	19	35370747	54933806	10148	0.0175
fb95e415-740b-4f14-9e47-5d257d58e37e	19	54933920	54935930	2	-1.5787
fb95e415-740b-4f14-9e47-5d257d58e37e	19	54936001	55771003	387	-0.0011
fb95e415-740b-4f14-9e47-5d257d58e37e	19	55771169	55771701	3	-2.7669
fb95e415-740b-4f14-9e47-5d257d58e37e	19	55774927	58586487	1839	0.0064
fb95e415-740b-4f14-9e47-5d257d58e37e	20	80664	1580353	1203	0.0114
fb95e415-740b-4f14-9e47-5d257d58e37e	20	1580934	1613247	41	1.472
fb95e415-740b-4f14-9e47-5d257d58e37e	20	1617300	4040298	1670	0.0191
fb95e415-740b-4f14-9e47-5d257d58e37e	20	4040488	4058537	22	-0.3445
fb95e415-740b-4f14-9e47-5d257d58e37e	20	4060093	50165997	29047	0.0117
fb95e415-740b-4f14-9e47-5d257d58e37e	20	50175182	50176256	2	-1.2692
fb95e415-740b-4f14-9e47-5d257d58e37e	20	50178380	64324800	10356	0.015
fb95e415-740b-4f14-9e47-5d257d58e37e	21	10354168	10585552	60	0.042
fb95e415-740b-4f14-9e47-5d257d58e37e	21	10589032	10756733	26	0.4896
fb95e415-740b-4f14-9e47-5d257d58e37e	21	10775586	13583316	182	-0.0044
fb95e415-740b-4f14-9e47-5d257d58e37e	21	13612103	13677975	4	-1.0121
fb95e415-740b-4f14-9e47-5d257d58e37e	21	13803967	46677045	23566	0.0156
fb95e415-740b-4f14-9e47-5d257d58e37e	22	15294547	27196793	7159	0.0107
fb95e415-740b-4f14-9e47-5d257d58e37e	22	27198136	27198149	2	-1.8202
fb95e415-740b-4f14-9e47-5d257d58e37e	22	27198218	50796027	16110	0.015
fb95e415-740b-4f14-9e47-5d257d58e37e	X	251810	26791248	16262	0.015
fb95e415-740b-4f14-9e47-5d257d58e37e	X	26792995	26802891	9	0.6554
fb95e415-740b-4f14-9e47-5d257d58e37e	X	26805367	77158195	23511	0.0171
fb95e415-740b-4f14-9e47-5d257d58e37e	X	77173605	77324696	13	-0.524
fb95e415-740b-4f14-9e47-5d257d58e37e	X	77326049	155952689	43791	0.0167
fb95e415-740b-4f14-9e47-5d257d58e37e	Y	2782397	3442606	212	-2.8435
fb95e415-740b-4f14-9e47-5d257d58e37e	Y	3460727	6249869	573	-2.405
fb95e415-740b-4f14-9e47-5d257d58e37e	Y	6252391	8811480	1268	-2.8707
fb95e415-740b-4f14-9e47-5d257d58e37e	Y	8811802	8812620	3	-5.9017
fb95e415-740b-4f14-9e47-5d257d58e37e	Y	8813800	9534306	184	-2.9644
fb95e415-740b-4f14-9e47-5d257d58e37e	Y	9534536	9554275	13	-4.0282
fb95e415-740b-4f14-9e47-5d257d58e37e	Y	9554586	12912709	761	-2.7588
fb95e415-740b-4f14-9e47-5d257d58e37e	Y	12914512	12918905	5	-6.0031
fb95e415-740b-4f14-9e47-5d257d58e37e	Y	12920376	20752415	2886	-2.7537
fb95e415-740b-4f14-9e47-5d257d58e37e	Y	20752492	20756691	2	-7.6733
fb95e415-740b-4f14-9e47-5d257d58e37e	Y	20757006	56872112	733	-2.7826
