GDC_Aliquot	Chromosome	Start	End	Num_Probes	Segment_Mean
db6a187b-083a-4f71-9d8b-f08b5f208d7e	1	62920	86341	11	-0.9996
db6a187b-083a-4f71-9d8b-f08b5f208d7e	1	98588	10186596	5080	0.0261
db6a187b-083a-4f71-9d8b-f08b5f208d7e	1	10189904	10189905	2	-1.6297
db6a187b-083a-4f71-9d8b-f08b5f208d7e	1	10189919	10311780	83	-0.0122
db6a187b-083a-4f71-9d8b-f08b5f208d7e	1	10314212	10317466	6	-0.7799
db6a187b-083a-4f71-9d8b-f08b5f208d7e	1	10317925	16542868	3462	0.0106
db6a187b-083a-4f71-9d8b-f08b5f208d7e	1	16544783	16935302	108	-0.3913
db6a187b-083a-4f71-9d8b-f08b5f208d7e	1	16935393	25256850	5265	0.0229
db6a187b-083a-4f71-9d8b-f08b5f208d7e	1	25266637	25320198	22	-1.6549
db6a187b-083a-4f71-9d8b-f08b5f208d7e	1	25320253	45852675	11199	0.0111
db6a187b-083a-4f71-9d8b-f08b5f208d7e	1	45854795	46101598	132	-0.1396
db6a187b-083a-4f71-9d8b-f08b5f208d7e	1	46108785	47036663	471	0.0129
db6a187b-083a-4f71-9d8b-f08b5f208d7e	1	47036811	47037650	2	-1.7846
db6a187b-083a-4f71-9d8b-f08b5f208d7e	1	47038003	72297687	16934	-0.0156
db6a187b-083a-4f71-9d8b-f08b5f208d7e	1	72302735	72351338	52	0.4476
db6a187b-083a-4f71-9d8b-f08b5f208d7e	1	72352916	95395007	15005	-0.0264
db6a187b-083a-4f71-9d8b-f08b5f208d7e	1	95396166	97963456	1500	0.0942
db6a187b-083a-4f71-9d8b-f08b5f208d7e	1	97965628	105470754	4449	-0.0274
db6a187b-083a-4f71-9d8b-f08b5f208d7e	1	105476583	105479753	17	-1.4366
db6a187b-083a-4f71-9d8b-f08b5f208d7e	1	105481433	109690352	2638	-0.0117
db6a187b-083a-4f71-9d8b-f08b5f208d7e	1	109690415	109697556	12	-1.1807
db6a187b-083a-4f71-9d8b-f08b5f208d7e	1	109702376	152582700	9578	-0.0033
db6a187b-083a-4f71-9d8b-f08b5f208d7e	1	152583051	152613242	30	1.0412
db6a187b-083a-4f71-9d8b-f08b5f208d7e	1	152613641	152784298	169	0.0279
db6a187b-083a-4f71-9d8b-f08b5f208d7e	1	152784330	152806082	45	0.3943
db6a187b-083a-4f71-9d8b-f08b5f208d7e	1	152806100	184394703	21368	-0.0121
db6a187b-083a-4f71-9d8b-f08b5f208d7e	1	184397303	196675927	8042	-0.0401
db6a187b-083a-4f71-9d8b-f08b5f208d7e	1	196677131	248930189	35944	-0.016
db6a187b-083a-4f71-9d8b-f08b5f208d7e	2	12784	4158097	2988	-0.0249
db6a187b-083a-4f71-9d8b-f08b5f208d7e	2	4166274	4176429	42	-0.68
db6a187b-083a-4f71-9d8b-f08b5f208d7e	2	4182472	33543045	20329	-0.0155
db6a187b-083a-4f71-9d8b-f08b5f208d7e	2	33545200	33545336	3	-1.1524
db6a187b-083a-4f71-9d8b-f08b5f208d7e	2	33546652	34466002	730	-0.0396
db6a187b-083a-4f71-9d8b-f08b5f208d7e	2	34474248	34515960	53	0.2564
db6a187b-083a-4f71-9d8b-f08b5f208d7e	2	34517843	35742319	862	-0.0458
db6a187b-083a-4f71-9d8b-f08b5f208d7e	2	35742970	35761650	6	-1.0203
db6a187b-083a-4f71-9d8b-f08b5f208d7e	2	35761842	52527330	12129	-0.0227
db6a187b-083a-4f71-9d8b-f08b5f208d7e	2	52527342	52531615	7	-1.1819
db6a187b-083a-4f71-9d8b-f08b5f208d7e	2	52531630	52554404	32	-0.3374
db6a187b-083a-4f71-9d8b-f08b5f208d7e	2	52560811	86255898	21673	-0.0235
db6a187b-083a-4f71-9d8b-f08b5f208d7e	2	86257375	86258034	3	-1.3777
db6a187b-083a-4f71-9d8b-f08b5f208d7e	2	86258192	86872797	299	-0.0237
db6a187b-083a-4f71-9d8b-f08b5f208d7e	2	86877979	87134049	33	-0.3076
db6a187b-083a-4f71-9d8b-f08b5f208d7e	2	87146770	87996445	131	0.2152
db6a187b-083a-4f71-9d8b-f08b5f208d7e	2	87996822	113128565	10896	-0.0202
db6a187b-083a-4f71-9d8b-f08b5f208d7e	2	113129630	113130095	5	-0.9643
db6a187b-083a-4f71-9d8b-f08b5f208d7e	2	113130980	116848945	2145	-0.022
db6a187b-083a-4f71-9d8b-f08b5f208d7e	2	116853395	116867887	9	0.5749
db6a187b-083a-4f71-9d8b-f08b5f208d7e	2	116872015	116937555	35	0.0045
db6a187b-083a-4f71-9d8b-f08b5f208d7e	2	116938136	116939531	2	-1.9255
db6a187b-083a-4f71-9d8b-f08b5f208d7e	2	116940826	137437851	12700	-0.021
db6a187b-083a-4f71-9d8b-f08b5f208d7e	2	137439008	137440634	2	-1.8815
db6a187b-083a-4f71-9d8b-f08b5f208d7e	2	137441460	146107526	5341	-0.0432
db6a187b-083a-4f71-9d8b-f08b5f208d7e	2	146107615	146109366	17	-1.6049
db6a187b-083a-4f71-9d8b-f08b5f208d7e	2	146120238	185255084	24140	-0.0339
db6a187b-083a-4f71-9d8b-f08b5f208d7e	2	185260011	185261083	2	-1.7124
db6a187b-083a-4f71-9d8b-f08b5f208d7e	2	185261542	207490231	12822	-0.0308
db6a187b-083a-4f71-9d8b-f08b5f208d7e	2	207490454	207494612	16	-0.7805
db6a187b-083a-4f71-9d8b-f08b5f208d7e	2	207494752	242147305	22076	-0.0219
db6a187b-083a-4f71-9d8b-f08b5f208d7e	3	20930	37935926	27629	-0.0309
db6a187b-083a-4f71-9d8b-f08b5f208d7e	3	37940617	37945392	17	-0.7585
db6a187b-083a-4f71-9d8b-f08b5f208d7e	3	37945437	41999474	2652	-0.0179
db6a187b-083a-4f71-9d8b-f08b5f208d7e	3	42003924	42006159	2	1.1771
db6a187b-083a-4f71-9d8b-f08b5f208d7e	3	42007108	42373713	293	-0.0842
db6a187b-083a-4f71-9d8b-f08b5f208d7e	3	42373866	45393373	1670	0.0012
db6a187b-083a-4f71-9d8b-f08b5f208d7e	3	45393809	46247321	600	-0.0487
db6a187b-083a-4f71-9d8b-f08b5f208d7e	3	46253360	53220975	3031	0.0125
db6a187b-083a-4f71-9d8b-f08b5f208d7e	3	53226309	68697013	11900	-0.0315
db6a187b-083a-4f71-9d8b-f08b5f208d7e	3	68697108	68698262	14	0.9352
db6a187b-083a-4f71-9d8b-f08b5f208d7e	3	68699607	75571744	4942	-0.0302
db6a187b-083a-4f71-9d8b-f08b5f208d7e	3	75589590	75793727	44	-0.3569
db6a187b-083a-4f71-9d8b-f08b5f208d7e	3	75794356	84640438	4921	-0.0513
db6a187b-083a-4f71-9d8b-f08b5f208d7e	3	84645221	84653449	25	0.3306
db6a187b-083a-4f71-9d8b-f08b5f208d7e	3	84657133	89620865	2863	-0.0474
db6a187b-083a-4f71-9d8b-f08b5f208d7e	3	89622183	89636157	9	-1.0108
db6a187b-083a-4f71-9d8b-f08b5f208d7e	3	89636742	99218940	3103	-0.0514
db6a187b-083a-4f71-9d8b-f08b5f208d7e	3	99225614	99230464	36	-0.4616
db6a187b-083a-4f71-9d8b-f08b5f208d7e	3	99230470	129997335	18699	-0.0308
db6a187b-083a-4f71-9d8b-f08b5f208d7e	3	130011876	130137637	73	-0.2995
db6a187b-083a-4f71-9d8b-f08b5f208d7e	3	130137903	135715778	3717	-0.0303
db6a187b-083a-4f71-9d8b-f08b5f208d7e	3	135715949	135718747	3	-1.4263
db6a187b-083a-4f71-9d8b-f08b5f208d7e	3	135720191	158632329	13923	-0.0316
db6a187b-083a-4f71-9d8b-f08b5f208d7e	3	158633095	158633756	2	-2.4592
db6a187b-083a-4f71-9d8b-f08b5f208d7e	3	158641083	193160113	21846	-0.0368
db6a187b-083a-4f71-9d8b-f08b5f208d7e	3	193160173	193165114	19	1.6198
db6a187b-083a-4f71-9d8b-f08b5f208d7e	3	193168646	194904705	1154	-0.0199
db6a187b-083a-4f71-9d8b-f08b5f208d7e	3	194908322	194921116	11	-0.6386
db6a187b-083a-4f71-9d8b-f08b5f208d7e	3	194921751	195707243	336	-0.0191
db6a187b-083a-4f71-9d8b-f08b5f208d7e	3	195707392	195751990	29	-0.5166
db6a187b-083a-4f71-9d8b-f08b5f208d7e	3	195752877	198169247	1164	-0.0207
db6a187b-083a-4f71-9d8b-f08b5f208d7e	4	68929	8720526	5101	-0.0124
db6a187b-083a-4f71-9d8b-f08b5f208d7e	4	8722817	9455251	60	-0.243
db6a187b-083a-4f71-9d8b-f08b5f208d7e	4	9459504	9463248	3	1.3134
db6a187b-083a-4f71-9d8b-f08b5f208d7e	4	9469529	9625216	43	-0.2526
db6a187b-083a-4f71-9d8b-f08b5f208d7e	4	9630824	10194247	463	-0.0006
db6a187b-083a-4f71-9d8b-f08b5f208d7e	4	10195137	10221792	37	-0.1596
db6a187b-083a-4f71-9d8b-f08b5f208d7e	4	10222004	10229874	27	-1.196
db6a187b-083a-4f71-9d8b-f08b5f208d7e	4	10232590	10233644	7	-0.4374
db6a187b-083a-4f71-9d8b-f08b5f208d7e	4	10234518	34789130	16986	-0.0337
db6a187b-083a-4f71-9d8b-f08b5f208d7e	4	34793850	34828291	31	0.5253
db6a187b-083a-4f71-9d8b-f08b5f208d7e	4	34828306	42760100	5232	-0.029
db6a187b-083a-4f71-9d8b-f08b5f208d7e	4	42762932	42765846	2	-1.765
db6a187b-083a-4f71-9d8b-f08b5f208d7e	4	42769229	61071220	9823	-0.0361
db6a187b-083a-4f71-9d8b-f08b5f208d7e	4	61075217	61076234	2	-1.89
db6a187b-083a-4f71-9d8b-f08b5f208d7e	4	61079968	68354665	4382	-0.0428
db6a187b-083a-4f71-9d8b-f08b5f208d7e	4	68361130	68686026	97	0.4065
db6a187b-083a-4f71-9d8b-f08b5f208d7e	4	68725894	69311290	338	-0.048
db6a187b-083a-4f71-9d8b-f08b5f208d7e	4	69317026	69374271	27	0.4021
db6a187b-083a-4f71-9d8b-f08b5f208d7e	4	69376311	69523998	105	-0.042
db6a187b-083a-4f71-9d8b-f08b5f208d7e	4	69524143	69525061	2	-2.2552
db6a187b-083a-4f71-9d8b-f08b5f208d7e	4	69526170	114252472	27213	-0.033
db6a187b-083a-4f71-9d8b-f08b5f208d7e	4	114252500	114263096	27	0.4796
db6a187b-083a-4f71-9d8b-f08b5f208d7e	4	114263110	137261279	13338	-0.0418
db6a187b-083a-4f71-9d8b-f08b5f208d7e	4	137261327	137269730	49	-0.5821
db6a187b-083a-4f71-9d8b-f08b5f208d7e	4	137270816	161650495	15104	-0.0331
db6a187b-083a-4f71-9d8b-f08b5f208d7e	4	161655458	161688019	13	-0.6239
db6a187b-083a-4f71-9d8b-f08b5f208d7e	4	161689861	163716415	1264	-0.0418
db6a187b-083a-4f71-9d8b-f08b5f208d7e	4	163716726	163719483	4	1.1223
db6a187b-083a-4f71-9d8b-f08b5f208d7e	4	163725652	172068257	5294	-0.0428
db6a187b-083a-4f71-9d8b-f08b5f208d7e	4	172068280	172068382	6	-1.7564
db6a187b-083a-4f71-9d8b-f08b5f208d7e	4	172074828	184056393	7995	-0.0372
db6a187b-083a-4f71-9d8b-f08b5f208d7e	4	184063649	184066518	4	-1.1873
db6a187b-083a-4f71-9d8b-f08b5f208d7e	4	184067092	188300104	2941	-0.0332
db6a187b-083a-4f71-9d8b-f08b5f208d7e	4	188300206	188301957	7	0.7733
db6a187b-083a-4f71-9d8b-f08b5f208d7e	4	188301995	190106768	1139	-0.0389
db6a187b-083a-4f71-9d8b-f08b5f208d7e	5	15532	2049210	1046	-0.0473
db6a187b-083a-4f71-9d8b-f08b5f208d7e	5	2050189	2059122	13	-0.932
db6a187b-083a-4f71-9d8b-f08b5f208d7e	5	2059197	12791608	9132	-0.0231
db6a187b-083a-4f71-9d8b-f08b5f208d7e	5	12800777	12819964	10	0.7157
db6a187b-083a-4f71-9d8b-f08b5f208d7e	5	12824299	46172275	20451	-0.0308
db6a187b-083a-4f71-9d8b-f08b5f208d7e	5	46174762	46246411	16	-0.3781
db6a187b-083a-4f71-9d8b-f08b5f208d7e	5	46246469	50225758	46	0.4033
db6a187b-083a-4f71-9d8b-f08b5f208d7e	5	50230193	115448282	39309	-0.0334
db6a187b-083a-4f71-9d8b-f08b5f208d7e	5	115448356	115452228	3	-1.392
db6a187b-083a-4f71-9d8b-f08b5f208d7e	5	115453510	176033084	40135	-0.0254
db6a187b-083a-4f71-9d8b-f08b5f208d7e	5	176038686	176042504	2	-2.3374
db6a187b-083a-4f71-9d8b-f08b5f208d7e	5	176043321	176137031	11	-0.6484
db6a187b-083a-4f71-9d8b-f08b5f208d7e	5	176137131	181363319	2699	-0.0062
db6a187b-083a-4f71-9d8b-f08b5f208d7e	6	149661	265143	107	-0.0762
db6a187b-083a-4f71-9d8b-f08b5f208d7e	6	267622	294837	17	-0.6898
db6a187b-083a-4f71-9d8b-f08b5f208d7e	6	302306	23057409	17590	-0.0215
db6a187b-083a-4f71-9d8b-f08b5f208d7e	6	23060763	23060767	2	-1.5513
db6a187b-083a-4f71-9d8b-f08b5f208d7e	6	23060771	26662692	2511	-0.0312
db6a187b-083a-4f71-9d8b-f08b5f208d7e	6	26663122	32611193	2660	-0.0024
db6a187b-083a-4f71-9d8b-f08b5f208d7e	6	32611226	32633540	12	0.7309
db6a187b-083a-4f71-9d8b-f08b5f208d7e	6	32634330	32658841	13	-0.3612
db6a187b-083a-4f71-9d8b-f08b5f208d7e	6	32682835	45987120	8446	0.0036
db6a187b-083a-4f71-9d8b-f08b5f208d7e	6	45987436	68976737	12505	-0.0372
db6a187b-083a-4f71-9d8b-f08b5f208d7e	6	68977806	68977891	2	-2.0353
db6a187b-083a-4f71-9d8b-f08b5f208d7e	6	68981078	103286954	21509	-0.0351
db6a187b-083a-4f71-9d8b-f08b5f208d7e	6	103290101	103314186	46	-0.7711
db6a187b-083a-4f71-9d8b-f08b5f208d7e	6	103317795	118309233	9206	-0.0287
db6a187b-083a-4f71-9d8b-f08b5f208d7e	6	118312970	118535735	117	0.1475
db6a187b-083a-4f71-9d8b-f08b5f208d7e	6	118537462	124110629	3365	-0.0404
db6a187b-083a-4f71-9d8b-f08b5f208d7e	6	124114796	124140301	17	0.5772
db6a187b-083a-4f71-9d8b-f08b5f208d7e	6	124140513	167931821	29605	-0.0294
db6a187b-083a-4f71-9d8b-f08b5f208d7e	6	167934598	168196667	181	0.4209
db6a187b-083a-4f71-9d8b-f08b5f208d7e	6	168197969	170741917	1678	-0.0315
db6a187b-083a-4f71-9d8b-f08b5f208d7e	7	43355	6836554	3432	0.293
db6a187b-083a-4f71-9d8b-f08b5f208d7e	7	6842621	6999855	45	-0.0269
db6a187b-083a-4f71-9d8b-f08b5f208d7e	7	7000869	54305455	35011	0.288
db6a187b-083a-4f71-9d8b-f08b5f208d7e	7	54318812	54318824	6	-1.8542
db6a187b-083a-4f71-9d8b-f08b5f208d7e	7	54325795	70741147	5997	0.2638
db6a187b-083a-4f71-9d8b-f08b5f208d7e	7	70741224	72366500	1082	0.3547
db6a187b-083a-4f71-9d8b-f08b5f208d7e	7	72367144	76713262	1245	0.2693
db6a187b-083a-4f71-9d8b-f08b5f208d7e	7	76717457	76749937	8	-0.4118
db6a187b-083a-4f71-9d8b-f08b5f208d7e	7	76751587	97980107	13616	0.2823
db6a187b-083a-4f71-9d8b-f08b5f208d7e	7	97982029	97982736	3	-1.68
db6a187b-083a-4f71-9d8b-f08b5f208d7e	7	97984459	109800866	6514	0.287
db6a187b-083a-4f71-9d8b-f08b5f208d7e	7	109801155	109813853	12	-0.3833
db6a187b-083a-4f71-9d8b-f08b5f208d7e	7	109813925	126404920	10031	0.2733
db6a187b-083a-4f71-9d8b-f08b5f208d7e	7	126405428	126406823	14	1.2875
db6a187b-083a-4f71-9d8b-f08b5f208d7e	7	126406824	134100458	4700	0.2938
db6a187b-083a-4f71-9d8b-f08b5f208d7e	7	134100556	134105657	21	0.6965
db6a187b-083a-4f71-9d8b-f08b5f208d7e	7	134105690	142485450	5545	0.2884
db6a187b-083a-4f71-9d8b-f08b5f208d7e	7	142489044	142496160	12	-0.8605
db6a187b-083a-4f71-9d8b-f08b5f208d7e	7	142502096	144249785	883	0.3066
db6a187b-083a-4f71-9d8b-f08b5f208d7e	7	144255220	144306653	8	1.111
db6a187b-083a-4f71-9d8b-f08b5f208d7e	7	144312471	159334314	9654	0.2815
db6a187b-083a-4f71-9d8b-f08b5f208d7e	8	81254	643041	322	-0.0643
db6a187b-083a-4f71-9d8b-f08b5f208d7e	8	644944	645908	10	1.2354
db6a187b-083a-4f71-9d8b-f08b5f208d7e	8	656117	7357997	7403	-0.0476
db6a187b-083a-4f71-9d8b-f08b5f208d7e	8	7358220	7455757	23	-0.6378
db6a187b-083a-4f71-9d8b-f08b5f208d7e	8	7457047	7775900	10	0.0027
db6a187b-083a-4f71-9d8b-f08b5f208d7e	8	7788805	7919608	9	-1.3198
db6a187b-083a-4f71-9d8b-f08b5f208d7e	8	7930163	8212781	20	-0.0971
db6a187b-083a-4f71-9d8b-f08b5f208d7e	8	8214781	8234503	2	-2.5462
db6a187b-083a-4f71-9d8b-f08b5f208d7e	8	8235660	11911398	3148	-0.0548
db6a187b-083a-4f71-9d8b-f08b5f208d7e	8	11914537	11925527	4	-1.7709
db6a187b-083a-4f71-9d8b-f08b5f208d7e	8	11928746	12092042	64	-0.0791
db6a187b-083a-4f71-9d8b-f08b5f208d7e	8	12130217	12143614	6	-1.6676
db6a187b-083a-4f71-9d8b-f08b5f208d7e	8	12176798	16078047	3304	-0.0744
db6a187b-083a-4f71-9d8b-f08b5f208d7e	8	16078315	16078419	2	-1.93
db6a187b-083a-4f71-9d8b-f08b5f208d7e	8	16084400	39373140	16192	-0.0534
db6a187b-083a-4f71-9d8b-f08b5f208d7e	8	39378084	39529446	58	-1.7477
db6a187b-083a-4f71-9d8b-f08b5f208d7e	8	39530780	39537590	6	-0.5571
db6a187b-083a-4f71-9d8b-f08b5f208d7e	8	39538338	39973181	261	-0.0256
db6a187b-083a-4f71-9d8b-f08b5f208d7e	8	39973438	39973681	2	-2.7548
db6a187b-083a-4f71-9d8b-f08b5f208d7e	8	39974128	111282065	41745	-0.0329
db6a187b-083a-4f71-9d8b-f08b5f208d7e	8	111282237	111282417	2	1.5764
db6a187b-083a-4f71-9d8b-f08b5f208d7e	8	111282441	145072769	22926	-0.0228
db6a187b-083a-4f71-9d8b-f08b5f208d7e	9	46587	602903	508	-0.0492
db6a187b-083a-4f71-9d8b-f08b5f208d7e	9	606699	606893	3	-1.8312
db6a187b-083a-4f71-9d8b-f08b5f208d7e	9	606961	28044706	23462	-0.033
db6a187b-083a-4f71-9d8b-f08b5f208d7e	9	28047590	28050693	5	-1.8152
db6a187b-083a-4f71-9d8b-f08b5f208d7e	9	28055605	39547492	7201	-0.0183
db6a187b-083a-4f71-9d8b-f08b5f208d7e	9	39588611	40712794	13	0.7252
db6a187b-083a-4f71-9d8b-f08b5f208d7e	9	40723126	61561095	202	-0.1394
db6a187b-083a-4f71-9d8b-f08b5f208d7e	9	61566296	61665362	15	-1.0268
db6a187b-083a-4f71-9d8b-f08b5f208d7e	9	61668104	138200944	48090	-0.0203
db6a187b-083a-4f71-9d8b-f08b5f208d7e	10	45792	1746269	1183	-0.0112
db6a187b-083a-4f71-9d8b-f08b5f208d7e	10	1746887	1747053	2	1.5372
db6a187b-083a-4f71-9d8b-f08b5f208d7e	10	1747465	2027814	278	-0.0257
db6a187b-083a-4f71-9d8b-f08b5f208d7e	10	2030079	2031213	6	-0.7323
db6a187b-083a-4f71-9d8b-f08b5f208d7e	10	2031517	2512121	449	-0.0263
db6a187b-083a-4f71-9d8b-f08b5f208d7e	10	2520075	2520561	4	-1.7557
db6a187b-083a-4f71-9d8b-f08b5f208d7e	10	2528802	3099778	615	0.0244
db6a187b-083a-4f71-9d8b-f08b5f208d7e	10	3105000	3113976	14	-0.9637
db6a187b-083a-4f71-9d8b-f08b5f208d7e	10	3114527	15008463	10174	-0.0065
db6a187b-083a-4f71-9d8b-f08b5f208d7e	10	15010498	15010629	2	-2.6124
db6a187b-083a-4f71-9d8b-f08b5f208d7e	10	15015796	24088746	6477	-0.0194
db6a187b-083a-4f71-9d8b-f08b5f208d7e	10	24088747	24089125	9	-1.9856
db6a187b-083a-4f71-9d8b-f08b5f208d7e	10	24089979	30957581	5018	-0.0166
db6a187b-083a-4f71-9d8b-f08b5f208d7e	10	30962405	30962809	10	-0.657
db6a187b-083a-4f71-9d8b-f08b5f208d7e	10	30962850	46522571	7447	-0.0184
db6a187b-083a-4f71-9d8b-f08b5f208d7e	10	46525652	46526086	11	0.8873
db6a187b-083a-4f71-9d8b-f08b5f208d7e	10	46526248	46560525	27	-0.0296
db6a187b-083a-4f71-9d8b-f08b5f208d7e	10	46606240	46693480	7	-1.3813
db6a187b-083a-4f71-9d8b-f08b5f208d7e	10	46693694	90700170	29649	-0.024
db6a187b-083a-4f71-9d8b-f08b5f208d7e	10	90702958	90703534	4	-1.1404
db6a187b-083a-4f71-9d8b-f08b5f208d7e	10	90711823	99518208	5452	-0.01
db6a187b-083a-4f71-9d8b-f08b5f208d7e	10	99518975	99522443	2	-1.7478
db6a187b-083a-4f71-9d8b-f08b5f208d7e	10	99525774	104843328	2918	-0.0072
db6a187b-083a-4f71-9d8b-f08b5f208d7e	10	104844066	104844472	2	-1.6541
db6a187b-083a-4f71-9d8b-f08b5f208d7e	10	104844948	129392359	18100	-0.0213
db6a187b-083a-4f71-9d8b-f08b5f208d7e	10	129392497	129394715	5	-0.9889
db6a187b-083a-4f71-9d8b-f08b5f208d7e	10	129396033	130472507	828	-0.029
db6a187b-083a-4f71-9d8b-f08b5f208d7e	10	130472578	130472631	2	1.6012
db6a187b-083a-4f71-9d8b-f08b5f208d7e	10	130472877	133654968	1997	-0.0207
db6a187b-083a-4f71-9d8b-f08b5f208d7e	11	198510	4946420	2420	-0.0167
db6a187b-083a-4f71-9d8b-f08b5f208d7e	11	4947280	4954475	28	0.5459
db6a187b-083a-4f71-9d8b-f08b5f208d7e	11	4955027	18919323	10223	-0.0077
db6a187b-083a-4f71-9d8b-f08b5f208d7e	11	18927525	18939550	32	-0.9363
db6a187b-083a-4f71-9d8b-f08b5f208d7e	11	18939631	43848430	17908	-0.0301
db6a187b-083a-4f71-9d8b-f08b5f208d7e	11	43853833	73283154	12970	-0.0021
db6a187b-083a-4f71-9d8b-f08b5f208d7e	11	73284867	73285036	2	-1.5393
db6a187b-083a-4f71-9d8b-f08b5f208d7e	11	73286876	80256759	4225	0.0017
db6a187b-083a-4f71-9d8b-f08b5f208d7e	11	80260060	107367930	19085	-0.034
db6a187b-083a-4f71-9d8b-f08b5f208d7e	11	107367945	107368088	4	0.9774
db6a187b-083a-4f71-9d8b-f08b5f208d7e	11	107368205	107910653	386	-0.0468
db6a187b-083a-4f71-9d8b-f08b5f208d7e	11	107913781	107914372	2	-3.363
db6a187b-083a-4f71-9d8b-f08b5f208d7e	11	107916987	135074876	19538	-0.0144
db6a187b-083a-4f71-9d8b-f08b5f208d7e	12	51460	8257106	5553	-0.0056
db6a187b-083a-4f71-9d8b-f08b5f208d7e	12	8259466	8283642	7	-0.7983
db6a187b-083a-4f71-9d8b-f08b5f208d7e	12	8283732	9477960	616	-0.0202
db6a187b-083a-4f71-9d8b-f08b5f208d7e	12	9481274	9582373	25	0.98
db6a187b-083a-4f71-9d8b-f08b5f208d7e	12	9582374	39087759	18099	-0.0252
db6a187b-083a-4f71-9d8b-f08b5f208d7e	12	39088081	39089311	4	-1.259
db6a187b-083a-4f71-9d8b-f08b5f208d7e	12	39094246	45510655	4097	-0.0307
db6a187b-083a-4f71-9d8b-f08b5f208d7e	12	45512057	45515754	3	-1.5912
db6a187b-083a-4f71-9d8b-f08b5f208d7e	12	45519509	52317591	3734	-0.0085
db6a187b-083a-4f71-9d8b-f08b5f208d7e	12	52318962	52382183	78	-0.2704
db6a187b-083a-4f71-9d8b-f08b5f208d7e	12	52382895	52626127	231	-0.056
db6a187b-083a-4f71-9d8b-f08b5f208d7e	12	52626997	58327400	3148	-0.0003
db6a187b-083a-4f71-9d8b-f08b5f208d7e	12	58327448	81621987	15105	-0.0356
db6a187b-083a-4f71-9d8b-f08b5f208d7e	12	81622573	81622763	2	-2.4985
db6a187b-083a-4f71-9d8b-f08b5f208d7e	12	81632569	131636170	33568	-0.0144
db6a187b-083a-4f71-9d8b-f08b5f208d7e	12	131648039	131648790	13	-1.4574
db6a187b-083a-4f71-9d8b-f08b5f208d7e	12	131657925	133201603	559	-0.0135
db6a187b-083a-4f71-9d8b-f08b5f208d7e	13	18452809	21719978	1809	0.4553
db6a187b-083a-4f71-9d8b-f08b5f208d7e	13	21722582	26239588	3435	-0.0283
db6a187b-083a-4f71-9d8b-f08b5f208d7e	13	26242101	31606534	4093	0.5147
db6a187b-083a-4f71-9d8b-f08b5f208d7e	13	31613629	33246226	1241	-0.0318
db6a187b-083a-4f71-9d8b-f08b5f208d7e	13	33247360	38478674	3627	0.2701
db6a187b-083a-4f71-9d8b-f08b5f208d7e	13	38483435	38483919	2	-1.3543
db6a187b-083a-4f71-9d8b-f08b5f208d7e	13	38490920	40445028	1535	0.2827
db6a187b-083a-4f71-9d8b-f08b5f208d7e	13	40445533	48957415	5790	-0.0272
db6a187b-083a-4f71-9d8b-f08b5f208d7e	13	48959579	48962368	2	-2.2328
db6a187b-083a-4f71-9d8b-f08b5f208d7e	13	48963569	57139232	4488	-0.0289
db6a187b-083a-4f71-9d8b-f08b5f208d7e	13	57174890	57336060	121	0.1745
db6a187b-083a-4f71-9d8b-f08b5f208d7e	13	57337226	59429412	1276	-0.0514
db6a187b-083a-4f71-9d8b-f08b5f208d7e	13	59429981	66444423	4138	0.4321
db6a187b-083a-4f71-9d8b-f08b5f208d7e	13	66446746	66505215	46	0.7383
db6a187b-083a-4f71-9d8b-f08b5f208d7e	13	66506162	71001893	2925	0.445
db6a187b-083a-4f71-9d8b-f08b5f208d7e	13	71006425	72320699	889	-0.0383
db6a187b-083a-4f71-9d8b-f08b5f208d7e	13	72321162	72324442	4	-0.8376
db6a187b-083a-4f71-9d8b-f08b5f208d7e	13	72329817	73690668	943	-0.0277
db6a187b-083a-4f71-9d8b-f08b5f208d7e	13	73697632	75892991	1630	0.3904
db6a187b-083a-4f71-9d8b-f08b5f208d7e	13	75893021	77896215	1345	0.4421
db6a187b-083a-4f71-9d8b-f08b5f208d7e	13	77897495	77901346	7	1.0377
db6a187b-083a-4f71-9d8b-f08b5f208d7e	13	77901426	80246388	1616	0.4613
db6a187b-083a-4f71-9d8b-f08b5f208d7e	13	80253957	82834232	1540	-0.0534
db6a187b-083a-4f71-9d8b-f08b5f208d7e	13	82840321	86282605	2195	0.505
db6a187b-083a-4f71-9d8b-f08b5f208d7e	13	86282946	89549521	1809	0.4444
db6a187b-083a-4f71-9d8b-f08b5f208d7e	13	89550019	91001823	928	0.2727
db6a187b-083a-4f71-9d8b-f08b5f208d7e	13	91009017	98419598	5012	0.4484
db6a187b-083a-4f71-9d8b-f08b5f208d7e	13	98419874	98420859	5	-0.6045
db6a187b-083a-4f71-9d8b-f08b5f208d7e	13	98424432	103359566	3648	0.4544
db6a187b-083a-4f71-9d8b-f08b5f208d7e	13	103359638	107138366	3068	0.3956
db6a187b-083a-4f71-9d8b-f08b5f208d7e	13	107142490	111193738	3333	0.455
db6a187b-083a-4f71-9d8b-f08b5f208d7e	13	111193924	111196786	3	-0.4959
db6a187b-083a-4f71-9d8b-f08b5f208d7e	13	111196994	111877761	382	0.4664
db6a187b-083a-4f71-9d8b-f08b5f208d7e	13	111879552	114342922	1279	0.392
db6a187b-083a-4f71-9d8b-f08b5f208d7e	14	18239283	21952614	1553	0.2746
db6a187b-083a-4f71-9d8b-f08b5f208d7e	14	21953271	22519044	487	0.3886
db6a187b-083a-4f71-9d8b-f08b5f208d7e	14	22519593	23094539	320	0.2849
db6a187b-083a-4f71-9d8b-f08b5f208d7e	14	23099897	23101615	2	1.7653
db6a187b-083a-4f71-9d8b-f08b5f208d7e	14	23102462	41139155	11407	0.2837
db6a187b-083a-4f71-9d8b-f08b5f208d7e	14	41141293	41188146	15	-0.2965
db6a187b-083a-4f71-9d8b-f08b5f208d7e	14	41200899	106458677	41435	0.2927
db6a187b-083a-4f71-9d8b-f08b5f208d7e	14	106458728	106462169	5	-0.7821
db6a187b-083a-4f71-9d8b-f08b5f208d7e	14	106462183	106877229	196	0.2156
db6a187b-083a-4f71-9d8b-f08b5f208d7e	15	19811075	20026653	47	-0.2547
db6a187b-083a-4f71-9d8b-f08b5f208d7e	15	20041119	20056983	3	-2.2832
db6a187b-083a-4f71-9d8b-f08b5f208d7e	15	20059033	20670516	100	0.0626
db6a187b-083a-4f71-9d8b-f08b5f208d7e	15	20670989	21266108	19	0.5114
db6a187b-083a-4f71-9d8b-f08b5f208d7e	15	21266481	24259010	965	-0.0601
db6a187b-083a-4f71-9d8b-f08b5f208d7e	15	24263561	24266888	2	1.6291
db6a187b-083a-4f71-9d8b-f08b5f208d7e	15	24269473	31922311	4576	-0.0534
db6a187b-083a-4f71-9d8b-f08b5f208d7e	15	31922414	32788546	365	-0.1449
db6a187b-083a-4f71-9d8b-f08b5f208d7e	15	32788708	76598900	27841	-0.0367
db6a187b-083a-4f71-9d8b-f08b5f208d7e	15	76599170	76599700	8	0.7349
db6a187b-083a-4f71-9d8b-f08b5f208d7e	15	76599852	93425153	11276	-0.043
db6a187b-083a-4f71-9d8b-f08b5f208d7e	15	93426467	93426720	3	-1.3848
db6a187b-083a-4f71-9d8b-f08b5f208d7e	15	93427183	97265179	2913	-0.0531
db6a187b-083a-4f71-9d8b-f08b5f208d7e	15	97274562	97288957	11	-0.7972
db6a187b-083a-4f71-9d8b-f08b5f208d7e	15	97290419	101399713	3080	-0.0463
db6a187b-083a-4f71-9d8b-f08b5f208d7e	15	101401392	101408160	8	-0.8111
db6a187b-083a-4f71-9d8b-f08b5f208d7e	15	101410728	101928837	335	-0.0769
db6a187b-083a-4f71-9d8b-f08b5f208d7e	16	10777	601326	271	0.4433
db6a187b-083a-4f71-9d8b-f08b5f208d7e	16	601407	4872200	1781	0.532
db6a187b-083a-4f71-9d8b-f08b5f208d7e	16	4873090	5079160	141	0.4729
db6a187b-083a-4f71-9d8b-f08b5f208d7e	16	5083089	5170093	36	0.1994
db6a187b-083a-4f71-9d8b-f08b5f208d7e	16	5170837	5760312	645	0.4699
db6a187b-083a-4f71-9d8b-f08b5f208d7e	16	5760348	7150593	1707	0.5361
db6a187b-083a-4f71-9d8b-f08b5f208d7e	16	7151421	7400574	313	0.4212
db6a187b-083a-4f71-9d8b-f08b5f208d7e	16	7400882	16004511	6693	0.4755
db6a187b-083a-4f71-9d8b-f08b5f208d7e	16	16004618	18104860	1177	0.4029
db6a187b-083a-4f71-9d8b-f08b5f208d7e	16	18134261	18144432	2	-1.8642
db6a187b-083a-4f71-9d8b-f08b5f208d7e	16	18148869	28857374	6158	0.468
db6a187b-083a-4f71-9d8b-f08b5f208d7e	16	28860645	29006524	48	0.1648
db6a187b-083a-4f71-9d8b-f08b5f208d7e	16	29006866	31948053	978	0.4682
db6a187b-083a-4f71-9d8b-f08b5f208d7e	16	31948830	35408536	322	0.2504
db6a187b-083a-4f71-9d8b-f08b5f208d7e	16	35409946	36048855	202	0.4224
db6a187b-083a-4f71-9d8b-f08b5f208d7e	16	46441986	46639499	67	-0.4403
db6a187b-083a-4f71-9d8b-f08b5f208d7e	16	46640072	46646301	2	1.1855
db6a187b-083a-4f71-9d8b-f08b5f208d7e	16	46649405	59652138	8806	-0.4404
db6a187b-083a-4f71-9d8b-f08b5f208d7e	16	59652205	65215749	3717	-0.4882
db6a187b-083a-4f71-9d8b-f08b5f208d7e	16	65218770	66769252	1153	-0.4522
db6a187b-083a-4f71-9d8b-f08b5f208d7e	16	66770075	70709122	1706	-0.3793
db6a187b-083a-4f71-9d8b-f08b5f208d7e	16	70712645	78337711	5297	-0.4635
db6a187b-083a-4f71-9d8b-f08b5f208d7e	16	78338543	78350868	17	0.1868
db6a187b-083a-4f71-9d8b-f08b5f208d7e	16	78351104	83108414	5238	-0.4647
db6a187b-083a-4f71-9d8b-f08b5f208d7e	16	83108455	83108600	2	-2.9907
db6a187b-083a-4f71-9d8b-f08b5f208d7e	16	83109091	90096867	5362	-0.4489
db6a187b-083a-4f71-9d8b-f08b5f208d7e	17	150733	1037830	479	-0.4114
db6a187b-083a-4f71-9d8b-f08b5f208d7e	17	1042324	1047718	2	1.7206
db6a187b-083a-4f71-9d8b-f08b5f208d7e	17	1055442	19456164	11210	-0.4369
db6a187b-083a-4f71-9d8b-f08b5f208d7e	17	19457898	41266774	9111	-0.0315
db6a187b-083a-4f71-9d8b-f08b5f208d7e	17	41266805	41267234	11	-0.8201
db6a187b-083a-4f71-9d8b-f08b5f208d7e	17	41271598	41273905	7	-0.0071
db6a187b-083a-4f71-9d8b-f08b5f208d7e	17	41273921	41273934	2	-2.1944
db6a187b-083a-4f71-9d8b-f08b5f208d7e	17	41274198	41347661	74	-0.1193
db6a187b-083a-4f71-9d8b-f08b5f208d7e	17	41348341	46147957	2473	-0.0065
db6a187b-083a-4f71-9d8b-f08b5f208d7e	17	46148399	46286804	78	0.2168
db6a187b-083a-4f71-9d8b-f08b5f208d7e	17	46323701	50317977	1892	-0.0043
db6a187b-083a-4f71-9d8b-f08b5f208d7e	17	50318621	83091923	19676	-0.0408
db6a187b-083a-4f71-9d8b-f08b5f208d7e	18	48133	36048764	19651	-0.0207
db6a187b-083a-4f71-9d8b-f08b5f208d7e	18	36049476	36053320	2	-2.4067
db6a187b-083a-4f71-9d8b-f08b5f208d7e	18	36055605	40680516	3141	-0.0311
db6a187b-083a-4f71-9d8b-f08b5f208d7e	18	40680526	40685370	11	-0.7517
db6a187b-083a-4f71-9d8b-f08b5f208d7e	18	40685399	46947184	4107	-0.02
db6a187b-083a-4f71-9d8b-f08b5f208d7e	18	46947961	46949855	4	-1.2568
db6a187b-083a-4f71-9d8b-f08b5f208d7e	18	46950013	64544391	12349	-0.0218
db6a187b-083a-4f71-9d8b-f08b5f208d7e	18	64544711	64613840	43	0.2565
db6a187b-083a-4f71-9d8b-f08b5f208d7e	18	64613890	64950570	251	-0.063
db6a187b-083a-4f71-9d8b-f08b5f208d7e	18	64954393	64954436	2	1.0362
db6a187b-083a-4f71-9d8b-f08b5f208d7e	18	64954810	65533230	363	-0.0467
db6a187b-083a-4f71-9d8b-f08b5f208d7e	18	65533243	65537481	17	0.7111
db6a187b-083a-4f71-9d8b-f08b5f208d7e	18	65540037	80257174	10799	-0.0198
db6a187b-083a-4f71-9d8b-f08b5f208d7e	19	90910	19799744	8542	0.0217
db6a187b-083a-4f71-9d8b-f08b5f208d7e	19	19800029	21216604	829	-0.0862
db6a187b-083a-4f71-9d8b-f08b5f208d7e	19	21217293	22137207	540	-0.0186
db6a187b-083a-4f71-9d8b-f08b5f208d7e	19	22154092	22155963	6	0.7949
db6a187b-083a-4f71-9d8b-f08b5f208d7e	19	22159103	27294585	1249	-0.0129
db6a187b-083a-4f71-9d8b-f08b5f208d7e	19	27329324	27330071	2	1.3388
db6a187b-083a-4f71-9d8b-f08b5f208d7e	19	27337678	34073481	4699	-0.0023
db6a187b-083a-4f71-9d8b-f08b5f208d7e	19	34073791	34086481	16	-0.5921
db6a187b-083a-4f71-9d8b-f08b5f208d7e	19	34086676	36354973	1288	0.0094
db6a187b-083a-4f71-9d8b-f08b5f208d7e	19	36355248	36355288	2	-1.3604
db6a187b-083a-4f71-9d8b-f08b5f208d7e	19	36355726	51628560	7590	0.004
db6a187b-083a-4f71-9d8b-f08b5f208d7e	19	51639099	51644944	11	-0.6311
db6a187b-083a-4f71-9d8b-f08b5f208d7e	19	51651652	53403207	1226	0.0012
db6a187b-083a-4f71-9d8b-f08b5f208d7e	19	53404859	53839317	320	-0.1258
db6a187b-083a-4f71-9d8b-f08b5f208d7e	19	53841580	58586487	2789	0.0033
db6a187b-083a-4f71-9d8b-f08b5f208d7e	20	80664	1580353	1204	-0.0087
db6a187b-083a-4f71-9d8b-f08b5f208d7e	20	1580934	1617460	43	1.2412
db6a187b-083a-4f71-9d8b-f08b5f208d7e	20	1617690	7412092	4334	-0.002
db6a187b-083a-4f71-9d8b-f08b5f208d7e	20	7420339	7426090	2	-2.6689
db6a187b-083a-4f71-9d8b-f08b5f208d7e	20	7426261	7719696	222	-0.0172
db6a187b-083a-4f71-9d8b-f08b5f208d7e	20	7719935	7720937	3	-1.3295
db6a187b-083a-4f71-9d8b-f08b5f208d7e	20	7722773	31263351	14273	-0.0168
db6a187b-083a-4f71-9d8b-f08b5f208d7e	20	31267541	32199174	431	0.1148
db6a187b-083a-4f71-9d8b-f08b5f208d7e	20	32199423	53140770	13709	0.0034
db6a187b-083a-4f71-9d8b-f08b5f208d7e	20	53142721	53145210	2	-1.4465
db6a187b-083a-4f71-9d8b-f08b5f208d7e	20	53145575	54041178	698	-0.023
db6a187b-083a-4f71-9d8b-f08b5f208d7e	20	54041534	54041625	2	1.3134
db6a187b-083a-4f71-9d8b-f08b5f208d7e	20	54041980	56546702	2055	-0.0204
db6a187b-083a-4f71-9d8b-f08b5f208d7e	20	56547663	56547669	2	-2.2776
db6a187b-083a-4f71-9d8b-f08b5f208d7e	20	56551410	64275366	5390	0.0016
db6a187b-083a-4f71-9d8b-f08b5f208d7e	20	64279990	64324800	10	-0.6715
db6a187b-083a-4f71-9d8b-f08b5f208d7e	21	10354168	13095038	102	-0.2101
db6a187b-083a-4f71-9d8b-f08b5f208d7e	21	13095458	13582956	165	-0.6718
db6a187b-083a-4f71-9d8b-f08b5f208d7e	21	13583316	31436422	12892	-0.0281
db6a187b-083a-4f71-9d8b-f08b5f208d7e	21	31436743	46677045	10702	0.0007
db6a187b-083a-4f71-9d8b-f08b5f208d7e	22	15294547	23981995	4393	-0.4202
db6a187b-083a-4f71-9d8b-f08b5f208d7e	22	23987520	23989773	3	-2.2221
db6a187b-083a-4f71-9d8b-f08b5f208d7e	22	23990431	49020701	17751	-0.4249
db6a187b-083a-4f71-9d8b-f08b5f208d7e	22	49021023	49851331	719	-0.5278
db6a187b-083a-4f71-9d8b-f08b5f208d7e	22	49851696	50796027	389	-0.444
db6a187b-083a-4f71-9d8b-f08b5f208d7e	X	251810	48303463	29148	0.0088
db6a187b-083a-4f71-9d8b-f08b5f208d7e	X	48305709	48312726	5	-1.1648
db6a187b-083a-4f71-9d8b-f08b5f208d7e	X	48319287	155952689	54507	0.0031
db6a187b-083a-4f71-9d8b-f08b5f208d7e	Y	2782397	19563077	5545	-0.6062
db6a187b-083a-4f71-9d8b-f08b5f208d7e	Y	19563828	19564502	3	1.8322
db6a187b-083a-4f71-9d8b-f08b5f208d7e	Y	19568371	56872112	1090	-0.6084
