GDC_Aliquot	Chromosome	Start	End	Num_Probes	Segment_Mean
56a12e7e-bc33-483d-9c09-7bd170093abe	1	62920	266187	17	-0.3251
56a12e7e-bc33-483d-9c09-7bd170093abe	1	462795	3336055	750	0.1372
56a12e7e-bc33-483d-9c09-7bd170093abe	1	3337377	16544783	7876	0.0119
56a12e7e-bc33-483d-9c09-7bd170093abe	1	16569132	16679483	32	0.3649
56a12e7e-bc33-483d-9c09-7bd170093abe	1	16685961	16721984	9	1.2324
56a12e7e-bc33-483d-9c09-7bd170093abe	1	16766762	16935737	68	0.5767
56a12e7e-bc33-483d-9c09-7bd170093abe	1	16935752	25266637	5260	0.0237
56a12e7e-bc33-483d-9c09-7bd170093abe	1	25269390	25336819	24	-0.4304
56a12e7e-bc33-483d-9c09-7bd170093abe	1	25336853	72290430	28699	0.0094
56a12e7e-bc33-483d-9c09-7bd170093abe	1	72290459	72297687	8	-0.98
56a12e7e-bc33-483d-9c09-7bd170093abe	1	72302735	72303233	3	0.7503
56a12e7e-bc33-483d-9c09-7bd170093abe	1	72303253	72313397	9	2.7891
56a12e7e-bc33-483d-9c09-7bd170093abe	1	72313408	72345450	35	1.5427
56a12e7e-bc33-483d-9c09-7bd170093abe	1	72345465	108187137	22868	-0.0012
56a12e7e-bc33-483d-9c09-7bd170093abe	1	108191613	108192255	2	-2.8804
56a12e7e-bc33-483d-9c09-7bd170093abe	1	108194874	109684893	696	-0.0006
56a12e7e-bc33-483d-9c09-7bd170093abe	1	109690352	109697556	13	0.9908
56a12e7e-bc33-483d-9c09-7bd170093abe	1	109702376	143459641	7137	0.0072
56a12e7e-bc33-483d-9c09-7bd170093abe	1	143494500	143748074	98	0.2367
56a12e7e-bc33-483d-9c09-7bd170093abe	1	143748421	167796946	12738	0.0056
56a12e7e-bc33-483d-9c09-7bd170093abe	1	167797188	167797682	3	-1.3998
56a12e7e-bc33-483d-9c09-7bd170093abe	1	167799276	196745743	19254	0.0048
56a12e7e-bc33-483d-9c09-7bd170093abe	1	196758720	196832720	58	-0.5822
56a12e7e-bc33-483d-9c09-7bd170093abe	1	196843377	215879715	12810	0.0033
56a12e7e-bc33-483d-9c09-7bd170093abe	1	215879807	215880228	2	-1.8914
56a12e7e-bc33-483d-9c09-7bd170093abe	1	215880638	233618743	12037	0.0073
56a12e7e-bc33-483d-9c09-7bd170093abe	1	233621799	233621988	3	-2.2472
56a12e7e-bc33-483d-9c09-7bd170093abe	1	233623892	240228440	5055	0.0081
56a12e7e-bc33-483d-9c09-7bd170093abe	1	240230715	240230824	5	-1.5039
56a12e7e-bc33-483d-9c09-7bd170093abe	1	240230839	248930189	5852	0.0034
56a12e7e-bc33-483d-9c09-7bd170093abe	2	12784	193991	108	0.0429
56a12e7e-bc33-483d-9c09-7bd170093abe	2	196973	228699	24	0.4188
56a12e7e-bc33-483d-9c09-7bd170093abe	2	230442	4158097	2855	0.0165
56a12e7e-bc33-483d-9c09-7bd170093abe	2	4166274	4176429	42	-0.5533
56a12e7e-bc33-483d-9c09-7bd170093abe	2	4182472	34466002	21038	0.0001
56a12e7e-bc33-483d-9c09-7bd170093abe	2	34474248	34511990	46	-0.5978
56a12e7e-bc33-483d-9c09-7bd170093abe	2	34512096	41011095	4790	-0.0098
56a12e7e-bc33-483d-9c09-7bd170093abe	2	41011303	41018747	22	-0.5948
56a12e7e-bc33-483d-9c09-7bd170093abe	2	41024093	82492664	27657	-0.0072
56a12e7e-bc33-483d-9c09-7bd170093abe	2	82492903	82495661	3	-1.4823
56a12e7e-bc33-483d-9c09-7bd170093abe	2	82495773	89200985	3250	0.0102
56a12e7e-bc33-483d-9c09-7bd170093abe	2	89201676	89201750	2	-1.5152
56a12e7e-bc33-483d-9c09-7bd170093abe	2	89218971	97188422	1062	0.0055
56a12e7e-bc33-483d-9c09-7bd170093abe	2	97192190	97211436	15	0.7285
56a12e7e-bc33-483d-9c09-7bd170093abe	2	97310327	97359885	13	0.0607
56a12e7e-bc33-483d-9c09-7bd170093abe	2	97524284	97545726	9	-1.2167
56a12e7e-bc33-483d-9c09-7bd170093abe	2	97550415	106258266	5560	0.0019
56a12e7e-bc33-483d-9c09-7bd170093abe	2	106263639	106270952	14	0.6942
56a12e7e-bc33-483d-9c09-7bd170093abe	2	106271414	146108264	23808	-0.0028
56a12e7e-bc33-483d-9c09-7bd170093abe	2	146108406	146109366	11	0.7628
56a12e7e-bc33-483d-9c09-7bd170093abe	2	146120238	241841244	58818	-0.0012
56a12e7e-bc33-483d-9c09-7bd170093abe	2	241973315	242092368	104	-0.7939
56a12e7e-bc33-483d-9c09-7bd170093abe	2	242095460	242147305	24	0.0988
56a12e7e-bc33-483d-9c09-7bd170093abe	3	20930	3009268	2614	-0.0476
56a12e7e-bc33-483d-9c09-7bd170093abe	3	3010718	3013366	7	-1.1585
56a12e7e-bc33-483d-9c09-7bd170093abe	3	3013563	28768295	18791	-0.0038
56a12e7e-bc33-483d-9c09-7bd170093abe	3	28768950	28774617	7	-1.031
56a12e7e-bc33-483d-9c09-7bd170093abe	3	28775352	60229092	19449	-0.0031
56a12e7e-bc33-483d-9c09-7bd170093abe	3	60230522	60242155	18	0.5632
56a12e7e-bc33-483d-9c09-7bd170093abe	3	60249360	68697108	6826	-0.001
56a12e7e-bc33-483d-9c09-7bd170093abe	3	68697133	68698262	13	1.0938
56a12e7e-bc33-483d-9c09-7bd170093abe	3	68699607	75372019	4864	-0.0026
56a12e7e-bc33-483d-9c09-7bd170093abe	3	75377956	75500567	55	-0.6267
56a12e7e-bc33-483d-9c09-7bd170093abe	3	75500795	75559488	14	0.1757
56a12e7e-bc33-483d-9c09-7bd170093abe	3	75564023	75596233	6	-0.8695
56a12e7e-bc33-483d-9c09-7bd170093abe	3	75600083	84053071	4659	-0.0053
56a12e7e-bc33-483d-9c09-7bd170093abe	3	84056282	84057015	2	-2.5492
56a12e7e-bc33-483d-9c09-7bd170093abe	3	84061816	99218940	6282	-0.0109
56a12e7e-bc33-483d-9c09-7bd170093abe	3	99225614	99230464	36	-0.5695
56a12e7e-bc33-483d-9c09-7bd170093abe	3	99230470	100605431	743	0.0115
56a12e7e-bc33-483d-9c09-7bd170093abe	3	100607341	100728134	62	0.4339
56a12e7e-bc33-483d-9c09-7bd170093abe	3	100729339	119631498	11790	0.0022
56a12e7e-bc33-483d-9c09-7bd170093abe	3	119632551	119635091	5	-1.0919
56a12e7e-bc33-483d-9c09-7bd170093abe	3	119636564	128686328	5454	0.0038
56a12e7e-bc33-483d-9c09-7bd170093abe	3	128686360	128693488	6	0.9633
56a12e7e-bc33-483d-9c09-7bd170093abe	3	128695318	128736989	49	0.0298
56a12e7e-bc33-483d-9c09-7bd170093abe	3	128737004	128747042	4	0.7287
56a12e7e-bc33-483d-9c09-7bd170093abe	3	128753174	129593367	355	0.0064
56a12e7e-bc33-483d-9c09-7bd170093abe	3	129594146	129594646	2	-1.1635
56a12e7e-bc33-483d-9c09-7bd170093abe	3	129597751	130044016	211	-0.0036
56a12e7e-bc33-483d-9c09-7bd170093abe	3	130044855	130088155	40	0.377
56a12e7e-bc33-483d-9c09-7bd170093abe	3	130089433	131987852	1164	-0.0056
56a12e7e-bc33-483d-9c09-7bd170093abe	3	131989313	131999369	4	-0.9762
56a12e7e-bc33-483d-9c09-7bd170093abe	3	132004782	137314218	3320	0.004
56a12e7e-bc33-483d-9c09-7bd170093abe	3	137314418	137314421	3	1.6984
56a12e7e-bc33-483d-9c09-7bd170093abe	3	137314580	162790480	15742	0.0022
56a12e7e-bc33-483d-9c09-7bd170093abe	3	162794869	162807070	12	0.966
56a12e7e-bc33-483d-9c09-7bd170093abe	3	162810842	162822685	9	-0.1274
56a12e7e-bc33-483d-9c09-7bd170093abe	3	162822702	162908207	49	0.7952
56a12e7e-bc33-483d-9c09-7bd170093abe	3	162908784	195559056	20635	0.0007
56a12e7e-bc33-483d-9c09-7bd170093abe	3	195656271	195715711	21	-0.4966
56a12e7e-bc33-483d-9c09-7bd170093abe	3	195719726	195973611	105	0.0737
56a12e7e-bc33-483d-9c09-7bd170093abe	3	195974244	195974457	3	-1.0573
56a12e7e-bc33-483d-9c09-7bd170093abe	3	195982791	198169247	1080	0.0164
56a12e7e-bc33-483d-9c09-7bd170093abe	4	68929	62802116	38687	0.0064
56a12e7e-bc33-483d-9c09-7bd170093abe	4	62804218	62805869	7	-1.1067
56a12e7e-bc33-483d-9c09-7bd170093abe	4	62805944	68394833	3426	0.0001
56a12e7e-bc33-483d-9c09-7bd170093abe	4	68395346	68422424	6	0.8788
56a12e7e-bc33-483d-9c09-7bd170093abe	4	68429081	68509237	14	-0.1211
56a12e7e-bc33-483d-9c09-7bd170093abe	4	68509442	68623617	63	-0.9702
56a12e7e-bc33-483d-9c09-7bd170093abe	4	68639397	129141596	36360	0.0014
56a12e7e-bc33-483d-9c09-7bd170093abe	4	129146391	129147005	2	-2.2705
56a12e7e-bc33-483d-9c09-7bd170093abe	4	129151408	160952848	19194	-0.0001
56a12e7e-bc33-483d-9c09-7bd170093abe	4	160958866	160963432	19	0.5209
56a12e7e-bc33-483d-9c09-7bd170093abe	4	160963448	172501371	7306	0.002
56a12e7e-bc33-483d-9c09-7bd170093abe	4	172503796	172507492	7	0.8554
56a12e7e-bc33-483d-9c09-7bd170093abe	4	172519981	189267889	11465	0.0012
56a12e7e-bc33-483d-9c09-7bd170093abe	4	189273964	189278110	4	1.0849
56a12e7e-bc33-483d-9c09-7bd170093abe	4	189278617	190106768	350	0.0008
56a12e7e-bc33-483d-9c09-7bd170093abe	5	15532	82480	34	-0.0617
56a12e7e-bc33-483d-9c09-7bd170093abe	5	88955	1927298	909	0.0836
56a12e7e-bc33-483d-9c09-7bd170093abe	5	1928775	7169363	4769	0.0126
56a12e7e-bc33-483d-9c09-7bd170093abe	5	7177225	7189812	26	-1.0896
56a12e7e-bc33-483d-9c09-7bd170093abe	5	7202522	97709417	52860	0.0011
56a12e7e-bc33-483d-9c09-7bd170093abe	5	97712762	97763616	43	-1.0692
56a12e7e-bc33-483d-9c09-7bd170093abe	5	97763980	99841435	1146	-0.0236
56a12e7e-bc33-483d-9c09-7bd170093abe	5	99841757	100006802	149	-0.1924
56a12e7e-bc33-483d-9c09-7bd170093abe	5	100007644	105100942	3018	-0.0075
56a12e7e-bc33-483d-9c09-7bd170093abe	5	105101012	105167266	41	-1.0754
56a12e7e-bc33-483d-9c09-7bd170093abe	5	105168236	135486593	19712	0.0017
56a12e7e-bc33-483d-9c09-7bd170093abe	5	135489795	135489993	2	-1.5697
56a12e7e-bc33-483d-9c09-7bd170093abe	5	135492523	152134610	10519	0.0074
56a12e7e-bc33-483d-9c09-7bd170093abe	5	152135825	152138790	14	-0.4999
56a12e7e-bc33-483d-9c09-7bd170093abe	5	152140710	156048095	2655	0.005
56a12e7e-bc33-483d-9c09-7bd170093abe	5	156049762	156055564	12	-0.7091
56a12e7e-bc33-483d-9c09-7bd170093abe	5	156055705	168725555	8568	0.007
56a12e7e-bc33-483d-9c09-7bd170093abe	5	168728048	168770796	46	0.3386
56a12e7e-bc33-483d-9c09-7bd170093abe	5	168772296	180953203	7983	0.0145
56a12e7e-bc33-483d-9c09-7bd170093abe	5	180960138	180991103	16	0.5353
56a12e7e-bc33-483d-9c09-7bd170093abe	5	181006225	181363319	169	0.0731
56a12e7e-bc33-483d-9c09-7bd170093abe	6	149661	294837	124	0.0129
56a12e7e-bc33-483d-9c09-7bd170093abe	6	302306	336218	21	-0.5505
56a12e7e-bc33-483d-9c09-7bd170093abe	6	336809	32612840	22705	0.0073
56a12e7e-bc33-483d-9c09-7bd170093abe	6	32614061	32689904	26	-0.7466
56a12e7e-bc33-483d-9c09-7bd170093abe	6	32690302	32898021	166	-0.0498
56a12e7e-bc33-483d-9c09-7bd170093abe	6	32898134	32898318	3	-1.3179
56a12e7e-bc33-483d-9c09-7bd170093abe	6	32899215	66298393	18838	0.0025
56a12e7e-bc33-483d-9c09-7bd170093abe	6	66299130	66338736	54	-0.6947
56a12e7e-bc33-483d-9c09-7bd170093abe	6	66339513	78253172	7758	-0.0052
56a12e7e-bc33-483d-9c09-7bd170093abe	6	78259348	78325468	113	-0.5819
56a12e7e-bc33-483d-9c09-7bd170093abe	6	78329517	103290101	15436	-0.0024
56a12e7e-bc33-483d-9c09-7bd170093abe	6	103290164	103290458	7	0.8457
56a12e7e-bc33-483d-9c09-7bd170093abe	6	103290531	103299735	7	0.098
56a12e7e-bc33-483d-9c09-7bd170093abe	6	103299855	103314186	31	0.9735
56a12e7e-bc33-483d-9c09-7bd170093abe	6	103317795	115057911	7294	0.0008
56a12e7e-bc33-483d-9c09-7bd170093abe	6	115057996	115086809	3	-1.5082
56a12e7e-bc33-483d-9c09-7bd170093abe	6	115087407	165197984	33108	0.0056
56a12e7e-bc33-483d-9c09-7bd170093abe	6	165198367	165198484	2	2.1068
56a12e7e-bc33-483d-9c09-7bd170093abe	6	165199171	170741917	3689	0.0217
56a12e7e-bc33-483d-9c09-7bd170093abe	7	43355	48429910	34075	0
56a12e7e-bc33-483d-9c09-7bd170093abe	7	48429919	48433024	2	-2.0021
56a12e7e-bc33-483d-9c09-7bd170093abe	7	48437219	54318812	4334	-0.0077
56a12e7e-bc33-483d-9c09-7bd170093abe	7	54318816	54318824	5	-1.6548
56a12e7e-bc33-483d-9c09-7bd170093abe	7	54325795	159334314	59252	0.0036
56a12e7e-bc33-483d-9c09-7bd170093abe	8	81254	2198636	1576	0.037
56a12e7e-bc33-483d-9c09-7bd170093abe	8	2198663	6503234	5474	-0.0152
56a12e7e-bc33-483d-9c09-7bd170093abe	8	6503495	12385031	3977	0.0291
56a12e7e-bc33-483d-9c09-7bd170093abe	8	12387683	12418301	8	-1.0794
56a12e7e-bc33-483d-9c09-7bd170093abe	8	12419769	18939412	5784	-0.0051
56a12e7e-bc33-483d-9c09-7bd170093abe	8	18940021	18940698	3	-1.8532
56a12e7e-bc33-483d-9c09-7bd170093abe	8	18942739	23544795	3466	0.0035
56a12e7e-bc33-483d-9c09-7bd170093abe	8	23550227	23550358	5	-1.1448
56a12e7e-bc33-483d-9c09-7bd170093abe	8	23550392	25116961	1136	-0.0018
56a12e7e-bc33-483d-9c09-7bd170093abe	8	25117007	25126818	25	-1.7188
56a12e7e-bc33-483d-9c09-7bd170093abe	8	25133589	39368830	9004	0.0069
56a12e7e-bc33-483d-9c09-7bd170093abe	8	39372664	39530780	63	0.4047
56a12e7e-bc33-483d-9c09-7bd170093abe	8	39531260	46127477	2628	-0.0038
56a12e7e-bc33-483d-9c09-7bd170093abe	8	46128318	46249062	32	0.3024
56a12e7e-bc33-483d-9c09-7bd170093abe	8	46252289	46613954	103	0.0253
56a12e7e-bc33-483d-9c09-7bd170093abe	8	46615926	46634473	10	0.6753
56a12e7e-bc33-483d-9c09-7bd170093abe	8	46635727	128735944	50813	-0.0025
56a12e7e-bc33-483d-9c09-7bd170093abe	8	128739928	128751839	6	-1.1555
56a12e7e-bc33-483d-9c09-7bd170093abe	8	128765208	140997627	9464	0.008
56a12e7e-bc33-483d-9c09-7bd170093abe	8	140999428	145072769	1780	0.0936
56a12e7e-bc33-483d-9c09-7bd170093abe	9	46587	6704475	6370	-0.0002
56a12e7e-bc33-483d-9c09-7bd170093abe	9	6705360	6708357	3	-1.4168
56a12e7e-bc33-483d-9c09-7bd170093abe	9	6712314	9219787	2426	0.0056
56a12e7e-bc33-483d-9c09-7bd170093abe	9	9219833	12595920	2911	-0.0459
56a12e7e-bc33-483d-9c09-7bd170093abe	9	12596681	23361807	8679	0.009
56a12e7e-bc33-483d-9c09-7bd170093abe	9	23363117	23373486	8	0.8838
56a12e7e-bc33-483d-9c09-7bd170093abe	9	23378490	42705707	10882	0.0018
56a12e7e-bc33-483d-9c09-7bd170093abe	9	42709174	42719891	6	-0.9257
56a12e7e-bc33-483d-9c09-7bd170093abe	9	42720266	61405110	44	0.017
56a12e7e-bc33-483d-9c09-7bd170093abe	9	61520021	61668104	32	0.5688
56a12e7e-bc33-483d-9c09-7bd170093abe	9	61680289	63580418	36	-0.0825
56a12e7e-bc33-483d-9c09-7bd170093abe	9	63590317	63590322	3	-1.8084
56a12e7e-bc33-483d-9c09-7bd170093abe	9	63590323	138200944	47987	0.0013
56a12e7e-bc33-483d-9c09-7bd170093abe	10	45792	2807079	2235	0.0144
56a12e7e-bc33-483d-9c09-7bd170093abe	10	2807144	3024072	220	0.1378
56a12e7e-bc33-483d-9c09-7bd170093abe	10	3025935	20564272	14509	0.0054
56a12e7e-bc33-483d-9c09-7bd170093abe	10	20564343	20564574	2	-2.5167
56a12e7e-bc33-483d-9c09-7bd170093abe	10	20564605	37166217	11311	0.004
56a12e7e-bc33-483d-9c09-7bd170093abe	10	37172220	37178686	2	2.0972
56a12e7e-bc33-483d-9c09-7bd170093abe	10	37190486	57478852	10516	0.0085
56a12e7e-bc33-483d-9c09-7bd170093abe	10	57479376	57484863	6	-1.2621
56a12e7e-bc33-483d-9c09-7bd170093abe	10	57490663	65546518	5535	0.0062
56a12e7e-bc33-483d-9c09-7bd170093abe	10	65548165	65548951	7	-0.6784
56a12e7e-bc33-483d-9c09-7bd170093abe	10	65548979	65554672	20	-1.7758
56a12e7e-bc33-483d-9c09-7bd170093abe	10	65554688	70661428	3463	-0.0074
56a12e7e-bc33-483d-9c09-7bd170093abe	10	70664302	70734284	65	0.291
56a12e7e-bc33-483d-9c09-7bd170093abe	10	70741107	95109306	15935	0.0051
56a12e7e-bc33-483d-9c09-7bd170093abe	10	95109317	95109949	5	-1.811
56a12e7e-bc33-483d-9c09-7bd170093abe	10	95115957	130429459	24671	0.0092
56a12e7e-bc33-483d-9c09-7bd170093abe	10	130430374	130803979	329	0.1495
56a12e7e-bc33-483d-9c09-7bd170093abe	10	130804125	133415637	1548	0.0449
56a12e7e-bc33-483d-9c09-7bd170093abe	10	133416215	133574371	118	0.579
56a12e7e-bc33-483d-9c09-7bd170093abe	10	133576350	133654968	32	-0.0089
56a12e7e-bc33-483d-9c09-7bd170093abe	11	198510	5766175	3227	0.0167
56a12e7e-bc33-483d-9c09-7bd170093abe	11	5766850	5799331	41	-0.4534
56a12e7e-bc33-483d-9c09-7bd170093abe	11	5800752	55480959	31082	0.0011
56a12e7e-bc33-483d-9c09-7bd170093abe	11	55482305	55774581	207	-0.1752
56a12e7e-bc33-483d-9c09-7bd170093abe	11	55774843	60455545	2868	-0.0022
56a12e7e-bc33-483d-9c09-7bd170093abe	11	60457362	60461921	11	-0.6003
56a12e7e-bc33-483d-9c09-7bd170093abe	11	60463593	64917916	2194	0.0186
56a12e7e-bc33-483d-9c09-7bd170093abe	11	64918010	65864502	367	0.1496
56a12e7e-bc33-483d-9c09-7bd170093abe	11	65867496	78296294	6233	0.0118
56a12e7e-bc33-483d-9c09-7bd170093abe	11	78296629	78348836	25	-1.0379
56a12e7e-bc33-483d-9c09-7bd170093abe	11	78350643	133915231	39610	0.0037
56a12e7e-bc33-483d-9c09-7bd170093abe	11	133922841	135074876	860	0.0826
56a12e7e-bc33-483d-9c09-7bd170093abe	12	51460	2126723	1262	0.0412
56a12e7e-bc33-483d-9c09-7bd170093abe	12	2136696	2148754	41	-0.6884
56a12e7e-bc33-483d-9c09-7bd170093abe	12	2148857	16266471	9614	0.0093
56a12e7e-bc33-483d-9c09-7bd170093abe	12	16268053	16268391	2	-1.8734
56a12e7e-bc33-483d-9c09-7bd170093abe	12	16275623	33141564	11813	0.0059
56a12e7e-bc33-483d-9c09-7bd170093abe	12	33141577	33154440	33	-0.4331
56a12e7e-bc33-483d-9c09-7bd170093abe	12	33155426	126509681	56889	0.0062
56a12e7e-bc33-483d-9c09-7bd170093abe	12	126510400	126512695	2	-7.6511
56a12e7e-bc33-483d-9c09-7bd170093abe	12	126515792	126520044	5	-2.5636
56a12e7e-bc33-483d-9c09-7bd170093abe	12	126522929	131265092	4117	0.0224
56a12e7e-bc33-483d-9c09-7bd170093abe	12	131267026	131324054	37	0.4022
56a12e7e-bc33-483d-9c09-7bd170093abe	12	131326303	131636170	310	-0.0007
56a12e7e-bc33-483d-9c09-7bd170093abe	12	131648039	131648790	13	-1.7562
56a12e7e-bc33-483d-9c09-7bd170093abe	12	131657925	133201603	559	0.06
56a12e7e-bc33-483d-9c09-7bd170093abe	13	18452809	23055048	2854	0.0074
56a12e7e-bc33-483d-9c09-7bd170093abe	13	23055071	23059376	13	-0.693
56a12e7e-bc33-483d-9c09-7bd170093abe	13	23064056	37502534	10609	0.0035
56a12e7e-bc33-483d-9c09-7bd170093abe	13	37504215	37510620	8	0.8482
56a12e7e-bc33-483d-9c09-7bd170093abe	13	37514193	60888031	14810	-0.0029
56a12e7e-bc33-483d-9c09-7bd170093abe	13	60888364	60891630	4	1.3813
56a12e7e-bc33-483d-9c09-7bd170093abe	13	60892536	63650072	1520	-0.0003
56a12e7e-bc33-483d-9c09-7bd170093abe	13	63650659	63662559	9	-0.9443
56a12e7e-bc33-483d-9c09-7bd170093abe	13	63665430	114342922	34195	0.0021
56a12e7e-bc33-483d-9c09-7bd170093abe	14	18239283	19012857	29	-0.0083
56a12e7e-bc33-483d-9c09-7bd170093abe	14	19019303	19952080	136	-0.3182
56a12e7e-bc33-483d-9c09-7bd170093abe	14	19954424	20489312	390	0.0103
56a12e7e-bc33-483d-9c09-7bd170093abe	14	20489331	20531526	39	0.2722
56a12e7e-bc33-483d-9c09-7bd170093abe	14	20535878	20685629	126	0.0165
56a12e7e-bc33-483d-9c09-7bd170093abe	14	20686090	20750373	56	0.2454
56a12e7e-bc33-483d-9c09-7bd170093abe	14	20750404	22163845	950	-0.0134
56a12e7e-bc33-483d-9c09-7bd170093abe	14	22163989	22835063	535	0.1075
56a12e7e-bc33-483d-9c09-7bd170093abe	14	22838994	105505543	52547	-0.0008
56a12e7e-bc33-483d-9c09-7bd170093abe	14	105505557	106301365	229	0.1369
56a12e7e-bc33-483d-9c09-7bd170093abe	14	106305728	106345431	14	-0.0534
56a12e7e-bc33-483d-9c09-7bd170093abe	14	106345838	106346129	3	-1.1201
56a12e7e-bc33-483d-9c09-7bd170093abe	14	106360014	106877229	274	0.0292
56a12e7e-bc33-483d-9c09-7bd170093abe	15	19811075	22266759	195	0.1757
56a12e7e-bc33-483d-9c09-7bd170093abe	15	22269782	23810552	623	0.0028
56a12e7e-bc33-483d-9c09-7bd170093abe	15	23812830	23812847	2	-1.5767
56a12e7e-bc33-483d-9c09-7bd170093abe	15	23812936	30252720	4016	0.0273
56a12e7e-bc33-483d-9c09-7bd170093abe	15	30253290	30300815	10	-0.8416
56a12e7e-bc33-483d-9c09-7bd170093abe	15	30304026	58031774	17327	0.0056
56a12e7e-bc33-483d-9c09-7bd170093abe	15	58033305	58034757	2	-1.9106
56a12e7e-bc33-483d-9c09-7bd170093abe	15	58035149	83874133	16131	0.012
56a12e7e-bc33-483d-9c09-7bd170093abe	15	83874498	83878795	6	0.8251
56a12e7e-bc33-483d-9c09-7bd170093abe	15	83879115	84159599	175	-0.0151
56a12e7e-bc33-483d-9c09-7bd170093abe	15	84192594	84550221	18	0.712
56a12e7e-bc33-483d-9c09-7bd170093abe	15	84553803	101928837	12977	0.0104
56a12e7e-bc33-483d-9c09-7bd170093abe	16	10777	12016	3	-0.1989
56a12e7e-bc33-483d-9c09-7bd170093abe	16	35827	119385	70	0.6595
56a12e7e-bc33-483d-9c09-7bd170093abe	16	119412	15648352	11253	0.0117
56a12e7e-bc33-483d-9c09-7bd170093abe	16	15652608	17325749	894	0.1099
56a12e7e-bc33-483d-9c09-7bd170093abe	16	17327130	21224022	2090	0.0165
56a12e7e-bc33-483d-9c09-7bd170093abe	16	21224966	22863811	653	0.099
56a12e7e-bc33-483d-9c09-7bd170093abe	16	22863917	28879550	3937	0.0078
56a12e7e-bc33-483d-9c09-7bd170093abe	16	28884591	30323515	388	0.1354
56a12e7e-bc33-483d-9c09-7bd170093abe	16	30333650	35236333	858	0.0156
56a12e7e-bc33-483d-9c09-7bd170093abe	16	35236927	35505641	160	0.5141
56a12e7e-bc33-483d-9c09-7bd170093abe	16	35511822	55761136	6602	0.0094
56a12e7e-bc33-483d-9c09-7bd170093abe	16	55762477	55782793	19	0.6636
56a12e7e-bc33-483d-9c09-7bd170093abe	16	55788057	78337711	14261	0.0062
56a12e7e-bc33-483d-9c09-7bd170093abe	16	78338543	78347366	14	-0.6297
56a12e7e-bc33-483d-9c09-7bd170093abe	16	78349243	83995248	6325	0.0175
56a12e7e-bc33-483d-9c09-7bd170093abe	16	83995534	84900412	816	0.0967
56a12e7e-bc33-483d-9c09-7bd170093abe	16	84903681	85131249	179	0.0087
56a12e7e-bc33-483d-9c09-7bd170093abe	16	85132014	85138327	5	-0.903
56a12e7e-bc33-483d-9c09-7bd170093abe	16	85138712	88297447	2531	0.0207
56a12e7e-bc33-483d-9c09-7bd170093abe	16	88298034	90096867	752	0.1392
56a12e7e-bc33-483d-9c09-7bd170093abe	17	150733	5678811	2942	0.041
56a12e7e-bc33-483d-9c09-7bd170093abe	17	5679014	5749062	49	0.3324
56a12e7e-bc33-483d-9c09-7bd170093abe	17	5749277	6197464	367	0.0174
56a12e7e-bc33-483d-9c09-7bd170093abe	17	6197476	6197491	2	-1.9423
56a12e7e-bc33-483d-9c09-7bd170093abe	17	6197723	15623842	6638	0.0066
56a12e7e-bc33-483d-9c09-7bd170093abe	17	15639847	15643476	3	-2.1865
56a12e7e-bc33-483d-9c09-7bd170093abe	17	15650964	18414080	1380	0.0005
56a12e7e-bc33-483d-9c09-7bd170093abe	17	18452078	18550123	25	0.4374
56a12e7e-bc33-483d-9c09-7bd170093abe	17	18561272	28452035	2254	0.0151
56a12e7e-bc33-483d-9c09-7bd170093abe	17	28454323	28455301	2	-1.8309
56a12e7e-bc33-483d-9c09-7bd170093abe	17	28462253	46136800	9691	0.0208
56a12e7e-bc33-483d-9c09-7bd170093abe	17	46137998	46284643	85	0.2837
56a12e7e-bc33-483d-9c09-7bd170093abe	17	46284997	58134739	7359	-0.0028
56a12e7e-bc33-483d-9c09-7bd170093abe	17	58135421	58136733	3	-2.8258
56a12e7e-bc33-483d-9c09-7bd170093abe	17	58140037	73943114	9524	0.008
56a12e7e-bc33-483d-9c09-7bd170093abe	17	73944079	74617450	428	0.1438
56a12e7e-bc33-483d-9c09-7bd170093abe	17	74617774	78285287	1926	0.0301
56a12e7e-bc33-483d-9c09-7bd170093abe	17	78286051	78286887	2	2.1122
56a12e7e-bc33-483d-9c09-7bd170093abe	17	78290662	79246679	579	0.0637
56a12e7e-bc33-483d-9c09-7bd170093abe	17	79246968	79250308	5	-0.8774
56a12e7e-bc33-483d-9c09-7bd170093abe	17	79250962	83091923	1734	0.0297
56a12e7e-bc33-483d-9c09-7bd170093abe	18	48133	66095064	40278	0.0019
56a12e7e-bc33-483d-9c09-7bd170093abe	18	66099904	66100686	3	-1.6816
56a12e7e-bc33-483d-9c09-7bd170093abe	18	66108359	67282884	758	0.0012
56a12e7e-bc33-483d-9c09-7bd170093abe	18	67282926	67283059	4	0.9674
56a12e7e-bc33-483d-9c09-7bd170093abe	18	67285633	67293377	11	0.0718
56a12e7e-bc33-483d-9c09-7bd170093abe	18	67293512	67300481	15	-0.539
56a12e7e-bc33-483d-9c09-7bd170093abe	18	67300717	71266974	2901	-0.0133
56a12e7e-bc33-483d-9c09-7bd170093abe	18	71269173	72764737	1124	-0.0572
56a12e7e-bc33-483d-9c09-7bd170093abe	18	72766395	72766425	3	1.0868
56a12e7e-bc33-483d-9c09-7bd170093abe	18	72766473	73828262	901	-0.0596
56a12e7e-bc33-483d-9c09-7bd170093abe	18	73830239	79276547	4169	0.0003
56a12e7e-bc33-483d-9c09-7bd170093abe	18	79280133	80257174	465	0.0892
56a12e7e-bc33-483d-9c09-7bd170093abe	19	90910	384644	76	0.0658
56a12e7e-bc33-483d-9c09-7bd170093abe	19	388950	389805	2	-1.3094
56a12e7e-bc33-483d-9c09-7bd170093abe	19	390341	5506648	1511	0.0282
56a12e7e-bc33-483d-9c09-7bd170093abe	19	5510228	5510569	2	-2.5668
56a12e7e-bc33-483d-9c09-7bd170093abe	19	5510642	27806172	9663	0.0104
56a12e7e-bc33-483d-9c09-7bd170093abe	19	27808721	27828826	19	-0.9067
56a12e7e-bc33-483d-9c09-7bd170093abe	19	27829014	40854465	8213	0.0062
56a12e7e-bc33-483d-9c09-7bd170093abe	19	40855189	40886250	19	-0.6491
56a12e7e-bc33-483d-9c09-7bd170093abe	19	40886749	43208098	1075	0.0243
56a12e7e-bc33-483d-9c09-7bd170093abe	19	43208446	43252085	19	-0.6626
56a12e7e-bc33-483d-9c09-7bd170093abe	19	43262507	48440664	2667	0.0131
56a12e7e-bc33-483d-9c09-7bd170093abe	19	48448459	48448622	2	-1.268
56a12e7e-bc33-483d-9c09-7bd170093abe	19	48451314	50753993	889	0.0166
56a12e7e-bc33-483d-9c09-7bd170093abe	19	50755272	50763895	5	0.8313
56a12e7e-bc33-483d-9c09-7bd170093abe	19	50768480	51628560	583	0.033
56a12e7e-bc33-483d-9c09-7bd170093abe	19	51639099	51644944	11	0.6463
56a12e7e-bc33-483d-9c09-7bd170093abe	19	51651652	54721301	2007	0.0266
56a12e7e-bc33-483d-9c09-7bd170093abe	19	54725780	54853949	44	0.733
56a12e7e-bc33-483d-9c09-7bd170093abe	19	54854175	58586487	2281	0.0349
56a12e7e-bc33-483d-9c09-7bd170093abe	20	80664	1571811	1183	0.0303
56a12e7e-bc33-483d-9c09-7bd170093abe	20	1576544	1580353	21	-0.7775
56a12e7e-bc33-483d-9c09-7bd170093abe	20	1580934	1601561	36	0.0705
56a12e7e-bc33-483d-9c09-7bd170093abe	20	1609611	1613247	5	1.1324
56a12e7e-bc33-483d-9c09-7bd170093abe	20	1617300	4013998	1660	0.0187
56a12e7e-bc33-483d-9c09-7bd170093abe	20	4016793	4129592	98	0.2989
56a12e7e-bc33-483d-9c09-7bd170093abe	20	4129606	49005017	28333	0.0077
56a12e7e-bc33-483d-9c09-7bd170093abe	20	49007094	49007829	2	2.5194
56a12e7e-bc33-483d-9c09-7bd170093abe	20	49008673	50989001	1251	0.0095
56a12e7e-bc33-483d-9c09-7bd170093abe	20	50990734	50991175	2	-1.4893
56a12e7e-bc33-483d-9c09-7bd170093abe	20	50991965	63058359	9252	0.0076
56a12e7e-bc33-483d-9c09-7bd170093abe	20	63062858	64324800	494	0.1193
56a12e7e-bc33-483d-9c09-7bd170093abe	21	10354168	13583316	269	0.0631
56a12e7e-bc33-483d-9c09-7bd170093abe	21	13612103	13677975	4	1.2397
56a12e7e-bc33-483d-9c09-7bd170093abe	21	13803967	39556573	18810	-0.0006
56a12e7e-bc33-483d-9c09-7bd170093abe	21	39556590	39629319	68	0.2669
56a12e7e-bc33-483d-9c09-7bd170093abe	21	39629352	45244860	3854	0.009
56a12e7e-bc33-483d-9c09-7bd170093abe	21	45244960	45632382	206	0.166
56a12e7e-bc33-483d-9c09-7bd170093abe	21	45632577	46677045	613	0.0353
56a12e7e-bc33-483d-9c09-7bd170093abe	22	15294547	16606815	86	0.1362
56a12e7e-bc33-483d-9c09-7bd170093abe	22	16618707	19694232	1524	0.0311
56a12e7e-bc33-483d-9c09-7bd170093abe	22	19694298	21685373	1166	0.1383
56a12e7e-bc33-483d-9c09-7bd170093abe	22	21685574	23987520	1613	0.044
56a12e7e-bc33-483d-9c09-7bd170093abe	22	23988078	23989773	2	-2.7868
56a12e7e-bc33-483d-9c09-7bd170093abe	22	23990431	25352287	881	0.0186
56a12e7e-bc33-483d-9c09-7bd170093abe	22	25352361	25608728	285	0.1375
56a12e7e-bc33-483d-9c09-7bd170093abe	22	25612136	38954034	9662	0.0067
56a12e7e-bc33-483d-9c09-7bd170093abe	22	38954217	38999277	32	0.4183
56a12e7e-bc33-483d-9c09-7bd170093abe	22	38999293	41903531	1565	0.0099
56a12e7e-bc33-483d-9c09-7bd170093abe	22	41903923	41973091	33	0.4621
56a12e7e-bc33-483d-9c09-7bd170093abe	22	41975550	48791005	5133	0.014
56a12e7e-bc33-483d-9c09-7bd170093abe	22	48792098	50796027	1273	0.1083
56a12e7e-bc33-483d-9c09-7bd170093abe	X	251810	19430510	11695	0.0093
56a12e7e-bc33-483d-9c09-7bd170093abe	X	19431502	19523125	62	0.3165
56a12e7e-bc33-483d-9c09-7bd170093abe	X	19523999	135594597	59471	0.0022
56a12e7e-bc33-483d-9c09-7bd170093abe	X	135599854	135612450	11	-0.8121
56a12e7e-bc33-483d-9c09-7bd170093abe	X	135612977	135668591	36	-0.0162
56a12e7e-bc33-483d-9c09-7bd170093abe	X	135673726	135883096	54	0.7429
56a12e7e-bc33-483d-9c09-7bd170093abe	X	135890728	155952689	12221	0.0033
56a12e7e-bc33-483d-9c09-7bd170093abe	Y	2782397	56872112	6615	-0.8522
