GDC_Aliquot	Chromosome	Start	End	Num_Probes	Segment_Mean
1d744cd6-c78b-4b1b-8376-fecaf5d485fb	1	62920	16863509	8690	0.0083
1d744cd6-c78b-4b1b-8376-fecaf5d485fb	1	16864367	16956580	58	-0.4684
1d744cd6-c78b-4b1b-8376-fecaf5d485fb	1	16958425	61647430	26703	0.0131
1d744cd6-c78b-4b1b-8376-fecaf5d485fb	1	61648334	61654892	7	-0.6389
1d744cd6-c78b-4b1b-8376-fecaf5d485fb	1	61654909	72297687	7274	0.0168
1d744cd6-c78b-4b1b-8376-fecaf5d485fb	1	72302735	72345465	48	0.7709
1d744cd6-c78b-4b1b-8376-fecaf5d485fb	1	72346221	74791565	1492	0.0275
1d744cd6-c78b-4b1b-8376-fecaf5d485fb	1	74794644	74794809	2	-1.2165
1d744cd6-c78b-4b1b-8376-fecaf5d485fb	1	74794945	103589737	18501	0.0169
1d744cd6-c78b-4b1b-8376-fecaf5d485fb	1	103613021	103760781	16	-0.4474
1d744cd6-c78b-4b1b-8376-fecaf5d485fb	1	103760879	105470754	916	0.0164
1d744cd6-c78b-4b1b-8376-fecaf5d485fb	1	105476583	105481468	20	0.3497
1d744cd6-c78b-4b1b-8376-fecaf5d485fb	1	105481515	109690352	2631	0.0144
1d744cd6-c78b-4b1b-8376-fecaf5d485fb	1	109690415	109697556	12	-1.3617
1d744cd6-c78b-4b1b-8376-fecaf5d485fb	1	109702376	110834746	835	0.0218
1d744cd6-c78b-4b1b-8376-fecaf5d485fb	1	110834943	110845604	38	-0.5929
1d744cd6-c78b-4b1b-8376-fecaf5d485fb	1	110849445	143796140	6379	0.0159
1d744cd6-c78b-4b1b-8376-fecaf5d485fb	1	143811517	144932423	24	-0.4509
1d744cd6-c78b-4b1b-8376-fecaf5d485fb	1	145642976	152583051	2290	0.0149
1d744cd6-c78b-4b1b-8376-fecaf5d485fb	1	152583230	152613762	31	0.764
1d744cd6-c78b-4b1b-8376-fecaf5d485fb	1	152613802	152787202	171	-0.0126
1d744cd6-c78b-4b1b-8376-fecaf5d485fb	1	152789447	152796224	37	0.3704
1d744cd6-c78b-4b1b-8376-fecaf5d485fb	1	152801429	196769493	29426	0.015
1d744cd6-c78b-4b1b-8376-fecaf5d485fb	1	196769506	196843377	54	-0.2204
1d744cd6-c78b-4b1b-8376-fecaf5d485fb	1	196843400	196846661	2	-1.8265
1d744cd6-c78b-4b1b-8376-fecaf5d485fb	1	196847600	205953423	6022	0.0135
1d744cd6-c78b-4b1b-8376-fecaf5d485fb	1	206011429	206012359	2	-1.2039
1d744cd6-c78b-4b1b-8376-fecaf5d485fb	1	206019282	209897717	2756	0.0158
1d744cd6-c78b-4b1b-8376-fecaf5d485fb	1	209908268	209908720	2	-1.3462
1d744cd6-c78b-4b1b-8376-fecaf5d485fb	1	209910639	248930189	26994	0.0139
1d744cd6-c78b-4b1b-8376-fecaf5d485fb	2	12784	34466002	24052	0.0121
1d744cd6-c78b-4b1b-8376-fecaf5d485fb	2	34474248	34492921	31	-0.3934
1d744cd6-c78b-4b1b-8376-fecaf5d485fb	2	34496492	34498136	5	-0.9042
1d744cd6-c78b-4b1b-8376-fecaf5d485fb	2	34498234	34511990	10	-0.2833
1d744cd6-c78b-4b1b-8376-fecaf5d485fb	2	34512096	86710564	34908	0.0143
1d744cd6-c78b-4b1b-8376-fecaf5d485fb	2	86725947	86726731	2	-1.588
1d744cd6-c78b-4b1b-8376-fecaf5d485fb	2	86743283	128880504	20886	0.0149
1d744cd6-c78b-4b1b-8376-fecaf5d485fb	2	128880904	128882741	15	-2.3744
1d744cd6-c78b-4b1b-8376-fecaf5d485fb	2	128882755	207490231	47330	0.0152
1d744cd6-c78b-4b1b-8376-fecaf5d485fb	2	207490454	207494612	16	0.5837
1d744cd6-c78b-4b1b-8376-fecaf5d485fb	2	207494752	242147305	22048	0.0123
1d744cd6-c78b-4b1b-8376-fecaf5d485fb	3	20930	17499108	13732	0.018
1d744cd6-c78b-4b1b-8376-fecaf5d485fb	3	17501710	17502521	2	-1.5772
1d744cd6-c78b-4b1b-8376-fecaf5d485fb	3	17504946	20266298	1500	0.0199
1d744cd6-c78b-4b1b-8376-fecaf5d485fb	3	20271633	20274591	3	-1.0185
1d744cd6-c78b-4b1b-8376-fecaf5d485fb	3	20286589	68697013	32502	0.0132
1d744cd6-c78b-4b1b-8376-fecaf5d485fb	3	68697108	68698262	14	-1.1463
1d744cd6-c78b-4b1b-8376-fecaf5d485fb	3	68699607	75519398	4922	0.0194
1d744cd6-c78b-4b1b-8376-fecaf5d485fb	3	75523398	75537654	6	-1.2543
1d744cd6-c78b-4b1b-8376-fecaf5d485fb	3	75546030	99225788	10967	0.0116
1d744cd6-c78b-4b1b-8376-fecaf5d485fb	3	99225919	99230577	31	-0.308
1d744cd6-c78b-4b1b-8376-fecaf5d485fb	3	99232120	128658241	18058	0.0156
1d744cd6-c78b-4b1b-8376-fecaf5d485fb	3	128661409	128680378	10	-0.7768
1d744cd6-c78b-4b1b-8376-fecaf5d485fb	3	128686328	136300257	4686	0.0141
1d744cd6-c78b-4b1b-8376-fecaf5d485fb	3	136304109	136306584	2	-2.1733
1d744cd6-c78b-4b1b-8376-fecaf5d485fb	3	136319699	143085324	3930	0.0118
1d744cd6-c78b-4b1b-8376-fecaf5d485fb	3	143088448	143221404	125	0.5597
1d744cd6-c78b-4b1b-8376-fecaf5d485fb	3	143221675	143223905	2	1.7422
1d744cd6-c78b-4b1b-8376-fecaf5d485fb	3	143224482	143566923	276	0.6103
1d744cd6-c78b-4b1b-8376-fecaf5d485fb	3	143566958	143567132	4	1.5151
1d744cd6-c78b-4b1b-8376-fecaf5d485fb	3	143567959	143873140	230	0.5864
1d744cd6-c78b-4b1b-8376-fecaf5d485fb	3	143874533	162405578	11378	0.0125
1d744cd6-c78b-4b1b-8376-fecaf5d485fb	3	162419812	162426460	15	-0.4548
1d744cd6-c78b-4b1b-8376-fecaf5d485fb	3	162426600	162795304	260	0.0192
1d744cd6-c78b-4b1b-8376-fecaf5d485fb	3	162795361	162898127	61	0.344
1d744cd6-c78b-4b1b-8376-fecaf5d485fb	3	162906054	193160113	19154	0.0167
1d744cd6-c78b-4b1b-8376-fecaf5d485fb	3	193160173	193165114	19	-0.8882
1d744cd6-c78b-4b1b-8376-fecaf5d485fb	3	193168646	195559056	1482	0.0133
1d744cd6-c78b-4b1b-8376-fecaf5d485fb	3	195656271	195720051	25	0.5491
1d744cd6-c78b-4b1b-8376-fecaf5d485fb	3	195728637	198169247	1182	0.0198
1d744cd6-c78b-4b1b-8376-fecaf5d485fb	4	68929	9858273	5319	0.0074
1d744cd6-c78b-4b1b-8376-fecaf5d485fb	4	9858277	9862603	3	-1.0141
1d744cd6-c78b-4b1b-8376-fecaf5d485fb	4	9863418	10221792	378	-0.005
1d744cd6-c78b-4b1b-8376-fecaf5d485fb	4	10222004	10229874	27	0.8056
1d744cd6-c78b-4b1b-8376-fecaf5d485fb	4	10232590	14467293	3452	0.0151
1d744cd6-c78b-4b1b-8376-fecaf5d485fb	4	14468479	14468703	3	-0.8846
1d744cd6-c78b-4b1b-8376-fecaf5d485fb	4	14471010	22043756	5292	0.0107
1d744cd6-c78b-4b1b-8376-fecaf5d485fb	4	22047014	22069078	23	-0.8239
1d744cd6-c78b-4b1b-8376-fecaf5d485fb	4	22072923	63840033	24772	0.0153
1d744cd6-c78b-4b1b-8376-fecaf5d485fb	4	63841863	63842540	8	0.6817
1d744cd6-c78b-4b1b-8376-fecaf5d485fb	4	63850713	68478894	2868	0.0169
1d744cd6-c78b-4b1b-8376-fecaf5d485fb	4	68494770	68620261	68	-1.3588
1d744cd6-c78b-4b1b-8376-fecaf5d485fb	4	68623617	69261934	317	0.0289
1d744cd6-c78b-4b1b-8376-fecaf5d485fb	4	69262694	69366081	52	-1.6173
1d744cd6-c78b-4b1b-8376-fecaf5d485fb	4	69366304	86054941	10419	0.0102
1d744cd6-c78b-4b1b-8376-fecaf5d485fb	4	86055238	86058936	20	-0.6306
1d744cd6-c78b-4b1b-8376-fecaf5d485fb	4	86061275	87845856	1084	0.011
1d744cd6-c78b-4b1b-8376-fecaf5d485fb	4	87848780	87849665	10	0.5458
1d744cd6-c78b-4b1b-8376-fecaf5d485fb	4	87849692	114252544	15739	0.0131
1d744cd6-c78b-4b1b-8376-fecaf5d485fb	4	114254167	114263096	25	0.5668
1d744cd6-c78b-4b1b-8376-fecaf5d485fb	4	114263110	171448195	34586	0.0181
1d744cd6-c78b-4b1b-8376-fecaf5d485fb	4	171453733	171456559	10	0.7001
1d744cd6-c78b-4b1b-8376-fecaf5d485fb	4	171456573	189267889	12117	0.0146
1d744cd6-c78b-4b1b-8376-fecaf5d485fb	4	189273964	189278110	4	-2.311
1d744cd6-c78b-4b1b-8376-fecaf5d485fb	4	189278617	190106768	350	0.0042
1d744cd6-c78b-4b1b-8376-fecaf5d485fb	5	15532	698256	307	-0.0178
1d744cd6-c78b-4b1b-8376-fecaf5d485fb	5	698357	800724	28	0.5522
1d744cd6-c78b-4b1b-8376-fecaf5d485fb	5	801456	12998813	9906	0.0103
1d744cd6-c78b-4b1b-8376-fecaf5d485fb	5	13005102	13100106	22	-0.2959
1d744cd6-c78b-4b1b-8376-fecaf5d485fb	5	13104852	15719113	1894	0.0211
1d744cd6-c78b-4b1b-8376-fecaf5d485fb	5	15719241	15720488	10	-0.7148
1d744cd6-c78b-4b1b-8376-fecaf5d485fb	5	15723237	16103206	227	0.0181
1d744cd6-c78b-4b1b-8376-fecaf5d485fb	5	16108018	16109794	5	-0.7905
1d744cd6-c78b-4b1b-8376-fecaf5d485fb	5	16114319	46271828	18222	0.016
1d744cd6-c78b-4b1b-8376-fecaf5d485fb	5	46272419	46273400	5	-1.7572
1d744cd6-c78b-4b1b-8376-fecaf5d485fb	5	46278110	52126832	995	0.0168
1d744cd6-c78b-4b1b-8376-fecaf5d485fb	5	52133595	52135846	3	-0.9441
1d744cd6-c78b-4b1b-8376-fecaf5d485fb	5	52139587	58030200	4072	0.0159
1d744cd6-c78b-4b1b-8376-fecaf5d485fb	5	58030336	58037466	29	-0.3934
1d744cd6-c78b-4b1b-8376-fecaf5d485fb	5	58037688	70959079	7307	0.0187
1d744cd6-c78b-4b1b-8376-fecaf5d485fb	5	71010832	71053366	6	-0.8313
1d744cd6-c78b-4b1b-8376-fecaf5d485fb	5	71095358	99845539	16767	0.0177
1d744cd6-c78b-4b1b-8376-fecaf5d485fb	5	99845570	99845895	3	-1.6723
1d744cd6-c78b-4b1b-8376-fecaf5d485fb	5	99846110	100164301	211	0.0229
1d744cd6-c78b-4b1b-8376-fecaf5d485fb	5	100164684	100165236	2	-0.9201
1d744cd6-c78b-4b1b-8376-fecaf5d485fb	5	100165468	104171056	2281	0.0216
1d744cd6-c78b-4b1b-8376-fecaf5d485fb	5	104174079	104198425	22	-0.7018
1d744cd6-c78b-4b1b-8376-fecaf5d485fb	5	104199787	121346678	11712	0.0182
1d744cd6-c78b-4b1b-8376-fecaf5d485fb	5	121347646	121370546	15	-0.8309
1d744cd6-c78b-4b1b-8376-fecaf5d485fb	5	121373928	121793804	303	0.0158
1d744cd6-c78b-4b1b-8376-fecaf5d485fb	5	121797242	121797263	2	-1.5379
1d744cd6-c78b-4b1b-8376-fecaf5d485fb	5	121799781	156048095	21571	0.0161
1d744cd6-c78b-4b1b-8376-fecaf5d485fb	5	156049762	156068240	15	-0.5188
1d744cd6-c78b-4b1b-8376-fecaf5d485fb	5	156068247	163244245	4782	0.0157
1d744cd6-c78b-4b1b-8376-fecaf5d485fb	5	163244700	163245038	4	-0.8552
1d744cd6-c78b-4b1b-8376-fecaf5d485fb	5	163247285	181363319	11986	0.0093
1d744cd6-c78b-4b1b-8376-fecaf5d485fb	6	149661	303017	126	-0.011
1d744cd6-c78b-4b1b-8376-fecaf5d485fb	6	303121	381149	75	0.2084
1d744cd6-c78b-4b1b-8376-fecaf5d485fb	6	382559	19039888	14545	0.0202
1d744cd6-c78b-4b1b-8376-fecaf5d485fb	6	19041950	19044471	4	-0.9519
1d744cd6-c78b-4b1b-8376-fecaf5d485fb	6	19044485	22903102	2817	0.0127
1d744cd6-c78b-4b1b-8376-fecaf5d485fb	6	22905088	22905603	4	1.0033
1d744cd6-c78b-4b1b-8376-fecaf5d485fb	6	22909104	29854205	4019	0.0275
1d744cd6-c78b-4b1b-8376-fecaf5d485fb	6	29854794	29882603	46	-0.2841
1d744cd6-c78b-4b1b-8376-fecaf5d485fb	6	29903859	31313046	660	0.0166
1d744cd6-c78b-4b1b-8376-fecaf5d485fb	6	31318499	31328674	11	-0.9142
1d744cd6-c78b-4b1b-8376-fecaf5d485fb	6	31342147	32463515	495	-0.0061
1d744cd6-c78b-4b1b-8376-fecaf5d485fb	6	32463775	32637799	57	0.3583
1d744cd6-c78b-4b1b-8376-fecaf5d485fb	6	32638107	33970222	810	0.0263
1d744cd6-c78b-4b1b-8376-fecaf5d485fb	6	33970966	33974928	7	-1.0662
1d744cd6-c78b-4b1b-8376-fecaf5d485fb	6	33976809	48963228	9574	0.0208
1d744cd6-c78b-4b1b-8376-fecaf5d485fb	6	48964092	48967563	5	-0.7177
1d744cd6-c78b-4b1b-8376-fecaf5d485fb	6	48978926	53230063	2662	0.0168
1d744cd6-c78b-4b1b-8376-fecaf5d485fb	6	53230642	53231008	3	-1.6724
1d744cd6-c78b-4b1b-8376-fecaf5d485fb	6	53231884	54066353	639	0.0271
1d744cd6-c78b-4b1b-8376-fecaf5d485fb	6	54066432	54067057	6	-1.2514
1d744cd6-c78b-4b1b-8376-fecaf5d485fb	6	54070550	64627049	4223	0.0179
1d744cd6-c78b-4b1b-8376-fecaf5d485fb	6	64637651	64640883	3	0.9531
1d744cd6-c78b-4b1b-8376-fecaf5d485fb	6	64640920	68976737	3006	0.0204
1d744cd6-c78b-4b1b-8376-fecaf5d485fb	6	68977806	68981476	4	-0.7679
1d744cd6-c78b-4b1b-8376-fecaf5d485fb	6	68987514	73882142	3135	0.0183
1d744cd6-c78b-4b1b-8376-fecaf5d485fb	6	73882509	73887573	8	0.7865
1d744cd6-c78b-4b1b-8376-fecaf5d485fb	6	73887625	78262064	2769	0.0214
1d744cd6-c78b-4b1b-8376-fecaf5d485fb	6	78262085	78336049	114	0.2151
1d744cd6-c78b-4b1b-8376-fecaf5d485fb	6	78336185	133945130	34541	0.0175
1d744cd6-c78b-4b1b-8376-fecaf5d485fb	6	133947933	133948494	2	-1.7534
1d744cd6-c78b-4b1b-8376-fecaf5d485fb	6	133950934	153636235	13164	0.0176
1d744cd6-c78b-4b1b-8376-fecaf5d485fb	6	153639651	153640284	2	-2.166
1d744cd6-c78b-4b1b-8376-fecaf5d485fb	6	153640764	160707600	4735	0.0189
1d744cd6-c78b-4b1b-8376-fecaf5d485fb	6	160707915	160711453	2	-1.2202
1d744cd6-c78b-4b1b-8376-fecaf5d485fb	6	160711798	170741917	7164	0.0165
1d744cd6-c78b-4b1b-8376-fecaf5d485fb	7	43355	70955452	44563	0.0157
1d744cd6-c78b-4b1b-8376-fecaf5d485fb	7	70958264	70961155	2	-1.8423
1d744cd6-c78b-4b1b-8376-fecaf5d485fb	7	70963257	91578827	11829	0.0193
1d744cd6-c78b-4b1b-8376-fecaf5d485fb	7	91589569	91589817	3	-1.3747
1d744cd6-c78b-4b1b-8376-fecaf5d485fb	7	91595717	97756423	3841	0.0168
1d744cd6-c78b-4b1b-8376-fecaf5d485fb	7	97756621	97774928	19	0.4112
1d744cd6-c78b-4b1b-8376-fecaf5d485fb	7	97774965	126404869	16649	0.0163
1d744cd6-c78b-4b1b-8376-fecaf5d485fb	7	126404920	126406822	14	0.6794
1d744cd6-c78b-4b1b-8376-fecaf5d485fb	7	126406823	142069843	9914	0.0146
1d744cd6-c78b-4b1b-8376-fecaf5d485fb	7	142069880	142092307	33	-0.7012
1d744cd6-c78b-4b1b-8376-fecaf5d485fb	7	142099190	154598185	7615	0.0211
1d744cd6-c78b-4b1b-8376-fecaf5d485fb	7	154601461	154612302	9	0.5765
1d744cd6-c78b-4b1b-8376-fecaf5d485fb	7	154612449	159334314	3226	0.0002
1d744cd6-c78b-4b1b-8376-fecaf5d485fb	8	81254	643041	322	0.0306
1d744cd6-c78b-4b1b-8376-fecaf5d485fb	8	644944	645875	8	0.4132
1d744cd6-c78b-4b1b-8376-fecaf5d485fb	8	645892	645908	2	2.3781
1d744cd6-c78b-4b1b-8376-fecaf5d485fb	8	656117	6181655	6245	0.019
1d744cd6-c78b-4b1b-8376-fecaf5d485fb	8	6182584	6182629	2	-1.3754
1d744cd6-c78b-4b1b-8376-fecaf5d485fb	8	6182984	7380497	1163	0.0051
1d744cd6-c78b-4b1b-8376-fecaf5d485fb	8	7396819	8110806	40	-0.412
1d744cd6-c78b-4b1b-8376-fecaf5d485fb	8	8120447	8214781	8	0.272
1d744cd6-c78b-4b1b-8376-fecaf5d485fb	8	8234503	8528287	286	0.0117
1d744cd6-c78b-4b1b-8376-fecaf5d485fb	8	8528640	8528932	4	-0.8518
1d744cd6-c78b-4b1b-8376-fecaf5d485fb	8	8530797	12037736	2923	0.0229
1d744cd6-c78b-4b1b-8376-fecaf5d485fb	8	12092042	12562646	52	-0.2898
1d744cd6-c78b-4b1b-8376-fecaf5d485fb	8	12562666	17848523	4832	0.0217
1d744cd6-c78b-4b1b-8376-fecaf5d485fb	8	17850645	17851395	2	-1.1251
1d744cd6-c78b-4b1b-8376-fecaf5d485fb	8	17853043	39391223	14593	0.0124
1d744cd6-c78b-4b1b-8376-fecaf5d485fb	8	39393453	39529446	55	0.4635
1d744cd6-c78b-4b1b-8376-fecaf5d485fb	8	39530780	40146419	422	0.0177
1d744cd6-c78b-4b1b-8376-fecaf5d485fb	8	40147212	40147287	2	-1.1847
1d744cd6-c78b-4b1b-8376-fecaf5d485fb	8	40149950	40324598	164	0.022
1d744cd6-c78b-4b1b-8376-fecaf5d485fb	8	40326278	40331992	34	-0.7696
1d744cd6-c78b-4b1b-8376-fecaf5d485fb	8	40335391	40914477	450	-0.0012
1d744cd6-c78b-4b1b-8376-fecaf5d485fb	8	40920333	40920952	2	-2.0909
1d744cd6-c78b-4b1b-8376-fecaf5d485fb	8	40926161	111282417	40870	0.0152
1d744cd6-c78b-4b1b-8376-fecaf5d485fb	8	111282441	111283031	6	-1.0597
1d744cd6-c78b-4b1b-8376-fecaf5d485fb	8	111288052	138713170	19430	0.0146
1d744cd6-c78b-4b1b-8376-fecaf5d485fb	8	138713475	138713538	2	-1.2059
1d744cd6-c78b-4b1b-8376-fecaf5d485fb	8	138713993	145072769	3457	-0.0075
1d744cd6-c78b-4b1b-8376-fecaf5d485fb	9	46587	22492890	19811	0.0171
1d744cd6-c78b-4b1b-8376-fecaf5d485fb	9	22501914	22502700	2	-2.7473
1d744cd6-c78b-4b1b-8376-fecaf5d485fb	9	22509341	38989381	11263	0.0176
1d744cd6-c78b-4b1b-8376-fecaf5d485fb	9	38996106	39081476	10	-0.6037
1d744cd6-c78b-4b1b-8376-fecaf5d485fb	9	39084142	42574420	194	0.0271
1d744cd6-c78b-4b1b-8376-fecaf5d485fb	9	42585140	42720266	12	-0.4532
1d744cd6-c78b-4b1b-8376-fecaf5d485fb	9	42726239	61405110	43	-0.0013
1d744cd6-c78b-4b1b-8376-fecaf5d485fb	9	61520021	61665362	31	-0.8353
1d744cd6-c78b-4b1b-8376-fecaf5d485fb	9	61668104	138200944	48031	0.0161
1d744cd6-c78b-4b1b-8376-fecaf5d485fb	10	45792	1400514	817	0.0019
1d744cd6-c78b-4b1b-8376-fecaf5d485fb	10	1400885	1400901	2	-1.6797
1d744cd6-c78b-4b1b-8376-fecaf5d485fb	10	1400966	17885034	14011	0.0175
1d744cd6-c78b-4b1b-8376-fecaf5d485fb	10	17896194	17910884	3	-1.6352
1d744cd6-c78b-4b1b-8376-fecaf5d485fb	10	17929793	37166217	13456	0.0146
1d744cd6-c78b-4b1b-8376-fecaf5d485fb	10	37172220	37178686	2	-1.4615
1d744cd6-c78b-4b1b-8376-fecaf5d485fb	10	37190486	46526280	3353	0.0149
1d744cd6-c78b-4b1b-8376-fecaf5d485fb	10	46526920	46836986	40	0.286
1d744cd6-c78b-4b1b-8376-fecaf5d485fb	10	46898735	54920517	5318	0.0128
1d744cd6-c78b-4b1b-8376-fecaf5d485fb	10	54923330	54924277	2	-2.1881
1d744cd6-c78b-4b1b-8376-fecaf5d485fb	10	54927534	55742318	548	0.0217
1d744cd6-c78b-4b1b-8376-fecaf5d485fb	10	55742374	55912145	122	0.1277
1d744cd6-c78b-4b1b-8376-fecaf5d485fb	10	55913971	56756643	538	-0.0023
1d744cd6-c78b-4b1b-8376-fecaf5d485fb	10	56756761	56767077	39	-0.6311
1d744cd6-c78b-4b1b-8376-fecaf5d485fb	10	56772992	65546518	6106	0.0124
1d744cd6-c78b-4b1b-8376-fecaf5d485fb	10	65548165	65554688	28	-0.5248
1d744cd6-c78b-4b1b-8376-fecaf5d485fb	10	65563037	76493093	6781	0.0154
1d744cd6-c78b-4b1b-8376-fecaf5d485fb	10	76497303	76497852	2	1.4433
1d744cd6-c78b-4b1b-8376-fecaf5d485fb	10	76501509	79174374	2191	0.0189
1d744cd6-c78b-4b1b-8376-fecaf5d485fb	10	79175191	79178040	4	-1.0154
1d744cd6-c78b-4b1b-8376-fecaf5d485fb	10	79178572	79747269	262	-0.0032
1d744cd6-c78b-4b1b-8376-fecaf5d485fb	10	79754419	79754434	2	-1.3649
1d744cd6-c78b-4b1b-8376-fecaf5d485fb	10	79763550	87269486	5185	0.0127
1d744cd6-c78b-4b1b-8376-fecaf5d485fb	10	87278584	87310039	3	1.1333
1d744cd6-c78b-4b1b-8376-fecaf5d485fb	10	87310988	90700170	2475	0.0187
1d744cd6-c78b-4b1b-8376-fecaf5d485fb	10	90702958	90703534	4	-1.0622
1d744cd6-c78b-4b1b-8376-fecaf5d485fb	10	90711823	133654968	29266	0.0108
1d744cd6-c78b-4b1b-8376-fecaf5d485fb	11	198510	4946420	2417	0.0152
1d744cd6-c78b-4b1b-8376-fecaf5d485fb	11	4947280	4954475	28	-1.1809
1d744cd6-c78b-4b1b-8376-fecaf5d485fb	11	4955027	5766862	786	0.0196
1d744cd6-c78b-4b1b-8376-fecaf5d485fb	11	5768371	5787909	30	-0.5069
1d744cd6-c78b-4b1b-8376-fecaf5d485fb	11	5788108	18917623	9395	0.0123
1d744cd6-c78b-4b1b-8376-fecaf5d485fb	11	18918546	18940271	47	-0.2323
1d744cd6-c78b-4b1b-8376-fecaf5d485fb	11	18940375	19863283	840	0.0129
1d744cd6-c78b-4b1b-8376-fecaf5d485fb	11	19869744	19869910	2	-1.0794
1d744cd6-c78b-4b1b-8376-fecaf5d485fb	11	19870316	22322609	2050	0.0127
1d744cd6-c78b-4b1b-8376-fecaf5d485fb	11	22329922	22330059	2	-1.9753
1d744cd6-c78b-4b1b-8376-fecaf5d485fb	11	22333699	54880568	18580	0.0116
1d744cd6-c78b-4b1b-8376-fecaf5d485fb	11	54891099	54891697	6	-0.879
1d744cd6-c78b-4b1b-8376-fecaf5d485fb	11	54891768	55609022	261	0.0124
1d744cd6-c78b-4b1b-8376-fecaf5d485fb	11	55609035	55674842	39	-0.5409
1d744cd6-c78b-4b1b-8376-fecaf5d485fb	11	55676735	84107616	16099	0.011
1d744cd6-c78b-4b1b-8376-fecaf5d485fb	11	84117637	84131281	16	0.6381
1d744cd6-c78b-4b1b-8376-fecaf5d485fb	11	84134536	110512657	18144	0.0125
1d744cd6-c78b-4b1b-8376-fecaf5d485fb	11	110513094	110513165	2	-1.5034
1d744cd6-c78b-4b1b-8376-fecaf5d485fb	11	110514285	119699122	6366	0.0139
1d744cd6-c78b-4b1b-8376-fecaf5d485fb	11	119702155	119702679	2	-1.5109
1d744cd6-c78b-4b1b-8376-fecaf5d485fb	11	119705014	135074876	11606	0.0137
1d744cd6-c78b-4b1b-8376-fecaf5d485fb	12	51460	4279366	2888	0.0117
1d744cd6-c78b-4b1b-8376-fecaf5d485fb	12	4279989	4280040	4	-0.9356
1d744cd6-c78b-4b1b-8376-fecaf5d485fb	12	4280183	9283548	3195	0.0126
1d744cd6-c78b-4b1b-8376-fecaf5d485fb	12	9290254	9304225	3	-1.1312
1d744cd6-c78b-4b1b-8376-fecaf5d485fb	12	9307938	9477960	80	-0.0367
1d744cd6-c78b-4b1b-8376-fecaf5d485fb	12	9481274	9575696	24	0.8481
1d744cd6-c78b-4b1b-8376-fecaf5d485fb	12	9582373	11068125	1035	0.0455
1d744cd6-c78b-4b1b-8376-fecaf5d485fb	12	11070111	11088933	9	-0.9634
1d744cd6-c78b-4b1b-8376-fecaf5d485fb	12	11099275	33141726	15514	0.0165
1d744cd6-c78b-4b1b-8376-fecaf5d485fb	12	33148472	33154440	27	-2.4235
1d744cd6-c78b-4b1b-8376-fecaf5d485fb	12	33155426	133201603	61949	0.0142
1d744cd6-c78b-4b1b-8376-fecaf5d485fb	13	18452809	20246642	871	-0.0027
1d744cd6-c78b-4b1b-8376-fecaf5d485fb	13	20253112	20253801	2	-1.0783
1d744cd6-c78b-4b1b-8376-fecaf5d485fb	13	20258408	23055048	1978	0.0114
1d744cd6-c78b-4b1b-8376-fecaf5d485fb	13	23055071	23059376	13	-0.5777
1d744cd6-c78b-4b1b-8376-fecaf5d485fb	13	23064056	37496998	10602	0.0162
1d744cd6-c78b-4b1b-8376-fecaf5d485fb	13	37497899	37510620	16	-1.6411
1d744cd6-c78b-4b1b-8376-fecaf5d485fb	13	37514193	52520664	9887	0.0206
1d744cd6-c78b-4b1b-8376-fecaf5d485fb	13	52523849	52531650	3	-1.6426
1d744cd6-c78b-4b1b-8376-fecaf5d485fb	13	52543744	70230264	10596	0.0153
1d744cd6-c78b-4b1b-8376-fecaf5d485fb	13	70234708	70244381	6	-0.7064
1d744cd6-c78b-4b1b-8376-fecaf5d485fb	13	70249977	74447760	2951	0.0143
1d744cd6-c78b-4b1b-8376-fecaf5d485fb	13	74447866	74448524	2	-1.2874
1d744cd6-c78b-4b1b-8376-fecaf5d485fb	13	74450476	89348165	9389	0.0162
1d744cd6-c78b-4b1b-8376-fecaf5d485fb	13	89354924	89355314	4	-0.9516
1d744cd6-c78b-4b1b-8376-fecaf5d485fb	13	89364571	114342922	17730	0.014
1d744cd6-c78b-4b1b-8376-fecaf5d485fb	14	18239283	19078442	32	-0.0589
1d744cd6-c78b-4b1b-8376-fecaf5d485fb	14	19110634	19951992	132	-0.3005
1d744cd6-c78b-4b1b-8376-fecaf5d485fb	14	19952080	41139155	13580	0.0177
1d744cd6-c78b-4b1b-8376-fecaf5d485fb	14	41141293	41184774	13	-0.397
1d744cd6-c78b-4b1b-8376-fecaf5d485fb	14	41188046	73529070	20429	0.017
1d744cd6-c78b-4b1b-8376-fecaf5d485fb	14	73534419	73554275	9	0.5678
1d744cd6-c78b-4b1b-8376-fecaf5d485fb	14	73563196	73953773	196	0.0099
1d744cd6-c78b-4b1b-8376-fecaf5d485fb	14	73957074	73957079	2	1.0775
1d744cd6-c78b-4b1b-8376-fecaf5d485fb	14	73958353	106232940	20596	0.0159
1d744cd6-c78b-4b1b-8376-fecaf5d485fb	14	106236187	106535011	160	0.1781
1d744cd6-c78b-4b1b-8376-fecaf5d485fb	14	106535027	106635784	44	0.0272
1d744cd6-c78b-4b1b-8376-fecaf5d485fb	14	106643854	106644606	4	-0.5802
1d744cd6-c78b-4b1b-8376-fecaf5d485fb	14	106646232	106779574	58	0.1252
1d744cd6-c78b-4b1b-8376-fecaf5d485fb	14	106779612	106877229	60	-0.0542
1d744cd6-c78b-4b1b-8376-fecaf5d485fb	15	19811075	22299009	205	0.1118
1d744cd6-c78b-4b1b-8376-fecaf5d485fb	15	22299523	57789074	21764	0.0147
1d744cd6-c78b-4b1b-8376-fecaf5d485fb	15	57789648	57791230	3	-1.5195
1d744cd6-c78b-4b1b-8376-fecaf5d485fb	15	57796193	76598900	11909	0.017
1d744cd6-c78b-4b1b-8376-fecaf5d485fb	15	76599170	76603434	21	-1.4694
1d744cd6-c78b-4b1b-8376-fecaf5d485fb	15	76609838	101928837	17591	0.0103
1d744cd6-c78b-4b1b-8376-fecaf5d485fb	16	10777	41192	11	-0.4498
1d744cd6-c78b-4b1b-8376-fecaf5d485fb	16	44808	5329093	2350	0.01
1d744cd6-c78b-4b1b-8376-fecaf5d485fb	16	5330159	5450710	114	0.5855
1d744cd6-c78b-4b1b-8376-fecaf5d485fb	16	5453322	14895982	8628	0.0154
1d744cd6-c78b-4b1b-8376-fecaf5d485fb	16	14954911	14993316	44	-0.2207
1d744cd6-c78b-4b1b-8376-fecaf5d485fb	16	14993317	22576144	3619	0.0082
1d744cd6-c78b-4b1b-8376-fecaf5d485fb	16	22576696	22614315	11	0.5399
1d744cd6-c78b-4b1b-8376-fecaf5d485fb	16	22614450	22687160	46	0.1228
1d744cd6-c78b-4b1b-8376-fecaf5d485fb	16	22687537	22699421	9	0.394
1d744cd6-c78b-4b1b-8376-fecaf5d485fb	16	22701658	30635374	4563	0.0113
1d744cd6-c78b-4b1b-8376-fecaf5d485fb	16	30635952	30657191	4	-1.0921
1d744cd6-c78b-4b1b-8376-fecaf5d485fb	16	30657469	53421830	5493	0.0044
1d744cd6-c78b-4b1b-8376-fecaf5d485fb	16	53424105	53435895	4	-0.904
1d744cd6-c78b-4b1b-8376-fecaf5d485fb	16	53436017	55761136	2014	0.0202
1d744cd6-c78b-4b1b-8376-fecaf5d485fb	16	55762477	55788485	21	-0.767
1d744cd6-c78b-4b1b-8376-fecaf5d485fb	16	55788532	90096867	24875	0.0124
1d744cd6-c78b-4b1b-8376-fecaf5d485fb	17	150733	41265456	20799	0.0094
1d744cd6-c78b-4b1b-8376-fecaf5d485fb	17	41266762	41274279	24	1.0127
1d744cd6-c78b-4b1b-8376-fecaf5d485fb	17	41276472	46085732	2497	0.0114
1d744cd6-c78b-4b1b-8376-fecaf5d485fb	17	46088437	46110945	15	0.4979
1d744cd6-c78b-4b1b-8376-fecaf5d485fb	17	46111026	46323701	110	0.2258
1d744cd6-c78b-4b1b-8376-fecaf5d485fb	17	46351954	46446360	3	0.8262
1d744cd6-c78b-4b1b-8376-fecaf5d485fb	17	46569894	50230336	1836	0.0186
1d744cd6-c78b-4b1b-8376-fecaf5d485fb	17	50233697	50240990	8	-0.7347
1d744cd6-c78b-4b1b-8376-fecaf5d485fb	17	50242754	83091923	19709	0.0139
1d744cd6-c78b-4b1b-8376-fecaf5d485fb	18	48133	80257174	50669	0.015
1d744cd6-c78b-4b1b-8376-fecaf5d485fb	19	90910	12581187	5038	0.0131
1d744cd6-c78b-4b1b-8376-fecaf5d485fb	19	12586552	12587288	2	-1.3988
1d744cd6-c78b-4b1b-8376-fecaf5d485fb	19	12589709	19844474	3523	0.0115
1d744cd6-c78b-4b1b-8376-fecaf5d485fb	19	19846860	19850417	3	-0.8848
1d744cd6-c78b-4b1b-8376-fecaf5d485fb	19	19851442	20411500	351	-0.0204
1d744cd6-c78b-4b1b-8376-fecaf5d485fb	19	20411869	20538428	71	-0.6412
1d744cd6-c78b-4b1b-8376-fecaf5d485fb	19	20538656	51628545	15744	0.013
1d744cd6-c78b-4b1b-8376-fecaf5d485fb	19	51628560	51644944	12	-0.5993
1d744cd6-c78b-4b1b-8376-fecaf5d485fb	19	51651652	58586487	4331	0.0154
1d744cd6-c78b-4b1b-8376-fecaf5d485fb	20	80664	1580276	1200	0.0087
1d744cd6-c78b-4b1b-8376-fecaf5d485fb	20	1580305	1609611	39	0.3648
1d744cd6-c78b-4b1b-8376-fecaf5d485fb	20	1609809	18272633	13046	0.0129
1d744cd6-c78b-4b1b-8376-fecaf5d485fb	20	18272659	18272729	4	-0.8395
1d744cd6-c78b-4b1b-8376-fecaf5d485fb	20	18272894	51092837	18354	0.0145
1d744cd6-c78b-4b1b-8376-fecaf5d485fb	20	51094477	51094555	2	-1.1698
1d744cd6-c78b-4b1b-8376-fecaf5d485fb	20	51096053	53666647	1910	0.0176
1d744cd6-c78b-4b1b-8376-fecaf5d485fb	20	53669296	53669343	2	-1.1004
1d744cd6-c78b-4b1b-8376-fecaf5d485fb	20	53680236	54028329	293	0.0069
1d744cd6-c78b-4b1b-8376-fecaf5d485fb	20	54031269	54042112	37	-0.6313
1d744cd6-c78b-4b1b-8376-fecaf5d485fb	20	54046035	60535987	5250	0.0142
1d744cd6-c78b-4b1b-8376-fecaf5d485fb	20	60539800	60542464	4	-1.1389
1d744cd6-c78b-4b1b-8376-fecaf5d485fb	20	60543786	64324800	2188	-0.0001
1d744cd6-c78b-4b1b-8376-fecaf5d485fb	21	10354168	46677045	23843	0.0145
1d744cd6-c78b-4b1b-8376-fecaf5d485fb	22	15294547	18142004	1108	0.0061
1d744cd6-c78b-4b1b-8376-fecaf5d485fb	22	18143362	18146386	7	-0.9635
1d744cd6-c78b-4b1b-8376-fecaf5d485fb	22	18147293	23987520	3271	-0.0119
1d744cd6-c78b-4b1b-8376-fecaf5d485fb	22	23988078	23989773	2	-2.0309
1d744cd6-c78b-4b1b-8376-fecaf5d485fb	22	23990431	23990739	2	-0.7941
1d744cd6-c78b-4b1b-8376-fecaf5d485fb	22	23995113	25265731	816	0.0184
1d744cd6-c78b-4b1b-8376-fecaf5d485fb	22	25268018	25268834	2	-0.4393
1d744cd6-c78b-4b1b-8376-fecaf5d485fb	22	25268865	25288441	7	0.613
1d744cd6-c78b-4b1b-8376-fecaf5d485fb	22	25288864	25325879	23	0.1714
1d744cd6-c78b-4b1b-8376-fecaf5d485fb	22	25330708	25522742	253	0.5384
1d744cd6-c78b-4b1b-8376-fecaf5d485fb	22	25526375	33435813	5802	0.0156
1d744cd6-c78b-4b1b-8376-fecaf5d485fb	22	33436162	33439333	4	-0.9936
1d744cd6-c78b-4b1b-8376-fecaf5d485fb	22	33442336	40397256	4637	0.0121
1d744cd6-c78b-4b1b-8376-fecaf5d485fb	22	40398586	40398816	2	-2.6576
1d744cd6-c78b-4b1b-8376-fecaf5d485fb	22	40401668	42501276	1192	0.0078
1d744cd6-c78b-4b1b-8376-fecaf5d485fb	22	42503434	42538456	21	0.5813
1d744cd6-c78b-4b1b-8376-fecaf5d485fb	22	42546956	42584045	15	-0.6644
1d744cd6-c78b-4b1b-8376-fecaf5d485fb	22	42585161	50796027	6079	-0.0016
1d744cd6-c78b-4b1b-8376-fecaf5d485fb	X	251810	75031674	38707	0.0173
1d744cd6-c78b-4b1b-8376-fecaf5d485fb	X	75041509	75048830	8	-1.0705
1d744cd6-c78b-4b1b-8376-fecaf5d485fb	X	75052931	146139034	39134	0.0167
1d744cd6-c78b-4b1b-8376-fecaf5d485fb	X	146142080	146155815	12	-0.9789
1d744cd6-c78b-4b1b-8376-fecaf5d485fb	X	146159191	151611214	3634	0.0072
1d744cd6-c78b-4b1b-8376-fecaf5d485fb	X	151615256	151622822	3	-0.8726
1d744cd6-c78b-4b1b-8376-fecaf5d485fb	X	151623396	155952689	2041	0.0121
1d744cd6-c78b-4b1b-8376-fecaf5d485fb	Y	2782397	3117554	150	-2.6405
1d744cd6-c78b-4b1b-8376-fecaf5d485fb	Y	3137227	6076562	568	-2.1809
1d744cd6-c78b-4b1b-8376-fecaf5d485fb	Y	6080059	9326090	1504	-2.7775
1d744cd6-c78b-4b1b-8376-fecaf5d485fb	Y	9326723	9554275	29	-4.1222
1d744cd6-c78b-4b1b-8376-fecaf5d485fb	Y	9554586	13478396	1012	-2.6429
1d744cd6-c78b-4b1b-8376-fecaf5d485fb	Y	13478462	13482643	3	-7.6945
1d744cd6-c78b-4b1b-8376-fecaf5d485fb	Y	13483009	25692987	3198	-2.7475
1d744cd6-c78b-4b1b-8376-fecaf5d485fb	Y	25968161	56872112	174	-2.3406
