GDC_Aliquot	Chromosome	Start	End	Num_Probes	Segment_Mean
76537c73-9c3f-44db-bc92-10957f72d425	1	62920	98602	13	0.3894
76537c73-9c3f-44db-bc92-10957f72d425	1	259407	1014228	61	-0.4056
76537c73-9c3f-44db-bc92-10957f72d425	1	1027290	1100599	13	0.4263
76537c73-9c3f-44db-bc92-10957f72d425	1	1103718	1278809	66	0.1562
76537c73-9c3f-44db-bc92-10957f72d425	1	1281678	1570718	56	0.8996
76537c73-9c3f-44db-bc92-10957f72d425	1	1575421	2523491	266	1.1452
76537c73-9c3f-44db-bc92-10957f72d425	1	2524194	2536626	13	0.7531
76537c73-9c3f-44db-bc92-10957f72d425	1	2536961	2853893	56	1.045
76537c73-9c3f-44db-bc92-10957f72d425	1	2858617	3159845	127	0.8371
76537c73-9c3f-44db-bc92-10957f72d425	1	3163455	3321181	92	-0.1249
76537c73-9c3f-44db-bc92-10957f72d425	1	3324571	3426577	59	0.7373
76537c73-9c3f-44db-bc92-10957f72d425	1	3427651	3587509	48	-0.1004
76537c73-9c3f-44db-bc92-10957f72d425	1	3595777	3595952	2	0.6928
76537c73-9c3f-44db-bc92-10957f72d425	1	3605560	3906704	194	-0.1461
76537c73-9c3f-44db-bc92-10957f72d425	1	3937137	4205497	173	1.1565
76537c73-9c3f-44db-bc92-10957f72d425	1	4206966	4357827	146	0.4223
76537c73-9c3f-44db-bc92-10957f72d425	1	4357901	4407914	64	0.5902
76537c73-9c3f-44db-bc92-10957f72d425	1	4409205	4617475	208	0.4177
76537c73-9c3f-44db-bc92-10957f72d425	1	4619503	4715385	90	1.02
76537c73-9c3f-44db-bc92-10957f72d425	1	4717567	4720690	3	1.8774
76537c73-9c3f-44db-bc92-10957f72d425	1	4721091	4781920	61	1.1368
76537c73-9c3f-44db-bc92-10957f72d425	1	4784763	5185758	350	0.7114
76537c73-9c3f-44db-bc92-10957f72d425	1	5186566	5187295	3	-0.4471
76537c73-9c3f-44db-bc92-10957f72d425	1	5190437	5412180	168	0.7403
76537c73-9c3f-44db-bc92-10957f72d425	1	5414938	5619381	181	0.5668
76537c73-9c3f-44db-bc92-10957f72d425	1	5620171	7084733	849	0.3748
76537c73-9c3f-44db-bc92-10957f72d425	1	7084833	7408301	231	0.5784
76537c73-9c3f-44db-bc92-10957f72d425	1	7408776	7530671	92	0.7788
76537c73-9c3f-44db-bc92-10957f72d425	1	7531283	8142933	364	-0.4759
76537c73-9c3f-44db-bc92-10957f72d425	1	8146070	8149261	6	0.2233
76537c73-9c3f-44db-bc92-10957f72d425	1	8157027	8164896	7	-0.5422
76537c73-9c3f-44db-bc92-10957f72d425	1	8168300	9080019	501	0.8664
76537c73-9c3f-44db-bc92-10957f72d425	1	9081253	9529354	255	0.6059
76537c73-9c3f-44db-bc92-10957f72d425	1	9536422	9536806	2	-1.0764
76537c73-9c3f-44db-bc92-10957f72d425	1	9542315	9911730	149	0.5191
76537c73-9c3f-44db-bc92-10957f72d425	1	9913870	10244179	149	0.7879
76537c73-9c3f-44db-bc92-10957f72d425	1	10247395	10249522	5	0.0812
76537c73-9c3f-44db-bc92-10957f72d425	1	10251819	10610834	235	-0.4656
76537c73-9c3f-44db-bc92-10957f72d425	1	10611363	10616743	2	-2.0703
76537c73-9c3f-44db-bc92-10957f72d425	1	10619664	13270143	1167	-0.4883
76537c73-9c3f-44db-bc92-10957f72d425	1	13323538	13868297	307	0.1377
76537c73-9c3f-44db-bc92-10957f72d425	1	13869717	15076020	1015	-0.485
76537c73-9c3f-44db-bc92-10957f72d425	1	15078593	15105161	24	0.2067
76537c73-9c3f-44db-bc92-10957f72d425	1	15108761	15823420	464	0.6363
76537c73-9c3f-44db-bc92-10957f72d425	1	15827002	15827430	6	1.3493
76537c73-9c3f-44db-bc92-10957f72d425	1	15827706	15878471	22	0.642
76537c73-9c3f-44db-bc92-10957f72d425	1	15878607	16157918	110	0.4539
76537c73-9c3f-44db-bc92-10957f72d425	1	16158861	16617327	180	-0.4101
76537c73-9c3f-44db-bc92-10957f72d425	1	16627347	16643961	19	-0.7078
76537c73-9c3f-44db-bc92-10957f72d425	1	16679239	16767571	17	-0.3269
76537c73-9c3f-44db-bc92-10957f72d425	1	16773735	16949746	65	-0.0227
76537c73-9c3f-44db-bc92-10957f72d425	1	16951445	18148917	867	-0.4642
76537c73-9c3f-44db-bc92-10957f72d425	1	18148933	18163567	18	0.0374
76537c73-9c3f-44db-bc92-10957f72d425	1	18163775	19857695	1201	-0.1272
76537c73-9c3f-44db-bc92-10957f72d425	1	19858045	20751119	598	0.2005
76537c73-9c3f-44db-bc92-10957f72d425	1	20752592	20763699	5	-0.3449
76537c73-9c3f-44db-bc92-10957f72d425	1	20764268	21218108	210	0.2144
76537c73-9c3f-44db-bc92-10957f72d425	1	21222009	25256850	2361	-0.4814
76537c73-9c3f-44db-bc92-10957f72d425	1	25266637	25346663	27	0.1304
76537c73-9c3f-44db-bc92-10957f72d425	1	25351593	29149366	1571	-0.4699
76537c73-9c3f-44db-bc92-10957f72d425	1	29151802	29383231	130	0.1294
76537c73-9c3f-44db-bc92-10957f72d425	1	29384759	29442439	45	0.3134
76537c73-9c3f-44db-bc92-10957f72d425	1	29449763	29457831	5	1.0431
76537c73-9c3f-44db-bc92-10957f72d425	1	29459234	30264526	633	0.3554
76537c73-9c3f-44db-bc92-10957f72d425	1	30265508	30266949	7	-0.0531
76537c73-9c3f-44db-bc92-10957f72d425	1	30268649	30301478	29	0.3388
76537c73-9c3f-44db-bc92-10957f72d425	1	30304242	30542880	200	0.123
76537c73-9c3f-44db-bc92-10957f72d425	1	30543717	32773113	1098	-0.4656
76537c73-9c3f-44db-bc92-10957f72d425	1	32783791	33386978	272	-0.1328
76537c73-9c3f-44db-bc92-10957f72d425	1	33387707	33699965	223	-0.4583
76537c73-9c3f-44db-bc92-10957f72d425	1	33708176	33716230	14	0.0415
76537c73-9c3f-44db-bc92-10957f72d425	1	33716896	34091528	323	-0.4972
76537c73-9c3f-44db-bc92-10957f72d425	1	34099758	34340024	198	0.158
76537c73-9c3f-44db-bc92-10957f72d425	1	34341615	35115171	456	-0.4679
76537c73-9c3f-44db-bc92-10957f72d425	1	35122943	36243086	471	0.6126
76537c73-9c3f-44db-bc92-10957f72d425	1	36245937	36246042	2	-0.8203
76537c73-9c3f-44db-bc92-10957f72d425	1	36248750	37413993	772	0.6511
76537c73-9c3f-44db-bc92-10957f72d425	1	37415108	39379950	1103	0.3212
76537c73-9c3f-44db-bc92-10957f72d425	1	39380595	39477258	48	0.5154
76537c73-9c3f-44db-bc92-10957f72d425	1	39477781	39731119	122	0.6606
76537c73-9c3f-44db-bc92-10957f72d425	1	39732915	41463581	949	0.4983
76537c73-9c3f-44db-bc92-10957f72d425	1	41464805	41483957	16	0.3356
76537c73-9c3f-44db-bc92-10957f72d425	1	41488074	44129089	1649	0.6797
76537c73-9c3f-44db-bc92-10957f72d425	1	44132899	44729408	349	0.8668
76537c73-9c3f-44db-bc92-10957f72d425	1	44730915	44743113	6	-0.4222
76537c73-9c3f-44db-bc92-10957f72d425	1	44743488	45852675	504	0.1106
76537c73-9c3f-44db-bc92-10957f72d425	1	45854795	46364758	236	-0.0811
76537c73-9c3f-44db-bc92-10957f72d425	1	46364775	47146748	419	-0.4894
76537c73-9c3f-44db-bc92-10957f72d425	1	47149323	47614007	303	0.1295
76537c73-9c3f-44db-bc92-10957f72d425	1	47614783	48043487	338	-0.0961
76537c73-9c3f-44db-bc92-10957f72d425	1	48044267	48046179	3	0.526
76537c73-9c3f-44db-bc92-10957f72d425	1	48046447	48833005	542	-0.0916
76537c73-9c3f-44db-bc92-10957f72d425	1	48833826	50350358	728	-0.3978
76537c73-9c3f-44db-bc92-10957f72d425	1	50350718	54727141	2313	-0.4722
76537c73-9c3f-44db-bc92-10957f72d425	1	54728199	54841907	105	-0.4041
76537c73-9c3f-44db-bc92-10957f72d425	1	54842020	54842366	3	-1.8746
76537c73-9c3f-44db-bc92-10957f72d425	1	54842564	56153544	1008	-0.4643
76537c73-9c3f-44db-bc92-10957f72d425	1	56155506	59326744	2634	0.532
76537c73-9c3f-44db-bc92-10957f72d425	1	59329550	62336589	2153	0.3676
76537c73-9c3f-44db-bc92-10957f72d425	1	62336947	62342056	8	0.6639
76537c73-9c3f-44db-bc92-10957f72d425	1	62343094	64434741	1416	-0.1097
76537c73-9c3f-44db-bc92-10957f72d425	1	64435422	65064600	609	-0.4534
76537c73-9c3f-44db-bc92-10957f72d425	1	65065902	65076043	5	-0.0468
76537c73-9c3f-44db-bc92-10957f72d425	1	65077148	66621710	1141	0.2203
76537c73-9c3f-44db-bc92-10957f72d425	1	66622243	66953371	230	-0.1048
76537c73-9c3f-44db-bc92-10957f72d425	1	66953406	67635286	467	0.217
76537c73-9c3f-44db-bc92-10957f72d425	1	67635784	67658865	20	-0.0966
76537c73-9c3f-44db-bc92-10957f72d425	1	67659485	67660413	3	0.6826
76537c73-9c3f-44db-bc92-10957f72d425	1	67662350	68685860	731	-0.4626
76537c73-9c3f-44db-bc92-10957f72d425	1	68692507	68765831	36	0.1603
76537c73-9c3f-44db-bc92-10957f72d425	1	68770697	72303233	2086	-0.4289
76537c73-9c3f-44db-bc92-10957f72d425	1	72303253	72345450	44	-1.1321
76537c73-9c3f-44db-bc92-10957f72d425	1	72345465	72398799	32	-0.3811
76537c73-9c3f-44db-bc92-10957f72d425	1	72401046	72473611	35	-0.0208
76537c73-9c3f-44db-bc92-10957f72d425	1	72474590	77948765	3490	-0.4306
76537c73-9c3f-44db-bc92-10957f72d425	1	77953117	78231137	145	-0.1241
76537c73-9c3f-44db-bc92-10957f72d425	1	78231185	78614155	238	0.1487
76537c73-9c3f-44db-bc92-10957f72d425	1	78620785	89061977	7040	-0.4509
76537c73-9c3f-44db-bc92-10957f72d425	1	89062249	90857066	1150	-0.1172
76537c73-9c3f-44db-bc92-10957f72d425	1	90858432	105470132	8821	-0.4419
76537c73-9c3f-44db-bc92-10957f72d425	1	105470754	105479753	18	0.524
76537c73-9c3f-44db-bc92-10957f72d425	1	105481433	106077089	374	-0.0794
76537c73-9c3f-44db-bc92-10957f72d425	1	106078042	106112815	32	0.2117
76537c73-9c3f-44db-bc92-10957f72d425	1	106114520	108824363	1809	-0.452
76537c73-9c3f-44db-bc92-10957f72d425	1	108827892	108829252	2	-3.5567
76537c73-9c3f-44db-bc92-10957f72d425	1	108830979	109067737	135	-0.4863
76537c73-9c3f-44db-bc92-10957f72d425	1	109069836	109108688	10	0.0348
76537c73-9c3f-44db-bc92-10957f72d425	1	109109521	109118433	5	0.6579
76537c73-9c3f-44db-bc92-10957f72d425	1	109124298	109690431	273	-0.1739
76537c73-9c3f-44db-bc92-10957f72d425	1	109690640	109714002	27	0.1754
76537c73-9c3f-44db-bc92-10957f72d425	1	109718120	110780620	774	-0.1419
76537c73-9c3f-44db-bc92-10957f72d425	1	110782105	110869613	116	0.0197
76537c73-9c3f-44db-bc92-10957f72d425	1	110869657	112147704	1044	-0.1338
76537c73-9c3f-44db-bc92-10957f72d425	1	112153343	112154754	24	-0.7501
76537c73-9c3f-44db-bc92-10957f72d425	1	112154768	112602145	339	-0.1077
76537c73-9c3f-44db-bc92-10957f72d425	1	112603217	112691557	38	0.2395
76537c73-9c3f-44db-bc92-10957f72d425	1	112691660	112973448	156	0.0945
76537c73-9c3f-44db-bc92-10957f72d425	1	112979525	113127557	100	-0.1414
76537c73-9c3f-44db-bc92-10957f72d425	1	113133688	113694148	311	-0.4428
76537c73-9c3f-44db-bc92-10957f72d425	1	113694661	114289343	383	-0.146
76537c73-9c3f-44db-bc92-10957f72d425	1	114291004	114291088	2	-1.2553
76537c73-9c3f-44db-bc92-10957f72d425	1	114291180	121498352	3787	-0.1086
76537c73-9c3f-44db-bc92-10957f72d425	1	121499338	143927887	170	0.413
76537c73-9c3f-44db-bc92-10957f72d425	1	143928045	144445555	8	-0.2279
76537c73-9c3f-44db-bc92-10957f72d425	1	144451288	150046752	977	0.3664
76537c73-9c3f-44db-bc92-10957f72d425	1	150047567	150883915	388	0.7448
76537c73-9c3f-44db-bc92-10957f72d425	1	150886666	151364223	190	0.2345
76537c73-9c3f-44db-bc92-10957f72d425	1	151364239	151437026	61	0.3861
76537c73-9c3f-44db-bc92-10957f72d425	1	151437367	151474690	24	0.2605
76537c73-9c3f-44db-bc92-10957f72d425	1	151474716	151498967	7	-0.1474
76537c73-9c3f-44db-bc92-10957f72d425	1	151500420	152436726	536	0.322
76537c73-9c3f-44db-bc92-10957f72d425	1	152437590	152621893	180	0.421
76537c73-9c3f-44db-bc92-10957f72d425	1	152623938	152790514	166	0.3203
76537c73-9c3f-44db-bc92-10957f72d425	1	152790564	152795388	9	0.8194
76537c73-9c3f-44db-bc92-10957f72d425	1	152795408	152968392	130	0.3662
76537c73-9c3f-44db-bc92-10957f72d425	1	152968833	153402441	365	0.789
76537c73-9c3f-44db-bc92-10957f72d425	1	153402908	154675311	582	0.2963
76537c73-9c3f-44db-bc92-10957f72d425	1	154680797	155666664	478	0.7019
76537c73-9c3f-44db-bc92-10957f72d425	1	155667097	157822512	1212	0.2996
76537c73-9c3f-44db-bc92-10957f72d425	1	157828185	158171094	252	1.7644
76537c73-9c3f-44db-bc92-10957f72d425	1	158179762	158353037	98	1.4315
76537c73-9c3f-44db-bc92-10957f72d425	1	158354635	158519669	140	1.6965
76537c73-9c3f-44db-bc92-10957f72d425	1	158519769	158519843	3	2.6629
76537c73-9c3f-44db-bc92-10957f72d425	1	158519857	158544421	33	1.7533
76537c73-9c3f-44db-bc92-10957f72d425	1	158544436	158545103	6	0.9886
76537c73-9c3f-44db-bc92-10957f72d425	1	158545119	158557581	26	1.726
76537c73-9c3f-44db-bc92-10957f72d425	1	158557734	158657525	67	0.6203
76537c73-9c3f-44db-bc92-10957f72d425	1	158658257	158660298	4	1.9477
76537c73-9c3f-44db-bc92-10957f72d425	1	158663977	158896783	230	0.6107
76537c73-9c3f-44db-bc92-10957f72d425	1	158898711	158899969	2	-0.7927
76537c73-9c3f-44db-bc92-10957f72d425	1	158905028	159033619	95	0.5594
76537c73-9c3f-44db-bc92-10957f72d425	1	159036681	159322630	185	1.1053
76537c73-9c3f-44db-bc92-10957f72d425	1	159330747	159911894	404	0.9299
76537c73-9c3f-44db-bc92-10957f72d425	1	159914248	160117178	117	0.7968
76537c73-9c3f-44db-bc92-10957f72d425	1	160118962	160268299	103	0.921
76537c73-9c3f-44db-bc92-10957f72d425	1	160270643	161145525	574	1.1198
76537c73-9c3f-44db-bc92-10957f72d425	1	161145793	161498738	157	0.3026
76537c73-9c3f-44db-bc92-10957f72d425	1	161501594	163513818	1574	1.0439
76537c73-9c3f-44db-bc92-10957f72d425	1	163514231	163516924	2	-0.0734
76537c73-9c3f-44db-bc92-10957f72d425	1	163521682	163546727	23	1.0669
76537c73-9c3f-44db-bc92-10957f72d425	1	163550327	163664732	64	2.0232
76537c73-9c3f-44db-bc92-10957f72d425	1	163664954	163988401	199	1.1115
76537c73-9c3f-44db-bc92-10957f72d425	1	163988584	164554716	421	1.2446
76537c73-9c3f-44db-bc92-10957f72d425	1	164554769	165082337	444	1.0577
76537c73-9c3f-44db-bc92-10957f72d425	1	165082813	165469675	413	0.7037
76537c73-9c3f-44db-bc92-10957f72d425	1	165470147	167536598	1557	0.7903
76537c73-9c3f-44db-bc92-10957f72d425	1	167538352	167795598	223	0.7394
76537c73-9c3f-44db-bc92-10957f72d425	1	167796946	167797682	4	-0.8406
76537c73-9c3f-44db-bc92-10957f72d425	1	167799276	168348776	328	0.7556
76537c73-9c3f-44db-bc92-10957f72d425	1	168358085	168435535	63	0.373
76537c73-9c3f-44db-bc92-10957f72d425	1	168435997	168520609	62	0.2469
76537c73-9c3f-44db-bc92-10957f72d425	1	168520870	168599535	62	0.3785
76537c73-9c3f-44db-bc92-10957f72d425	1	168599673	168996705	392	0.7514
76537c73-9c3f-44db-bc92-10957f72d425	1	169005788	169124319	104	0.903
76537c73-9c3f-44db-bc92-10957f72d425	1	169124524	169988820	673	0.3456
76537c73-9c3f-44db-bc92-10957f72d425	1	169989090	170088433	53	1.1897
76537c73-9c3f-44db-bc92-10957f72d425	1	170096814	170318284	180	0.3688
76537c73-9c3f-44db-bc92-10957f72d425	1	170321269	170866621	337	1.8166
76537c73-9c3f-44db-bc92-10957f72d425	1	170873331	172218932	896	0.3414
76537c73-9c3f-44db-bc92-10957f72d425	1	172220579	172225514	8	1.7205
76537c73-9c3f-44db-bc92-10957f72d425	1	172229501	173566489	868	0.6574
76537c73-9c3f-44db-bc92-10957f72d425	1	173572373	180593108	4481	0.3476
76537c73-9c3f-44db-bc92-10957f72d425	1	180593230	180931690	195	0.6996
76537c73-9c3f-44db-bc92-10957f72d425	1	180931986	185696095	3319	0.6414
76537c73-9c3f-44db-bc92-10957f72d425	1	185698386	189679027	2542	0.7048
76537c73-9c3f-44db-bc92-10957f72d425	1	189679353	189679397	2	-1.1596
76537c73-9c3f-44db-bc92-10957f72d425	1	189682917	192782288	2035	0.7186
76537c73-9c3f-44db-bc92-10957f72d425	1	192784909	193187149	305	0.6375
76537c73-9c3f-44db-bc92-10957f72d425	1	193187187	193187218	3	-0.1229
76537c73-9c3f-44db-bc92-10957f72d425	1	193190593	193398103	181	0.6495
76537c73-9c3f-44db-bc92-10957f72d425	1	193398687	194479104	762	0.715
76537c73-9c3f-44db-bc92-10957f72d425	1	194482281	194485888	2	2.4123
76537c73-9c3f-44db-bc92-10957f72d425	1	194487886	196745743	1451	0.7119
76537c73-9c3f-44db-bc92-10957f72d425	1	196758720	196832525	57	-0.4816
76537c73-9c3f-44db-bc92-10957f72d425	1	196832720	197811690	520	0.7131
76537c73-9c3f-44db-bc92-10957f72d425	1	197815902	199269829	949	0.6485
76537c73-9c3f-44db-bc92-10957f72d425	1	199271033	199876783	397	0.7035
76537c73-9c3f-44db-bc92-10957f72d425	1	199876807	207353940	4888	0.6237
76537c73-9c3f-44db-bc92-10957f72d425	1	207359612	209897717	2039	0.6839
76537c73-9c3f-44db-bc92-10957f72d425	1	209908268	209908720	2	-1.8918
76537c73-9c3f-44db-bc92-10957f72d425	1	209910639	210265106	213	0.709
76537c73-9c3f-44db-bc92-10957f72d425	1	210265167	214571850	2972	0.6508
76537c73-9c3f-44db-bc92-10957f72d425	1	214572212	218180170	2635	0.7083
76537c73-9c3f-44db-bc92-10957f72d425	1	218180984	220605839	1637	0.1473
76537c73-9c3f-44db-bc92-10957f72d425	1	220612425	221959331	1000	0.6671
76537c73-9c3f-44db-bc92-10957f72d425	1	221963958	222269052	194	0.1216
76537c73-9c3f-44db-bc92-10957f72d425	1	222270236	222311514	27	0.6692
76537c73-9c3f-44db-bc92-10957f72d425	1	222315481	222821444	254	0.1389
76537c73-9c3f-44db-bc92-10957f72d425	1	222822974	222847162	15	0.6654
76537c73-9c3f-44db-bc92-10957f72d425	1	222849581	222850427	3	-0.3968
76537c73-9c3f-44db-bc92-10957f72d425	1	222853375	224535301	1003	0.6371
76537c73-9c3f-44db-bc92-10957f72d425	1	224536880	225907905	887	0.151
76537c73-9c3f-44db-bc92-10957f72d425	1	225908467	226817303	543	0.0839
76537c73-9c3f-44db-bc92-10957f72d425	1	226819271	226819481	3	-1.0278
76537c73-9c3f-44db-bc92-10957f72d425	1	226825995	236526730	6715	0.1258
76537c73-9c3f-44db-bc92-10957f72d425	1	236528858	242783339	5069	0.1683
76537c73-9c3f-44db-bc92-10957f72d425	1	242785193	243816199	600	0.1201
76537c73-9c3f-44db-bc92-10957f72d425	1	243816404	243827158	9	-0.5981
76537c73-9c3f-44db-bc92-10957f72d425	1	243827214	248457862	3054	0.1327
76537c73-9c3f-44db-bc92-10957f72d425	1	248458096	248645808	59	0.3433
76537c73-9c3f-44db-bc92-10957f72d425	1	248646068	248930189	139	0.128
76537c73-9c3f-44db-bc92-10957f72d425	2	12784	4095355	2939	0.1421
76537c73-9c3f-44db-bc92-10957f72d425	2	4100002	5161450	877	0.1976
76537c73-9c3f-44db-bc92-10957f72d425	2	5163734	5163882	2	1.2457
76537c73-9c3f-44db-bc92-10957f72d425	2	5165936	6561476	1281	0.1819
76537c73-9c3f-44db-bc92-10957f72d425	2	6566327	13239907	5011	0.1342
76537c73-9c3f-44db-bc92-10957f72d425	2	13239961	23395338	7269	0.1606
76537c73-9c3f-44db-bc92-10957f72d425	2	23395804	24724260	753	0.14
76537c73-9c3f-44db-bc92-10957f72d425	2	24724678	29560950	2655	0.0977
76537c73-9c3f-44db-bc92-10957f72d425	2	29562191	34427804	3294	0.1461
76537c73-9c3f-44db-bc92-10957f72d425	2	34434869	34511990	57	0.3916
76537c73-9c3f-44db-bc92-10957f72d425	2	34512096	41952043	5640	0.1475
76537c73-9c3f-44db-bc92-10957f72d425	2	41953772	48512093	4505	0.1169
76537c73-9c3f-44db-bc92-10957f72d425	2	48513161	52527330	2862	0.1692
76537c73-9c3f-44db-bc92-10957f72d425	2	52527342	52554384	38	0.5381
76537c73-9c3f-44db-bc92-10957f72d425	2	52554404	60443342	5603	0.1648
76537c73-9c3f-44db-bc92-10957f72d425	2	60445120	65568272	2717	0.1245
76537c73-9c3f-44db-bc92-10957f72d425	2	65568687	67820424	1737	0.164
76537c73-9c3f-44db-bc92-10957f72d425	2	67820446	75171698	4451	0.1193
76537c73-9c3f-44db-bc92-10957f72d425	2	75171823	75994301	603	0.1495
76537c73-9c3f-44db-bc92-10957f72d425	2	75994721	78773435	1812	0.1827
76537c73-9c3f-44db-bc92-10957f72d425	2	78773547	79372073	485	0.1048
76537c73-9c3f-44db-bc92-10957f72d425	2	79372697	84088401	2983	0.1788
76537c73-9c3f-44db-bc92-10957f72d425	2	84090512	88917851	2276	0.1215
76537c73-9c3f-44db-bc92-10957f72d425	2	88918008	90075453	171	0.2418
76537c73-9c3f-44db-bc92-10957f72d425	2	90075608	97359885	1021	0.1292
76537c73-9c3f-44db-bc92-10957f72d425	2	97524284	97550415	10	0.6608
76537c73-9c3f-44db-bc92-10957f72d425	2	97552143	98562254	546	0.1232
76537c73-9c3f-44db-bc92-10957f72d425	2	98564432	100364061	1035	-0.1289
76537c73-9c3f-44db-bc92-10957f72d425	2	100370925	101529199	783	0.13
76537c73-9c3f-44db-bc92-10957f72d425	2	101529219	102969429	973	-0.1456
76537c73-9c3f-44db-bc92-10957f72d425	2	102974147	105721765	1769	-0.0965
76537c73-9c3f-44db-bc92-10957f72d425	2	105722179	106258266	463	-0.1477
76537c73-9c3f-44db-bc92-10957f72d425	2	106263639	106270799	13	-0.6277
76537c73-9c3f-44db-bc92-10957f72d425	2	106270952	106917887	373	-0.1096
76537c73-9c3f-44db-bc92-10957f72d425	2	106918667	106953134	24	0.1722
76537c73-9c3f-44db-bc92-10957f72d425	2	106953634	107008182	49	-0.0763
76537c73-9c3f-44db-bc92-10957f72d425	2	107009218	107949018	592	0.1701
76537c73-9c3f-44db-bc92-10957f72d425	2	107954802	108356608	316	-0.088
76537c73-9c3f-44db-bc92-10957f72d425	2	108356669	114156985	2762	-0.1384
76537c73-9c3f-44db-bc92-10957f72d425	2	114157522	116828073	1614	-0.0842
76537c73-9c3f-44db-bc92-10957f72d425	2	116831010	116832277	3	-1.2648
76537c73-9c3f-44db-bc92-10957f72d425	2	116833669	117017795	123	-0.1435
76537c73-9c3f-44db-bc92-10957f72d425	2	117019180	117175147	74	0.4364
76537c73-9c3f-44db-bc92-10957f72d425	2	117175447	139267387	13676	-0.1056
76537c73-9c3f-44db-bc92-10957f72d425	2	139267405	142797856	2316	-0.0674
76537c73-9c3f-44db-bc92-10957f72d425	2	142798123	144766369	1121	-0.1375
76537c73-9c3f-44db-bc92-10957f72d425	2	144769011	208565312	38456	-0.1103
76537c73-9c3f-44db-bc92-10957f72d425	2	208566606	215435199	4381	-0.0836
76537c73-9c3f-44db-bc92-10957f72d425	2	215435462	230177764	9675	-0.1109
76537c73-9c3f-44db-bc92-10957f72d425	2	230180666	241546649	7176	-0.1299
76537c73-9c3f-44db-bc92-10957f72d425	2	241546809	241557869	9	-0.7068
76537c73-9c3f-44db-bc92-10957f72d425	2	241557968	241841244	47	-0.1462
76537c73-9c3f-44db-bc92-10957f72d425	2	241973315	242011715	33	-4.4041
76537c73-9c3f-44db-bc92-10957f72d425	2	242015916	242030085	20	-1.6852
76537c73-9c3f-44db-bc92-10957f72d425	2	242030144	242084107	45	-4.3998
76537c73-9c3f-44db-bc92-10957f72d425	2	242087337	242092213	5	-1.4971
76537c73-9c3f-44db-bc92-10957f72d425	2	242095460	242147305	24	-0.0672
76537c73-9c3f-44db-bc92-10957f72d425	3	20930	8903993	7837	0.532
76537c73-9c3f-44db-bc92-10957f72d425	3	8904642	17094105	5711	0.4982
76537c73-9c3f-44db-bc92-10957f72d425	3	17095558	25085426	5241	0.5395
76537c73-9c3f-44db-bc92-10957f72d425	3	25086007	31512399	4809	-0.101
76537c73-9c3f-44db-bc92-10957f72d425	3	31519404	31671154	56	0.372
76537c73-9c3f-44db-bc92-10957f72d425	3	31675084	32894412	769	-0.1274
76537c73-9c3f-44db-bc92-10957f72d425	3	32895516	32984183	48	0.3418
76537c73-9c3f-44db-bc92-10957f72d425	3	32986138	33542848	325	-0.1292
76537c73-9c3f-44db-bc92-10957f72d425	3	33549632	33754006	79	0.3537
76537c73-9c3f-44db-bc92-10957f72d425	3	33764069	34036691	151	-0.1112
76537c73-9c3f-44db-bc92-10957f72d425	3	34037178	34677882	399	0.1325
76537c73-9c3f-44db-bc92-10957f72d425	3	34679668	36143810	1002	0.1844
76537c73-9c3f-44db-bc92-10957f72d425	3	36144169	38023608	1293	0.1302
76537c73-9c3f-44db-bc92-10957f72d425	3	38031049	42266417	2755	-0.1138
76537c73-9c3f-44db-bc92-10957f72d425	3	42266903	46751887	2716	-0.1398
76537c73-9c3f-44db-bc92-10957f72d425	3	46760327	46827338	43	0.1176
76537c73-9c3f-44db-bc92-10957f72d425	3	46828459	52988851	2486	-0.1583
76537c73-9c3f-44db-bc92-10957f72d425	3	52988877	68676600	12070	-0.1117
76537c73-9c3f-44db-bc92-10957f72d425	3	68682877	68699607	17	0.3215
76537c73-9c3f-44db-bc92-10957f72d425	3	68699635	73094212	3289	-0.1166
76537c73-9c3f-44db-bc92-10957f72d425	3	73095607	85679551	7240	-0.0785
76537c73-9c3f-44db-bc92-10957f72d425	3	85681264	86891220	662	0.7511
76537c73-9c3f-44db-bc92-10957f72d425	3	86893427	87138884	142	0.3907
76537c73-9c3f-44db-bc92-10957f72d425	3	87140777	87276571	88	0.7189
76537c73-9c3f-44db-bc92-10957f72d425	3	87277071	87290557	12	0.418
76537c73-9c3f-44db-bc92-10957f72d425	3	87300435	87321547	23	0.741
76537c73-9c3f-44db-bc92-10957f72d425	3	87321594	87686348	198	0.9533
76537c73-9c3f-44db-bc92-10957f72d425	3	87689908	89337951	972	0.3661
76537c73-9c3f-44db-bc92-10957f72d425	3	89345442	89370231	51	-0.5106
76537c73-9c3f-44db-bc92-10957f72d425	3	89370771	98688460	2930	0.3936
76537c73-9c3f-44db-bc92-10957f72d425	3	98688470	98688542	2	-0.7786
76537c73-9c3f-44db-bc92-10957f72d425	3	98688556	99229769	317	0.3915
76537c73-9c3f-44db-bc92-10957f72d425	3	99229828	99230194	6	0.8979
76537c73-9c3f-44db-bc92-10957f72d425	3	99230212	99827575	399	0.3891
76537c73-9c3f-44db-bc92-10957f72d425	3	99828245	101934372	1118	0.3343
76537c73-9c3f-44db-bc92-10957f72d425	3	101935202	107898217	3642	0.3818
76537c73-9c3f-44db-bc92-10957f72d425	3	107900491	108784497	594	0.3218
76537c73-9c3f-44db-bc92-10957f72d425	3	108785418	111605289	1655	0.3736
76537c73-9c3f-44db-bc92-10957f72d425	3	111605618	115431088	2339	0.3255
76537c73-9c3f-44db-bc92-10957f72d425	3	115433791	119171760	2594	0.3813
76537c73-9c3f-44db-bc92-10957f72d425	3	119172134	120218915	645	0.3017
76537c73-9c3f-44db-bc92-10957f72d425	3	120221137	128633674	5090	0.3402
76537c73-9c3f-44db-bc92-10957f72d425	3	128634475	130044016	649	0.2914
76537c73-9c3f-44db-bc92-10957f72d425	3	130044855	130080824	36	0.0641
76537c73-9c3f-44db-bc92-10957f72d425	3	130087209	134308480	2767	0.3479
76537c73-9c3f-44db-bc92-10957f72d425	3	134308765	134309589	2	-0.9319
76537c73-9c3f-44db-bc92-10957f72d425	3	134310330	136300257	1260	0.3566
76537c73-9c3f-44db-bc92-10957f72d425	3	136304109	136306584	2	-2.2506
76537c73-9c3f-44db-bc92-10957f72d425	3	136319699	137309113	451	0.2985
76537c73-9c3f-44db-bc92-10957f72d425	3	137309114	137309120	4	-0.438
76537c73-9c3f-44db-bc92-10957f72d425	3	137309121	137314218	16	0.3601
76537c73-9c3f-44db-bc92-10957f72d425	3	137314418	137314421	3	-0.5016
76537c73-9c3f-44db-bc92-10957f72d425	3	137314580	143566923	3863	0.3472
76537c73-9c3f-44db-bc92-10957f72d425	3	143566958	143567132	4	1.0855
76537c73-9c3f-44db-bc92-10957f72d425	3	143567959	144575496	640	0.3384
76537c73-9c3f-44db-bc92-10957f72d425	3	144575748	146560829	1285	0.3845
76537c73-9c3f-44db-bc92-10957f72d425	3	146568423	146572004	12	-0.0017
76537c73-9c3f-44db-bc92-10957f72d425	3	146575891	148935606	1423	0.3919
76537c73-9c3f-44db-bc92-10957f72d425	3	148937465	158632329	5935	0.3441
76537c73-9c3f-44db-bc92-10957f72d425	3	158633095	158633756	2	1.4205
76537c73-9c3f-44db-bc92-10957f72d425	3	158641083	161384309	1658	0.3507
76537c73-9c3f-44db-bc92-10957f72d425	3	161384339	162790480	948	0.4051
76537c73-9c3f-44db-bc92-10957f72d425	3	162794869	162908207	70	0.9047
76537c73-9c3f-44db-bc92-10957f72d425	3	162908784	163027025	89	0.3269
76537c73-9c3f-44db-bc92-10957f72d425	3	163027420	167411191	2425	0.3984
76537c73-9c3f-44db-bc92-10957f72d425	3	167415988	172994457	3517	0.3475
76537c73-9c3f-44db-bc92-10957f72d425	3	172995100	175952108	2009	0.3931
76537c73-9c3f-44db-bc92-10957f72d425	3	175952224	184097651	4791	0.3567
76537c73-9c3f-44db-bc92-10957f72d425	3	184097706	189166432	3473	0.3249
76537c73-9c3f-44db-bc92-10957f72d425	3	189166636	193156958	2871	0.3692
76537c73-9c3f-44db-bc92-10957f72d425	3	193160113	193165114	20	-0.599
76537c73-9c3f-44db-bc92-10957f72d425	3	193168646	195558822	1483	0.344
76537c73-9c3f-44db-bc92-10957f72d425	3	195559056	195715696	21	-0.0741
76537c73-9c3f-44db-bc92-10957f72d425	3	195715711	198169247	1190	0.344
76537c73-9c3f-44db-bc92-10957f72d425	4	68929	5922902	3094	-0.153
76537c73-9c3f-44db-bc92-10957f72d425	4	5923343	10208766	2609	-0.4029
76537c73-9c3f-44db-bc92-10957f72d425	4	10221792	10228296	16	0.4571
76537c73-9c3f-44db-bc92-10957f72d425	4	10228326	10237673	23	-0.1071
76537c73-9c3f-44db-bc92-10957f72d425	4	10239039	10389091	167	-0.383
76537c73-9c3f-44db-bc92-10957f72d425	4	10390730	10399044	16	-0.817
76537c73-9c3f-44db-bc92-10957f72d425	4	10401094	21307695	7974	-0.3717
76537c73-9c3f-44db-bc92-10957f72d425	4	21313653	25967872	3327	0.4034
76537c73-9c3f-44db-bc92-10957f72d425	4	25971556	26061433	89	-0.4424
76537c73-9c3f-44db-bc92-10957f72d425	4	26063014	26111317	31	0.3753
76537c73-9c3f-44db-bc92-10957f72d425	4	26113854	32994415	4353	-0.3616
76537c73-9c3f-44db-bc92-10957f72d425	4	32994921	33000492	4	-1.2875
76537c73-9c3f-44db-bc92-10957f72d425	4	33006356	34777382	1007	-0.3337
76537c73-9c3f-44db-bc92-10957f72d425	4	34777403	34822561	40	0.2116
76537c73-9c3f-44db-bc92-10957f72d425	4	34823103	39170377	3076	-0.3952
76537c73-9c3f-44db-bc92-10957f72d425	4	39172426	42404679	1914	-0.0651
76537c73-9c3f-44db-bc92-10957f72d425	4	42405653	45896689	2139	-0.3729
76537c73-9c3f-44db-bc92-10957f72d425	4	45902144	46952951	529	-0.0228
76537c73-9c3f-44db-bc92-10957f72d425	4	46953208	57948815	5508	-0.0585
76537c73-9c3f-44db-bc92-10957f72d425	4	57950597	59107300	640	-0.0118
76537c73-9c3f-44db-bc92-10957f72d425	4	59108353	59117968	7	0.6062
76537c73-9c3f-44db-bc92-10957f72d425	4	59122377	65284666	3672	-0.0161
76537c73-9c3f-44db-bc92-10957f72d425	4	65285428	66196720	639	0.2628
76537c73-9c3f-44db-bc92-10957f72d425	4	66197090	68395346	1323	-0.353
76537c73-9c3f-44db-bc92-10957f72d425	4	68416487	68422424	5	0.6079
76537c73-9c3f-44db-bc92-10957f72d425	4	68429081	68494770	10	-0.4083
76537c73-9c3f-44db-bc92-10957f72d425	4	68501424	68686026	75	0.1465
76537c73-9c3f-44db-bc92-10957f72d425	4	68725894	69261926	308	-0.345
76537c73-9c3f-44db-bc92-10957f72d425	4	69261934	69366081	53	-0.8499
76537c73-9c3f-44db-bc92-10957f72d425	4	69366304	85189377	9803	-0.3814
76537c73-9c3f-44db-bc92-10957f72d425	4	85189721	85193705	2	0.9327
76537c73-9c3f-44db-bc92-10957f72d425	4	85195135	90697867	3480	-0.3774
76537c73-9c3f-44db-bc92-10957f72d425	4	90697883	98235038	4387	-0.3463
76537c73-9c3f-44db-bc92-10957f72d425	4	98235316	103050316	2846	-0.3891
76537c73-9c3f-44db-bc92-10957f72d425	4	103051728	105470723	1442	-0.3491
76537c73-9c3f-44db-bc92-10957f72d425	4	105470929	105472390	2	-1.6773
76537c73-9c3f-44db-bc92-10957f72d425	4	105474446	110085501	2705	-0.3646
76537c73-9c3f-44db-bc92-10957f72d425	4	110085504	110085586	3	-1.5391
76537c73-9c3f-44db-bc92-10957f72d425	4	110085629	114250539	2648	-0.3627
76537c73-9c3f-44db-bc92-10957f72d425	4	114252407	114261019	29	0.0671
76537c73-9c3f-44db-bc92-10957f72d425	4	114263073	115244948	611	-0.3402
76537c73-9c3f-44db-bc92-10957f72d425	4	115251455	115251961	6	-1.1877
76537c73-9c3f-44db-bc92-10957f72d425	4	115252047	139365341	14180	-0.3539
76537c73-9c3f-44db-bc92-10957f72d425	4	139368932	145956717	3926	-0.3723
76537c73-9c3f-44db-bc92-10957f72d425	4	145958251	145958652	2	0.927
76537c73-9c3f-44db-bc92-10957f72d425	4	145959306	154881396	5319	-0.3809
76537c73-9c3f-44db-bc92-10957f72d425	4	154881853	154881926	3	-3.3235
76537c73-9c3f-44db-bc92-10957f72d425	4	154882047	172068149	11013	-0.3527
76537c73-9c3f-44db-bc92-10957f72d425	4	172068222	172068354	6	-1.8431
76537c73-9c3f-44db-bc92-10957f72d425	4	172068368	190106768	12083	-0.3637
76537c73-9c3f-44db-bc92-10957f72d425	5	15532	685633	306	0.1244
76537c73-9c3f-44db-bc92-10957f72d425	5	698256	808932	32	-0.6831
76537c73-9c3f-44db-bc92-10957f72d425	5	817735	12800777	9856	0.161
76537c73-9c3f-44db-bc92-10957f72d425	5	12815668	12838421	14	-1.197
76537c73-9c3f-44db-bc92-10957f72d425	5	12849089	12998813	54	0.1319
76537c73-9c3f-44db-bc92-10957f72d425	5	13005102	13079907	17	-0.2445
76537c73-9c3f-44db-bc92-10957f72d425	5	13081507	17601444	3102	0.1585
76537c73-9c3f-44db-bc92-10957f72d425	5	17601619	17625524	10	-0.5895
76537c73-9c3f-44db-bc92-10957f72d425	5	17629411	31396745	8332	0.1871
76537c73-9c3f-44db-bc92-10957f72d425	5	31401521	53947584	11218	0.1497
76537c73-9c3f-44db-bc92-10957f72d425	5	53949010	57290575	2287	-0.1463
76537c73-9c3f-44db-bc92-10957f72d425	5	57294967	57561140	193	0.1472
76537c73-9c3f-44db-bc92-10957f72d425	5	57561221	58025819	336	-0.1252
76537c73-9c3f-44db-bc92-10957f72d425	5	58030200	58037706	32	1.385
76537c73-9c3f-44db-bc92-10957f72d425	5	58042530	64622606	4150	-0.1157
76537c73-9c3f-44db-bc92-10957f72d425	5	64623309	64623798	4	-0.8376
76537c73-9c3f-44db-bc92-10957f72d425	5	64625687	70959079	3157	-0.1217
76537c73-9c3f-44db-bc92-10957f72d425	5	71010832	71358245	9	0.4424
76537c73-9c3f-44db-bc92-10957f72d425	5	71364924	83934708	8042	-0.1255
76537c73-9c3f-44db-bc92-10957f72d425	5	83935934	86813692	1584	-0.0685
76537c73-9c3f-44db-bc92-10957f72d425	5	86815939	86823329	4	-0.9133
76537c73-9c3f-44db-bc92-10957f72d425	5	86825812	89847773	1556	-0.1054
76537c73-9c3f-44db-bc92-10957f72d425	5	89850411	92208557	1321	0.1696
76537c73-9c3f-44db-bc92-10957f72d425	5	92214399	94510771	1132	-0.0955
76537c73-9c3f-44db-bc92-10957f72d425	5	94510824	94588719	31	0.1156
76537c73-9c3f-44db-bc92-10957f72d425	5	94592125	94913327	192	-0.1417
76537c73-9c3f-44db-bc92-10957f72d425	5	94915805	94981504	52	0.17
76537c73-9c3f-44db-bc92-10957f72d425	5	94981962	104515520	5601	-0.1067
76537c73-9c3f-44db-bc92-10957f72d425	5	104524672	104524903	4	-1.1719
76537c73-9c3f-44db-bc92-10957f72d425	5	104525348	131023522	17557	-0.103
76537c73-9c3f-44db-bc92-10957f72d425	5	131023555	135652081	2821	-0.144
76537c73-9c3f-44db-bc92-10957f72d425	5	135656316	137418060	1260	-0.081
76537c73-9c3f-44db-bc92-10957f72d425	5	137424011	144437293	3921	-0.1363
76537c73-9c3f-44db-bc92-10957f72d425	5	144437521	147725460	2139	-0.0914
76537c73-9c3f-44db-bc92-10957f72d425	5	147725504	152134610	3071	-0.1341
76537c73-9c3f-44db-bc92-10957f72d425	5	152135825	152138790	14	-0.9302
76537c73-9c3f-44db-bc92-10957f72d425	5	152140710	154884782	1802	-0.1031
76537c73-9c3f-44db-bc92-10957f72d425	5	154885473	156048095	857	0.1672
76537c73-9c3f-44db-bc92-10957f72d425	5	156049762	156068247	16	-0.3317
76537c73-9c3f-44db-bc92-10957f72d425	5	156068249	156101215	19	0.3276
76537c73-9c3f-44db-bc92-10957f72d425	5	156101303	156523279	316	0.1721
76537c73-9c3f-44db-bc92-10957f72d425	5	156523686	156629836	61	0.3662
76537c73-9c3f-44db-bc92-10957f72d425	5	156630806	158342104	1168	-0.1247
76537c73-9c3f-44db-bc92-10957f72d425	5	158344029	159258674	638	0.1278
76537c73-9c3f-44db-bc92-10957f72d425	5	159260670	159261409	2	-0.5592
76537c73-9c3f-44db-bc92-10957f72d425	5	159264785	159645444	243	0.129
76537c73-9c3f-44db-bc92-10957f72d425	5	159645953	159865914	175	0.9433
76537c73-9c3f-44db-bc92-10957f72d425	5	159870166	162585119	1766	0.1576
76537c73-9c3f-44db-bc92-10957f72d425	5	162586335	163248074	406	-0.0979
76537c73-9c3f-44db-bc92-10957f72d425	5	163250228	166852758	2409	0.1881
76537c73-9c3f-44db-bc92-10957f72d425	5	166853836	167969684	798	-0.1013
76537c73-9c3f-44db-bc92-10957f72d425	5	167970004	167970034	2	0.8721
76537c73-9c3f-44db-bc92-10957f72d425	5	167970535	169894571	1580	-0.112
76537c73-9c3f-44db-bc92-10957f72d425	5	169898590	171769518	1356	0.5186
76537c73-9c3f-44db-bc92-10957f72d425	5	171772376	171776720	8	-0.3743
76537c73-9c3f-44db-bc92-10957f72d425	5	171776946	172010029	161	-0.1248
76537c73-9c3f-44db-bc92-10957f72d425	5	172014069	172054071	28	0.1202
76537c73-9c3f-44db-bc92-10957f72d425	5	172054292	173499860	991	-0.1438
76537c73-9c3f-44db-bc92-10957f72d425	5	173501447	173778222	276	-0.5215
76537c73-9c3f-44db-bc92-10957f72d425	5	173778279	173779213	5	-1.4164
76537c73-9c3f-44db-bc92-10957f72d425	5	173779368	175655109	1490	-0.4703
76537c73-9c3f-44db-bc92-10957f72d425	5	175660648	175946505	168	0.1214
76537c73-9c3f-44db-bc92-10957f72d425	5	175960543	176426617	139	0.503
76537c73-9c3f-44db-bc92-10957f72d425	5	176427198	176477859	24	0.2802
76537c73-9c3f-44db-bc92-10957f72d425	5	176478430	177210850	376	-0.1403
76537c73-9c3f-44db-bc92-10957f72d425	5	177213121	177225891	11	0.3833
76537c73-9c3f-44db-bc92-10957f72d425	5	177226559	177510760	122	-0.185
76537c73-9c3f-44db-bc92-10957f72d425	5	177519061	177771448	67	-0.4263
76537c73-9c3f-44db-bc92-10957f72d425	5	177800550	177827964	4	0.4051
76537c73-9c3f-44db-bc92-10957f72d425	5	177832414	178133338	78	-0.4065
76537c73-9c3f-44db-bc92-10957f72d425	5	178141838	178144265	4	0.3361
76537c73-9c3f-44db-bc92-10957f72d425	5	178147420	178931737	523	-0.4763
76537c73-9c3f-44db-bc92-10957f72d425	5	178933871	179393188	282	0.3463
76537c73-9c3f-44db-bc92-10957f72d425	5	179393457	179923387	305	0.1164
76537c73-9c3f-44db-bc92-10957f72d425	5	179925439	180469550	339	-0.1385
76537c73-9c3f-44db-bc92-10957f72d425	5	180469574	180947523	261	0.1289
76537c73-9c3f-44db-bc92-10957f72d425	5	180951710	180991103	19	-1.8452
76537c73-9c3f-44db-bc92-10957f72d425	5	181006225	181363319	170	0.3368
76537c73-9c3f-44db-bc92-10957f72d425	6	149661	253861	99	0.1355
76537c73-9c3f-44db-bc92-10957f72d425	6	254267	385784	109	-0.1699
76537c73-9c3f-44db-bc92-10957f72d425	6	387532	8034648	6350	0.1368
76537c73-9c3f-44db-bc92-10957f72d425	6	8035970	10626302	1887	0.1795
76537c73-9c3f-44db-bc92-10957f72d425	6	10627546	19039888	6328	0.1275
76537c73-9c3f-44db-bc92-10957f72d425	6	19041950	19044532	7	-0.6248
76537c73-9c3f-44db-bc92-10957f72d425	6	19044638	24512609	3998	0.1664
76537c73-9c3f-44db-bc92-10957f72d425	6	24513408	24972675	311	0.1046
76537c73-9c3f-44db-bc92-10957f72d425	6	24974609	24978276	8	0.4444
76537c73-9c3f-44db-bc92-10957f72d425	6	24978707	25468597	358	0.0994
76537c73-9c3f-44db-bc92-10957f72d425	6	25468903	25744650	186	0.1912
76537c73-9c3f-44db-bc92-10957f72d425	6	25747180	26329625	371	0.0931
76537c73-9c3f-44db-bc92-10957f72d425	6	26334598	26743855	224	0.1648
76537c73-9c3f-44db-bc92-10957f72d425	6	26747492	26759781	5	-0.7956
76537c73-9c3f-44db-bc92-10957f72d425	6	26831719	28043874	584	0.1361
76537c73-9c3f-44db-bc92-10957f72d425	6	28051166	28053855	3	-0.6785
76537c73-9c3f-44db-bc92-10957f72d425	6	28055973	29762953	740	0.1042
76537c73-9c3f-44db-bc92-10957f72d425	6	29763146	29873244	97	0.2432
76537c73-9c3f-44db-bc92-10957f72d425	6	29875657	29940692	29	0.4919
76537c73-9c3f-44db-bc92-10957f72d425	6	29946443	31243089	594	0.1132
76537c73-9c3f-44db-bc92-10957f72d425	6	31261685	31261867	3	-0.8244
76537c73-9c3f-44db-bc92-10957f72d425	6	31262890	31309909	45	0.1752
76537c73-9c3f-44db-bc92-10957f72d425	6	31313046	31327629	8	1.0817
76537c73-9c3f-44db-bc92-10957f72d425	6	31328176	32463515	501	0.1924
76537c73-9c3f-44db-bc92-10957f72d425	6	32463775	32605994	35	1.1929
76537c73-9c3f-44db-bc92-10957f72d425	6	32606237	32641650	25	0.2511
76537c73-9c3f-44db-bc92-10957f72d425	6	32656527	32658841	6	1.206
76537c73-9c3f-44db-bc92-10957f72d425	6	32682835	32722250	44	0.1969
76537c73-9c3f-44db-bc92-10957f72d425	6	32723020	32723053	3	1.2401
76537c73-9c3f-44db-bc92-10957f72d425	6	32732907	32936123	135	0.1939
76537c73-9c3f-44db-bc92-10957f72d425	6	32936824	39320314	3982	0.1041
76537c73-9c3f-44db-bc92-10957f72d425	6	39320758	40439116	831	0.1661
76537c73-9c3f-44db-bc92-10957f72d425	6	40439184	45862125	3322	0.1064
76537c73-9c3f-44db-bc92-10957f72d425	6	45862314	47534288	1222	0.1483
76537c73-9c3f-44db-bc92-10957f72d425	6	47541673	52144802	2752	0.1852
76537c73-9c3f-44db-bc92-10957f72d425	6	52145026	54066286	1413	0.1355
76537c73-9c3f-44db-bc92-10957f72d425	6	54066353	54067057	7	-1.4694
76537c73-9c3f-44db-bc92-10957f72d425	6	54070550	54980887	603	0.1763
76537c73-9c3f-44db-bc92-10957f72d425	6	54983657	54985341	4	-0.5687
76537c73-9c3f-44db-bc92-10957f72d425	6	54987314	66328153	4761	0.1665
76537c73-9c3f-44db-bc92-10957f72d425	6	66331020	66333299	7	-0.6049
76537c73-9c3f-44db-bc92-10957f72d425	6	66333342	68113359	1324	0.1945
76537c73-9c3f-44db-bc92-10957f72d425	6	68113415	69439441	814	-0.09
76537c73-9c3f-44db-bc92-10957f72d425	6	69446313	70191027	482	0.1357
76537c73-9c3f-44db-bc92-10957f72d425	6	70191226	71092884	569	-0.1046
76537c73-9c3f-44db-bc92-10957f72d425	6	71095941	74783196	2425	0.1741
76537c73-9c3f-44db-bc92-10957f72d425	6	74783872	76726815	1182	-0.086
76537c73-9c3f-44db-bc92-10957f72d425	6	76730151	76742972	20	0.2863
76537c73-9c3f-44db-bc92-10957f72d425	6	76743040	78246151	965	-0.0708
76537c73-9c3f-44db-bc92-10957f72d425	6	78246837	78332056	129	0.0761
76537c73-9c3f-44db-bc92-10957f72d425	6	78332092	81743333	2273	-0.0846
76537c73-9c3f-44db-bc92-10957f72d425	6	81743437	98117974	10001	-0.4509
76537c73-9c3f-44db-bc92-10957f72d425	6	98118465	98941295	526	0.1813
76537c73-9c3f-44db-bc92-10957f72d425	6	98945735	100138603	813	-0.08
76537c73-9c3f-44db-bc92-10957f72d425	6	100144321	100628617	289	0.5964
76537c73-9c3f-44db-bc92-10957f72d425	6	100632551	101186427	284	-0.0807
76537c73-9c3f-44db-bc92-10957f72d425	6	101194018	101253722	38	0.9025
76537c73-9c3f-44db-bc92-10957f72d425	6	101260081	103286954	1243	-0.0687
76537c73-9c3f-44db-bc92-10957f72d425	6	103290101	103314186	46	0.6153
76537c73-9c3f-44db-bc92-10957f72d425	6	103317795	104385646	690	-0.0643
76537c73-9c3f-44db-bc92-10957f72d425	6	104392612	105001843	352	0.8831
76537c73-9c3f-44db-bc92-10957f72d425	6	105006903	106131598	735	1.0392
76537c73-9c3f-44db-bc92-10957f72d425	6	106132754	106154279	35	1.3917
76537c73-9c3f-44db-bc92-10957f72d425	6	106160788	106416530	171	1.626
76537c73-9c3f-44db-bc92-10957f72d425	6	106418096	106532538	74	1.3881
76537c73-9c3f-44db-bc92-10957f72d425	6	106532874	108218352	1052	1.1174
76537c73-9c3f-44db-bc92-10957f72d425	6	108222197	108842406	342	0.4884
76537c73-9c3f-44db-bc92-10957f72d425	6	108845989	110122593	812	0.1096
76537c73-9c3f-44db-bc92-10957f72d425	6	110123100	110484622	249	0.3191
76537c73-9c3f-44db-bc92-10957f72d425	6	110484988	111191291	370	0.1287
76537c73-9c3f-44db-bc92-10957f72d425	6	111196926	112114479	573	0.4902
76537c73-9c3f-44db-bc92-10957f72d425	6	112117243	116579537	2676	0.5521
76537c73-9c3f-44db-bc92-10957f72d425	6	116582372	116648672	32	0.3907
76537c73-9c3f-44db-bc92-10957f72d425	6	116654700	116868964	114	0.143
76537c73-9c3f-44db-bc92-10957f72d425	6	116871027	117009865	121	-0.1143
76537c73-9c3f-44db-bc92-10957f72d425	6	117020529	117059138	24	0.0269
76537c73-9c3f-44db-bc92-10957f72d425	6	117071048	117110220	19	0.4684
76537c73-9c3f-44db-bc92-10957f72d425	6	117110286	118991711	1126	0.1578
76537c73-9c3f-44db-bc92-10957f72d425	6	118992352	119154771	96	0.3627
76537c73-9c3f-44db-bc92-10957f72d425	6	119155070	119476523	201	0.1672
76537c73-9c3f-44db-bc92-10957f72d425	6	119476880	119478523	5	-0.4421
76537c73-9c3f-44db-bc92-10957f72d425	6	119482372	120871106	853	0.187
76537c73-9c3f-44db-bc92-10957f72d425	6	120877169	121661901	440	-0.0968
76537c73-9c3f-44db-bc92-10957f72d425	6	121665547	122181071	288	0.1915
76537c73-9c3f-44db-bc92-10957f72d425	6	122181379	122220533	25	0.6851
76537c73-9c3f-44db-bc92-10957f72d425	6	122223861	122248964	10	0.0782
76537c73-9c3f-44db-bc92-10957f72d425	6	122259299	122375807	80	0.7521
76537c73-9c3f-44db-bc92-10957f72d425	6	122382060	122917563	305	0.4009
76537c73-9c3f-44db-bc92-10957f72d425	6	122917726	122926337	16	0.6545
76537c73-9c3f-44db-bc92-10957f72d425	6	122931773	123180089	147	0.8925
76537c73-9c3f-44db-bc92-10957f72d425	6	123187883	123228254	25	0.5855
76537c73-9c3f-44db-bc92-10957f72d425	6	123230802	123435852	123	0.729
76537c73-9c3f-44db-bc92-10957f72d425	6	123438457	123515601	50	0.5877
76537c73-9c3f-44db-bc92-10957f72d425	6	123525285	125793422	1600	-0.4499
76537c73-9c3f-44db-bc92-10957f72d425	6	125797530	126307486	288	0.5624
76537c73-9c3f-44db-bc92-10957f72d425	6	126310643	126355947	20	0.2025
76537c73-9c3f-44db-bc92-10957f72d425	6	126358305	126398764	21	0.3842
76537c73-9c3f-44db-bc92-10957f72d425	6	126407013	126882974	208	0.1661
76537c73-9c3f-44db-bc92-10957f72d425	6	126891333	127142704	153	-0.0838
76537c73-9c3f-44db-bc92-10957f72d425	6	127143609	130575474	2235	0.1653
76537c73-9c3f-44db-bc92-10957f72d425	6	130575595	131263508	476	-0.1229
76537c73-9c3f-44db-bc92-10957f72d425	6	131263670	132019752	456	-0.4561
76537c73-9c3f-44db-bc92-10957f72d425	6	132021605	132355638	228	-0.0883
76537c73-9c3f-44db-bc92-10957f72d425	6	132355826	132621629	216	-0.4783
76537c73-9c3f-44db-bc92-10957f72d425	6	132623453	140875116	5482	-0.1216
76537c73-9c3f-44db-bc92-10957f72d425	6	140875976	141427942	306	-0.0386
76537c73-9c3f-44db-bc92-10957f72d425	6	141434232	148944119	4927	-0.4666
76537c73-9c3f-44db-bc92-10957f72d425	6	148944228	149080052	129	-0.1034
76537c73-9c3f-44db-bc92-10957f72d425	6	149082333	151093956	1380	0.3215
76537c73-9c3f-44db-bc92-10957f72d425	6	151095132	151232967	80	0.8102
76537c73-9c3f-44db-bc92-10957f72d425	6	151236565	151886871	471	0.3246
76537c73-9c3f-44db-bc92-10957f72d425	6	151887711	152781084	731	0.0912
76537c73-9c3f-44db-bc92-10957f72d425	6	152781964	152793586	12	0.2567
76537c73-9c3f-44db-bc92-10957f72d425	6	152793748	152948137	130	0.3565
76537c73-9c3f-44db-bc92-10957f72d425	6	152951032	153147363	131	0.5296
76537c73-9c3f-44db-bc92-10957f72d425	6	153150857	153158481	9	0.0212
76537c73-9c3f-44db-bc92-10957f72d425	6	153160921	153163564	3	-0.2988
76537c73-9c3f-44db-bc92-10957f72d425	6	153163583	153225820	45	0.1332
76537c73-9c3f-44db-bc92-10957f72d425	6	153229667	153266193	26	0.546
76537c73-9c3f-44db-bc92-10957f72d425	6	153266593	153592584	228	0.1562
76537c73-9c3f-44db-bc92-10957f72d425	6	153592760	153608704	13	0.16
76537c73-9c3f-44db-bc92-10957f72d425	6	153609955	154163349	411	1.053
76537c73-9c3f-44db-bc92-10957f72d425	6	154165709	154812608	426	0.6468
76537c73-9c3f-44db-bc92-10957f72d425	6	154823580	154971366	103	0.8811
76537c73-9c3f-44db-bc92-10957f72d425	6	154972476	155273503	199	0.5222
76537c73-9c3f-44db-bc92-10957f72d425	6	155278608	155328521	38	0.1203
76537c73-9c3f-44db-bc92-10957f72d425	6	155330206	155888825	416	0.0868
76537c73-9c3f-44db-bc92-10957f72d425	6	155892371	156663255	608	-0.4707
76537c73-9c3f-44db-bc92-10957f72d425	6	156669278	159706234	1840	0.1135
76537c73-9c3f-44db-bc92-10957f72d425	6	159714545	170741917	7887	-0.4739
76537c73-9c3f-44db-bc92-10957f72d425	7	43355	3570080	1622	0.3365
76537c73-9c3f-44db-bc92-10957f72d425	7	3570211	3585172	32	-0.2925
76537c73-9c3f-44db-bc92-10957f72d425	7	3585233	6797437	1766	0.3387
76537c73-9c3f-44db-bc92-10957f72d425	7	6799093	6824616	6	0.9331
76537c73-9c3f-44db-bc92-10957f72d425	7	6827447	8149765	1098	0.3337
76537c73-9c3f-44db-bc92-10957f72d425	7	8149964	17426102	7474	0.3821
76537c73-9c3f-44db-bc92-10957f72d425	7	17427107	17428451	2	-0.7731
76537c73-9c3f-44db-bc92-10957f72d425	7	17428835	20959067	2886	0.3745
76537c73-9c3f-44db-bc92-10957f72d425	7	20959800	35591099	10513	0.3533
76537c73-9c3f-44db-bc92-10957f72d425	7	35592990	37985905	1794	0.3164
76537c73-9c3f-44db-bc92-10957f72d425	7	37985932	43534806	3814	0.364
76537c73-9c3f-44db-bc92-10957f72d425	7	43535114	45173616	797	0.3112
76537c73-9c3f-44db-bc92-10957f72d425	7	45174700	48209721	2190	0.3697
76537c73-9c3f-44db-bc92-10957f72d425	7	48214820	49107001	622	0.584
76537c73-9c3f-44db-bc92-10957f72d425	7	49109956	49112069	4	1.7565
76537c73-9c3f-44db-bc92-10957f72d425	7	49119867	50107753	676	-0.4466
76537c73-9c3f-44db-bc92-10957f72d425	7	50107798	51089636	807	-0.5119
76537c73-9c3f-44db-bc92-10957f72d425	7	51091028	57960264	4427	-0.4338
76537c73-9c3f-44db-bc92-10957f72d425	7	57960277	62720732	94	-0.1422
76537c73-9c3f-44db-bc92-10957f72d425	7	62721010	64992758	851	-0.4117
76537c73-9c3f-44db-bc92-10957f72d425	7	64993644	65697209	246	-0.3114
76537c73-9c3f-44db-bc92-10957f72d425	7	65708754	76845084	5140	-0.4396
76537c73-9c3f-44db-bc92-10957f72d425	7	76850638	77212752	122	0.2961
76537c73-9c3f-44db-bc92-10957f72d425	7	77221681	91727941	9567	-0.448
76537c73-9c3f-44db-bc92-10957f72d425	7	91728039	91729225	7	0.4459
76537c73-9c3f-44db-bc92-10957f72d425	7	91729456	109801187	10386	-0.4598
76537c73-9c3f-44db-bc92-10957f72d425	7	109801572	109813853	10	-1.9593
76537c73-9c3f-44db-bc92-10957f72d425	7	109813925	126620696	10183	-0.4374
76537c73-9c3f-44db-bc92-10957f72d425	7	126621795	132187996	3276	-0.4793
76537c73-9c3f-44db-bc92-10957f72d425	7	132189819	132872211	543	-0.4433
76537c73-9c3f-44db-bc92-10957f72d425	7	132874513	132874595	2	-2.0385
76537c73-9c3f-44db-bc92-10957f72d425	7	132875395	134090709	727	-0.4747
76537c73-9c3f-44db-bc92-10957f72d425	7	134093676	134113805	39	-0.0328
76537c73-9c3f-44db-bc92-10957f72d425	7	134114093	140037421	3862	-0.4699
76537c73-9c3f-44db-bc92-10957f72d425	7	140039780	140046996	3	-1.6095
76537c73-9c3f-44db-bc92-10957f72d425	7	140048422	141219939	775	-0.4566
76537c73-9c3f-44db-bc92-10957f72d425	7	141220588	141220948	3	-2.2366
76537c73-9c3f-44db-bc92-10957f72d425	7	141223614	147688657	3963	-0.4413
76537c73-9c3f-44db-bc92-10957f72d425	7	147691622	157975336	6654	-0.4773
76537c73-9c3f-44db-bc92-10957f72d425	7	157975448	158324903	191	-0.3841
76537c73-9c3f-44db-bc92-10957f72d425	7	158335896	158339473	2	2.0136
76537c73-9c3f-44db-bc92-10957f72d425	7	158344294	159334314	633	-0.4184
76537c73-9c3f-44db-bc92-10957f72d425	8	81254	643041	322	0.1478
76537c73-9c3f-44db-bc92-10957f72d425	8	644944	645908	10	-0.5575
76537c73-9c3f-44db-bc92-10957f72d425	8	656117	1411964	530	0.1759
76537c73-9c3f-44db-bc92-10957f72d425	8	1412156	1419436	37	-0.1716
76537c73-9c3f-44db-bc92-10957f72d425	8	1419522	7425015	6857	0.1714
76537c73-9c3f-44db-bc92-10957f72d425	8	7433619	7886542	17	0.7355
76537c73-9c3f-44db-bc92-10957f72d425	8	7888457	12092042	3244	0.1643
76537c73-9c3f-44db-bc92-10957f72d425	8	12130217	12143614	6	1.0451
76537c73-9c3f-44db-bc92-10957f72d425	8	12176798	17426977	4411	0.1969
76537c73-9c3f-44db-bc92-10957f72d425	8	17428832	18617617	1166	0.2703
76537c73-9c3f-44db-bc92-10957f72d425	8	18617770	18621647	8	-0.2514
76537c73-9c3f-44db-bc92-10957f72d425	8	18621677	22005040	2889	0.2651
76537c73-9c3f-44db-bc92-10957f72d425	8	22005103	22527548	234	0.1885
76537c73-9c3f-44db-bc92-10957f72d425	8	22527564	23692309	734	0.124
76537c73-9c3f-44db-bc92-10957f72d425	8	23693716	24757132	750	0.1862
76537c73-9c3f-44db-bc92-10957f72d425	8	24757274	24761542	3	0.7681
76537c73-9c3f-44db-bc92-10957f72d425	8	24761573	25116928	262	0.1804
76537c73-9c3f-44db-bc92-10957f72d425	8	25116961	25126818	26	-0.4127
76537c73-9c3f-44db-bc92-10957f72d425	8	25133589	27477702	1820	0.1789
76537c73-9c3f-44db-bc92-10957f72d425	8	27477828	30303371	1879	0.1389
76537c73-9c3f-44db-bc92-10957f72d425	8	30305748	33543585	2166	0.1886
76537c73-9c3f-44db-bc92-10957f72d425	8	33552077	38430945	2640	0.2743
76537c73-9c3f-44db-bc92-10957f72d425	8	38432841	38432991	3	-1.1404
76537c73-9c3f-44db-bc92-10957f72d425	8	38433569	39372664	507	0.257
76537c73-9c3f-44db-bc92-10957f72d425	8	39372806	39529446	61	-0.0672
76537c73-9c3f-44db-bc92-10957f72d425	8	39530780	41245244	1281	0.3551
76537c73-9c3f-44db-bc92-10957f72d425	8	41250040	42650280	893	0.278
76537c73-9c3f-44db-bc92-10957f72d425	8	42652597	59046020	8373	0.3493
76537c73-9c3f-44db-bc92-10957f72d425	8	59049030	59051969	2	-0.7988
76537c73-9c3f-44db-bc92-10957f72d425	8	59052641	59128787	49	0.3526
76537c73-9c3f-44db-bc92-10957f72d425	8	59129419	59129852	5	-0.4573
76537c73-9c3f-44db-bc92-10957f72d425	8	59130571	62783308	2382	0.3387
76537c73-9c3f-44db-bc92-10957f72d425	8	62783360	65236592	1347	0.3858
76537c73-9c3f-44db-bc92-10957f72d425	8	65236689	68743700	1987	0.3403
76537c73-9c3f-44db-bc92-10957f72d425	8	68749841	69278883	363	0.4234
76537c73-9c3f-44db-bc92-10957f72d425	8	69286427	74942468	3732	0.3454
76537c73-9c3f-44db-bc92-10957f72d425	8	74951904	79615576	2737	0.3922
76537c73-9c3f-44db-bc92-10957f72d425	8	79615889	81754992	1261	0.3253
76537c73-9c3f-44db-bc92-10957f72d425	8	81755542	90963243	5227	0.3775
76537c73-9c3f-44db-bc92-10957f72d425	8	90964076	110017378	11694	0.3495
76537c73-9c3f-44db-bc92-10957f72d425	8	110019717	114513143	2447	0.4135
76537c73-9c3f-44db-bc92-10957f72d425	8	114514291	114622325	66	0.3338
76537c73-9c3f-44db-bc92-10957f72d425	8	114622424	114629502	33	-0.247
76537c73-9c3f-44db-bc92-10957f72d425	8	114638468	116641849	1261	0.3786
76537c73-9c3f-44db-bc92-10957f72d425	8	116643332	116643877	2	-0.6455
76537c73-9c3f-44db-bc92-10957f72d425	8	116649936	123087708	4494	0.3626
76537c73-9c3f-44db-bc92-10957f72d425	8	123088489	130749753	5383	0.3202
76537c73-9c3f-44db-bc92-10957f72d425	8	130750067	132229313	1125	0.3734
76537c73-9c3f-44db-bc92-10957f72d425	8	132229495	135683667	2880	0.3329
76537c73-9c3f-44db-bc92-10957f72d425	8	135686664	139591259	3264	0.3742
76537c73-9c3f-44db-bc92-10957f72d425	8	139592093	139592379	3	1.4433
76537c73-9c3f-44db-bc92-10957f72d425	8	139592400	145072769	2658	0.3354
76537c73-9c3f-44db-bc92-10957f72d425	9	46587	483018	366	0.1305
76537c73-9c3f-44db-bc92-10957f72d425	9	483429	602903	142	0.5429
76537c73-9c3f-44db-bc92-10957f72d425	9	606699	606844	2	-2.0101
76537c73-9c3f-44db-bc92-10957f72d425	9	606893	669386	131	0.542
76537c73-9c3f-44db-bc92-10957f72d425	9	670943	677957	22	-0.0063
76537c73-9c3f-44db-bc92-10957f72d425	9	677986	3562232	2948	0.1428
76537c73-9c3f-44db-bc92-10957f72d425	9	3565084	3608094	37	0.6449
76537c73-9c3f-44db-bc92-10957f72d425	9	3614170	8167323	4221	0.1212
76537c73-9c3f-44db-bc92-10957f72d425	9	8167675	16761857	7311	0.1611
76537c73-9c3f-44db-bc92-10957f72d425	9	16763686	16911837	144	-0.1263
76537c73-9c3f-44db-bc92-10957f72d425	9	16911851	20087887	2726	0.165
76537c73-9c3f-44db-bc92-10957f72d425	9	20088457	22023964	1502	0.1219
76537c73-9c3f-44db-bc92-10957f72d425	9	22024300	23363117	880	0.1695
76537c73-9c3f-44db-bc92-10957f72d425	9	23363935	23372401	6	0.8578
76537c73-9c3f-44db-bc92-10957f72d425	9	23373486	24500842	796	0.1636
76537c73-9c3f-44db-bc92-10957f72d425	9	24503818	24517684	20	-0.6022
76537c73-9c3f-44db-bc92-10957f72d425	9	24519686	26205370	1218	0.1875
76537c73-9c3f-44db-bc92-10957f72d425	9	26205606	28631111	1944	0.1387
76537c73-9c3f-44db-bc92-10957f72d425	9	28635198	30768723	1515	0.1762
76537c73-9c3f-44db-bc92-10957f72d425	9	30769405	32127884	992	-0.0837
76537c73-9c3f-44db-bc92-10957f72d425	9	32130988	34784484	1680	0.3476
76537c73-9c3f-44db-bc92-10957f72d425	9	34788849	35237020	240	-0.1332
76537c73-9c3f-44db-bc92-10957f72d425	9	35237775	35979522	356	-0.2081
76537c73-9c3f-44db-bc92-10957f72d425	9	35982868	41639988	2085	-0.1199
76537c73-9c3f-44db-bc92-10957f72d425	9	41644133	42856247	93	0.5263
76537c73-9c3f-44db-bc92-10957f72d425	9	60863881	61554116	27	-0.246
76537c73-9c3f-44db-bc92-10957f72d425	9	61557822	61600648	10	-0.7879
76537c73-9c3f-44db-bc92-10957f72d425	9	61612703	89437350	15308	-0.1019
76537c73-9c3f-44db-bc92-10957f72d425	9	89437979	93588935	2894	-0.1352
76537c73-9c3f-44db-bc92-10957f72d425	9	93591203	93591220	2	-1.2498
76537c73-9c3f-44db-bc92-10957f72d425	9	93591402	99613342	3970	-0.1288
76537c73-9c3f-44db-bc92-10957f72d425	9	99619983	100670859	537	-0.106
76537c73-9c3f-44db-bc92-10957f72d425	9	100671586	100671815	2	-1.1932
76537c73-9c3f-44db-bc92-10957f72d425	9	100675493	102079905	1064	-0.1021
76537c73-9c3f-44db-bc92-10957f72d425	9	102079950	104602221	1851	-0.0722
76537c73-9c3f-44db-bc92-10957f72d425	9	104602233	117558592	10063	-0.1158
76537c73-9c3f-44db-bc92-10957f72d425	9	117561068	120258428	2238	0.1741
76537c73-9c3f-44db-bc92-10957f72d425	9	120263132	127260193	4345	0.1201
76537c73-9c3f-44db-bc92-10957f72d425	9	127260261	133059798	3418	0.0913
76537c73-9c3f-44db-bc92-10957f72d425	9	133061625	138116749	2372	0.1281
76537c73-9c3f-44db-bc92-10957f72d425	9	138116778	138200944	37	0.2356
76537c73-9c3f-44db-bc92-10957f72d425	10	45792	4197915	3527	0.1408
76537c73-9c3f-44db-bc92-10957f72d425	10	4198530	4199213	3	-1.4579
76537c73-9c3f-44db-bc92-10957f72d425	10	4199380	6612167	2124	0.1208
76537c73-9c3f-44db-bc92-10957f72d425	10	6615813	6622192	23	-0.6417
76537c73-9c3f-44db-bc92-10957f72d425	10	6622355	8215425	1393	0.1283
76537c73-9c3f-44db-bc92-10957f72d425	10	8216067	10544727	1897	0.185
76537c73-9c3f-44db-bc92-10957f72d425	10	10544872	46525728	22721	0.1393
76537c73-9c3f-44db-bc92-10957f72d425	10	46525759	46526086	9	-0.5353
76537c73-9c3f-44db-bc92-10957f72d425	10	46526248	46560525	27	0.0649
76537c73-9c3f-44db-bc92-10957f72d425	10	46606240	46632302	5	-0.5402
76537c73-9c3f-44db-bc92-10957f72d425	10	46657149	49792548	1616	0.1205
76537c73-9c3f-44db-bc92-10957f72d425	10	49796090	49802852	5	-0.4615
76537c73-9c3f-44db-bc92-10957f72d425	10	49806996	50947571	558	0.1444
76537c73-9c3f-44db-bc92-10957f72d425	10	50947713	65548193	10525	0.1664
76537c73-9c3f-44db-bc92-10957f72d425	10	65548259	65554688	25	0.5835
76537c73-9c3f-44db-bc92-10957f72d425	10	65563037	68119952	1697	0.177
76537c73-9c3f-44db-bc92-10957f72d425	10	68121346	73743177	3531	0.1162
76537c73-9c3f-44db-bc92-10957f72d425	10	73743763	73890740	43	-0.2297
76537c73-9c3f-44db-bc92-10957f72d425	10	73892689	75756592	961	0.1104
76537c73-9c3f-44db-bc92-10957f72d425	10	75757096	86341610	7812	0.1606
76537c73-9c3f-44db-bc92-10957f72d425	10	86344979	89526507	2083	0.1146
76537c73-9c3f-44db-bc92-10957f72d425	10	89531039	95722120	3801	0.1516
76537c73-9c3f-44db-bc92-10957f72d425	10	95727844	97998854	1449	0.1121
76537c73-9c3f-44db-bc92-10957f72d425	10	98000583	99984038	1300	0.1596
76537c73-9c3f-44db-bc92-10957f72d425	10	99984554	104811302	2607	0.1072
76537c73-9c3f-44db-bc92-10957f72d425	10	104813691	105924244	840	0.1602
76537c73-9c3f-44db-bc92-10957f72d425	10	105928593	109976048	2982	0.1843
76537c73-9c3f-44db-bc92-10957f72d425	10	109976453	115690040	3947	0.1503
76537c73-9c3f-44db-bc92-10957f72d425	10	115697775	115698349	6	-0.4679
76537c73-9c3f-44db-bc92-10957f72d425	10	115698476	130395776	11126	0.1569
76537c73-9c3f-44db-bc92-10957f72d425	10	130395889	130624533	193	0.0529
76537c73-9c3f-44db-bc92-10957f72d425	10	130625651	133654968	1864	0.1426
76537c73-9c3f-44db-bc92-10957f72d425	11	198510	5762452	3230	-0.0358
76537c73-9c3f-44db-bc92-10957f72d425	11	5762693	5768371	5	-0.581
76537c73-9c3f-44db-bc92-10957f72d425	11	5768495	5772353	7	-0.0314
76537c73-9c3f-44db-bc92-10957f72d425	11	5773015	5788108	23	-0.5197
76537c73-9c3f-44db-bc92-10957f72d425	11	5788231	18822541	9320	-0.0304
76537c73-9c3f-44db-bc92-10957f72d425	11	18823521	18919309	86	-0.0025
76537c73-9c3f-44db-bc92-10957f72d425	11	18919323	18939631	36	0.2779
76537c73-9c3f-44db-bc92-10957f72d425	11	18939734	24224513	4257	-0.0053
76537c73-9c3f-44db-bc92-10957f72d425	11	24225985	24229649	6	-0.6339
76537c73-9c3f-44db-bc92-10957f72d425	11	24229716	26762040	1982	0.0152
76537c73-9c3f-44db-bc92-10957f72d425	11	26764233	37635189	7543	-0.0271
76537c73-9c3f-44db-bc92-10957f72d425	11	37635347	43236356	3738	0.0187
76537c73-9c3f-44db-bc92-10957f72d425	11	43236684	54743970	3961	-0.0457
76537c73-9c3f-44db-bc92-10957f72d425	11	54762035	54766290	3	-1.3918
76537c73-9c3f-44db-bc92-10957f72d425	11	54782119	55608804	293	-0.0321
76537c73-9c3f-44db-bc92-10957f72d425	11	55609022	55685533	51	-0.6319
76537c73-9c3f-44db-bc92-10957f72d425	11	55686100	60111427	2695	-0.022
76537c73-9c3f-44db-bc92-10957f72d425	11	60112441	65129260	2524	-0.0665
76537c73-9c3f-44db-bc92-10957f72d425	11	65129981	65902628	312	0.029
76537c73-9c3f-44db-bc92-10957f72d425	11	65903039	78400168	6272	-0.0581
76537c73-9c3f-44db-bc92-10957f72d425	11	78400178	93058607	10229	-0.0076
76537c73-9c3f-44db-bc92-10957f72d425	11	93058826	96510025	2519	-0.0435
76537c73-9c3f-44db-bc92-10957f72d425	11	96510173	107359993	7816	0.0107
76537c73-9c3f-44db-bc92-10957f72d425	11	107367930	107368402	7	-2.1651
76537c73-9c3f-44db-bc92-10957f72d425	11	107381636	116462780	6170	-0.0235
76537c73-9c3f-44db-bc92-10957f72d425	11	116462819	119636530	2106	-0.0659
76537c73-9c3f-44db-bc92-10957f72d425	11	119639593	131556517	8903	-0.0292
76537c73-9c3f-44db-bc92-10957f72d425	11	131556906	131556971	2	1.1446
76537c73-9c3f-44db-bc92-10957f72d425	11	131557143	134255523	2105	-0.0069
76537c73-9c3f-44db-bc92-10957f72d425	11	134256604	135074876	640	-0.0749
76537c73-9c3f-44db-bc92-10957f72d425	12	51460	1547016	879	0.1653
76537c73-9c3f-44db-bc92-10957f72d425	12	1547195	8191365	4657	-0.135
76537c73-9c3f-44db-bc92-10957f72d425	12	8194012	8204911	3	-0.0006
76537c73-9c3f-44db-bc92-10957f72d425	12	8209454	8220161	9	0.5902
76537c73-9c3f-44db-bc92-10957f72d425	12	8241232	8428232	67	0.052
76537c73-9c3f-44db-bc92-10957f72d425	12	8428347	9477960	561	-0.1365
76537c73-9c3f-44db-bc92-10957f72d425	12	9481274	9562969	23	0.8542
76537c73-9c3f-44db-bc92-10957f72d425	12	9575696	11070111	1040	-0.1349
76537c73-9c3f-44db-bc92-10957f72d425	12	11072090	11104230	10	0.3168
76537c73-9c3f-44db-bc92-10957f72d425	12	11107676	11650189	332	-0.113
76537c73-9c3f-44db-bc92-10957f72d425	12	11650244	11655858	12	0.0646
76537c73-9c3f-44db-bc92-10957f72d425	12	11657349	11863155	297	0.4325
76537c73-9c3f-44db-bc92-10957f72d425	12	11866031	11906518	64	0.2439
76537c73-9c3f-44db-bc92-10957f72d425	12	11906906	11980869	38	0.3908
76537c73-9c3f-44db-bc92-10957f72d425	12	11981593	15732427	2606	-0.1148
76537c73-9c3f-44db-bc92-10957f72d425	12	15733050	16154480	247	0.2338
76537c73-9c3f-44db-bc92-10957f72d425	12	16155061	16395358	179	-0.1335
76537c73-9c3f-44db-bc92-10957f72d425	12	16398232	16768808	264	0.5407
76537c73-9c3f-44db-bc92-10957f72d425	12	16773431	18384734	936	-0.0801
76537c73-9c3f-44db-bc92-10957f72d425	12	18387237	19396066	632	0.3237
76537c73-9c3f-44db-bc92-10957f72d425	12	19396166	20142171	557	0.2245
76537c73-9c3f-44db-bc92-10957f72d425	12	20142808	20202850	35	0.3313
76537c73-9c3f-44db-bc92-10957f72d425	12	20203333	20483448	183	0.4668
76537c73-9c3f-44db-bc92-10957f72d425	12	20485365	20991368	300	0.2907
76537c73-9c3f-44db-bc92-10957f72d425	12	20991497	20991572	3	-0.6003
76537c73-9c3f-44db-bc92-10957f72d425	12	20991608	22086364	740	0.3078
76537c73-9c3f-44db-bc92-10957f72d425	12	22090581	22090627	2	-1.0186
76537c73-9c3f-44db-bc92-10957f72d425	12	22090727	23792798	1155	0.2864
76537c73-9c3f-44db-bc92-10957f72d425	12	23793212	24177265	263	-0.0842
76537c73-9c3f-44db-bc92-10957f72d425	12	24181603	26088146	1566	0.7738
76537c73-9c3f-44db-bc92-10957f72d425	12	26088194	26585326	366	0.911
76537c73-9c3f-44db-bc92-10957f72d425	12	26585327	26591473	3	0.0597
76537c73-9c3f-44db-bc92-10957f72d425	12	26594868	26625881	26	0.9311
76537c73-9c3f-44db-bc92-10957f72d425	12	26626318	27643504	690	0.7292
76537c73-9c3f-44db-bc92-10957f72d425	12	27644972	29769614	1533	0.9292
76537c73-9c3f-44db-bc92-10957f72d425	12	29770092	30166214	349	0.7505
76537c73-9c3f-44db-bc92-10957f72d425	12	30166447	31934752	1294	0.6497
76537c73-9c3f-44db-bc92-10957f72d425	12	31941850	32913916	701	0.7229
76537c73-9c3f-44db-bc92-10957f72d425	12	32918356	33272747	273	0.9122
76537c73-9c3f-44db-bc92-10957f72d425	12	33274766	33877091	402	0.6569
76537c73-9c3f-44db-bc92-10957f72d425	12	33878038	37535437	322	0.2739
76537c73-9c3f-44db-bc92-10957f72d425	12	37540704	45505721	4780	0.153
76537c73-9c3f-44db-bc92-10957f72d425	12	45506042	45741029	158	0.2807
76537c73-9c3f-44db-bc92-10957f72d425	12	45742000	45751717	3	0.4121
76537c73-9c3f-44db-bc92-10957f72d425	12	45754962	45838221	38	0.6642
76537c73-9c3f-44db-bc92-10957f72d425	12	45839504	46030068	86	0.8602
76537c73-9c3f-44db-bc92-10957f72d425	12	46041908	46201454	134	0.4973
76537c73-9c3f-44db-bc92-10957f72d425	12	46204694	47286928	629	0.3769
76537c73-9c3f-44db-bc92-10957f72d425	12	47290028	47532895	159	0.296
76537c73-9c3f-44db-bc92-10957f72d425	12	47533712	48331259	515	0.0766
76537c73-9c3f-44db-bc92-10957f72d425	12	48331456	48331632	3	-1.7326
76537c73-9c3f-44db-bc92-10957f72d425	12	48336253	50079049	810	0.0459
76537c73-9c3f-44db-bc92-10957f72d425	12	50079594	51157367	517	0.4277
76537c73-9c3f-44db-bc92-10957f72d425	12	51161328	51300915	70	0.0315
76537c73-9c3f-44db-bc92-10957f72d425	12	51309130	53358908	1415	0.3195
76537c73-9c3f-44db-bc92-10957f72d425	12	53360937	53468055	39	0.2186
76537c73-9c3f-44db-bc92-10957f72d425	12	53469537	53834639	212	0.0021
76537c73-9c3f-44db-bc92-10957f72d425	12	53837243	53837375	2	-1.2328
76537c73-9c3f-44db-bc92-10957f72d425	12	53837753	54971436	593	0.0423
76537c73-9c3f-44db-bc92-10957f72d425	12	54971551	55078781	92	0.1702
76537c73-9c3f-44db-bc92-10957f72d425	12	55079984	55081308	2	-0.3808
76537c73-9c3f-44db-bc92-10957f72d425	12	55088108	55620370	354	0.4418
76537c73-9c3f-44db-bc92-10957f72d425	12	55620985	56787478	552	0.2516
76537c73-9c3f-44db-bc92-10957f72d425	12	56799657	57063053	169	0.0356
76537c73-9c3f-44db-bc92-10957f72d425	12	57067649	57096913	12	1.0674
76537c73-9c3f-44db-bc92-10957f72d425	12	57100577	57124882	14	0.2288
76537c73-9c3f-44db-bc92-10957f72d425	12	57126948	58494801	809	0.0795
76537c73-9c3f-44db-bc92-10957f72d425	12	58495540	59142684	499	0.2437
76537c73-9c3f-44db-bc92-10957f72d425	12	59143558	59267333	83	0.3497
76537c73-9c3f-44db-bc92-10957f72d425	12	59269886	59869445	368	0.4773
76537c73-9c3f-44db-bc92-10957f72d425	12	59875380	59916082	26	0.3368
76537c73-9c3f-44db-bc92-10957f72d425	12	59918882	60238652	191	0.2352
76537c73-9c3f-44db-bc92-10957f72d425	12	60240427	60791399	296	0.1082
76537c73-9c3f-44db-bc92-10957f72d425	12	60796236	60999831	97	-0.0704
76537c73-9c3f-44db-bc92-10957f72d425	12	61001463	61082317	51	0.2276
76537c73-9c3f-44db-bc92-10957f72d425	12	61085368	61105015	8	0.0083
76537c73-9c3f-44db-bc92-10957f72d425	12	61105795	64142345	1924	-0.1109
76537c73-9c3f-44db-bc92-10957f72d425	12	64147507	64871997	391	0.0303
76537c73-9c3f-44db-bc92-10957f72d425	12	64873485	65092534	153	0.2747
76537c73-9c3f-44db-bc92-10957f72d425	12	65092687	65504550	196	0.0804
76537c73-9c3f-44db-bc92-10957f72d425	12	65505394	66194411	416	0.2862
76537c73-9c3f-44db-bc92-10957f72d425	12	66195056	66369387	125	0.6416
76537c73-9c3f-44db-bc92-10957f72d425	12	66369770	66573767	150	0.7563
76537c73-9c3f-44db-bc92-10957f72d425	12	66574521	66614487	40	0.9391
76537c73-9c3f-44db-bc92-10957f72d425	12	66617790	66796362	136	1.1449
76537c73-9c3f-44db-bc92-10957f72d425	12	66797034	67152516	308	1.3105
76537c73-9c3f-44db-bc92-10957f72d425	12	67152856	67251467	64	1.1332
76537c73-9c3f-44db-bc92-10957f72d425	12	67258538	67569459	228	0.8392
76537c73-9c3f-44db-bc92-10957f72d425	12	67576149	67621593	58	1.0008
76537c73-9c3f-44db-bc92-10957f72d425	12	67626311	67626624	2	0.3771
76537c73-9c3f-44db-bc92-10957f72d425	12	67626760	67774273	74	0.0757
76537c73-9c3f-44db-bc92-10957f72d425	12	67774550	68359117	512	-0.1638
76537c73-9c3f-44db-bc92-10957f72d425	12	68360069	68690346	201	0.5778
76537c73-9c3f-44db-bc92-10957f72d425	12	68704177	68839435	103	1.302
76537c73-9c3f-44db-bc92-10957f72d425	12	68839678	69593854	496	1.6177
76537c73-9c3f-44db-bc92-10957f72d425	12	69595762	69677298	80	1.3865
76537c73-9c3f-44db-bc92-10957f72d425	12	69677974	70051302	273	1.2271
76537c73-9c3f-44db-bc92-10957f72d425	12	70052336	70195951	86	1.3373
76537c73-9c3f-44db-bc92-10957f72d425	12	70206762	70794110	414	1.614
76537c73-9c3f-44db-bc92-10957f72d425	12	70803177	71165089	258	1.3965
76537c73-9c3f-44db-bc92-10957f72d425	12	71167104	71581421	265	1.6017
76537c73-9c3f-44db-bc92-10957f72d425	12	71583635	72063078	295	1.2954
76537c73-9c3f-44db-bc92-10957f72d425	12	72071277	72554682	278	1.4128
76537c73-9c3f-44db-bc92-10957f72d425	12	72555075	72893813	201	1.2591
76537c73-9c3f-44db-bc92-10957f72d425	12	72893830	72957467	39	1.7343
76537c73-9c3f-44db-bc92-10957f72d425	12	72957542	73014717	56	1.4648
76537c73-9c3f-44db-bc92-10957f72d425	12	73014883	73018442	7	1.8949
76537c73-9c3f-44db-bc92-10957f72d425	12	73018649	73072309	41	1.2388
76537c73-9c3f-44db-bc92-10957f72d425	12	73075717	73095773	10	0.0863
76537c73-9c3f-44db-bc92-10957f72d425	12	73101052	73147544	35	0.9355
76537c73-9c3f-44db-bc92-10957f72d425	12	73158632	73939482	419	-0.0681
76537c73-9c3f-44db-bc92-10957f72d425	12	73941492	73941576	2	2.0937
76537c73-9c3f-44db-bc92-10957f72d425	12	73943498	74719704	434	0.8135
76537c73-9c3f-44db-bc92-10957f72d425	12	74726337	75223981	345	1.0267
76537c73-9c3f-44db-bc92-10957f72d425	12	75224298	75810950	388	0.8964
76537c73-9c3f-44db-bc92-10957f72d425	12	75813983	76298636	335	0.1167
76537c73-9c3f-44db-bc92-10957f72d425	12	76302356	76569882	127	0.8544
76537c73-9c3f-44db-bc92-10957f72d425	12	76579860	76635306	29	0.4393
76537c73-9c3f-44db-bc92-10957f72d425	12	76639459	76688507	32	0.6171
76537c73-9c3f-44db-bc92-10957f72d425	12	76688561	76828033	95	0.3441
76537c73-9c3f-44db-bc92-10957f72d425	12	76829257	77405636	399	0.1476
76537c73-9c3f-44db-bc92-10957f72d425	12	77406429	78228421	675	0.524
76537c73-9c3f-44db-bc92-10957f72d425	12	78229204	79344135	707	0.3732
76537c73-9c3f-44db-bc92-10957f72d425	12	79347682	80221089	490	0.168
76537c73-9c3f-44db-bc92-10957f72d425	12	80222796	80306284	41	0.8024
76537c73-9c3f-44db-bc92-10957f72d425	12	80318317	81648987	883	0.1534
76537c73-9c3f-44db-bc92-10957f72d425	12	81651873	82203207	336	0.377
76537c73-9c3f-44db-bc92-10957f72d425	12	82203533	84919823	1703	0.1751
76537c73-9c3f-44db-bc92-10957f72d425	12	84922014	85282917	160	0.8
76537c73-9c3f-44db-bc92-10957f72d425	12	85285218	85467913	98	1.0669
76537c73-9c3f-44db-bc92-10957f72d425	12	85469656	86151178	407	0.9097
76537c73-9c3f-44db-bc92-10957f72d425	12	86152900	86435245	151	0.1891
76537c73-9c3f-44db-bc92-10957f72d425	12	86435291	86447964	6	-0.2686
76537c73-9c3f-44db-bc92-10957f72d425	12	86452005	86561888	54	0.9016
76537c73-9c3f-44db-bc92-10957f72d425	12	86573062	86600951	10	-0.071
76537c73-9c3f-44db-bc92-10957f72d425	12	86604562	86635204	12	0.9298
76537c73-9c3f-44db-bc92-10957f72d425	12	86638008	87210307	294	-0.0805
76537c73-9c3f-44db-bc92-10957f72d425	12	87215650	87370082	111	0.9975
76537c73-9c3f-44db-bc92-10957f72d425	12	87376690	87522713	118	1.2425
76537c73-9c3f-44db-bc92-10957f72d425	12	87526445	87829948	144	1.0575
76537c73-9c3f-44db-bc92-10957f72d425	12	87833617	88227440	217	0.8609
76537c73-9c3f-44db-bc92-10957f72d425	12	88227682	88729790	299	0.7216
76537c73-9c3f-44db-bc92-10957f72d425	12	88731061	88937605	121	1.0432
76537c73-9c3f-44db-bc92-10957f72d425	12	88938550	90144978	736	0.8245
76537c73-9c3f-44db-bc92-10957f72d425	12	90145287	90400110	174	1.0388
76537c73-9c3f-44db-bc92-10957f72d425	12	90403466	91144327	474	1.1783
76537c73-9c3f-44db-bc92-10957f72d425	12	91149751	91252778	66	1.0683
76537c73-9c3f-44db-bc92-10957f72d425	12	91252865	91547716	201	0.9149
76537c73-9c3f-44db-bc92-10957f72d425	12	91550327	92395153	596	0.7939
76537c73-9c3f-44db-bc92-10957f72d425	12	92395621	92987492	404	0.9449
76537c73-9c3f-44db-bc92-10957f72d425	12	92990367	95397776	1690	-0.1461
76537c73-9c3f-44db-bc92-10957f72d425	12	95397849	103397704	5290	-0.108
76537c73-9c3f-44db-bc92-10957f72d425	12	103397717	113256026	6404	-0.1401
76537c73-9c3f-44db-bc92-10957f72d425	12	113258153	120183829	5157	-0.1156
76537c73-9c3f-44db-bc92-10957f72d425	12	120184883	125234542	2543	-0.1497
76537c73-9c3f-44db-bc92-10957f72d425	12	125240048	126412399	1020	-0.0802
76537c73-9c3f-44db-bc92-10957f72d425	12	126416000	133201603	5139	-0.1325
76537c73-9c3f-44db-bc92-10957f72d425	13	18452809	18675464	36	-0.4388
76537c73-9c3f-44db-bc92-10957f72d425	13	18679190	18913643	88	-0.2346
76537c73-9c3f-44db-bc92-10957f72d425	13	18919823	22543678	2380	-0.4483
76537c73-9c3f-44db-bc92-10957f72d425	13	22546359	22700967	114	0.3524
76537c73-9c3f-44db-bc92-10957f72d425	13	22703355	26093257	2515	-0.4574
76537c73-9c3f-44db-bc92-10957f72d425	13	26095316	26788038	505	0.1325
76537c73-9c3f-44db-bc92-10957f72d425	13	26791450	26858651	68	0.7898
76537c73-9c3f-44db-bc92-10957f72d425	13	26859111	27403500	436	0.7176
76537c73-9c3f-44db-bc92-10957f72d425	13	27403771	27635019	165	0.4518
76537c73-9c3f-44db-bc92-10957f72d425	13	27635872	28472190	635	0.6614
76537c73-9c3f-44db-bc92-10957f72d425	13	28472725	29452798	742	0.8471
76537c73-9c3f-44db-bc92-10957f72d425	13	29453744	29658340	171	1.0318
76537c73-9c3f-44db-bc92-10957f72d425	13	29662096	29998096	242	1.2177
76537c73-9c3f-44db-bc92-10957f72d425	13	29998247	31118904	907	1.3395
76537c73-9c3f-44db-bc92-10957f72d425	13	31119225	33386604	1684	0.9019
76537c73-9c3f-44db-bc92-10957f72d425	13	33394188	33623167	118	1.1378
76537c73-9c3f-44db-bc92-10957f72d425	13	33624300	34034618	337	0.9542
76537c73-9c3f-44db-bc92-10957f72d425	13	34039331	35621229	981	0.7324
76537c73-9c3f-44db-bc92-10957f72d425	13	35625952	36262437	511	0.9501
76537c73-9c3f-44db-bc92-10957f72d425	13	36264726	37629290	987	1.0424
76537c73-9c3f-44db-bc92-10957f72d425	13	37630715	53298052	10230	-0.4487
76537c73-9c3f-44db-bc92-10957f72d425	13	53301303	55528631	1365	-0.4093
76537c73-9c3f-44db-bc92-10957f72d425	13	55530814	55541240	4	-1.4047
76537c73-9c3f-44db-bc92-10957f72d425	13	55546538	62387834	3949	-0.4025
76537c73-9c3f-44db-bc92-10957f72d425	13	62388777	62389467	3	-1.8411
76537c73-9c3f-44db-bc92-10957f72d425	13	62393055	62721284	137	-0.4059
76537c73-9c3f-44db-bc92-10957f72d425	13	62721577	62722122	2	-2.578
76537c73-9c3f-44db-bc92-10957f72d425	13	62722748	63693804	572	-0.3905
76537c73-9c3f-44db-bc92-10957f72d425	13	63694848	63702112	3	0.9712
76537c73-9c3f-44db-bc92-10957f72d425	13	63704999	71419747	4889	-0.4076
76537c73-9c3f-44db-bc92-10957f72d425	13	71420413	71425830	4	-1.6477
76537c73-9c3f-44db-bc92-10957f72d425	13	71432456	73151265	1151	-0.4132
76537c73-9c3f-44db-bc92-10957f72d425	13	73151356	80841682	5364	-0.4462
76537c73-9c3f-44db-bc92-10957f72d425	13	80841783	94047181	8223	-0.4044
76537c73-9c3f-44db-bc92-10957f72d425	13	94047354	98385330	2871	-0.4344
76537c73-9c3f-44db-bc92-10957f72d425	13	98385576	99686107	879	-0.4978
76537c73-9c3f-44db-bc92-10957f72d425	13	99686908	104622413	3883	-0.4303
76537c73-9c3f-44db-bc92-10957f72d425	13	104622617	104635475	11	0.1082
76537c73-9c3f-44db-bc92-10957f72d425	13	104636143	106730287	1706	-0.4526
76537c73-9c3f-44db-bc92-10957f72d425	13	106731890	106732362	2	-2.1255
76537c73-9c3f-44db-bc92-10957f72d425	13	106732887	110516141	3117	-0.4441
76537c73-9c3f-44db-bc92-10957f72d425	13	110516375	111434216	652	-0.1183
76537c73-9c3f-44db-bc92-10957f72d425	13	111434231	112191708	434	-0.4618
76537c73-9c3f-44db-bc92-10957f72d425	13	112197916	114062415	938	-0.1086
76537c73-9c3f-44db-bc92-10957f72d425	13	114071975	114304639	111	0.1583
76537c73-9c3f-44db-bc92-10957f72d425	13	114309223	114342922	18	-0.3113
76537c73-9c3f-44db-bc92-10957f72d425	14	18239283	19197351	40	0.0064
76537c73-9c3f-44db-bc92-10957f72d425	14	19203845	19955213	127	0.8401
76537c73-9c3f-44db-bc92-10957f72d425	14	19956767	21913580	1326	0.1501
76537c73-9c3f-44db-bc92-10957f72d425	14	21913900	22535852	562	0.2927
76537c73-9c3f-44db-bc92-10957f72d425	14	22536839	24856311	1390	0.1115
76537c73-9c3f-44db-bc92-10957f72d425	14	24859192	34957568	6491	0.168
76537c73-9c3f-44db-bc92-10957f72d425	14	34959789	34960540	3	-0.7442
76537c73-9c3f-44db-bc92-10957f72d425	14	34965212	37659826	1677	0.1526
76537c73-9c3f-44db-bc92-10957f72d425	14	37665374	37668971	4	-0.6672
76537c73-9c3f-44db-bc92-10957f72d425	14	37669965	41139155	2149	0.161
76537c73-9c3f-44db-bc92-10957f72d425	14	41141293	41188046	14	-0.3342
76537c73-9c3f-44db-bc92-10957f72d425	14	41188146	49731377	5020	0.1777
76537c73-9c3f-44db-bc92-10957f72d425	14	49732962	61925983	8040	0.1356
76537c73-9c3f-44db-bc92-10957f72d425	14	61926505	63205286	880	0.1912
76537c73-9c3f-44db-bc92-10957f72d425	14	63212204	79157093	10254	0.1236
76537c73-9c3f-44db-bc92-10957f72d425	14	79157374	87921589	5778	0.1802
76537c73-9c3f-44db-bc92-10957f72d425	14	87922678	106877229	11665	0.1266
76537c73-9c3f-44db-bc92-10957f72d425	15	19811075	22227530	180	-0.4403
76537c73-9c3f-44db-bc92-10957f72d425	15	22228782	28922530	3849	-0.7447
76537c73-9c3f-44db-bc92-10957f72d425	15	28924365	28944472	14	-0.1105
76537c73-9c3f-44db-bc92-10957f72d425	15	28945218	30201158	788	-0.7686
76537c73-9c3f-44db-bc92-10957f72d425	15	30215220	30488460	25	-0.4301
76537c73-9c3f-44db-bc92-10957f72d425	15	30500366	31453165	500	-0.036
76537c73-9c3f-44db-bc92-10957f72d425	15	31455031	32723005	674	-0.7464
76537c73-9c3f-44db-bc92-10957f72d425	15	32725086	34195979	1256	-0.9736
76537c73-9c3f-44db-bc92-10957f72d425	15	34207498	34430601	134	1.2462
76537c73-9c3f-44db-bc92-10957f72d425	15	34431231	34434988	4	0.578
76537c73-9c3f-44db-bc92-10957f72d425	15	34435421	34447720	9	1.3825
76537c73-9c3f-44db-bc92-10957f72d425	15	34453518	34455142	4	2.2854
76537c73-9c3f-44db-bc92-10957f72d425	15	34455921	34800842	271	1.4447
76537c73-9c3f-44db-bc92-10957f72d425	15	34801031	35080512	164	1.2445
76537c73-9c3f-44db-bc92-10957f72d425	15	35084616	36106459	716	0.701
76537c73-9c3f-44db-bc92-10957f72d425	15	36107044	38408934	1556	-0.895
76537c73-9c3f-44db-bc92-10957f72d425	15	38410913	38529367	78	0.1462
76537c73-9c3f-44db-bc92-10957f72d425	15	38530591	38673578	102	-0.1154
76537c73-9c3f-44db-bc92-10957f72d425	15	38676021	39341564	609	-0.4147
76537c73-9c3f-44db-bc92-10957f72d425	15	39341752	39448496	75	-0.9241
76537c73-9c3f-44db-bc92-10957f72d425	15	39450165	39542236	82	0.1966
76537c73-9c3f-44db-bc92-10957f72d425	15	39546650	39618203	52	-0.1318
76537c73-9c3f-44db-bc92-10957f72d425	15	39618873	40621010	590	0.667
76537c73-9c3f-44db-bc92-10957f72d425	15	40623696	40990173	168	0.8395
76537c73-9c3f-44db-bc92-10957f72d425	15	40994228	41106677	52	0.6087
76537c73-9c3f-44db-bc92-10957f72d425	15	41107220	41343317	85	0.4464
76537c73-9c3f-44db-bc92-10957f72d425	15	41343791	41938402	290	0.2555
76537c73-9c3f-44db-bc92-10957f72d425	15	41944028	42020694	59	0.4573
76537c73-9c3f-44db-bc92-10957f72d425	15	42031437	42882850	467	-0.927
76537c73-9c3f-44db-bc92-10957f72d425	15	42884048	43094576	91	-0.4036
76537c73-9c3f-44db-bc92-10957f72d425	15	43094847	45953816	1330	-0.0601
76537c73-9c3f-44db-bc92-10957f72d425	15	45957519	46515193	346	-0.2685
76537c73-9c3f-44db-bc92-10957f72d425	15	46521712	48093233	1136	-0.0524
76537c73-9c3f-44db-bc92-10957f72d425	15	48095152	48358721	132	0.3487
76537c73-9c3f-44db-bc92-10957f72d425	15	48359135	48531573	119	0.1813
76537c73-9c3f-44db-bc92-10957f72d425	15	48531818	48543738	8	-0.1251
76537c73-9c3f-44db-bc92-10957f72d425	15	48544156	48599805	44	0.1266
76537c73-9c3f-44db-bc92-10957f72d425	15	48600178	48722998	95	0.0486
76537c73-9c3f-44db-bc92-10957f72d425	15	48724827	50147568	841	-0.165
76537c73-9c3f-44db-bc92-10957f72d425	15	50147756	50945152	387	-0.3855
76537c73-9c3f-44db-bc92-10957f72d425	15	50945521	51189725	148	-0.1382
76537c73-9c3f-44db-bc92-10957f72d425	15	51194959	53220613	1334	-0.408
76537c73-9c3f-44db-bc92-10957f72d425	15	53221352	53422715	164	-1.0029
76537c73-9c3f-44db-bc92-10957f72d425	15	53423600	57421553	2592	-0.9069
76537c73-9c3f-44db-bc92-10957f72d425	15	57422861	60169812	2082	-0.9931
76537c73-9c3f-44db-bc92-10957f72d425	15	60172813	95046584	22752	-0.1306
76537c73-9c3f-44db-bc92-10957f72d425	15	95047940	97705251	1935	-0.0806
76537c73-9c3f-44db-bc92-10957f72d425	15	97705293	101928837	3132	-0.1204
76537c73-9c3f-44db-bc92-10957f72d425	16	10777	1299186	432	0.1701
76537c73-9c3f-44db-bc92-10957f72d425	16	1299208	4748071	1553	0.1003
76537c73-9c3f-44db-bc92-10957f72d425	16	4755695	6590693	1864	0.1619
76537c73-9c3f-44db-bc92-10957f72d425	16	6591013	7361732	995	0.1089
76537c73-9c3f-44db-bc92-10957f72d425	16	7361769	10514486	3074	0.1577
76537c73-9c3f-44db-bc92-10957f72d425	16	10514545	12582951	1544	0.1069
76537c73-9c3f-44db-bc92-10957f72d425	16	12583219	14965488	1681	0.1598
76537c73-9c3f-44db-bc92-10957f72d425	16	14965876	14965891	2	1.2353
76537c73-9c3f-44db-bc92-10957f72d425	16	14966829	16268505	608	0.1855
76537c73-9c3f-44db-bc92-10957f72d425	16	16269368	16474343	9	-0.4041
76537c73-9c3f-44db-bc92-10957f72d425	16	16491407	18335528	1015	0.1629
76537c73-9c3f-44db-bc92-10957f72d425	16	18540265	18545889	3	1.0436
76537c73-9c3f-44db-bc92-10957f72d425	16	18583078	28742130	6127	0.1399
76537c73-9c3f-44db-bc92-10957f72d425	16	28752527	28813331	3	-0.8371
76537c73-9c3f-44db-bc92-10957f72d425	16	28813550	46463450	1567	0.1369
76537c73-9c3f-44db-bc92-10957f72d425	16	46469294	49253454	1485	-0.4302
76537c73-9c3f-44db-bc92-10957f72d425	16	49254172	49254275	2	-1.9522
76537c73-9c3f-44db-bc92-10957f72d425	16	49256215	55762682	4975	-0.4458
76537c73-9c3f-44db-bc92-10957f72d425	16	55764310	55764867	3	2.2026
76537c73-9c3f-44db-bc92-10957f72d425	16	55770436	55775554	7	0.2867
76537c73-9c3f-44db-bc92-10957f72d425	16	55776109	58560331	1689	-0.4826
76537c73-9c3f-44db-bc92-10957f72d425	16	58561308	65289846	4491	-0.4028
76537c73-9c3f-44db-bc92-10957f72d425	16	65290185	75489514	5521	-0.4527
76537c73-9c3f-44db-bc92-10957f72d425	16	75490811	77041770	1212	-0.3968
76537c73-9c3f-44db-bc92-10957f72d425	16	77042717	78337711	1376	-0.4492
76537c73-9c3f-44db-bc92-10957f72d425	16	78338543	78350868	17	0.1147
76537c73-9c3f-44db-bc92-10957f72d425	16	78351104	80942464	3044	-0.4543
76537c73-9c3f-44db-bc92-10957f72d425	16	80945536	80946392	2	-2.5746
76537c73-9c3f-44db-bc92-10957f72d425	16	80946540	88862825	7004	-0.4699
76537c73-9c3f-44db-bc92-10957f72d425	16	88863335	90096867	554	-0.3687
76537c73-9c3f-44db-bc92-10957f72d425	17	150733	10439061	6062	-0.4791
76537c73-9c3f-44db-bc92-10957f72d425	17	10444831	10453499	3	-1.788
76537c73-9c3f-44db-bc92-10957f72d425	17	10453867	18410516	5324	-0.4559
76537c73-9c3f-44db-bc92-10957f72d425	17	18413799	18593989	35	-0.13
76537c73-9c3f-44db-bc92-10957f72d425	17	18596118	22057409	1251	-0.4381
76537c73-9c3f-44db-bc92-10957f72d425	17	22058829	26943774	223	0.116
76537c73-9c3f-44db-bc92-10957f72d425	17	26947350	27061802	41	0.7803
76537c73-9c3f-44db-bc92-10957f72d425	17	27063424	27128903	39	1.049
76537c73-9c3f-44db-bc92-10957f72d425	17	27135382	28205652	602	1.298
76537c73-9c3f-44db-bc92-10957f72d425	17	28205828	28911082	262	1.4479
76537c73-9c3f-44db-bc92-10957f72d425	17	28912294	28991843	40	2.1698
76537c73-9c3f-44db-bc92-10957f72d425	17	28992152	29086385	62	1.8163
76537c73-9c3f-44db-bc92-10957f72d425	17	29089733	29794148	313	2.3642
76537c73-9c3f-44db-bc92-10957f72d425	17	29803539	30358931	235	1.8984
76537c73-9c3f-44db-bc92-10957f72d425	17	30360178	30411620	30	1.631
76537c73-9c3f-44db-bc92-10957f72d425	17	30416376	37631884	4553	-0.4712
76537c73-9c3f-44db-bc92-10957f72d425	17	37637540	38262539	198	1.747
76537c73-9c3f-44db-bc92-10957f72d425	17	38268986	39692350	634	2.2113
76537c73-9c3f-44db-bc92-10957f72d425	17	39694457	39695391	7	3.3028
76537c73-9c3f-44db-bc92-10957f72d425	17	39695588	39877180	147	2.1509
76537c73-9c3f-44db-bc92-10957f72d425	17	39884459	40373855	200	1.6968
76537c73-9c3f-44db-bc92-10957f72d425	17	40380731	40691334	169	1.9134
76537c73-9c3f-44db-bc92-10957f72d425	17	40691759	40869381	119	1.6188
76537c73-9c3f-44db-bc92-10957f72d425	17	40873495	41273921	283	-0.4974
76537c73-9c3f-44db-bc92-10957f72d425	17	41273934	41274198	2	-2.5866
76537c73-9c3f-44db-bc92-10957f72d425	17	41274279	42806606	819	-0.4715
76537c73-9c3f-44db-bc92-10957f72d425	17	42809960	43322294	278	0.2752
76537c73-9c3f-44db-bc92-10957f72d425	17	43338154	46136346	1439	-0.4558
76537c73-9c3f-44db-bc92-10957f72d425	17	46136800	46687628	94	-0.1977
76537c73-9c3f-44db-bc92-10957f72d425	17	46707286	47472252	403	-0.4755
76537c73-9c3f-44db-bc92-10957f72d425	17	47472901	47566788	24	0.1164
76537c73-9c3f-44db-bc92-10957f72d425	17	47567440	52088849	2565	-0.4777
76537c73-9c3f-44db-bc92-10957f72d425	17	52089370	52121270	35	0.3351
76537c73-9c3f-44db-bc92-10957f72d425	17	52124186	52138521	13	-0.5315
76537c73-9c3f-44db-bc92-10957f72d425	17	52141726	52878109	534	0.3971
76537c73-9c3f-44db-bc92-10957f72d425	17	52881400	54052363	767	-0.4546
76537c73-9c3f-44db-bc92-10957f72d425	17	54054996	54079636	16	1.8905
76537c73-9c3f-44db-bc92-10957f72d425	17	54081432	54087580	4	-0.447
76537c73-9c3f-44db-bc92-10957f72d425	17	54092172	54199508	57	1.8135
76537c73-9c3f-44db-bc92-10957f72d425	17	54200889	54464479	121	-0.4035
76537c73-9c3f-44db-bc92-10957f72d425	17	54471092	54665612	125	0.4081
76537c73-9c3f-44db-bc92-10957f72d425	17	54668905	56357356	1372	-0.4565
76537c73-9c3f-44db-bc92-10957f72d425	17	56359683	56391008	26	0.3569
76537c73-9c3f-44db-bc92-10957f72d425	17	56391826	57110834	533	-0.497
76537c73-9c3f-44db-bc92-10957f72d425	17	57111012	58430695	930	0.3049
76537c73-9c3f-44db-bc92-10957f72d425	17	58432504	58644020	98	-0.4704
76537c73-9c3f-44db-bc92-10957f72d425	17	58650977	59886435	556	0.3074
76537c73-9c3f-44db-bc92-10957f72d425	17	59890185	60421102	232	-0.4408
76537c73-9c3f-44db-bc92-10957f72d425	17	60424900	65928420	2762	0.3184
76537c73-9c3f-44db-bc92-10957f72d425	17	65928669	69952941	2561	-0.4724
76537c73-9c3f-44db-bc92-10957f72d425	17	69956539	71997433	1642	-0.4282
76537c73-9c3f-44db-bc92-10957f72d425	17	71998309	83091923	6172	-0.4832
76537c73-9c3f-44db-bc92-10957f72d425	18	48133	122470	13	0.12
76537c73-9c3f-44db-bc92-10957f72d425	18	136240	13281866	9426	-0.1683
76537c73-9c3f-44db-bc92-10957f72d425	18	13284987	14304902	646	0.104
76537c73-9c3f-44db-bc92-10957f72d425	18	14318060	44386978	15079	-0.429
76537c73-9c3f-44db-bc92-10957f72d425	18	44389831	50247782	4082	-0.4654
76537c73-9c3f-44db-bc92-10957f72d425	18	50250842	71412016	14910	-0.4365
76537c73-9c3f-44db-bc92-10957f72d425	18	71412112	77170422	4551	-0.4792
76537c73-9c3f-44db-bc92-10957f72d425	18	77170608	80257174	2019	-0.4427
76537c73-9c3f-44db-bc92-10957f72d425	19	90910	258084	7	0.2076
76537c73-9c3f-44db-bc92-10957f72d425	19	260912	5510228	1583	-0.1468
76537c73-9c3f-44db-bc92-10957f72d425	19	5510569	5510642	2	-1.8652
76537c73-9c3f-44db-bc92-10957f72d425	19	5510689	12581187	3446	-0.1423
76537c73-9c3f-44db-bc92-10957f72d425	19	12586552	12587288	2	-1.4948
76537c73-9c3f-44db-bc92-10957f72d425	19	12589709	19666929	3429	-0.1639
76537c73-9c3f-44db-bc92-10957f72d425	19	19667045	24131492	2585	-0.0788
76537c73-9c3f-44db-bc92-10957f72d425	19	24132210	31123933	2753	0.0526
76537c73-9c3f-44db-bc92-10957f72d425	19	31124704	35358420	2899	0.1222
76537c73-9c3f-44db-bc92-10957f72d425	19	35364451	35370268	17	-0.33
76537c73-9c3f-44db-bc92-10957f72d425	19	35370747	42820329	3701	0.1012
76537c73-9c3f-44db-bc92-10957f72d425	19	42820345	43458545	293	0.2353
76537c73-9c3f-44db-bc92-10957f72d425	19	43459491	52699227	4761	0.1101
76537c73-9c3f-44db-bc92-10957f72d425	19	52699649	53818748	834	0.1699
76537c73-9c3f-44db-bc92-10957f72d425	19	53831125	55771169	953	0.1137
76537c73-9c3f-44db-bc92-10957f72d425	19	55771663	55771701	2	-2.1799
76537c73-9c3f-44db-bc92-10957f72d425	19	55774927	58586487	1839	0.1294
76537c73-9c3f-44db-bc92-10957f72d425	20	80664	1586808	1207	0.1304
76537c73-9c3f-44db-bc92-10957f72d425	20	1587007	1613203	37	-0.6075
76537c73-9c3f-44db-bc92-10957f72d425	20	1613247	4973861	2490	0.1003
76537c73-9c3f-44db-bc92-10957f72d425	20	4976335	31854330	16630	0.1466
76537c73-9c3f-44db-bc92-10957f72d425	20	31855670	38359006	3365	0.1118
76537c73-9c3f-44db-bc92-10957f72d425	20	38359164	43568831	3858	0.1635
76537c73-9c3f-44db-bc92-10957f72d425	20	43569178	51045048	5060	0.1267
76537c73-9c3f-44db-bc92-10957f72d425	20	51051070	64324800	9735	0.1555
76537c73-9c3f-44db-bc92-10957f72d425	21	10354168	13028693	97	0.0747
76537c73-9c3f-44db-bc92-10957f72d425	21	13080541	13502378	146	0.3738
76537c73-9c3f-44db-bc92-10957f72d425	21	13509705	13583316	26	-0.0417
76537c73-9c3f-44db-bc92-10957f72d425	21	13612103	13803967	5	-0.5916
76537c73-9c3f-44db-bc92-10957f72d425	21	13812646	16742039	1950	0.3827
76537c73-9c3f-44db-bc92-10957f72d425	21	16742787	18065834	865	0.1574
76537c73-9c3f-44db-bc92-10957f72d425	21	18071038	18708066	484	-0.4568
76537c73-9c3f-44db-bc92-10957f72d425	21	18708616	18817276	82	0.1989
76537c73-9c3f-44db-bc92-10957f72d425	21	18820093	21930659	2399	-0.4083
76537c73-9c3f-44db-bc92-10957f72d425	21	21931691	21936811	2	-1.7764
76537c73-9c3f-44db-bc92-10957f72d425	21	21937041	25452736	2680	-0.42
76537c73-9c3f-44db-bc92-10957f72d425	21	25453811	29193427	2859	-0.4597
76537c73-9c3f-44db-bc92-10957f72d425	21	29193466	30033479	608	-0.1238
76537c73-9c3f-44db-bc92-10957f72d425	21	30036428	30039101	5	0.5032
76537c73-9c3f-44db-bc92-10957f72d425	21	30039221	30188537	107	-0.1414
76537c73-9c3f-44db-bc92-10957f72d425	21	30190949	30436043	173	-0.0534
76537c73-9c3f-44db-bc92-10957f72d425	21	30439631	32442070	1384	0.3788
76537c73-9c3f-44db-bc92-10957f72d425	21	32442122	35350992	1983	0.3165
76537c73-9c3f-44db-bc92-10957f72d425	21	35351246	35484629	105	0.135
76537c73-9c3f-44db-bc92-10957f72d425	21	35485190	35553286	55	0.2936
76537c73-9c3f-44db-bc92-10957f72d425	21	35553479	35889788	250	0.3622
76537c73-9c3f-44db-bc92-10957f72d425	21	35894890	43270255	5852	0.1369
76537c73-9c3f-44db-bc92-10957f72d425	21	43270976	43271046	2	1.7959
76537c73-9c3f-44db-bc92-10957f72d425	21	43272484	43297318	20	0.2673
76537c73-9c3f-44db-bc92-10957f72d425	21	43307100	45107737	803	0.0978
76537c73-9c3f-44db-bc92-10957f72d425	21	45108532	45632382	309	0.1733
76537c73-9c3f-44db-bc92-10957f72d425	21	45632577	46677045	612	0.3442
76537c73-9c3f-44db-bc92-10957f72d425	22	15294547	18760941	1137	0.143
76537c73-9c3f-44db-bc92-10957f72d425	22	18783014	18818348	2	-1.0124
76537c73-9c3f-44db-bc92-10957f72d425	22	18822581	22114208	1981	0.1563
76537c73-9c3f-44db-bc92-10957f72d425	22	22119549	22120255	6	-2.5749
76537c73-9c3f-44db-bc92-10957f72d425	22	22127104	24685371	1626	0.1576
76537c73-9c3f-44db-bc92-10957f72d425	22	24686148	24686567	3	-1.1332
76537c73-9c3f-44db-bc92-10957f72d425	22	24691707	28771498	3527	0.1459
76537c73-9c3f-44db-bc92-10957f72d425	22	28772614	31992343	1857	0.0969
76537c73-9c3f-44db-bc92-10957f72d425	22	31996506	36927772	4011	0.1532
76537c73-9c3f-44db-bc92-10957f72d425	22	36927946	43047946	3318	0.098
76537c73-9c3f-44db-bc92-10957f72d425	22	43049566	48872888	4575	0.1396
76537c73-9c3f-44db-bc92-10957f72d425	22	48874111	48874730	2	-1.6979
76537c73-9c3f-44db-bc92-10957f72d425	22	48877479	50796027	1232	0.1337
76537c73-9c3f-44db-bc92-10957f72d425	X	251810	24896690	15131	0.1296
76537c73-9c3f-44db-bc92-10957f72d425	X	24901791	29515212	2907	0.1759
76537c73-9c3f-44db-bc92-10957f72d425	X	29515386	32012625	1648	0.1374
76537c73-9c3f-44db-bc92-10957f72d425	X	32012637	32970141	798	0.1823
76537c73-9c3f-44db-bc92-10957f72d425	X	32971922	34522323	1103	0.1174
76537c73-9c3f-44db-bc92-10957f72d425	X	34524391	36690672	1293	0.1764
76537c73-9c3f-44db-bc92-10957f72d425	X	36690716	43753940	3856	0.1153
76537c73-9c3f-44db-bc92-10957f72d425	X	43761389	43762052	2	-1.4222
76537c73-9c3f-44db-bc92-10957f72d425	X	43762162	48001197	2253	0.125
76537c73-9c3f-44db-bc92-10957f72d425	X	48020763	48128795	77	0.5999
76537c73-9c3f-44db-bc92-10957f72d425	X	48141867	62554105	4353	0.1365
76537c73-9c3f-44db-bc92-10957f72d425	X	62598741	90269093	13311	-0.0685
76537c73-9c3f-44db-bc92-10957f72d425	X	90271385	90271648	2	-1.6859
76537c73-9c3f-44db-bc92-10957f72d425	X	90271786	146563204	31592	-0.0776
76537c73-9c3f-44db-bc92-10957f72d425	X	146565903	146566398	3	-1.1294
76537c73-9c3f-44db-bc92-10957f72d425	X	146567547	155952689	5339	-0.0894
76537c73-9c3f-44db-bc92-10957f72d425	Y	2782397	6167430	748	-1.0634
76537c73-9c3f-44db-bc92-10957f72d425	Y	6171310	6171622	2	-4.2566
76537c73-9c3f-44db-bc92-10957f72d425	Y	6180233	56872112	5887	-1.0498
