GDC_Aliquot	Chromosome	Start	End	Num_Probes	Segment_Mean
116845a5-2178-44ff-8cac-58b95dd85081	1	62920	266187	17	0.1272
116845a5-2178-44ff-8cac-58b95dd85081	1	462795	462894	2	1.5255
116845a5-2178-44ff-8cac-58b95dd85081	1	599171	817186	13	0.422
116845a5-2178-44ff-8cac-58b95dd85081	1	822089	15822848	8302	0.0783
116845a5-2178-44ff-8cac-58b95dd85081	1	15823420	15827430	7	0.6823
116845a5-2178-44ff-8cac-58b95dd85081	1	15827706	16884157	362	0.1239
116845a5-2178-44ff-8cac-58b95dd85081	1	16886219	16935737	48	0.3981
116845a5-2178-44ff-8cac-58b95dd85081	1	16935752	20918508	2777	0.0896
116845a5-2178-44ff-8cac-58b95dd85081	1	20919276	25256850	2485	0.0686
116845a5-2178-44ff-8cac-58b95dd85081	1	25266637	25320455	24	0.64
116845a5-2178-44ff-8cac-58b95dd85081	1	25336819	40555364	8151	0.0477
116845a5-2178-44ff-8cac-58b95dd85081	1	40556404	40562538	4	-1.055
116845a5-2178-44ff-8cac-58b95dd85081	1	40563254	68914258	18553	0.0509
116845a5-2178-44ff-8cac-58b95dd85081	1	68914545	71861745	1742	0.0094
116845a5-2178-44ff-8cac-58b95dd85081	1	71862119	72230572	212	-0.1027
116845a5-2178-44ff-8cac-58b95dd85081	1	72234456	72284670	39	0.0444
116845a5-2178-44ff-8cac-58b95dd85081	1	72290430	72297687	9	-0.9242
116845a5-2178-44ff-8cac-58b95dd85081	1	72302735	72345465	48	0.3142
116845a5-2178-44ff-8cac-58b95dd85081	1	72346221	77931023	3544	0.0594
116845a5-2178-44ff-8cac-58b95dd85081	1	77932816	78115670	87	0.3194
116845a5-2178-44ff-8cac-58b95dd85081	1	78117328	101798353	15320	0.0626
116845a5-2178-44ff-8cac-58b95dd85081	1	101806926	105476583	1975	0.0311
116845a5-2178-44ff-8cac-58b95dd85081	1	105476614	105479753	16	0.4806
116845a5-2178-44ff-8cac-58b95dd85081	1	105481433	108531588	2034	0.0063
116845a5-2178-44ff-8cac-58b95dd85081	1	108531682	109690352	599	0.075
116845a5-2178-44ff-8cac-58b95dd85081	1	109690415	109697556	12	1.7441
116845a5-2178-44ff-8cac-58b95dd85081	1	109702376	110834746	837	0.0972
116845a5-2178-44ff-8cac-58b95dd85081	1	110834943	110845604	38	-0.469
116845a5-2178-44ff-8cac-58b95dd85081	1	110849445	112036541	961	0.0596
116845a5-2178-44ff-8cac-58b95dd85081	1	112036703	157039303	10153	0.1181
116845a5-2178-44ff-8cac-58b95dd85081	1	157041533	161208894	2927	0.0825
116845a5-2178-44ff-8cac-58b95dd85081	1	161209508	169247699	6151	0.1111
116845a5-2178-44ff-8cac-58b95dd85081	1	169264736	169272528	6	-1.7692
116845a5-2178-44ff-8cac-58b95dd85081	1	169273163	169600680	232	0.0678
116845a5-2178-44ff-8cac-58b95dd85081	1	169602941	176251121	4265	0.1161
116845a5-2178-44ff-8cac-58b95dd85081	1	176263861	176307251	23	0.5033
116845a5-2178-44ff-8cac-58b95dd85081	1	176316411	188567311	8210	0.1222
116845a5-2178-44ff-8cac-58b95dd85081	1	188570607	193186662	3023	0.072
116845a5-2178-44ff-8cac-58b95dd85081	1	193187149	193187218	4	0.9353
116845a5-2178-44ff-8cac-58b95dd85081	1	193190593	199068914	3763	0.0794
116845a5-2178-44ff-8cac-58b95dd85081	1	199069120	200181490	797	0.1169
116845a5-2178-44ff-8cac-58b95dd85081	1	200181723	206924585	4344	0.1555
116845a5-2178-44ff-8cac-58b95dd85081	1	206935822	209897717	2324	0.1053
116845a5-2178-44ff-8cac-58b95dd85081	1	209908268	209910639	3	-0.8269
116845a5-2178-44ff-8cac-58b95dd85081	1	209913207	215318153	3728	0.1278
116845a5-2178-44ff-8cac-58b95dd85081	1	215320126	215325761	7	-0.6506
116845a5-2178-44ff-8cac-58b95dd85081	1	215327688	235760182	13841	0.1277
116845a5-2178-44ff-8cac-58b95dd85081	1	235760369	248930189	9422	0.0931
116845a5-2178-44ff-8cac-58b95dd85081	2	12784	267850	163	-0.0079
116845a5-2178-44ff-8cac-58b95dd85081	2	268512	9368034	7114	0.0541
116845a5-2178-44ff-8cac-58b95dd85081	2	9368483	10788218	974	0.1228
116845a5-2178-44ff-8cac-58b95dd85081	2	10788261	11020642	236	0.2186
116845a5-2178-44ff-8cac-58b95dd85081	2	11021418	13024073	1491	0.1037
116845a5-2178-44ff-8cac-58b95dd85081	2	13025001	14563570	1053	0.0479
116845a5-2178-44ff-8cac-58b95dd85081	2	14564825	14569968	12	-0.9005
116845a5-2178-44ff-8cac-58b95dd85081	2	14570240	24376380	6871	0.082
116845a5-2178-44ff-8cac-58b95dd85081	2	24378642	24388858	20	-0.4135
116845a5-2178-44ff-8cac-58b95dd85081	2	24390690	33187980	5136	0.0979
116845a5-2178-44ff-8cac-58b95dd85081	2	33188126	33193515	2	-0.9891
116845a5-2178-44ff-8cac-58b95dd85081	2	33194902	34466002	995	0.0829
116845a5-2178-44ff-8cac-58b95dd85081	2	34474248	34502784	43	0.3121
116845a5-2178-44ff-8cac-58b95dd85081	2	34502800	34567585	36	0.1029
116845a5-2178-44ff-8cac-58b95dd85081	2	34567850	36632605	1621	0.032
116845a5-2178-44ff-8cac-58b95dd85081	2	36633597	42721872	4437	0.0855
116845a5-2178-44ff-8cac-58b95dd85081	2	42722420	45542031	1985	0.1207
116845a5-2178-44ff-8cac-58b95dd85081	2	45542832	45543255	3	-0.662
116845a5-2178-44ff-8cac-58b95dd85081	2	45545586	46261047	615	0.1288
116845a5-2178-44ff-8cac-58b95dd85081	2	46262656	46265543	5	-0.6948
116845a5-2178-44ff-8cac-58b95dd85081	2	46265620	49295759	2017	0.1088
116845a5-2178-44ff-8cac-58b95dd85081	2	49305903	49314051	6	-0.9202
116845a5-2178-44ff-8cac-58b95dd85081	2	49317902	61624907	8480	0.0855
116845a5-2178-44ff-8cac-58b95dd85081	2	61626451	75566648	8622	0.1159
116845a5-2178-44ff-8cac-58b95dd85081	2	75570202	82855223	4887	0.0919
116845a5-2178-44ff-8cac-58b95dd85081	2	82855315	87203730	2317	0.1765
116845a5-2178-44ff-8cac-58b95dd85081	2	87207015	87321376	37	-0.2711
116845a5-2178-44ff-8cac-58b95dd85081	2	87321424	88370639	308	0.1898
116845a5-2178-44ff-8cac-58b95dd85081	2	88371523	89025976	346	0.0851
116845a5-2178-44ff-8cac-58b95dd85081	2	89027904	89059140	7	0.714
116845a5-2178-44ff-8cac-58b95dd85081	2	89069263	95920385	623	0.1004
116845a5-2178-44ff-8cac-58b95dd85081	2	95921957	97359885	506	0.4449
116845a5-2178-44ff-8cac-58b95dd85081	2	97524284	97545247	8	-0.5714
116845a5-2178-44ff-8cac-58b95dd85081	2	97545726	97913854	160	0.2167
116845a5-2178-44ff-8cac-58b95dd85081	2	97914385	99287963	746	0.114
116845a5-2178-44ff-8cac-58b95dd85081	2	99291768	99748599	254	0.0114
116845a5-2178-44ff-8cac-58b95dd85081	2	99755626	99929473	139	0.338
116845a5-2178-44ff-8cac-58b95dd85081	2	99929639	100264077	207	0.5322
116845a5-2178-44ff-8cac-58b95dd85081	2	100265989	100911236	491	0.664
116845a5-2178-44ff-8cac-58b95dd85081	2	100911585	101676057	452	0.3912
116845a5-2178-44ff-8cac-58b95dd85081	2	101677566	102984592	904	0.3226
116845a5-2178-44ff-8cac-58b95dd85081	2	102989122	104928053	1151	0.2003
116845a5-2178-44ff-8cac-58b95dd85081	2	104928204	105529850	422	0.432
116845a5-2178-44ff-8cac-58b95dd85081	2	105529918	105535647	2	-1.141
116845a5-2178-44ff-8cac-58b95dd85081	2	105535795	106263639	638	0.3926
116845a5-2178-44ff-8cac-58b95dd85081	2	106264257	106268901	11	-2.1648
116845a5-2178-44ff-8cac-58b95dd85081	2	106270799	109072516	1703	0.3358
116845a5-2178-44ff-8cac-58b95dd85081	2	109075969	109078660	3	-0.6316
116845a5-2178-44ff-8cac-58b95dd85081	2	109078954	110702511	504	0.3062
116845a5-2178-44ff-8cac-58b95dd85081	2	110711561	111639145	457	-0.1264
116845a5-2178-44ff-8cac-58b95dd85081	2	111639256	113604438	1116	-0.1933
116845a5-2178-44ff-8cac-58b95dd85081	2	113604837	113623244	3	-1.2948
116845a5-2178-44ff-8cac-58b95dd85081	2	113625975	113691739	25	-0.2237
116845a5-2178-44ff-8cac-58b95dd85081	2	113694307	113695369	2	-2.3496
116845a5-2178-44ff-8cac-58b95dd85081	2	113696012	114156985	302	-0.2088
116845a5-2178-44ff-8cac-58b95dd85081	2	114157522	117454777	2011	-0.2465
116845a5-2178-44ff-8cac-58b95dd85081	2	117459151	123905266	4181	-0.1938
116845a5-2178-44ff-8cac-58b95dd85081	2	123905610	125965331	1309	-0.0901
116845a5-2178-44ff-8cac-58b95dd85081	2	125965417	131131606	2970	-0.1941
116845a5-2178-44ff-8cac-58b95dd85081	2	131131679	132163641	365	-0.0891
116845a5-2178-44ff-8cac-58b95dd85081	2	132171339	136167910	2536	-0.2016
116845a5-2178-44ff-8cac-58b95dd85081	2	136170287	136173513	6	-1.4666
116845a5-2178-44ff-8cac-58b95dd85081	2	136180102	141091474	3241	-0.2228
116845a5-2178-44ff-8cac-58b95dd85081	2	141099047	141429971	216	-0.3582
116845a5-2178-44ff-8cac-58b95dd85081	2	141430210	149318174	4526	-0.2256
116845a5-2178-44ff-8cac-58b95dd85081	2	149321364	154846256	3704	-0.0841
116845a5-2178-44ff-8cac-58b95dd85081	2	154846521	156198399	749	-0.0118
116845a5-2178-44ff-8cac-58b95dd85081	2	156198839	157149286	483	0.2237
116845a5-2178-44ff-8cac-58b95dd85081	2	157149383	157428036	142	0.1361
116845a5-2178-44ff-8cac-58b95dd85081	2	157428486	157536992	65	0.0754
116845a5-2178-44ff-8cac-58b95dd85081	2	157538567	158308038	466	0.7319
116845a5-2178-44ff-8cac-58b95dd85081	2	158312049	158912601	393	0.9199
116845a5-2178-44ff-8cac-58b95dd85081	2	158914903	159960732	693	0.0456
116845a5-2178-44ff-8cac-58b95dd85081	2	159963293	160443278	308	0.5185
116845a5-2178-44ff-8cac-58b95dd85081	2	160447295	160622189	106	0.6249
116845a5-2178-44ff-8cac-58b95dd85081	2	160622938	161008290	245	0.3236
116845a5-2178-44ff-8cac-58b95dd85081	2	161008854	162553839	839	-0.2168
116845a5-2178-44ff-8cac-58b95dd85081	2	162559766	162815680	141	1.4269
116845a5-2178-44ff-8cac-58b95dd85081	2	162819031	164419293	917	-0.2127
116845a5-2178-44ff-8cac-58b95dd85081	2	164420086	166416170	1175	-0.1354
116845a5-2178-44ff-8cac-58b95dd85081	2	166416778	166421528	3	-0.496
116845a5-2178-44ff-8cac-58b95dd85081	2	166425242	166439531	12	0.0213
116845a5-2178-44ff-8cac-58b95dd85081	2	166441259	166576476	91	0.3541
116845a5-2178-44ff-8cac-58b95dd85081	2	166587661	167613378	569	0.1199
116845a5-2178-44ff-8cac-58b95dd85081	2	167615747	167668990	36	0.4019
116845a5-2178-44ff-8cac-58b95dd85081	2	167670275	167949753	184	0.1558
116845a5-2178-44ff-8cac-58b95dd85081	2	167949828	171458603	2337	0.0552
116845a5-2178-44ff-8cac-58b95dd85081	2	171458881	172635859	713	-0.0448
116845a5-2178-44ff-8cac-58b95dd85081	2	172639377	172662583	16	0.036
116845a5-2178-44ff-8cac-58b95dd85081	2	172673440	172677278	6	0.881
116845a5-2178-44ff-8cac-58b95dd85081	2	172678573	175314796	1733	0.0744
116845a5-2178-44ff-8cac-58b95dd85081	2	175315311	175412196	60	0.1594
116845a5-2178-44ff-8cac-58b95dd85081	2	175417189	175421403	6	0.5476
116845a5-2178-44ff-8cac-58b95dd85081	2	175423824	175496637	47	0.0999
116845a5-2178-44ff-8cac-58b95dd85081	2	175503876	175688915	125	0.4138
116845a5-2178-44ff-8cac-58b95dd85081	2	175689907	176981190	893	0.1753
116845a5-2178-44ff-8cac-58b95dd85081	2	176981913	179196928	1338	0.0494
116845a5-2178-44ff-8cac-58b95dd85081	2	179202465	179214417	3	-0.8513
116845a5-2178-44ff-8cac-58b95dd85081	2	179218864	183694465	2843	0.0524
116845a5-2178-44ff-8cac-58b95dd85081	2	183699615	186047532	1396	-0.0136
116845a5-2178-44ff-8cac-58b95dd85081	2	186047860	186150962	56	0.073
116845a5-2178-44ff-8cac-58b95dd85081	2	186151498	186910654	401	0.2236
116845a5-2178-44ff-8cac-58b95dd85081	2	186916952	188254196	739	0.0973
116845a5-2178-44ff-8cac-58b95dd85081	2	188255201	188262203	4	-1.8888
116845a5-2178-44ff-8cac-58b95dd85081	2	188264331	189519308	656	0.0859
116845a5-2178-44ff-8cac-58b95dd85081	2	189521853	192858937	2039	-0.1208
116845a5-2178-44ff-8cac-58b95dd85081	2	192859417	193164270	149	-0.2683
116845a5-2178-44ff-8cac-58b95dd85081	2	193166666	193389754	109	-0.1696
116845a5-2178-44ff-8cac-58b95dd85081	2	193391014	193538549	59	0.0677
116845a5-2178-44ff-8cac-58b95dd85081	2	193545823	194501795	477	0.1823
116845a5-2178-44ff-8cac-58b95dd85081	2	194510785	195627868	657	0.0089
116845a5-2178-44ff-8cac-58b95dd85081	2	195627964	195910129	142	-0.1546
116845a5-2178-44ff-8cac-58b95dd85081	2	195910805	199929174	2345	-0.093
116845a5-2178-44ff-8cac-58b95dd85081	2	199937287	207490231	4590	-0.1755
116845a5-2178-44ff-8cac-58b95dd85081	2	207490454	207494612	16	-1.0919
116845a5-2178-44ff-8cac-58b95dd85081	2	207494752	210055687	1552	-0.1626
116845a5-2178-44ff-8cac-58b95dd85081	2	210057759	213904929	2505	-0.2134
116845a5-2178-44ff-8cac-58b95dd85081	2	213905198	223809166	6499	-0.1444
116845a5-2178-44ff-8cac-58b95dd85081	2	223810151	242147305	11495	-0.1814
116845a5-2178-44ff-8cac-58b95dd85081	3	20930	3469703	3085	0.0227
116845a5-2178-44ff-8cac-58b95dd85081	3	3470591	3503732	30	0.4701
116845a5-2178-44ff-8cac-58b95dd85081	3	3504221	7715104	3699	0.0406
116845a5-2178-44ff-8cac-58b95dd85081	3	7716101	15646506	5684	0.0861
116845a5-2178-44ff-8cac-58b95dd85081	3	15646859	23937812	5350	0.0461
116845a5-2178-44ff-8cac-58b95dd85081	3	23939938	23940837	2	-1.0982
116845a5-2178-44ff-8cac-58b95dd85081	3	23940839	26570158	2134	0.056
116845a5-2178-44ff-8cac-58b95dd85081	3	26570176	26570394	4	-0.6309
116845a5-2178-44ff-8cac-58b95dd85081	3	26570407	27768298	758	0.0588
116845a5-2178-44ff-8cac-58b95dd85081	3	27770884	27772537	6	-0.5671
116845a5-2178-44ff-8cac-58b95dd85081	3	27773020	29457820	1238	0.0744
116845a5-2178-44ff-8cac-58b95dd85081	3	29459343	29965614	349	-0.4455
116845a5-2178-44ff-8cac-58b95dd85081	3	29965632	30587972	469	0.1131
116845a5-2178-44ff-8cac-58b95dd85081	3	30588155	46641333	10278	0.0625
116845a5-2178-44ff-8cac-58b95dd85081	3	46643734	58692197	6486	0.0928
116845a5-2178-44ff-8cac-58b95dd85081	3	58693531	60976612	2106	0.0602
116845a5-2178-44ff-8cac-58b95dd85081	3	60977409	61303160	292	-0.1734
116845a5-2178-44ff-8cac-58b95dd85081	3	61305622	66801193	4471	0.0958
116845a5-2178-44ff-8cac-58b95dd85081	3	66802151	71931287	3732	0.061
116845a5-2178-44ff-8cac-58b95dd85081	3	71931517	76156363	2758	0.1045
116845a5-2178-44ff-8cac-58b95dd85081	3	76157142	84753602	4810	0.0475
116845a5-2178-44ff-8cac-58b95dd85081	3	84756198	86707706	1110	0.0871
116845a5-2178-44ff-8cac-58b95dd85081	3	86711047	98511002	4394	0.1227
116845a5-2178-44ff-8cac-58b95dd85081	3	98511305	99225775	405	0.1911
116845a5-2178-44ff-8cac-58b95dd85081	3	99225788	99230212	21	0.4592
116845a5-2178-44ff-8cac-58b95dd85081	3	99230225	101194017	1173	0.1691
116845a5-2178-44ff-8cac-58b95dd85081	3	101194595	106809177	3356	0.1373
116845a5-2178-44ff-8cac-58b95dd85081	3	106809316	111279028	2657	-0.5146
116845a5-2178-44ff-8cac-58b95dd85081	3	111281564	111281883	2	-1.7761
116845a5-2178-44ff-8cac-58b95dd85081	3	111282169	115971587	2897	-0.4883
116845a5-2178-44ff-8cac-58b95dd85081	3	115972581	115992175	10	-1.0503
116845a5-2178-44ff-8cac-58b95dd85081	3	115995324	116808395	636	-0.5286
116845a5-2178-44ff-8cac-58b95dd85081	3	116808772	117064005	205	-0.6852
116845a5-2178-44ff-8cac-58b95dd85081	3	117066005	118359731	915	-0.5316
116845a5-2178-44ff-8cac-58b95dd85081	3	118365837	119224947	510	-1.0186
116845a5-2178-44ff-8cac-58b95dd85081	3	119225063	119631498	251	-0.4673
116845a5-2178-44ff-8cac-58b95dd85081	3	119632551	119635091	4	-4.9286
116845a5-2178-44ff-8cac-58b95dd85081	3	119636564	130044016	6069	-0.4734
116845a5-2178-44ff-8cac-58b95dd85081	3	130044855	130170943	65	-0.0493
116845a5-2178-44ff-8cac-58b95dd85081	3	130171554	139319247	5496	-0.4809
116845a5-2178-44ff-8cac-58b95dd85081	3	139320412	159647643	12797	0.1568
116845a5-2178-44ff-8cac-58b95dd85081	3	159653894	159795648	60	-0.1271
116845a5-2178-44ff-8cac-58b95dd85081	3	159801129	162405578	1595	0.1517
116845a5-2178-44ff-8cac-58b95dd85081	3	162419812	162424917	14	-0.4338
116845a5-2178-44ff-8cac-58b95dd85081	3	162426460	162795304	261	0.1211
116845a5-2178-44ff-8cac-58b95dd85081	3	162795361	162895970	57	-0.2809
116845a5-2178-44ff-8cac-58b95dd85081	3	162896180	162991006	81	0.0861
116845a5-2178-44ff-8cac-58b95dd85081	3	162996729	163001774	3	0.8045
116845a5-2178-44ff-8cac-58b95dd85081	3	163008371	164646583	918	0.1328
116845a5-2178-44ff-8cac-58b95dd85081	3	164647576	167331928	1474	0.0896
116845a5-2178-44ff-8cac-58b95dd85081	3	167333026	173519113	3884	0.149
116845a5-2178-44ff-8cac-58b95dd85081	3	173522845	173571890	24	0.664
116845a5-2178-44ff-8cac-58b95dd85081	3	173582403	174291493	510	0.1474
116845a5-2178-44ff-8cac-58b95dd85081	3	174291553	174802429	316	-0.0193
116845a5-2178-44ff-8cac-58b95dd85081	3	174802825	175362822	447	0.1465
116845a5-2178-44ff-8cac-58b95dd85081	3	175362958	175363536	5	-0.5505
116845a5-2178-44ff-8cac-58b95dd85081	3	175368999	176237213	563	0.1349
116845a5-2178-44ff-8cac-58b95dd85081	3	176239435	179030692	1683	0.3076
116845a5-2178-44ff-8cac-58b95dd85081	3	179030726	182652688	2076	0.2489
116845a5-2178-44ff-8cac-58b95dd85081	3	182654587	186980310	2677	0.2903
116845a5-2178-44ff-8cac-58b95dd85081	3	186983049	186983135	2	-2.6229
116845a5-2178-44ff-8cac-58b95dd85081	3	186991016	190431930	2587	0.2735
116845a5-2178-44ff-8cac-58b95dd85081	3	190432106	190739782	231	-0.0139
116845a5-2178-44ff-8cac-58b95dd85081	3	190743879	190768641	23	0.261
116845a5-2178-44ff-8cac-58b95dd85081	3	190770736	190961235	112	-0.0076
116845a5-2178-44ff-8cac-58b95dd85081	3	190967760	191050818	60	0.2604
116845a5-2178-44ff-8cac-58b95dd85081	3	191051664	191113698	42	-0.0523
116845a5-2178-44ff-8cac-58b95dd85081	3	191119547	193160804	1442	0.235
116845a5-2178-44ff-8cac-58b95dd85081	3	193161032	193161217	2	-0.9743
116845a5-2178-44ff-8cac-58b95dd85081	3	193162684	195720051	1521	0.2953
116845a5-2178-44ff-8cac-58b95dd85081	3	195728637	195799712	36	0.0337
116845a5-2178-44ff-8cac-58b95dd85081	3	195800600	198121262	1136	0.317
116845a5-2178-44ff-8cac-58b95dd85081	3	198121788	198169247	11	0.0882
116845a5-2178-44ff-8cac-58b95dd85081	4	68929	740563	253	0.1495
116845a5-2178-44ff-8cac-58b95dd85081	4	756515	756877	2	-1.1409
116845a5-2178-44ff-8cac-58b95dd85081	4	761422	4164791	1377	0.1568
116845a5-2178-44ff-8cac-58b95dd85081	4	4165256	4165270	2	-1.6788
116845a5-2178-44ff-8cac-58b95dd85081	4	4165406	8718442	3459	0.169
116845a5-2178-44ff-8cac-58b95dd85081	4	8720526	10221792	608	0.0881
116845a5-2178-44ff-8cac-58b95dd85081	4	10222004	10232642	29	-0.2439
116845a5-2178-44ff-8cac-58b95dd85081	4	10232984	13119285	2393	0.1003
116845a5-2178-44ff-8cac-58b95dd85081	4	13119670	18605671	4012	0.1527
116845a5-2178-44ff-8cac-58b95dd85081	4	18605854	24005958	3653	0.1262
116845a5-2178-44ff-8cac-58b95dd85081	4	24009985	28037809	2754	0.1625
116845a5-2178-44ff-8cac-58b95dd85081	4	28039202	34777382	4151	0.1111
116845a5-2178-44ff-8cac-58b95dd85081	4	34777403	34823103	41	0.6915
116845a5-2178-44ff-8cac-58b95dd85081	4	34828250	36012790	773	0.1089
116845a5-2178-44ff-8cac-58b95dd85081	4	36013359	36013896	4	-1.0321
116845a5-2178-44ff-8cac-58b95dd85081	4	36015896	40698556	3097	0.1385
116845a5-2178-44ff-8cac-58b95dd85081	4	40701994	40702175	3	-2.4256
116845a5-2178-44ff-8cac-58b95dd85081	4	40702670	44154323	2228	0.1486
116845a5-2178-44ff-8cac-58b95dd85081	4	44156243	47540358	1899	0.0954
116845a5-2178-44ff-8cac-58b95dd85081	4	47540439	49214614	958	0.1257
116845a5-2178-44ff-8cac-58b95dd85081	4	49289175	49656595	21	0.6265
116845a5-2178-44ff-8cac-58b95dd85081	4	51819533	57169186	3521	0.1149
116845a5-2178-44ff-8cac-58b95dd85081	4	57170051	59329424	1444	0.0416
116845a5-2178-44ff-8cac-58b95dd85081	4	59334213	59378800	32	0.5726
116845a5-2178-44ff-8cac-58b95dd85081	4	59381404	68354665	5438	0.0115
116845a5-2178-44ff-8cac-58b95dd85081	4	68361130	68620261	89	0.4344
116845a5-2178-44ff-8cac-58b95dd85081	4	68623617	69261926	316	-0.0318
116845a5-2178-44ff-8cac-58b95dd85081	4	69261934	69366081	53	-0.7397
116845a5-2178-44ff-8cac-58b95dd85081	4	69366304	122959119	32526	0.0132
116845a5-2178-44ff-8cac-58b95dd85081	4	122959597	124606152	936	0.3618
116845a5-2178-44ff-8cac-58b95dd85081	4	124608239	129017014	2517	0.0376
116845a5-2178-44ff-8cac-58b95dd85081	4	129032127	137170949	4566	-0.0107
116845a5-2178-44ff-8cac-58b95dd85081	4	137171041	137172260	15	-0.5232
116845a5-2178-44ff-8cac-58b95dd85081	4	137173804	137450771	264	-0.0093
116845a5-2178-44ff-8cac-58b95dd85081	4	137450828	152071589	8759	0.0242
116845a5-2178-44ff-8cac-58b95dd85081	4	152072978	152073038	2	-1.7318
116845a5-2178-44ff-8cac-58b95dd85081	4	152075130	154881396	1755	0.0368
116845a5-2178-44ff-8cac-58b95dd85081	4	154881853	154881926	3	-2.6153
116845a5-2178-44ff-8cac-58b95dd85081	4	154882047	162361186	4858	0.0107
116845a5-2178-44ff-8cac-58b95dd85081	4	162361241	162362283	2	-1.2143
116845a5-2178-44ff-8cac-58b95dd85081	4	162362401	166121696	2423	0.01
116845a5-2178-44ff-8cac-58b95dd85081	4	166126072	166126478	2	1.1306
116845a5-2178-44ff-8cac-58b95dd85081	4	166127751	167758305	923	-0.0097
116845a5-2178-44ff-8cac-58b95dd85081	4	167761623	169236382	1060	0.0505
116845a5-2178-44ff-8cac-58b95dd85081	4	169236946	171448195	1325	-0.0042
116845a5-2178-44ff-8cac-58b95dd85081	4	171453733	171456559	10	1.7168
116845a5-2178-44ff-8cac-58b95dd85081	4	171456573	174723413	1896	-0.0022
116845a5-2178-44ff-8cac-58b95dd85081	4	174729736	174733504	4	0.9684
116845a5-2178-44ff-8cac-58b95dd85081	4	174733992	181120356	4323	-0.0236
116845a5-2178-44ff-8cac-58b95dd85081	4	181121196	184838776	2746	0.031
116845a5-2178-44ff-8cac-58b95dd85081	4	184842139	184848544	10	-0.6054
116845a5-2178-44ff-8cac-58b95dd85081	4	184857596	185206358	234	0.0607
116845a5-2178-44ff-8cac-58b95dd85081	4	185207929	185708847	335	-0.0187
116845a5-2178-44ff-8cac-58b95dd85081	4	185709792	185717501	12	0.453
116845a5-2178-44ff-8cac-58b95dd85081	4	185723268	186062188	267	-0.0038
116845a5-2178-44ff-8cac-58b95dd85081	4	186066891	186159163	73	-0.1276
116845a5-2178-44ff-8cac-58b95dd85081	4	186165948	186172834	5	0.6669
116845a5-2178-44ff-8cac-58b95dd85081	4	186176244	188300104	1423	-0.1251
116845a5-2178-44ff-8cac-58b95dd85081	4	188300206	188300221	2	-1.8036
116845a5-2178-44ff-8cac-58b95dd85081	4	188300270	190010040	1135	-0.1519
116845a5-2178-44ff-8cac-58b95dd85081	4	190013781	190106768	9	0.1281
116845a5-2178-44ff-8cac-58b95dd85081	5	15532	12819201	10182	0.1223
116845a5-2178-44ff-8cac-58b95dd85081	5	12819263	12826538	8	0.9508
116845a5-2178-44ff-8cac-58b95dd85081	5	12833745	15718383	1971	0.1428
116845a5-2178-44ff-8cac-58b95dd85081	5	15719113	15720488	11	-1.0911
116845a5-2178-44ff-8cac-58b95dd85081	5	15723237	16124136	241	0.1343
116845a5-2178-44ff-8cac-58b95dd85081	5	16125019	16125105	3	-1.1492
116845a5-2178-44ff-8cac-58b95dd85081	5	16127435	17414653	879	0.1675
116845a5-2178-44ff-8cac-58b95dd85081	5	17414664	20906621	2088	0.1008
116845a5-2178-44ff-8cac-58b95dd85081	5	20906826	21449167	312	0.1771
116845a5-2178-44ff-8cac-58b95dd85081	5	21451091	21452329	5	-1.963
116845a5-2178-44ff-8cac-58b95dd85081	5	21452387	29019981	4376	0.0883
116845a5-2178-44ff-8cac-58b95dd85081	5	29020040	29023197	4	-0.7264
116845a5-2178-44ff-8cac-58b95dd85081	5	29023356	30748661	1044	0.0873
116845a5-2178-44ff-8cac-58b95dd85081	5	30748721	38147384	5020	0.1471
116845a5-2178-44ff-8cac-58b95dd85081	5	38148471	38148786	2	-0.9319
116845a5-2178-44ff-8cac-58b95dd85081	5	38149898	38904226	581	0.1409
116845a5-2178-44ff-8cac-58b95dd85081	5	38907875	57981695	8953	0.1131
116845a5-2178-44ff-8cac-58b95dd85081	5	57981779	58034094	49	0.013
116845a5-2178-44ff-8cac-58b95dd85081	5	58034306	58037089	17	-0.3373
116845a5-2178-44ff-8cac-58b95dd85081	5	58037128	58115743	67	0.0428
116845a5-2178-44ff-8cac-58b95dd85081	5	58115877	84216311	15436	0.0779
116845a5-2178-44ff-8cac-58b95dd85081	5	84221272	94277938	5313	0.0385
116845a5-2178-44ff-8cac-58b95dd85081	5	94279367	94516201	129	-0.4161
116845a5-2178-44ff-8cac-58b95dd85081	5	94522644	133286559	24598	0.0511
116845a5-2178-44ff-8cac-58b95dd85081	5	133288863	142721236	5597	0.0899
116845a5-2178-44ff-8cac-58b95dd85081	5	142724139	143797663	773	0.0531
116845a5-2178-44ff-8cac-58b95dd85081	5	143802328	143806433	6	-1.1183
116845a5-2178-44ff-8cac-58b95dd85081	5	143807853	149238127	3629	0.0599
116845a5-2178-44ff-8cac-58b95dd85081	5	149239385	152140936	2014	0.1023
116845a5-2178-44ff-8cac-58b95dd85081	5	152141650	156048095	2653	0.0672
116845a5-2178-44ff-8cac-58b95dd85081	5	156049762	156055719	14	-0.7424
116845a5-2178-44ff-8cac-58b95dd85081	5	156068240	156945478	599	0.0555
116845a5-2178-44ff-8cac-58b95dd85081	5	156947438	161332649	3073	0.119
116845a5-2178-44ff-8cac-58b95dd85081	5	161332949	166295365	3093	0.26
116845a5-2178-44ff-8cac-58b95dd85081	5	166295558	170521892	3384	0.0524
116845a5-2178-44ff-8cac-58b95dd85081	5	170522364	173049366	1695	0.1122
116845a5-2178-44ff-8cac-58b95dd85081	5	173049764	181363319	4936	0.0634
116845a5-2178-44ff-8cac-58b95dd85081	6	149661	257353	102	0.4146
116845a5-2178-44ff-8cac-58b95dd85081	6	258265	303017	24	0.6596
116845a5-2178-44ff-8cac-58b95dd85081	6	303121	384521	80	0.2922
116845a5-2178-44ff-8cac-58b95dd85081	6	384546	3119750	2265	0.4785
116845a5-2178-44ff-8cac-58b95dd85081	6	3124107	4705958	1301	0.5179
116845a5-2178-44ff-8cac-58b95dd85081	6	4710481	19039888	10989	0.4747
116845a5-2178-44ff-8cac-58b95dd85081	6	19041950	19044667	9	-0.3003
116845a5-2178-44ff-8cac-58b95dd85081	6	19050511	24544739	4015	0.496
116845a5-2178-44ff-8cac-58b95dd85081	6	24545026	29853516	2821	0.4451
116845a5-2178-44ff-8cac-58b95dd85081	6	29854205	29881260	40	0.6668
116845a5-2178-44ff-8cac-58b95dd85081	6	29881324	29882419	4	1.5081
116845a5-2178-44ff-8cac-58b95dd85081	6	29882497	32463515	1170	0.5189
116845a5-2178-44ff-8cac-58b95dd85081	6	32463775	32602588	34	-0.2648
116845a5-2178-44ff-8cac-58b95dd85081	6	32605994	32656527	27	0.4564
116845a5-2178-44ff-8cac-58b95dd85081	6	32656814	32658160	4	-1.1397
116845a5-2178-44ff-8cac-58b95dd85081	6	32658841	32722250	45	0.5058
116845a5-2178-44ff-8cac-58b95dd85081	6	32723020	32723053	3	-0.4345
116845a5-2178-44ff-8cac-58b95dd85081	6	32732907	47426266	9438	0.5029
116845a5-2178-44ff-8cac-58b95dd85081	6	47427060	51706795	2492	0.4492
116845a5-2178-44ff-8cac-58b95dd85081	6	51707146	54066353	1712	0.491
116845a5-2178-44ff-8cac-58b95dd85081	6	54066432	54067057	6	1.4443
116845a5-2178-44ff-8cac-58b95dd85081	6	54070550	54823181	493	0.4803
116845a5-2178-44ff-8cac-58b95dd85081	6	54824406	56544849	1096	0.5258
116845a5-2178-44ff-8cac-58b95dd85081	6	56546004	69868530	6176	0.4739
116845a5-2178-44ff-8cac-58b95dd85081	6	69869212	73882142	2617	-0.3327
116845a5-2178-44ff-8cac-58b95dd85081	6	73882509	73891694	10	0.5279
116845a5-2178-44ff-8cac-58b95dd85081	6	73893839	73997434	71	-0.2736
116845a5-2178-44ff-8cac-58b95dd85081	6	73997661	74007305	4	0.4861
116845a5-2178-44ff-8cac-58b95dd85081	6	74009077	78259388	2685	-0.3201
116845a5-2178-44ff-8cac-58b95dd85081	6	78261980	78336944	118	0.0124
116845a5-2178-44ff-8cac-58b95dd85081	6	78341897	85231443	4420	-0.3162
116845a5-2178-44ff-8cac-58b95dd85081	6	85233072	85233817	3	-1.5129
116845a5-2178-44ff-8cac-58b95dd85081	6	85234763	93427721	5251	-0.3257
116845a5-2178-44ff-8cac-58b95dd85081	6	93431127	93768888	208	-1.1132
116845a5-2178-44ff-8cac-58b95dd85081	6	93769876	94965875	780	-0.3613
116845a5-2178-44ff-8cac-58b95dd85081	6	94970302	100595146	3204	-0.0226
116845a5-2178-44ff-8cac-58b95dd85081	6	100603624	100697089	45	-0.5903
116845a5-2178-44ff-8cac-58b95dd85081	6	100697783	103286954	1529	-0.0264
116845a5-2178-44ff-8cac-58b95dd85081	6	103290101	103314186	46	-0.9557
116845a5-2178-44ff-8cac-58b95dd85081	6	103317795	132104102	17729	0.002
116845a5-2178-44ff-8cac-58b95dd85081	6	132104562	132106655	3	-1.4437
116845a5-2178-44ff-8cac-58b95dd85081	6	132107206	134375295	1598	0.0262
116845a5-2178-44ff-8cac-58b95dd85081	6	134375877	134376302	3	0.8063
116845a5-2178-44ff-8cac-58b95dd85081	6	134376858	134888696	373	0.0339
116845a5-2178-44ff-8cac-58b95dd85081	6	134888712	147341405	7901	-0.0089
116845a5-2178-44ff-8cac-58b95dd85081	6	147341789	151994896	3365	0.0239
116845a5-2178-44ff-8cac-58b95dd85081	6	151996917	160446347	5791	0.6858
116845a5-2178-44ff-8cac-58b95dd85081	6	160447295	161088735	428	0.6194
116845a5-2178-44ff-8cac-58b95dd85081	6	161094006	161627419	416	0.6879
116845a5-2178-44ff-8cac-58b95dd85081	6	161631962	162166860	529	0.5481
116845a5-2178-44ff-8cac-58b95dd85081	6	162168986	170741917	5974	0.6617
116845a5-2178-44ff-8cac-58b95dd85081	7	43355	1212860	360	0.3132
116845a5-2178-44ff-8cac-58b95dd85081	7	1213138	7673002	3727	0.4069
116845a5-2178-44ff-8cac-58b95dd85081	7	7681733	7965937	299	1.5151
116845a5-2178-44ff-8cac-58b95dd85081	7	7966150	8145459	134	0.8489
116845a5-2178-44ff-8cac-58b95dd85081	7	8149765	11654336	2849	0.402
116845a5-2178-44ff-8cac-58b95dd85081	7	11655002	14108246	2058	0.4689
116845a5-2178-44ff-8cac-58b95dd85081	7	14108972	17495052	2637	0.5039
116845a5-2178-44ff-8cac-58b95dd85081	7	17495462	27736611	7794	0.446
116845a5-2178-44ff-8cac-58b95dd85081	7	27742322	31531578	2832	0.4118
116845a5-2178-44ff-8cac-58b95dd85081	7	31531598	33241124	1133	0.3619
116845a5-2178-44ff-8cac-58b95dd85081	7	33251319	36678221	2326	0.4044
116845a5-2178-44ff-8cac-58b95dd85081	7	36678709	38251092	1188	0.3545
116845a5-2178-44ff-8cac-58b95dd85081	7	38251113	38361356	127	0.5387
116845a5-2178-44ff-8cac-58b95dd85081	7	38362895	39506174	857	0.3921
116845a5-2178-44ff-8cac-58b95dd85081	7	39508562	39508799	2	-0.6007
116845a5-2178-44ff-8cac-58b95dd85081	7	39510390	40400961	484	0.3954
116845a5-2178-44ff-8cac-58b95dd85081	7	40404066	48092569	5100	0.026
116845a5-2178-44ff-8cac-58b95dd85081	7	48095122	50895831	2001	-0.0395
116845a5-2178-44ff-8cac-58b95dd85081	7	50907760	52774713	1426	1.425
116845a5-2178-44ff-8cac-58b95dd85081	7	52775179	53653719	647	1.7082
116845a5-2178-44ff-8cac-58b95dd85081	7	53655935	53709286	36	2.6555
116845a5-2178-44ff-8cac-58b95dd85081	7	53709540	53952428	149	2.9226
116845a5-2178-44ff-8cac-58b95dd85081	7	53954470	54118474	127	2.6357
116845a5-2178-44ff-8cac-58b95dd85081	7	54118521	54118569	2	0.7508
116845a5-2178-44ff-8cac-58b95dd85081	7	54118781	54305455	149	2.7109
116845a5-2178-44ff-8cac-58b95dd85081	7	54318812	54318824	6	-0.9654
116845a5-2178-44ff-8cac-58b95dd85081	7	54325795	54510236	121	2.5031
116845a5-2178-44ff-8cac-58b95dd85081	7	54514649	54621723	83	2.1559
116845a5-2178-44ff-8cac-58b95dd85081	7	54626163	54806851	161	2.527
116845a5-2178-44ff-8cac-58b95dd85081	7	54807672	54867650	44	2.6672
116845a5-2178-44ff-8cac-58b95dd85081	7	54871387	55032341	127	3.0399
116845a5-2178-44ff-8cac-58b95dd85081	7	55034975	55306309	356	2.7326
116845a5-2178-44ff-8cac-58b95dd85081	7	55307134	55643051	215	2.4535
116845a5-2178-44ff-8cac-58b95dd85081	7	55646589	56388107	296	2.1464
116845a5-2178-44ff-8cac-58b95dd85081	7	56402166	56908389	212	-0.0598
116845a5-2178-44ff-8cac-58b95dd85081	7	56997653	57060351	7	0.548
116845a5-2178-44ff-8cac-58b95dd85081	7	57061965	57198215	43	-0.0162
116845a5-2178-44ff-8cac-58b95dd85081	7	57198481	62526879	406	-0.1164
116845a5-2178-44ff-8cac-58b95dd85081	7	62526916	62696120	48	-0.5797
116845a5-2178-44ff-8cac-58b95dd85081	7	62696244	62721010	16	-0.0752
116845a5-2178-44ff-8cac-58b95dd85081	7	62722451	65314421	938	-0.8448
116845a5-2178-44ff-8cac-58b95dd85081	7	65316437	65317323	3	0.104
116845a5-2178-44ff-8cac-58b95dd85081	7	65317513	65495544	109	-0.4734
116845a5-2178-44ff-8cac-58b95dd85081	7	65498738	65595136	12	-0.1973
116845a5-2178-44ff-8cac-58b95dd85081	7	65601789	68402965	1323	-0.8223
116845a5-2178-44ff-8cac-58b95dd85081	7	68403899	68405225	2	-2.5865
116845a5-2178-44ff-8cac-58b95dd85081	7	68406145	69804887	884	-0.8517
116845a5-2178-44ff-8cac-58b95dd85081	7	69809381	74042698	2154	-0.2439
116845a5-2178-44ff-8cac-58b95dd85081	7	74048284	77180017	890	-0.7269
116845a5-2178-44ff-8cac-58b95dd85081	7	77183794	78589732	1028	-0.8937
116845a5-2178-44ff-8cac-58b95dd85081	7	78589772	78840322	200	-0.7814
116845a5-2178-44ff-8cac-58b95dd85081	7	78841195	79335042	383	-1.4834
116845a5-2178-44ff-8cac-58b95dd85081	7	79337565	81743030	1592	-0.7749
116845a5-2178-44ff-8cac-58b95dd85081	7	81743136	81745438	2	-2.5915
116845a5-2178-44ff-8cac-58b95dd85081	7	81745649	83936437	1534	-0.7812
116845a5-2178-44ff-8cac-58b95dd85081	7	83936471	85227033	814	-0.5835
116845a5-2178-44ff-8cac-58b95dd85081	7	85227090	86113231	488	-0.4934
116845a5-2178-44ff-8cac-58b95dd85081	7	86113344	86780457	383	-0.5678
116845a5-2178-44ff-8cac-58b95dd85081	7	86785229	87336283	318	0.8482
116845a5-2178-44ff-8cac-58b95dd85081	7	87337266	90096068	1700	-0.4543
116845a5-2178-44ff-8cac-58b95dd85081	7	90096136	90371626	161	-0.1476
116845a5-2178-44ff-8cac-58b95dd85081	7	90372817	91578827	878	0.0198
116845a5-2178-44ff-8cac-58b95dd85081	7	91589569	91589817	3	1.0767
116845a5-2178-44ff-8cac-58b95dd85081	7	91595717	92509281	474	0.7116
116845a5-2178-44ff-8cac-58b95dd85081	7	92509717	93418293	669	0.4403
116845a5-2178-44ff-8cac-58b95dd85081	7	93419838	93731573	211	1.2938
116845a5-2178-44ff-8cac-58b95dd85081	7	93734087	94028441	184	1.045
116845a5-2178-44ff-8cac-58b95dd85081	7	94034574	95726972	1011	0.0713
116845a5-2178-44ff-8cac-58b95dd85081	7	95728756	95887864	114	0.2288
116845a5-2178-44ff-8cac-58b95dd85081	7	95889016	97157313	783	-0.1516
116845a5-2178-44ff-8cac-58b95dd85081	7	97161369	98668462	850	0.165
116845a5-2178-44ff-8cac-58b95dd85081	7	98672078	99611768	445	0.6844
116845a5-2178-44ff-8cac-58b95dd85081	7	99618648	100156176	256	0.4939
116845a5-2178-44ff-8cac-58b95dd85081	7	100159552	100727566	139	0.4208
116845a5-2178-44ff-8cac-58b95dd85081	7	100731621	100735219	3	-0.4871
116845a5-2178-44ff-8cac-58b95dd85081	7	100753382	100932436	74	0.4202
116845a5-2178-44ff-8cac-58b95dd85081	7	100946831	101128555	83	-0.6813
116845a5-2178-44ff-8cac-58b95dd85081	7	101133971	103808164	1196	0.2528
116845a5-2178-44ff-8cac-58b95dd85081	7	103809826	104394421	407	0.6159
116845a5-2178-44ff-8cac-58b95dd85081	7	104395048	104505871	96	0.7775
116845a5-2178-44ff-8cac-58b95dd85081	7	104506446	104552676	47	0.6385
116845a5-2178-44ff-8cac-58b95dd85081	7	104565850	104679731	94	0.8326
116845a5-2178-44ff-8cac-58b95dd85081	7	104679860	104964657	208	0.9839
116845a5-2178-44ff-8cac-58b95dd85081	7	104965964	105323510	202	-0.0971
116845a5-2178-44ff-8cac-58b95dd85081	7	105326058	105503283	71	-0.3357
116845a5-2178-44ff-8cac-58b95dd85081	7	105503612	107445238	1286	-0.8451
116845a5-2178-44ff-8cac-58b95dd85081	7	107448800	109801155	1563	-0.389
116845a5-2178-44ff-8cac-58b95dd85081	7	109801187	109813853	11	-1.3074
116845a5-2178-44ff-8cac-58b95dd85081	7	109813925	109940719	82	-0.2459
116845a5-2178-44ff-8cac-58b95dd85081	7	109945605	110007597	47	0.7432
116845a5-2178-44ff-8cac-58b95dd85081	7	110011638	110081448	35	1.1028
116845a5-2178-44ff-8cac-58b95dd85081	7	110085167	110502194	282	0.683
116845a5-2178-44ff-8cac-58b95dd85081	7	110502297	111091435	401	1.1087
116845a5-2178-44ff-8cac-58b95dd85081	7	111093107	111344925	181	0.4842
116845a5-2178-44ff-8cac-58b95dd85081	7	111345325	111409675	46	0.6658
116845a5-2178-44ff-8cac-58b95dd85081	7	111409756	112201272	531	0.4734
116845a5-2178-44ff-8cac-58b95dd85081	7	112202199	113114811	533	0.2288
116845a5-2178-44ff-8cac-58b95dd85081	7	113114849	113161102	38	0.5511
116845a5-2178-44ff-8cac-58b95dd85081	7	113162298	113229148	38	0.1298
116845a5-2178-44ff-8cac-58b95dd85081	7	113230304	113624475	189	0.7765
116845a5-2178-44ff-8cac-58b95dd85081	7	113632928	113782812	77	1.0276
116845a5-2178-44ff-8cac-58b95dd85081	7	113782848	114156565	181	0.7313
116845a5-2178-44ff-8cac-58b95dd85081	7	114157332	114678389	243	0.8519
116845a5-2178-44ff-8cac-58b95dd85081	7	114681013	115188905	291	1.005
116845a5-2178-44ff-8cac-58b95dd85081	7	115193074	115571935	228	1.8087
116845a5-2178-44ff-8cac-58b95dd85081	7	115579796	115599872	12	2.563
116845a5-2178-44ff-8cac-58b95dd85081	7	115600188	117088745	1051	3.1124
116845a5-2178-44ff-8cac-58b95dd85081	7	117089062	117613562	315	2.8603
116845a5-2178-44ff-8cac-58b95dd85081	7	117614089	118214417	352	2.3952
116845a5-2178-44ff-8cac-58b95dd85081	7	118217888	118313740	47	0.6098
116845a5-2178-44ff-8cac-58b95dd85081	7	118315574	118518808	143	0.8224
116845a5-2178-44ff-8cac-58b95dd85081	7	118519495	119143269	343	0.5722
116845a5-2178-44ff-8cac-58b95dd85081	7	119143452	119348971	104	0.7377
116845a5-2178-44ff-8cac-58b95dd85081	7	119351376	119661446	162	0.3329
116845a5-2178-44ff-8cac-58b95dd85081	7	119673168	120795526	598	0.1475
116845a5-2178-44ff-8cac-58b95dd85081	7	120795584	121125900	186	0.3449
116845a5-2178-44ff-8cac-58b95dd85081	7	121128739	123318535	1407	-0.2769
116845a5-2178-44ff-8cac-58b95dd85081	7	123321416	123397923	52	-0.3401
116845a5-2178-44ff-8cac-58b95dd85081	7	123398828	126406561	1831	-0.9018
116845a5-2178-44ff-8cac-58b95dd85081	7	126406822	126406827	6	0.3194
116845a5-2178-44ff-8cac-58b95dd85081	7	126412712	126426688	14	-0.3469
116845a5-2178-44ff-8cac-58b95dd85081	7	126427204	134093899	4663	-0.8947
116845a5-2178-44ff-8cac-58b95dd85081	7	134100424	134113790	33	-0.2076
116845a5-2178-44ff-8cac-58b95dd85081	7	134113805	134769609	524	-0.9324
116845a5-2178-44ff-8cac-58b95dd85081	7	134770525	134770615	2	-3.021
116845a5-2178-44ff-8cac-58b95dd85081	7	134771233	141328946	4195	-0.8985
116845a5-2178-44ff-8cac-58b95dd85081	7	141330590	141331740	3	-2.7693
116845a5-2178-44ff-8cac-58b95dd85081	7	141339257	142070732	449	-0.9573
116845a5-2178-44ff-8cac-58b95dd85081	7	142070827	142087846	18	-3.0934
116845a5-2178-44ff-8cac-58b95dd85081	7	142088099	146958017	2809	-0.9146
116845a5-2178-44ff-8cac-58b95dd85081	7	146960890	146993834	35	-1.7149
116845a5-2178-44ff-8cac-58b95dd85081	7	146993876	147101541	78	-1.1007
116845a5-2178-44ff-8cac-58b95dd85081	7	147110695	147351803	179	-0.8635
116845a5-2178-44ff-8cac-58b95dd85081	7	147351828	147652993	254	-1.5282
116845a5-2178-44ff-8cac-58b95dd85081	7	147656730	148292430	490	-0.8312
116845a5-2178-44ff-8cac-58b95dd85081	7	148292839	148293053	2	-2.3485
116845a5-2178-44ff-8cac-58b95dd85081	7	148296130	149812974	813	-0.7969
116845a5-2178-44ff-8cac-58b95dd85081	7	149819792	149825277	2	-2.7446
116845a5-2178-44ff-8cac-58b95dd85081	7	149827576	153156449	1845	-0.7975
116845a5-2178-44ff-8cac-58b95dd85081	7	153156500	156090985	2294	-0.9545
116845a5-2178-44ff-8cac-58b95dd85081	7	156092344	156093518	2	-3.5685
116845a5-2178-44ff-8cac-58b95dd85081	7	156094352	159253737	1915	-0.9656
116845a5-2178-44ff-8cac-58b95dd85081	7	159254131	159334314	76	-0.8086
116845a5-2178-44ff-8cac-58b95dd85081	8	81254	2844412	2039	0.1018
116845a5-2178-44ff-8cac-58b95dd85081	8	2846011	2846377	7	-0.9733
116845a5-2178-44ff-8cac-58b95dd85081	8	2849649	3311829	471	0.0977
116845a5-2178-44ff-8cac-58b95dd85081	8	3311866	3312562	2	-2.212
116845a5-2178-44ff-8cac-58b95dd85081	8	3313072	3883274	784	0.1111
116845a5-2178-44ff-8cac-58b95dd85081	8	3886841	3998787	180	-0.4022
116845a5-2178-44ff-8cac-58b95dd85081	8	4003594	4095444	134	-1.2479
116845a5-2178-44ff-8cac-58b95dd85081	8	4099442	4145236	85	-4.1894
116845a5-2178-44ff-8cac-58b95dd85081	8	4145269	4157057	38	-1.2117
116845a5-2178-44ff-8cac-58b95dd85081	8	4160772	4273968	225	-4.2615
116845a5-2178-44ff-8cac-58b95dd85081	8	4274430	4343408	216	-2.93
116845a5-2178-44ff-8cac-58b95dd85081	8	4343746	4592125	301	-4.2093
116845a5-2178-44ff-8cac-58b95dd85081	8	4592192	6568189	2669	-1.1284
116845a5-2178-44ff-8cac-58b95dd85081	8	6568421	6568906	2	-5.3574
116845a5-2178-44ff-8cac-58b95dd85081	8	6569307	7131404	526	-1.0633
116845a5-2178-44ff-8cac-58b95dd85081	8	7137595	7396819	37	-0.3656
116845a5-2178-44ff-8cac-58b95dd85081	8	7397588	12374907	3252	-1.0729
116845a5-2178-44ff-8cac-58b95dd85081	8	12376131	12624538	52	-0.4787
116845a5-2178-44ff-8cac-58b95dd85081	8	12649562	13776287	1072	-1.0248
116845a5-2178-44ff-8cac-58b95dd85081	8	13776503	16412958	2438	-0.261
116845a5-2178-44ff-8cac-58b95dd85081	8	16416322	18669187	2025	-1.0187
116845a5-2178-44ff-8cac-58b95dd85081	8	18671217	18671270	2	-3.1277
116845a5-2178-44ff-8cac-58b95dd85081	8	18671966	21853680	2734	-1.04
116845a5-2178-44ff-8cac-58b95dd85081	8	21854782	21856693	3	-2.9559
116845a5-2178-44ff-8cac-58b95dd85081	8	21859768	25114437	2057	-1.0317
116845a5-2178-44ff-8cac-58b95dd85081	8	25114672	25126818	28	-0.4772
116845a5-2178-44ff-8cac-58b95dd85081	8	25133589	26165422	820	-1.0116
116845a5-2178-44ff-8cac-58b95dd85081	8	26165450	26166751	6	-3.3858
116845a5-2178-44ff-8cac-58b95dd85081	8	26167237	35332890	5987	-1.0219
116845a5-2178-44ff-8cac-58b95dd85081	8	35333000	39389156	2158	-0.6238
116845a5-2178-44ff-8cac-58b95dd85081	8	39389592	39529446	57	-1.6612
116845a5-2178-44ff-8cac-58b95dd85081	8	39530780	40269575	528	-0.6537
116845a5-2178-44ff-8cac-58b95dd85081	8	40280523	40914477	546	-0.1885
116845a5-2178-44ff-8cac-58b95dd85081	8	40920333	40920952	2	-1.3948
116845a5-2178-44ff-8cac-58b95dd85081	8	40926161	41123600	121	-0.1699
116845a5-2178-44ff-8cac-58b95dd85081	8	41130228	41130321	3	-1.7978
116845a5-2178-44ff-8cac-58b95dd85081	8	41135524	41404025	166	-0.1428
116845a5-2178-44ff-8cac-58b95dd85081	8	41405106	43925152	1220	-0.5038
116845a5-2178-44ff-8cac-58b95dd85081	8	43928841	48062056	812	0.5502
116845a5-2178-44ff-8cac-58b95dd85081	8	48062747	49900760	1032	0.6305
116845a5-2178-44ff-8cac-58b95dd85081	8	49906057	58402125	5650	0.5577
116845a5-2178-44ff-8cac-58b95dd85081	8	58402136	61699195	2179	0.5886
116845a5-2178-44ff-8cac-58b95dd85081	8	61703718	67319653	3072	0.544
116845a5-2178-44ff-8cac-58b95dd85081	8	67321877	81403150	8857	0.608
116845a5-2178-44ff-8cac-58b95dd85081	8	81403807	85645184	2369	0.5432
116845a5-2178-44ff-8cac-58b95dd85081	8	85828731	99905602	8443	0.7609
116845a5-2178-44ff-8cac-58b95dd85081	8	99910145	102429409	1668	0.804
116845a5-2178-44ff-8cac-58b95dd85081	8	102429815	103626319	741	0.7654
116845a5-2178-44ff-8cac-58b95dd85081	8	103627688	111282237	4573	0.7075
116845a5-2178-44ff-8cac-58b95dd85081	8	111282417	111283031	7	1.9976
116845a5-2178-44ff-8cac-58b95dd85081	8	111288052	115480782	2404	0.6944
116845a5-2178-44ff-8cac-58b95dd85081	8	115483682	134040526	13275	0.7526
116845a5-2178-44ff-8cac-58b95dd85081	8	134042546	136411350	1889	0.7067
116845a5-2178-44ff-8cac-58b95dd85081	8	136412649	136825523	296	0.7425
116845a5-2178-44ff-8cac-58b95dd85081	8	136825697	136825777	2	-0.7703
116845a5-2178-44ff-8cac-58b95dd85081	8	136825896	136881227	63	0.6591
116845a5-2178-44ff-8cac-58b95dd85081	8	136882257	136882271	2	-1.2458
116845a5-2178-44ff-8cac-58b95dd85081	8	136888490	145072769	4968	0.7354
116845a5-2178-44ff-8cac-58b95dd85081	9	46587	592306	478	-0.3624
116845a5-2178-44ff-8cac-58b95dd85081	9	592552	592567	2	-2.1444
116845a5-2178-44ff-8cac-58b95dd85081	9	592718	602903	28	-0.294
116845a5-2178-44ff-8cac-58b95dd85081	9	606699	606961	4	-1.7713
116845a5-2178-44ff-8cac-58b95dd85081	9	607307	4311777	3946	-0.3686
116845a5-2178-44ff-8cac-58b95dd85081	9	4311864	4808972	451	0.4987
116845a5-2178-44ff-8cac-58b95dd85081	9	4809158	5252074	474	0.2192
116845a5-2178-44ff-8cac-58b95dd85081	9	5252186	5568222	240	0.3114
116845a5-2178-44ff-8cac-58b95dd85081	9	5568721	6684955	730	0.2003
116845a5-2178-44ff-8cac-58b95dd85081	9	6685029	6687217	2	-1.0863
116845a5-2178-44ff-8cac-58b95dd85081	9	6689722	6825379	84	0.2262
116845a5-2178-44ff-8cac-58b95dd85081	9	6828538	7807196	1105	-0.1552
116845a5-2178-44ff-8cac-58b95dd85081	9	7808153	7815105	16	0.2562
116845a5-2178-44ff-8cac-58b95dd85081	9	7815375	9305088	1302	-0.1625
116845a5-2178-44ff-8cac-58b95dd85081	9	9307207	10743436	1445	-0.0911
116845a5-2178-44ff-8cac-58b95dd85081	9	10743871	11465508	524	-0.1576
116845a5-2178-44ff-8cac-58b95dd85081	9	11469190	11474830	11	1.5407
116845a5-2178-44ff-8cac-58b95dd85081	9	11477338	12768494	999	-0.1227
116845a5-2178-44ff-8cac-58b95dd85081	9	12768919	13775139	761	0.4563
116845a5-2178-44ff-8cac-58b95dd85081	9	13783742	14076687	280	0.7161
116845a5-2178-44ff-8cac-58b95dd85081	9	14078560	16080498	1605	0.3818
116845a5-2178-44ff-8cac-58b95dd85081	9	16080642	16413012	365	0.5205
116845a5-2178-44ff-8cac-58b95dd85081	9	16413634	16743486	274	0.4214
116845a5-2178-44ff-8cac-58b95dd85081	9	16745594	18770647	1806	0.3298
116845a5-2178-44ff-8cac-58b95dd85081	9	18771508	19516282	615	0.2676
116845a5-2178-44ff-8cac-58b95dd85081	9	19516865	20519523	796	0.4332
116845a5-2178-44ff-8cac-58b95dd85081	9	20520080	21359702	686	-0.2535
116845a5-2178-44ff-8cac-58b95dd85081	9	21361958	23361807	1357	-0.3642
116845a5-2178-44ff-8cac-58b95dd85081	9	23363117	23373486	8	-2.0042
116845a5-2178-44ff-8cac-58b95dd85081	9	23378490	31423886	5929	-0.3668
116845a5-2178-44ff-8cac-58b95dd85081	9	31426841	34741755	2199	-0.2847
116845a5-2178-44ff-8cac-58b95dd85081	9	34743063	35849184	532	-0.124
116845a5-2178-44ff-8cac-58b95dd85081	9	35855221	35908491	36	1.4458
116845a5-2178-44ff-8cac-58b95dd85081	9	35912174	36712497	439	-0.1197
116845a5-2178-44ff-8cac-58b95dd85081	9	36714255	37345152	468	-0.0027
116845a5-2178-44ff-8cac-58b95dd85081	9	37349074	37731180	276	0.1306
116845a5-2178-44ff-8cac-58b95dd85081	9	37733980	38058668	195	0.0203
116845a5-2178-44ff-8cac-58b95dd85081	9	38060971	38766177	581	-0.1594
116845a5-2178-44ff-8cac-58b95dd85081	9	38766244	41570676	163	0.0335
116845a5-2178-44ff-8cac-58b95dd85081	9	41570739	61374282	110	-0.099
116845a5-2178-44ff-8cac-58b95dd85081	9	61378951	61665362	33	-0.9936
116845a5-2178-44ff-8cac-58b95dd85081	9	61668104	66015498	131	-0.0987
116845a5-2178-44ff-8cac-58b95dd85081	9	66018944	76455545	5923	-0.3142
116845a5-2178-44ff-8cac-58b95dd85081	9	76460736	76463497	3	-2.0436
116845a5-2178-44ff-8cac-58b95dd85081	9	76463757	102356339	17889	-0.3022
116845a5-2178-44ff-8cac-58b95dd85081	9	102359752	102367712	12	0.3586
116845a5-2178-44ff-8cac-58b95dd85081	9	102369109	103804216	978	-0.3513
116845a5-2178-44ff-8cac-58b95dd85081	9	103806415	103807009	2	-1.9754
116845a5-2178-44ff-8cac-58b95dd85081	9	103808421	113772371	7589	-0.2895
116845a5-2178-44ff-8cac-58b95dd85081	9	113772649	113773130	2	-1.8674
116845a5-2178-44ff-8cac-58b95dd85081	9	113774828	116313663	1917	-0.2846
116845a5-2178-44ff-8cac-58b95dd85081	9	116313748	120008141	3201	-0.332
116845a5-2178-44ff-8cac-58b95dd85081	9	120008817	138200944	10375	-0.2899
116845a5-2178-44ff-8cac-58b95dd85081	10	45792	83930	10	-0.1419
116845a5-2178-44ff-8cac-58b95dd85081	10	84368	23090515	18460	-0.5381
116845a5-2178-44ff-8cac-58b95dd85081	10	23104297	24086334	672	-0.1112
116845a5-2178-44ff-8cac-58b95dd85081	10	24088745	24089979	12	0.7508
116845a5-2178-44ff-8cac-58b95dd85081	10	24090022	28623294	3119	-0.1213
116845a5-2178-44ff-8cac-58b95dd85081	10	28627369	28791253	124	0.209
116845a5-2178-44ff-8cac-58b95dd85081	10	28795855	30957581	1765	-0.0983
116845a5-2178-44ff-8cac-58b95dd85081	10	30962405	30962797	9	-1.3333
116845a5-2178-44ff-8cac-58b95dd85081	10	30962809	31008856	51	-0.2114
116845a5-2178-44ff-8cac-58b95dd85081	10	31010406	43127812	5396	-0.1064
116845a5-2178-44ff-8cac-58b95dd85081	10	43128056	46146395	1814	-0.1503
116845a5-2178-44ff-8cac-58b95dd85081	10	46146453	46446817	174	0.4759
116845a5-2178-44ff-8cac-58b95dd85081	10	46489651	46532940	22	-0.1388
116845a5-2178-44ff-8cac-58b95dd85081	10	46538819	46657149	26	0.2784
116845a5-2178-44ff-8cac-58b95dd85081	10	46693480	51117373	2309	-0.1392
116845a5-2178-44ff-8cac-58b95dd85081	10	51121072	51364287	212	-0.34
116845a5-2178-44ff-8cac-58b95dd85081	10	51367860	54503066	2520	-0.1783
116845a5-2178-44ff-8cac-58b95dd85081	10	54503155	56756615	1500	-0.2332
116845a5-2178-44ff-8cac-58b95dd85081	10	56756643	56767077	40	-0.5775
116845a5-2178-44ff-8cac-58b95dd85081	10	56772992	57673639	712	-0.2149
116845a5-2178-44ff-8cac-58b95dd85081	10	57673845	64638921	4735	-0.1633
116845a5-2178-44ff-8cac-58b95dd85081	10	64639652	64640112	2	-1.8582
116845a5-2178-44ff-8cac-58b95dd85081	10	64643074	66313623	1291	-0.1819
116845a5-2178-44ff-8cac-58b95dd85081	10	66317834	66349580	33	-1.7793
116845a5-2178-44ff-8cac-58b95dd85081	10	66362774	67734020	886	-0.2007
116845a5-2178-44ff-8cac-58b95dd85081	10	67734277	80287271	7977	-0.1428
116845a5-2178-44ff-8cac-58b95dd85081	10	80289576	82749070	1821	-0.2038
116845a5-2178-44ff-8cac-58b95dd85081	10	82749539	82749926	3	-1.2382
116845a5-2178-44ff-8cac-58b95dd85081	10	82751651	89712211	4916	-0.1757
116845a5-2178-44ff-8cac-58b95dd85081	10	89719208	90866391	768	-0.5592
116845a5-2178-44ff-8cac-58b95dd85081	10	90870166	104094062	7721	-0.1562
116845a5-2178-44ff-8cac-58b95dd85081	10	104099043	112849183	6355	-0.1945
116845a5-2178-44ff-8cac-58b95dd85081	10	112851152	122270139	6970	-0.1658
116845a5-2178-44ff-8cac-58b95dd85081	10	122272774	122574497	221	0.4567
116845a5-2178-44ff-8cac-58b95dd85081	10	122584593	122587462	5	-1.3307
116845a5-2178-44ff-8cac-58b95dd85081	10	122597296	122906086	205	0.4318
116845a5-2178-44ff-8cac-58b95dd85081	10	122907026	122960720	29	0.7351
116845a5-2178-44ff-8cac-58b95dd85081	10	122960734	123786178	734	0.512
116845a5-2178-44ff-8cac-58b95dd85081	10	123788820	130397336	4875	-0.1676
116845a5-2178-44ff-8cac-58b95dd85081	10	130398043	131712834	1129	-0.2626
116845a5-2178-44ff-8cac-58b95dd85081	10	131714594	133654968	919	-0.1809
116845a5-2178-44ff-8cac-58b95dd85081	11	198510	4949137	2417	-0.5156
116845a5-2178-44ff-8cac-58b95dd85081	11	4950775	4955042	23	-1.6902
116845a5-2178-44ff-8cac-58b95dd85081	11	4955781	5766175	782	-0.55
116845a5-2178-44ff-8cac-58b95dd85081	11	5766850	5787909	32	-2.4927
116845a5-2178-44ff-8cac-58b95dd85081	11	5788108	18919323	9393	-0.5142
116845a5-2178-44ff-8cac-58b95dd85081	11	18927525	18940586	47	0.1738
116845a5-2178-44ff-8cac-58b95dd85081	11	18949158	31675155	9209	-0.5093
116845a5-2178-44ff-8cac-58b95dd85081	11	31679496	42791601	7937	-0.2976
116845a5-2178-44ff-8cac-58b95dd85081	11	42794936	42796489	2	-2.3241
116845a5-2178-44ff-8cac-58b95dd85081	11	42799053	49292713	3662	-0.2741
116845a5-2178-44ff-8cac-58b95dd85081	11	49296061	49382292	37	0.4551
116845a5-2178-44ff-8cac-58b95dd85081	11	49385785	49393010	5	-0.3382
116845a5-2178-44ff-8cac-58b95dd85081	11	49400521	49737435	144	0.4473
116845a5-2178-44ff-8cac-58b95dd85081	11	49738003	49739136	6	-0.4128
116845a5-2178-44ff-8cac-58b95dd85081	11	49744609	49875729	81	0.4018
116845a5-2178-44ff-8cac-58b95dd85081	11	49878492	50000581	59	1.9468
116845a5-2178-44ff-8cac-58b95dd85081	11	50001495	50499587	170	1.6455
116845a5-2178-44ff-8cac-58b95dd85081	11	50508790	54561545	45	0.4279
116845a5-2178-44ff-8cac-58b95dd85081	11	54567874	55530086	314	-0.0555
116845a5-2178-44ff-8cac-58b95dd85081	11	55530423	55536369	2	-1.2918
116845a5-2178-44ff-8cac-58b95dd85081	11	55536389	55608760	57	-0.0257
116845a5-2178-44ff-8cac-58b95dd85081	11	55608785	55674842	42	0.1889
116845a5-2178-44ff-8cac-58b95dd85081	11	55676735	57161299	1021	-0.0605
116845a5-2178-44ff-8cac-58b95dd85081	11	57161511	57829593	339	0.0292
116845a5-2178-44ff-8cac-58b95dd85081	11	57829802	59229969	822	-0.0472
116845a5-2178-44ff-8cac-58b95dd85081	11	59233548	63703428	2519	0.3173
116845a5-2178-44ff-8cac-58b95dd85081	11	63705934	63956473	79	-0.0601
116845a5-2178-44ff-8cac-58b95dd85081	11	63956603	64031220	28	-0.0933
116845a5-2178-44ff-8cac-58b95dd85081	11	64034275	70834766	3049	-0.5448
116845a5-2178-44ff-8cac-58b95dd85081	11	70837455	73184865	1118	-0.4432
116845a5-2178-44ff-8cac-58b95dd85081	11	73184874	79189924	3444	-0.5569
116845a5-2178-44ff-8cac-58b95dd85081	11	79199013	79907700	558	-0.6709
116845a5-2178-44ff-8cac-58b95dd85081	11	79910963	80584596	574	-1.004
116845a5-2178-44ff-8cac-58b95dd85081	11	80588608	80875114	184	-0.6724
116845a5-2178-44ff-8cac-58b95dd85081	11	80875177	83957139	2246	-0.1079
116845a5-2178-44ff-8cac-58b95dd85081	11	83957142	83959277	2	-2.2682
116845a5-2178-44ff-8cac-58b95dd85081	11	83959282	84178045	154	-0.1211
116845a5-2178-44ff-8cac-58b95dd85081	11	84178775	85430621	839	-0.229
116845a5-2178-44ff-8cac-58b95dd85081	11	85432084	88482589	2096	-0.1629
116845a5-2178-44ff-8cac-58b95dd85081	11	88482682	103294140	10447	-0.2857
116845a5-2178-44ff-8cac-58b95dd85081	11	103296463	103296959	2	-1.8655
116845a5-2178-44ff-8cac-58b95dd85081	11	103297513	110254265	4556	-0.2975
116845a5-2178-44ff-8cac-58b95dd85081	11	110256449	112197870	1275	-0.1834
116845a5-2178-44ff-8cac-58b95dd85081	11	112200571	126625554	10307	-0.267
116845a5-2178-44ff-8cac-58b95dd85081	11	126626660	128952524	2013	-0.3239
116845a5-2178-44ff-8cac-58b95dd85081	11	128952734	132036195	2223	-0.2721
116845a5-2178-44ff-8cac-58b95dd85081	11	132036246	135074876	2317	-0.3543
116845a5-2178-44ff-8cac-58b95dd85081	12	51460	8404097	5592	0.5317
116845a5-2178-44ff-8cac-58b95dd85081	12	8405892	8428347	17	-0.1466
116845a5-2178-44ff-8cac-58b95dd85081	12	8432076	9481274	560	0.5132
116845a5-2178-44ff-8cac-58b95dd85081	12	9485313	9575696	23	1.3769
116845a5-2178-44ff-8cac-58b95dd85081	12	9582373	10343633	572	0.4689
116845a5-2178-44ff-8cac-58b95dd85081	12	10343751	10392998	36	0.6594
116845a5-2178-44ff-8cac-58b95dd85081	12	10393284	10427861	23	0.5034
116845a5-2178-44ff-8cac-58b95dd85081	12	10430768	10434721	3	-0.2331
116845a5-2178-44ff-8cac-58b95dd85081	12	10435926	11350505	537	0.4999
116845a5-2178-44ff-8cac-58b95dd85081	12	11350579	11399258	37	-0.2182
116845a5-2178-44ff-8cac-58b95dd85081	12	11399668	20466020	6196	0.5274
116845a5-2178-44ff-8cac-58b95dd85081	12	20468394	25755287	3772	0.4935
116845a5-2178-44ff-8cac-58b95dd85081	12	25755371	32004266	4572	0.537
116845a5-2178-44ff-8cac-58b95dd85081	12	32005792	32161979	119	0.7928
116845a5-2178-44ff-8cac-58b95dd85081	12	32163160	33148472	699	0.509
116845a5-2178-44ff-8cac-58b95dd85081	12	33148492	33154440	26	-0.2157
116845a5-2178-44ff-8cac-58b95dd85081	12	33155426	34096879	581	0.4837
116845a5-2178-44ff-8cac-58b95dd85081	12	34097761	34122471	12	-0.3354
116845a5-2178-44ff-8cac-58b95dd85081	12	34122859	37711914	263	0.4486
116845a5-2178-44ff-8cac-58b95dd85081	12	37711985	39975615	1121	0.5985
116845a5-2178-44ff-8cac-58b95dd85081	12	39986961	40422448	302	0.4048
116845a5-2178-44ff-8cac-58b95dd85081	12	40422461	40423795	12	0.0604
116845a5-2178-44ff-8cac-58b95dd85081	12	40423942	41571249	846	0.4362
116845a5-2178-44ff-8cac-58b95dd85081	12	41573875	42672221	712	0.6642
116845a5-2178-44ff-8cac-58b95dd85081	12	42672467	42999318	251	0.7933
116845a5-2178-44ff-8cac-58b95dd85081	12	43000340	43207295	129	0.6824
116845a5-2178-44ff-8cac-58b95dd85081	12	43211752	45641473	1452	0.4566
116845a5-2178-44ff-8cac-58b95dd85081	12	45644948	48513377	1732	0.3363
116845a5-2178-44ff-8cac-58b95dd85081	12	48516156	48517434	2	-2.1089
116845a5-2178-44ff-8cac-58b95dd85081	12	48523224	48626346	54	0.325
116845a5-2178-44ff-8cac-58b95dd85081	12	48627710	48628619	2	-1.3058
116845a5-2178-44ff-8cac-58b95dd85081	12	48629193	48680353	57	0.2955
116845a5-2178-44ff-8cac-58b95dd85081	12	48680566	59079020	5889	0.3784
116845a5-2178-44ff-8cac-58b95dd85081	12	59079191	63711417	2850	0.3272
116845a5-2178-44ff-8cac-58b95dd85081	12	63716253	64151922	238	0.619
116845a5-2178-44ff-8cac-58b95dd85081	12	64152245	65447391	701	1.6295
116845a5-2178-44ff-8cac-58b95dd85081	12	65448021	65481407	22	2.3323
116845a5-2178-44ff-8cac-58b95dd85081	12	65481933	70478078	3514	0.0051
116845a5-2178-44ff-8cac-58b95dd85081	12	70478895	70484247	9	-0.9493
116845a5-2178-44ff-8cac-58b95dd85081	12	70485605	79587444	5841	-0.0042
116845a5-2178-44ff-8cac-58b95dd85081	12	79589104	79655450	34	0.3551
116845a5-2178-44ff-8cac-58b95dd85081	12	79660974	90089573	6172	-0.0076
116845a5-2178-44ff-8cac-58b95dd85081	12	90097892	90098297	7	-1.432
116845a5-2178-44ff-8cac-58b95dd85081	12	90099780	94165471	2714	0.0009
116845a5-2178-44ff-8cac-58b95dd85081	12	94165937	94166233	2	-1.5198
116845a5-2178-44ff-8cac-58b95dd85081	12	94168572	95856811	1256	0.0113
116845a5-2178-44ff-8cac-58b95dd85081	12	95857155	103652068	5138	-0.0259
116845a5-2178-44ff-8cac-58b95dd85081	12	103653019	106621916	2244	0.0022
116845a5-2178-44ff-8cac-58b95dd85081	12	106625986	106737303	81	-0.5995
116845a5-2178-44ff-8cac-58b95dd85081	12	106740788	107649183	612	0.0089
116845a5-2178-44ff-8cac-58b95dd85081	12	107652441	107654193	4	-0.7005
116845a5-2178-44ff-8cac-58b95dd85081	12	107656571	111375299	2171	0.0081
116845a5-2178-44ff-8cac-58b95dd85081	12	111380176	111565675	85	-0.1642
116845a5-2178-44ff-8cac-58b95dd85081	12	111567718	113044400	945	0.0034
116845a5-2178-44ff-8cac-58b95dd85081	12	113048725	113052272	2	-1.2369
116845a5-2178-44ff-8cac-58b95dd85081	12	113056518	125673589	8098	0.0069
116845a5-2178-44ff-8cac-58b95dd85081	12	125673810	130316586	4183	-0.067
116845a5-2178-44ff-8cac-58b95dd85081	12	130317177	130317195	2	-1.5663
116845a5-2178-44ff-8cac-58b95dd85081	12	130317233	131374249	812	-0.0718
116845a5-2178-44ff-8cac-58b95dd85081	12	131377517	133201603	831	-0.013
116845a5-2178-44ff-8cac-58b95dd85081	13	18452809	23058992	2861	-0.2356
116845a5-2178-44ff-8cac-58b95dd85081	13	23059009	23059376	5	-2.5252
116845a5-2178-44ff-8cac-58b95dd85081	13	23064056	24056776	761	-0.2275
116845a5-2178-44ff-8cac-58b95dd85081	13	24058001	24058911	3	-7.0327
116845a5-2178-44ff-8cac-58b95dd85081	13	24061115	29451101	4039	-0.2225
116845a5-2178-44ff-8cac-58b95dd85081	13	29452798	29464425	12	-0.8036
116845a5-2178-44ff-8cac-58b95dd85081	13	29464626	30207584	572	-0.2328
116845a5-2178-44ff-8cac-58b95dd85081	13	30207962	30209634	4	-1.2391
116845a5-2178-44ff-8cac-58b95dd85081	13	30215542	48957415	13235	-0.2055
116845a5-2178-44ff-8cac-58b95dd85081	13	48959579	48962368	2	-2.3097
116845a5-2178-44ff-8cac-58b95dd85081	13	48963569	52502570	1866	-0.204
116845a5-2178-44ff-8cac-58b95dd85081	13	52505209	52531650	7	-0.992
116845a5-2178-44ff-8cac-58b95dd85081	13	52543744	63926909	6612	-0.2312
116845a5-2178-44ff-8cac-58b95dd85081	13	63935451	63954270	11	0.4938
116845a5-2178-44ff-8cac-58b95dd85081	13	63958102	74385098	6886	-0.2416
116845a5-2178-44ff-8cac-58b95dd85081	13	74387995	74389980	3	-1.7036
116845a5-2178-44ff-8cac-58b95dd85081	13	74391044	78984750	3181	-0.2314
116845a5-2178-44ff-8cac-58b95dd85081	13	78984861	81496787	1578	-0.1905
116845a5-2178-44ff-8cac-58b95dd85081	13	81497371	88301403	4056	-0.2491
116845a5-2178-44ff-8cac-58b95dd85081	13	88306324	88343944	19	0.5672
116845a5-2178-44ff-8cac-58b95dd85081	13	88353016	91413329	1901	-0.2416
116845a5-2178-44ff-8cac-58b95dd85081	13	91416912	91442770	19	0.5466
116845a5-2178-44ff-8cac-58b95dd85081	13	91445570	98646037	4862	-0.2154
116845a5-2178-44ff-8cac-58b95dd85081	13	98646339	98646555	3	-1.5807
116845a5-2178-44ff-8cac-58b95dd85081	13	98646614	107160369	6565	-0.2251
116845a5-2178-44ff-8cac-58b95dd85081	13	107162320	108498311	1105	0.551
116845a5-2178-44ff-8cac-58b95dd85081	13	108498551	108498881	3	1.2986
116845a5-2178-44ff-8cac-58b95dd85081	13	108499141	108927094	400	0.5456
116845a5-2178-44ff-8cac-58b95dd85081	13	108931007	112158231	2368	-0.2556
116845a5-2178-44ff-8cac-58b95dd85081	13	112159518	112558038	260	0.549
116845a5-2178-44ff-8cac-58b95dd85081	13	112561115	114342922	836	-0.2424
116845a5-2178-44ff-8cac-58b95dd85081	14	18239283	19011729	28	-0.272
116845a5-2178-44ff-8cac-58b95dd85081	14	19012857	19380699	23	-0.7412
116845a5-2178-44ff-8cac-58b95dd85081	14	19383592	19784273	32	-0.2868
116845a5-2178-44ff-8cac-58b95dd85081	14	19784886	19959343	92	-0.6875
116845a5-2178-44ff-8cac-58b95dd85081	14	19959454	21926229	1346	-0.4879
116845a5-2178-44ff-8cac-58b95dd85081	14	21926272	22541919	533	-0.2974
116845a5-2178-44ff-8cac-58b95dd85081	14	22542522	95007068	46285	-0.4939
116845a5-2178-44ff-8cac-58b95dd85081	14	95007980	99841701	3805	-0.5384
116845a5-2178-44ff-8cac-58b95dd85081	14	99848279	106418444	2883	-0.4838
116845a5-2178-44ff-8cac-58b95dd85081	14	106423925	106487827	52	-0.15
116845a5-2178-44ff-8cac-58b95dd85081	14	106492557	106877229	191	-0.5008
116845a5-2178-44ff-8cac-58b95dd85081	15	19811075	20026653	47	0.1986
116845a5-2178-44ff-8cac-58b95dd85081	15	20041119	20064520	7	0.9346
116845a5-2178-44ff-8cac-58b95dd85081	15	20187568	20235285	9	0.2912
116845a5-2178-44ff-8cac-58b95dd85081	15	20240885	20373168	25	0.7337
116845a5-2178-44ff-8cac-58b95dd85081	15	20376198	20376311	7	0.1948
116845a5-2178-44ff-8cac-58b95dd85081	15	20380735	20525226	38	0.8274
116845a5-2178-44ff-8cac-58b95dd85081	15	20538669	20625279	4	-0.2735
116845a5-2178-44ff-8cac-58b95dd85081	15	20642631	20982677	16	0.7698
116845a5-2178-44ff-8cac-58b95dd85081	15	20986779	21417107	22	0.3464
116845a5-2178-44ff-8cac-58b95dd85081	15	21975606	22413894	33	1.2606
116845a5-2178-44ff-8cac-58b95dd85081	15	22455811	23199669	312	0.2012
116845a5-2178-44ff-8cac-58b95dd85081	15	23396367	23425837	12	-0.4606
116845a5-2178-44ff-8cac-58b95dd85081	15	23426699	30259942	4308	0.248
116845a5-2178-44ff-8cac-58b95dd85081	15	30269364	30297594	6	-0.6296
116845a5-2178-44ff-8cac-58b95dd85081	15	30300815	34379885	2575	0.2499
116845a5-2178-44ff-8cac-58b95dd85081	15	34386576	34434988	7	-0.4651
116845a5-2178-44ff-8cac-58b95dd85081	15	34435421	41930957	4896	0.2714
116845a5-2178-44ff-8cac-58b95dd85081	15	41931061	42453356	342	0.6394
116845a5-2178-44ff-8cac-58b95dd85081	15	42453542	53902792	6738	0.2499
116845a5-2178-44ff-8cac-58b95dd85081	15	53908153	53910302	3	-1.0975
116845a5-2178-44ff-8cac-58b95dd85081	15	53912031	68448540	9873	0.2632
116845a5-2178-44ff-8cac-58b95dd85081	15	68462743	68465176	7	-1.0066
116845a5-2178-44ff-8cac-58b95dd85081	15	68466133	72905324	2770	0.2681
116845a5-2178-44ff-8cac-58b95dd85081	15	72907725	76042215	1512	0.4747
116845a5-2178-44ff-8cac-58b95dd85081	15	76048529	76056133	4	-0.3048
116845a5-2178-44ff-8cac-58b95dd85081	15	76056819	76586021	311	0.4548
116845a5-2178-44ff-8cac-58b95dd85081	15	76598900	76603434	22	0.9927
116845a5-2178-44ff-8cac-58b95dd85081	15	76609838	84400287	4605	0.4828
116845a5-2178-44ff-8cac-58b95dd85081	15	84541253	84922642	203	1.6947
116845a5-2178-44ff-8cac-58b95dd85081	15	84922839	85183483	181	0.4731
116845a5-2178-44ff-8cac-58b95dd85081	15	85236347	85268465	4	0.9507
116845a5-2178-44ff-8cac-58b95dd85081	15	85272381	85894859	481	1.7431
116845a5-2178-44ff-8cac-58b95dd85081	15	85894976	86409837	398	1.9319
116845a5-2178-44ff-8cac-58b95dd85081	15	86412064	86546619	116	1.793
116845a5-2178-44ff-8cac-58b95dd85081	15	86547456	86551600	4	2.5994
116845a5-2178-44ff-8cac-58b95dd85081	15	86551972	86897373	378	1.7657
116845a5-2178-44ff-8cac-58b95dd85081	15	86898503	92421198	4067	0.0013
116845a5-2178-44ff-8cac-58b95dd85081	15	92422191	92614289	175	0.4159
116845a5-2178-44ff-8cac-58b95dd85081	15	92614305	96716901	3179	-0.0097
116845a5-2178-44ff-8cac-58b95dd85081	15	96718128	96721448	6	-1.7293
116845a5-2178-44ff-8cac-58b95dd85081	15	96726551	101928837	3806	-0.0064
116845a5-2178-44ff-8cac-58b95dd85081	16	10777	2601290	887	-0.0018
116845a5-2178-44ff-8cac-58b95dd85081	16	2603155	3232320	248	0.2691
116845a5-2178-44ff-8cac-58b95dd85081	16	3232605	6213755	2247	0.0091
116845a5-2178-44ff-8cac-58b95dd85081	16	6214036	7014662	1003	-0.0675
116845a5-2178-44ff-8cac-58b95dd85081	16	7016292	7372479	476	0.4925
116845a5-2178-44ff-8cac-58b95dd85081	16	7377024	8390821	1152	-0.013
116845a5-2178-44ff-8cac-58b95dd85081	16	8391298	8391729	5	-1.7084
116845a5-2178-44ff-8cac-58b95dd85081	16	8392524	12555002	3391	0.0201
116845a5-2178-44ff-8cac-58b95dd85081	16	12555121	12555138	2	2.0538
116845a5-2178-44ff-8cac-58b95dd85081	16	12556390	12945142	408	0.0191
116845a5-2178-44ff-8cac-58b95dd85081	16	12949482	13808890	753	1.7402
116845a5-2178-44ff-8cac-58b95dd85081	16	13810868	15686407	788	0.0213
116845a5-2178-44ff-8cac-58b95dd85081	16	15686510	15764230	57	0.35
116845a5-2178-44ff-8cac-58b95dd85081	16	15764311	19933041	2039	-0.0024
116845a5-2178-44ff-8cac-58b95dd85081	16	19934328	19956040	29	-1.403
116845a5-2178-44ff-8cac-58b95dd85081	16	19958932	34209701	6567	-0.0105
116845a5-2178-44ff-8cac-58b95dd85081	16	35080991	35175823	54	0.626
116845a5-2178-44ff-8cac-58b95dd85081	16	35176198	35557420	233	0.4399
116845a5-2178-44ff-8cac-58b95dd85081	16	35560314	36048855	114	0.613
116845a5-2178-44ff-8cac-58b95dd85081	16	46441986	55762682	6465	-0.0086
116845a5-2178-44ff-8cac-58b95dd85081	16	55764310	55764867	3	1.9275
116845a5-2178-44ff-8cac-58b95dd85081	16	55770436	60521634	2951	0.0056
116845a5-2178-44ff-8cac-58b95dd85081	16	60521804	60537315	8	-1.4947
116845a5-2178-44ff-8cac-58b95dd85081	16	60540490	63867498	2163	-0.023
116845a5-2178-44ff-8cac-58b95dd85081	16	63870790	76002365	6917	0.0183
116845a5-2178-44ff-8cac-58b95dd85081	16	76002526	78337711	2238	-0.0133
116845a5-2178-44ff-8cac-58b95dd85081	16	78338543	78345778	13	-2.017
116845a5-2178-44ff-8cac-58b95dd85081	16	78349243	85881469	7782	-0.0254
116845a5-2178-44ff-8cac-58b95dd85081	16	85881502	85885449	3	-1.4086
116845a5-2178-44ff-8cac-58b95dd85081	16	85885696	90096867	2824	-0.0029
116845a5-2178-44ff-8cac-58b95dd85081	17	150733	5731735	2981	0.2375
116845a5-2178-44ff-8cac-58b95dd85081	17	5734582	5778589	23	0.3785
116845a5-2178-44ff-8cac-58b95dd85081	17	5778844	5934472	134	0.5947
116845a5-2178-44ff-8cac-58b95dd85081	17	5935377	7536310	1033	0.3783
116845a5-2178-44ff-8cac-58b95dd85081	17	7537267	9100160	859	0.4945
116845a5-2178-44ff-8cac-58b95dd85081	17	9102875	9106967	4	-1.0534
116845a5-2178-44ff-8cac-58b95dd85081	17	9107126	9412739	214	0.4191
116845a5-2178-44ff-8cac-58b95dd85081	17	9416318	9416350	2	-0.6644
116845a5-2178-44ff-8cac-58b95dd85081	17	9418056	9560887	109	0.3894
116845a5-2178-44ff-8cac-58b95dd85081	17	9566168	9828760	198	0.6479
116845a5-2178-44ff-8cac-58b95dd85081	17	9832010	9834331	5	2.2684
116845a5-2178-44ff-8cac-58b95dd85081	17	9836421	9857272	19	0.6751
116845a5-2178-44ff-8cac-58b95dd85081	17	9858349	9860722	3	1.8874
116845a5-2178-44ff-8cac-58b95dd85081	17	9863905	10387080	449	0.6438
116845a5-2178-44ff-8cac-58b95dd85081	17	10388514	10635129	129	0.3969
116845a5-2178-44ff-8cac-58b95dd85081	17	10638198	10638424	2	-1.2693
116845a5-2178-44ff-8cac-58b95dd85081	17	10640776	11724412	868	0.2387
116845a5-2178-44ff-8cac-58b95dd85081	17	11724763	12078753	212	1.1056
116845a5-2178-44ff-8cac-58b95dd85081	17	12080915	12996146	670	1.4016
116845a5-2178-44ff-8cac-58b95dd85081	17	12997066	13636264	489	1.2329
116845a5-2178-44ff-8cac-58b95dd85081	17	13638330	15085670	1220	1.0708
116845a5-2178-44ff-8cac-58b95dd85081	17	15085708	15883773	443	1.2331
116845a5-2178-44ff-8cac-58b95dd85081	17	15884859	16678487	381	1.4421
116845a5-2178-44ff-8cac-58b95dd85081	17	16678690	16923551	66	0.8622
116845a5-2178-44ff-8cac-58b95dd85081	17	16924480	17820694	534	1.274
116845a5-2178-44ff-8cac-58b95dd85081	17	17824629	18233436	230	1.7858
116845a5-2178-44ff-8cac-58b95dd85081	17	18233593	18455635	106	1.3271
116845a5-2178-44ff-8cac-58b95dd85081	17	18458372	18561907	24	1.8961
116845a5-2178-44ff-8cac-58b95dd85081	17	18565883	18996105	153	1.2446
116845a5-2178-44ff-8cac-58b95dd85081	17	18998273	19994311	459	1.4616
116845a5-2178-44ff-8cac-58b95dd85081	17	19999720	20426903	176	2.6018
116845a5-2178-44ff-8cac-58b95dd85081	17	20461009	20467198	4	0.4768
116845a5-2178-44ff-8cac-58b95dd85081	17	20469736	20966585	169	2.8205
116845a5-2178-44ff-8cac-58b95dd85081	17	20975159	21615833	286	2.4227
116845a5-2178-44ff-8cac-58b95dd85081	17	21620905	22227516	34	1.4196
116845a5-2178-44ff-8cac-58b95dd85081	17	22229296	22736323	196	2.4856
116845a5-2178-44ff-8cac-58b95dd85081	17	26943491	28294667	719	0.8045
116845a5-2178-44ff-8cac-58b95dd85081	17	28303817	32727213	1988	-0.5463
116845a5-2178-44ff-8cac-58b95dd85081	17	32727447	37206473	3228	-0.6147
116845a5-2178-44ff-8cac-58b95dd85081	17	37215499	41265456	1959	-0.5551
116845a5-2178-44ff-8cac-58b95dd85081	17	41266762	41274279	24	0.8897
116845a5-2178-44ff-8cac-58b95dd85081	17	41276472	46130967	2529	-0.5487
116845a5-2178-44ff-8cac-58b95dd85081	17	46131308	46351954	93	-0.9713
116845a5-2178-44ff-8cac-58b95dd85081	17	46446345	47022699	214	-0.5963
116845a5-2178-44ff-8cac-58b95dd85081	17	47053411	47633611	250	0.1693
116845a5-2178-44ff-8cac-58b95dd85081	17	47634096	51657681	2168	0.2228
116845a5-2178-44ff-8cac-58b95dd85081	17	51658199	57610128	4366	0.1819
116845a5-2178-44ff-8cac-58b95dd85081	17	57610972	57611632	2	1.4394
116845a5-2178-44ff-8cac-58b95dd85081	17	57614632	66891572	4865	0.1999
116845a5-2178-44ff-8cac-58b95dd85081	17	66892803	69998023	1905	0.9149
116845a5-2178-44ff-8cac-58b95dd85081	17	69998817	76786609	4567	0.4177
116845a5-2178-44ff-8cac-58b95dd85081	17	76789516	76792055	2	-1.4927
116845a5-2178-44ff-8cac-58b95dd85081	17	76792592	83091923	3211	0.4207
116845a5-2178-44ff-8cac-58b95dd85081	18	48133	22842654	11342	0.1993
116845a5-2178-44ff-8cac-58b95dd85081	18	22844191	22940725	42	-0.1234
116845a5-2178-44ff-8cac-58b95dd85081	18	22948423	22988518	19	0.2003
116845a5-2178-44ff-8cac-58b95dd85081	18	22996523	23103129	54	-0.0686
116845a5-2178-44ff-8cac-58b95dd85081	18	23103435	23318397	140	0.1584
116845a5-2178-44ff-8cac-58b95dd85081	18	23322217	23350030	25	-0.1607
116845a5-2178-44ff-8cac-58b95dd85081	18	23350166	23367369	7	0.261
116845a5-2178-44ff-8cac-58b95dd85081	18	23369557	24033022	358	-0.1863
116845a5-2178-44ff-8cac-58b95dd85081	18	24035380	24828899	620	0.1464
116845a5-2178-44ff-8cac-58b95dd85081	18	24831043	28036487	2107	-0.1813
116845a5-2178-44ff-8cac-58b95dd85081	18	28040060	29997088	1166	0.0977
116845a5-2178-44ff-8cac-58b95dd85081	18	30004572	36963639	4522	-0.1988
116845a5-2178-44ff-8cac-58b95dd85081	18	36963872	37337498	165	0.1408
116845a5-2178-44ff-8cac-58b95dd85081	18	37340669	38425762	760	-0.196
116845a5-2178-44ff-8cac-58b95dd85081	18	38428501	38485892	64	0.1224
116845a5-2178-44ff-8cac-58b95dd85081	18	38487692	44358853	3750	-0.2002
116845a5-2178-44ff-8cac-58b95dd85081	18	44359423	44568320	137	0.1691
116845a5-2178-44ff-8cac-58b95dd85081	18	44571183	46060398	1072	-0.2052
116845a5-2178-44ff-8cac-58b95dd85081	18	46062305	51039262	3452	0.1202
116845a5-2178-44ff-8cac-58b95dd85081	18	51039401	54748478	2550	0.0794
116845a5-2178-44ff-8cac-58b95dd85081	18	54749125	56574918	1144	0.1465
116845a5-2178-44ff-8cac-58b95dd85081	18	56576907	57335910	504	0.0727
116845a5-2178-44ff-8cac-58b95dd85081	18	57338125	59599016	1679	0.1493
116845a5-2178-44ff-8cac-58b95dd85081	18	59599296	61009408	1015	-0.1931
116845a5-2178-44ff-8cac-58b95dd85081	18	61010120	61071871	38	0.0756
116845a5-2178-44ff-8cac-58b95dd85081	18	61073364	61591312	397	-0.2143
116845a5-2178-44ff-8cac-58b95dd85081	18	61591375	63964098	1704	0.1075
116845a5-2178-44ff-8cac-58b95dd85081	18	63965677	64323817	250	-0.2166
116845a5-2178-44ff-8cac-58b95dd85081	18	64327477	64376126	47	0.1241
116845a5-2178-44ff-8cac-58b95dd85081	18	64376210	64855269	330	-0.2165
116845a5-2178-44ff-8cac-58b95dd85081	18	64864858	64890785	22	0.1051
116845a5-2178-44ff-8cac-58b95dd85081	18	64892101	65283637	226	-0.2212
116845a5-2178-44ff-8cac-58b95dd85081	18	65287622	65356006	47	0.0819
116845a5-2178-44ff-8cac-58b95dd85081	18	65356162	65532829	128	-0.1791
116845a5-2178-44ff-8cac-58b95dd85081	18	65532840	65537481	19	0.5964
116845a5-2178-44ff-8cac-58b95dd85081	18	65540037	66054343	355	-0.2539
116845a5-2178-44ff-8cac-58b95dd85081	18	66060256	66061104	12	-0.8609
116845a5-2178-44ff-8cac-58b95dd85081	18	66065502	66239629	147	-0.2158
116845a5-2178-44ff-8cac-58b95dd85081	18	66240197	66244124	9	-1.536
116845a5-2178-44ff-8cac-58b95dd85081	18	66244352	67546845	838	-0.2294
116845a5-2178-44ff-8cac-58b95dd85081	18	67548545	68008648	385	0.0974
116845a5-2178-44ff-8cac-58b95dd85081	18	68009682	68420905	332	-0.2256
116845a5-2178-44ff-8cac-58b95dd85081	18	68423132	70058679	1276	0.1004
116845a5-2178-44ff-8cac-58b95dd85081	18	70059260	70260975	100	-0.2522
116845a5-2178-44ff-8cac-58b95dd85081	18	70261385	72593846	1633	-0.1875
116845a5-2178-44ff-8cac-58b95dd85081	18	72598489	73962955	1187	-0.2621
116845a5-2178-44ff-8cac-58b95dd85081	18	73967431	74396316	346	0.403
116845a5-2178-44ff-8cac-58b95dd85081	18	74396646	74472427	82	0.6451
116845a5-2178-44ff-8cac-58b95dd85081	18	74472872	74474890	6	-0.0583
116845a5-2178-44ff-8cac-58b95dd85081	18	74475363	77522299	2348	0.6129
116845a5-2178-44ff-8cac-58b95dd85081	18	77522612	80257174	1722	0.3957
116845a5-2178-44ff-8cac-58b95dd85081	19	90910	21632117	9601	-0.1475
116845a5-2178-44ff-8cac-58b95dd85081	19	21632838	21637067	2	-1.6733
116845a5-2178-44ff-8cac-58b95dd85081	19	21637309	24324365	1541	-0.1673
116845a5-2178-44ff-8cac-58b95dd85081	19	24324370	43193181	9433	0.09
116845a5-2178-44ff-8cac-58b95dd85081	19	43198881	43252085	22	-0.616
116845a5-2178-44ff-8cac-58b95dd85081	19	43262507	51628560	4143	0.0901
116845a5-2178-44ff-8cac-58b95dd85081	19	51639099	51644944	11	-2.4796
116845a5-2178-44ff-8cac-58b95dd85081	19	51651652	58586487	4336	0.0674
116845a5-2178-44ff-8cac-58b95dd85081	20	80664	1579916	1198	0.1188
116845a5-2178-44ff-8cac-58b95dd85081	20	1580141	1580353	5	0.8211
116845a5-2178-44ff-8cac-58b95dd85081	20	1580934	1613247	41	2.3687
116845a5-2178-44ff-8cac-58b95dd85081	20	1617300	1825932	195	0.1517
116845a5-2178-44ff-8cac-58b95dd85081	20	1827932	4040298	1475	0.1312
116845a5-2178-44ff-8cac-58b95dd85081	20	4040488	4064645	26	-0.1962
116845a5-2178-44ff-8cac-58b95dd85081	20	4065488	20432236	13161	0.1165
116845a5-2178-44ff-8cac-58b95dd85081	20	20434488	24444068	2916	0.0829
116845a5-2178-44ff-8cac-58b95dd85081	20	24446774	26172856	911	0.1197
116845a5-2178-44ff-8cac-58b95dd85081	20	26172881	54028329	14932	0.1549
116845a5-2178-44ff-8cac-58b95dd85081	20	54031269	54042112	37	-0.6785
116845a5-2178-44ff-8cac-58b95dd85081	20	54046035	64324800	7448	0.1383
116845a5-2178-44ff-8cac-58b95dd85081	21	10354168	10459118	17	0.6097
116845a5-2178-44ff-8cac-58b95dd85081	21	10459828	13270157	111	0.2835
116845a5-2178-44ff-8cac-58b95dd85081	21	13270257	15123429	949	0.419
116845a5-2178-44ff-8cac-58b95dd85081	21	15124158	18189321	2131	0.4715
116845a5-2178-44ff-8cac-58b95dd85081	21	18195408	19562130	1059	0.4247
116845a5-2178-44ff-8cac-58b95dd85081	21	19562674	25840212	4693	0.3991
116845a5-2178-44ff-8cac-58b95dd85081	21	25840509	26908194	889	0.4378
116845a5-2178-44ff-8cac-58b95dd85081	21	26910341	26910533	3	-0.5867
116845a5-2178-44ff-8cac-58b95dd85081	21	26911285	41483707	11008	0.4368
116845a5-2178-44ff-8cac-58b95dd85081	21	41483720	41483732	2	-0.6127
116845a5-2178-44ff-8cac-58b95dd85081	21	41483754	46677045	2977	0.4488
116845a5-2178-44ff-8cac-58b95dd85081	22	15294547	15869820	36	0.4139
116845a5-2178-44ff-8cac-58b95dd85081	22	15925481	16752511	102	0.9327
116845a5-2178-44ff-8cac-58b95dd85081	22	16754710	16755142	2	-0.2513
116845a5-2178-44ff-8cac-58b95dd85081	22	16757380	17593757	574	0.9942
116845a5-2178-44ff-8cac-58b95dd85081	22	17596752	17892012	200	-0.0162
116845a5-2178-44ff-8cac-58b95dd85081	22	17898920	17899689	3	0.6868
116845a5-2178-44ff-8cac-58b95dd85081	22	17902400	17928129	15	1.6235
116845a5-2178-44ff-8cac-58b95dd85081	22	17931986	18822581	208	0.0115
116845a5-2178-44ff-8cac-58b95dd85081	22	18822597	18917479	2	1.1459
116845a5-2178-44ff-8cac-58b95dd85081	22	18918078	20292634	858	0.0064
116845a5-2178-44ff-8cac-58b95dd85081	22	20294733	20295284	3	1.0996
116845a5-2178-44ff-8cac-58b95dd85081	22	20297604	22397854	1451	-0.0148
116845a5-2178-44ff-8cac-58b95dd85081	22	22398127	22398545	5	-0.8974
116845a5-2178-44ff-8cac-58b95dd85081	22	22402989	23929558	919	-0.02
116845a5-2178-44ff-8cac-58b95dd85081	22	23940911	23987520	14	-0.558
116845a5-2178-44ff-8cac-58b95dd85081	22	23988078	23989773	2	-2.8794
116845a5-2178-44ff-8cac-58b95dd85081	22	23990431	23990739	2	-0.9686
116845a5-2178-44ff-8cac-58b95dd85081	22	23995113	24685371	352	-0.0156
116845a5-2178-44ff-8cac-58b95dd85081	22	24686148	24686567	3	-1.5867
116845a5-2178-44ff-8cac-58b95dd85081	22	24691707	30648068	4624	-0.0296
116845a5-2178-44ff-8cac-58b95dd85081	22	30648299	30653946	3	-1.1359
116845a5-2178-44ff-8cac-58b95dd85081	22	30654305	41711741	7309	-0.0308
116845a5-2178-44ff-8cac-58b95dd85081	22	41713138	41771186	35	-0.5702
116845a5-2178-44ff-8cac-58b95dd85081	22	41771743	42501276	420	-0.0367
116845a5-2178-44ff-8cac-58b95dd85081	22	42503434	42554485	24	0.8432
116845a5-2178-44ff-8cac-58b95dd85081	22	42559425	42581184	10	-0.6729
116845a5-2178-44ff-8cac-58b95dd85081	22	42584045	47356361	3420	-0.0581
116845a5-2178-44ff-8cac-58b95dd85081	22	47356532	48436170	1096	-0.1079
116845a5-2178-44ff-8cac-58b95dd85081	22	48436931	48440033	5	-0.7974
116845a5-2178-44ff-8cac-58b95dd85081	22	48440205	49065939	507	-0.1104
116845a5-2178-44ff-8cac-58b95dd85081	22	49065952	49066298	3	0.7657
116845a5-2178-44ff-8cac-58b95dd85081	22	49066312	50244228	829	1.5458
116845a5-2178-44ff-8cac-58b95dd85081	22	50249919	50796027	229	0.0105
116845a5-2178-44ff-8cac-58b95dd85081	X	251810	4875053	1574	0.0582
116845a5-2178-44ff-8cac-58b95dd85081	X	4878573	7484616	2060	0.0095
116845a5-2178-44ff-8cac-58b95dd85081	X	7487623	16229520	6296	0.1011
116845a5-2178-44ff-8cac-58b95dd85081	X	16229784	18998673	1502	0.1579
116845a5-2178-44ff-8cac-58b95dd85081	X	18999171	19252812	173	0.0815
116845a5-2178-44ff-8cac-58b95dd85081	X	19254634	34024137	9596	0.0186
116845a5-2178-44ff-8cac-58b95dd85081	X	34026256	34052170	24	-0.7707
116845a5-2178-44ff-8cac-58b95dd85081	X	34055308	87029195	23715	0.029
116845a5-2178-44ff-8cac-58b95dd85081	X	87034167	91792349	2332	-0.0036
116845a5-2178-44ff-8cac-58b95dd85081	X	91793427	91798162	2	-1.2194
116845a5-2178-44ff-8cac-58b95dd85081	X	91798845	101081676	5029	0.0027
116845a5-2178-44ff-8cac-58b95dd85081	X	101083676	103999203	1433	0.0325
116845a5-2178-44ff-8cac-58b95dd85081	X	104003417	104050792	58	0.5352
116845a5-2178-44ff-8cac-58b95dd85081	X	104083894	116149379	6385	0.0159
116845a5-2178-44ff-8cac-58b95dd85081	X	116153653	118479618	1486	-0.4529
116845a5-2178-44ff-8cac-58b95dd85081	X	118483437	139583957	11970	0.0136
116845a5-2178-44ff-8cac-58b95dd85081	X	139584485	149302994	6519	-0.0142
116845a5-2178-44ff-8cac-58b95dd85081	X	149303000	149806805	247	0.025
116845a5-2178-44ff-8cac-58b95dd85081	X	149806880	149807236	2	-0.9759
116845a5-2178-44ff-8cac-58b95dd85081	X	149807293	151124426	827	0.0069
116845a5-2178-44ff-8cac-58b95dd85081	X	151125462	151126987	2	-2.2057
116845a5-2178-44ff-8cac-58b95dd85081	X	151128083	153218991	1335	-0.007
116845a5-2178-44ff-8cac-58b95dd85081	X	153219040	154734993	606	0.062
116845a5-2178-44ff-8cac-58b95dd85081	X	154735481	155952689	421	0.008
116845a5-2178-44ff-8cac-58b95dd85081	Y	2782397	3442606	212	-2.9629
116845a5-2178-44ff-8cac-58b95dd85081	Y	3460727	6167430	537	-2.4776
116845a5-2178-44ff-8cac-58b95dd85081	Y	6171310	6171622	2	-7.4274
116845a5-2178-44ff-8cac-58b95dd85081	Y	6180233	6249869	34	-2.2978
116845a5-2178-44ff-8cac-58b95dd85081	Y	6252391	7717398	530	-2.8783
116845a5-2178-44ff-8cac-58b95dd85081	Y	7719096	9985764	1025	-3.079
116845a5-2178-44ff-8cac-58b95dd85081	Y	9988431	20752415	3565	-2.8566
116845a5-2178-44ff-8cac-58b95dd85081	Y	20752492	20756691	2	-7.6733
116845a5-2178-44ff-8cac-58b95dd85081	Y	20757006	56872112	733	-2.8875
