GDC_Aliquot	Chromosome	Start	End	Num_Probes	Segment_Mean
34a4a64c-d8a5-44c8-ae5e-3ef0258179d6	1	62920	12779433	6476	-0.045
34a4a64c-d8a5-44c8-ae5e-3ef0258179d6	1	12792599	12867264	31	-0.7171
34a4a64c-d8a5-44c8-ae5e-3ef0258179d6	1	12868035	13388993	15	-0.3395
34a4a64c-d8a5-44c8-ae5e-3ef0258179d6	1	13389302	13391364	3	0.4337
34a4a64c-d8a5-44c8-ae5e-3ef0258179d6	1	13397641	15827002	1800	-0.0241
34a4a64c-d8a5-44c8-ae5e-3ef0258179d6	1	15827041	15841285	11	0.3467
34a4a64c-d8a5-44c8-ae5e-3ef0258179d6	1	15841304	16686246	329	-0.1148
34a4a64c-d8a5-44c8-ae5e-3ef0258179d6	1	16689764	16956580	80	-0.4843
34a4a64c-d8a5-44c8-ae5e-3ef0258179d6	1	16958425	72284670	33973	-0.0458
34a4a64c-d8a5-44c8-ae5e-3ef0258179d6	1	72290430	72297687	9	-3.3844
34a4a64c-d8a5-44c8-ae5e-3ef0258179d6	1	72302735	72345465	48	1.1151
34a4a64c-d8a5-44c8-ae5e-3ef0258179d6	1	72346221	105476583	20928	-0.0446
34a4a64c-d8a5-44c8-ae5e-3ef0258179d6	1	105476614	105479753	16	0.4238
34a4a64c-d8a5-44c8-ae5e-3ef0258179d6	1	105481433	109684893	2634	-0.0517
34a4a64c-d8a5-44c8-ae5e-3ef0258179d6	1	109690352	109702376	14	0.4952
34a4a64c-d8a5-44c8-ae5e-3ef0258179d6	1	109703504	121705338	7129	-0.0478
34a4a64c-d8a5-44c8-ae5e-3ef0258179d6	1	143459641	143748074	99	0.8406
34a4a64c-d8a5-44c8-ae5e-3ef0258179d6	1	143748421	143754062	14	1.381
34a4a64c-d8a5-44c8-ae5e-3ef0258179d6	1	143754077	143928045	14	0.734
34a4a64c-d8a5-44c8-ae5e-3ef0258179d6	1	143942271	144442342	6	-0.3176
34a4a64c-d8a5-44c8-ae5e-3ef0258179d6	1	144445555	152583051	2308	0.8221
34a4a64c-d8a5-44c8-ae5e-3ef0258179d6	1	152583230	152614118	35	-1.4986
34a4a64c-d8a5-44c8-ae5e-3ef0258179d6	1	152618018	152787202	167	0.8446
34a4a64c-d8a5-44c8-ae5e-3ef0258179d6	1	152789447	152796224	37	-0.2018
34a4a64c-d8a5-44c8-ae5e-3ef0258179d6	1	152801429	193186662	27051	0.8256
34a4a64c-d8a5-44c8-ae5e-3ef0258179d6	1	193187149	193187218	4	-0.7072
34a4a64c-d8a5-44c8-ae5e-3ef0258179d6	1	193190593	196745743	2396	0.8263
34a4a64c-d8a5-44c8-ae5e-3ef0258179d6	1	196758720	196832525	57	-0.4925
34a4a64c-d8a5-44c8-ae5e-3ef0258179d6	1	196832720	227237600	20447	0.8274
34a4a64c-d8a5-44c8-ae5e-3ef0258179d6	1	227238371	227238705	3	-0.9503
34a4a64c-d8a5-44c8-ae5e-3ef0258179d6	1	227241477	229675422	1375	0.816
34a4a64c-d8a5-44c8-ae5e-3ef0258179d6	1	229681109	229685207	7	-0.3882
34a4a64c-d8a5-44c8-ae5e-3ef0258179d6	1	229685255	242895277	10177	0.8326
34a4a64c-d8a5-44c8-ae5e-3ef0258179d6	1	242895307	242896472	8	0.1537
34a4a64c-d8a5-44c8-ae5e-3ef0258179d6	1	242899299	248930189	3777	0.8399
34a4a64c-d8a5-44c8-ae5e-3ef0258179d6	2	12784	24384085	17905	-0.0437
34a4a64c-d8a5-44c8-ae5e-3ef0258179d6	2	24384113	24387919	13	-0.6576
34a4a64c-d8a5-44c8-ae5e-3ef0258179d6	2	24388259	35750907	7050	-0.0411
34a4a64c-d8a5-44c8-ae5e-3ef0258179d6	2	35752724	35761650	4	-1.8072
34a4a64c-d8a5-44c8-ae5e-3ef0258179d6	2	35761842	52527330	12111	-0.0451
34a4a64c-d8a5-44c8-ae5e-3ef0258179d6	2	52527342	52554157	31	-2.3534
34a4a64c-d8a5-44c8-ae5e-3ef0258179d6	2	52554188	52554404	8	-1.1276
34a4a64c-d8a5-44c8-ae5e-3ef0258179d6	2	52560811	113604438	33174	-0.0458
34a4a64c-d8a5-44c8-ae5e-3ef0258179d6	2	113604837	113604839	2	-2.0293
34a4a64c-d8a5-44c8-ae5e-3ef0258179d6	2	113623244	128880928	9591	-0.0389
34a4a64c-d8a5-44c8-ae5e-3ef0258179d6	2	128881200	128882741	13	-0.6815
34a4a64c-d8a5-44c8-ae5e-3ef0258179d6	2	128882755	207490231	47348	-0.0473
34a4a64c-d8a5-44c8-ae5e-3ef0258179d6	2	207490454	207494007	11	-0.9538
34a4a64c-d8a5-44c8-ae5e-3ef0258179d6	2	207494030	242147305	22062	-0.0467
34a4a64c-d8a5-44c8-ae5e-3ef0258179d6	3	20930	68697013	47731	-0.0432
34a4a64c-d8a5-44c8-ae5e-3ef0258179d6	3	68697108	68698262	14	0.8155
34a4a64c-d8a5-44c8-ae5e-3ef0258179d6	3	68699607	175362803	62620	-0.0427
34a4a64c-d8a5-44c8-ae5e-3ef0258179d6	3	175362822	175363536	6	-1.0646
34a4a64c-d8a5-44c8-ae5e-3ef0258179d6	3	175368999	195558822	12996	-0.0427
34a4a64c-d8a5-44c8-ae5e-3ef0258179d6	3	195559056	195729085	33	-1.0666
34a4a64c-d8a5-44c8-ae5e-3ef0258179d6	3	195729177	195973611	94	-0.0968
34a4a64c-d8a5-44c8-ae5e-3ef0258179d6	3	195974244	195991894	5	-1.0265
34a4a64c-d8a5-44c8-ae5e-3ef0258179d6	3	195998433	196937288	458	-0.0537
34a4a64c-d8a5-44c8-ae5e-3ef0258179d6	3	196938927	196939188	2	-1.6072
34a4a64c-d8a5-44c8-ae5e-3ef0258179d6	3	196947878	198169247	618	-0.0583
34a4a64c-d8a5-44c8-ae5e-3ef0258179d6	4	68929	2180555	774	-0.0343
34a4a64c-d8a5-44c8-ae5e-3ef0258179d6	4	2193362	2195216	5	-0.8828
34a4a64c-d8a5-44c8-ae5e-3ef0258179d6	4	2198891	3982817	804	-0.0355
34a4a64c-d8a5-44c8-ae5e-3ef0258179d6	4	3983081	4174887	56	-0.2922
34a4a64c-d8a5-44c8-ae5e-3ef0258179d6	4	4174902	9455251	3509	-0.0373
34a4a64c-d8a5-44c8-ae5e-3ef0258179d6	4	9459504	9594829	37	-0.3327
34a4a64c-d8a5-44c8-ae5e-3ef0258179d6	4	9595503	10208670	507	-0.0345
34a4a64c-d8a5-44c8-ae5e-3ef0258179d6	4	10208766	10233644	36	0.298
34a4a64c-d8a5-44c8-ae5e-3ef0258179d6	4	10234518	34784878	16950	-0.0419
34a4a64c-d8a5-44c8-ae5e-3ef0258179d6	4	34785333	34823103	37	-1.9951
34a4a64c-d8a5-44c8-ae5e-3ef0258179d6	4	34828250	45003738	6626	-0.0446
34a4a64c-d8a5-44c8-ae5e-3ef0258179d6	4	45003835	45004318	4	-0.9691
34a4a64c-d8a5-44c8-ae5e-3ef0258179d6	4	45008952	49141246	2319	-0.0272
34a4a64c-d8a5-44c8-ae5e-3ef0258179d6	4	49146817	51832470	38	-0.3543
34a4a64c-d8a5-44c8-ae5e-3ef0258179d6	4	51832591	68389352	10422	-0.0409
34a4a64c-d8a5-44c8-ae5e-3ef0258179d6	4	68391041	68422424	9	-0.8185
34a4a64c-d8a5-44c8-ae5e-3ef0258179d6	4	68429081	69261934	394	-0.0757
34a4a64c-d8a5-44c8-ae5e-3ef0258179d6	4	69262694	69376311	58	0.2085
34a4a64c-d8a5-44c8-ae5e-3ef0258179d6	4	69377178	73776775	2621	-0.0519
34a4a64c-d8a5-44c8-ae5e-3ef0258179d6	4	73777063	75021274	750	-0.2319
34a4a64c-d8a5-44c8-ae5e-3ef0258179d6	4	75021419	76368633	875	-0.0498
34a4a64c-d8a5-44c8-ae5e-3ef0258179d6	4	76370923	76371213	3	-2.1895
34a4a64c-d8a5-44c8-ae5e-3ef0258179d6	4	76371648	80272618	2563	-0.0462
34a4a64c-d8a5-44c8-ae5e-3ef0258179d6	4	80276196	96225779	9783	-0.2178
34a4a64c-d8a5-44c8-ae5e-3ef0258179d6	4	96228409	119838014	14026	-0.0446
34a4a64c-d8a5-44c8-ae5e-3ef0258179d6	4	119838226	119838424	2	-1.4971
34a4a64c-d8a5-44c8-ae5e-3ef0258179d6	4	119843849	134697419	8534	-0.0495
34a4a64c-d8a5-44c8-ae5e-3ef0258179d6	4	134697797	141123422	4114	-0.2175
34a4a64c-d8a5-44c8-ae5e-3ef0258179d6	4	141124008	160952848	11971	-0.0469
34a4a64c-d8a5-44c8-ae5e-3ef0258179d6	4	160958866	160958989	3	-0.8365
34a4a64c-d8a5-44c8-ae5e-3ef0258179d6	4	160959045	160963448	17	-2.5113
34a4a64c-d8a5-44c8-ae5e-3ef0258179d6	4	160963756	171448195	6661	-0.0425
34a4a64c-d8a5-44c8-ae5e-3ef0258179d6	4	171453733	171456137	7	1.3727
34a4a64c-d8a5-44c8-ae5e-3ef0258179d6	4	171456293	185147450	9203	-0.047
34a4a64c-d8a5-44c8-ae5e-3ef0258179d6	4	185147483	190106768	3275	-0.2123
34a4a64c-d8a5-44c8-ae5e-3ef0258179d6	5	15532	14227428	11140	-0.039
34a4a64c-d8a5-44c8-ae5e-3ef0258179d6	5	14228104	14230053	2	-1.8277
34a4a64c-d8a5-44c8-ae5e-3ef0258179d6	5	14230464	17601444	2220	-0.0351
34a4a64c-d8a5-44c8-ae5e-3ef0258179d6	5	17601619	17625524	10	-1.0638
34a4a64c-d8a5-44c8-ae5e-3ef0258179d6	5	17629411	179498842	98356	-0.0462
34a4a64c-d8a5-44c8-ae5e-3ef0258179d6	5	179501760	179509721	5	-1.3854
34a4a64c-d8a5-44c8-ae5e-3ef0258179d6	5	179510391	181363319	1020	-0.0479
34a4a64c-d8a5-44c8-ae5e-3ef0258179d6	6	149661	254283	101	-0.0893
34a4a64c-d8a5-44c8-ae5e-3ef0258179d6	6	257353	382559	101	-0.6438
34a4a64c-d8a5-44c8-ae5e-3ef0258179d6	6	382897	29575996	21204	-0.0526
34a4a64c-d8a5-44c8-ae5e-3ef0258179d6	6	29577938	29582841	7	-0.9638
34a4a64c-d8a5-44c8-ae5e-3ef0258179d6	6	29584084	29869295	204	-0.0517
34a4a64c-d8a5-44c8-ae5e-3ef0258179d6	6	29869410	29881490	16	-1.1005
34a4a64c-d8a5-44c8-ae5e-3ef0258179d6	6	29882419	31313046	661	-0.0775
34a4a64c-d8a5-44c8-ae5e-3ef0258179d6	6	31318499	31327629	7	-1.7078
34a4a64c-d8a5-44c8-ae5e-3ef0258179d6	6	31328176	32656527	560	-0.0927
34a4a64c-d8a5-44c8-ae5e-3ef0258179d6	6	32656814	32682835	6	-0.9776
34a4a64c-d8a5-44c8-ae5e-3ef0258179d6	6	32686863	33970029	798	-0.0341
34a4a64c-d8a5-44c8-ae5e-3ef0258179d6	6	33970222	33974928	8	-0.9693
34a4a64c-d8a5-44c8-ae5e-3ef0258179d6	6	33976809	76726442	25034	-0.0458
34a4a64c-d8a5-44c8-ae5e-3ef0258179d6	6	76726815	76743040	22	0.3512
34a4a64c-d8a5-44c8-ae5e-3ef0258179d6	6	76751356	78253172	975	-0.047
34a4a64c-d8a5-44c8-ae5e-3ef0258179d6	6	78259348	78325468	110	-2.0054
34a4a64c-d8a5-44c8-ae5e-3ef0258179d6	6	78329517	80287034	1227	-0.0631
34a4a64c-d8a5-44c8-ae5e-3ef0258179d6	6	80287936	80288183	2	-2.4723
34a4a64c-d8a5-44c8-ae5e-3ef0258179d6	6	80290496	110068723	18492	-0.0456
34a4a64c-d8a5-44c8-ae5e-3ef0258179d6	6	110073310	110073324	2	-2.7211
34a4a64c-d8a5-44c8-ae5e-3ef0258179d6	6	110073703	110151584	51	-0.0291
34a4a64c-d8a5-44c8-ae5e-3ef0258179d6	6	110151735	110155227	3	-1.1318
34a4a64c-d8a5-44c8-ae5e-3ef0258179d6	6	110164242	125370485	9258	-0.0414
34a4a64c-d8a5-44c8-ae5e-3ef0258179d6	6	125371100	125371244	2	-1.7421
34a4a64c-d8a5-44c8-ae5e-3ef0258179d6	6	125372547	159298207	22389	-0.0513
34a4a64c-d8a5-44c8-ae5e-3ef0258179d6	6	159298543	170741917	8185	-0.2273
34a4a64c-d8a5-44c8-ae5e-3ef0258179d6	7	43355	65765	29	0.3591
34a4a64c-d8a5-44c8-ae5e-3ef0258179d6	7	68316	6853677	3399	-0.018
34a4a64c-d8a5-44c8-ae5e-3ef0258179d6	7	6858609	6880649	9	-1.0353
34a4a64c-d8a5-44c8-ae5e-3ef0258179d6	7	6889070	15392007	6925	-0.0313
34a4a64c-d8a5-44c8-ae5e-3ef0258179d6	7	15392045	15393664	2	-1.6814
34a4a64c-d8a5-44c8-ae5e-3ef0258179d6	7	15394440	30769594	11734	-0.0303
34a4a64c-d8a5-44c8-ae5e-3ef0258179d6	7	30772877	30797660	27	-1.1163
34a4a64c-d8a5-44c8-ae5e-3ef0258179d6	7	30798168	35529253	3157	-0.0231
34a4a64c-d8a5-44c8-ae5e-3ef0258179d6	7	35534141	35535593	2	-1.8536
34a4a64c-d8a5-44c8-ae5e-3ef0258179d6	7	35538306	109801155	41581	-0.0318
34a4a64c-d8a5-44c8-ae5e-3ef0258179d6	7	109801187	109813853	11	0.8148
34a4a64c-d8a5-44c8-ae5e-3ef0258179d6	7	109813925	125290579	9257	-0.0264
34a4a64c-d8a5-44c8-ae5e-3ef0258179d6	7	125290668	125293169	2	-1.4004
34a4a64c-d8a5-44c8-ae5e-3ef0258179d6	7	125293823	132087280	4104	-0.0315
34a4a64c-d8a5-44c8-ae5e-3ef0258179d6	7	132093689	132095496	6	-1.0658
34a4a64c-d8a5-44c8-ae5e-3ef0258179d6	7	132100075	134100424	1350	-0.0219
34a4a64c-d8a5-44c8-ae5e-3ef0258179d6	7	134100442	134105690	23	0.6424
34a4a64c-d8a5-44c8-ae5e-3ef0258179d6	7	134110881	134561354	351	-0.008
34a4a64c-d8a5-44c8-ae5e-3ef0258179d6	7	134565570	134570250	7	-0.6992
34a4a64c-d8a5-44c8-ae5e-3ef0258179d6	7	134570698	142070732	4840	-0.0328
34a4a64c-d8a5-44c8-ae5e-3ef0258179d6	7	142070827	142082310	7	-1.0101
34a4a64c-d8a5-44c8-ae5e-3ef0258179d6	7	142082848	142459996	311	-0.0179
34a4a64c-d8a5-44c8-ae5e-3ef0258179d6	7	142463509	142476060	16	-0.8329
34a4a64c-d8a5-44c8-ae5e-3ef0258179d6	7	142485450	144176859	891	-0.0184
34a4a64c-d8a5-44c8-ae5e-3ef0258179d6	7	144199159	144352208	16	-0.4775
34a4a64c-d8a5-44c8-ae5e-3ef0258179d6	7	144377836	150141391	3594	-0.0308
34a4a64c-d8a5-44c8-ae5e-3ef0258179d6	7	150147550	150150651	5	-0.9762
34a4a64c-d8a5-44c8-ae5e-3ef0258179d6	7	150154479	153450553	1954	-0.0435
34a4a64c-d8a5-44c8-ae5e-3ef0258179d6	7	153450560	153450627	2	-1.6918
34a4a64c-d8a5-44c8-ae5e-3ef0258179d6	7	153450630	155671335	1770	-0.0166
34a4a64c-d8a5-44c8-ae5e-3ef0258179d6	7	155673169	155686045	5	0.8944
34a4a64c-d8a5-44c8-ae5e-3ef0258179d6	7	155686292	159334314	2308	-0.0301
34a4a64c-d8a5-44c8-ae5e-3ef0258179d6	8	81254	644944	323	0.3856
34a4a64c-d8a5-44c8-ae5e-3ef0258179d6	8	644973	645908	9	-0.3226
34a4a64c-d8a5-44c8-ae5e-3ef0258179d6	8	656117	2182030	1231	0.3372
34a4a64c-d8a5-44c8-ae5e-3ef0258179d6	8	2182176	2345211	46	-0.9465
34a4a64c-d8a5-44c8-ae5e-3ef0258179d6	8	2345962	2382635	80	0.3584
34a4a64c-d8a5-44c8-ae5e-3ef0258179d6	8	2486424	2725657	207	0.9705
34a4a64c-d8a5-44c8-ae5e-3ef0258179d6	8	2732385	7076236	5797	0.352
34a4a64c-d8a5-44c8-ae5e-3ef0258179d6	8	7078298	8214781	101	0.0083
34a4a64c-d8a5-44c8-ae5e-3ef0258179d6	8	8234503	8288489	60	1.286
34a4a64c-d8a5-44c8-ae5e-3ef0258179d6	8	8290477	12143614	3163	0.3558
34a4a64c-d8a5-44c8-ae5e-3ef0258179d6	8	12176798	12419769	33	-0.7332
34a4a64c-d8a5-44c8-ae5e-3ef0258179d6	8	12454103	25117062	10413	0.3486
34a4a64c-d8a5-44c8-ae5e-3ef0258179d6	8	25117985	25122039	10	-0.4013
34a4a64c-d8a5-44c8-ae5e-3ef0258179d6	8	25122389	25122472	7	-1.3665
34a4a64c-d8a5-44c8-ae5e-3ef0258179d6	8	25126554	25126818	6	-0.3083
34a4a64c-d8a5-44c8-ae5e-3ef0258179d6	8	25133589	39373140	9009	0.343
34a4a64c-d8a5-44c8-ae5e-3ef0258179d6	8	39378084	39529446	59	0.5739
34a4a64c-d8a5-44c8-ae5e-3ef0258179d6	8	39530780	40578450	837	0.3437
34a4a64c-d8a5-44c8-ae5e-3ef0258179d6	8	40578908	40579255	3	-0.7086
34a4a64c-d8a5-44c8-ae5e-3ef0258179d6	8	40583080	43651435	1697	0.334
34a4a64c-d8a5-44c8-ae5e-3ef0258179d6	8	43665212	46503830	176	0.1952
34a4a64c-d8a5-44c8-ae5e-3ef0258179d6	8	46503845	46805288	143	0.3256
34a4a64c-d8a5-44c8-ae5e-3ef0258179d6	8	46808561	46831640	20	-0.0299
34a4a64c-d8a5-44c8-ae5e-3ef0258179d6	8	46835670	57458599	6493	0.3406
34a4a64c-d8a5-44c8-ae5e-3ef0258179d6	8	57458876	57479052	25	0.0127
34a4a64c-d8a5-44c8-ae5e-3ef0258179d6	8	57481249	136665653	50301	0.3353
34a4a64c-d8a5-44c8-ae5e-3ef0258179d6	8	136669376	136850173	175	-0.2575
34a4a64c-d8a5-44c8-ae5e-3ef0258179d6	8	136850192	145072769	4991	0.3404
34a4a64c-d8a5-44c8-ae5e-3ef0258179d6	9	46587	602857	506	-0.075
34a4a64c-d8a5-44c8-ae5e-3ef0258179d6	9	602903	607307	6	0.7227
34a4a64c-d8a5-44c8-ae5e-3ef0258179d6	9	607519	1446459	943	-0.0639
34a4a64c-d8a5-44c8-ae5e-3ef0258179d6	9	1446987	1450274	11	-1.1799
34a4a64c-d8a5-44c8-ae5e-3ef0258179d6	9	1450320	23361807	18923	-0.0396
34a4a64c-d8a5-44c8-ae5e-3ef0258179d6	9	23363117	23373486	8	-1.7794
34a4a64c-d8a5-44c8-ae5e-3ef0258179d6	9	23378490	37033162	9480	-0.0451
34a4a64c-d8a5-44c8-ae5e-3ef0258179d6	9	37033364	37034620	2	-2.1494
34a4a64c-d8a5-44c8-ae5e-3ef0258179d6	9	37034672	40796987	1277	-0.048
34a4a64c-d8a5-44c8-ae5e-3ef0258179d6	9	40832327	42574420	125	-0.6529
34a4a64c-d8a5-44c8-ae5e-3ef0258179d6	9	42585140	42719891	11	0.1412
34a4a64c-d8a5-44c8-ae5e-3ef0258179d6	9	42720266	66015498	205	-0.2609
34a4a64c-d8a5-44c8-ae5e-3ef0258179d6	9	66018944	112458139	31514	-0.0453
34a4a64c-d8a5-44c8-ae5e-3ef0258179d6	9	112459764	112461694	3	-1.3845
34a4a64c-d8a5-44c8-ae5e-3ef0258179d6	9	112462119	133291001	14073	-0.0427
34a4a64c-d8a5-44c8-ae5e-3ef0258179d6	9	133295641	133299121	6	-0.9184
34a4a64c-d8a5-44c8-ae5e-3ef0258179d6	9	133306360	138200944	2290	-0.0419
34a4a64c-d8a5-44c8-ae5e-3ef0258179d6	10	45792	6612167	5642	-0.0488
34a4a64c-d8a5-44c8-ae5e-3ef0258179d6	10	6615813	6622545	25	-0.6283
34a4a64c-d8a5-44c8-ae5e-3ef0258179d6	10	6622706	24088745	13500	-0.0462
34a4a64c-d8a5-44c8-ae5e-3ef0258179d6	10	24088746	24089125	10	0.6191
34a4a64c-d8a5-44c8-ae5e-3ef0258179d6	10	24089979	27298602	2189	-0.0486
34a4a64c-d8a5-44c8-ae5e-3ef0258179d6	10	27304498	27308509	2	-2.2624
34a4a64c-d8a5-44c8-ae5e-3ef0258179d6	10	27318256	41806394	7670	-0.0471
34a4a64c-d8a5-44c8-ae5e-3ef0258179d6	10	41806457	42264605	27	-0.5822
34a4a64c-d8a5-44c8-ae5e-3ef0258179d6	10	42267782	46836986	2616	-0.0498
34a4a64c-d8a5-44c8-ae5e-3ef0258179d6	10	46898735	46967412	3	1.649
34a4a64c-d8a5-44c8-ae5e-3ef0258179d6	10	47002596	133415637	58718	-0.0399
34a4a64c-d8a5-44c8-ae5e-3ef0258179d6	10	133416215	133416364	2	-2.0116
34a4a64c-d8a5-44c8-ae5e-3ef0258179d6	10	133419150	133452473	15	-0.2233
34a4a64c-d8a5-44c8-ae5e-3ef0258179d6	10	133452644	133557862	89	-0.0344
34a4a64c-d8a5-44c8-ae5e-3ef0258179d6	10	133558600	133654968	44	-0.2515
34a4a64c-d8a5-44c8-ae5e-3ef0258179d6	11	198510	4947280	2415	-0.0525
34a4a64c-d8a5-44c8-ae5e-3ef0258179d6	11	4949013	4955042	29	0.5668
34a4a64c-d8a5-44c8-ae5e-3ef0258179d6	11	4955781	5762693	782	-0.0356
34a4a64c-d8a5-44c8-ae5e-3ef0258179d6	11	5766175	5787909	33	0.4398
34a4a64c-d8a5-44c8-ae5e-3ef0258179d6	11	5788108	55609035	31183	-0.0459
34a4a64c-d8a5-44c8-ae5e-3ef0258179d6	11	55609158	55707880	62	0.2163
34a4a64c-d8a5-44c8-ae5e-3ef0258179d6	11	55708084	99968957	27053	-0.0468
34a4a64c-d8a5-44c8-ae5e-3ef0258179d6	11	99972614	99975575	5	-1.1915
34a4a64c-d8a5-44c8-ae5e-3ef0258179d6	11	99977201	135074876	25135	-0.0419
34a4a64c-d8a5-44c8-ae5e-3ef0258179d6	12	51460	3732144	2445	-0.0357
34a4a64c-d8a5-44c8-ae5e-3ef0258179d6	12	3734929	3735238	3	-1.246
34a4a64c-d8a5-44c8-ae5e-3ef0258179d6	12	3736337	8204911	3077	-0.0418
34a4a64c-d8a5-44c8-ae5e-3ef0258179d6	12	8209454	8218118	8	0.7111
34a4a64c-d8a5-44c8-ae5e-3ef0258179d6	12	8220161	45506042	22819	-0.04
34a4a64c-d8a5-44c8-ae5e-3ef0258179d6	12	45510655	45515754	4	-1.335
34a4a64c-d8a5-44c8-ae5e-3ef0258179d6	12	45519509	99599628	33817	-0.0474
34a4a64c-d8a5-44c8-ae5e-3ef0258179d6	12	99600560	99613594	11	-1.0862
34a4a64c-d8a5-44c8-ae5e-3ef0258179d6	12	99614121	125002204	16242	-0.0458
34a4a64c-d8a5-44c8-ae5e-3ef0258179d6	12	125002251	125002291	2	-2.0287
34a4a64c-d8a5-44c8-ae5e-3ef0258179d6	12	125004847	131636170	5724	-0.0426
34a4a64c-d8a5-44c8-ae5e-3ef0258179d6	12	131648039	131648790	13	0.5953
34a4a64c-d8a5-44c8-ae5e-3ef0258179d6	12	131657925	133201603	558	-0.0435
34a4a64c-d8a5-44c8-ae5e-3ef0258179d6	13	18452809	18600494	13	-0.5822
34a4a64c-d8a5-44c8-ae5e-3ef0258179d6	13	18601035	31957984	9534	-0.0453
34a4a64c-d8a5-44c8-ae5e-3ef0258179d6	13	31958485	31964286	18	-0.9089
34a4a64c-d8a5-44c8-ae5e-3ef0258179d6	13	31965910	52497017	13799	-0.0426
34a4a64c-d8a5-44c8-ae5e-3ef0258179d6	13	52500777	52586099	18	-0.4876
34a4a64c-d8a5-44c8-ae5e-3ef0258179d6	13	52599178	54384759	1156	-0.032
34a4a64c-d8a5-44c8-ae5e-3ef0258179d6	13	54385011	54385769	2	-3.3495
34a4a64c-d8a5-44c8-ae5e-3ef0258179d6	13	54385787	57184492	1457	-0.0304
34a4a64c-d8a5-44c8-ae5e-3ef0258179d6	13	57189013	57336060	108	0.141
34a4a64c-d8a5-44c8-ae5e-3ef0258179d6	13	57337226	70161932	7791	-0.0377
34a4a64c-d8a5-44c8-ae5e-3ef0258179d6	13	70167265	70198262	46	-0.9698
34a4a64c-d8a5-44c8-ae5e-3ef0258179d6	13	70198634	114042521	29984	-0.0415
34a4a64c-d8a5-44c8-ae5e-3ef0258179d6	13	114052113	114055917	4	-1.4159
34a4a64c-d8a5-44c8-ae5e-3ef0258179d6	13	114057078	114342922	133	-0.0263
34a4a64c-d8a5-44c8-ae5e-3ef0258179d6	14	18239283	19256296	43	-0.147
34a4a64c-d8a5-44c8-ae5e-3ef0258179d6	14	19280948	19689684	21	-0.6091
34a4a64c-d8a5-44c8-ae5e-3ef0258179d6	14	19732024	22041952	1545	-0.0411
34a4a64c-d8a5-44c8-ae5e-3ef0258179d6	14	22042468	22500668	394	0.0989
34a4a64c-d8a5-44c8-ae5e-3ef0258179d6	14	22501067	106877229	53317	-0.0419
34a4a64c-d8a5-44c8-ae5e-3ef0258179d6	15	19811075	20026653	47	-0.1237
34a4a64c-d8a5-44c8-ae5e-3ef0258179d6	15	20041119	20380735	49	-0.5564
34a4a64c-d8a5-44c8-ae5e-3ef0258179d6	15	20380837	20381230	4	-1.6305
34a4a64c-d8a5-44c8-ae5e-3ef0258179d6	15	20381406	21078947	65	-0.6327
34a4a64c-d8a5-44c8-ae5e-3ef0258179d6	15	21085447	22649650	63	-0.3032
34a4a64c-d8a5-44c8-ae5e-3ef0258179d6	15	22650764	24159114	858	-0.0276
34a4a64c-d8a5-44c8-ae5e-3ef0258179d6	15	24162829	24424598	113	-0.1792
34a4a64c-d8a5-44c8-ae5e-3ef0258179d6	15	24429604	24469692	30	-0.7992
34a4a64c-d8a5-44c8-ae5e-3ef0258179d6	15	24469711	30077828	3592	-0.034
34a4a64c-d8a5-44c8-ae5e-3ef0258179d6	15	30094208	30215235	10	-1.3374
34a4a64c-d8a5-44c8-ae5e-3ef0258179d6	15	30230885	31059872	256	-0.0886
34a4a64c-d8a5-44c8-ae5e-3ef0258179d6	15	31064523	31097757	34	-1.088
34a4a64c-d8a5-44c8-ae5e-3ef0258179d6	15	31099938	32219773	790	-0.05
34a4a64c-d8a5-44c8-ae5e-3ef0258179d6	15	32220019	32307601	8	-0.9036
34a4a64c-d8a5-44c8-ae5e-3ef0258179d6	15	32323432	34431375	1500	-0.0459
34a4a64c-d8a5-44c8-ae5e-3ef0258179d6	15	34434971	34434988	2	-1.2602
34a4a64c-d8a5-44c8-ae5e-3ef0258179d6	15	34435421	45051850	6313	-0.0463
34a4a64c-d8a5-44c8-ae5e-3ef0258179d6	15	45059168	45075651	6	-1.3736
34a4a64c-d8a5-44c8-ae5e-3ef0258179d6	15	45078326	101928837	37740	-0.043
34a4a64c-d8a5-44c8-ae5e-3ef0258179d6	16	10777	12016	3	-0.3779
34a4a64c-d8a5-44c8-ae5e-3ef0258179d6	16	35827	14794738	11079	0.6207
34a4a64c-d8a5-44c8-ae5e-3ef0258179d6	16	14802340	15022400	68	0.1638
34a4a64c-d8a5-44c8-ae5e-3ef0258179d6	16	15031584	16259309	584	0.6473
34a4a64c-d8a5-44c8-ae5e-3ef0258179d6	16	16268505	16498856	12	-0.4723
34a4a64c-d8a5-44c8-ae5e-3ef0258179d6	16	16534205	16587041	15	-1.1156
34a4a64c-d8a5-44c8-ae5e-3ef0258179d6	16	16602544	18335528	998	0.5961
34a4a64c-d8a5-44c8-ae5e-3ef0258179d6	16	18540265	18713525	16	-0.5983
34a4a64c-d8a5-44c8-ae5e-3ef0258179d6	16	18714714	19933041	676	0.6103
34a4a64c-d8a5-44c8-ae5e-3ef0258179d6	16	19934328	19954553	28	-0.8566
34a4a64c-d8a5-44c8-ae5e-3ef0258179d6	16	19956040	20465821	385	0.5886
34a4a64c-d8a5-44c8-ae5e-3ef0258179d6	16	20467276	20467360	3	-0.6121
34a4a64c-d8a5-44c8-ae5e-3ef0258179d6	16	20467384	29251248	5166	0.6189
34a4a64c-d8a5-44c8-ae5e-3ef0258179d6	16	29261283	29272383	8	-0.3347
34a4a64c-d8a5-44c8-ae5e-3ef0258179d6	16	29276882	31948053	886	0.5779
34a4a64c-d8a5-44c8-ae5e-3ef0258179d6	16	31948830	34176391	118	0.2463
34a4a64c-d8a5-44c8-ae5e-3ef0258179d6	16	34196508	35237093	109	0.6285
34a4a64c-d8a5-44c8-ae5e-3ef0258179d6	16	35237121	35282548	21	1.3128
34a4a64c-d8a5-44c8-ae5e-3ef0258179d6	16	35282553	35282555	3	0.024
34a4a64c-d8a5-44c8-ae5e-3ef0258179d6	16	35282935	35522700	140	1.1904
34a4a64c-d8a5-44c8-ae5e-3ef0258179d6	16	35526596	36048855	133	0.5615
34a4a64c-d8a5-44c8-ae5e-3ef0258179d6	16	46441986	48140176	726	-0.5542
34a4a64c-d8a5-44c8-ae5e-3ef0258179d6	16	48140421	48146199	10	-1.4561
34a4a64c-d8a5-44c8-ae5e-3ef0258179d6	16	48147559	53243637	3580	-0.6265
34a4a64c-d8a5-44c8-ae5e-3ef0258179d6	16	53243643	53495861	258	-0.4706
34a4a64c-d8a5-44c8-ae5e-3ef0258179d6	16	53498663	63736539	6888	-0.6221
34a4a64c-d8a5-44c8-ae5e-3ef0258179d6	16	63744596	63747149	2	-3
34a4a64c-d8a5-44c8-ae5e-3ef0258179d6	16	63747696	76957696	7774	-0.6081
34a4a64c-d8a5-44c8-ae5e-3ef0258179d6	16	76959527	88025969	11174	-0.6537
34a4a64c-d8a5-44c8-ae5e-3ef0258179d6	16	88026406	90096867	867	-0.6163
34a4a64c-d8a5-44c8-ae5e-3ef0258179d6	17	150733	7354708	4080	-0.0363
34a4a64c-d8a5-44c8-ae5e-3ef0258179d6	17	7362030	7362487	2	-1.5763
34a4a64c-d8a5-44c8-ae5e-3ef0258179d6	17	7363157	8339592	450	-0.0606
34a4a64c-d8a5-44c8-ae5e-3ef0258179d6	17	8344229	8344415	2	-1.7784
34a4a64c-d8a5-44c8-ae5e-3ef0258179d6	17	8346140	46085732	18765	-0.0418
34a4a64c-d8a5-44c8-ae5e-3ef0258179d6	17	46088437	46284643	122	0.589
34a4a64c-d8a5-44c8-ae5e-3ef0258179d6	17	46284997	78398459	19279	-0.0505
34a4a64c-d8a5-44c8-ae5e-3ef0258179d6	17	78399475	78399775	3	-1.5412
34a4a64c-d8a5-44c8-ae5e-3ef0258179d6	17	78402323	83091923	2263	-0.0488
34a4a64c-d8a5-44c8-ae5e-3ef0258179d6	18	48133	1913315	1321	-0.0357
34a4a64c-d8a5-44c8-ae5e-3ef0258179d6	18	1914399	1921137	13	-0.5348
34a4a64c-d8a5-44c8-ae5e-3ef0258179d6	18	1921368	4068959	1557	-0.0282
34a4a64c-d8a5-44c8-ae5e-3ef0258179d6	18	4069027	4069404	2	-1.5514
34a4a64c-d8a5-44c8-ae5e-3ef0258179d6	18	4071425	53997831	29011	-0.0382
34a4a64c-d8a5-44c8-ae5e-3ef0258179d6	18	53998472	53998782	3	-1.2555
34a4a64c-d8a5-44c8-ae5e-3ef0258179d6	18	54001998	60593549	4540	-0.0409
34a4a64c-d8a5-44c8-ae5e-3ef0258179d6	18	60594566	60645984	27	0.5081
34a4a64c-d8a5-44c8-ae5e-3ef0258179d6	18	60646262	80257174	14194	-0.033
34a4a64c-d8a5-44c8-ae5e-3ef0258179d6	19	90910	20411294	8910	-0.0464
34a4a64c-d8a5-44c8-ae5e-3ef0258179d6	19	20411336	20533583	70	-0.7709
34a4a64c-d8a5-44c8-ae5e-3ef0258179d6	19	20538075	24048427	2008	-0.0506
34a4a64c-d8a5-44c8-ae5e-3ef0258179d6	19	24049742	24053712	5	-1.1752
34a4a64c-d8a5-44c8-ae5e-3ef0258179d6	19	24055649	24274155	124	-0.0789
34a4a64c-d8a5-44c8-ae5e-3ef0258179d6	19	24278016	24282155	10	-0.7106
34a4a64c-d8a5-44c8-ae5e-3ef0258179d6	19	24304880	40846832	8345	-0.0428
34a4a64c-d8a5-44c8-ae5e-3ef0258179d6	19	40854267	40864857	16	-0.9565
34a4a64c-d8a5-44c8-ae5e-3ef0258179d6	19	40864888	54787128	7269	-0.0485
34a4a64c-d8a5-44c8-ae5e-3ef0258179d6	19	54788617	54803365	10	-0.8021
34a4a64c-d8a5-44c8-ae5e-3ef0258179d6	19	54809324	54822372	7	-2.9515
34a4a64c-d8a5-44c8-ae5e-3ef0258179d6	19	54822429	54836508	10	-1.0282
34a4a64c-d8a5-44c8-ae5e-3ef0258179d6	19	54852069	58586487	2280	-0.0419
34a4a64c-d8a5-44c8-ae5e-3ef0258179d6	20	80664	384103	227	-0.017
34a4a64c-d8a5-44c8-ae5e-3ef0258179d6	20	390693	397598	5	-0.925
34a4a64c-d8a5-44c8-ae5e-3ef0258179d6	20	401164	1576590	952	-0.052
34a4a64c-d8a5-44c8-ae5e-3ef0258179d6	20	1576866	1601561	54	0.2095
34a4a64c-d8a5-44c8-ae5e-3ef0258179d6	20	1609611	15064766	10176	-0.0439
34a4a64c-d8a5-44c8-ae5e-3ef0258179d6	20	15071800	15163622	92	-1.0442
34a4a64c-d8a5-44c8-ae5e-3ef0258179d6	20	15164030	26324855	8490	-0.044
34a4a64c-d8a5-44c8-ae5e-3ef0258179d6	20	26324943	30406589	45	-0.4364
34a4a64c-d8a5-44c8-ae5e-3ef0258179d6	20	30414321	57053498	17342	-0.0441
34a4a64c-d8a5-44c8-ae5e-3ef0258179d6	20	57058289	57061422	4	-1.1013
34a4a64c-d8a5-44c8-ae5e-3ef0258179d6	20	57061582	64324800	4936	-0.0405
34a4a64c-d8a5-44c8-ae5e-3ef0258179d6	21	10354168	46677045	23830	-0.0422
34a4a64c-d8a5-44c8-ae5e-3ef0258179d6	22	15294547	50796027	23234	-0.0452
34a4a64c-d8a5-44c8-ae5e-3ef0258179d6	X	251810	16826891	10300	0.0904
34a4a64c-d8a5-44c8-ae5e-3ef0258179d6	X	16829642	25560362	5200	-0.086
34a4a64c-d8a5-44c8-ae5e-3ef0258179d6	X	25561275	29960759	2803	0.1061
34a4a64c-d8a5-44c8-ae5e-3ef0258179d6	X	29961089	33404817	2484	-0.0803
34a4a64c-d8a5-44c8-ae5e-3ef0258179d6	X	33408905	35199987	1161	0.0744
34a4a64c-d8a5-44c8-ae5e-3ef0258179d6	X	35201822	58444018	11420	-0.0863
34a4a64c-d8a5-44c8-ae5e-3ef0258179d6	X	58444188	67262321	1941	0.0821
34a4a64c-d8a5-44c8-ae5e-3ef0258179d6	X	67276554	74040975	3014	-0.0725
34a4a64c-d8a5-44c8-ae5e-3ef0258179d6	X	74048902	85449454	5526	0.0797
34a4a64c-d8a5-44c8-ae5e-3ef0258179d6	X	85449762	117826555	17422	-0.0861
34a4a64c-d8a5-44c8-ae5e-3ef0258179d6	X	117826853	144544539	15513	0.092
34a4a64c-d8a5-44c8-ae5e-3ef0258179d6	X	144549969	144553029	3	-1.1635
34a4a64c-d8a5-44c8-ae5e-3ef0258179d6	X	144556163	155952689	6806	0.0894
34a4a64c-d8a5-44c8-ae5e-3ef0258179d6	Y	2782397	6756775	854	-0.9624
34a4a64c-d8a5-44c8-ae5e-3ef0258179d6	Y	6761185	8894544	1236	-0.795
34a4a64c-d8a5-44c8-ae5e-3ef0258179d6	Y	8895085	8908301	2	2.0512
34a4a64c-d8a5-44c8-ae5e-3ef0258179d6	Y	8910310	26410703	4410	-0.825
34a4a64c-d8a5-44c8-ae5e-3ef0258179d6	Y	26411101	56872112	138	-0.9895
