GDC_Aliquot	Chromosome	Start	End	Num_Probes	Segment_Mean
ba887b57-a7ae-4bb7-b7fb-8e37f5e0cc20	1	62920	3281183	730	-0.1439
ba887b57-a7ae-4bb7-b7fb-8e37f5e0cc20	1	3282920	5731901	1895	-0.0604
ba887b57-a7ae-4bb7-b7fb-8e37f5e0cc20	1	5732493	5735567	2	-1.1591
ba887b57-a7ae-4bb7-b7fb-8e37f5e0cc20	1	5742025	15823420	5700	-0.0766
ba887b57-a7ae-4bb7-b7fb-8e37f5e0cc20	1	15827002	15827430	6	-1.2063
ba887b57-a7ae-4bb7-b7fb-8e37f5e0cc20	1	15827706	16679281	333	-0.0899
ba887b57-a7ae-4bb7-b7fb-8e37f5e0cc20	1	16679483	16935752	79	-0.4698
ba887b57-a7ae-4bb7-b7fb-8e37f5e0cc20	1	16949746	20556710	2539	-0.0498
ba887b57-a7ae-4bb7-b7fb-8e37f5e0cc20	1	20556929	20557323	4	-1.0538
ba887b57-a7ae-4bb7-b7fb-8e37f5e0cc20	1	20558448	30268649	5131	-0.0843
ba887b57-a7ae-4bb7-b7fb-8e37f5e0cc20	1	30268809	30272363	3	-1.1227
ba887b57-a7ae-4bb7-b7fb-8e37f5e0cc20	1	30274729	34626073	2549	-0.0788
ba887b57-a7ae-4bb7-b7fb-8e37f5e0cc20	1	34637053	34638890	20	-0.9489
ba887b57-a7ae-4bb7-b7fb-8e37f5e0cc20	1	34648667	55319999	11550	-0.0937
ba887b57-a7ae-4bb7-b7fb-8e37f5e0cc20	1	55320101	65499883	7742	-0.1269
ba887b57-a7ae-4bb7-b7fb-8e37f5e0cc20	1	65500321	72302815	4442	-0.1596
ba887b57-a7ae-4bb7-b7fb-8e37f5e0cc20	1	72303233	72345465	46	0.285
ba887b57-a7ae-4bb7-b7fb-8e37f5e0cc20	1	72346221	105470754	20896	-0.1544
ba887b57-a7ae-4bb7-b7fb-8e37f5e0cc20	1	105476583	105479753	17	0.5555
ba887b57-a7ae-4bb7-b7fb-8e37f5e0cc20	1	105481433	109684893	2629	-0.1464
ba887b57-a7ae-4bb7-b7fb-8e37f5e0cc20	1	109690352	109709226	26	0.1947
ba887b57-a7ae-4bb7-b7fb-8e37f5e0cc20	1	109709233	143494500	7108	-0.1236
ba887b57-a7ae-4bb7-b7fb-8e37f5e0cc20	1	143541857	152583051	2427	0.3597
ba887b57-a7ae-4bb7-b7fb-8e37f5e0cc20	1	152583230	152614118	35	-1.3204
ba887b57-a7ae-4bb7-b7fb-8e37f5e0cc20	1	152618018	152790414	181	0.357
ba887b57-a7ae-4bb7-b7fb-8e37f5e0cc20	1	152790427	152796224	22	0.7498
ba887b57-a7ae-4bb7-b7fb-8e37f5e0cc20	1	152801429	153018584	168	0.3918
ba887b57-a7ae-4bb7-b7fb-8e37f5e0cc20	1	153023248	153028238	4	-0.5218
ba887b57-a7ae-4bb7-b7fb-8e37f5e0cc20	1	153028502	168739299	10635	0.3665
ba887b57-a7ae-4bb7-b7fb-8e37f5e0cc20	1	168742897	169247699	452	0.3336
ba887b57-a7ae-4bb7-b7fb-8e37f5e0cc20	1	169264736	169273163	8	-0.3557
ba887b57-a7ae-4bb7-b7fb-8e37f5e0cc20	1	169285639	174827267	3505	0.3307
ba887b57-a7ae-4bb7-b7fb-8e37f5e0cc20	1	174827418	174832702	16	-0.6697
ba887b57-a7ae-4bb7-b7fb-8e37f5e0cc20	1	174832716	176540105	1109	0.3589
ba887b57-a7ae-4bb7-b7fb-8e37f5e0cc20	1	176540873	176540952	2	-1.0036
ba887b57-a7ae-4bb7-b7fb-8e37f5e0cc20	1	176541594	185109330	5854	0.359
ba887b57-a7ae-4bb7-b7fb-8e37f5e0cc20	1	185110198	196778780	7649	0.3056
ba887b57-a7ae-4bb7-b7fb-8e37f5e0cc20	1	196778912	196802150	24	0.6801
ba887b57-a7ae-4bb7-b7fb-8e37f5e0cc20	1	196820098	200899752	2571	0.3098
ba887b57-a7ae-4bb7-b7fb-8e37f5e0cc20	1	200902088	207024321	3975	0.3913
ba887b57-a7ae-4bb7-b7fb-8e37f5e0cc20	1	207026365	207983950	624	0.3224
ba887b57-a7ae-4bb7-b7fb-8e37f5e0cc20	1	207985442	209897717	1618	0.3712
ba887b57-a7ae-4bb7-b7fb-8e37f5e0cc20	1	209908268	209908720	2	-1.3586
ba887b57-a7ae-4bb7-b7fb-8e37f5e0cc20	1	209910639	227768124	11957	0.3471
ba887b57-a7ae-4bb7-b7fb-8e37f5e0cc20	1	227770181	231267827	2284	0.3947
ba887b57-a7ae-4bb7-b7fb-8e37f5e0cc20	1	231269249	248930189	12726	0.3502
ba887b57-a7ae-4bb7-b7fb-8e37f5e0cc20	2	12784	416815	253	0.1093
ba887b57-a7ae-4bb7-b7fb-8e37f5e0cc20	2	419457	419464	2	-1.1245
ba887b57-a7ae-4bb7-b7fb-8e37f5e0cc20	2	419848	4158097	2729	0.1089
ba887b57-a7ae-4bb7-b7fb-8e37f5e0cc20	2	4166274	4176429	42	-0.6295
ba887b57-a7ae-4bb7-b7fb-8e37f5e0cc20	2	4182472	31793182	19285	0.1004
ba887b57-a7ae-4bb7-b7fb-8e37f5e0cc20	2	31793472	31794077	2	-1.1583
ba887b57-a7ae-4bb7-b7fb-8e37f5e0cc20	2	31797538	34466002	1741	0.0822
ba887b57-a7ae-4bb7-b7fb-8e37f5e0cc20	2	34474248	34483565	7	-2.6098
ba887b57-a7ae-4bb7-b7fb-8e37f5e0cc20	2	34483583	34492841	22	-1.2467
ba887b57-a7ae-4bb7-b7fb-8e37f5e0cc20	2	34492907	34512096	18	-2.4266
ba887b57-a7ae-4bb7-b7fb-8e37f5e0cc20	2	34512489	35348321	530	0.0616
ba887b57-a7ae-4bb7-b7fb-8e37f5e0cc20	2	35348700	38727353	2642	0.0822
ba887b57-a7ae-4bb7-b7fb-8e37f5e0cc20	2	38728724	38741045	6	0.8843
ba887b57-a7ae-4bb7-b7fb-8e37f5e0cc20	2	38741355	41166983	1742	0.073
ba887b57-a7ae-4bb7-b7fb-8e37f5e0cc20	2	41170643	46760934	4201	0.1067
ba887b57-a7ae-4bb7-b7fb-8e37f5e0cc20	2	46765452	46770742	3	-0.6772
ba887b57-a7ae-4bb7-b7fb-8e37f5e0cc20	2	46771278	47119154	264	0.1637
ba887b57-a7ae-4bb7-b7fb-8e37f5e0cc20	2	47119190	48456674	697	0.0974
ba887b57-a7ae-4bb7-b7fb-8e37f5e0cc20	2	48459171	48634765	111	0.1557
ba887b57-a7ae-4bb7-b7fb-8e37f5e0cc20	2	48634978	49041665	321	0.0754
ba887b57-a7ae-4bb7-b7fb-8e37f5e0cc20	2	49042117	49042332	3	-0.6889
ba887b57-a7ae-4bb7-b7fb-8e37f5e0cc20	2	49044278	52514599	2454	0.0639
ba887b57-a7ae-4bb7-b7fb-8e37f5e0cc20	2	52516787	52527743	8	-1.0691
ba887b57-a7ae-4bb7-b7fb-8e37f5e0cc20	2	52531615	52554188	26	-0.2003
ba887b57-a7ae-4bb7-b7fb-8e37f5e0cc20	2	52554236	69746605	11351	0.0779
ba887b57-a7ae-4bb7-b7fb-8e37f5e0cc20	2	69749105	75869692	3663	0.1092
ba887b57-a7ae-4bb7-b7fb-8e37f5e0cc20	2	75870533	84298338	5463	0.0683
ba887b57-a7ae-4bb7-b7fb-8e37f5e0cc20	2	84299356	91734095	2403	0.1007
ba887b57-a7ae-4bb7-b7fb-8e37f5e0cc20	2	91737435	94703406	63	-0.0632
ba887b57-a7ae-4bb7-b7fb-8e37f5e0cc20	2	94703691	97359885	869	0.1143
ba887b57-a7ae-4bb7-b7fb-8e37f5e0cc20	2	97524284	97545726	9	-0.8164
ba887b57-a7ae-4bb7-b7fb-8e37f5e0cc20	2	97550415	102966599	3328	0.1062
ba887b57-a7ae-4bb7-b7fb-8e37f5e0cc20	2	102967275	104355588	809	0.0379
ba887b57-a7ae-4bb7-b7fb-8e37f5e0cc20	2	104355673	106266773	1431	0.0988
ba887b57-a7ae-4bb7-b7fb-8e37f5e0cc20	2	106266875	106268901	7	0.8723
ba887b57-a7ae-4bb7-b7fb-8e37f5e0cc20	2	106270799	113604438	3780	0.0989
ba887b57-a7ae-4bb7-b7fb-8e37f5e0cc20	2	113604837	113623244	3	-1.0469
ba887b57-a7ae-4bb7-b7fb-8e37f5e0cc20	2	113625975	118792131	3259	0.0748
ba887b57-a7ae-4bb7-b7fb-8e37f5e0cc20	2	118792176	122244096	2075	0.1283
ba887b57-a7ae-4bb7-b7fb-8e37f5e0cc20	2	122244400	134782397	7691	0.0944
ba887b57-a7ae-4bb7-b7fb-8e37f5e0cc20	2	134783159	146106875	6959	0.0589
ba887b57-a7ae-4bb7-b7fb-8e37f5e0cc20	2	146106889	146109366	21	0.6169
ba887b57-a7ae-4bb7-b7fb-8e37f5e0cc20	2	146120238	167813955	12895	0.0567
ba887b57-a7ae-4bb7-b7fb-8e37f5e0cc20	2	167816733	175468621	4966	0.0778
ba887b57-a7ae-4bb7-b7fb-8e37f5e0cc20	2	175468836	183929673	5366	0.0526
ba887b57-a7ae-4bb7-b7fb-8e37f5e0cc20	2	183929787	183937714	16	-0.5593
ba887b57-a7ae-4bb7-b7fb-8e37f5e0cc20	2	183943862	199796984	8980	0.0473
ba887b57-a7ae-4bb7-b7fb-8e37f5e0cc20	2	199797373	206308151	3906	0.0762
ba887b57-a7ae-4bb7-b7fb-8e37f5e0cc20	2	206308777	207490231	737	0.0506
ba887b57-a7ae-4bb7-b7fb-8e37f5e0cc20	2	207490454	207494612	15	-2.6042
ba887b57-a7ae-4bb7-b7fb-8e37f5e0cc20	2	207494752	216199641	5550	0.0589
ba887b57-a7ae-4bb7-b7fb-8e37f5e0cc20	2	216200179	219345092	1944	0.1041
ba887b57-a7ae-4bb7-b7fb-8e37f5e0cc20	2	219347943	219347997	2	-0.7278
ba887b57-a7ae-4bb7-b7fb-8e37f5e0cc20	2	219352702	220403734	703	0.1099
ba887b57-a7ae-4bb7-b7fb-8e37f5e0cc20	2	220406691	228892290	5634	0.0734
ba887b57-a7ae-4bb7-b7fb-8e37f5e0cc20	2	228894763	228895197	8	-0.6593
ba887b57-a7ae-4bb7-b7fb-8e37f5e0cc20	2	228895367	231233455	1432	0.0849
ba887b57-a7ae-4bb7-b7fb-8e37f5e0cc20	2	231235227	242147305	6755	0.1289
ba887b57-a7ae-4bb7-b7fb-8e37f5e0cc20	3	20930	16199877	12876	0.1126
ba887b57-a7ae-4bb7-b7fb-8e37f5e0cc20	3	16202089	37291330	14264	0.0823
ba887b57-a7ae-4bb7-b7fb-8e37f5e0cc20	3	37291511	52989195	8512	0.1162
ba887b57-a7ae-4bb7-b7fb-8e37f5e0cc20	3	52994359	53005100	37	-0.4099
ba887b57-a7ae-4bb7-b7fb-8e37f5e0cc20	3	53005201	68697013	12010	0.1105
ba887b57-a7ae-4bb7-b7fb-8e37f5e0cc20	3	68697108	68698262	14	-1.2086
ba887b57-a7ae-4bb7-b7fb-8e37f5e0cc20	3	68699607	68731874	36	0.0075
ba887b57-a7ae-4bb7-b7fb-8e37f5e0cc20	3	68732085	73772606	3808	0.1025
ba887b57-a7ae-4bb7-b7fb-8e37f5e0cc20	3	73775091	74447964	505	0.0713
ba887b57-a7ae-4bb7-b7fb-8e37f5e0cc20	3	74449670	74449909	2	-1.0407
ba887b57-a7ae-4bb7-b7fb-8e37f5e0cc20	3	74449911	76493009	1004	0.0733
ba887b57-a7ae-4bb7-b7fb-8e37f5e0cc20	3	76493632	76494304	2	-1.1058
ba887b57-a7ae-4bb7-b7fb-8e37f5e0cc20	3	76495020	99218940	10518	0.0629
ba887b57-a7ae-4bb7-b7fb-8e37f5e0cc20	3	99225614	99230577	38	-1.8651
ba887b57-a7ae-4bb7-b7fb-8e37f5e0cc20	3	99232120	114935704	9438	0.0609
ba887b57-a7ae-4bb7-b7fb-8e37f5e0cc20	3	114936935	114942097	7	-0.5418
ba887b57-a7ae-4bb7-b7fb-8e37f5e0cc20	3	114950103	122855203	4892	0.0731
ba887b57-a7ae-4bb7-b7fb-8e37f5e0cc20	3	122855604	129636277	4150	0.1217
ba887b57-a7ae-4bb7-b7fb-8e37f5e0cc20	3	129636310	130044016	188	0.0638
ba887b57-a7ae-4bb7-b7fb-8e37f5e0cc20	3	130044855	130087393	38	-1.208
ba887b57-a7ae-4bb7-b7fb-8e37f5e0cc20	3	130088081	132273893	1434	0.0826
ba887b57-a7ae-4bb7-b7fb-8e37f5e0cc20	3	132273929	132276840	3	-1.9126
ba887b57-a7ae-4bb7-b7fb-8e37f5e0cc20	3	132281633	136300257	2581	0.1008
ba887b57-a7ae-4bb7-b7fb-8e37f5e0cc20	3	136304109	136306584	2	1.2394
ba887b57-a7ae-4bb7-b7fb-8e37f5e0cc20	3	136319699	143564495	4324	0.0935
ba887b57-a7ae-4bb7-b7fb-8e37f5e0cc20	3	143565033	143567132	8	0.6234
ba887b57-a7ae-4bb7-b7fb-8e37f5e0cc20	3	143567959	143713141	119	0.0851
ba887b57-a7ae-4bb7-b7fb-8e37f5e0cc20	3	143713525	162996729	11891	0.0648
ba887b57-a7ae-4bb7-b7fb-8e37f5e0cc20	3	162999939	163001774	2	1.2279
ba887b57-a7ae-4bb7-b7fb-8e37f5e0cc20	3	163008371	170442615	4254	0.0596
ba887b57-a7ae-4bb7-b7fb-8e37f5e0cc20	3	170442705	170444402	2	-0.968
ba887b57-a7ae-4bb7-b7fb-8e37f5e0cc20	3	170445686	175362822	3306	0.0675
ba887b57-a7ae-4bb7-b7fb-8e37f5e0cc20	3	175362958	175363437	4	-0.8206
ba887b57-a7ae-4bb7-b7fb-8e37f5e0cc20	3	175363536	175583324	178	0.101
ba887b57-a7ae-4bb7-b7fb-8e37f5e0cc20	3	175583868	175595005	9	0.5308
ba887b57-a7ae-4bb7-b7fb-8e37f5e0cc20	3	175601929	180753918	3154	0.0644
ba887b57-a7ae-4bb7-b7fb-8e37f5e0cc20	3	180755037	180759507	3	-0.9897
ba887b57-a7ae-4bb7-b7fb-8e37f5e0cc20	3	180759715	182918821	1145	0.0632
ba887b57-a7ae-4bb7-b7fb-8e37f5e0cc20	3	182919334	192257408	6362	0.0881
ba887b57-a7ae-4bb7-b7fb-8e37f5e0cc20	3	192259290	192298879	21	-0.8517
ba887b57-a7ae-4bb7-b7fb-8e37f5e0cc20	3	192302266	193160113	609	0.0853
ba887b57-a7ae-4bb7-b7fb-8e37f5e0cc20	3	193160173	193165114	19	-0.9627
ba887b57-a7ae-4bb7-b7fb-8e37f5e0cc20	3	193168646	194830659	1094	0.1192
ba887b57-a7ae-4bb7-b7fb-8e37f5e0cc20	3	194831045	194831263	3	-0.8186
ba887b57-a7ae-4bb7-b7fb-8e37f5e0cc20	3	194834085	195685341	389	0.123
ba887b57-a7ae-4bb7-b7fb-8e37f5e0cc20	3	195691392	195747892	39	0.5088
ba887b57-a7ae-4bb7-b7fb-8e37f5e0cc20	3	195751823	198111566	1146	0.1096
ba887b57-a7ae-4bb7-b7fb-8e37f5e0cc20	3	198118345	198122834	9	-0.6451
ba887b57-a7ae-4bb7-b7fb-8e37f5e0cc20	3	198124354	198169247	8	0.072
ba887b57-a7ae-4bb7-b7fb-8e37f5e0cc20	4	68929	1064330	360	0.0767
ba887b57-a7ae-4bb7-b7fb-8e37f5e0cc20	4	1064570	4121101	1267	0.1349
ba887b57-a7ae-4bb7-b7fb-8e37f5e0cc20	4	4133219	4158336	6	-0.471
ba887b57-a7ae-4bb7-b7fb-8e37f5e0cc20	4	4163608	5541990	1110	0.134
ba887b57-a7ae-4bb7-b7fb-8e37f5e0cc20	4	5543432	8657110	2317	0.177
ba887b57-a7ae-4bb7-b7fb-8e37f5e0cc20	4	8657270	9422531	76	0.0836
ba887b57-a7ae-4bb7-b7fb-8e37f5e0cc20	4	9427585	9648974	69	-0.0989
ba887b57-a7ae-4bb7-b7fb-8e37f5e0cc20	4	9652366	10212536	495	0.1356
ba887b57-a7ae-4bb7-b7fb-8e37f5e0cc20	4	10221792	10229173	22	0.5115
ba887b57-a7ae-4bb7-b7fb-8e37f5e0cc20	4	10229188	10381555	178	0.1453
ba887b57-a7ae-4bb7-b7fb-8e37f5e0cc20	4	10382492	10389091	6	0.0421
ba887b57-a7ae-4bb7-b7fb-8e37f5e0cc20	4	10390730	10401094	17	-0.3949
ba887b57-a7ae-4bb7-b7fb-8e37f5e0cc20	4	10401122	29314452	13458	0.0899
ba887b57-a7ae-4bb7-b7fb-8e37f5e0cc20	4	29316617	29316627	2	-1.293
ba887b57-a7ae-4bb7-b7fb-8e37f5e0cc20	4	29316643	34777382	3281	0.0597
ba887b57-a7ae-4bb7-b7fb-8e37f5e0cc20	4	34777403	34817589	38	-0.4126
ba887b57-a7ae-4bb7-b7fb-8e37f5e0cc20	4	34819718	39702577	3313	0.068
ba887b57-a7ae-4bb7-b7fb-8e37f5e0cc20	4	39702789	39711713	7	-0.5805
ba887b57-a7ae-4bb7-b7fb-8e37f5e0cc20	4	39711868	49214614	5633	0.0779
ba887b57-a7ae-4bb7-b7fb-8e37f5e0cc20	4	49289175	49289338	2	-1.5075
ba887b57-a7ae-4bb7-b7fb-8e37f5e0cc20	4	49295203	58438749	4451	0.0911
ba887b57-a7ae-4bb7-b7fb-8e37f5e0cc20	4	58438767	68472744	5993	0.062
ba887b57-a7ae-4bb7-b7fb-8e37f5e0cc20	4	68472846	68663241	75	-0.2814
ba887b57-a7ae-4bb7-b7fb-8e37f5e0cc20	4	68671434	69034637	184	0.0252
ba887b57-a7ae-4bb7-b7fb-8e37f5e0cc20	4	69035789	69385210	190	0.1696
ba887b57-a7ae-4bb7-b7fb-8e37f5e0cc20	4	69386698	86055238	10396	0.0678
ba887b57-a7ae-4bb7-b7fb-8e37f5e0cc20	4	86055291	86058791	18	-0.5728
ba887b57-a7ae-4bb7-b7fb-8e37f5e0cc20	4	86058936	98591017	7374	0.0593
ba887b57-a7ae-4bb7-b7fb-8e37f5e0cc20	4	98592297	98600194	3	-1.1977
ba887b57-a7ae-4bb7-b7fb-8e37f5e0cc20	4	98602556	110083510	6795	0.0588
ba887b57-a7ae-4bb7-b7fb-8e37f5e0cc20	4	110083589	110083850	2	-1.0877
ba887b57-a7ae-4bb7-b7fb-8e37f5e0cc20	4	110085282	115244948	3289	0.0618
ba887b57-a7ae-4bb7-b7fb-8e37f5e0cc20	4	115251455	115259214	26	-0.4896
ba887b57-a7ae-4bb7-b7fb-8e37f5e0cc20	4	115259399	130120778	8744	0.054
ba887b57-a7ae-4bb7-b7fb-8e37f5e0cc20	4	130121002	130133076	2	1.239
ba887b57-a7ae-4bb7-b7fb-8e37f5e0cc20	4	130137041	137171266	3830	0.0478
ba887b57-a7ae-4bb7-b7fb-8e37f5e0cc20	4	137171362	137173818	14	-0.4864
ba887b57-a7ae-4bb7-b7fb-8e37f5e0cc20	4	137173967	151874621	8826	0.0616
ba887b57-a7ae-4bb7-b7fb-8e37f5e0cc20	4	151874768	154881396	1938	0.0763
ba887b57-a7ae-4bb7-b7fb-8e37f5e0cc20	4	154881853	154881905	2	-2.3459
ba887b57-a7ae-4bb7-b7fb-8e37f5e0cc20	4	154881926	172066777	10981	0.0529
ba887b57-a7ae-4bb7-b7fb-8e37f5e0cc20	4	172067997	172068382	12	-1.4727
ba887b57-a7ae-4bb7-b7fb-8e37f5e0cc20	4	172074828	184680873	8434	0.0703
ba887b57-a7ae-4bb7-b7fb-8e37f5e0cc20	4	184682181	184682336	2	1.3062
ba887b57-a7ae-4bb7-b7fb-8e37f5e0cc20	4	184687420	188300104	2463	0.0904
ba887b57-a7ae-4bb7-b7fb-8e37f5e0cc20	4	188300206	188300270	3	1.0437
ba887b57-a7ae-4bb7-b7fb-8e37f5e0cc20	4	188300285	188512772	202	0.0802
ba887b57-a7ae-4bb7-b7fb-8e37f5e0cc20	4	188515483	188515761	8	0.6358
ba887b57-a7ae-4bb7-b7fb-8e37f5e0cc20	4	188515932	188516256	8	-0.6812
ba887b57-a7ae-4bb7-b7fb-8e37f5e0cc20	4	188518718	190036988	917	0.1063
ba887b57-a7ae-4bb7-b7fb-8e37f5e0cc20	4	190046094	190106768	5	-0.7708
ba887b57-a7ae-4bb7-b7fb-8e37f5e0cc20	5	15532	1638601	749	0.1085
ba887b57-a7ae-4bb7-b7fb-8e37f5e0cc20	5	1638988	3678662	1874	0.1593
ba887b57-a7ae-4bb7-b7fb-8e37f5e0cc20	5	3678675	10746634	6063	0.1195
ba887b57-a7ae-4bb7-b7fb-8e37f5e0cc20	5	10748571	17342373	4555	0.1036
ba887b57-a7ae-4bb7-b7fb-8e37f5e0cc20	5	17344127	17356130	8	-0.9267
ba887b57-a7ae-4bb7-b7fb-8e37f5e0cc20	5	17358160	31102338	8135	0.0719
ba887b57-a7ae-4bb7-b7fb-8e37f5e0cc20	5	31102362	38929416	5327	0.1065
ba887b57-a7ae-4bb7-b7fb-8e37f5e0cc20	5	38931595	46271006	3891	0.0777
ba887b57-a7ae-4bb7-b7fb-8e37f5e0cc20	5	46271828	46273400	6	-2.1095
ba887b57-a7ae-4bb7-b7fb-8e37f5e0cc20	5	46278110	58030453	5065	0.0909
ba887b57-a7ae-4bb7-b7fb-8e37f5e0cc20	5	58033288	58036504	20	-0.4626
ba887b57-a7ae-4bb7-b7fb-8e37f5e0cc20	5	58036570	58348255	253	0.0887
ba887b57-a7ae-4bb7-b7fb-8e37f5e0cc20	5	58350375	58350843	2	-1.2004
ba887b57-a7ae-4bb7-b7fb-8e37f5e0cc20	5	58353097	62064966	2439	0.0934
ba887b57-a7ae-4bb7-b7fb-8e37f5e0cc20	5	62066503	62066525	2	-0.9672
ba887b57-a7ae-4bb7-b7fb-8e37f5e0cc20	5	62069015	82738867	11894	0.0892
ba887b57-a7ae-4bb7-b7fb-8e37f5e0cc20	5	82739188	99500868	9285	0.0615
ba887b57-a7ae-4bb7-b7fb-8e37f5e0cc20	5	99504170	99504922	2	1.2478
ba887b57-a7ae-4bb7-b7fb-8e37f5e0cc20	5	99508633	110137730	6528	0.0676
ba887b57-a7ae-4bb7-b7fb-8e37f5e0cc20	5	110140022	110152186	11	0.5492
ba887b57-a7ae-4bb7-b7fb-8e37f5e0cc20	5	110152357	131915509	14300	0.0745
ba887b57-a7ae-4bb7-b7fb-8e37f5e0cc20	5	131915676	142682927	6328	0.116
ba887b57-a7ae-4bb7-b7fb-8e37f5e0cc20	5	142685741	148542517	3914	0.0869
ba887b57-a7ae-4bb7-b7fb-8e37f5e0cc20	5	148543378	155388833	4678	0.1109
ba887b57-a7ae-4bb7-b7fb-8e37f5e0cc20	5	155390658	156049910	518	0.0798
ba887b57-a7ae-4bb7-b7fb-8e37f5e0cc20	5	156049988	156055719	12	0.4603
ba887b57-a7ae-4bb7-b7fb-8e37f5e0cc20	5	156068240	167731084	7803	0.0793
ba887b57-a7ae-4bb7-b7fb-8e37f5e0cc20	5	167732044	180748501	8650	0.1339
ba887b57-a7ae-4bb7-b7fb-8e37f5e0cc20	5	180750342	180766199	8	0.7143
ba887b57-a7ae-4bb7-b7fb-8e37f5e0cc20	5	180766779	180947523	104	0.0969
ba887b57-a7ae-4bb7-b7fb-8e37f5e0cc20	5	180951710	180964302	5	0.5347
ba887b57-a7ae-4bb7-b7fb-8e37f5e0cc20	5	180971271	180979558	5	0.8808
ba887b57-a7ae-4bb7-b7fb-8e37f5e0cc20	5	180979968	180991103	9	0.5292
ba887b57-a7ae-4bb7-b7fb-8e37f5e0cc20	5	181006225	181363319	170	0.0859
ba887b57-a7ae-4bb7-b7fb-8e37f5e0cc20	6	149661	254283	101	0.1208
ba887b57-a7ae-4bb7-b7fb-8e37f5e0cc20	6	257353	380821	97	-0.6382
ba887b57-a7ae-4bb7-b7fb-8e37f5e0cc20	6	381149	29869295	21416	0.1047
ba887b57-a7ae-4bb7-b7fb-8e37f5e0cc20	6	29869410	29906865	22	-0.9431
ba887b57-a7ae-4bb7-b7fb-8e37f5e0cc20	6	29906932	32481273	1166	0.1043
ba887b57-a7ae-4bb7-b7fb-8e37f5e0cc20	6	32485024	32486746	4	-0.8774
ba887b57-a7ae-4bb7-b7fb-8e37f5e0cc20	6	32488906	32641650	54	-0.143
ba887b57-a7ae-4bb7-b7fb-8e37f5e0cc20	6	32656527	32658841	6	-1.207
ba887b57-a7ae-4bb7-b7fb-8e37f5e0cc20	6	32682835	38987075	3892	0.1352
ba887b57-a7ae-4bb7-b7fb-8e37f5e0cc20	6	38990349	38992477	2	-0.97
ba887b57-a7ae-4bb7-b7fb-8e37f5e0cc20	6	38992777	38996473	8	-0.0582
ba887b57-a7ae-4bb7-b7fb-8e37f5e0cc20	6	38996881	44683458	3715	0.1466
ba887b57-a7ae-4bb7-b7fb-8e37f5e0cc20	6	44683643	47727628	2030	0.1055
ba887b57-a7ae-4bb7-b7fb-8e37f5e0cc20	6	47727645	54066353	4029	0.0847
ba887b57-a7ae-4bb7-b7fb-8e37f5e0cc20	6	54066432	54067057	6	-1.1261
ba887b57-a7ae-4bb7-b7fb-8e37f5e0cc20	6	54070550	73882142	10364	0.0697
ba887b57-a7ae-4bb7-b7fb-8e37f5e0cc20	6	73882509	73891694	10	1.0607
ba887b57-a7ae-4bb7-b7fb-8e37f5e0cc20	6	73893839	76726815	1763	0.0746
ba887b57-a7ae-4bb7-b7fb-8e37f5e0cc20	6	76730151	76742675	16	0.6354
ba887b57-a7ae-4bb7-b7fb-8e37f5e0cc20	6	76742729	78253172	978	0.0744
ba887b57-a7ae-4bb7-b7fb-8e37f5e0cc20	6	78259348	78322875	109	-0.4772
ba887b57-a7ae-4bb7-b7fb-8e37f5e0cc20	6	78325223	85992372	4805	0.0759
ba887b57-a7ae-4bb7-b7fb-8e37f5e0cc20	6	85995537	85998544	5	-0.658
ba887b57-a7ae-4bb7-b7fb-8e37f5e0cc20	6	86010282	101269037	9391	0.0712
ba887b57-a7ae-4bb7-b7fb-8e37f5e0cc20	6	101274004	101297810	30	-0.8234
ba887b57-a7ae-4bb7-b7fb-8e37f5e0cc20	6	101299504	103286770	1193	0.0522
ba887b57-a7ae-4bb7-b7fb-8e37f5e0cc20	6	103286928	103304044	26	0.2835
ba887b57-a7ae-4bb7-b7fb-8e37f5e0cc20	6	103304060	103872916	404	0.0486
ba887b57-a7ae-4bb7-b7fb-8e37f5e0cc20	6	103873557	112792407	5478	0.086
ba887b57-a7ae-4bb7-b7fb-8e37f5e0cc20	6	112792946	113900791	787	0.0427
ba887b57-a7ae-4bb7-b7fb-8e37f5e0cc20	6	113903677	113903852	2	-2.0934
ba887b57-a7ae-4bb7-b7fb-8e37f5e0cc20	6	113904647	120851727	4035	0.0625
ba887b57-a7ae-4bb7-b7fb-8e37f5e0cc20	6	120852133	120853657	2	-1.3114
ba887b57-a7ae-4bb7-b7fb-8e37f5e0cc20	6	120853855	147971972	17354	0.0632
ba887b57-a7ae-4bb7-b7fb-8e37f5e0cc20	6	147973753	151499742	2487	0.0955
ba887b57-a7ae-4bb7-b7fb-8e37f5e0cc20	6	151500019	157388857	4160	0.0674
ba887b57-a7ae-4bb7-b7fb-8e37f5e0cc20	6	157404115	170741917	9378	0.0996
ba887b57-a7ae-4bb7-b7fb-8e37f5e0cc20	7	43355	1263425	369	0.0887
ba887b57-a7ae-4bb7-b7fb-8e37f5e0cc20	7	1271601	5845127	2666	0.1407
ba887b57-a7ae-4bb7-b7fb-8e37f5e0cc20	7	5845695	5987378	35	0.0133
ba887b57-a7ae-4bb7-b7fb-8e37f5e0cc20	7	5992310	5999094	2	-0.976
ba887b57-a7ae-4bb7-b7fb-8e37f5e0cc20	7	5999270	8937542	2137	0.0988
ba887b57-a7ae-4bb7-b7fb-8e37f5e0cc20	7	8938328	16207996	5798	0.0727
ba887b57-a7ae-4bb7-b7fb-8e37f5e0cc20	7	16210750	38254500	16290	0.0955
ba887b57-a7ae-4bb7-b7fb-8e37f5e0cc20	7	38255395	38342370	116	0.373
ba887b57-a7ae-4bb7-b7fb-8e37f5e0cc20	7	38345240	39037805	538	0.0824
ba887b57-a7ae-4bb7-b7fb-8e37f5e0cc20	7	39039873	39040000	2	-1.1037
ba887b57-a7ae-4bb7-b7fb-8e37f5e0cc20	7	39041894	47025895	5124	0.1079
ba887b57-a7ae-4bb7-b7fb-8e37f5e0cc20	7	47026124	47954251	694	0.1611
ba887b57-a7ae-4bb7-b7fb-8e37f5e0cc20	7	47955049	54305455	4615	0.0912
ba887b57-a7ae-4bb7-b7fb-8e37f5e0cc20	7	54318812	54318824	6	-1.4662
ba887b57-a7ae-4bb7-b7fb-8e37f5e0cc20	7	54325795	70955452	6117	0.1053
ba887b57-a7ae-4bb7-b7fb-8e37f5e0cc20	7	70958264	70961155	2	-1.8353
ba887b57-a7ae-4bb7-b7fb-8e37f5e0cc20	7	70963257	76803341	2223	0.1375
ba887b57-a7ae-4bb7-b7fb-8e37f5e0cc20	7	76803371	76977495	83	0.5755
ba887b57-a7ae-4bb7-b7fb-8e37f5e0cc20	7	77080295	88569943	7440	0.0716
ba887b57-a7ae-4bb7-b7fb-8e37f5e0cc20	7	88570013	88716654	116	0.215
ba887b57-a7ae-4bb7-b7fb-8e37f5e0cc20	7	88717341	98108321	5975	0.0824
ba887b57-a7ae-4bb7-b7fb-8e37f5e0cc20	7	98111487	99930354	885	0.1422
ba887b57-a7ae-4bb7-b7fb-8e37f5e0cc20	7	99935488	100727566	227	0.0947
ba887b57-a7ae-4bb7-b7fb-8e37f5e0cc20	7	100731621	100731642	2	-1.9285
ba887b57-a7ae-4bb7-b7fb-8e37f5e0cc20	7	100735219	101471932	291	0.1042
ba887b57-a7ae-4bb7-b7fb-8e37f5e0cc20	7	101472713	102458452	471	0.1617
ba887b57-a7ae-4bb7-b7fb-8e37f5e0cc20	7	102460859	109793741	4537	0.0844
ba887b57-a7ae-4bb7-b7fb-8e37f5e0cc20	7	109797035	109801155	24	0.3568
ba887b57-a7ae-4bb7-b7fb-8e37f5e0cc20	7	109801187	109813925	12	0.7244
ba887b57-a7ae-4bb7-b7fb-8e37f5e0cc20	7	109814172	112300407	1652	0.0795
ba887b57-a7ae-4bb7-b7fb-8e37f5e0cc20	7	112304327	112320045	11	-0.7283
ba887b57-a7ae-4bb7-b7fb-8e37f5e0cc20	7	112323774	126405502	8345	0.0646
ba887b57-a7ae-4bb7-b7fb-8e37f5e0cc20	7	126405597	126406561	10	-1.0032
ba887b57-a7ae-4bb7-b7fb-8e37f5e0cc20	7	126406822	134100424	4696	0.1047
ba887b57-a7ae-4bb7-b7fb-8e37f5e0cc20	7	134100442	134113790	31	-0.3657
ba887b57-a7ae-4bb7-b7fb-8e37f5e0cc20	7	134113805	142470387	5515	0.0985
ba887b57-a7ae-4bb7-b7fb-8e37f5e0cc20	7	142471173	142804120	148	0.2956
ba887b57-a7ae-4bb7-b7fb-8e37f5e0cc20	7	142804157	144306653	762	0.0951
ba887b57-a7ae-4bb7-b7fb-8e37f5e0cc20	7	144312471	144352208	5	0.8079
ba887b57-a7ae-4bb7-b7fb-8e37f5e0cc20	7	144377836	147849747	2265	0.0801
ba887b57-a7ae-4bb7-b7fb-8e37f5e0cc20	7	147849847	158681569	6938	0.123
ba887b57-a7ae-4bb7-b7fb-8e37f5e0cc20	7	158681633	159334314	429	0.0745
ba887b57-a7ae-4bb7-b7fb-8e37f5e0cc20	8	81254	12376742	11015	0.1084
ba887b57-a7ae-4bb7-b7fb-8e37f5e0cc20	8	12376789	12562581	33	-0.3488
ba887b57-a7ae-4bb7-b7fb-8e37f5e0cc20	8	12562646	18388543	5284	0.0877
ba887b57-a7ae-4bb7-b7fb-8e37f5e0cc20	8	18388623	23957004	4281	0.1331
ba887b57-a7ae-4bb7-b7fb-8e37f5e0cc20	8	23958610	25116928	825	0.0992
ba887b57-a7ae-4bb7-b7fb-8e37f5e0cc20	8	25116961	25126818	26	-0.2981
ba887b57-a7ae-4bb7-b7fb-8e37f5e0cc20	8	25133589	39373140	8991	0.1087
ba887b57-a7ae-4bb7-b7fb-8e37f5e0cc20	8	39378084	39529446	58	0.8652
ba887b57-a7ae-4bb7-b7fb-8e37f5e0cc20	8	39530780	40914477	1073	0.1098
ba887b57-a7ae-4bb7-b7fb-8e37f5e0cc20	8	40920333	40920952	2	-1.8495
ba887b57-a7ae-4bb7-b7fb-8e37f5e0cc20	8	40926161	50138235	3536	0.1064
ba887b57-a7ae-4bb7-b7fb-8e37f5e0cc20	8	50139475	71300130	13252	0.0827
ba887b57-a7ae-4bb7-b7fb-8e37f5e0cc20	8	71303076	71304199	6	-0.751
ba887b57-a7ae-4bb7-b7fb-8e37f5e0cc20	8	71304266	72582923	888	0.0832
ba887b57-a7ae-4bb7-b7fb-8e37f5e0cc20	8	72586939	72587066	2	-0.9555
ba887b57-a7ae-4bb7-b7fb-8e37f5e0cc20	8	72589124	93283252	12121	0.0673
ba887b57-a7ae-4bb7-b7fb-8e37f5e0cc20	8	93284125	103791641	6551	0.0924
ba887b57-a7ae-4bb7-b7fb-8e37f5e0cc20	8	103795354	109258466	3404	0.0727
ba887b57-a7ae-4bb7-b7fb-8e37f5e0cc20	8	109261044	116091647	3844	0.047
ba887b57-a7ae-4bb7-b7fb-8e37f5e0cc20	8	116093334	118255257	1487	0.0757
ba887b57-a7ae-4bb7-b7fb-8e37f5e0cc20	8	118256302	118256310	2	-0.902
ba887b57-a7ae-4bb7-b7fb-8e37f5e0cc20	8	118260254	122339129	2806	0.0884
ba887b57-a7ae-4bb7-b7fb-8e37f5e0cc20	8	122340547	136881227	10864	0.106
ba887b57-a7ae-4bb7-b7fb-8e37f5e0cc20	8	136882257	136882271	2	-1.3465
ba887b57-a7ae-4bb7-b7fb-8e37f5e0cc20	8	136888490	139591259	2310	0.1248
ba887b57-a7ae-4bb7-b7fb-8e37f5e0cc20	8	139592093	139592379	3	1.0372
ba887b57-a7ae-4bb7-b7fb-8e37f5e0cc20	8	139592400	145072769	2650	0.1345
ba887b57-a7ae-4bb7-b7fb-8e37f5e0cc20	9	46587	602903	508	0.0927
ba887b57-a7ae-4bb7-b7fb-8e37f5e0cc20	9	606699	606961	4	-0.7065
ba887b57-a7ae-4bb7-b7fb-8e37f5e0cc20	9	607307	6695986	5843	0.1084
ba887b57-a7ae-4bb7-b7fb-8e37f5e0cc20	9	6701145	6708357	7	-0.7363
ba887b57-a7ae-4bb7-b7fb-8e37f5e0cc20	9	6712314	8615045	1924	0.0893
ba887b57-a7ae-4bb7-b7fb-8e37f5e0cc20	9	8615659	9206144	494	0.5244
ba887b57-a7ae-4bb7-b7fb-8e37f5e0cc20	9	9208635	23361807	11591	0.0985
ba887b57-a7ae-4bb7-b7fb-8e37f5e0cc20	9	23363117	23373486	8	-1.4526
ba887b57-a7ae-4bb7-b7fb-8e37f5e0cc20	9	23378490	24095296	522	0.1227
ba887b57-a7ae-4bb7-b7fb-8e37f5e0cc20	9	24095364	32657687	6278	0.0864
ba887b57-a7ae-4bb7-b7fb-8e37f5e0cc20	9	32657958	39807498	3922	0.125
ba887b57-a7ae-4bb7-b7fb-8e37f5e0cc20	9	39827488	39833357	2	-1.4964
ba887b57-a7ae-4bb7-b7fb-8e37f5e0cc20	9	39840169	42574420	139	0.0931
ba887b57-a7ae-4bb7-b7fb-8e37f5e0cc20	9	42585140	42727685	14	0.7254
ba887b57-a7ae-4bb7-b7fb-8e37f5e0cc20	9	42729302	61405110	41	0.136
ba887b57-a7ae-4bb7-b7fb-8e37f5e0cc20	9	61520021	61573452	19	-1.1526
ba887b57-a7ae-4bb7-b7fb-8e37f5e0cc20	9	61574022	70613637	1973	0.1029
ba887b57-a7ae-4bb7-b7fb-8e37f5e0cc20	9	70614606	75650478	3365	0.0748
ba887b57-a7ae-4bb7-b7fb-8e37f5e0cc20	9	75650636	87907679	9024	0.1104
ba887b57-a7ae-4bb7-b7fb-8e37f5e0cc20	9	87939236	87939304	2	-1.4677
ba887b57-a7ae-4bb7-b7fb-8e37f5e0cc20	9	87943042	99411274	7645	0.1311
ba887b57-a7ae-4bb7-b7fb-8e37f5e0cc20	9	99411858	105647983	4398	0.0903
ba887b57-a7ae-4bb7-b7fb-8e37f5e0cc20	9	105653445	121204041	12042	0.1157
ba887b57-a7ae-4bb7-b7fb-8e37f5e0cc20	9	121204674	135319522	8452	0.1522
ba887b57-a7ae-4bb7-b7fb-8e37f5e0cc20	9	135322259	135323776	2	-1.4097
ba887b57-a7ae-4bb7-b7fb-8e37f5e0cc20	9	135324566	137924168	928	0.1535
ba887b57-a7ae-4bb7-b7fb-8e37f5e0cc20	9	137924653	138151368	171	0.0975
ba887b57-a7ae-4bb7-b7fb-8e37f5e0cc20	9	138160309	138200944	9	-0.336
ba887b57-a7ae-4bb7-b7fb-8e37f5e0cc20	10	45792	2048827	1491	-0.1215
ba887b57-a7ae-4bb7-b7fb-8e37f5e0cc20	10	2050582	2051513	3	-1.229
ba887b57-a7ae-4bb7-b7fb-8e37f5e0cc20	10	2052872	51255653	32579	-0.1275
ba887b57-a7ae-4bb7-b7fb-8e37f5e0cc20	10	51255732	65546518	10223	-0.1548
ba887b57-a7ae-4bb7-b7fb-8e37f5e0cc20	10	65548165	65554688	28	0.2659
ba887b57-a7ae-4bb7-b7fb-8e37f5e0cc20	10	65563037	65598983	46	-0.0419
ba887b57-a7ae-4bb7-b7fb-8e37f5e0cc20	10	65599638	68149175	1661	-0.1454
ba887b57-a7ae-4bb7-b7fb-8e37f5e0cc20	10	68150809	79820961	7528	-0.1
ba887b57-a7ae-4bb7-b7fb-8e37f5e0cc20	10	79832375	82182309	1602	-0.1495
ba887b57-a7ae-4bb7-b7fb-8e37f5e0cc20	10	82184949	82185151	2	-1.2474
ba887b57-a7ae-4bb7-b7fb-8e37f5e0cc20	10	82185909	96953678	9836	-0.1378
ba887b57-a7ae-4bb7-b7fb-8e37f5e0cc20	10	96955612	98584123	1071	-0.0845
ba887b57-a7ae-4bb7-b7fb-8e37f5e0cc20	10	98584452	99585662	628	-0.1508
ba887b57-a7ae-4bb7-b7fb-8e37f5e0cc20	10	99585714	104142814	2356	-0.0959
ba887b57-a7ae-4bb7-b7fb-8e37f5e0cc20	10	104143200	118537125	10308	-0.1335
ba887b57-a7ae-4bb7-b7fb-8e37f5e0cc20	10	118537248	130531008	9165	-0.108
ba887b57-a7ae-4bb7-b7fb-8e37f5e0cc20	10	130531288	131628151	942	-0.1622
ba887b57-a7ae-4bb7-b7fb-8e37f5e0cc20	10	131631148	133654968	991	-0.1095
ba887b57-a7ae-4bb7-b7fb-8e37f5e0cc20	11	198510	4946420	2411	-0.4903
ba887b57-a7ae-4bb7-b7fb-8e37f5e0cc20	11	4947280	4955042	30	0.1019
ba887b57-a7ae-4bb7-b7fb-8e37f5e0cc20	11	4955781	5762693	775	-0.5293
ba887b57-a7ae-4bb7-b7fb-8e37f5e0cc20	11	5766175	5791130	36	0.0608
ba887b57-a7ae-4bb7-b7fb-8e37f5e0cc20	11	5794956	5803653	8	-0.438
ba887b57-a7ae-4bb7-b7fb-8e37f5e0cc20	11	5804315	10205512	3014	-0.5098
ba887b57-a7ae-4bb7-b7fb-8e37f5e0cc20	11	10205846	10207181	3	-2.0002
ba887b57-a7ae-4bb7-b7fb-8e37f5e0cc20	11	10211166	18918775	6355	-0.5132
ba887b57-a7ae-4bb7-b7fb-8e37f5e0cc20	11	18919309	18953905	64	-0.0774
ba887b57-a7ae-4bb7-b7fb-8e37f5e0cc20	11	18956113	46132343	19439	-0.5273
ba887b57-a7ae-4bb7-b7fb-8e37f5e0cc20	11	46135509	55202385	2015	-0.467
ba887b57-a7ae-4bb7-b7fb-8e37f5e0cc20	11	55208728	55214735	4	-1.6376
ba887b57-a7ae-4bb7-b7fb-8e37f5e0cc20	11	55241999	55608804	208	-0.499
ba887b57-a7ae-4bb7-b7fb-8e37f5e0cc20	11	55609022	55674842	40	0.04
ba887b57-a7ae-4bb7-b7fb-8e37f5e0cc20	11	55676735	71404400	8146	-0.4902
ba887b57-a7ae-4bb7-b7fb-8e37f5e0cc20	11	71406613	71406669	2	-3.2098
ba887b57-a7ae-4bb7-b7fb-8e37f5e0cc20	11	71406871	76704165	2717	-0.4746
ba887b57-a7ae-4bb7-b7fb-8e37f5e0cc20	11	76704745	76708948	3	-1.7937
ba887b57-a7ae-4bb7-b7fb-8e37f5e0cc20	11	76709140	80650989	2698	-0.5058
ba887b57-a7ae-4bb7-b7fb-8e37f5e0cc20	11	80651264	80653361	4	-2.2618
ba887b57-a7ae-4bb7-b7fb-8e37f5e0cc20	11	80655140	81029983	252	-0.5683
ba887b57-a7ae-4bb7-b7fb-8e37f5e0cc20	11	81031975	81033188	4	-5.7153
ba887b57-a7ae-4bb7-b7fb-8e37f5e0cc20	11	81034116	101723653	14644	-0.5264
ba887b57-a7ae-4bb7-b7fb-8e37f5e0cc20	11	101727129	101727233	4	0.93
ba887b57-a7ae-4bb7-b7fb-8e37f5e0cc20	11	101727481	102135438	251	-0.5336
ba887b57-a7ae-4bb7-b7fb-8e37f5e0cc20	11	102135740	102146988	2	-2.2943
ba887b57-a7ae-4bb7-b7fb-8e37f5e0cc20	11	102147298	107368088	3533	-0.5366
ba887b57-a7ae-4bb7-b7fb-8e37f5e0cc20	11	107368205	107368402	2	-2.7934
ba887b57-a7ae-4bb7-b7fb-8e37f5e0cc20	11	107381636	119759709	8295	-0.5146
ba887b57-a7ae-4bb7-b7fb-8e37f5e0cc20	11	119759771	119759932	2	-2.163
ba887b57-a7ae-4bb7-b7fb-8e37f5e0cc20	11	119760072	134287218	10922	-0.5163
ba887b57-a7ae-4bb7-b7fb-8e37f5e0cc20	11	134288564	134294724	4	-1.2973
ba887b57-a7ae-4bb7-b7fb-8e37f5e0cc20	11	134294779	134894235	503	-0.6095
ba887b57-a7ae-4bb7-b7fb-8e37f5e0cc20	11	134894470	134992302	63	-0.4666
ba887b57-a7ae-4bb7-b7fb-8e37f5e0cc20	11	134992511	135006543	12	-0.8872
ba887b57-a7ae-4bb7-b7fb-8e37f5e0cc20	11	135006751	135074876	43	-0.4267
ba887b57-a7ae-4bb7-b7fb-8e37f5e0cc20	12	51460	1876073	1089	0.1027
ba887b57-a7ae-4bb7-b7fb-8e37f5e0cc20	12	1877084	3496747	1179	0.1725
ba887b57-a7ae-4bb7-b7fb-8e37f5e0cc20	12	3505389	3505911	3	-1.3394
ba887b57-a7ae-4bb7-b7fb-8e37f5e0cc20	12	3506158	7269807	2813	0.1393
ba887b57-a7ae-4bb7-b7fb-8e37f5e0cc20	12	7274392	11068125	2137	0.084
ba887b57-a7ae-4bb7-b7fb-8e37f5e0cc20	12	11070111	11088933	9	-1.1378
ba887b57-a7ae-4bb7-b7fb-8e37f5e0cc20	12	11099275	30081111	13218	0.0882
ba887b57-a7ae-4bb7-b7fb-8e37f5e0cc20	12	30082346	30090642	22	-0.4333
ba887b57-a7ae-4bb7-b7fb-8e37f5e0cc20	12	30090657	30985383	803	0.1031
ba887b57-a7ae-4bb7-b7fb-8e37f5e0cc20	12	30986334	30987031	4	-0.8045
ba887b57-a7ae-4bb7-b7fb-8e37f5e0cc20	12	30989680	33141726	1449	0.1025
ba887b57-a7ae-4bb7-b7fb-8e37f5e0cc20	12	33148472	33154440	27	-0.6276
ba887b57-a7ae-4bb7-b7fb-8e37f5e0cc20	12	33155426	45510655	5573	0.0875
ba887b57-a7ae-4bb7-b7fb-8e37f5e0cc20	12	45512057	45515754	3	-1.7879
ba887b57-a7ae-4bb7-b7fb-8e37f5e0cc20	12	45519509	47708853	1302	0.0779
ba887b57-a7ae-4bb7-b7fb-8e37f5e0cc20	12	47713222	58484176	6054	0.1203
ba887b57-a7ae-4bb7-b7fb-8e37f5e0cc20	12	58484544	76240594	11388	0.0776
ba887b57-a7ae-4bb7-b7fb-8e37f5e0cc20	12	76241194	76241349	2	-1.5482
ba887b57-a7ae-4bb7-b7fb-8e37f5e0cc20	12	76247043	78669665	1697	0.0857
ba887b57-a7ae-4bb7-b7fb-8e37f5e0cc20	12	78669996	83769408	3114	0.062
ba887b57-a7ae-4bb7-b7fb-8e37f5e0cc20	12	83769511	83771789	9	0.6643
ba887b57-a7ae-4bb7-b7fb-8e37f5e0cc20	12	83771808	92362637	5150	0.0682
ba887b57-a7ae-4bb7-b7fb-8e37f5e0cc20	12	92363069	103010968	7165	0.0919
ba887b57-a7ae-4bb7-b7fb-8e37f5e0cc20	12	103023609	103023698	2	-0.9023
ba887b57-a7ae-4bb7-b7fb-8e37f5e0cc20	12	103026806	104300975	876	0.1135
ba887b57-a7ae-4bb7-b7fb-8e37f5e0cc20	12	104303324	104303536	2	-0.7986
ba887b57-a7ae-4bb7-b7fb-8e37f5e0cc20	12	104304425	105829858	1158	0.0924
ba887b57-a7ae-4bb7-b7fb-8e37f5e0cc20	12	105830530	108087640	1621	0.126
ba887b57-a7ae-4bb7-b7fb-8e37f5e0cc20	12	108089997	108090289	2	1.232
ba887b57-a7ae-4bb7-b7fb-8e37f5e0cc20	12	108090347	113950174	3424	0.1356
ba887b57-a7ae-4bb7-b7fb-8e37f5e0cc20	12	113952838	113952851	2	-0.9328
ba887b57-a7ae-4bb7-b7fb-8e37f5e0cc20	12	113953705	114193597	251	0.1177
ba887b57-a7ae-4bb7-b7fb-8e37f5e0cc20	12	114194917	114200104	5	-1.0496
ba887b57-a7ae-4bb7-b7fb-8e37f5e0cc20	12	114201059	126142510	7715	0.1392
ba887b57-a7ae-4bb7-b7fb-8e37f5e0cc20	12	126142778	130538050	3951	0.1038
ba887b57-a7ae-4bb7-b7fb-8e37f5e0cc20	12	130539016	131242840	501	0.156
ba887b57-a7ae-4bb7-b7fb-8e37f5e0cc20	12	131248112	131250185	10	-1.4327
ba887b57-a7ae-4bb7-b7fb-8e37f5e0cc20	12	131250680	131340593	70	-0.6871
ba887b57-a7ae-4bb7-b7fb-8e37f5e0cc20	12	131340607	131341210	5	-1.5693
ba887b57-a7ae-4bb7-b7fb-8e37f5e0cc20	12	131348665	133201603	864	0.1203
ba887b57-a7ae-4bb7-b7fb-8e37f5e0cc20	13	18452809	23055048	2845	-0.0049
ba887b57-a7ae-4bb7-b7fb-8e37f5e0cc20	13	23055071	23059376	13	-1.7992
ba887b57-a7ae-4bb7-b7fb-8e37f5e0cc20	13	23064056	37496998	10594	-0.0028
ba887b57-a7ae-4bb7-b7fb-8e37f5e0cc20	13	37497899	37510620	16	-0.6021
ba887b57-a7ae-4bb7-b7fb-8e37f5e0cc20	13	37514193	53738986	10623	-0.0118
ba887b57-a7ae-4bb7-b7fb-8e37f5e0cc20	13	53739341	94525039	25667	-0.0341
ba887b57-a7ae-4bb7-b7fb-8e37f5e0cc20	13	94525076	101096589	4292	-0.0046
ba887b57-a7ae-4bb7-b7fb-8e37f5e0cc20	13	101097403	106356727	4372	-0.0392
ba887b57-a7ae-4bb7-b7fb-8e37f5e0cc20	13	106359864	114342922	5548	0.009
ba887b57-a7ae-4bb7-b7fb-8e37f5e0cc20	14	18239283	19957350	169	-0.3457
ba887b57-a7ae-4bb7-b7fb-8e37f5e0cc20	14	19957701	21981915	1397	0.0208
ba887b57-a7ae-4bb7-b7fb-8e37f5e0cc20	14	21986046	22506810	456	0.2354
ba887b57-a7ae-4bb7-b7fb-8e37f5e0cc20	14	22506847	25959043	2197	0.0217
ba887b57-a7ae-4bb7-b7fb-8e37f5e0cc20	14	25959495	64256610	24116	-0.0109
ba887b57-a7ae-4bb7-b7fb-8e37f5e0cc20	14	64256625	73534419	5821	0.0168
ba887b57-a7ae-4bb7-b7fb-8e37f5e0cc20	14	73540003	73554275	8	1.0607
ba887b57-a7ae-4bb7-b7fb-8e37f5e0cc20	14	73563196	79681938	4066	0.028
ba887b57-a7ae-4bb7-b7fb-8e37f5e0cc20	14	79682112	89038109	6131	-0.0132
ba887b57-a7ae-4bb7-b7fb-8e37f5e0cc20	14	89038241	104382544	10077	0.0285
ba887b57-a7ae-4bb7-b7fb-8e37f5e0cc20	14	104384306	104459549	28	-0.2411
ba887b57-a7ae-4bb7-b7fb-8e37f5e0cc20	14	104459818	105728426	342	0.0824
ba887b57-a7ae-4bb7-b7fb-8e37f5e0cc20	14	105728964	106877229	489	-0.0168
ba887b57-a7ae-4bb7-b7fb-8e37f5e0cc20	15	19811075	20064520	54	-0.1612
ba887b57-a7ae-4bb7-b7fb-8e37f5e0cc20	15	20187568	20668932	95	0.3554
ba887b57-a7ae-4bb7-b7fb-8e37f5e0cc20	15	20670516	21085447	17	0.8729
ba887b57-a7ae-4bb7-b7fb-8e37f5e0cc20	15	21096887	22299523	39	0.4086
ba887b57-a7ae-4bb7-b7fb-8e37f5e0cc20	15	22385639	24480146	1026	-0.119
ba887b57-a7ae-4bb7-b7fb-8e37f5e0cc20	15	24482084	24488093	4	-0.9298
ba887b57-a7ae-4bb7-b7fb-8e37f5e0cc20	15	24492131	27925982	2530	-0.1023
ba887b57-a7ae-4bb7-b7fb-8e37f5e0cc20	15	27926138	39484537	7262	-0.1303
ba887b57-a7ae-4bb7-b7fb-8e37f5e0cc20	15	39486279	53492691	8034	-0.1092
ba887b57-a7ae-4bb7-b7fb-8e37f5e0cc20	15	53492794	53493082	6	-0.9747
ba887b57-a7ae-4bb7-b7fb-8e37f5e0cc20	15	53498050	64604293	7837	-0.1153
ba887b57-a7ae-4bb7-b7fb-8e37f5e0cc20	15	64608514	75867552	6535	-0.0916
ba887b57-a7ae-4bb7-b7fb-8e37f5e0cc20	15	75868046	76599170	393	-0.1241
ba887b57-a7ae-4bb7-b7fb-8e37f5e0cc20	15	76599286	76599884	9	-2.1658
ba887b57-a7ae-4bb7-b7fb-8e37f5e0cc20	15	76602723	76603434	11	-0.8732
ba887b57-a7ae-4bb7-b7fb-8e37f5e0cc20	15	76609838	101928837	17585	-0.1125
ba887b57-a7ae-4bb7-b7fb-8e37f5e0cc20	16	10777	5557889	2621	0.1495
ba887b57-a7ae-4bb7-b7fb-8e37f5e0cc20	16	5558088	5558150	2	-1.567
ba887b57-a7ae-4bb7-b7fb-8e37f5e0cc20	16	5558336	6617884	1278	0.1584
ba887b57-a7ae-4bb7-b7fb-8e37f5e0cc20	16	6618416	7263355	851	0.0917
ba887b57-a7ae-4bb7-b7fb-8e37f5e0cc20	16	7264485	14965488	6374	0.1636
ba887b57-a7ae-4bb7-b7fb-8e37f5e0cc20	16	14965876	14965891	2	-1.6047
ba887b57-a7ae-4bb7-b7fb-8e37f5e0cc20	16	14966829	18335528	1631	0.1021
ba887b57-a7ae-4bb7-b7fb-8e37f5e0cc20	16	18540265	18545889	3	1.7376
ba887b57-a7ae-4bb7-b7fb-8e37f5e0cc20	16	18583078	18624482	7	-0.1468
ba887b57-a7ae-4bb7-b7fb-8e37f5e0cc20	16	18665971	28569939	6086	0.156
ba887b57-a7ae-4bb7-b7fb-8e37f5e0cc20	16	28574266	30495944	481	0.0775
ba887b57-a7ae-4bb7-b7fb-8e37f5e0cc20	16	30496018	32000050	601	0.1568
ba887b57-a7ae-4bb7-b7fb-8e37f5e0cc20	16	32000528	46469294	513	0.0477
ba887b57-a7ae-4bb7-b7fb-8e37f5e0cc20	16	46470502	48122960	706	-0.4777
ba887b57-a7ae-4bb7-b7fb-8e37f5e0cc20	16	48126231	48140855	19	-0.9243
ba887b57-a7ae-4bb7-b7fb-8e37f5e0cc20	16	48141667	55762682	5723	-0.4869
ba887b57-a7ae-4bb7-b7fb-8e37f5e0cc20	16	55764310	55764867	3	2.1004
ba887b57-a7ae-4bb7-b7fb-8e37f5e0cc20	16	55770436	55775312	6	0.3236
ba887b57-a7ae-4bb7-b7fb-8e37f5e0cc20	16	55775554	66258915	6986	-0.5033
ba887b57-a7ae-4bb7-b7fb-8e37f5e0cc20	16	66259054	71945245	2473	-0.4548
ba887b57-a7ae-4bb7-b7fb-8e37f5e0cc20	16	71946228	78337711	4789	-0.506
ba887b57-a7ae-4bb7-b7fb-8e37f5e0cc20	16	78338543	78347366	14	-1.9979
ba887b57-a7ae-4bb7-b7fb-8e37f5e0cc20	16	78349243	90096867	10578	-0.5212
ba887b57-a7ae-4bb7-b7fb-8e37f5e0cc20	17	150733	16819487	10461	-0.0923
ba887b57-a7ae-4bb7-b7fb-8e37f5e0cc20	17	16834846	16838214	3	1.4588
ba887b57-a7ae-4bb7-b7fb-8e37f5e0cc20	17	16838470	18455632	908	-0.0862
ba887b57-a7ae-4bb7-b7fb-8e37f5e0cc20	17	18455635	18550123	23	0.4292
ba887b57-a7ae-4bb7-b7fb-8e37f5e0cc20	17	18561272	22311652	1306	-0.0855
ba887b57-a7ae-4bb7-b7fb-8e37f5e0cc20	17	22316315	22322017	7	-1.4325
ba887b57-a7ae-4bb7-b7fb-8e37f5e0cc20	17	22323408	46135838	10618	-0.0887
ba887b57-a7ae-4bb7-b7fb-8e37f5e0cc20	17	46136346	46234609	75	-0.5265
ba887b57-a7ae-4bb7-b7fb-8e37f5e0cc20	17	46248188	46286804	13	0.0502
ba887b57-a7ae-4bb7-b7fb-8e37f5e0cc20	17	46323701	46446360	4	-1.0494
ba887b57-a7ae-4bb7-b7fb-8e37f5e0cc20	17	46569894	50582045	2040	-0.0728
ba887b57-a7ae-4bb7-b7fb-8e37f5e0cc20	17	50583532	72246356	13522	-0.1067
ba887b57-a7ae-4bb7-b7fb-8e37f5e0cc20	17	72246787	74087302	1421	-0.0688
ba887b57-a7ae-4bb7-b7fb-8e37f5e0cc20	17	74087653	74653324	343	-0.1977
ba887b57-a7ae-4bb7-b7fb-8e37f5e0cc20	17	74655597	78285287	1895	-0.0843
ba887b57-a7ae-4bb7-b7fb-8e37f5e0cc20	17	78286051	78286887	2	-1.7799
ba887b57-a7ae-4bb7-b7fb-8e37f5e0cc20	17	78290662	83091923	2320	-0.0892
ba887b57-a7ae-4bb7-b7fb-8e37f5e0cc20	18	48133	27411254	14260	0.0053
ba887b57-a7ae-4bb7-b7fb-8e37f5e0cc20	18	27412081	35627205	5118	-0.0264
ba887b57-a7ae-4bb7-b7fb-8e37f5e0cc20	18	35633576	37114192	1056	0.006
ba887b57-a7ae-4bb7-b7fb-8e37f5e0cc20	18	37121909	37576233	281	0.0823
ba887b57-a7ae-4bb7-b7fb-8e37f5e0cc20	18	37576413	40680834	2027	-0.0098
ba887b57-a7ae-4bb7-b7fb-8e37f5e0cc20	18	40680846	40685425	11	-0.5674
ba887b57-a7ae-4bb7-b7fb-8e37f5e0cc20	18	40688060	45414431	3080	-0.013
ba887b57-a7ae-4bb7-b7fb-8e37f5e0cc20	18	45414841	51750727	4477	0.0214
ba887b57-a7ae-4bb7-b7fb-8e37f5e0cc20	18	51751408	52623114	630	-0.0105
ba887b57-a7ae-4bb7-b7fb-8e37f5e0cc20	18	52623400	52637580	14	-0.4054
ba887b57-a7ae-4bb7-b7fb-8e37f5e0cc20	18	52638530	57031990	2753	-0.0146
ba887b57-a7ae-4bb7-b7fb-8e37f5e0cc20	18	57032031	59691714	2005	0.0244
ba887b57-a7ae-4bb7-b7fb-8e37f5e0cc20	18	59691729	66060309	4491	-0.0178
ba887b57-a7ae-4bb7-b7fb-8e37f5e0cc20	18	66060363	66061104	10	-0.5633
ba887b57-a7ae-4bb7-b7fb-8e37f5e0cc20	18	66065502	66095064	46	-0.0308
ba887b57-a7ae-4bb7-b7fb-8e37f5e0cc20	18	66099904	66100686	3	0.715
ba887b57-a7ae-4bb7-b7fb-8e37f5e0cc20	18	66108359	66239612	96	-0.0659
ba887b57-a7ae-4bb7-b7fb-8e37f5e0cc20	18	66239629	66244352	11	-0.8285
ba887b57-a7ae-4bb7-b7fb-8e37f5e0cc20	18	66244639	70197259	2891	-0.0368
ba887b57-a7ae-4bb7-b7fb-8e37f5e0cc20	18	70198077	80257174	7356	-0.0051
ba887b57-a7ae-4bb7-b7fb-8e37f5e0cc20	19	90910	5506648	1593	0.1575
ba887b57-a7ae-4bb7-b7fb-8e37f5e0cc20	19	5510228	5510569	2	-2.6491
ba887b57-a7ae-4bb7-b7fb-8e37f5e0cc20	19	5510642	19588365	6836	0.1515
ba887b57-a7ae-4bb7-b7fb-8e37f5e0cc20	19	19588581	21666562	1187	0.0758
ba887b57-a7ae-4bb7-b7fb-8e37f5e0cc20	19	21667590	27860326	1675	0.1191
ba887b57-a7ae-4bb7-b7fb-8e37f5e0cc20	19	27860439	35172871	5220	0.159
ba887b57-a7ae-4bb7-b7fb-8e37f5e0cc20	19	35172940	35173140	5	-0.5992
ba887b57-a7ae-4bb7-b7fb-8e37f5e0cc20	19	35175144	39007558	2001	0.1444
ba887b57-a7ae-4bb7-b7fb-8e37f5e0cc20	19	39008686	39087360	46	0.0102
ba887b57-a7ae-4bb7-b7fb-8e37f5e0cc20	19	39091645	42743373	1811	0.1352
ba887b57-a7ae-4bb7-b7fb-8e37f5e0cc20	19	42751065	43170134	187	0.0241
ba887b57-a7ae-4bb7-b7fb-8e37f5e0cc20	19	43181999	43230258	22	0.6067
ba887b57-a7ae-4bb7-b7fb-8e37f5e0cc20	19	43231593	51628560	4151	0.1528
ba887b57-a7ae-4bb7-b7fb-8e37f5e0cc20	19	51639099	51644944	11	0.6813
ba887b57-a7ae-4bb7-b7fb-8e37f5e0cc20	19	51651652	54740939	2016	0.1174
ba887b57-a7ae-4bb7-b7fb-8e37f5e0cc20	19	54772391	54815158	19	0.6082
ba887b57-a7ae-4bb7-b7fb-8e37f5e0cc20	19	54819199	54835887	10	-0.1397
ba887b57-a7ae-4bb7-b7fb-8e37f5e0cc20	19	54836219	54836508	2	-1.7142
ba887b57-a7ae-4bb7-b7fb-8e37f5e0cc20	19	54837236	55058229	134	0.1018
ba887b57-a7ae-4bb7-b7fb-8e37f5e0cc20	19	55060872	55060891	2	-1.0033
ba887b57-a7ae-4bb7-b7fb-8e37f5e0cc20	19	55060916	55698231	250	0.213
ba887b57-a7ae-4bb7-b7fb-8e37f5e0cc20	19	55699677	55770704	56	-0.0952
ba887b57-a7ae-4bb7-b7fb-8e37f5e0cc20	19	55771003	58586487	1841	0.1368
ba887b57-a7ae-4bb7-b7fb-8e37f5e0cc20	20	80664	1579066	1190	-0.1021
ba887b57-a7ae-4bb7-b7fb-8e37f5e0cc20	20	1579168	1601561	48	-0.9602
ba887b57-a7ae-4bb7-b7fb-8e37f5e0cc20	20	1609611	19632088	14138	-0.1091
ba887b57-a7ae-4bb7-b7fb-8e37f5e0cc20	20	19632755	19632773	2	-1.2413
ba887b57-a7ae-4bb7-b7fb-8e37f5e0cc20	20	19634107	24694900	3789	-0.0964
ba887b57-a7ae-4bb7-b7fb-8e37f5e0cc20	20	24695862	24696106	2	-1.9371
ba887b57-a7ae-4bb7-b7fb-8e37f5e0cc20	20	24698776	24778251	71	-0.1455
ba887b57-a7ae-4bb7-b7fb-8e37f5e0cc20	20	24778529	52300383	14262	-0.0701
ba887b57-a7ae-4bb7-b7fb-8e37f5e0cc20	20	52303502	56022887	2989	-0.101
ba887b57-a7ae-4bb7-b7fb-8e37f5e0cc20	20	56027228	63586236	5487	-0.0737
ba887b57-a7ae-4bb7-b7fb-8e37f5e0cc20	20	63587563	64284715	310	-0.1322
ba887b57-a7ae-4bb7-b7fb-8e37f5e0cc20	20	64323342	64324800	5	-0.8224
ba887b57-a7ae-4bb7-b7fb-8e37f5e0cc20	21	10354168	13095038	102	0.0917
ba887b57-a7ae-4bb7-b7fb-8e37f5e0cc20	21	13095458	13166157	8	-0.7503
ba887b57-a7ae-4bb7-b7fb-8e37f5e0cc20	21	13166236	30889093	12598	-0.0194
ba887b57-a7ae-4bb7-b7fb-8e37f5e0cc20	21	30889322	35924042	3523	0.0307
ba887b57-a7ae-4bb7-b7fb-8e37f5e0cc20	21	35924075	35926461	3	-2.2537
ba887b57-a7ae-4bb7-b7fb-8e37f5e0cc20	21	35928963	46475394	7375	0.0351
ba887b57-a7ae-4bb7-b7fb-8e37f5e0cc20	21	46475517	46677045	181	-0.0597
ba887b57-a7ae-4bb7-b7fb-8e37f5e0cc20	22	15294547	23981995	4383	-0.5005
ba887b57-a7ae-4bb7-b7fb-8e37f5e0cc20	22	23987520	23989773	3	-2.7029
ba887b57-a7ae-4bb7-b7fb-8e37f5e0cc20	22	23990431	25263162	815	-0.4462
ba887b57-a7ae-4bb7-b7fb-8e37f5e0cc20	22	25265409	25522742	284	-0.8365
ba887b57-a7ae-4bb7-b7fb-8e37f5e0cc20	22	25526375	48929017	16533	-0.4722
ba887b57-a7ae-4bb7-b7fb-8e37f5e0cc20	22	48929644	50514975	1035	-0.6095
ba887b57-a7ae-4bb7-b7fb-8e37f5e0cc20	22	50515062	50796027	162	-0.4723
ba887b57-a7ae-4bb7-b7fb-8e37f5e0cc20	X	251810	2671323	92	0.0542
ba887b57-a7ae-4bb7-b7fb-8e37f5e0cc20	X	2747168	3267836	369	0.536
ba887b57-a7ae-4bb7-b7fb-8e37f5e0cc20	X	3268451	5891355	1980	-0.0043
ba887b57-a7ae-4bb7-b7fb-8e37f5e0cc20	X	5891711	24432702	12392	0.0124
ba887b57-a7ae-4bb7-b7fb-8e37f5e0cc20	X	24433544	38005635	8550	-0.0092
ba887b57-a7ae-4bb7-b7fb-8e37f5e0cc20	X	38007699	55102557	8410	0.0285
ba887b57-a7ae-4bb7-b7fb-8e37f5e0cc20	X	55104607	79615147	8909	0.0079
ba887b57-a7ae-4bb7-b7fb-8e37f5e0cc20	X	79619371	79619565	2	1.2696
ba887b57-a7ae-4bb7-b7fb-8e37f5e0cc20	X	79623028	95660472	8503	-0.0138
ba887b57-a7ae-4bb7-b7fb-8e37f5e0cc20	X	95671741	155952689	34306	0.0056
ba887b57-a7ae-4bb7-b7fb-8e37f5e0cc20	Y	2782397	56872112	6640	-0.9685
