GDC_Aliquot	Chromosome	Start	End	Num_Probes	Segment_Mean
f5e4e365-7383-464e-b97a-77d30c2a2d9d	1	3301765	48766487	24538	-0.0042
f5e4e365-7383-464e-b97a-77d30c2a2d9d	1	48767122	48768704	3	-1.2683
f5e4e365-7383-464e-b97a-77d30c2a2d9d	1	48771052	81426822	20194	0.0071
f5e4e365-7383-464e-b97a-77d30c2a2d9d	1	81427880	81428427	7	0.7338
f5e4e365-7383-464e-b97a-77d30c2a2d9d	1	81430195	160166538	28743	0.0047
f5e4e365-7383-464e-b97a-77d30c2a2d9d	1	160167548	160167712	2	-1.6539
f5e4e365-7383-464e-b97a-77d30c2a2d9d	1	160169050	247650984	56151	0.0019
f5e4e365-7383-464e-b97a-77d30c2a2d9d	2	480597	31406954	19446	0.0059
f5e4e365-7383-464e-b97a-77d30c2a2d9d	2	31407516	31412285	3	1.3262
f5e4e365-7383-464e-b97a-77d30c2a2d9d	2	31416979	50538737	10929	0.0076
f5e4e365-7383-464e-b97a-77d30c2a2d9d	2	50538869	50539645	2	-1.4727
f5e4e365-7383-464e-b97a-77d30c2a2d9d	2	50539850	155095579	51814	0.0042
f5e4e365-7383-464e-b97a-77d30c2a2d9d	2	155096158	155096417	2	-1.7236
f5e4e365-7383-464e-b97a-77d30c2a2d9d	2	155099897	201558143	25733	0.0044
f5e4e365-7383-464e-b97a-77d30c2a2d9d	2	201558672	201558981	3	1.2431
f5e4e365-7383-464e-b97a-77d30c2a2d9d	2	201561984	241537572	24134	0.0038
f5e4e365-7383-464e-b97a-77d30c2a2d9d	3	2170634	197812401	107106	0.0037
f5e4e365-7383-464e-b97a-77d30c2a2d9d	4	1059384	187842528	103419	0.0052
f5e4e365-7383-464e-b97a-77d30c2a2d9d	5	914118	84588448	45209	0.0046
f5e4e365-7383-464e-b97a-77d30c2a2d9d	5	84588503	84588515	2	-1.3465
f5e4e365-7383-464e-b97a-77d30c2a2d9d	5	84588954	180934240	55839	0.0049
f5e4e365-7383-464e-b97a-77d30c2a2d9d	6	1011760	31175875	19343	0.0052
f5e4e365-7383-464e-b97a-77d30c2a2d9d	6	31176123	31199721	10	-0.5862
f5e4e365-7383-464e-b97a-77d30c2a2d9d	6	31204878	120455362	47459	0.0034
f5e4e365-7383-464e-b97a-77d30c2a2d9d	6	120456798	120457620	2	-2.151
f5e4e365-7383-464e-b97a-77d30c2a2d9d	6	120458217	170596889	30248	0.0012
f5e4e365-7383-464e-b97a-77d30c2a2d9d	7	664936	96310232	49048	0.0052
f5e4e365-7383-464e-b97a-77d30c2a2d9d	7	96313422	96313819	2	-1.725
f5e4e365-7383-464e-b97a-77d30c2a2d9d	7	96314212	158592540	32810	0.0054
f5e4e365-7383-464e-b97a-77d30c2a2d9d	8	667625	144182542	82149	0.005
f5e4e365-7383-464e-b97a-77d30c2a2d9d	9	789794	36135427	21821	0.0057
f5e4e365-7383-464e-b97a-77d30c2a2d9d	9	36137372	36137467	2	-1.4961
f5e4e365-7383-464e-b97a-77d30c2a2d9d	9	36137801	112282060	31329	0.0063
f5e4e365-7383-464e-b97a-77d30c2a2d9d	9	112282240	112284123	3	-1.5099
f5e4e365-7383-464e-b97a-77d30c2a2d9d	9	112294334	138044505	15258	0.0046
f5e4e365-7383-464e-b97a-77d30c2a2d9d	10	366509	43029180	26550	0.0075
f5e4e365-7383-464e-b97a-77d30c2a2d9d	10	43029253	43030294	2	-1.4955
f5e4e365-7383-464e-b97a-77d30c2a2d9d	10	43030575	57245646	6925	0.0102
f5e4e365-7383-464e-b97a-77d30c2a2d9d	10	57245712	57245737	2	-1.7378
f5e4e365-7383-464e-b97a-77d30c2a2d9d	10	57246545	57307078	40	-0.0096
f5e4e365-7383-464e-b97a-77d30c2a2d9d	10	57310605	57312127	2	-1.588
f5e4e365-7383-464e-b97a-77d30c2a2d9d	10	57313027	133411599	47692	0.0023
f5e4e365-7383-464e-b97a-77d30c2a2d9d	11	456012	134272740	77505	0.0059
f5e4e365-7383-464e-b97a-77d30c2a2d9d	12	780472	72832656	39254	0.0041
f5e4e365-7383-464e-b97a-77d30c2a2d9d	12	72837599	72838560	2	-1.3518
f5e4e365-7383-464e-b97a-77d30c2a2d9d	12	72977309	117095416	27186	0.0067
f5e4e365-7383-464e-b97a-77d30c2a2d9d	12	117095431	117097305	3	-1.0467
f5e4e365-7383-464e-b97a-77d30c2a2d9d	12	117101681	132605822	7839	0.006
f5e4e365-7383-464e-b97a-77d30c2a2d9d	13	18874255	114226675	56939	0.0052
f5e4e365-7383-464e-b97a-77d30c2a2d9d	14	20033191	29116246	4432	0.0023
f5e4e365-7383-464e-b97a-77d30c2a2d9d	14	29116263	29116433	2	-2.0165
f5e4e365-7383-464e-b97a-77d30c2a2d9d	14	29117376	105533894	45288	0.0018
f5e4e365-7383-464e-b97a-77d30c2a2d9d	15	23437561	79530855	31660	0.0055
f5e4e365-7383-464e-b97a-77d30c2a2d9d	15	79532586	79533111	3	-1.1379
f5e4e365-7383-464e-b97a-77d30c2a2d9d	15	79533175	101344124	13092	0.0045
f5e4e365-7383-464e-b97a-77d30c2a2d9d	16	603333	83760390	38467	0.0048
f5e4e365-7383-464e-b97a-77d30c2a2d9d	16	83760392	83760401	2	-1.336
f5e4e365-7383-464e-b97a-77d30c2a2d9d	16	83760419	89317317	2692	0.008
f5e4e365-7383-464e-b97a-77d30c2a2d9d	17	1074619	82959812	37241	0.005
f5e4e365-7383-464e-b97a-77d30c2a2d9d	18	326691	53286917	28299	0.0043
f5e4e365-7383-464e-b97a-77d30c2a2d9d	18	53288564	53288666	3	-1.2588
f5e4e365-7383-464e-b97a-77d30c2a2d9d	18	53293210	71360069	10842	0.0066
f5e4e365-7383-464e-b97a-77d30c2a2d9d	18	71362446	71363118	3	-1.2104
f5e4e365-7383-464e-b97a-77d30c2a2d9d	18	71363336	79349796	3765	0.0042
f5e4e365-7383-464e-b97a-77d30c2a2d9d	19	283868	6423884	1736	0.0084
f5e4e365-7383-464e-b97a-77d30c2a2d9d	19	6426360	6427353	2	-1.5744
f5e4e365-7383-464e-b97a-77d30c2a2d9d	19	6427658	29370975	8588	0.0061
f5e4e365-7383-464e-b97a-77d30c2a2d9d	19	29373674	29374174	3	-1.0996
f5e4e365-7383-464e-b97a-77d30c2a2d9d	19	29374438	34234394	3314	0.0051
f5e4e365-7383-464e-b97a-77d30c2a2d9d	19	34236930	34237577	3	-1.1351
f5e4e365-7383-464e-b97a-77d30c2a2d9d	19	34239779	48440664	6483	0.0043
f5e4e365-7383-464e-b97a-77d30c2a2d9d	19	48448459	48448622	2	-1.5905
f5e4e365-7383-464e-b97a-77d30c2a2d9d	19	48451314	58370362	3998	0.0092
f5e4e365-7383-464e-b97a-77d30c2a2d9d	20	472817	63588502	37520	0.0059
f5e4e365-7383-464e-b97a-77d30c2a2d9d	21	13974127	46262057	20580	0.0038
f5e4e365-7383-464e-b97a-77d30c2a2d9d	22	16934932	48940621	17073	0.003
f5e4e365-7383-464e-b97a-77d30c2a2d9d	X	3236359	90269093	34998	0.0039
f5e4e365-7383-464e-b97a-77d30c2a2d9d	X	90271385	90271648	2	-1.9774
f5e4e365-7383-464e-b97a-77d30c2a2d9d	X	90271786	144371724	23882	0.0036
f5e4e365-7383-464e-b97a-77d30c2a2d9d	X	144373246	144373479	2	-1.3366
f5e4e365-7383-464e-b97a-77d30c2a2d9d	X	144375528	155677414	5063	0.0023
