GDC_Aliquot	Chromosome	Start	End	Num_Probes	Segment_Mean
01428281-1653-4839-b5cf-167bc62eb147	1	62920	21996664	12088	-0.4756
01428281-1653-4839-b5cf-167bc62eb147	1	22001786	22002025	2	-7.4436
01428281-1653-4839-b5cf-167bc62eb147	1	22004046	22010750	2	-2.1226
01428281-1653-4839-b5cf-167bc62eb147	1	22011632	25256850	1914	-0.4808
01428281-1653-4839-b5cf-167bc62eb147	1	25266637	25320198	22	-2.1144
01428281-1653-4839-b5cf-167bc62eb147	1	25320253	30316360	2434	-0.4905
01428281-1653-4839-b5cf-167bc62eb147	1	30316494	30318225	4	-1.7471
01428281-1653-4839-b5cf-167bc62eb147	1	30321567	35524546	2955	-0.4789
01428281-1653-4839-b5cf-167bc62eb147	1	35524866	40878947	2948	-0.0467
01428281-1653-4839-b5cf-167bc62eb147	1	40880756	40910828	19	0.507
01428281-1653-4839-b5cf-167bc62eb147	1	40918052	72284670	20376	-0.0344
01428281-1653-4839-b5cf-167bc62eb147	1	72290430	72297687	9	-0.7357
01428281-1653-4839-b5cf-167bc62eb147	1	72302735	72346757	50	0.2603
01428281-1653-4839-b5cf-167bc62eb147	1	72351072	105470754	20954	-0.0384
01428281-1653-4839-b5cf-167bc62eb147	1	105476583	105479753	17	0.6968
01428281-1653-4839-b5cf-167bc62eb147	1	105481433	143494500	9789	-0.0393
01428281-1653-4839-b5cf-167bc62eb147	1	143541857	143796140	118	0.4665
01428281-1653-4839-b5cf-167bc62eb147	1	143811517	152787202	2523	0.2805
01428281-1653-4839-b5cf-167bc62eb147	1	152789447	152795783	32	0.6604
01428281-1653-4839-b5cf-167bc62eb147	1	152795805	156455196	1893	0.2727
01428281-1653-4839-b5cf-167bc62eb147	1	156461549	156724582	134	0.5348
01428281-1653-4839-b5cf-167bc62eb147	1	156725712	196788990	27490	0.2724
01428281-1653-4839-b5cf-167bc62eb147	1	196789019	196790158	4	-0.9175
01428281-1653-4839-b5cf-167bc62eb147	1	196792690	196926717	83	0.3705
01428281-1653-4839-b5cf-167bc62eb147	1	196932623	200834897	2470	0.253
01428281-1653-4839-b5cf-167bc62eb147	1	200836486	205125323	2992	0.2957
01428281-1653-4839-b5cf-167bc62eb147	1	205125761	217268364	8460	0.5426
01428281-1653-4839-b5cf-167bc62eb147	1	217268865	217269296	3	-0.6539
01428281-1653-4839-b5cf-167bc62eb147	1	217271739	230468076	8461	0.5434
01428281-1653-4839-b5cf-167bc62eb147	1	230470357	230470432	2	-2.1336
01428281-1653-4839-b5cf-167bc62eb147	1	230478364	231522555	749	0.5448
01428281-1653-4839-b5cf-167bc62eb147	1	231527717	232607587	896	0.5861
01428281-1653-4839-b5cf-167bc62eb147	1	232614437	240230715	5870	0.5276
01428281-1653-4839-b5cf-167bc62eb147	1	240230732	240230824	4	-0.7041
01428281-1653-4839-b5cf-167bc62eb147	1	240230839	245473108	3665	0.5104
01428281-1653-4839-b5cf-167bc62eb147	1	245473737	245483602	11	-1.0568
01428281-1653-4839-b5cf-167bc62eb147	1	245486349	247076689	1125	0.54
01428281-1653-4839-b5cf-167bc62eb147	1	247077561	248930189	1063	0.7381
01428281-1653-4839-b5cf-167bc62eb147	2	12784	2002502	1316	-0.0126
01428281-1653-4839-b5cf-167bc62eb147	2	2006115	2006143	2	-1.4933
01428281-1653-4839-b5cf-167bc62eb147	2	2010361	34474248	22777	-0.0295
01428281-1653-4839-b5cf-167bc62eb147	2	34476327	34512096	46	-0.4588
01428281-1653-4839-b5cf-167bc62eb147	2	34512489	52527423	13006	-0.0466
01428281-1653-4839-b5cf-167bc62eb147	2	52527590	52527743	3	-2.2802
01428281-1653-4839-b5cf-167bc62eb147	2	52531615	52554404	33	0.3221
01428281-1653-4839-b5cf-167bc62eb147	2	52560811	97192190	23826	-0.0424
01428281-1653-4839-b5cf-167bc62eb147	2	97199600	97359885	27	0.1732
01428281-1653-4839-b5cf-167bc62eb147	2	97524284	97545726	9	-0.761
01428281-1653-4839-b5cf-167bc62eb147	2	97550415	128880504	18972	-0.0363
01428281-1653-4839-b5cf-167bc62eb147	2	128880904	128881662	13	-0.7398
01428281-1653-4839-b5cf-167bc62eb147	2	128882723	130031187	876	0.0132
01428281-1653-4839-b5cf-167bc62eb147	2	130031201	130117303	16	0.5705
01428281-1653-4839-b5cf-167bc62eb147	2	130136424	158431079	16905	-0.0399
01428281-1653-4839-b5cf-167bc62eb147	2	158439895	158444291	4	-1.4726
01428281-1653-4839-b5cf-167bc62eb147	2	158447627	163786978	3235	-0.0411
01428281-1653-4839-b5cf-167bc62eb147	2	163787078	163790132	5	-0.9248
01428281-1653-4839-b5cf-167bc62eb147	2	163792152	179553606	9903	-0.0361
01428281-1653-4839-b5cf-167bc62eb147	2	179553661	179557179	26	-0.8535
01428281-1653-4839-b5cf-167bc62eb147	2	179557394	234693499	33973	-0.04
01428281-1653-4839-b5cf-167bc62eb147	2	234693521	241168671	4172	0
01428281-1653-4839-b5cf-167bc62eb147	2	241168820	242147305	395	-0.0528
01428281-1653-4839-b5cf-167bc62eb147	3	20930	4073429	3687	0.2561
01428281-1653-4839-b5cf-167bc62eb147	3	4079539	6609441	2130	0.3087
01428281-1653-4839-b5cf-167bc62eb147	3	6609524	6611645	22	-0.3275
01428281-1653-4839-b5cf-167bc62eb147	3	6613391	15186008	6399	0.3062
01428281-1653-4839-b5cf-167bc62eb147	3	15195373	20266298	3020	0.2467
01428281-1653-4839-b5cf-167bc62eb147	3	20271633	20274591	3	-0.7125
01428281-1653-4839-b5cf-167bc62eb147	3	20286589	22552564	1807	0.2855
01428281-1653-4839-b5cf-167bc62eb147	3	22552716	22821967	149	0.4429
01428281-1653-4839-b5cf-167bc62eb147	3	22822084	35638844	8780	0.2816
01428281-1653-4839-b5cf-167bc62eb147	3	35640692	36808098	929	-0.0645
01428281-1653-4839-b5cf-167bc62eb147	3	36810690	37350992	288	0.3511
01428281-1653-4839-b5cf-167bc62eb147	3	37353165	47996419	6509	-0.035
01428281-1653-4839-b5cf-167bc62eb147	3	48012859	49722606	620	0.2688
01428281-1653-4839-b5cf-167bc62eb147	3	49723146	50914029	531	-0.4736
01428281-1653-4839-b5cf-167bc62eb147	3	50917994	50967941	29	-0.2006
01428281-1653-4839-b5cf-167bc62eb147	3	50968901	52997793	823	-0.4908
01428281-1653-4839-b5cf-167bc62eb147	3	52997817	53007838	43	-0.1922
01428281-1653-4839-b5cf-167bc62eb147	3	53007869	54043307	661	-0.4813
01428281-1653-4839-b5cf-167bc62eb147	3	54043784	54044342	2	-2.0402
01428281-1653-4839-b5cf-167bc62eb147	3	54048192	68697108	11353	-0.4843
01428281-1653-4839-b5cf-167bc62eb147	3	68697133	68698262	13	0.9914
01428281-1653-4839-b5cf-167bc62eb147	3	68699607	77256740	5864	-0.4851
01428281-1653-4839-b5cf-167bc62eb147	3	77256829	77256834	2	-2.1236
01428281-1653-4839-b5cf-167bc62eb147	3	77257320	85767247	4710	-0.4686
01428281-1653-4839-b5cf-167bc62eb147	3	85770133	85800912	22	0.9858
01428281-1653-4839-b5cf-167bc62eb147	3	85802048	85810959	10	-0.3051
01428281-1653-4839-b5cf-167bc62eb147	3	85812892	86024503	103	0.6202
01428281-1653-4839-b5cf-167bc62eb147	3	86024744	86595043	334	0.275
01428281-1653-4839-b5cf-167bc62eb147	3	86595869	91462299	2012	-0.0384
01428281-1653-4839-b5cf-167bc62eb147	3	93800634	99225667	2849	0.2767
01428281-1653-4839-b5cf-167bc62eb147	3	99225703	99230577	35	-0.5402
01428281-1653-4839-b5cf-167bc62eb147	3	99232120	109595930	6224	0.2876
01428281-1653-4839-b5cf-167bc62eb147	3	109596114	109603872	5	-1.1636
01428281-1653-4839-b5cf-167bc62eb147	3	109605398	122976441	8226	0.268
01428281-1653-4839-b5cf-167bc62eb147	3	122979245	130044016	4257	0.3108
01428281-1653-4839-b5cf-167bc62eb147	3	130044855	130087393	38	-1.5122
01428281-1653-4839-b5cf-167bc62eb147	3	130088081	132269794	1433	0.2751
01428281-1653-4839-b5cf-167bc62eb147	3	132270020	132276840	8	-0.5601
01428281-1653-4839-b5cf-167bc62eb147	3	132281633	139612550	4290	0.2878
01428281-1653-4839-b5cf-167bc62eb147	3	139614671	140588857	845	0.3494
01428281-1653-4839-b5cf-167bc62eb147	3	140590257	151792254	7008	0.2802
01428281-1653-4839-b5cf-167bc62eb147	3	151793297	151828091	29	-0.381
01428281-1653-4839-b5cf-167bc62eb147	3	151830703	162790480	6659	0.2781
01428281-1653-4839-b5cf-167bc62eb147	3	162794869	162908207	70	-0.2824
01428281-1653-4839-b5cf-167bc62eb147	3	162908784	169022039	3443	0.2785
01428281-1653-4839-b5cf-167bc62eb147	3	169022062	170898779	1180	0.556
01428281-1653-4839-b5cf-167bc62eb147	3	170901010	193160113	14547	-0.0453
01428281-1653-4839-b5cf-167bc62eb147	3	193160173	193165114	19	0.373
01428281-1653-4839-b5cf-167bc62eb147	3	193168646	194913859	1160	-0.0098
01428281-1653-4839-b5cf-167bc62eb147	3	194920587	194921116	5	-0.8751
01428281-1653-4839-b5cf-167bc62eb147	3	194921751	198169247	1529	-0.0282
01428281-1653-4839-b5cf-167bc62eb147	4	68929	5308576	2524	-0.0275
01428281-1653-4839-b5cf-167bc62eb147	4	5308694	5321568	7	-0.6575
01428281-1653-4839-b5cf-167bc62eb147	4	5322472	9455251	2628	0.0107
01428281-1653-4839-b5cf-167bc62eb147	4	9459504	9477560	5	-1.0436
01428281-1653-4839-b5cf-167bc62eb147	4	9477699	10208766	541	-0.0339
01428281-1653-4839-b5cf-167bc62eb147	4	10221792	10233542	33	-0.8134
01428281-1653-4839-b5cf-167bc62eb147	4	10233558	32392452	15629	-0.039
01428281-1653-4839-b5cf-167bc62eb147	4	32398929	32398977	4	-0.9921
01428281-1653-4839-b5cf-167bc62eb147	4	32399891	34771893	1336	-0.0323
01428281-1653-4839-b5cf-167bc62eb147	4	34777238	34839742	56	0.2745
01428281-1653-4839-b5cf-167bc62eb147	4	34839764	44974118	6598	-0.0409
01428281-1653-4839-b5cf-167bc62eb147	4	44974278	44977582	2	-2.2511
01428281-1653-4839-b5cf-167bc62eb147	4	44977870	49214614	2364	-0.0387
01428281-1653-4839-b5cf-167bc62eb147	4	49289175	49289338	2	-1.7788
01428281-1653-4839-b5cf-167bc62eb147	4	49295203	62802116	7019	-0.0343
01428281-1653-4839-b5cf-167bc62eb147	4	62804218	62805944	8	-0.8892
01428281-1653-4839-b5cf-167bc62eb147	4	62813912	63821857	549	-0.06
01428281-1653-4839-b5cf-167bc62eb147	4	63822533	63842540	35	-0.5602
01428281-1653-4839-b5cf-167bc62eb147	4	63850713	68509223	2875	-0.0375
01428281-1653-4839-b5cf-167bc62eb147	4	68509237	68671434	70	-0.277
01428281-1653-4839-b5cf-167bc62eb147	4	68674307	69261934	310	-0.0626
01428281-1653-4839-b5cf-167bc62eb147	4	69262694	69366406	54	-0.7365
01428281-1653-4839-b5cf-167bc62eb147	4	69370433	114252544	27325	-0.0415
01428281-1653-4839-b5cf-167bc62eb147	4	114254167	114261019	23	0.6631
01428281-1653-4839-b5cf-167bc62eb147	4	114263073	115128183	537	-0.0318
01428281-1653-4839-b5cf-167bc62eb147	4	115130794	116332664	706	0.0329
01428281-1653-4839-b5cf-167bc62eb147	4	116333117	139675898	13733	-0.0415
01428281-1653-4839-b5cf-167bc62eb147	4	139676319	140360474	477	-0.546
01428281-1653-4839-b5cf-167bc62eb147	4	140363332	140370123	4	0.1357
01428281-1653-4839-b5cf-167bc62eb147	4	140377455	143720238	2103	0.5377
01428281-1653-4839-b5cf-167bc62eb147	4	143721339	143725695	2	1.7643
01428281-1653-4839-b5cf-167bc62eb147	4	143727586	150865458	3985	0.5459
01428281-1653-4839-b5cf-167bc62eb147	4	150874368	151613746	367	-0.4185
01428281-1653-4839-b5cf-167bc62eb147	4	151627393	153417749	1144	0.5606
01428281-1653-4839-b5cf-167bc62eb147	4	153420467	153599628	119	0.7857
01428281-1653-4839-b5cf-167bc62eb147	4	153600752	154881396	864	0.5311
01428281-1653-4839-b5cf-167bc62eb147	4	154881853	154881926	3	1.4652
01428281-1653-4839-b5cf-167bc62eb147	4	154882047	155856726	656	0.5276
01428281-1653-4839-b5cf-167bc62eb147	4	155868459	156047028	185	-0.3984
01428281-1653-4839-b5cf-167bc62eb147	4	156047131	156047146	2	-1.8195
01428281-1653-4839-b5cf-167bc62eb147	4	156047321	160850924	2981	-0.4701
01428281-1653-4839-b5cf-167bc62eb147	4	160851808	160851947	2	-2.0402
01428281-1653-4839-b5cf-167bc62eb147	4	160853299	160952506	83	-0.5305
01428281-1653-4839-b5cf-167bc62eb147	4	160952569	160964197	42	-0.2173
01428281-1653-4839-b5cf-167bc62eb147	4	160966393	160966965	2	-0.9031
01428281-1653-4839-b5cf-167bc62eb147	4	160971716	164671982	2390	0.5203
01428281-1653-4839-b5cf-167bc62eb147	4	164682946	165826987	780	-0.5076
01428281-1653-4839-b5cf-167bc62eb147	4	165832733	167147746	727	0.573
01428281-1653-4839-b5cf-167bc62eb147	4	167152539	167154638	6	-0.4149
01428281-1653-4839-b5cf-167bc62eb147	4	167156359	167194567	18	0.5558
01428281-1653-4839-b5cf-167bc62eb147	4	167201446	171740841	2910	-0.4829
01428281-1653-4839-b5cf-167bc62eb147	4	171746681	172066777	223	0.5822
01428281-1653-4839-b5cf-167bc62eb147	4	172067997	172079670	16	0.158
01428281-1653-4839-b5cf-167bc62eb147	4	172080680	172453892	201	0.5642
01428281-1653-4839-b5cf-167bc62eb147	4	172460906	188300104	10722	-0.4911
01428281-1653-4839-b5cf-167bc62eb147	4	188300206	188300270	3	0.9062
01428281-1653-4839-b5cf-167bc62eb147	4	188300285	190106768	1142	-0.5025
01428281-1653-4839-b5cf-167bc62eb147	5	15532	873947	363	-0.0259
01428281-1653-4839-b5cf-167bc62eb147	5	874903	3042506	1596	0.0226
01428281-1653-4839-b5cf-167bc62eb147	5	3042676	9898850	6054	-0.0333
01428281-1653-4839-b5cf-167bc62eb147	5	9901840	9924385	32	-1.1699
01428281-1653-4839-b5cf-167bc62eb147	5	9926299	12815668	2146	-0.0309
01428281-1653-4839-b5cf-167bc62eb147	5	12815753	12838421	13	0.6003
01428281-1653-4839-b5cf-167bc62eb147	5	12849089	54333801	23016	-0.04
01428281-1653-4839-b5cf-167bc62eb147	5	54335985	55935003	1043	0.2732
01428281-1653-4839-b5cf-167bc62eb147	5	55935472	58033288	1498	-0.0408
01428281-1653-4839-b5cf-167bc62eb147	5	58033703	58037706	28	-0.4694
01428281-1653-4839-b5cf-167bc62eb147	5	58042530	65446592	4616	-0.0407
01428281-1653-4839-b5cf-167bc62eb147	5	65448796	65582076	65	0.2519
01428281-1653-4839-b5cf-167bc62eb147	5	65582526	69550476	2617	-0.0505
01428281-1653-4839-b5cf-167bc62eb147	5	69571467	69779164	3	1.4805
01428281-1653-4839-b5cf-167bc62eb147	5	69822096	69937617	4	0.274
01428281-1653-4839-b5cf-167bc62eb147	5	70017846	71010901	12	-0.349
01428281-1653-4839-b5cf-167bc62eb147	5	71011558	71581825	115	0.0188
01428281-1653-4839-b5cf-167bc62eb147	5	71584927	72739604	735	-0.4727
01428281-1653-4839-b5cf-167bc62eb147	5	72740103	104515520	18665	-0.0462
01428281-1653-4839-b5cf-167bc62eb147	5	104524672	104524903	4	-1.444
01428281-1653-4839-b5cf-167bc62eb147	5	104525348	132775961	18506	-0.038
01428281-1653-4839-b5cf-167bc62eb147	5	132781399	132836356	16	0.3342
01428281-1653-4839-b5cf-167bc62eb147	5	132838923	132843037	3	-0.034
01428281-1653-4839-b5cf-167bc62eb147	5	132844410	132896623	31	0.3404
01428281-1653-4839-b5cf-167bc62eb147	5	132901719	149126606	10128	-0.0493
01428281-1653-4839-b5cf-167bc62eb147	5	149132765	150711219	1061	0.2962
01428281-1653-4839-b5cf-167bc62eb147	5	150711309	153194405	1719	-0.0272
01428281-1653-4839-b5cf-167bc62eb147	5	153196537	153203266	4	-1.5253
01428281-1653-4839-b5cf-167bc62eb147	5	153203289	173470415	14094	-0.0417
01428281-1653-4839-b5cf-167bc62eb147	5	173471675	173531956	48	-1.1845
01428281-1653-4839-b5cf-167bc62eb147	5	173535811	180975843	4460	-0.0286
01428281-1653-4839-b5cf-167bc62eb147	5	180979558	181006225	11	-0.607
01428281-1653-4839-b5cf-167bc62eb147	5	181006264	181363319	169	-0.0186
01428281-1653-4839-b5cf-167bc62eb147	6	149661	264756	105	-0.0094
01428281-1653-4839-b5cf-167bc62eb147	6	265113	378703	93	-0.3745
01428281-1653-4839-b5cf-167bc62eb147	6	379015	6025978	4650	-0.0326
01428281-1653-4839-b5cf-167bc62eb147	6	6033698	6034203	3	-3.3545
01428281-1653-4839-b5cf-167bc62eb147	6	6036812	10007223	3088	-0.0332
01428281-1653-4839-b5cf-167bc62eb147	6	10007821	10523500	430	0.3468
01428281-1653-4839-b5cf-167bc62eb147	6	10527985	15267820	3548	-0.05
01428281-1653-4839-b5cf-167bc62eb147	6	15268029	15347834	41	-0.5872
01428281-1653-4839-b5cf-167bc62eb147	6	15357759	16577724	1004	-0.0601
01428281-1653-4839-b5cf-167bc62eb147	6	16578393	16618804	28	-0.378
01428281-1653-4839-b5cf-167bc62eb147	6	16619461	16679593	57	0.3013
01428281-1653-4839-b5cf-167bc62eb147	6	16679616	16745299	72	-0.4968
01428281-1653-4839-b5cf-167bc62eb147	6	16750625	19302552	1839	-0.0311
01428281-1653-4839-b5cf-167bc62eb147	6	19302945	19505674	173	-0.4755
01428281-1653-4839-b5cf-167bc62eb147	6	19511819	20213887	558	-0.0337
01428281-1653-4839-b5cf-167bc62eb147	6	20214850	21783646	983	-0.4912
01428281-1653-4839-b5cf-167bc62eb147	6	21785093	22032781	205	-0.049
01428281-1653-4839-b5cf-167bc62eb147	6	22032892	24907322	2147	-0.4864
01428281-1653-4839-b5cf-167bc62eb147	6	24908417	26670022	1208	0.2455
01428281-1653-4839-b5cf-167bc62eb147	6	26671100	26994866	55	-0.0159
01428281-1653-4839-b5cf-167bc62eb147	6	26994878	28441580	762	0.2496
01428281-1653-4839-b5cf-167bc62eb147	6	28441867	28550339	57	0.7136
01428281-1653-4839-b5cf-167bc62eb147	6	28555158	28575487	14	0.2796
01428281-1653-4839-b5cf-167bc62eb147	6	28589535	28681361	47	0.7515
01428281-1653-4839-b5cf-167bc62eb147	6	28686375	29882497	507	0.2448
01428281-1653-4839-b5cf-167bc62eb147	6	29882589	29933799	18	-0.8623
01428281-1653-4839-b5cf-167bc62eb147	6	29940692	30660090	302	0.218
01428281-1653-4839-b5cf-167bc62eb147	6	30660305	31313046	342	0.3104
01428281-1653-4839-b5cf-167bc62eb147	6	31318499	31328674	11	-1.5935
01428281-1653-4839-b5cf-167bc62eb147	6	31342147	32462952	493	0.3016
01428281-1653-4839-b5cf-167bc62eb147	6	32463198	32656527	65	0.0547
01428281-1653-4839-b5cf-167bc62eb147	6	32656814	32658841	5	-0.9188
01428281-1653-4839-b5cf-167bc62eb147	6	32682835	33488329	453	0.2594
01428281-1653-4839-b5cf-167bc62eb147	6	33491604	33714637	143	0.5279
01428281-1653-4839-b5cf-167bc62eb147	6	33716536	34366022	411	-0.0341
01428281-1653-4839-b5cf-167bc62eb147	6	34372529	34709326	195	0.278
01428281-1653-4839-b5cf-167bc62eb147	6	34714830	54066477	12502	-0.0397
01428281-1653-4839-b5cf-167bc62eb147	6	54066582	54067057	4	1.5244
01428281-1653-4839-b5cf-167bc62eb147	6	54070550	62213920	2973	-0.0298
01428281-1653-4839-b5cf-167bc62eb147	6	62215737	62217987	3	-1.3779
01428281-1653-4839-b5cf-167bc62eb147	6	62218399	76726442	9193	-0.0428
01428281-1653-4839-b5cf-167bc62eb147	6	76726815	76742665	16	-0.7237
01428281-1653-4839-b5cf-167bc62eb147	6	76742675	78262451	992	-0.0239
01428281-1653-4839-b5cf-167bc62eb147	6	78262749	78317255	91	0.2538
01428281-1653-4839-b5cf-167bc62eb147	6	78317411	79464006	702	0.0052
01428281-1653-4839-b5cf-167bc62eb147	6	79464225	90471221	6930	-0.0505
01428281-1653-4839-b5cf-167bc62eb147	6	90473086	91426328	661	-0.0068
01428281-1653-4839-b5cf-167bc62eb147	6	91434633	103282618	7180	-0.4868
01428281-1653-4839-b5cf-167bc62eb147	6	103282678	103317855	56	-0.0407
01428281-1653-4839-b5cf-167bc62eb147	6	103320903	106855080	2310	-0.487
01428281-1653-4839-b5cf-167bc62eb147	6	106988904	108611984	979	0.5492
01428281-1653-4839-b5cf-167bc62eb147	6	108613910	109115409	295	-0.516
01428281-1653-4839-b5cf-167bc62eb147	6	109120393	109138562	4	0.2833
01428281-1653-4839-b5cf-167bc62eb147	6	109153691	109341210	163	-0.4788
01428281-1653-4839-b5cf-167bc62eb147	6	109344700	117347526	4841	0.2671
01428281-1653-4839-b5cf-167bc62eb147	6	117355476	117573507	170	-0.5461
01428281-1653-4839-b5cf-167bc62eb147	6	117576993	136091443	11827	0.2737
01428281-1653-4839-b5cf-167bc62eb147	6	136093648	137938728	1283	0.5329
01428281-1653-4839-b5cf-167bc62eb147	6	137938775	139226097	859	0.2669
01428281-1653-4839-b5cf-167bc62eb147	6	139226520	140544869	725	0.5478
01428281-1653-4839-b5cf-167bc62eb147	6	140545499	142077965	810	0.2827
01428281-1653-4839-b5cf-167bc62eb147	6	142078144	142497291	221	0.5429
01428281-1653-4839-b5cf-167bc62eb147	6	142501080	146488580	2611	0.2718
01428281-1653-4839-b5cf-167bc62eb147	6	146488790	149051601	1862	0.5321
01428281-1653-4839-b5cf-167bc62eb147	6	149056025	151445672	1619	0.2891
01428281-1653-4839-b5cf-167bc62eb147	6	151445687	151509463	31	0.6036
01428281-1653-4839-b5cf-167bc62eb147	6	151514103	151522261	6	0.2822
01428281-1653-4839-b5cf-167bc62eb147	6	151524429	151530369	8	0.681
01428281-1653-4839-b5cf-167bc62eb147	6	151531123	151752183	157	1.0503
01428281-1653-4839-b5cf-167bc62eb147	6	151753150	151792057	27	0.5761
01428281-1653-4839-b5cf-167bc62eb147	6	151794884	152119090	322	-0.4883
01428281-1653-4839-b5cf-167bc62eb147	6	152121594	157358463	3640	-0.0417
01428281-1653-4839-b5cf-167bc62eb147	6	157360232	157375044	3	-1.357
01428281-1653-4839-b5cf-167bc62eb147	6	157375962	158300734	569	0.0116
01428281-1653-4839-b5cf-167bc62eb147	6	158300948	159071667	435	-0.0774
01428281-1653-4839-b5cf-167bc62eb147	6	159073107	159640197	468	-0.0197
01428281-1653-4839-b5cf-167bc62eb147	6	159640445	167425452	5960	-0.504
01428281-1653-4839-b5cf-167bc62eb147	6	167425505	169643550	1447	-1.2265
01428281-1653-4839-b5cf-167bc62eb147	6	169647781	170741917	492	-0.4651
01428281-1653-4839-b5cf-167bc62eb147	7	43355	48541346	34225	-0.0418
01428281-1653-4839-b5cf-167bc62eb147	7	48542256	48552064	6	-1.0331
01428281-1653-4839-b5cf-167bc62eb147	7	48552289	54305455	4246	-0.0304
01428281-1653-4839-b5cf-167bc62eb147	7	54318812	54318824	6	-1.0194
01428281-1653-4839-b5cf-167bc62eb147	7	54325795	70955452	6129	-0.0399
01428281-1653-4839-b5cf-167bc62eb147	7	70958264	70961155	2	-2.4281
01428281-1653-4839-b5cf-167bc62eb147	7	70963257	76972268	2306	-0.0497
01428281-1653-4839-b5cf-167bc62eb147	7	76977495	77080295	2	-1.9651
01428281-1653-4839-b5cf-167bc62eb147	7	77082598	91339308	9343	-0.0381
01428281-1653-4839-b5cf-167bc62eb147	7	91342311	91344718	2	-1.5993
01428281-1653-4839-b5cf-167bc62eb147	7	91345052	97766148	4038	-0.0588
01428281-1653-4839-b5cf-167bc62eb147	7	97766150	97766158	4	1.0607
01428281-1653-4839-b5cf-167bc62eb147	7	97766159	109793741	6613	-0.0498
01428281-1653-4839-b5cf-167bc62eb147	7	109797035	109814172	37	0.3369
01428281-1653-4839-b5cf-167bc62eb147	7	109814214	134100458	14741	-0.0417
01428281-1653-4839-b5cf-167bc62eb147	7	134100556	134110912	24	0.4731
01428281-1653-4839-b5cf-167bc62eb147	7	134110951	138131628	2791	-0.0449
01428281-1653-4839-b5cf-167bc62eb147	7	138131986	138132879	3	-1.241
01428281-1653-4839-b5cf-167bc62eb147	7	138138924	142070709	2414	-0.0459
01428281-1653-4839-b5cf-167bc62eb147	7	142070732	142092307	28	-0.7885
01428281-1653-4839-b5cf-167bc62eb147	7	142099190	144199159	1202	-0.0344
01428281-1653-4839-b5cf-167bc62eb147	7	144207186	144336758	13	-0.7513
01428281-1653-4839-b5cf-167bc62eb147	7	144343967	159334314	9651	-0.0313
01428281-1653-4839-b5cf-167bc62eb147	8	81254	644973	324	-0.0873
01428281-1653-4839-b5cf-167bc62eb147	8	645220	645875	6	0.5743
01428281-1653-4839-b5cf-167bc62eb147	8	645892	645908	2	3.4063
01428281-1653-4839-b5cf-167bc62eb147	8	656117	3756533	2794	-0.0565
01428281-1653-4839-b5cf-167bc62eb147	8	3756707	3756783	3	-1.2981
01428281-1653-4839-b5cf-167bc62eb147	8	3760414	7312952	4599	-0.0769
01428281-1653-4839-b5cf-167bc62eb147	8	7329110	8197738	68	-0.3785
01428281-1653-4839-b5cf-167bc62eb147	8	8212781	22959657	12199	-0.0459
01428281-1653-4839-b5cf-167bc62eb147	8	22961625	23127039	86	-1.0662
01428281-1653-4839-b5cf-167bc62eb147	8	23137716	25117062	1397	-0.0339
01428281-1653-4839-b5cf-167bc62eb147	8	25117985	25133589	24	-0.5763
01428281-1653-4839-b5cf-167bc62eb147	8	25133612	29373567	3072	-0.024
01428281-1653-4839-b5cf-167bc62eb147	8	29379110	29691791	247	0.3088
01428281-1653-4839-b5cf-167bc62eb147	8	29694867	39389156	5694	-0.03
01428281-1653-4839-b5cf-167bc62eb147	8	39389592	39511389	48	-0.3027
01428281-1653-4839-b5cf-167bc62eb147	8	39512955	40146419	432	-0.0134
01428281-1653-4839-b5cf-167bc62eb147	8	40147212	40147287	2	-1.4118
01428281-1653-4839-b5cf-167bc62eb147	8	40149950	40378368	232	0.0004
01428281-1653-4839-b5cf-167bc62eb147	8	40379740	40380618	5	-0.8797
01428281-1653-4839-b5cf-167bc62eb147	8	40381056	46609495	2104	-0.0346
01428281-1653-4839-b5cf-167bc62eb147	8	46613954	46623011	8	0.5664
01428281-1653-4839-b5cf-167bc62eb147	8	46623644	53258591	3909	-0.0337
01428281-1653-4839-b5cf-167bc62eb147	8	53259696	54856533	949	-0.481
01428281-1653-4839-b5cf-167bc62eb147	8	54857069	55810191	703	-0.0492
01428281-1653-4839-b5cf-167bc62eb147	8	55816364	83513098	17021	-0.4947
01428281-1653-4839-b5cf-167bc62eb147	8	83516726	87352543	2104	-0.0507
01428281-1653-4839-b5cf-167bc62eb147	8	87354096	89022057	936	-0.4635
01428281-1653-4839-b5cf-167bc62eb147	8	89028695	92256906	1960	0.5204
01428281-1653-4839-b5cf-167bc62eb147	8	92265750	92271350	7	1.0832
01428281-1653-4839-b5cf-167bc62eb147	8	92272453	94545324	1359	0.5338
01428281-1653-4839-b5cf-167bc62eb147	8	94545374	94545764	6	2.1709
01428281-1653-4839-b5cf-167bc62eb147	8	94545887	111279265	10269	0.5309
01428281-1653-4839-b5cf-167bc62eb147	8	111282050	111283031	10	1.4607
01428281-1653-4839-b5cf-167bc62eb147	8	111288052	145072769	22917	0.5456
01428281-1653-4839-b5cf-167bc62eb147	9	46587	602903	508	-0.0331
01428281-1653-4839-b5cf-167bc62eb147	9	606699	606961	4	-1.6955
01428281-1653-4839-b5cf-167bc62eb147	9	607307	6695986	5864	-0.047
01428281-1653-4839-b5cf-167bc62eb147	9	6701145	6708357	7	-0.9432
01428281-1653-4839-b5cf-167bc62eb147	9	6712314	12522752	5291	-0.0508
01428281-1653-4839-b5cf-167bc62eb147	9	12522807	14866121	1952	0.0025
01428281-1653-4839-b5cf-167bc62eb147	9	14866174	16028396	806	-0.0437
01428281-1653-4839-b5cf-167bc62eb147	9	16030905	16031082	3	-1.22
01428281-1653-4839-b5cf-167bc62eb147	9	16031473	16183829	181	-0.0167
01428281-1653-4839-b5cf-167bc62eb147	9	16184484	16603485	420	-0.4559
01428281-1653-4839-b5cf-167bc62eb147	9	16606314	23073970	5195	-0.0457
01428281-1653-4839-b5cf-167bc62eb147	9	23078342	23094677	16	-0.9315
01428281-1653-4839-b5cf-167bc62eb147	9	23099503	23361807	181	-0.0425
01428281-1653-4839-b5cf-167bc62eb147	9	23363117	23373486	8	-2.5557
01428281-1653-4839-b5cf-167bc62eb147	9	23378490	24503818	796	-0.0134
01428281-1653-4839-b5cf-167bc62eb147	9	24504127	24517684	19	-0.8582
01428281-1653-4839-b5cf-167bc62eb147	9	24519686	136422464	57614	-0.0346
01428281-1653-4839-b5cf-167bc62eb147	9	136423417	137924653	468	0.5875
01428281-1653-4839-b5cf-167bc62eb147	9	137928909	138200944	178	-0.0083
01428281-1653-4839-b5cf-167bc62eb147	10	45792	1654741	1087	0.008
01428281-1653-4839-b5cf-167bc62eb147	10	1658508	8490672	6235	-0.0481
01428281-1653-4839-b5cf-167bc62eb147	10	8491031	8866608	361	0.0093
01428281-1653-4839-b5cf-167bc62eb147	10	8867961	8958878	77	0.4598
01428281-1653-4839-b5cf-167bc62eb147	10	8959154	8995310	35	0.6284
01428281-1653-4839-b5cf-167bc62eb147	10	8995529	9034500	24	0.8292
01428281-1653-4839-b5cf-167bc62eb147	10	9039977	9248408	174	0.6113
01428281-1653-4839-b5cf-167bc62eb147	10	9251327	9365037	111	0.3681
01428281-1653-4839-b5cf-167bc62eb147	10	9366292	10092471	483	-0.0321
01428281-1653-4839-b5cf-167bc62eb147	10	10092691	10094203	2	-1.7268
01428281-1653-4839-b5cf-167bc62eb147	10	10094376	20495319	8365	-0.0464
01428281-1653-4839-b5cf-167bc62eb147	10	20501155	20522514	23	0.6517
01428281-1653-4839-b5cf-167bc62eb147	10	20526776	22809163	1375	-0.0462
01428281-1653-4839-b5cf-167bc62eb147	10	22810494	22811013	2	-1.1636
01428281-1653-4839-b5cf-167bc62eb147	10	22811358	24086334	850	-0.0395
01428281-1653-4839-b5cf-167bc62eb147	10	24088745	24089125	11	1.0563
01428281-1653-4839-b5cf-167bc62eb147	10	24089979	44310606	11256	-0.0272
01428281-1653-4839-b5cf-167bc62eb147	10	44313749	44314788	5	-1.1037
01428281-1653-4839-b5cf-167bc62eb147	10	44315181	65545353	13950	-0.0324
01428281-1653-4839-b5cf-167bc62eb147	10	65546321	65566308	35	-0.4046
01428281-1653-4839-b5cf-167bc62eb147	10	65566389	70379729	3271	-0.0355
01428281-1653-4839-b5cf-167bc62eb147	10	70381251	72550189	1497	-0.5012
01428281-1653-4839-b5cf-167bc62eb147	10	72557951	72922297	150	-0.0982
01428281-1653-4839-b5cf-167bc62eb147	10	72927656	74027366	422	-0.4882
01428281-1653-4839-b5cf-167bc62eb147	10	74033417	77795618	2496	-0.0186
01428281-1653-4839-b5cf-167bc62eb147	10	77799915	78201465	260	-0.4741
01428281-1653-4839-b5cf-167bc62eb147	10	78202174	78271687	61	0.0157
01428281-1653-4839-b5cf-167bc62eb147	10	78272232	78540277	251	-0.4847
01428281-1653-4839-b5cf-167bc62eb147	10	78541709	87021249	5971	0.3094
01428281-1653-4839-b5cf-167bc62eb147	10	87022551	89178684	1438	0.248
01428281-1653-4839-b5cf-167bc62eb147	10	89178916	89190337	14	-0.8392
01428281-1653-4839-b5cf-167bc62eb147	10	89190649	112996526	15359	0.2863
01428281-1653-4839-b5cf-167bc62eb147	10	112998445	113160330	94	-0.028
01428281-1653-4839-b5cf-167bc62eb147	10	113162185	114494899	995	0.3053
01428281-1653-4839-b5cf-167bc62eb147	10	114501591	116443127	1343	-0.4706
01428281-1653-4839-b5cf-167bc62eb147	10	116446400	133621047	12601	-0.0245
01428281-1653-4839-b5cf-167bc62eb147	10	133635853	133654968	3	-1.0673
01428281-1653-4839-b5cf-167bc62eb147	11	198510	5766175	3233	-0.0319
01428281-1653-4839-b5cf-167bc62eb147	11	5766850	5787909	32	-0.7762
01428281-1653-4839-b5cf-167bc62eb147	11	5788108	48744363	30099	-0.0284
01428281-1653-4839-b5cf-167bc62eb147	11	48744434	48976483	53	-0.2932
01428281-1653-4839-b5cf-167bc62eb147	11	48978753	49692155	315	0.1319
01428281-1653-4839-b5cf-167bc62eb147	11	49692188	49736119	14	-0.7881
01428281-1653-4839-b5cf-167bc62eb147	11	49736215	54593183	373	0.1375
01428281-1653-4839-b5cf-167bc62eb147	11	54594451	55608547	366	-0.1096
01428281-1653-4839-b5cf-167bc62eb147	11	55608760	55674842	43	0.3992
01428281-1653-4839-b5cf-167bc62eb147	11	55676735	59547844	2369	-0.0433
01428281-1653-4839-b5cf-167bc62eb147	11	59561366	64881914	2780	-0.4912
01428281-1653-4839-b5cf-167bc62eb147	11	64884458	65623846	267	0.0338
01428281-1653-4839-b5cf-167bc62eb147	11	65633281	67134948	598	0.2888
01428281-1653-4839-b5cf-167bc62eb147	11	67135507	67647343	190	-0.0625
01428281-1653-4839-b5cf-167bc62eb147	11	67648719	68382244	286	0.3019
01428281-1653-4839-b5cf-167bc62eb147	11	68385254	69460759	592	-0.512
01428281-1653-4839-b5cf-167bc62eb147	11	69461097	69649950	136	1.841
01428281-1653-4839-b5cf-167bc62eb147	11	69650389	69677679	15	2.5797
01428281-1653-4839-b5cf-167bc62eb147	11	69678503	70288660	316	1.7869
01428281-1653-4839-b5cf-167bc62eb147	11	70292144	70395829	59	1.2991
01428281-1653-4839-b5cf-167bc62eb147	11	70395998	70575692	95	1.9773
01428281-1653-4839-b5cf-167bc62eb147	11	70578838	70737755	110	0.4271
01428281-1653-4839-b5cf-167bc62eb147	11	70741831	70773185	17	-0.0336
01428281-1653-4839-b5cf-167bc62eb147	11	70776238	71832965	549	-0.4749
01428281-1653-4839-b5cf-167bc62eb147	11	71838957	71839046	2	-1.8639
01428281-1653-4839-b5cf-167bc62eb147	11	71840556	72198734	176	-0.4669
01428281-1653-4839-b5cf-167bc62eb147	11	72202267	72825202	290	-0.0373
01428281-1653-4839-b5cf-167bc62eb147	11	72831222	72836641	5	0.9282
01428281-1653-4839-b5cf-167bc62eb147	11	72839990	73255409	187	1.4736
01428281-1653-4839-b5cf-167bc62eb147	11	73261119	73493999	104	0.0139
01428281-1653-4839-b5cf-167bc62eb147	11	73497578	73646247	68	0.3772
01428281-1653-4839-b5cf-167bc62eb147	11	73651030	73675343	23	-0.0744
01428281-1653-4839-b5cf-167bc62eb147	11	73681128	73715725	19	0.2601
01428281-1653-4839-b5cf-167bc62eb147	11	73717747	73892406	90	0.561
01428281-1653-4839-b5cf-167bc62eb147	11	73895353	73896042	2	-0.6681
01428281-1653-4839-b5cf-167bc62eb147	11	73900081	74152063	126	0.5927
01428281-1653-4839-b5cf-167bc62eb147	11	74154679	74209308	30	0.3675
01428281-1653-4839-b5cf-167bc62eb147	11	74228390	74807442	376	0.9369
01428281-1653-4839-b5cf-167bc62eb147	11	74811160	74824517	11	1.547
01428281-1653-4839-b5cf-167bc62eb147	11	74827360	74852032	21	0.9868
01428281-1653-4839-b5cf-167bc62eb147	11	74856446	74859227	6	1.6688
01428281-1653-4839-b5cf-167bc62eb147	11	74861965	75189579	170	0.9712
01428281-1653-4839-b5cf-167bc62eb147	11	75190556	75407114	118	0.3824
01428281-1653-4839-b5cf-167bc62eb147	11	75416164	75963541	315	0.0466
01428281-1653-4839-b5cf-167bc62eb147	11	75964827	76126247	62	0.4191
01428281-1653-4839-b5cf-167bc62eb147	11	76130309	76371247	147	0.6175
01428281-1653-4839-b5cf-167bc62eb147	11	76382975	76956128	344	0.3331
01428281-1653-4839-b5cf-167bc62eb147	11	76959978	77630083	348	1.7343
01428281-1653-4839-b5cf-167bc62eb147	11	77633247	78334374	362	1.999
01428281-1653-4839-b5cf-167bc62eb147	11	78346922	78633203	165	2.1988
01428281-1653-4839-b5cf-167bc62eb147	11	78634295	78724901	72	1.9604
01428281-1653-4839-b5cf-167bc62eb147	11	78725033	78825963	90	1.7474
01428281-1653-4839-b5cf-167bc62eb147	11	78828070	78829638	4	0.4472
01428281-1653-4839-b5cf-167bc62eb147	11	78832160	78845415	15	1.1856
01428281-1653-4839-b5cf-167bc62eb147	11	78846226	78846720	3	0.8805
01428281-1653-4839-b5cf-167bc62eb147	11	78851504	78920866	50	0.08
01428281-1653-4839-b5cf-167bc62eb147	11	78921464	79018790	97	0.4674
01428281-1653-4839-b5cf-167bc62eb147	11	79024565	79432507	384	0.1425
01428281-1653-4839-b5cf-167bc62eb147	11	79434655	79581115	113	0.4946
01428281-1653-4839-b5cf-167bc62eb147	11	79582041	79607344	23	0.6881
01428281-1653-4839-b5cf-167bc62eb147	11	79608802	79608920	2	0.3059
01428281-1653-4839-b5cf-167bc62eb147	11	79609357	79648895	36	0.101
01428281-1653-4839-b5cf-167bc62eb147	11	79649839	79912280	165	0.4021
01428281-1653-4839-b5cf-167bc62eb147	11	79913572	80024880	93	-0.5708
01428281-1653-4839-b5cf-167bc62eb147	11	80046122	80096256	53	0.1079
01428281-1653-4839-b5cf-167bc62eb147	11	80096824	80256520	132	0.5169
01428281-1653-4839-b5cf-167bc62eb147	11	80256642	81072576	634	0.2045
01428281-1653-4839-b5cf-167bc62eb147	11	81072837	81729535	614	-0.4742
01428281-1653-4839-b5cf-167bc62eb147	11	81730360	82043736	252	-0.0353
01428281-1653-4839-b5cf-167bc62eb147	11	82043772	82234085	134	-0.4203
01428281-1653-4839-b5cf-167bc62eb147	11	82236671	82258654	19	0.81
01428281-1653-4839-b5cf-167bc62eb147	11	82259288	82271089	10	-0.4449
01428281-1653-4839-b5cf-167bc62eb147	11	82273186	82888732	411	1.4941
01428281-1653-4839-b5cf-167bc62eb147	11	82894093	83092148	110	-0.4376
01428281-1653-4839-b5cf-167bc62eb147	11	83093753	93486776	6874	-0.0374
01428281-1653-4839-b5cf-167bc62eb147	11	93488931	93702533	174	-0.5294
01428281-1653-4839-b5cf-167bc62eb147	11	93706230	100225833	4820	-0.0471
01428281-1653-4839-b5cf-167bc62eb147	11	100226047	107476508	5147	0.2783
01428281-1653-4839-b5cf-167bc62eb147	11	107481240	107850215	264	-0.5096
01428281-1653-4839-b5cf-167bc62eb147	11	107854571	107983804	63	0.3199
01428281-1653-4839-b5cf-167bc62eb147	11	107986311	134834061	19309	-0.4864
01428281-1653-4839-b5cf-167bc62eb147	11	134834479	134836601	3	-3.1845
01428281-1653-4839-b5cf-167bc62eb147	11	134836786	135074876	172	-0.5581
01428281-1653-4839-b5cf-167bc62eb147	12	51460	815208	478	0.3095
01428281-1653-4839-b5cf-167bc62eb147	12	815740	819745	2	-1.1029
01428281-1653-4839-b5cf-167bc62eb147	12	823871	6285512	4157	0.3057
01428281-1653-4839-b5cf-167bc62eb147	12	6286958	6536399	137	0.5337
01428281-1653-4839-b5cf-167bc62eb147	12	6543061	9477960	1400	0.2632
01428281-1653-4839-b5cf-167bc62eb147	12	9481274	9562969	23	-1.5722
01428281-1653-4839-b5cf-167bc62eb147	12	9575696	11358644	1179	0.2604
01428281-1653-4839-b5cf-167bc62eb147	12	11359558	11390472	29	0.8466
01428281-1653-4839-b5cf-167bc62eb147	12	11399258	12879853	1182	0.2594
01428281-1653-4839-b5cf-167bc62eb147	12	12881051	18511552	3718	0.3116
01428281-1653-4839-b5cf-167bc62eb147	12	18528168	24339941	3913	0.2713
01428281-1653-4839-b5cf-167bc62eb147	12	24343813	24344370	3	-0.7511
01428281-1653-4839-b5cf-167bc62eb147	12	24344371	30082648	4284	0.2847
01428281-1653-4839-b5cf-167bc62eb147	12	30086334	30090628	18	-0.2233
01428281-1653-4839-b5cf-167bc62eb147	12	30090642	33148472	2263	0.2779
01428281-1653-4839-b5cf-167bc62eb147	12	33148492	33154440	26	-0.6609
01428281-1653-4839-b5cf-167bc62eb147	12	33155426	45510655	5589	0.2752
01428281-1653-4839-b5cf-167bc62eb147	12	45512057	45515754	3	-1.7415
01428281-1653-4839-b5cf-167bc62eb147	12	45519509	46120517	333	0.2698
01428281-1653-4839-b5cf-167bc62eb147	12	46120613	46179193	62	0.4815
01428281-1653-4839-b5cf-167bc62eb147	12	46179533	51809427	3006	0.2648
01428281-1653-4839-b5cf-167bc62eb147	12	51812874	53135542	1030	0.3241
01428281-1653-4839-b5cf-167bc62eb147	12	53137446	54934046	916	0.2611
01428281-1653-4839-b5cf-167bc62eb147	12	54934162	54944845	5	-0.3612
01428281-1653-4839-b5cf-167bc62eb147	12	54945316	56084552	667	0.2612
01428281-1653-4839-b5cf-167bc62eb147	12	56084572	56084625	4	1.0347
01428281-1653-4839-b5cf-167bc62eb147	12	56087291	58085697	1014	0.2583
01428281-1653-4839-b5cf-167bc62eb147	12	58085808	60463169	1632	0.3153
01428281-1653-4839-b5cf-167bc62eb147	12	60463697	70932233	6854	0.2759
01428281-1653-4839-b5cf-167bc62eb147	12	70945520	70995420	64	1.4512
01428281-1653-4839-b5cf-167bc62eb147	12	70998344	91518775	12593	0.2803
01428281-1653-4839-b5cf-167bc62eb147	12	91522295	92833928	945	0.2195
01428281-1653-4839-b5cf-167bc62eb147	12	92834432	113234772	13442	0.275
01428281-1653-4839-b5cf-167bc62eb147	12	113235866	117732591	3570	0.3092
01428281-1653-4839-b5cf-167bc62eb147	12	117733203	123834712	3226	0.2687
01428281-1653-4839-b5cf-167bc62eb147	12	123835317	126269250	1785	0.3198
01428281-1653-4839-b5cf-167bc62eb147	12	126269733	130478721	3792	0.2597
01428281-1653-4839-b5cf-167bc62eb147	12	130480173	130487165	3	1.1643
01428281-1653-4839-b5cf-167bc62eb147	12	130488644	131636170	923	0.2983
01428281-1653-4839-b5cf-167bc62eb147	12	131648039	131648724	9	1.0273
01428281-1653-4839-b5cf-167bc62eb147	12	131648753	133201603	563	0.3108
01428281-1653-4839-b5cf-167bc62eb147	13	18452809	24454534	3984	-0.0202
01428281-1653-4839-b5cf-167bc62eb147	13	24454945	24465540	18	-0.5698
01428281-1653-4839-b5cf-167bc62eb147	13	24465893	37496998	9484	-0.029
01428281-1653-4839-b5cf-167bc62eb147	13	37497899	37510620	16	0.7923
01428281-1653-4839-b5cf-167bc62eb147	13	37514193	57184255	12531	-0.0392
01428281-1653-4839-b5cf-167bc62eb147	13	57184492	57202435	28	-0.808
01428281-1653-4839-b5cf-167bc62eb147	13	57204234	66598647	5613	-0.0311
01428281-1653-4839-b5cf-167bc62eb147	13	66602087	66603651	2	-2.0247
01428281-1653-4839-b5cf-167bc62eb147	13	66604212	71902850	3382	-0.0277
01428281-1653-4839-b5cf-167bc62eb147	13	71903417	71906418	4	1.1934
01428281-1653-4839-b5cf-167bc62eb147	13	71906467	72548063	525	0.0449
01428281-1653-4839-b5cf-167bc62eb147	13	72548465	81101785	5874	-0.0601
01428281-1653-4839-b5cf-167bc62eb147	13	81108968	110348405	20357	-0.0367
01428281-1653-4839-b5cf-167bc62eb147	13	110348737	114342922	2340	-0.0029
01428281-1653-4839-b5cf-167bc62eb147	14	18239283	18605732	11	-0.1457
01428281-1653-4839-b5cf-167bc62eb147	14	18605867	19955213	156	-0.5359
01428281-1653-4839-b5cf-167bc62eb147	14	19956767	25652046	3859	-0.034
01428281-1653-4839-b5cf-167bc62eb147	14	25652307	26306507	461	0.0813
01428281-1653-4839-b5cf-167bc62eb147	14	26306534	37848050	7214	-0.0221
01428281-1653-4839-b5cf-167bc62eb147	14	37848085	38015594	99	0.0574
01428281-1653-4839-b5cf-167bc62eb147	14	38016840	38117463	54	0.218
01428281-1653-4839-b5cf-167bc62eb147	14	38119113	38238912	87	0.0624
01428281-1653-4839-b5cf-167bc62eb147	14	38240501	40139724	1103	-0.0346
01428281-1653-4839-b5cf-167bc62eb147	14	40144718	40147715	2	1.424
01428281-1653-4839-b5cf-167bc62eb147	14	40148961	43958502	2396	-0.0291
01428281-1653-4839-b5cf-167bc62eb147	14	43958550	43960654	2	-1.2923
01428281-1653-4839-b5cf-167bc62eb147	14	43960934	47227057	1865	-0.0367
01428281-1653-4839-b5cf-167bc62eb147	14	47238133	47247780	8	-0.8863
01428281-1653-4839-b5cf-167bc62eb147	14	47248244	69551330	14296	-0.0454
01428281-1653-4839-b5cf-167bc62eb147	14	69551651	69555750	8	-0.7845
01428281-1653-4839-b5cf-167bc62eb147	14	69555996	73540003	2628	-0.0307
01428281-1653-4839-b5cf-167bc62eb147	14	73540147	73563196	8	1.2646
01428281-1653-4839-b5cf-167bc62eb147	14	73563211	84335932	7158	-0.0294
01428281-1653-4839-b5cf-167bc62eb147	14	84337339	93442635	5832	-0.0559
01428281-1653-4839-b5cf-167bc62eb147	14	93443723	96323440	2291	-0.007
01428281-1653-4839-b5cf-167bc62eb147	14	96330817	98909781	2031	-0.0705
01428281-1653-4839-b5cf-167bc62eb147	14	98909892	106418444	3607	-0.0171
01428281-1653-4839-b5cf-167bc62eb147	14	106423925	106462183	48	-0.4722
01428281-1653-4839-b5cf-167bc62eb147	14	106462724	106877229	195	-0.0844
01428281-1653-4839-b5cf-167bc62eb147	15	19811075	20026653	47	-0.0975
01428281-1653-4839-b5cf-167bc62eb147	15	20041119	20373168	41	0.1966
01428281-1653-4839-b5cf-167bc62eb147	15	20376198	20376311	7	-0.2145
01428281-1653-4839-b5cf-167bc62eb147	15	20380735	20381704	10	0.8094
01428281-1653-4839-b5cf-167bc62eb147	15	20384774	20988347	51	0.1621
01428281-1653-4839-b5cf-167bc62eb147	15	21005443	21262847	12	0.7783
01428281-1653-4839-b5cf-167bc62eb147	15	21266108	21975606	8	-0.0251
01428281-1653-4839-b5cf-167bc62eb147	15	21997003	22299523	30	-0.6662
01428281-1653-4839-b5cf-167bc62eb147	15	22385639	22633586	17	0.1808
01428281-1653-4839-b5cf-167bc62eb147	15	22635920	22646628	2	-1.2941
01428281-1653-4839-b5cf-167bc62eb147	15	22646842	24240681	903	-0.0366
01428281-1653-4839-b5cf-167bc62eb147	15	24247869	24266888	9	-0.7304
01428281-1653-4839-b5cf-167bc62eb147	15	24269473	26406474	1518	-0.0396
01428281-1653-4839-b5cf-167bc62eb147	15	26407260	28163427	1267	0.0148
01428281-1653-4839-b5cf-167bc62eb147	15	28164348	30503586	941	-0.0674
01428281-1653-4839-b5cf-167bc62eb147	15	30515739	30595753	2	-1.5996
01428281-1653-4839-b5cf-167bc62eb147	15	30608675	33712404	2076	-0.0444
01428281-1653-4839-b5cf-167bc62eb147	15	33715178	33715226	3	1.068
01428281-1653-4839-b5cf-167bc62eb147	15	33718214	44482158	6557	-0.0316
01428281-1653-4839-b5cf-167bc62eb147	15	44485276	46144535	893	0.304
01428281-1653-4839-b5cf-167bc62eb147	15	46147113	48122871	1388	0.0091
01428281-1653-4839-b5cf-167bc62eb147	15	48124638	57349879	5773	-0.0392
01428281-1653-4839-b5cf-167bc62eb147	15	57351455	57486837	145	0.5433
01428281-1653-4839-b5cf-167bc62eb147	15	57489379	76586021	12214	-0.0298
01428281-1653-4839-b5cf-167bc62eb147	15	76598900	76603434	22	0.7968
01428281-1653-4839-b5cf-167bc62eb147	15	76609838	101812226	17571	-0.0319
01428281-1653-4839-b5cf-167bc62eb147	15	101817335	101824457	8	-0.9084
01428281-1653-4839-b5cf-167bc62eb147	15	101827025	101928837	33	0.1276
01428281-1653-4839-b5cf-167bc62eb147	16	10777	5895433	3018	-0.0173
01428281-1653-4839-b5cf-167bc62eb147	16	5896222	7603142	2152	-0.079
01428281-1653-4839-b5cf-167bc62eb147	16	7603801	13032614	4720	-0.0246
01428281-1653-4839-b5cf-167bc62eb147	16	13034401	13034747	4	-1.3647
01428281-1653-4839-b5cf-167bc62eb147	16	13036417	29427018	9204	-0.0293
01428281-1653-4839-b5cf-167bc62eb147	16	29506390	30133575	187	0.4235
01428281-1653-4839-b5cf-167bc62eb147	16	30136818	30962990	249	0.2527
01428281-1653-4839-b5cf-167bc62eb147	16	30970904	35199911	617	-0.0223
01428281-1653-4839-b5cf-167bc62eb147	16	35199964	47833379	895	-0.0687
01428281-1653-4839-b5cf-167bc62eb147	16	47833947	55761136	5889	-0.0091
01428281-1653-4839-b5cf-167bc62eb147	16	55762477	55788485	21	-0.7025
01428281-1653-4839-b5cf-167bc62eb147	16	55788532	55809606	6	0.0604
01428281-1653-4839-b5cf-167bc62eb147	16	55809810	55824881	8	0.7255
01428281-1653-4839-b5cf-167bc62eb147	16	55834527	68864284	8174	-0.0199
01428281-1653-4839-b5cf-167bc62eb147	16	68870316	68875800	5	-1.0165
01428281-1653-4839-b5cf-167bc62eb147	16	68876152	69215658	165	-0.0694
01428281-1653-4839-b5cf-167bc62eb147	16	69218123	70164493	415	0.2675
01428281-1653-4839-b5cf-167bc62eb147	16	70177541	70179141	2	-1.2905
01428281-1653-4839-b5cf-167bc62eb147	16	70200633	70765506	241	0.2971
01428281-1653-4839-b5cf-167bc62eb147	16	70768333	76002526	3028	-0.0097
01428281-1653-4839-b5cf-167bc62eb147	16	76005455	76020118	15	-0.4574
01428281-1653-4839-b5cf-167bc62eb147	16	76020233	77838501	1735	-0.0172
01428281-1653-4839-b5cf-167bc62eb147	16	77840252	80129912	2711	-0.0521
01428281-1653-4839-b5cf-167bc62eb147	16	80130738	90096867	8416	-0.0006
01428281-1653-4839-b5cf-167bc62eb147	17	150733	18414080	11396	-0.03
01428281-1653-4839-b5cf-167bc62eb147	17	18452078	18550123	25	0.6407
01428281-1653-4839-b5cf-167bc62eb147	17	18561272	26973990	1490	-0.0333
01428281-1653-4839-b5cf-167bc62eb147	17	26975284	28768467	889	-0.458
01428281-1653-4839-b5cf-167bc62eb147	17	28777142	30223885	636	0.263
01428281-1653-4839-b5cf-167bc62eb147	17	30225968	30625268	192	-0.5404
01428281-1653-4839-b5cf-167bc62eb147	17	30637059	30712948	19	-0.1729
01428281-1653-4839-b5cf-167bc62eb147	17	30727337	30785499	20	1.8077
01428281-1653-4839-b5cf-167bc62eb147	17	30793314	30898267	46	0.3227
01428281-1653-4839-b5cf-167bc62eb147	17	30907487	31295088	163	1.9115
01428281-1653-4839-b5cf-167bc62eb147	17	31295292	31515452	99	1.6534
01428281-1653-4839-b5cf-167bc62eb147	17	31515867	32446459	464	-0.4665
01428281-1653-4839-b5cf-167bc62eb147	17	32452031	32458748	7	1.6442
01428281-1653-4839-b5cf-167bc62eb147	17	32463501	34754610	2011	-0.4871
01428281-1653-4839-b5cf-167bc62eb147	17	34754833	34999910	144	1.6225
01428281-1653-4839-b5cf-167bc62eb147	17	35003233	39167089	2102	-0.4829
01428281-1653-4839-b5cf-167bc62eb147	17	39173757	39264512	30	1.3361
01428281-1653-4839-b5cf-167bc62eb147	17	39266884	39692350	179	1.8269
01428281-1653-4839-b5cf-167bc62eb147	17	39694457	39695588	8	2.8155
01428281-1653-4839-b5cf-167bc62eb147	17	39695617	39953914	183	1.8837
01428281-1653-4839-b5cf-167bc62eb147	17	39954556	40497102	221	1.0955
01428281-1653-4839-b5cf-167bc62eb147	17	40503647	47979629	3792	-0.4758
01428281-1653-4839-b5cf-167bc62eb147	17	47979663	48002867	19	0.4832
01428281-1653-4839-b5cf-167bc62eb147	17	48004496	48231196	135	0.0479
01428281-1653-4839-b5cf-167bc62eb147	17	48240759	48260211	15	1.1859
01428281-1653-4839-b5cf-167bc62eb147	17	48261315	48331998	39	0.0217
01428281-1653-4839-b5cf-167bc62eb147	17	48338523	48639345	143	0.3716
01428281-1653-4839-b5cf-167bc62eb147	17	48647787	48870154	117	0.6439
01428281-1653-4839-b5cf-167bc62eb147	17	48870856	49913366	544	0.4509
01428281-1653-4839-b5cf-167bc62eb147	17	49915587	49921572	4	-0.2783
01428281-1653-4839-b5cf-167bc62eb147	17	49922629	49980509	32	0.3744
01428281-1653-4839-b5cf-167bc62eb147	17	49980563	50577255	342	0.8875
01428281-1653-4839-b5cf-167bc62eb147	17	50577581	50583532	4	1.7613
01428281-1653-4839-b5cf-167bc62eb147	17	50589145	50947639	181	0.911
01428281-1653-4839-b5cf-167bc62eb147	17	50949851	53794658	1940	0.5076
01428281-1653-4839-b5cf-167bc62eb147	17	53794733	54901313	714	0.7352
01428281-1653-4839-b5cf-167bc62eb147	17	54904492	55315551	288	0.4544
01428281-1653-4839-b5cf-167bc62eb147	17	55317531	56206548	756	0.6888
01428281-1653-4839-b5cf-167bc62eb147	17	56208470	57610128	1084	0.4402
01428281-1653-4839-b5cf-167bc62eb147	17	57610972	57611632	2	-1.6738
01428281-1653-4839-b5cf-167bc62eb147	17	57614632	58073107	324	0.4424
01428281-1653-4839-b5cf-167bc62eb147	17	58075751	58158965	43	0.64
01428281-1653-4839-b5cf-167bc62eb147	17	58164669	58552279	212	1.5732
01428281-1653-4839-b5cf-167bc62eb147	17	58555279	58662634	50	1.8682
01428281-1653-4839-b5cf-167bc62eb147	17	58663139	58697584	25	0.906
01428281-1653-4839-b5cf-167bc62eb147	17	58704617	58962702	105	1.9097
01428281-1653-4839-b5cf-167bc62eb147	17	58972170	59621659	299	2.6392
01428281-1653-4839-b5cf-167bc62eb147	17	59621957	60044092	170	2.9158
01428281-1653-4839-b5cf-167bc62eb147	17	60044589	60080603	26	3.4608
01428281-1653-4839-b5cf-167bc62eb147	17	60080618	60318531	111	2.8394
01428281-1653-4839-b5cf-167bc62eb147	17	60320697	60750927	203	2.4753
01428281-1653-4839-b5cf-167bc62eb147	17	60751041	60757363	8	1.8485
01428281-1653-4839-b5cf-167bc62eb147	17	60761634	61095204	182	0.7973
01428281-1653-4839-b5cf-167bc62eb147	17	61100623	61144501	16	1.5813
01428281-1653-4839-b5cf-167bc62eb147	17	61146727	61319088	106	0.7669
01428281-1653-4839-b5cf-167bc62eb147	17	61330597	61806386	269	0.4683
01428281-1653-4839-b5cf-167bc62eb147	17	61810112	62664918	364	0.6548
01428281-1653-4839-b5cf-167bc62eb147	17	62665114	63039767	194	0.3672
01428281-1653-4839-b5cf-167bc62eb147	17	63049434	63555561	228	1.8933
01428281-1653-4839-b5cf-167bc62eb147	17	63560060	66051258	1323	0.0205
01428281-1653-4839-b5cf-167bc62eb147	17	66052432	66052669	4	-1.0185
01428281-1653-4839-b5cf-167bc62eb147	17	66057114	66213422	75	-0.0729
01428281-1653-4839-b5cf-167bc62eb147	17	66215855	66318196	75	-0.5395
01428281-1653-4839-b5cf-167bc62eb147	17	66322239	66838854	414	-0.0212
01428281-1653-4839-b5cf-167bc62eb147	17	66840510	68866497	1241	1.6672
01428281-1653-4839-b5cf-167bc62eb147	17	68869325	69157233	192	-0.5114
01428281-1653-4839-b5cf-167bc62eb147	17	69163203	72014003	2139	0.5403
01428281-1653-4839-b5cf-167bc62eb147	17	72018020	74498499	1831	0.5937
01428281-1653-4839-b5cf-167bc62eb147	17	74499697	76778743	1117	0.5106
01428281-1653-4839-b5cf-167bc62eb147	17	76779413	81726133	2707	0.5769
01428281-1653-4839-b5cf-167bc62eb147	17	81830747	83091923	516	-0.5024
01428281-1653-4839-b5cf-167bc62eb147	18	48133	80257174	50739	-0.0296
01428281-1653-4839-b5cf-167bc62eb147	19	90910	58586487	29115	-0.0445
01428281-1653-4839-b5cf-167bc62eb147	20	80664	17453641	13674	-0.4784
01428281-1653-4839-b5cf-167bc62eb147	20	17454617	44963125	14782	-0.0201
01428281-1653-4839-b5cf-167bc62eb147	20	44969023	45062097	63	-0.3336
01428281-1653-4839-b5cf-167bc62eb147	20	45071664	49920810	3379	-0.0327
01428281-1653-4839-b5cf-167bc62eb147	20	49923236	54028329	2982	0.2981
01428281-1653-4839-b5cf-167bc62eb147	20	54031269	54042112	37	-0.8339
01428281-1653-4839-b5cf-167bc62eb147	20	54046035	54343525	298	0.3452
01428281-1653-4839-b5cf-167bc62eb147	20	54343850	56892474	2025	0.2839
01428281-1653-4839-b5cf-167bc62eb147	20	56892500	58266831	1131	0.3476
01428281-1653-4839-b5cf-167bc62eb147	20	58268172	61106742	2355	0.2895
01428281-1653-4839-b5cf-167bc62eb147	20	61109525	64324800	1645	0.3481
01428281-1653-4839-b5cf-167bc62eb147	21	10354168	10459118	17	0.0161
01428281-1653-4839-b5cf-167bc62eb147	21	10459828	10568903	37	-0.3599
01428281-1653-4839-b5cf-167bc62eb147	21	10569525	18683769	3494	-0.0332
01428281-1653-4839-b5cf-167bc62eb147	21	18685360	18706106	24	0.4263
01428281-1653-4839-b5cf-167bc62eb147	21	18706182	30289834	8819	-0.0202
01428281-1653-4839-b5cf-167bc62eb147	21	30291975	36114153	4062	-0.0473
01428281-1653-4839-b5cf-167bc62eb147	21	36117592	46677045	7410	-0.0136
01428281-1653-4839-b5cf-167bc62eb147	22	15294547	23987520	4393	-0.0037
01428281-1653-4839-b5cf-167bc62eb147	22	23988078	23990739	4	-1.872
01428281-1653-4839-b5cf-167bc62eb147	22	23995113	36984339	9805	-0.0144
01428281-1653-4839-b5cf-167bc62eb147	22	36986103	41900699	2627	-0.0536
01428281-1653-4839-b5cf-167bc62eb147	22	41901150	50796027	6442	-0.0076
01428281-1653-4839-b5cf-167bc62eb147	X	251810	509057	23	0.435
01428281-1653-4839-b5cf-167bc62eb147	X	509059	55184521	31854	0.0104
01428281-1653-4839-b5cf-167bc62eb147	X	55188789	55325132	75	0.3429
01428281-1653-4839-b5cf-167bc62eb147	X	55335277	141836367	43006	0.0102
01428281-1653-4839-b5cf-167bc62eb147	X	141837571	144174311	1680	0.3342
01428281-1653-4839-b5cf-167bc62eb147	X	144177124	155952689	7013	0.0149
01428281-1653-4839-b5cf-167bc62eb147	Y	2782397	3314408	191	-2.7567
01428281-1653-4839-b5cf-167bc62eb147	Y	3326047	6233384	593	-2.3689
01428281-1653-4839-b5cf-167bc62eb147	Y	6249869	9332936	1445	-2.9464
01428281-1653-4839-b5cf-167bc62eb147	Y	9334069	9550385	20	-5.5833
01428281-1653-4839-b5cf-167bc62eb147	Y	9550653	16731279	2613	-2.7558
01428281-1653-4839-b5cf-167bc62eb147	Y	16738883	56872112	1776	-2.2751
