GDC_Aliquot	Chromosome	Start	End	Num_Probes	Segment_Mean
07d13cdb-332c-4bd8-82f6-8655881cea74	1	62920	98602	13	-0.2908
07d13cdb-332c-4bd8-82f6-8655881cea74	1	259407	1575421	197	0.0643
07d13cdb-332c-4bd8-82f6-8655881cea74	1	1696479	1741164	16	-0.6269
07d13cdb-332c-4bd8-82f6-8655881cea74	1	1756148	3941608	844	0.0963
07d13cdb-332c-4bd8-82f6-8655881cea74	1	3942772	25256850	12914	-0.4404
07d13cdb-332c-4bd8-82f6-8655881cea74	1	25266637	25320455	24	0.2371
07d13cdb-332c-4bd8-82f6-8655881cea74	1	25336819	31458109	3156	-0.4462
07d13cdb-332c-4bd8-82f6-8655881cea74	1	31470508	31514697	21	-0.0245
07d13cdb-332c-4bd8-82f6-8655881cea74	1	31515799	48415242	9529	0.1619
07d13cdb-332c-4bd8-82f6-8655881cea74	1	48415919	48570840	89	-0.4368
07d13cdb-332c-4bd8-82f6-8655881cea74	1	48571381	56123703	4361	0.1628
07d13cdb-332c-4bd8-82f6-8655881cea74	1	56127376	61648334	4261	0.0574
07d13cdb-332c-4bd8-82f6-8655881cea74	1	61649279	61652515	2	-3.4753
07d13cdb-332c-4bd8-82f6-8655881cea74	1	61654137	71060685	6566	0.0675
07d13cdb-332c-4bd8-82f6-8655881cea74	1	71060937	72297687	723	-0.4281
07d13cdb-332c-4bd8-82f6-8655881cea74	1	72302735	72345465	48	1.0226
07d13cdb-332c-4bd8-82f6-8655881cea74	1	72346221	87787080	10067	-0.4323
07d13cdb-332c-4bd8-82f6-8655881cea74	1	87787866	87788197	2	-2.4061
07d13cdb-332c-4bd8-82f6-8655881cea74	1	87789839	104924801	10547	-0.4305
07d13cdb-332c-4bd8-82f6-8655881cea74	1	104926331	109684893	2960	0.0349
07d13cdb-332c-4bd8-82f6-8655881cea74	1	109690352	109697556	13	1.2078
07d13cdb-332c-4bd8-82f6-8655881cea74	1	109702376	112153343	1947	0.0565
07d13cdb-332c-4bd8-82f6-8655881cea74	1	112153465	112154619	22	-1.7988
07d13cdb-332c-4bd8-82f6-8655881cea74	1	112154754	116998432	3144	0.0495
07d13cdb-332c-4bd8-82f6-8655881cea74	1	117001303	117075083	50	-0.4746
07d13cdb-332c-4bd8-82f6-8655881cea74	1	117075845	143734438	2065	0.0549
07d13cdb-332c-4bd8-82f6-8655881cea74	1	143748012	143760271	21	0.4198
07d13cdb-332c-4bd8-82f6-8655881cea74	1	143762042	144442342	15	-0.0192
07d13cdb-332c-4bd8-82f6-8655881cea74	1	144445555	144932423	11	-0.6522
07d13cdb-332c-4bd8-82f6-8655881cea74	1	145642976	145778834	44	0.49
07d13cdb-332c-4bd8-82f6-8655881cea74	1	145784976	167795598	12661	0.3813
07d13cdb-332c-4bd8-82f6-8655881cea74	1	167796946	167797682	4	-0.7772
07d13cdb-332c-4bd8-82f6-8655881cea74	1	167799276	169245830	1109	0.3599
07d13cdb-332c-4bd8-82f6-8655881cea74	1	169246873	172941455	2517	0.3009
07d13cdb-332c-4bd8-82f6-8655881cea74	1	172941815	173116071	113	-0.0148
07d13cdb-332c-4bd8-82f6-8655881cea74	1	173117377	179354603	3984	0.3017
07d13cdb-332c-4bd8-82f6-8655881cea74	1	179361393	179364180	4	-0.858
07d13cdb-332c-4bd8-82f6-8655881cea74	1	179370071	179945961	384	0.2887
07d13cdb-332c-4bd8-82f6-8655881cea74	1	179949389	184363857	3047	0.5706
07d13cdb-332c-4bd8-82f6-8655881cea74	1	184364429	199142235	9570	0.5252
07d13cdb-332c-4bd8-82f6-8655881cea74	1	199142298	199143883	7	-0.7013
07d13cdb-332c-4bd8-82f6-8655881cea74	1	199144712	201010622	1242	0.5269
07d13cdb-332c-4bd8-82f6-8655881cea74	1	201011570	208938001	5360	0.5745
07d13cdb-332c-4bd8-82f6-8655881cea74	1	208938701	209897717	800	0.313
07d13cdb-332c-4bd8-82f6-8655881cea74	1	209908268	209910639	3	-2.1808
07d13cdb-332c-4bd8-82f6-8655881cea74	1	209913207	210182668	163	0.3045
07d13cdb-332c-4bd8-82f6-8655881cea74	1	210182822	216545368	4356	0.546
07d13cdb-332c-4bd8-82f6-8655881cea74	1	216546617	227963019	7573	0.5007
07d13cdb-332c-4bd8-82f6-8655881cea74	1	227967062	227985977	3	-0.7994
07d13cdb-332c-4bd8-82f6-8655881cea74	1	227989116	228834138	337	0.4868
07d13cdb-332c-4bd8-82f6-8655881cea74	1	228834345	239889750	8410	0.74
07d13cdb-332c-4bd8-82f6-8655881cea74	1	239890144	240203212	286	0.5055
07d13cdb-332c-4bd8-82f6-8655881cea74	1	240204207	240204222	2	-1.2635
07d13cdb-332c-4bd8-82f6-8655881cea74	1	240204475	240228440	33	0.4032
07d13cdb-332c-4bd8-82f6-8655881cea74	1	240230715	240230839	6	-1.8803
07d13cdb-332c-4bd8-82f6-8655881cea74	1	240232805	242971405	2109	0.5212
07d13cdb-332c-4bd8-82f6-8655881cea74	1	242971953	243105104	21	0.1041
07d13cdb-332c-4bd8-82f6-8655881cea74	1	243105657	244468978	909	0.4851
07d13cdb-332c-4bd8-82f6-8655881cea74	1	244471235	245381707	537	0.5496
07d13cdb-332c-4bd8-82f6-8655881cea74	1	245381842	245383096	2	-0.5979
07d13cdb-332c-4bd8-82f6-8655881cea74	1	245386660	246779387	1037	0.5602
07d13cdb-332c-4bd8-82f6-8655881cea74	1	246779555	246782907	14	-0.0406
07d13cdb-332c-4bd8-82f6-8655881cea74	1	246785253	248930189	1231	0.5496
07d13cdb-332c-4bd8-82f6-8655881cea74	2	12784	5657312	4220	0.6263
07d13cdb-332c-4bd8-82f6-8655881cea74	2	5657488	16482226	8200	0.7962
07d13cdb-332c-4bd8-82f6-8655881cea74	2	16483766	34295406	11569	0.0381
07d13cdb-332c-4bd8-82f6-8655881cea74	2	34298911	34300513	2	-2.6365
07d13cdb-332c-4bd8-82f6-8655881cea74	2	34300900	34466002	95	0.0214
07d13cdb-332c-4bd8-82f6-8655881cea74	2	34474248	34511990	46	0.5507
07d13cdb-332c-4bd8-82f6-8655881cea74	2	34512096	41442478	5150	0.0399
07d13cdb-332c-4bd8-82f6-8655881cea74	2	41444355	44925609	2461	0.358
07d13cdb-332c-4bd8-82f6-8655881cea74	2	44926638	45017724	70	-0.0151
07d13cdb-332c-4bd8-82f6-8655881cea74	2	45020579	49527127	3208	0.3575
07d13cdb-332c-4bd8-82f6-8655881cea74	2	49537174	52514599	2112	0.6188
07d13cdb-332c-4bd8-82f6-8655881cea74	2	52516787	52554404	41	-0.2776
07d13cdb-332c-4bd8-82f6-8655881cea74	2	52560811	66616988	9126	0.6257
07d13cdb-332c-4bd8-82f6-8655881cea74	2	66618247	79054496	8042	0.0436
07d13cdb-332c-4bd8-82f6-8655881cea74	2	79055280	79056326	2	-1.4046
07d13cdb-332c-4bd8-82f6-8655881cea74	2	79069893	84899288	3704	0.0368
07d13cdb-332c-4bd8-82f6-8655881cea74	2	84900068	84902222	5	-1.0025
07d13cdb-332c-4bd8-82f6-8655881cea74	2	84908356	87087002	1129	0.0428
07d13cdb-332c-4bd8-82f6-8655881cea74	2	87094919	87575400	99	-0.2105
07d13cdb-332c-4bd8-82f6-8655881cea74	2	87575894	88223655	184	0.0183
07d13cdb-332c-4bd8-82f6-8655881cea74	2	88225076	88225412	2	-1.3392
07d13cdb-332c-4bd8-82f6-8655881cea74	2	88226446	90203210	600	0.0326
07d13cdb-332c-4bd8-82f6-8655881cea74	2	90203402	91972195	73	-0.2081
07d13cdb-332c-4bd8-82f6-8655881cea74	2	91992488	120741221	14700	0.0428
07d13cdb-332c-4bd8-82f6-8655881cea74	2	120743642	120796728	34	-0.4684
07d13cdb-332c-4bd8-82f6-8655881cea74	2	120797466	124691929	2616	0.0624
07d13cdb-332c-4bd8-82f6-8655881cea74	2	124697688	129362166	2923	-0.4176
07d13cdb-332c-4bd8-82f6-8655881cea74	2	129362332	129363079	2	-2.2299
07d13cdb-332c-4bd8-82f6-8655881cea74	2	129363175	131543558	936	-0.4327
07d13cdb-332c-4bd8-82f6-8655881cea74	2	131543567	141749744	6499	0.0407
07d13cdb-332c-4bd8-82f6-8655881cea74	2	141749955	146106889	2576	-0.4562
07d13cdb-332c-4bd8-82f6-8655881cea74	2	146107015	146120827	22	0.2245
07d13cdb-332c-4bd8-82f6-8655881cea74	2	146120842	148250833	1088	-0.4437
07d13cdb-332c-4bd8-82f6-8655881cea74	2	148254372	148258135	6	-1.3887
07d13cdb-332c-4bd8-82f6-8655881cea74	2	148258317	153327415	3341	-0.4381
07d13cdb-332c-4bd8-82f6-8655881cea74	2	153328221	158942087	3256	0.0362
07d13cdb-332c-4bd8-82f6-8655881cea74	2	158952576	160644981	1099	-0.4646
07d13cdb-332c-4bd8-82f6-8655881cea74	2	160650252	212266536	31168	0.0302
07d13cdb-332c-4bd8-82f6-8655881cea74	2	212266647	216415045	2745	0.0799
07d13cdb-332c-4bd8-82f6-8655881cea74	2	216416177	217666142	944	0.1324
07d13cdb-332c-4bd8-82f6-8655881cea74	2	217668369	223970652	3986	0.0636
07d13cdb-332c-4bd8-82f6-8655881cea74	2	223971870	242147305	11411	0.0313
07d13cdb-332c-4bd8-82f6-8655881cea74	3	20930	1054355	861	0.0529
07d13cdb-332c-4bd8-82f6-8655881cea74	3	1054493	1054567	2	-1.8944
07d13cdb-332c-4bd8-82f6-8655881cea74	3	1057047	48874333	33177	0.0519
07d13cdb-332c-4bd8-82f6-8655881cea74	3	48877891	52153466	1291	-0.4124
07d13cdb-332c-4bd8-82f6-8655881cea74	3	52155842	68682877	12449	0.044
07d13cdb-332c-4bd8-82f6-8655881cea74	3	68697013	68698262	15	-1.3802
07d13cdb-332c-4bd8-82f6-8655881cea74	3	68699607	73030028	3256	0.0405
07d13cdb-332c-4bd8-82f6-8655881cea74	3	73030517	80012628	4206	-0.111
07d13cdb-332c-4bd8-82f6-8655881cea74	3	80014572	117612011	19850	0.0254
07d13cdb-332c-4bd8-82f6-8655881cea74	3	117613619	125724765	4876	0.0558
07d13cdb-332c-4bd8-82f6-8655881cea74	3	125727821	125743486	10	-0.6117
07d13cdb-332c-4bd8-82f6-8655881cea74	3	125747704	130018540	2444	0.0621
07d13cdb-332c-4bd8-82f6-8655881cea74	3	130022523	130202376	85	-0.1747
07d13cdb-332c-4bd8-82f6-8655881cea74	3	130210782	134418342	2788	0.0713
07d13cdb-332c-4bd8-82f6-8655881cea74	3	134421515	158632329	14832	0.4038
07d13cdb-332c-4bd8-82f6-8655881cea74	3	158633095	158633756	2	-3.1112
07d13cdb-332c-4bd8-82f6-8655881cea74	3	158641083	162790480	2607	0.3966
07d13cdb-332c-4bd8-82f6-8655881cea74	3	162794869	162889424	59	-0.2651
07d13cdb-332c-4bd8-82f6-8655881cea74	3	162895970	169012392	3454	0.369
07d13cdb-332c-4bd8-82f6-8655881cea74	3	169015614	169020840	2	-1.5477
07d13cdb-332c-4bd8-82f6-8655881cea74	3	169022039	169631156	466	0.3755
07d13cdb-332c-4bd8-82f6-8655881cea74	3	169632074	169632816	2	1.9656
07d13cdb-332c-4bd8-82f6-8655881cea74	3	169634670	171834040	1334	0.3836
07d13cdb-332c-4bd8-82f6-8655881cea74	3	171836006	172050857	131	0.0769
07d13cdb-332c-4bd8-82f6-8655881cea74	3	172058108	177122907	3414	0.4005
07d13cdb-332c-4bd8-82f6-8655881cea74	3	177125950	182935475	3372	0.0295
07d13cdb-332c-4bd8-82f6-8655881cea74	3	182937400	184531697	873	-0.4381
07d13cdb-332c-4bd8-82f6-8655881cea74	3	184539160	184565104	12	-1.2841
07d13cdb-332c-4bd8-82f6-8655881cea74	3	184568477	186249360	1026	-0.4448
07d13cdb-332c-4bd8-82f6-8655881cea74	3	186250155	186265166	18	-1.3389
07d13cdb-332c-4bd8-82f6-8655881cea74	3	186270698	190957457	3522	-0.4447
07d13cdb-332c-4bd8-82f6-8655881cea74	3	190960791	193160256	1549	0.0353
07d13cdb-332c-4bd8-82f6-8655881cea74	3	193160406	193165114	17	-1.0799
07d13cdb-332c-4bd8-82f6-8655881cea74	3	193168646	195730018	1516	0.0791
07d13cdb-332c-4bd8-82f6-8655881cea74	3	195733825	195747892	10	0.6942
07d13cdb-332c-4bd8-82f6-8655881cea74	3	195751823	197957067	1050	0.0393
07d13cdb-332c-4bd8-82f6-8655881cea74	3	197957779	198111566	99	-0.3477
07d13cdb-332c-4bd8-82f6-8655881cea74	3	198118345	198121943	8	-1.5167
07d13cdb-332c-4bd8-82f6-8655881cea74	3	198122834	198169247	9	-0.6356
07d13cdb-332c-4bd8-82f6-8655881cea74	4	68929	3869335	1566	0.0188
07d13cdb-332c-4bd8-82f6-8655881cea74	4	3873169	4174902	78	-0.2436
07d13cdb-332c-4bd8-82f6-8655881cea74	4	4175446	5315008	887	0.0513
07d13cdb-332c-4bd8-82f6-8655881cea74	4	5318059	5328588	9	-0.5592
07d13cdb-332c-4bd8-82f6-8655881cea74	4	5328839	9455251	2620	0.0545
07d13cdb-332c-4bd8-82f6-8655881cea74	4	9459504	9477699	6	1.6393
07d13cdb-332c-4bd8-82f6-8655881cea74	4	9484440	10208766	538	0.052
07d13cdb-332c-4bd8-82f6-8655881cea74	4	10221792	10229874	28	1.7775
07d13cdb-332c-4bd8-82f6-8655881cea74	4	10232590	10389091	178	0.0622
07d13cdb-332c-4bd8-82f6-8655881cea74	4	10390730	10399044	16	-0.5777
07d13cdb-332c-4bd8-82f6-8655881cea74	4	10401094	14294576	3087	0.0146
07d13cdb-332c-4bd8-82f6-8655881cea74	4	14294676	34777432	13691	-0.41
07d13cdb-332c-4bd8-82f6-8655881cea74	4	34784878	34828382	43	0.0555
07d13cdb-332c-4bd8-82f6-8655881cea74	4	34830196	40698556	3870	-0.3771
07d13cdb-332c-4bd8-82f6-8655881cea74	4	40701994	40817135	59	-0.1349
07d13cdb-332c-4bd8-82f6-8655881cea74	4	40820062	49214614	5034	0.0476
07d13cdb-332c-4bd8-82f6-8655881cea74	4	49289175	49289338	2	-2.5121
07d13cdb-332c-4bd8-82f6-8655881cea74	4	49295203	68564004	10506	0.0331
07d13cdb-332c-4bd8-82f6-8655881cea74	4	68564418	68620122	38	-0.3662
07d13cdb-332c-4bd8-82f6-8655881cea74	4	68620261	100251187	19205	0.0413
07d13cdb-332c-4bd8-82f6-8655881cea74	4	100251696	100259537	6	-1.4044
07d13cdb-332c-4bd8-82f6-8655881cea74	4	100260675	114252544	8488	0.0482
07d13cdb-332c-4bd8-82f6-8655881cea74	4	114254167	114263073	24	0.7253
07d13cdb-332c-4bd8-82f6-8655881cea74	4	114263096	124389774	5999	0.0471
07d13cdb-332c-4bd8-82f6-8655881cea74	4	124396117	124397134	2	-3.2019
07d13cdb-332c-4bd8-82f6-8655881cea74	4	124397143	131298517	4069	0.0549
07d13cdb-332c-4bd8-82f6-8655881cea74	4	131299841	136978455	3018	0.0077
07d13cdb-332c-4bd8-82f6-8655881cea74	4	136978471	137017547	28	0.1412
07d13cdb-332c-4bd8-82f6-8655881cea74	4	137017561	137018350	10	0.5706
07d13cdb-332c-4bd8-82f6-8655881cea74	4	137018622	137168393	107	0.0767
07d13cdb-332c-4bd8-82f6-8655881cea74	4	137170949	137173967	19	-0.7012
07d13cdb-332c-4bd8-82f6-8655881cea74	4	137187209	157276358	12413	0.0425
07d13cdb-332c-4bd8-82f6-8655881cea74	4	157278823	157359704	31	-0.4649
07d13cdb-332c-4bd8-82f6-8655881cea74	4	157360225	163454800	3914	0.0322
07d13cdb-332c-4bd8-82f6-8655881cea74	4	163455372	173426324	6161	0.3617
07d13cdb-332c-4bd8-82f6-8655881cea74	4	173426848	190106768	11350	-0.4547
07d13cdb-332c-4bd8-82f6-8655881cea74	5	15532	685633	306	0.0264
07d13cdb-332c-4bd8-82f6-8655881cea74	5	698256	722281	9	0.86
07d13cdb-332c-4bd8-82f6-8655881cea74	5	724612	3059847	1665	0.0455
07d13cdb-332c-4bd8-82f6-8655881cea74	5	3059903	3060490	3	-1.1802
07d13cdb-332c-4bd8-82f6-8655881cea74	5	3060797	3268251	275	0.0331
07d13cdb-332c-4bd8-82f6-8655881cea74	5	3268792	3269872	6	-1.5623
07d13cdb-332c-4bd8-82f6-8655881cea74	5	3272615	12800777	7929	0.0613
07d13cdb-332c-4bd8-82f6-8655881cea74	5	12815668	12838421	14	-1.291
07d13cdb-332c-4bd8-82f6-8655881cea74	5	12849089	15718383	1968	0.0632
07d13cdb-332c-4bd8-82f6-8655881cea74	5	15719113	15720488	11	-0.537
07d13cdb-332c-4bd8-82f6-8655881cea74	5	15723237	21449167	3526	0.0483
07d13cdb-332c-4bd8-82f6-8655881cea74	5	21451091	21451889	4	1.0833
07d13cdb-332c-4bd8-82f6-8655881cea74	5	21452329	24981260	2038	0.0427
07d13cdb-332c-4bd8-82f6-8655881cea74	5	24985162	27525800	1493	-0.4422
07d13cdb-332c-4bd8-82f6-8655881cea74	5	27525809	27527372	8	-1.4901
07d13cdb-332c-4bd8-82f6-8655881cea74	5	27528377	42175276	9603	-0.4454
07d13cdb-332c-4bd8-82f6-8655881cea74	5	42176020	52817148	3271	0.0429
07d13cdb-332c-4bd8-82f6-8655881cea74	5	52820923	52870578	41	-0.5289
07d13cdb-332c-4bd8-82f6-8655881cea74	5	52875173	58025819	3562	0.056
07d13cdb-332c-4bd8-82f6-8655881cea74	5	58030200	58037706	32	-0.4203
07d13cdb-332c-4bd8-82f6-8655881cea74	5	58042530	58434793	306	0.0642
07d13cdb-332c-4bd8-82f6-8655881cea74	5	58436920	69550476	6978	-0.4332
07d13cdb-332c-4bd8-82f6-8655881cea74	5	69571467	69822308	5	-1.6653
07d13cdb-332c-4bd8-82f6-8655881cea74	5	69937600	97709417	15603	-0.4457
07d13cdb-332c-4bd8-82f6-8655881cea74	5	97712762	97763616	42	-0.8826
07d13cdb-332c-4bd8-82f6-8655881cea74	5	97763980	134461889	23478	-0.4393
07d13cdb-332c-4bd8-82f6-8655881cea74	5	134468250	134504618	18	0.1834
07d13cdb-332c-4bd8-82f6-8655881cea74	5	134505105	134517715	10	-0.6853
07d13cdb-332c-4bd8-82f6-8655881cea74	5	134520119	142003132	4163	0.0658
07d13cdb-332c-4bd8-82f6-8655881cea74	5	142003544	148180738	4213	0.0296
07d13cdb-332c-4bd8-82f6-8655881cea74	5	148192120	150825938	1767	0.0576
07d13cdb-332c-4bd8-82f6-8655881cea74	5	150826533	150839042	7	-0.8536
07d13cdb-332c-4bd8-82f6-8655881cea74	5	150843825	152135825	963	0.0476
07d13cdb-332c-4bd8-82f6-8655881cea74	5	152135909	152138790	13	-3.4382
07d13cdb-332c-4bd8-82f6-8655881cea74	5	152140710	156053103	2661	0.0603
07d13cdb-332c-4bd8-82f6-8655881cea74	5	156054939	156068249	12	0.504
07d13cdb-332c-4bd8-82f6-8655881cea74	5	156073982	156382042	224	0.0698
07d13cdb-332c-4bd8-82f6-8655881cea74	5	156382725	169947427	9414	0.0229
07d13cdb-332c-4bd8-82f6-8655881cea74	5	169947845	173817307	2804	0.0616
07d13cdb-332c-4bd8-82f6-8655881cea74	5	173818617	173834594	24	-0.5278
07d13cdb-332c-4bd8-82f6-8655881cea74	5	173840292	175960856	1592	0.0504
07d13cdb-332c-4bd8-82f6-8655881cea74	5	175966609	175978747	3	-1.025
07d13cdb-332c-4bd8-82f6-8655881cea74	5	175989121	177770954	732	0.0165
07d13cdb-332c-4bd8-82f6-8655881cea74	5	177771448	177805604	4	1.6084
07d13cdb-332c-4bd8-82f6-8655881cea74	5	177827964	180221138	1386	0.0426
07d13cdb-332c-4bd8-82f6-8655881cea74	5	180221871	180389733	111	-0.4452
07d13cdb-332c-4bd8-82f6-8655881cea74	5	180391033	180934838	293	0.0306
07d13cdb-332c-4bd8-82f6-8655881cea74	5	180945168	180979968	14	0.6058
07d13cdb-332c-4bd8-82f6-8655881cea74	5	180980230	181363319	178	0.0021
07d13cdb-332c-4bd8-82f6-8655881cea74	6	149661	4748188	3801	-0.4422
07d13cdb-332c-4bd8-82f6-8655881cea74	6	4752650	8397767	3018	0.5776
07d13cdb-332c-4bd8-82f6-8655881cea74	6	8398544	9542705	797	0.4521
07d13cdb-332c-4bd8-82f6-8655881cea74	6	9543356	10470804	675	0.5501
07d13cdb-332c-4bd8-82f6-8655881cea74	6	10471029	15148724	3567	0.4475
07d13cdb-332c-4bd8-82f6-8655881cea74	6	15148930	15426411	151	0.2915
07d13cdb-332c-4bd8-82f6-8655881cea74	6	15427579	22220401	5019	0.4636
07d13cdb-332c-4bd8-82f6-8655881cea74	6	22220631	23057409	672	0.1631
07d13cdb-332c-4bd8-82f6-8655881cea74	6	23060763	23060771	3	-0.8933
07d13cdb-332c-4bd8-82f6-8655881cea74	6	23064026	27906149	3035	0.1368
07d13cdb-332c-4bd8-82f6-8655881cea74	6	27911135	29869295	907	0.2838
07d13cdb-332c-4bd8-82f6-8655881cea74	6	29869410	29882419	17	-1.1903
07d13cdb-332c-4bd8-82f6-8655881cea74	6	29882497	29933787	16	0.1376
07d13cdb-332c-4bd8-82f6-8655881cea74	6	29933793	29933799	3	-0.8791
07d13cdb-332c-4bd8-82f6-8655881cea74	6	29940692	31319445	647	0.288
07d13cdb-332c-4bd8-82f6-8655881cea74	6	31319724	31328674	6	-1.3389
07d13cdb-332c-4bd8-82f6-8655881cea74	6	31342147	32463515	496	0.3041
07d13cdb-332c-4bd8-82f6-8655881cea74	6	32463775	32533522	19	1.4703
07d13cdb-332c-4bd8-82f6-8655881cea74	6	32540699	32783837	140	0.5321
07d13cdb-332c-4bd8-82f6-8655881cea74	6	32784185	37858417	3000	0.3004
07d13cdb-332c-4bd8-82f6-8655881cea74	6	37858849	65699523	15558	-0.052
07d13cdb-332c-4bd8-82f6-8655881cea74	6	65703930	73052154	4928	-0.1496
07d13cdb-332c-4bd8-82f6-8655881cea74	6	73056090	73882142	500	-0.0464
07d13cdb-332c-4bd8-82f6-8655881cea74	6	73882509	73887625	9	0.9481
07d13cdb-332c-4bd8-82f6-8655881cea74	6	73891694	76726815	1771	-0.0453
07d13cdb-332c-4bd8-82f6-8655881cea74	6	76730151	76742729	17	-0.5141
07d13cdb-332c-4bd8-82f6-8655881cea74	6	76742924	77617319	583	-0.0659
07d13cdb-332c-4bd8-82f6-8655881cea74	6	77620135	77623176	3	-1.2964
07d13cdb-332c-4bd8-82f6-8655881cea74	6	77625142	77643049	13	-0.0377
07d13cdb-332c-4bd8-82f6-8655881cea74	6	77645883	77646522	6	-1.03
07d13cdb-332c-4bd8-82f6-8655881cea74	6	77648058	78253172	375	-0.0206
07d13cdb-332c-4bd8-82f6-8655881cea74	6	78259348	78329517	114	0.434
07d13cdb-332c-4bd8-82f6-8655881cea74	6	78331916	78979361	397	-0.0132
07d13cdb-332c-4bd8-82f6-8655881cea74	6	78980573	89000845	6260	0.3018
07d13cdb-332c-4bd8-82f6-8655881cea74	6	89001975	99740697	6723	0.0317
07d13cdb-332c-4bd8-82f6-8655881cea74	6	99740905	99743738	3	-1.1502
07d13cdb-332c-4bd8-82f6-8655881cea74	6	99746129	101276318	855	0.0465
07d13cdb-332c-4bd8-82f6-8655881cea74	6	101277029	101277997	3	-1.4385
07d13cdb-332c-4bd8-82f6-8655881cea74	6	101278227	103286954	1231	0.0272
07d13cdb-332c-4bd8-82f6-8655881cea74	6	103290101	103322942	52	0.4691
07d13cdb-332c-4bd8-82f6-8655881cea74	6	103323069	103347806	24	-0.0736
07d13cdb-332c-4bd8-82f6-8655881cea74	6	103350112	122362071	11524	0.3825
07d13cdb-332c-4bd8-82f6-8655881cea74	6	122362099	122362295	4	-0.6875
07d13cdb-332c-4bd8-82f6-8655881cea74	6	122362886	124817631	1604	0.3744
07d13cdb-332c-4bd8-82f6-8655881cea74	6	124820305	124820768	2	-0.9823
07d13cdb-332c-4bd8-82f6-8655881cea74	6	124827430	133945130	5916	0.3882
07d13cdb-332c-4bd8-82f6-8655881cea74	6	133947933	133948494	2	-1.5561
07d13cdb-332c-4bd8-82f6-8655881cea74	6	133950934	135844076	1299	0.374
07d13cdb-332c-4bd8-82f6-8655881cea74	6	135846197	135846430	2	-0.8067
07d13cdb-332c-4bd8-82f6-8655881cea74	6	135847777	139083865	2270	0.3924
07d13cdb-332c-4bd8-82f6-8655881cea74	6	139084175	139089134	2	-1.8764
07d13cdb-332c-4bd8-82f6-8655881cea74	6	139090262	140858619	962	0.3736
07d13cdb-332c-4bd8-82f6-8655881cea74	6	140862343	148451453	4862	0.0263
07d13cdb-332c-4bd8-82f6-8655881cea74	6	148451765	148451862	2	-1.3847
07d13cdb-332c-4bd8-82f6-8655881cea74	6	148452458	153223118	3487	0.0339
07d13cdb-332c-4bd8-82f6-8655881cea74	6	153224144	167112497	10022	-0.4488
07d13cdb-332c-4bd8-82f6-8655881cea74	6	167112710	167771692	229	-0.6152
07d13cdb-332c-4bd8-82f6-8655881cea74	6	167772142	167930914	63	-0.3453
07d13cdb-332c-4bd8-82f6-8655881cea74	6	167931668	168182438	172	-0.8656
07d13cdb-332c-4bd8-82f6-8655881cea74	6	168182924	170741917	1685	-0.4609
07d13cdb-332c-4bd8-82f6-8655881cea74	7	43355	672459	140	-0.013
07d13cdb-332c-4bd8-82f6-8655881cea74	7	672565	6853677	3296	0.0922
07d13cdb-332c-4bd8-82f6-8655881cea74	7	6858609	6893145	11	-0.7763
07d13cdb-332c-4bd8-82f6-8655881cea74	7	6893159	9725634	2417	0.1026
07d13cdb-332c-4bd8-82f6-8655881cea74	7	9727840	9729587	3	-1.3837
07d13cdb-332c-4bd8-82f6-8655881cea74	7	9731568	32039839	17217	0.0885
07d13cdb-332c-4bd8-82f6-8655881cea74	7	32041540	38251092	4268	0.05
07d13cdb-332c-4bd8-82f6-8655881cea74	7	38251113	38322471	109	0.2722
07d13cdb-332c-4bd8-82f6-8655881cea74	7	38326911	54305455	11005	0.0526
07d13cdb-332c-4bd8-82f6-8655881cea74	7	54318812	54318824	6	-1.7431
07d13cdb-332c-4bd8-82f6-8655881cea74	7	54325795	57646462	1951	0.0464
07d13cdb-332c-4bd8-82f6-8655881cea74	7	57647413	57795817	59	-0.2063
07d13cdb-332c-4bd8-82f6-8655881cea74	7	57799267	65108474	1007	0.0204
07d13cdb-332c-4bd8-82f6-8655881cea74	7	65133963	65176750	2	-1.6059
07d13cdb-332c-4bd8-82f6-8655881cea74	7	65177779	76273300	5172	0.0155
07d13cdb-332c-4bd8-82f6-8655881cea74	7	76286756	99250923	14402	0.337
07d13cdb-332c-4bd8-82f6-8655881cea74	7	99254652	102788969	1328	0.2889
07d13cdb-332c-4bd8-82f6-8655881cea74	7	102804720	109797044	4525	0.3528
07d13cdb-332c-4bd8-82f6-8655881cea74	7	109797612	109813853	27	-0.1196
07d13cdb-332c-4bd8-82f6-8655881cea74	7	109813925	112426969	1732	0.3512
07d13cdb-332c-4bd8-82f6-8655881cea74	7	112427574	112483510	44	0.6062
07d13cdb-332c-4bd8-82f6-8655881cea74	7	112487762	126405502	8253	0.332
07d13cdb-332c-4bd8-82f6-8655881cea74	7	126405597	126406827	16	-0.7311
07d13cdb-332c-4bd8-82f6-8655881cea74	7	126412712	126607677	137	0.3095
07d13cdb-332c-4bd8-82f6-8655881cea74	7	126620696	126621795	2	-2.1189
07d13cdb-332c-4bd8-82f6-8655881cea74	7	126622802	139405182	8095	0.378
07d13cdb-332c-4bd8-82f6-8655881cea74	7	139412873	142063324	1689	0.1121
07d13cdb-332c-4bd8-82f6-8655881cea74	7	142069843	142087562	22	0.573
07d13cdb-332c-4bd8-82f6-8655881cea74	7	142087732	142452567	299	0.1423
07d13cdb-332c-4bd8-82f6-8655881cea74	7	142455891	142470387	14	-0.414
07d13cdb-332c-4bd8-82f6-8655881cea74	7	142471173	142722674	106	0.2772
07d13cdb-332c-4bd8-82f6-8655881cea74	7	142724728	143512169	479	0.1107
07d13cdb-332c-4bd8-82f6-8655881cea74	7	143512313	143529806	12	0.3174
07d13cdb-332c-4bd8-82f6-8655881cea74	7	143530003	143728623	6	-0.7515
07d13cdb-332c-4bd8-82f6-8655881cea74	7	143728639	145070792	771	0.1143
07d13cdb-332c-4bd8-82f6-8655881cea74	7	145073710	145073872	2	-1.1876
07d13cdb-332c-4bd8-82f6-8655881cea74	7	145083337	147727325	1738	0.0968
07d13cdb-332c-4bd8-82f6-8655881cea74	7	147727370	153685338	3566	0.0297
07d13cdb-332c-4bd8-82f6-8655881cea74	7	153698387	153698920	2	-1.4988
07d13cdb-332c-4bd8-82f6-8655881cea74	7	153700626	154598185	638	0.023
07d13cdb-332c-4bd8-82f6-8655881cea74	7	154601461	154607903	4	-2.0563
07d13cdb-332c-4bd8-82f6-8655881cea74	7	154609120	154612449	6	-0.6262
07d13cdb-332c-4bd8-82f6-8655881cea74	7	154612480	159326530	3222	0.0301
07d13cdb-332c-4bd8-82f6-8655881cea74	7	159326564	159334314	4	-0.6473
07d13cdb-332c-4bd8-82f6-8655881cea74	8	81254	10110165	9434	-0.4365
07d13cdb-332c-4bd8-82f6-8655881cea74	8	10115076	10393364	285	0.2998
07d13cdb-332c-4bd8-82f6-8655881cea74	8	10393755	10405185	13	-0.1499
07d13cdb-332c-4bd8-82f6-8655881cea74	8	10405703	10513751	109	0.328
07d13cdb-332c-4bd8-82f6-8655881cea74	8	10518434	11451605	749	-0.434
07d13cdb-332c-4bd8-82f6-8655881cea74	8	11451768	11452384	5	-1.9522
07d13cdb-332c-4bd8-82f6-8655881cea74	8	11452503	11883976	314	-0.4841
07d13cdb-332c-4bd8-82f6-8655881cea74	8	11885355	11898363	12	-1.6506
07d13cdb-332c-4bd8-82f6-8655881cea74	8	11899256	31704148	15052	-0.4312
07d13cdb-332c-4bd8-82f6-8655881cea74	8	31706668	39373140	4502	0.0356
07d13cdb-332c-4bd8-82f6-8655881cea74	8	39378084	39529446	59	-2.0111
07d13cdb-332c-4bd8-82f6-8655881cea74	8	39530780	46083229	2617	0.0482
07d13cdb-332c-4bd8-82f6-8655881cea74	8	46089253	46267692	52	-0.237
07d13cdb-332c-4bd8-82f6-8655881cea74	8	46271659	50449187	2151	0.0382
07d13cdb-332c-4bd8-82f6-8655881cea74	8	50452353	50452788	3	-1.0467
07d13cdb-332c-4bd8-82f6-8655881cea74	8	50453204	57879920	4856	0.0354
07d13cdb-332c-4bd8-82f6-8655881cea74	8	57880889	57883988	4	-0.9506
07d13cdb-332c-4bd8-82f6-8655881cea74	8	57886448	57986238	64	0.0136
07d13cdb-332c-4bd8-82f6-8655881cea74	8	57987586	58092688	73	-0.5228
07d13cdb-332c-4bd8-82f6-8655881cea74	8	58102447	58243852	119	-0.0116
07d13cdb-332c-4bd8-82f6-8655881cea74	8	58245677	58266542	15	-0.5373
07d13cdb-332c-4bd8-82f6-8655881cea74	8	58267727	69524007	6881	0.0307
07d13cdb-332c-4bd8-82f6-8655881cea74	8	69524981	70042037	359	0.3209
07d13cdb-332c-4bd8-82f6-8655881cea74	8	70042119	70042599	5	-0.4408
07d13cdb-332c-4bd8-82f6-8655881cea74	8	70048926	74053108	2601	0.3594
07d13cdb-332c-4bd8-82f6-8655881cea74	8	74056880	92180108	10521	0.5989
07d13cdb-332c-4bd8-82f6-8655881cea74	8	92184543	94545084	1406	0.3558
07d13cdb-332c-4bd8-82f6-8655881cea74	8	94545374	94545764	6	1.4086
07d13cdb-332c-4bd8-82f6-8655881cea74	8	94545887	103365580	5564	0.359
07d13cdb-332c-4bd8-82f6-8655881cea74	8	103372552	105022131	921	0.8427
07d13cdb-332c-4bd8-82f6-8655881cea74	8	105022694	105994734	563	0.9862
07d13cdb-332c-4bd8-82f6-8655881cea74	8	105995997	106482690	349	1.1107
07d13cdb-332c-4bd8-82f6-8655881cea74	8	106483012	107527912	754	1.013
07d13cdb-332c-4bd8-82f6-8655881cea74	8	107531978	111279265	2114	0.8651
07d13cdb-332c-4bd8-82f6-8655881cea74	8	111282050	111283016	9	-1.1404
07d13cdb-332c-4bd8-82f6-8655881cea74	8	111283031	114626238	1840	0.8456
07d13cdb-332c-4bd8-82f6-8655881cea74	8	114626472	114628679	7	-0.066
07d13cdb-332c-4bd8-82f6-8655881cea74	8	114628759	136011563	15413	0.8685
07d13cdb-332c-4bd8-82f6-8655881cea74	8	136011820	138806660	2281	0.6621
07d13cdb-332c-4bd8-82f6-8655881cea74	8	138806908	140863551	1497	0.7299
07d13cdb-332c-4bd8-82f6-8655881cea74	8	140863589	140991025	71	0.8187
07d13cdb-332c-4bd8-82f6-8655881cea74	8	140991041	143222462	1173	0.6594
07d13cdb-332c-4bd8-82f6-8655881cea74	8	143227585	143228447	10	-0.2006
07d13cdb-332c-4bd8-82f6-8655881cea74	8	143232207	143616987	119	0.6854
07d13cdb-332c-4bd8-82f6-8655881cea74	8	143622987	143625638	9	-0.4669
07d13cdb-332c-4bd8-82f6-8655881cea74	8	143636819	145072769	504	0.6457
07d13cdb-332c-4bd8-82f6-8655881cea74	9	46587	5383946	5473	-0.4299
07d13cdb-332c-4bd8-82f6-8655881cea74	9	5384024	5384069	2	-2.5072
07d13cdb-332c-4bd8-82f6-8655881cea74	9	5385783	23361807	14920	-0.4196
07d13cdb-332c-4bd8-82f6-8655881cea74	9	23363117	23373486	8	-1.8698
07d13cdb-332c-4bd8-82f6-8655881cea74	9	23378490	29856955	4871	-0.4264
07d13cdb-332c-4bd8-82f6-8655881cea74	9	29866028	29866597	3	-1.9674
07d13cdb-332c-4bd8-82f6-8655881cea74	9	29867261	29965086	90	-0.3528
07d13cdb-332c-4bd8-82f6-8655881cea74	9	29969105	29969712	2	-2.2619
07d13cdb-332c-4bd8-82f6-8655881cea74	9	29969779	34022404	2804	-0.4089
07d13cdb-332c-4bd8-82f6-8655881cea74	9	34023432	39464177	2958	0.0526
07d13cdb-332c-4bd8-82f6-8655881cea74	9	39464735	39481840	4	0.8609
07d13cdb-332c-4bd8-82f6-8655881cea74	9	39481863	39807498	16	0.1472
07d13cdb-332c-4bd8-82f6-8655881cea74	9	39827488	39833357	2	1.4198
07d13cdb-332c-4bd8-82f6-8655881cea74	9	39840169	40832327	15	0.1091
07d13cdb-332c-4bd8-82f6-8655881cea74	9	40887290	41714376	84	-0.305
07d13cdb-332c-4bd8-82f6-8655881cea74	9	41741096	42265987	28	0.2422
07d13cdb-332c-4bd8-82f6-8655881cea74	9	42279025	61405110	67	-0.3377
07d13cdb-332c-4bd8-82f6-8655881cea74	9	61520021	61647899	30	-1.5514
07d13cdb-332c-4bd8-82f6-8655881cea74	9	61665362	68391659	181	-0.2134
07d13cdb-332c-4bd8-82f6-8655881cea74	9	68394191	76506003	5920	0.0595
07d13cdb-332c-4bd8-82f6-8655881cea74	9	76507430	76510477	16	-0.7632
07d13cdb-332c-4bd8-82f6-8655881cea74	9	76510491	76651805	121	0.0097
07d13cdb-332c-4bd8-82f6-8655881cea74	9	76652090	76652202	2	1.0944
07d13cdb-332c-4bd8-82f6-8655881cea74	9	76652956	76939544	247	0.0617
07d13cdb-332c-4bd8-82f6-8655881cea74	9	76941965	76944420	4	-1.1644
07d13cdb-332c-4bd8-82f6-8655881cea74	9	76951948	100542559	16116	0.0609
07d13cdb-332c-4bd8-82f6-8655881cea74	9	100542858	100546714	2	1.602
07d13cdb-332c-4bd8-82f6-8655881cea74	9	100555341	103804216	2354	0.0532
07d13cdb-332c-4bd8-82f6-8655881cea74	9	103806415	103807009	2	-4.2794
07d13cdb-332c-4bd8-82f6-8655881cea74	9	103808421	118416329	11364	0.0719
07d13cdb-332c-4bd8-82f6-8655881cea74	9	118418161	121205482	2168	-0.4392
07d13cdb-332c-4bd8-82f6-8655881cea74	9	121206704	132955217	7084	0.052
07d13cdb-332c-4bd8-82f6-8655881cea74	9	132956506	138200944	2475	-0.4708
07d13cdb-332c-4bd8-82f6-8655881cea74	10	45792	15414034	13004	0.6218
07d13cdb-332c-4bd8-82f6-8655881cea74	10	15418983	17740861	1834	0.3413
07d13cdb-332c-4bd8-82f6-8655881cea74	10	17753678	20501297	2110	0.0483
07d13cdb-332c-4bd8-82f6-8655881cea74	10	20501307	20526776	22	0.6226
07d13cdb-332c-4bd8-82f6-8655881cea74	10	20532967	24086334	2224	0.0465
07d13cdb-332c-4bd8-82f6-8655881cea74	10	24088745	24089125	11	-1.8965
07d13cdb-332c-4bd8-82f6-8655881cea74	10	24089979	30962419	5015	0.0492
07d13cdb-332c-4bd8-82f6-8655881cea74	10	30962594	30962753	5	-0.944
07d13cdb-332c-4bd8-82f6-8655881cea74	10	30962785	41755254	4839	0.0477
07d13cdb-332c-4bd8-82f6-8655881cea74	10	41761331	41762350	3	-1.1728
07d13cdb-332c-4bd8-82f6-8655881cea74	10	41766216	46216095	2448	0.0549
07d13cdb-332c-4bd8-82f6-8655881cea74	10	46216102	46898735	207	-0.1421
07d13cdb-332c-4bd8-82f6-8655881cea74	10	46901552	48084420	301	0.057
07d13cdb-332c-4bd8-82f6-8655881cea74	10	48084439	48114825	2	-1.6244
07d13cdb-332c-4bd8-82f6-8655881cea74	10	48114838	54697027	4860	0.0443
07d13cdb-332c-4bd8-82f6-8655881cea74	10	54697413	54712504	11	0.8571
07d13cdb-332c-4bd8-82f6-8655881cea74	10	54712675	55593756	573	0.0338
07d13cdb-332c-4bd8-82f6-8655881cea74	10	55595919	55599036	3	-1.1032
07d13cdb-332c-4bd8-82f6-8655881cea74	10	55609357	59598098	2906	0.0465
07d13cdb-332c-4bd8-82f6-8655881cea74	10	59598509	59609108	19	-0.17
07d13cdb-332c-4bd8-82f6-8655881cea74	10	59609134	59948121	271	-0.4673
07d13cdb-332c-4bd8-82f6-8655881cea74	10	59950225	60114878	141	-1.196
07d13cdb-332c-4bd8-82f6-8655881cea74	10	60117388	65548259	3599	-0.4323
07d13cdb-332c-4bd8-82f6-8655881cea74	10	65548272	65554688	23	-1.1158
07d13cdb-332c-4bd8-82f6-8655881cea74	10	65563037	87595165	14517	-0.4273
07d13cdb-332c-4bd8-82f6-8655881cea74	10	87595556	87857400	180	-1.2191
07d13cdb-332c-4bd8-82f6-8655881cea74	10	87857644	87970890	206	-0.7592
07d13cdb-332c-4bd8-82f6-8655881cea74	10	87975840	88342071	278	-1.2205
07d13cdb-332c-4bd8-82f6-8655881cea74	10	88362755	89614187	967	-0.475
07d13cdb-332c-4bd8-82f6-8655881cea74	10	89617598	122120029	21748	-0.4257
07d13cdb-332c-4bd8-82f6-8655881cea74	10	122120513	122120539	2	-2.7368
07d13cdb-332c-4bd8-82f6-8655881cea74	10	122121308	122574497	348	-0.4657
07d13cdb-332c-4bd8-82f6-8655881cea74	10	122584593	122587462	5	-1.9509
07d13cdb-332c-4bd8-82f6-8655881cea74	10	122591497	124600971	1406	-0.421
07d13cdb-332c-4bd8-82f6-8655881cea74	10	124601501	124602382	2	-2.6951
07d13cdb-332c-4bd8-82f6-8655881cea74	10	124603590	128518735	2915	-0.4405
07d13cdb-332c-4bd8-82f6-8655881cea74	10	128519201	133420688	3411	-0.495
07d13cdb-332c-4bd8-82f6-8655881cea74	10	133429369	133573736	110	0.2815
07d13cdb-332c-4bd8-82f6-8655881cea74	10	133574363	133654968	34	-0.6107
07d13cdb-332c-4bd8-82f6-8655881cea74	11	198510	515931	120	-0.5092
07d13cdb-332c-4bd8-82f6-8655881cea74	11	516520	4946420	2297	0.0314
07d13cdb-332c-4bd8-82f6-8655881cea74	11	4947280	4952799	25	0.8131
07d13cdb-332c-4bd8-82f6-8655881cea74	11	4953934	5772211	795	0.0397
07d13cdb-332c-4bd8-82f6-8655881cea74	11	5772353	5788231	25	0.4199
07d13cdb-332c-4bd8-82f6-8655881cea74	11	5791130	18929590	9417	0.0465
07d13cdb-332c-4bd8-82f6-8655881cea74	11	18929959	18939855	27	-0.4352
07d13cdb-332c-4bd8-82f6-8655881cea74	11	18940050	18950226	17	-0.0876
07d13cdb-332c-4bd8-82f6-8655881cea74	11	18950248	21120006	1976	0.0584
07d13cdb-332c-4bd8-82f6-8655881cea74	11	21120456	27968180	5028	0.0079
07d13cdb-332c-4bd8-82f6-8655881cea74	11	27970495	31714681	2242	0.3451
07d13cdb-332c-4bd8-82f6-8655881cea74	11	31717034	37080913	4143	0.3768
07d13cdb-332c-4bd8-82f6-8655881cea74	11	37081197	37081526	2	-0.9652
07d13cdb-332c-4bd8-82f6-8655881cea74	11	37084659	37686043	421	0.4115
07d13cdb-332c-4bd8-82f6-8655881cea74	11	37686318	42791601	3361	0.3347
07d13cdb-332c-4bd8-82f6-8655881cea74	11	42794936	42796489	2	-2.3483
07d13cdb-332c-4bd8-82f6-8655881cea74	11	42799053	46111545	2339	0.4001
07d13cdb-332c-4bd8-82f6-8655881cea74	11	46112808	49686823	1494	0.0334
07d13cdb-332c-4bd8-82f6-8655881cea74	11	49689309	49725102	13	-0.8174
07d13cdb-332c-4bd8-82f6-8655881cea74	11	49735950	88409408	19841	0.0352
07d13cdb-332c-4bd8-82f6-8655881cea74	11	88414155	88419236	12	-1.0866
07d13cdb-332c-4bd8-82f6-8655881cea74	11	88422004	89741663	794	0.0039
07d13cdb-332c-4bd8-82f6-8655881cea74	11	89754781	89817056	12	-1.6245
07d13cdb-332c-4bd8-82f6-8655881cea74	11	89834373	135074876	32417	0.0401
07d13cdb-332c-4bd8-82f6-8655881cea74	12	51460	2731776	1735	-0.4257
07d13cdb-332c-4bd8-82f6-8655881cea74	12	2732507	2733399	2	-2.7259
07d13cdb-332c-4bd8-82f6-8655881cea74	12	2740367	9477960	4421	-0.4372
07d13cdb-332c-4bd8-82f6-8655881cea74	12	9481274	9575696	24	0.3928
07d13cdb-332c-4bd8-82f6-8655881cea74	12	9582373	11070111	1036	-0.4309
07d13cdb-332c-4bd8-82f6-8655881cea74	12	11072090	11088933	8	-1.5561
07d13cdb-332c-4bd8-82f6-8655881cea74	12	11099275	16688082	3989	-0.4162
07d13cdb-332c-4bd8-82f6-8655881cea74	12	16688713	16694727	2	-2.1436
07d13cdb-332c-4bd8-82f6-8655881cea74	12	16695101	27942625	7704	-0.4203
07d13cdb-332c-4bd8-82f6-8655881cea74	12	27944039	27944711	9	-1.8213
07d13cdb-332c-4bd8-82f6-8655881cea74	12	27950527	31104761	2429	-0.4406
07d13cdb-332c-4bd8-82f6-8655881cea74	12	31108764	34078005	1985	0.0342
07d13cdb-332c-4bd8-82f6-8655881cea74	12	34078180	37792947	298	-0.0968
07d13cdb-332c-4bd8-82f6-8655881cea74	12	37813240	45510655	4721	0.0504
07d13cdb-332c-4bd8-82f6-8655881cea74	12	45512057	45515754	3	-1.8
07d13cdb-332c-4bd8-82f6-8655881cea74	12	45519509	45881075	212	0.0513
07d13cdb-332c-4bd8-82f6-8655881cea74	12	45882154	45916055	12	-0.4347
07d13cdb-332c-4bd8-82f6-8655881cea74	12	45916640	49995027	2256	0.0502
07d13cdb-332c-4bd8-82f6-8655881cea74	12	49998048	50003878	6	-0.7098
07d13cdb-332c-4bd8-82f6-8655881cea74	12	50010992	51633081	814	0.0435
07d13cdb-332c-4bd8-82f6-8655881cea74	12	51633420	52319048	436	-0.3219
07d13cdb-332c-4bd8-82f6-8655881cea74	12	52319304	52319946	2	-2.211
07d13cdb-332c-4bd8-82f6-8655881cea74	12	52319997	61822472	5722	-0.3292
07d13cdb-332c-4bd8-82f6-8655881cea74	12	61822527	68225060	4161	0.0614
07d13cdb-332c-4bd8-82f6-8655881cea74	12	68225593	70447349	1522	0.3974
07d13cdb-332c-4bd8-82f6-8655881cea74	12	70449646	70454794	2	-0.1195
07d13cdb-332c-4bd8-82f6-8655881cea74	12	70455469	90089573	12075	-0.4273
07d13cdb-332c-4bd8-82f6-8655881cea74	12	90097892	90098297	7	-2.3984
07d13cdb-332c-4bd8-82f6-8655881cea74	12	90099780	114393132	16235	-0.4272
07d13cdb-332c-4bd8-82f6-8655881cea74	12	114399130	117212919	2111	-1.2473
07d13cdb-332c-4bd8-82f6-8655881cea74	12	117212934	117217326	4	-5.8497
07d13cdb-332c-4bd8-82f6-8655881cea74	12	117218907	117392674	157	-1.2387
07d13cdb-332c-4bd8-82f6-8655881cea74	12	117394930	126991920	5964	-0.4218
07d13cdb-332c-4bd8-82f6-8655881cea74	12	126999200	127033369	43	-1.1005
07d13cdb-332c-4bd8-82f6-8655881cea74	12	127037389	127949500	782	-0.4414
07d13cdb-332c-4bd8-82f6-8655881cea74	12	127949763	127949777	2	-3.1599
07d13cdb-332c-4bd8-82f6-8655881cea74	12	127950198	130989619	2686	-0.4931
07d13cdb-332c-4bd8-82f6-8655881cea74	12	130989920	130989960	2	-2.7009
07d13cdb-332c-4bd8-82f6-8655881cea74	12	130993694	133201603	1125	-0.4555
07d13cdb-332c-4bd8-82f6-8655881cea74	13	18452809	19202953	330	-0.0476
07d13cdb-332c-4bd8-82f6-8655881cea74	13	19203130	19207320	2	2.4316
07d13cdb-332c-4bd8-82f6-8655881cea74	13	19207626	19370012	99	-0.061
07d13cdb-332c-4bd8-82f6-8655881cea74	13	19373431	54896255	24453	0.0257
07d13cdb-332c-4bd8-82f6-8655881cea74	13	54896302	65125491	5844	-0.0169
07d13cdb-332c-4bd8-82f6-8655881cea74	13	65129722	65413741	148	0.331
07d13cdb-332c-4bd8-82f6-8655881cea74	13	65418738	65422155	4	-0.3649
07d13cdb-332c-4bd8-82f6-8655881cea74	13	65432931	65717986	163	0.3352
07d13cdb-332c-4bd8-82f6-8655881cea74	13	65723608	79124341	9150	-0.0128
07d13cdb-332c-4bd8-82f6-8655881cea74	13	79124398	98121551	11964	0.3343
07d13cdb-332c-4bd8-82f6-8655881cea74	13	98123302	98363620	212	0.0204
07d13cdb-332c-4bd8-82f6-8655881cea74	13	98366537	102000431	2543	0.3487
07d13cdb-332c-4bd8-82f6-8655881cea74	13	102000850	102128748	146	0.0149
07d13cdb-332c-4bd8-82f6-8655881cea74	13	102129305	114342922	9083	0.3497
07d13cdb-332c-4bd8-82f6-8655881cea74	14	18239283	19011729	28	0.0021
07d13cdb-332c-4bd8-82f6-8655881cea74	14	19012857	19185951	11	-0.217
07d13cdb-332c-4bd8-82f6-8655881cea74	14	19197351	19669187	23	-0.8036
07d13cdb-332c-4bd8-82f6-8655881cea74	14	19675350	19957350	106	-0.2941
07d13cdb-332c-4bd8-82f6-8655881cea74	14	19957701	20082381	90	0.082
07d13cdb-332c-4bd8-82f6-8655881cea74	14	20085125	20087037	2	1.6697
07d13cdb-332c-4bd8-82f6-8655881cea74	14	20089108	21917531	1238	0.0775
07d13cdb-332c-4bd8-82f6-8655881cea74	14	21917596	22499949	507	0.3211
07d13cdb-332c-4bd8-82f6-8655881cea74	14	22500013	53231727	19051	0.0671
07d13cdb-332c-4bd8-82f6-8655881cea74	14	53233463	87877084	22612	-0.4284
07d13cdb-332c-4bd8-82f6-8655881cea74	14	87879282	101523678	9563	-0.0075
07d13cdb-332c-4bd8-82f6-8655881cea74	14	101525116	106340774	1856	0.3455
07d13cdb-332c-4bd8-82f6-8655881cea74	14	106345431	106365807	8	-0.7996
07d13cdb-332c-4bd8-82f6-8655881cea74	14	106369985	106719325	198	0.3901
07d13cdb-332c-4bd8-82f6-8655881cea74	14	106769689	106770361	4	-0.9293
07d13cdb-332c-4bd8-82f6-8655881cea74	14	106775945	106877229	68	0.2756
07d13cdb-332c-4bd8-82f6-8655881cea74	15	19811075	20384774	106	-0.122
07d13cdb-332c-4bd8-82f6-8655881cea74	15	20384789	22005276	74	0.1982
07d13cdb-332c-4bd8-82f6-8655881cea74	15	22227530	22299523	26	0.7137
07d13cdb-332c-4bd8-82f6-8655881cea74	15	22385639	24131550	866	0.0115
07d13cdb-332c-4bd8-82f6-8655881cea74	15	24137883	24189385	30	-1.1475
07d13cdb-332c-4bd8-82f6-8655881cea74	15	24197072	24329610	62	-0.1497
07d13cdb-332c-4bd8-82f6-8655881cea74	15	24329790	24424598	35	0.4302
07d13cdb-332c-4bd8-82f6-8655881cea74	15	24429604	24469643	29	-0.0821
07d13cdb-332c-4bd8-82f6-8655881cea74	15	24469692	24526715	27	0.3749
07d13cdb-332c-4bd8-82f6-8655881cea74	15	24528512	28289262	2724	0.0054
07d13cdb-332c-4bd8-82f6-8655881cea74	15	28294842	29226080	262	-0.1211
07d13cdb-332c-4bd8-82f6-8655881cea74	15	29229118	34431375	3185	0.0147
07d13cdb-332c-4bd8-82f6-8655881cea74	15	34434971	34434988	2	-2.1112
07d13cdb-332c-4bd8-82f6-8655881cea74	15	34435421	34633735	102	0.0224
07d13cdb-332c-4bd8-82f6-8655881cea74	15	34636285	80282938	28636	-0.3979
07d13cdb-332c-4bd8-82f6-8655881cea74	15	80286498	80294338	11	-1.3392
07d13cdb-332c-4bd8-82f6-8655881cea74	15	80299410	90744318	6669	-0.3802
07d13cdb-332c-4bd8-82f6-8655881cea74	15	90753804	97799106	5596	0.0224
07d13cdb-332c-4bd8-82f6-8655881cea74	15	97805237	101928837	3038	-0.4415
07d13cdb-332c-4bd8-82f6-8655881cea74	16	10777	40676	10	-0.2981
07d13cdb-332c-4bd8-82f6-8655881cea74	16	41010	4869595	2041	0.0156
07d13cdb-332c-4bd8-82f6-8655881cea74	16	4872187	14257234	8847	0.0597
07d13cdb-332c-4bd8-82f6-8655881cea74	16	14261410	14895982	218	0.0039
07d13cdb-332c-4bd8-82f6-8655881cea74	16	14954911	14993320	48	-0.6971
07d13cdb-332c-4bd8-82f6-8655881cea74	16	15009819	28742130	7741	0.0373
07d13cdb-332c-4bd8-82f6-8655881cea74	16	28752527	28813331	3	-1.2145
07d13cdb-332c-4bd8-82f6-8655881cea74	16	28813550	31948830	1040	0.036
07d13cdb-332c-4bd8-82f6-8655881cea74	16	31954295	35601428	427	-0.0735
07d13cdb-332c-4bd8-82f6-8655881cea74	16	35606033	51001500	2752	0.0676
07d13cdb-332c-4bd8-82f6-8655881cea74	16	51003098	51008721	5	-0.9569
07d13cdb-332c-4bd8-82f6-8655881cea74	16	51009638	55484965	3567	0.0696
07d13cdb-332c-4bd8-82f6-8655881cea74	16	55485695	55496389	10	-0.4471
07d13cdb-332c-4bd8-82f6-8655881cea74	16	55498312	55776295	237	0.0792
07d13cdb-332c-4bd8-82f6-8655881cea74	16	55782331	55788532	6	0.9324
07d13cdb-332c-4bd8-82f6-8655881cea74	16	55808442	74158254	10948	0.0547
07d13cdb-332c-4bd8-82f6-8655881cea74	16	74162513	74240392	51	-0.3349
07d13cdb-332c-4bd8-82f6-8655881cea74	16	74242072	78337711	3279	0.0581
07d13cdb-332c-4bd8-82f6-8655881cea74	16	78338543	78345778	13	-2.3375
07d13cdb-332c-4bd8-82f6-8655881cea74	16	78349243	79231350	1205	0.0284
07d13cdb-332c-4bd8-82f6-8655881cea74	16	79231788	79241452	10	0.6349
07d13cdb-332c-4bd8-82f6-8655881cea74	16	79245768	81601842	2419	0.0378
07d13cdb-332c-4bd8-82f6-8655881cea74	16	81601994	83108414	1608	0.0935
07d13cdb-332c-4bd8-82f6-8655881cea74	16	83108455	83268512	230	0.0304
07d13cdb-332c-4bd8-82f6-8655881cea74	16	83269225	90096867	5129	-0.459
07d13cdb-332c-4bd8-82f6-8655881cea74	17	150733	9118689	5044	-0.3851
07d13cdb-332c-4bd8-82f6-8655881cea74	17	9123493	17992891	6092	0.0812
07d13cdb-332c-4bd8-82f6-8655881cea74	17	17994425	40414212	9131	0.0397
07d13cdb-332c-4bd8-82f6-8655881cea74	17	40431982	40629647	115	0.0779
07d13cdb-332c-4bd8-82f6-8655881cea74	17	40629704	40640990	7	0.6146
07d13cdb-332c-4bd8-82f6-8655881cea74	17	40641769	41266762	412	0.0675
07d13cdb-332c-4bd8-82f6-8655881cea74	17	41266774	41274279	23	-0.7207
07d13cdb-332c-4bd8-82f6-8655881cea74	17	41276472	43137091	1074	0.0413
07d13cdb-332c-4bd8-82f6-8655881cea74	17	43137565	43215382	20	-0.3453
07d13cdb-332c-4bd8-82f6-8655881cea74	17	43222561	45497555	1057	0.0353
07d13cdb-332c-4bd8-82f6-8655881cea74	17	45508731	45571138	4	-0.9792
07d13cdb-332c-4bd8-82f6-8655881cea74	17	45571174	46138956	384	0.0083
07d13cdb-332c-4bd8-82f6-8655881cea74	17	46142189	46218468	68	0.3245
07d13cdb-332c-4bd8-82f6-8655881cea74	17	46234104	46351954	18	0.027
07d13cdb-332c-4bd8-82f6-8655881cea74	17	46446345	46446360	2	-1.7203
07d13cdb-332c-4bd8-82f6-8655881cea74	17	46569894	52125223	3035	0.0436
07d13cdb-332c-4bd8-82f6-8655881cea74	17	52125328	59122740	4798	0.3531
07d13cdb-332c-4bd8-82f6-8655881cea74	17	59124923	60003122	399	0.2382
07d13cdb-332c-4bd8-82f6-8655881cea74	17	60036209	60110554	48	0.3495
07d13cdb-332c-4bd8-82f6-8655881cea74	17	60111524	64251897	2029	0.5756
07d13cdb-332c-4bd8-82f6-8655881cea74	17	64252618	72167639	5216	0.5364
07d13cdb-332c-4bd8-82f6-8655881cea74	17	72168406	73838033	1296	0.5816
07d13cdb-332c-4bd8-82f6-8655881cea74	17	73838553	80534352	3698	0.5134
07d13cdb-332c-4bd8-82f6-8655881cea74	17	80538706	83091923	1056	0.7609
07d13cdb-332c-4bd8-82f6-8655881cea74	18	48133	14770212	10223	0.0463
07d13cdb-332c-4bd8-82f6-8655881cea74	18	14770959	15294028	160	-0.1142
07d13cdb-332c-4bd8-82f6-8655881cea74	18	15307550	22566777	799	0.0539
07d13cdb-332c-4bd8-82f6-8655881cea74	18	22567951	22583635	12	-0.5524
07d13cdb-332c-4bd8-82f6-8655881cea74	18	22583707	30163888	4780	0.0492
07d13cdb-332c-4bd8-82f6-8655881cea74	18	30168090	30186720	11	-0.8995
07d13cdb-332c-4bd8-82f6-8655881cea74	18	30192751	34197353	2611	0.0585
07d13cdb-332c-4bd8-82f6-8655881cea74	18	34200200	34233671	15	-0.4393
07d13cdb-332c-4bd8-82f6-8655881cea74	18	34236246	40680516	4178	0.0468
07d13cdb-332c-4bd8-82f6-8655881cea74	18	40680526	40685425	14	-1.5044
07d13cdb-332c-4bd8-82f6-8655881cea74	18	40688060	45494356	3169	0.0342
07d13cdb-332c-4bd8-82f6-8655881cea74	18	45495061	49061284	2481	0.078
07d13cdb-332c-4bd8-82f6-8655881cea74	18	49065345	49551870	225	-0.4241
07d13cdb-332c-4bd8-82f6-8655881cea74	18	49552459	67292676	12459	0.0535
07d13cdb-332c-4bd8-82f6-8655881cea74	18	67293377	67300028	15	-0.9764
07d13cdb-332c-4bd8-82f6-8655881cea74	18	67300481	71757808	3304	0.0406
07d13cdb-332c-4bd8-82f6-8655881cea74	18	71761703	71774108	15	-0.9983
07d13cdb-332c-4bd8-82f6-8655881cea74	18	71774377	80257174	6266	0.0458
07d13cdb-332c-4bd8-82f6-8655881cea74	19	90910	3197373	850	0.0112
07d13cdb-332c-4bd8-82f6-8655881cea74	19	3200872	4788415	422	0.3663
07d13cdb-332c-4bd8-82f6-8655881cea74	19	4789472	4789513	2	-3.3158
07d13cdb-332c-4bd8-82f6-8655881cea74	19	4795330	4921881	50	0.343
07d13cdb-332c-4bd8-82f6-8655881cea74	19	4928848	9742969	2375	0.6243
07d13cdb-332c-4bd8-82f6-8655881cea74	19	9746309	10558472	343	0.3552
07d13cdb-332c-4bd8-82f6-8655881cea74	19	10560546	10640863	25	-0.0139
07d13cdb-332c-4bd8-82f6-8655881cea74	19	10641433	10644163	5	-0.6524
07d13cdb-332c-4bd8-82f6-8655881cea74	19	10646852	10776908	69	0.0193
07d13cdb-332c-4bd8-82f6-8655881cea74	19	10776950	12422445	824	0.3497
07d13cdb-332c-4bd8-82f6-8655881cea74	19	12427951	12447631	13	0.3227
07d13cdb-332c-4bd8-82f6-8655881cea74	19	12448318	12568021	58	-0.42
07d13cdb-332c-4bd8-82f6-8655881cea74	19	12575480	20626432	4009	0.3517
07d13cdb-332c-4bd8-82f6-8655881cea74	19	20633675	21364221	413	0.0519
07d13cdb-332c-4bd8-82f6-8655881cea74	19	21369050	27982977	1944	-0.0037
07d13cdb-332c-4bd8-82f6-8655881cea74	19	27984053	35358420	5304	0.0518
07d13cdb-332c-4bd8-82f6-8655881cea74	19	35364451	35370946	21	-1.8893
07d13cdb-332c-4bd8-82f6-8655881cea74	19	35375842	38779536	1695	0.0254
07d13cdb-332c-4bd8-82f6-8655881cea74	19	38779842	38799824	27	-0.3603
07d13cdb-332c-4bd8-82f6-8655881cea74	19	38799837	42711176	1943	0.0402
07d13cdb-332c-4bd8-82f6-8655881cea74	19	42712819	42943866	87	-0.1903
07d13cdb-332c-4bd8-82f6-8655881cea74	19	42944543	43163899	104	-0.0345
07d13cdb-332c-4bd8-82f6-8655881cea74	19	43164878	43166305	2	-1.5243
07d13cdb-332c-4bd8-82f6-8655881cea74	19	43166315	50706692	3571	0.0331
07d13cdb-332c-4bd8-82f6-8655881cea74	19	50707869	58493344	4919	0.2487
07d13cdb-332c-4bd8-82f6-8655881cea74	19	58497119	58586487	28	0.0766
07d13cdb-332c-4bd8-82f6-8655881cea74	20	80664	891823	634	0.023
07d13cdb-332c-4bd8-82f6-8655881cea74	20	891866	893857	3	-1.2004
07d13cdb-332c-4bd8-82f6-8655881cea74	20	895270	1591557	591	0.0328
07d13cdb-332c-4bd8-82f6-8655881cea74	20	1591572	1617300	17	-0.5545
07d13cdb-332c-4bd8-82f6-8655881cea74	20	1617460	15320728	10392	0.0547
07d13cdb-332c-4bd8-82f6-8655881cea74	20	15321256	15321728	3	-2.7015
07d13cdb-332c-4bd8-82f6-8655881cea74	20	15324612	23739785	6838	0.0423
07d13cdb-332c-4bd8-82f6-8655881cea74	20	23739913	23798064	37	-0.3301
07d13cdb-332c-4bd8-82f6-8655881cea74	20	23798920	44255861	9541	0.0448
07d13cdb-332c-4bd8-82f6-8655881cea74	20	44257543	44257669	2	-1.6606
07d13cdb-332c-4bd8-82f6-8655881cea74	20	44259374	54031269	6828	0.0467
07d13cdb-332c-4bd8-82f6-8655881cea74	20	54034615	54042112	35	-0.6224
07d13cdb-332c-4bd8-82f6-8655881cea74	20	54046035	61984028	6479	0.052
07d13cdb-332c-4bd8-82f6-8655881cea74	20	61992694	64324800	976	-0.132
07d13cdb-332c-4bd8-82f6-8655881cea74	21	10354168	13166157	110	-0.3506
07d13cdb-332c-4bd8-82f6-8655881cea74	21	13166236	13583316	159	-0.0353
07d13cdb-332c-4bd8-82f6-8655881cea74	21	13612103	13677975	4	-1.1026
07d13cdb-332c-4bd8-82f6-8655881cea74	21	13803967	15022488	725	0.0033
07d13cdb-332c-4bd8-82f6-8655881cea74	21	15023432	19337279	3093	0.0623
07d13cdb-332c-4bd8-82f6-8655881cea74	21	19337312	22285238	2212	0.0154
07d13cdb-332c-4bd8-82f6-8655881cea74	21	22287668	22292338	7	-0.9262
07d13cdb-332c-4bd8-82f6-8655881cea74	21	22294679	39625382	12867	0.0361
07d13cdb-332c-4bd8-82f6-8655881cea74	21	39625432	42215695	2309	0.0857
07d13cdb-332c-4bd8-82f6-8655881cea74	21	42216800	46677045	2370	0.0118
07d13cdb-332c-4bd8-82f6-8655881cea74	22	15294547	15324751	3	1.6075
07d13cdb-332c-4bd8-82f6-8655881cea74	22	15341224	16594336	76	-0.1367
07d13cdb-332c-4bd8-82f6-8655881cea74	22	16594463	19547459	1441	0.0471
07d13cdb-332c-4bd8-82f6-8655881cea74	22	19548796	19551004	6	-0.8151
07d13cdb-332c-4bd8-82f6-8655881cea74	22	19553642	19951573	267	0.0206
07d13cdb-332c-4bd8-82f6-8655881cea74	22	19954404	20289509	203	-0.1644
07d13cdb-332c-4bd8-82f6-8655881cea74	22	20291006	23987520	2398	0.0079
07d13cdb-332c-4bd8-82f6-8655881cea74	22	23988078	23989773	2	-3.2018
07d13cdb-332c-4bd8-82f6-8655881cea74	22	23990431	25265409	816	0.0711
07d13cdb-332c-4bd8-82f6-8655881cea74	22	25265731	25531853	292	-0.0744
07d13cdb-332c-4bd8-82f6-8655881cea74	22	25534512	30914803	4051	0.0625
07d13cdb-332c-4bd8-82f6-8655881cea74	22	30918265	33776814	2088	-0.0713
07d13cdb-332c-4bd8-82f6-8655881cea74	22	33777419	33778998	5	-0.9105
07d13cdb-332c-4bd8-82f6-8655881cea74	22	33785435	36065944	1877	-0.0596
07d13cdb-332c-4bd8-82f6-8655881cea74	22	36071454	41110666	2774	-0.113
07d13cdb-332c-4bd8-82f6-8655881cea74	22	41117919	42581184	886	0.2558
07d13cdb-332c-4bd8-82f6-8655881cea74	22	42584045	48914655	4872	0.3056
07d13cdb-332c-4bd8-82f6-8655881cea74	22	48915336	50796027	1213	0.2333
07d13cdb-332c-4bd8-82f6-8655881cea74	X	251810	6862849	3197	0.221
07d13cdb-332c-4bd8-82f6-8655881cea74	X	6863906	7377777	348	0.0972
07d13cdb-332c-4bd8-82f6-8655881cea74	X	7381266	20523654	8706	0.222
07d13cdb-332c-4bd8-82f6-8655881cea74	X	20528292	20529117	2	-1.525
07d13cdb-332c-4bd8-82f6-8655881cea74	X	20533947	22080981	755	0.2037
07d13cdb-332c-4bd8-82f6-8655881cea74	X	22081934	24487446	1868	0.2571
07d13cdb-332c-4bd8-82f6-8655881cea74	X	24488136	31614693	4537	0.2046
07d13cdb-332c-4bd8-82f6-8655881cea74	X	31619579	46289093	8654	-0.2114
07d13cdb-332c-4bd8-82f6-8655881cea74	X	46289107	63193211	5464	0.2172
07d13cdb-332c-4bd8-82f6-8655881cea74	X	63250575	63297592	23	0.6975
07d13cdb-332c-4bd8-82f6-8655881cea74	X	63302403	63391857	31	0.1552
07d13cdb-332c-4bd8-82f6-8655881cea74	X	63394448	112156265	24400	-0.2112
07d13cdb-332c-4bd8-82f6-8655881cea74	X	112156786	125666937	7934	0.2578
07d13cdb-332c-4bd8-82f6-8655881cea74	X	125669632	125676616	4	-1.1025
07d13cdb-332c-4bd8-82f6-8655881cea74	X	125679581	145356792	11426	0.2497
07d13cdb-332c-4bd8-82f6-8655881cea74	X	145359909	148162373	2025	-0.2553
07d13cdb-332c-4bd8-82f6-8655881cea74	X	148162799	148166813	9	-0.9415
07d13cdb-332c-4bd8-82f6-8655881cea74	X	148173330	149803246	997	-0.2375
07d13cdb-332c-4bd8-82f6-8655881cea74	X	149803608	149803773	4	0.9082
07d13cdb-332c-4bd8-82f6-8655881cea74	X	149804895	151124426	831	-0.2293
07d13cdb-332c-4bd8-82f6-8655881cea74	X	151125462	151131052	4	-1.2545
07d13cdb-332c-4bd8-82f6-8655881cea74	X	151132448	152674889	990	-0.2028
07d13cdb-332c-4bd8-82f6-8655881cea74	X	152701467	154933582	1036	-0.3053
07d13cdb-332c-4bd8-82f6-8655881cea74	X	154934291	155952689	331	-0.1956
07d13cdb-332c-4bd8-82f6-8655881cea74	Y	2782397	6790428	863	-2.7287
07d13cdb-332c-4bd8-82f6-8655881cea74	Y	6792738	23586854	5584	-3.0977
07d13cdb-332c-4bd8-82f6-8655881cea74	Y	23784615	56872112	192	-2.6374
