GDC_Aliquot	Chromosome	Start	End	Num_Probes	Segment_Mean
f9bccbe0-28c1-4d60-b656-432527eaf911	1	62920	599171	20	-0.5108
f9bccbe0-28c1-4d60-b656-432527eaf911	1	668210	11769360	5925	-0.0544
f9bccbe0-28c1-4d60-b656-432527eaf911	1	11769634	12087665	157	0.2886
f9bccbe0-28c1-4d60-b656-432527eaf911	1	12093131	16718963	2581	-0.0602
f9bccbe0-28c1-4d60-b656-432527eaf911	1	16719082	16958425	79	-0.5907
f9bccbe0-28c1-4d60-b656-432527eaf911	1	16959715	25256800	5258	-0.059
f9bccbe0-28c1-4d60-b656-432527eaf911	1	25256850	25320253	24	0.4643
f9bccbe0-28c1-4d60-b656-432527eaf911	1	25320455	30268649	2397	-0.0548
f9bccbe0-28c1-4d60-b656-432527eaf911	1	30268809	30272363	3	-1.4029
f9bccbe0-28c1-4d60-b656-432527eaf911	1	30274729	72303233	26337	-0.0651
f9bccbe0-28c1-4d60-b656-432527eaf911	1	72303253	72345465	45	-1.3418
f9bccbe0-28c1-4d60-b656-432527eaf911	1	72346221	102151497	19250	-0.0759
f9bccbe0-28c1-4d60-b656-432527eaf911	1	102154133	103122162	603	0.2859
f9bccbe0-28c1-4d60-b656-432527eaf911	1	103122951	106679096	1890	-0.0812
f9bccbe0-28c1-4d60-b656-432527eaf911	1	106679528	106680860	5	-1.068
f9bccbe0-28c1-4d60-b656-432527eaf911	1	106682554	110834746	2705	-0.0686
f9bccbe0-28c1-4d60-b656-432527eaf911	1	110834943	110845604	38	-1.1364
f9bccbe0-28c1-4d60-b656-432527eaf911	1	110849445	112147704	1075	-0.0892
f9bccbe0-28c1-4d60-b656-432527eaf911	1	112153343	112154768	25	0.3329
f9bccbe0-28c1-4d60-b656-432527eaf911	1	112163334	152583051	7598	-0.0728
f9bccbe0-28c1-4d60-b656-432527eaf911	1	152583230	152613762	31	-1.9328
f9bccbe0-28c1-4d60-b656-432527eaf911	1	152613802	152618018	5	-0.8385
f9bccbe0-28c1-4d60-b656-432527eaf911	1	152618089	152789447	167	-0.0773
f9bccbe0-28c1-4d60-b656-432527eaf911	1	152789463	152796224	36	0.5319
f9bccbe0-28c1-4d60-b656-432527eaf911	1	152801429	153699771	621	-0.0912
f9bccbe0-28c1-4d60-b656-432527eaf911	1	153701198	153720772	8	0.6886
f9bccbe0-28c1-4d60-b656-432527eaf911	1	153722864	174764424	14129	-0.0762
f9bccbe0-28c1-4d60-b656-432527eaf911	1	174766366	242979007	46826	0.2938
f9bccbe0-28c1-4d60-b656-432527eaf911	1	242982291	243105104	16	-0.1166
f9bccbe0-28c1-4d60-b656-432527eaf911	1	243105657	248546369	3554	0.2983
f9bccbe0-28c1-4d60-b656-432527eaf911	1	248550567	248633912	35	-0.6687
f9bccbe0-28c1-4d60-b656-432527eaf911	1	248645563	248930189	141	0.2945
f9bccbe0-28c1-4d60-b656-432527eaf911	2	12784	24374359	17928	0.2757
f9bccbe0-28c1-4d60-b656-432527eaf911	2	24376304	24388259	23	-0.7148
f9bccbe0-28c1-4d60-b656-432527eaf911	2	24388858	34476516	6142	0.2712
f9bccbe0-28c1-4d60-b656-432527eaf911	2	34476558	34511990	43	0.6014
f9bccbe0-28c1-4d60-b656-432527eaf911	2	34512096	52509656	12992	0.2725
f9bccbe0-28c1-4d60-b656-432527eaf911	2	52510045	52554404	49	0.6319
f9bccbe0-28c1-4d60-b656-432527eaf911	2	52560811	86710564	21916	0.2664
f9bccbe0-28c1-4d60-b656-432527eaf911	2	86725947	86726731	2	-1.3922
f9bccbe0-28c1-4d60-b656-432527eaf911	2	86743283	86859047	49	0.2964
f9bccbe0-28c1-4d60-b656-432527eaf911	2	86862560	87256891	70	0.0346
f9bccbe0-28c1-4d60-b656-432527eaf911	2	87260822	89044490	675	0.2626
f9bccbe0-28c1-4d60-b656-432527eaf911	2	89055939	89055950	2	-2.3374
f9bccbe0-28c1-4d60-b656-432527eaf911	2	89058542	97192190	1105	0.2299
f9bccbe0-28c1-4d60-b656-432527eaf911	2	97199600	97210536	11	-0.6702
f9bccbe0-28c1-4d60-b656-432527eaf911	2	97211069	131458124	20322	0.27
f9bccbe0-28c1-4d60-b656-432527eaf911	2	131464435	131468795	3	-1.497
f9bccbe0-28c1-4d60-b656-432527eaf911	2	131472229	146104517	9098	0.2618
f9bccbe0-28c1-4d60-b656-432527eaf911	2	146106836	146109366	24	-0.2253
f9bccbe0-28c1-4d60-b656-432527eaf911	2	146120238	157962919	7066	0.2647
f9bccbe0-28c1-4d60-b656-432527eaf911	2	157963624	157964348	2	-1.1212
f9bccbe0-28c1-4d60-b656-432527eaf911	2	157966875	202428368	26722	0.2652
f9bccbe0-28c1-4d60-b656-432527eaf911	2	202431052	202448759	42	-0.6362
f9bccbe0-28c1-4d60-b656-432527eaf911	2	202448774	242147305	25213	0.2684
f9bccbe0-28c1-4d60-b656-432527eaf911	3	20930	6604856	5816	-0.0814
f9bccbe0-28c1-4d60-b656-432527eaf911	3	6609441	6611645	23	-0.8225
f9bccbe0-28c1-4d60-b656-432527eaf911	3	6613391	16199049	7054	-0.0626
f9bccbe0-28c1-4d60-b656-432527eaf911	3	16199122	16199672	5	-2.4939
f9bccbe0-28c1-4d60-b656-432527eaf911	3	16199818	41006098	16670	-0.0716
f9bccbe0-28c1-4d60-b656-432527eaf911	3	41011276	41044200	37	0.2682
f9bccbe0-28c1-4d60-b656-432527eaf911	3	41044490	46380347	3320	-0.0649
f9bccbe0-28c1-4d60-b656-432527eaf911	3	46380474	46380896	6	-0.8712
f9bccbe0-28c1-4d60-b656-432527eaf911	3	46381266	46751887	246	-0.0624
f9bccbe0-28c1-4d60-b656-432527eaf911	3	46760327	46806126	38	-0.8136
f9bccbe0-28c1-4d60-b656-432527eaf911	3	46807689	68697108	14563	-0.0686
f9bccbe0-28c1-4d60-b656-432527eaf911	3	68697133	68698262	13	0.5272
f9bccbe0-28c1-4d60-b656-432527eaf911	3	68699607	69124033	337	-0.0377
f9bccbe0-28c1-4d60-b656-432527eaf911	3	69124224	69132401	3	-5.8758
f9bccbe0-28c1-4d60-b656-432527eaf911	3	69134618	82059630	8265	-0.0743
f9bccbe0-28c1-4d60-b656-432527eaf911	3	82062201	82064038	3	-1.7021
f9bccbe0-28c1-4d60-b656-432527eaf911	3	82064741	157622136	43180	-0.0767
f9bccbe0-28c1-4d60-b656-432527eaf911	3	157622297	157623893	4	-1.6712
f9bccbe0-28c1-4d60-b656-432527eaf911	3	157625703	162794951	3151	-0.0733
f9bccbe0-28c1-4d60-b656-432527eaf911	3	162795304	162908207	68	-1.5079
f9bccbe0-28c1-4d60-b656-432527eaf911	3	162908784	193156018	19165	-0.0726
f9bccbe0-28c1-4d60-b656-432527eaf911	3	193156958	193165114	21	-0.7242
f9bccbe0-28c1-4d60-b656-432527eaf911	3	193168646	198169247	2693	-0.061
f9bccbe0-28c1-4d60-b656-432527eaf911	4	68929	4404532	1827	-0.0649
f9bccbe0-28c1-4d60-b656-432527eaf911	4	4404536	4404989	2	-3.2685
f9bccbe0-28c1-4d60-b656-432527eaf911	4	4405490	9455251	3323	-0.0611
f9bccbe0-28c1-4d60-b656-432527eaf911	4	9459504	9477699	6	0.848
f9bccbe0-28c1-4d60-b656-432527eaf911	4	9484440	9617513	38	-0.1822
f9bccbe0-28c1-4d60-b656-432527eaf911	4	9624789	9630824	3	-3.0179
f9bccbe0-28c1-4d60-b656-432527eaf911	4	9631635	10208766	499	-0.0667
f9bccbe0-28c1-4d60-b656-432527eaf911	4	10212536	10233644	36	1.0691
f9bccbe0-28c1-4d60-b656-432527eaf911	4	10234518	49214614	25977	-0.075
f9bccbe0-28c1-4d60-b656-432527eaf911	4	49289175	49289338	2	-1.7104
f9bccbe0-28c1-4d60-b656-432527eaf911	4	49295203	68472744	10478	-0.074
f9bccbe0-28c1-4d60-b656-432527eaf911	4	68472846	68620261	70	0.2556
f9bccbe0-28c1-4d60-b656-432527eaf911	4	68623617	69523998	479	-0.0846
f9bccbe0-28c1-4d60-b656-432527eaf911	4	69524143	69525061	2	-2.4287
f9bccbe0-28c1-4d60-b656-432527eaf911	4	69526170	76872059	4506	-0.0666
f9bccbe0-28c1-4d60-b656-432527eaf911	4	76872087	76872625	6	-0.8668
f9bccbe0-28c1-4d60-b656-432527eaf911	4	76872676	90363792	8483	-0.0755
f9bccbe0-28c1-4d60-b656-432527eaf911	4	90366001	90370365	9	-0.9329
f9bccbe0-28c1-4d60-b656-432527eaf911	4	90373217	129141596	22938	-0.0804
f9bccbe0-28c1-4d60-b656-432527eaf911	4	129146391	129147005	2	-2.5454
f9bccbe0-28c1-4d60-b656-432527eaf911	4	129151408	143796736	8908	-0.0854
f9bccbe0-28c1-4d60-b656-432527eaf911	4	143797654	143834429	25	0.273
f9bccbe0-28c1-4d60-b656-432527eaf911	4	143836689	149983694	3410	-0.0768
f9bccbe0-28c1-4d60-b656-432527eaf911	4	149984222	149984807	2	-1.3182
f9bccbe0-28c1-4d60-b656-432527eaf911	4	149987908	150955157	531	-0.0723
f9bccbe0-28c1-4d60-b656-432527eaf911	4	150955173	150963154	25	-0.7684
f9bccbe0-28c1-4d60-b656-432527eaf911	4	150963158	155672936	2920	-0.0786
f9bccbe0-28c1-4d60-b656-432527eaf911	4	155673078	155676843	15	-0.8374
f9bccbe0-28c1-4d60-b656-432527eaf911	4	155680783	160959045	3401	-0.0738
f9bccbe0-28c1-4d60-b656-432527eaf911	4	160959151	160963448	16	-0.7042
f9bccbe0-28c1-4d60-b656-432527eaf911	4	160963756	168359293	4693	-0.0784
f9bccbe0-28c1-4d60-b656-432527eaf911	4	168360847	168361204	5	-0.8529
f9bccbe0-28c1-4d60-b656-432527eaf911	4	168367371	170346943	1280	-0.0932
f9bccbe0-28c1-4d60-b656-432527eaf911	4	170346954	170347043	3	-1.0665
f9bccbe0-28c1-4d60-b656-432527eaf911	4	170347051	171448195	686	-0.0696
f9bccbe0-28c1-4d60-b656-432527eaf911	4	171453733	171456625	12	0.5899
f9bccbe0-28c1-4d60-b656-432527eaf911	4	171459220	172066777	397	-0.0952
f9bccbe0-28c1-4d60-b656-432527eaf911	4	172067997	172068382	12	0.6433
f9bccbe0-28c1-4d60-b656-432527eaf911	4	172074828	177675377	3327	-0.083
f9bccbe0-28c1-4d60-b656-432527eaf911	4	177675391	177688559	41	-0.8025
f9bccbe0-28c1-4d60-b656-432527eaf911	4	177690871	190106768	8709	-0.0779
f9bccbe0-28c1-4d60-b656-432527eaf911	5	15532	685633	306	-0.0771
f9bccbe0-28c1-4d60-b656-432527eaf911	5	698256	808932	32	0.3769
f9bccbe0-28c1-4d60-b656-432527eaf911	5	817735	58660999	35865	-0.0756
f9bccbe0-28c1-4d60-b656-432527eaf911	5	58661016	58663865	24	-0.8397
f9bccbe0-28c1-4d60-b656-432527eaf911	5	58663939	69550476	6826	-0.0814
f9bccbe0-28c1-4d60-b656-432527eaf911	5	69571467	69822308	5	0.9095
f9bccbe0-28c1-4d60-b656-432527eaf911	5	69937600	100160190	17014	-0.0818
f9bccbe0-28c1-4d60-b656-432527eaf911	5	100161308	100164684	4	-1.3715
f9bccbe0-28c1-4d60-b656-432527eaf911	5	100165236	104515520	2507	-0.0744
f9bccbe0-28c1-4d60-b656-432527eaf911	5	104524672	104524903	4	-1.4298
f9bccbe0-28c1-4d60-b656-432527eaf911	5	104525348	120134658	10704	-0.084
f9bccbe0-28c1-4d60-b656-432527eaf911	5	120135150	120135169	3	-1.6417
f9bccbe0-28c1-4d60-b656-432527eaf911	5	120137130	177771448	37528	-0.0753
f9bccbe0-28c1-4d60-b656-432527eaf911	5	177800550	177805604	3	1.8365
f9bccbe0-28c1-4d60-b656-432527eaf911	5	177827964	181363319	1980	-0.071
f9bccbe0-28c1-4d60-b656-432527eaf911	6	149661	254283	101	-0.0564
f9bccbe0-28c1-4d60-b656-432527eaf911	6	257353	381149	101	0.4043
f9bccbe0-28c1-4d60-b656-432527eaf911	6	382559	26739499	20023	-0.0732
f9bccbe0-28c1-4d60-b656-432527eaf911	6	26743855	26759781	6	0.8265
f9bccbe0-28c1-4d60-b656-432527eaf911	6	26831719	31318528	2097	-0.0776
f9bccbe0-28c1-4d60-b656-432527eaf911	6	31318754	31328674	9	-1.4771
f9bccbe0-28c1-4d60-b656-432527eaf911	6	31342147	32463515	496	-0.0743
f9bccbe0-28c1-4d60-b656-432527eaf911	6	32463775	32605994	35	-0.4748
f9bccbe0-28c1-4d60-b656-432527eaf911	6	32606237	32656527	26	0.0069
f9bccbe0-28c1-4d60-b656-432527eaf911	6	32656814	32658841	5	-1.1813
f9bccbe0-28c1-4d60-b656-432527eaf911	6	32682835	76726815	25876	-0.0725
f9bccbe0-28c1-4d60-b656-432527eaf911	6	76730151	76743040	21	-0.6092
f9bccbe0-28c1-4d60-b656-432527eaf911	6	76751356	78253172	976	-0.0745
f9bccbe0-28c1-4d60-b656-432527eaf911	6	78259348	78325468	113	0.2307
f9bccbe0-28c1-4d60-b656-432527eaf911	6	78329517	103286954	15464	-0.0802
f9bccbe0-28c1-4d60-b656-432527eaf911	6	103290101	103314186	46	0.4574
f9bccbe0-28c1-4d60-b656-432527eaf911	6	103317795	132104102	17748	-0.0822
f9bccbe0-28c1-4d60-b656-432527eaf911	6	132104562	132106655	3	-2.0284
f9bccbe0-28c1-4d60-b656-432527eaf911	6	132107206	170741917	26401	-0.0864
f9bccbe0-28c1-4d60-b656-432527eaf911	7	43355	56908389	40092	0.2947
f9bccbe0-28c1-4d60-b656-432527eaf911	7	56997653	57086717	10	-0.6869
f9bccbe0-28c1-4d60-b656-432527eaf911	7	57088013	62239187	422	0.215
f9bccbe0-28c1-4d60-b656-432527eaf911	7	62246376	62526795	22	-0.5437
f9bccbe0-28c1-4d60-b656-432527eaf911	7	62526866	67225584	1684	0.2652
f9bccbe0-28c1-4d60-b656-432527eaf911	7	67230121	67233947	2	-1.0771
f9bccbe0-28c1-4d60-b656-432527eaf911	7	67234797	70954832	2371	0.2964
f9bccbe0-28c1-4d60-b656-432527eaf911	7	70955452	70961155	3	1.3284
f9bccbe0-28c1-4d60-b656-432527eaf911	7	70963257	76514576	2142	0.2896
f9bccbe0-28c1-4d60-b656-432527eaf911	7	76524031	76531980	4	-1.0542
f9bccbe0-28c1-4d60-b656-432527eaf911	7	76531991	91578827	9694	0.2937
f9bccbe0-28c1-4d60-b656-432527eaf911	7	91589569	91589817	3	-1.3529
f9bccbe0-28c1-4d60-b656-432527eaf911	7	91595717	91728999	98	0.2912
f9bccbe0-28c1-4d60-b656-432527eaf911	7	91729225	91730276	9	-0.5443
f9bccbe0-28c1-4d60-b656-432527eaf911	7	91731675	102708738	5818	0.2958
f9bccbe0-28c1-4d60-b656-432527eaf911	7	102715075	102716955	4	-1.2773
f9bccbe0-28c1-4d60-b656-432527eaf911	7	102732564	104823442	1326	0.2924
f9bccbe0-28c1-4d60-b656-432527eaf911	7	104825194	104836088	26	-0.2738
f9bccbe0-28c1-4d60-b656-432527eaf911	7	104838045	154221793	30505	0.2953
f9bccbe0-28c1-4d60-b656-432527eaf911	7	154223036	154223216	3	-2.1168
f9bccbe0-28c1-4d60-b656-432527eaf911	7	154225769	159334314	3570	0.2963
f9bccbe0-28c1-4d60-b656-432527eaf911	8	81254	7296545	7725	-0.0772
f9bccbe0-28c1-4d60-b656-432527eaf911	8	7312952	7888457	46	-1.1614
f9bccbe0-28c1-4d60-b656-432527eaf911	8	7888846	8139659	21	-0.2894
f9bccbe0-28c1-4d60-b656-432527eaf911	8	8196822	8214781	4	-1.3968
f9bccbe0-28c1-4d60-b656-432527eaf911	8	8234503	12092042	3217	-0.0653
f9bccbe0-28c1-4d60-b656-432527eaf911	8	12130217	12358500	10	-1.0081
f9bccbe0-28c1-4d60-b656-432527eaf911	8	12359339	12376131	4	-2.1313
f9bccbe0-28c1-4d60-b656-432527eaf911	8	12376245	12624470	50	-0.7419
f9bccbe0-28c1-4d60-b656-432527eaf911	8	12624538	14720091	2021	-0.0825
f9bccbe0-28c1-4d60-b656-432527eaf911	8	14720102	14720153	4	-1.2345
f9bccbe0-28c1-4d60-b656-432527eaf911	8	14720157	23544795	7216	-0.0683
f9bccbe0-28c1-4d60-b656-432527eaf911	8	23550227	23550392	6	-0.7844
f9bccbe0-28c1-4d60-b656-432527eaf911	8	23552812	24287495	486	-0.0775
f9bccbe0-28c1-4d60-b656-432527eaf911	8	24287917	24293995	5	-0.8064
f9bccbe0-28c1-4d60-b656-432527eaf911	8	24300255	24344087	30	-0.0058
f9bccbe0-28c1-4d60-b656-432527eaf911	8	24344237	24344846	2	-1.0906
f9bccbe0-28c1-4d60-b656-432527eaf911	8	24347018	25117007	617	-0.0541
f9bccbe0-28c1-4d60-b656-432527eaf911	8	25117062	25122039	11	0.4187
f9bccbe0-28c1-4d60-b656-432527eaf911	8	25122389	25122391	2	-1.4786
f9bccbe0-28c1-4d60-b656-432527eaf911	8	25122414	37530397	8136	-0.0652
f9bccbe0-28c1-4d60-b656-432527eaf911	8	37532467	37539175	5	-0.7687
f9bccbe0-28c1-4d60-b656-432527eaf911	8	37540184	39373140	879	-0.0805
f9bccbe0-28c1-4d60-b656-432527eaf911	8	39378084	39527675	58	0.3412
f9bccbe0-28c1-4d60-b656-432527eaf911	8	39529446	50119451	4581	-0.0703
f9bccbe0-28c1-4d60-b656-432527eaf911	8	50119464	50119827	7	-1.7787
f9bccbe0-28c1-4d60-b656-432527eaf911	8	50120863	64330191	9275	-0.0799
f9bccbe0-28c1-4d60-b656-432527eaf911	8	64334427	64342279	10	-0.9496
f9bccbe0-28c1-4d60-b656-432527eaf911	8	64344946	94545324	17862	-0.0779
f9bccbe0-28c1-4d60-b656-432527eaf911	8	94545374	94545764	6	1.0419
f9bccbe0-28c1-4d60-b656-432527eaf911	8	94545887	111279265	10260	-0.0771
f9bccbe0-28c1-4d60-b656-432527eaf911	8	111282050	111283031	10	0.7985
f9bccbe0-28c1-4d60-b656-432527eaf911	8	111288052	145072769	22910	-0.0735
f9bccbe0-28c1-4d60-b656-432527eaf911	9	46587	186580	17	-0.2825
f9bccbe0-28c1-4d60-b656-432527eaf911	9	192129	602903	491	0.1857
f9bccbe0-28c1-4d60-b656-432527eaf911	9	606699	607307	5	-0.4193
f9bccbe0-28c1-4d60-b656-432527eaf911	9	607519	672786	138	0.215
f9bccbe0-28c1-4d60-b656-432527eaf911	9	672895	676112	7	-0.7798
f9bccbe0-28c1-4d60-b656-432527eaf911	9	676175	10637778	9561	0.1684
f9bccbe0-28c1-4d60-b656-432527eaf911	9	10639459	10639916	5	-0.8921
f9bccbe0-28c1-4d60-b656-432527eaf911	9	10640572	15156134	3566	0.1777
f9bccbe0-28c1-4d60-b656-432527eaf911	9	15158905	15159423	4	-1.1549
f9bccbe0-28c1-4d60-b656-432527eaf911	9	15159851	23361807	6618	0.1639
f9bccbe0-28c1-4d60-b656-432527eaf911	9	23363117	23373486	8	0.9569
f9bccbe0-28c1-4d60-b656-432527eaf911	9	23378490	28782327	4099	0.1784
f9bccbe0-28c1-4d60-b656-432527eaf911	9	28785951	28786043	2	-1.6111
f9bccbe0-28c1-4d60-b656-432527eaf911	9	28787209	34040567	3679	0.1654
f9bccbe0-28c1-4d60-b656-432527eaf911	9	34040776	34040799	2	-3.2696
f9bccbe0-28c1-4d60-b656-432527eaf911	9	34040884	39455364	2936	0.1727
f9bccbe0-28c1-4d60-b656-432527eaf911	9	39455596	39487690	20	0.7946
f9bccbe0-28c1-4d60-b656-432527eaf911	9	39547279	42073850	115	0.1062
f9bccbe0-28c1-4d60-b656-432527eaf911	9	42080170	42574420	33	-0.3867
f9bccbe0-28c1-4d60-b656-432527eaf911	9	42585140	42719891	11	0.8891
f9bccbe0-28c1-4d60-b656-432527eaf911	9	42720266	61369645	39	0.106
f9bccbe0-28c1-4d60-b656-432527eaf911	9	61371448	61374282	3	-1.8245
f9bccbe0-28c1-4d60-b656-432527eaf911	9	61378951	61647899	32	0.4705
f9bccbe0-28c1-4d60-b656-432527eaf911	9	61665362	63580418	38	0.0099
f9bccbe0-28c1-4d60-b656-432527eaf911	9	63590317	63590323	4	1.8112
f9bccbe0-28c1-4d60-b656-432527eaf911	9	63590325	64467459	49	0.0319
f9bccbe0-28c1-4d60-b656-432527eaf911	9	64480563	64507211	11	-0.9697
f9bccbe0-28c1-4d60-b656-432527eaf911	9	64510407	130890251	44076	0.1739
f9bccbe0-28c1-4d60-b656-432527eaf911	9	130890269	132569709	1066	0.2506
f9bccbe0-28c1-4d60-b656-432527eaf911	9	132587246	135322259	1716	0.1818
f9bccbe0-28c1-4d60-b656-432527eaf911	9	135323776	135324566	2	-3.0473
f9bccbe0-28c1-4d60-b656-432527eaf911	9	135325951	137275916	674	0.1549
f9bccbe0-28c1-4d60-b656-432527eaf911	9	137286284	137286808	2	-1.1931
f9bccbe0-28c1-4d60-b656-432527eaf911	9	137294216	138200944	431	0.1687
f9bccbe0-28c1-4d60-b656-432527eaf911	10	45792	17659538	14770	-0.0684
f9bccbe0-28c1-4d60-b656-432527eaf911	10	17664121	17664149	2	-2.8112
f9bccbe0-28c1-4d60-b656-432527eaf911	10	17665872	17885034	71	-0.1029
f9bccbe0-28c1-4d60-b656-432527eaf911	10	17896194	17910884	3	-1.2796
f9bccbe0-28c1-4d60-b656-432527eaf911	10	17929793	24088745	4337	-0.0733
f9bccbe0-28c1-4d60-b656-432527eaf911	10	24088746	24089125	10	0.9124
f9bccbe0-28c1-4d60-b656-432527eaf911	10	24089979	45798061	12224	-0.0765
f9bccbe0-28c1-4d60-b656-432527eaf911	10	45798171	45817039	2	-1.5937
f9bccbe0-28c1-4d60-b656-432527eaf911	10	45936113	46792344	288	-0.1567
f9bccbe0-28c1-4d60-b656-432527eaf911	10	46804606	46810571	2	-2.0729
f9bccbe0-28c1-4d60-b656-432527eaf911	10	46836986	46898735	2	-0.5603
f9bccbe0-28c1-4d60-b656-432527eaf911	10	46901552	47622159	289	-0.0719
f9bccbe0-28c1-4d60-b656-432527eaf911	10	47627616	47954600	9	-0.3853
f9bccbe0-28c1-4d60-b656-432527eaf911	10	48079548	48154966	9	-0.8824
f9bccbe0-28c1-4d60-b656-432527eaf911	10	48173568	53167767	3697	-0.0694
f9bccbe0-28c1-4d60-b656-432527eaf911	10	53170094	53179393	10	-1.0205
f9bccbe0-28c1-4d60-b656-432527eaf911	10	53181641	100773451	31824	-0.0673
f9bccbe0-28c1-4d60-b656-432527eaf911	10	100775818	100776607	2	-1.4062
f9bccbe0-28c1-4d60-b656-432527eaf911	10	100776679	112240973	7546	-0.0653
f9bccbe0-28c1-4d60-b656-432527eaf911	10	112245947	112245965	2	-1.2638
f9bccbe0-28c1-4d60-b656-432527eaf911	10	112257121	121011150	6206	-0.0676
f9bccbe0-28c1-4d60-b656-432527eaf911	10	121011165	121030029	18	-0.6491
f9bccbe0-28c1-4d60-b656-432527eaf911	10	121030051	133654968	9309	-0.0703
f9bccbe0-28c1-4d60-b656-432527eaf911	11	198510	55606572	34464	-0.0705
f9bccbe0-28c1-4d60-b656-432527eaf911	11	55606712	55686100	58	-0.4046
f9bccbe0-28c1-4d60-b656-432527eaf911	11	55693207	135074876	52270	-0.0718
f9bccbe0-28c1-4d60-b656-432527eaf911	12	51460	8289689	5559	-0.0699
f9bccbe0-28c1-4d60-b656-432527eaf911	12	8296516	8296621	2	1.1083
f9bccbe0-28c1-4d60-b656-432527eaf911	12	8300870	8404097	35	-0.0975
f9bccbe0-28c1-4d60-b656-432527eaf911	12	8405892	8423870	15	0.9897
f9bccbe0-28c1-4d60-b656-432527eaf911	12	8428232	30086381	14890	-0.0739
f9bccbe0-28c1-4d60-b656-432527eaf911	12	30086486	30090642	17	-0.6784
f9bccbe0-28c1-4d60-b656-432527eaf911	12	30090657	31897865	1355	-0.073
f9bccbe0-28c1-4d60-b656-432527eaf911	12	31900298	31908954	9	-0.7037
f9bccbe0-28c1-4d60-b656-432527eaf911	12	31909040	31955023	36	0.0059
f9bccbe0-28c1-4d60-b656-432527eaf911	12	31960479	32185818	189	-0.1349
f9bccbe0-28c1-4d60-b656-432527eaf911	12	32185833	33141726	668	-0.0351
f9bccbe0-28c1-4d60-b656-432527eaf911	12	33148472	33154440	27	-0.5983
f9bccbe0-28c1-4d60-b656-432527eaf911	12	33155426	49957831	8051	-0.078
f9bccbe0-28c1-4d60-b656-432527eaf911	12	49960185	49986842	15	-0.6651
f9bccbe0-28c1-4d60-b656-432527eaf911	12	49991919	54254131	2516	-0.0653
f9bccbe0-28c1-4d60-b656-432527eaf911	12	54261633	54899682	328	-0.6228
f9bccbe0-28c1-4d60-b656-432527eaf911	12	54900003	55343619	340	-0.0718
f9bccbe0-28c1-4d60-b656-432527eaf911	12	55343681	55679928	207	0.3269
f9bccbe0-28c1-4d60-b656-432527eaf911	12	55682904	131636170	49979	-0.0704
f9bccbe0-28c1-4d60-b656-432527eaf911	12	131648039	131648790	13	-2.1188
f9bccbe0-28c1-4d60-b656-432527eaf911	12	131657925	133201603	559	-0.0643
f9bccbe0-28c1-4d60-b656-432527eaf911	13	18452809	31957984	9560	-0.0801
f9bccbe0-28c1-4d60-b656-432527eaf911	13	31958485	31964286	18	-2.9932
f9bccbe0-28c1-4d60-b656-432527eaf911	13	31965910	37496998	3899	-0.0784
f9bccbe0-28c1-4d60-b656-432527eaf911	13	37497899	37504282	10	-0.5563
f9bccbe0-28c1-4d60-b656-432527eaf911	13	37504302	37510184	3	-2.0343
f9bccbe0-28c1-4d60-b656-432527eaf911	13	37510406	57184136	12525	-0.0756
f9bccbe0-28c1-4d60-b656-432527eaf911	13	57184155	57204234	32	-0.8305
f9bccbe0-28c1-4d60-b656-432527eaf911	13	57204246	114342922	38086	-0.0794
f9bccbe0-28c1-4d60-b656-432527eaf911	14	18239283	18625765	13	0.199
f9bccbe0-28c1-4d60-b656-432527eaf911	14	18639714	19957350	156	-0.1974
f9bccbe0-28c1-4d60-b656-432527eaf911	14	19957701	21905161	1304	0.2979
f9bccbe0-28c1-4d60-b656-432527eaf911	14	21906219	22549878	594	0.4657
f9bccbe0-28c1-4d60-b656-432527eaf911	14	22549914	38325335	9931	0.2925
f9bccbe0-28c1-4d60-b656-432527eaf911	14	38330250	38331170	10	-1.1288
f9bccbe0-28c1-4d60-b656-432527eaf911	14	38335052	73529070	22220	0.2919
f9bccbe0-28c1-4d60-b656-432527eaf911	14	73534419	73563196	10	-1.3143
f9bccbe0-28c1-4d60-b656-432527eaf911	14	73563211	86094384	8342	0.3011
f9bccbe0-28c1-4d60-b656-432527eaf911	14	86102084	86105166	3	-1.1553
f9bccbe0-28c1-4d60-b656-432527eaf911	14	86122353	106340774	12531	0.2938
f9bccbe0-28c1-4d60-b656-432527eaf911	14	106345431	106365807	8	-0.8718
f9bccbe0-28c1-4d60-b656-432527eaf911	14	106369985	106877229	269	0.3015
f9bccbe0-28c1-4d60-b656-432527eaf911	15	19811075	20376309	94	-0.1886
f9bccbe0-28c1-4d60-b656-432527eaf911	15	20376311	20381704	11	0.3596
f9bccbe0-28c1-4d60-b656-432527eaf911	15	20384774	20538669	29	-0.268
f9bccbe0-28c1-4d60-b656-432527eaf911	15	20614765	21078947	31	-0.7023
f9bccbe0-28c1-4d60-b656-432527eaf911	15	21085447	22003073	14	0.1715
f9bccbe0-28c1-4d60-b656-432527eaf911	15	22005276	30077828	4648	-0.0665
f9bccbe0-28c1-4d60-b656-432527eaf911	15	30094208	30314058	27	-1.1787
f9bccbe0-28c1-4d60-b656-432527eaf911	15	30440076	59776879	18576	-0.0749
f9bccbe0-28c1-4d60-b656-432527eaf911	15	59782769	59811616	9	-0.804
f9bccbe0-28c1-4d60-b656-432527eaf911	15	59812251	66585946	4567	-0.0655
f9bccbe0-28c1-4d60-b656-432527eaf911	15	66587884	66589670	3	-1.0761
f9bccbe0-28c1-4d60-b656-432527eaf911	15	66590070	76598900	5904	-0.0703
f9bccbe0-28c1-4d60-b656-432527eaf911	15	76599170	76599700	8	1.1392
f9bccbe0-28c1-4d60-b656-432527eaf911	15	76599852	76603434	13	0.5887
f9bccbe0-28c1-4d60-b656-432527eaf911	15	76609838	101928837	17606	-0.0655
f9bccbe0-28c1-4d60-b656-432527eaf911	16	10777	12016	3	-0.6858
f9bccbe0-28c1-4d60-b656-432527eaf911	16	35827	14895982	11110	0.3064
f9bccbe0-28c1-4d60-b656-432527eaf911	16	14954911	14958292	14	-0.5208
f9bccbe0-28c1-4d60-b656-432527eaf911	16	14959868	29114764	7858	0.3054
f9bccbe0-28c1-4d60-b656-432527eaf911	16	29121560	29122679	11	-0.662
f9bccbe0-28c1-4d60-b656-432527eaf911	16	29122762	29417224	95	0.2685
f9bccbe0-28c1-4d60-b656-432527eaf911	16	29427018	29506390	2	-1.1685
f9bccbe0-28c1-4d60-b656-432527eaf911	16	29555988	32887926	900	0.3015
f9bccbe0-28c1-4d60-b656-432527eaf911	16	32888104	34165318	67	0.1279
f9bccbe0-28c1-4d60-b656-432527eaf911	16	34176391	34209701	5	0.459
f9bccbe0-28c1-4d60-b656-432527eaf911	16	35080991	46608544	457	-0.1127
f9bccbe0-28c1-4d60-b656-432527eaf911	16	46612926	47449476	353	0.313
f9bccbe0-28c1-4d60-b656-432527eaf911	16	47449942	54949416	5324	-0.0633
f9bccbe0-28c1-4d60-b656-432527eaf911	16	54949465	55762682	730	-0.62
f9bccbe0-28c1-4d60-b656-432527eaf911	16	55764310	55764867	3	2.4662
f9bccbe0-28c1-4d60-b656-432527eaf911	16	55770436	55788532	15	0.055
f9bccbe0-28c1-4d60-b656-432527eaf911	16	55808442	78339920	14273	-0.5924
f9bccbe0-28c1-4d60-b656-432527eaf911	16	78342480	78351104	12	-1.4466
f9bccbe0-28c1-4d60-b656-432527eaf911	16	78351540	90096867	10595	-0.6106
f9bccbe0-28c1-4d60-b656-432527eaf911	17	150733	18413867	11372	-0.5968
f9bccbe0-28c1-4d60-b656-432527eaf911	17	18413879	18592992	32	-0.0949
f9bccbe0-28c1-4d60-b656-432527eaf911	17	18593989	20198811	699	-0.5935
f9bccbe0-28c1-4d60-b656-432527eaf911	17	20199043	20199939	2	-2.092
f9bccbe0-28c1-4d60-b656-432527eaf911	17	20200048	22337924	616	-0.5929
f9bccbe0-28c1-4d60-b656-432527eaf911	17	22339160	36109315	5510	-0.0705
f9bccbe0-28c1-4d60-b656-432527eaf911	17	36109735	36157718	34	0.3208
f9bccbe0-28c1-4d60-b656-432527eaf911	17	36200725	41257158	2520	-0.0664
f9bccbe0-28c1-4d60-b656-432527eaf911	17	41258395	41274279	28	-0.465
f9bccbe0-28c1-4d60-b656-432527eaf911	17	41276472	46085732	2498	-0.0713
f9bccbe0-28c1-4d60-b656-432527eaf911	17	46088437	46351954	126	-0.326
f9bccbe0-28c1-4d60-b656-432527eaf911	17	46446345	46446360	2	0.6467
f9bccbe0-28c1-4d60-b656-432527eaf911	17	46569894	46571001	2	2.2226
f9bccbe0-28c1-4d60-b656-432527eaf911	17	46664059	69889125	13681	-0.0688
f9bccbe0-28c1-4d60-b656-432527eaf911	17	69889342	69895785	3	-1.6061
f9bccbe0-28c1-4d60-b656-432527eaf911	17	69895877	83091923	7883	-0.0656
f9bccbe0-28c1-4d60-b656-432527eaf911	18	48133	1928196	1348	-0.0717
f9bccbe0-28c1-4d60-b656-432527eaf911	18	1928216	1928233	2	-1.2095
f9bccbe0-28c1-4d60-b656-432527eaf911	18	1929805	11301579	6961	-0.0822
f9bccbe0-28c1-4d60-b656-432527eaf911	18	11305226	11305241	2	-1.8187
f9bccbe0-28c1-4d60-b656-432527eaf911	18	11306075	13123646	1036	-0.0833
f9bccbe0-28c1-4d60-b656-432527eaf911	18	13130523	13133578	6	-0.9036
f9bccbe0-28c1-4d60-b656-432527eaf911	18	13136353	40680642	13432	-0.0805
f9bccbe0-28c1-4d60-b656-432527eaf911	18	40680834	40685425	12	-0.7042
f9bccbe0-28c1-4d60-b656-432527eaf911	18	40688060	80257174	27923	-0.083
f9bccbe0-28c1-4d60-b656-432527eaf911	19	90910	12422445	4963	0.2137
f9bccbe0-28c1-4d60-b656-432527eaf911	19	12427951	12428068	2	-1.9517
f9bccbe0-28c1-4d60-b656-432527eaf911	19	12428785	21632117	4635	0.2085
f9bccbe0-28c1-4d60-b656-432527eaf911	19	21632838	21639520	6	-0.8513
f9bccbe0-28c1-4d60-b656-432527eaf911	19	21642962	36339409	7550	0.2169
f9bccbe0-28c1-4d60-b656-432527eaf911	19	36354973	36356596	11	-1.003
f9bccbe0-28c1-4d60-b656-432527eaf911	19	36356735	42988310	3323	0.217
f9bccbe0-28c1-4d60-b656-432527eaf911	19	42992462	43034626	25	-0.1068
f9bccbe0-28c1-4d60-b656-432527eaf911	19	43037267	43193181	68	0.2197
f9bccbe0-28c1-4d60-b656-432527eaf911	19	43198881	43252085	22	-0.8352
f9bccbe0-28c1-4d60-b656-432527eaf911	19	43262507	58586487	8491	0.2102
f9bccbe0-28c1-4d60-b656-432527eaf911	20	80664	1571811	1182	-0.0831
f9bccbe0-28c1-4d60-b656-432527eaf911	20	1576544	1590128	32	-0.8499
f9bccbe0-28c1-4d60-b656-432527eaf911	20	1590140	15327324	10424	-0.0657
f9bccbe0-28c1-4d60-b656-432527eaf911	20	15330724	15337332	17	-1.0476
f9bccbe0-28c1-4d60-b656-432527eaf911	20	15341445	64324800	30699	-0.0658
f9bccbe0-28c1-4d60-b656-432527eaf911	21	10354168	10558331	52	-0.0835
f9bccbe0-28c1-4d60-b656-432527eaf911	21	10559033	10756733	34	-0.4751
f9bccbe0-28c1-4d60-b656-432527eaf911	21	10775586	46677045	23766	-0.0744
f9bccbe0-28c1-4d60-b656-432527eaf911	22	15294547	18167915	1128	-0.083
f9bccbe0-28c1-4d60-b656-432527eaf911	22	18190590	18918093	14	-0.583
f9bccbe0-28c1-4d60-b656-432527eaf911	22	18947964	25256216	4063	-0.0602
f9bccbe0-28c1-4d60-b656-432527eaf911	22	25260266	25260283	2	-2.0586
f9bccbe0-28c1-4d60-b656-432527eaf911	22	25262594	49019727	16928	-0.0583
f9bccbe0-28c1-4d60-b656-432527eaf911	22	49019806	49020447	3	-1.3553
f9bccbe0-28c1-4d60-b656-432527eaf911	22	49020460	50796027	1111	-0.0708
f9bccbe0-28c1-4d60-b656-432527eaf911	X	251810	151708283	81670	0.0084
f9bccbe0-28c1-4d60-b656-432527eaf911	X	151709072	151710185	4	-5.6218
f9bccbe0-28c1-4d60-b656-432527eaf911	X	151710911	155952689	1955	0.0188
f9bccbe0-28c1-4d60-b656-432527eaf911	Y	2782397	56872112	6640	-1.0913
