GDC_Aliquot	Chromosome	Start	End	Num_Probes	Segment_Mean
fd63fcef-ebac-4386-beb6-29d42bdae2d9	1	62920	3302359	739	0.0565
fd63fcef-ebac-4386-beb6-29d42bdae2d9	1	3303537	12792599	5740	-0.042
fd63fcef-ebac-4386-beb6-29d42bdae2d9	1	12797714	13388993	45	0.2336
fd63fcef-ebac-4386-beb6-29d42bdae2d9	1	13389302	15827002	1802	-0.0482
fd63fcef-ebac-4386-beb6-29d42bdae2d9	1	15827041	15827430	5	-1.6342
fd63fcef-ebac-4386-beb6-29d42bdae2d9	1	15827706	16493138	295	-0.0554
fd63fcef-ebac-4386-beb6-29d42bdae2d9	1	16494124	16636818	22	0.4496
fd63fcef-ebac-4386-beb6-29d42bdae2d9	1	16637050	16686246	20	0.0893
fd63fcef-ebac-4386-beb6-29d42bdae2d9	1	16689764	16956580	80	0.5798
fd63fcef-ebac-4386-beb6-29d42bdae2d9	1	16958425	25256850	5256	-0.0377
fd63fcef-ebac-4386-beb6-29d42bdae2d9	1	25266637	25320198	22	-1.1702
fd63fcef-ebac-4386-beb6-29d42bdae2d9	1	25320253	34626073	4947	-0.0344
fd63fcef-ebac-4386-beb6-29d42bdae2d9	1	34637053	34638890	20	-0.7487
fd63fcef-ebac-4386-beb6-29d42bdae2d9	1	34648667	72303233	23744	-0.0296
fd63fcef-ebac-4386-beb6-29d42bdae2d9	1	72303253	72345465	45	-0.7782
fd63fcef-ebac-4386-beb6-29d42bdae2d9	1	72346221	103620877	20000	-0.0238
fd63fcef-ebac-4386-beb6-29d42bdae2d9	1	103621165	103760781	6	1.09
fd63fcef-ebac-4386-beb6-29d42bdae2d9	1	103760879	109684893	3565	-0.0227
fd63fcef-ebac-4386-beb6-29d42bdae2d9	1	109690352	109702376	14	-0.7555
fd63fcef-ebac-4386-beb6-29d42bdae2d9	1	109703504	119984772	7011	-0.0189
fd63fcef-ebac-4386-beb6-29d42bdae2d9	1	120002553	121170716	36	0.3846
fd63fcef-ebac-4386-beb6-29d42bdae2d9	1	121201569	121601998	82	-0.0171
fd63fcef-ebac-4386-beb6-29d42bdae2d9	1	121705338	147834932	885	0.4633
fd63fcef-ebac-4386-beb6-29d42bdae2d9	1	147835977	149907993	161	0.6067
fd63fcef-ebac-4386-beb6-29d42bdae2d9	1	149909846	152583051	1391	0.423
fd63fcef-ebac-4386-beb6-29d42bdae2d9	1	152583230	152614118	35	1.3895
fd63fcef-ebac-4386-beb6-29d42bdae2d9	1	152618018	152787202	167	0.4217
fd63fcef-ebac-4386-beb6-29d42bdae2d9	1	152789447	152796224	37	0.7591
fd63fcef-ebac-4386-beb6-29d42bdae2d9	1	152801429	158896783	3611	0.4211
fd63fcef-ebac-4386-beb6-29d42bdae2d9	1	158898711	158899969	2	-1.1887
fd63fcef-ebac-4386-beb6-29d42bdae2d9	1	158905028	171005156	8886	0.4386
fd63fcef-ebac-4386-beb6-29d42bdae2d9	1	171010287	171270843	189	0.6433
fd63fcef-ebac-4386-beb6-29d42bdae2d9	1	171272008	196745743	16746	0.4572
fd63fcef-ebac-4386-beb6-29d42bdae2d9	1	196758720	196854187	63	0.7683
fd63fcef-ebac-4386-beb6-29d42bdae2d9	1	196854483	202924205	3908	0.543
fd63fcef-ebac-4386-beb6-29d42bdae2d9	1	202929506	204545895	1144	0.4574
fd63fcef-ebac-4386-beb6-29d42bdae2d9	1	204546171	222193326	12335	0.5597
fd63fcef-ebac-4386-beb6-29d42bdae2d9	1	222201492	222203662	2	-0.749
fd63fcef-ebac-4386-beb6-29d42bdae2d9	1	222208792	225875881	2211	0.5486
fd63fcef-ebac-4386-beb6-29d42bdae2d9	1	225876476	225877146	3	-0.4771
fd63fcef-ebac-4386-beb6-29d42bdae2d9	1	225878990	226514156	341	0.5598
fd63fcef-ebac-4386-beb6-29d42bdae2d9	1	226516024	228667018	1173	0.5952
fd63fcef-ebac-4386-beb6-29d42bdae2d9	1	228671781	228671795	2	-0.7971
fd63fcef-ebac-4386-beb6-29d42bdae2d9	1	228672619	238653017	7584	0.5873
fd63fcef-ebac-4386-beb6-29d42bdae2d9	1	238653177	238654640	4	-0.3299
fd63fcef-ebac-4386-beb6-29d42bdae2d9	1	238654802	239293918	477	0.6134
fd63fcef-ebac-4386-beb6-29d42bdae2d9	1	239302291	239302987	4	-0.1534
fd63fcef-ebac-4386-beb6-29d42bdae2d9	1	239303047	241768104	1958	0.5848
fd63fcef-ebac-4386-beb6-29d42bdae2d9	1	241771085	242078793	209	0.3932
fd63fcef-ebac-4386-beb6-29d42bdae2d9	1	242081267	248471839	4248	0.5751
fd63fcef-ebac-4386-beb6-29d42bdae2d9	1	248473963	248574146	18	0.3514
fd63fcef-ebac-4386-beb6-29d42bdae2d9	1	248585893	248633912	32	-0.635
fd63fcef-ebac-4386-beb6-29d42bdae2d9	1	248645563	248930189	141	0.6252
fd63fcef-ebac-4386-beb6-29d42bdae2d9	2	12784	226999	128	-0.0087
fd63fcef-ebac-4386-beb6-29d42bdae2d9	2	227066	4155990	2856	-0.0895
fd63fcef-ebac-4386-beb6-29d42bdae2d9	2	4158097	4176105	40	0.1831
fd63fcef-ebac-4386-beb6-29d42bdae2d9	2	4176135	27216883	16306	-0.0929
fd63fcef-ebac-4386-beb6-29d42bdae2d9	2	27218434	27218632	3	-1.2918
fd63fcef-ebac-4386-beb6-29d42bdae2d9	2	27219036	34486267	4739	-0.0955
fd63fcef-ebac-4386-beb6-29d42bdae2d9	2	34486323	34511990	32	-0.4104
fd63fcef-ebac-4386-beb6-29d42bdae2d9	2	34512096	52514599	12976	-0.1002
fd63fcef-ebac-4386-beb6-29d42bdae2d9	2	52516787	52554366	39	0.3971
fd63fcef-ebac-4386-beb6-29d42bdae2d9	2	52554384	81740723	19028	-0.093
fd63fcef-ebac-4386-beb6-29d42bdae2d9	2	81740803	86363684	2691	-0.0549
fd63fcef-ebac-4386-beb6-29d42bdae2d9	2	86366240	86878753	227	-0.1035
fd63fcef-ebac-4386-beb6-29d42bdae2d9	2	86881088	87996822	161	0.0982
fd63fcef-ebac-4386-beb6-29d42bdae2d9	2	87996960	89284150	636	-0.0775
fd63fcef-ebac-4386-beb6-29d42bdae2d9	2	89296555	90230139	131	-0.6819
fd63fcef-ebac-4386-beb6-29d42bdae2d9	2	90235899	94675825	68	0.2419
fd63fcef-ebac-4386-beb6-29d42bdae2d9	2	94675975	97124542	824	-0.0467
fd63fcef-ebac-4386-beb6-29d42bdae2d9	2	97128607	97168383	18	0.153
fd63fcef-ebac-4386-beb6-29d42bdae2d9	2	97168555	97310327	24	0.6164
fd63fcef-ebac-4386-beb6-29d42bdae2d9	2	97348052	106258193	5586	-0.0708
fd63fcef-ebac-4386-beb6-29d42bdae2d9	2	106258266	106270952	15	0.5165
fd63fcef-ebac-4386-beb6-29d42bdae2d9	2	106271414	107824280	989	-0.0672
fd63fcef-ebac-4386-beb6-29d42bdae2d9	2	107830513	107891596	7	0.6621
fd63fcef-ebac-4386-beb6-29d42bdae2d9	2	107903920	113569606	2780	-0.0707
fd63fcef-ebac-4386-beb6-29d42bdae2d9	2	113574198	113626776	7	0.6808
fd63fcef-ebac-4386-beb6-29d42bdae2d9	2	113631886	117476036	2349	-0.0831
fd63fcef-ebac-4386-beb6-29d42bdae2d9	2	117478365	117487414	3	1.3047
fd63fcef-ebac-4386-beb6-29d42bdae2d9	2	117488744	128880904	7233	-0.0805
fd63fcef-ebac-4386-beb6-29d42bdae2d9	2	128880928	128882741	14	-0.7731
fd63fcef-ebac-4386-beb6-29d42bdae2d9	2	128882755	130026710	871	-0.0591
fd63fcef-ebac-4386-beb6-29d42bdae2d9	2	130031187	130147351	19	0.4361
fd63fcef-ebac-4386-beb6-29d42bdae2d9	2	130149773	130455273	93	0.0414
fd63fcef-ebac-4386-beb6-29d42bdae2d9	2	130471073	130486635	3	0.9938
fd63fcef-ebac-4386-beb6-29d42bdae2d9	2	130526595	132000258	531	-0.0394
fd63fcef-ebac-4386-beb6-29d42bdae2d9	2	132002227	132032536	11	0.7592
fd63fcef-ebac-4386-beb6-29d42bdae2d9	2	132039763	149536496	10684	-0.0773
fd63fcef-ebac-4386-beb6-29d42bdae2d9	2	149537223	149537237	2	-1.6948
fd63fcef-ebac-4386-beb6-29d42bdae2d9	2	149537336	193823021	27040	-0.0708
fd63fcef-ebac-4386-beb6-29d42bdae2d9	2	193825580	193829074	2	1.3068
fd63fcef-ebac-4386-beb6-29d42bdae2d9	2	193837590	207490188	8079	-0.0777
fd63fcef-ebac-4386-beb6-29d42bdae2d9	2	207490231	207494225	14	0.4725
fd63fcef-ebac-4386-beb6-29d42bdae2d9	2	207494301	209864793	1467	-0.071
fd63fcef-ebac-4386-beb6-29d42bdae2d9	2	209864933	242147305	20582	0.0278
fd63fcef-ebac-4386-beb6-29d42bdae2d9	3	20930	1740119	1539	0.5663
fd63fcef-ebac-4386-beb6-29d42bdae2d9	3	1740840	1745897	6	-0.508
fd63fcef-ebac-4386-beb6-29d42bdae2d9	3	1747474	4600228	2582	0.6134
fd63fcef-ebac-4386-beb6-29d42bdae2d9	3	4602953	4609522	9	-0.3563
fd63fcef-ebac-4386-beb6-29d42bdae2d9	3	4612368	9326441	4072	0.6266
fd63fcef-ebac-4386-beb6-29d42bdae2d9	3	9329720	9509450	98	0.7996
fd63fcef-ebac-4386-beb6-29d42bdae2d9	3	9509805	12658121	2212	0.6217
fd63fcef-ebac-4386-beb6-29d42bdae2d9	3	12659897	12660082	6	-0.0744
fd63fcef-ebac-4386-beb6-29d42bdae2d9	3	12660096	15643630	1976	0.6225
fd63fcef-ebac-4386-beb6-29d42bdae2d9	3	15646335	15646859	3	-0.494
fd63fcef-ebac-4386-beb6-29d42bdae2d9	3	15647611	21762936	3808	0.6069
fd63fcef-ebac-4386-beb6-29d42bdae2d9	3	21765980	22322639	549	0.5287
fd63fcef-ebac-4386-beb6-29d42bdae2d9	3	22322653	41207486	12878	0.6215
fd63fcef-ebac-4386-beb6-29d42bdae2d9	3	41211672	41238140	108	0.4544
fd63fcef-ebac-4386-beb6-29d42bdae2d9	3	41238212	42102570	476	0.6372
fd63fcef-ebac-4386-beb6-29d42bdae2d9	3	42102932	68697013	17423	-0.1144
fd63fcef-ebac-4386-beb6-29d42bdae2d9	3	68697108	68699607	15	-0.7452
fd63fcef-ebac-4386-beb6-29d42bdae2d9	3	68699635	75348062	4856	-0.1184
fd63fcef-ebac-4386-beb6-29d42bdae2d9	3	75357247	75843802	133	0.1987
fd63fcef-ebac-4386-beb6-29d42bdae2d9	3	75845381	91390926	8052	-0.1128
fd63fcef-ebac-4386-beb6-29d42bdae2d9	3	91462299	94695534	402	0.0192
fd63fcef-ebac-4386-beb6-29d42bdae2d9	3	94695710	99225788	2444	-0.1085
fd63fcef-ebac-4386-beb6-29d42bdae2d9	3	99225919	99226455	7	-0.4859
fd63fcef-ebac-4386-beb6-29d42bdae2d9	3	99226551	99230212	13	-1.3325
fd63fcef-ebac-4386-beb6-29d42bdae2d9	3	99230225	117896817	11558	-0.1112
fd63fcef-ebac-4386-beb6-29d42bdae2d9	3	117899571	117905163	9	-1.091
fd63fcef-ebac-4386-beb6-29d42bdae2d9	3	117907458	125688845	4664	-0.1078
fd63fcef-ebac-4386-beb6-29d42bdae2d9	3	125705628	125750578	19	0.4275
fd63fcef-ebac-4386-beb6-29d42bdae2d9	3	125756491	130028313	2448	-0.115
fd63fcef-ebac-4386-beb6-29d42bdae2d9	3	130031363	130201415	80	0.2821
fd63fcef-ebac-4386-beb6-29d42bdae2d9	3	130202376	153733020	14748	-0.1092
fd63fcef-ebac-4386-beb6-29d42bdae2d9	3	153733650	154015175	177	0.1021
fd63fcef-ebac-4386-beb6-29d42bdae2d9	3	154015225	155483437	833	-0.0941
fd63fcef-ebac-4386-beb6-29d42bdae2d9	3	155485778	156111334	321	0.2346
fd63fcef-ebac-4386-beb6-29d42bdae2d9	3	156113944	156452654	211	0.0947
fd63fcef-ebac-4386-beb6-29d42bdae2d9	3	156454966	158010351	1001	0.6996
fd63fcef-ebac-4386-beb6-29d42bdae2d9	3	158014025	158983489	528	1.0479
fd63fcef-ebac-4386-beb6-29d42bdae2d9	3	158985710	159604968	422	0.6228
fd63fcef-ebac-4386-beb6-29d42bdae2d9	3	159605494	161778086	1277	0.7766
fd63fcef-ebac-4386-beb6-29d42bdae2d9	3	161778779	162775183	674	0.586
fd63fcef-ebac-4386-beb6-29d42bdae2d9	3	162775954	162786879	9	0.5165
fd63fcef-ebac-4386-beb6-29d42bdae2d9	3	162788742	162813082	19	-0.0192
fd63fcef-ebac-4386-beb6-29d42bdae2d9	3	162815162	162822702	7	-0.7822
fd63fcef-ebac-4386-beb6-29d42bdae2d9	3	162827928	162908207	48	0.1591
fd63fcef-ebac-4386-beb6-29d42bdae2d9	3	162908784	164868044	1102	0.5317
fd63fcef-ebac-4386-beb6-29d42bdae2d9	3	164868668	164991161	55	0.3672
fd63fcef-ebac-4386-beb6-29d42bdae2d9	3	164993409	164993897	3	-0.6869
fd63fcef-ebac-4386-beb6-29d42bdae2d9	3	164998574	165341586	180	0.3408
fd63fcef-ebac-4386-beb6-29d42bdae2d9	3	165341597	165344699	13	-0.2198
fd63fcef-ebac-4386-beb6-29d42bdae2d9	3	165344711	169259251	2259	0.3034
fd63fcef-ebac-4386-beb6-29d42bdae2d9	3	169261067	174871460	3640	0.3463
fd63fcef-ebac-4386-beb6-29d42bdae2d9	3	174872856	175715918	654	0.291
fd63fcef-ebac-4386-beb6-29d42bdae2d9	3	175716495	192890293	11046	-0.0708
fd63fcef-ebac-4386-beb6-29d42bdae2d9	3	192890429	192890762	4	1.1365
fd63fcef-ebac-4386-beb6-29d42bdae2d9	3	192890809	193160256	190	-0.0393
fd63fcef-ebac-4386-beb6-29d42bdae2d9	3	193160406	193165114	17	-0.5746
fd63fcef-ebac-4386-beb6-29d42bdae2d9	3	193168646	194523993	898	-0.0377
fd63fcef-ebac-4386-beb6-29d42bdae2d9	3	194524911	194532008	3	-1.1766
fd63fcef-ebac-4386-beb6-29d42bdae2d9	3	194532531	195728637	607	-0.0624
fd63fcef-ebac-4386-beb6-29d42bdae2d9	3	195728990	195737995	15	0.518
fd63fcef-ebac-4386-beb6-29d42bdae2d9	3	195746925	198122834	1158	-0.0858
fd63fcef-ebac-4386-beb6-29d42bdae2d9	3	198124354	198169247	8	0.4294
fd63fcef-ebac-4386-beb6-29d42bdae2d9	4	68929	3909157	1576	-0.1558
fd63fcef-ebac-4386-beb6-29d42bdae2d9	4	3912168	4174902	68	0.2051
fd63fcef-ebac-4386-beb6-29d42bdae2d9	4	4175446	6133990	1625	-0.2179
fd63fcef-ebac-4386-beb6-29d42bdae2d9	4	6134084	9455251	1885	-0.158
fd63fcef-ebac-4386-beb6-29d42bdae2d9	4	9459504	9477699	6	1.6207
fd63fcef-ebac-4386-beb6-29d42bdae2d9	4	9484440	9496271	4	-0.3279
fd63fcef-ebac-4386-beb6-29d42bdae2d9	4	9499750	9578388	22	0.4587
fd63fcef-ebac-4386-beb6-29d42bdae2d9	4	9584689	10208766	512	-0.2048
fd63fcef-ebac-4386-beb6-29d42bdae2d9	4	10212536	10233644	36	-0.8493
fd63fcef-ebac-4386-beb6-29d42bdae2d9	4	10234518	15612257	4258	-0.2164
fd63fcef-ebac-4386-beb6-29d42bdae2d9	4	15612572	20023762	3011	-0.1575
fd63fcef-ebac-4386-beb6-29d42bdae2d9	4	20035570	20253683	132	0.2804
fd63fcef-ebac-4386-beb6-29d42bdae2d9	4	20254340	20265720	11	0.0622
fd63fcef-ebac-4386-beb6-29d42bdae2d9	4	20266255	26568774	4477	-0.16
fd63fcef-ebac-4386-beb6-29d42bdae2d9	4	26570387	26572724	2	-1.5978
fd63fcef-ebac-4386-beb6-29d42bdae2d9	4	26572735	34759898	5034	-0.1527
fd63fcef-ebac-4386-beb6-29d42bdae2d9	4	34759973	34833940	63	-0.3709
fd63fcef-ebac-4386-beb6-29d42bdae2d9	4	34837370	38060642	2270	-0.1577
fd63fcef-ebac-4386-beb6-29d42bdae2d9	4	38060909	39702577	1036	-0.2135
fd63fcef-ebac-4386-beb6-29d42bdae2d9	4	39702789	39707502	4	0.2899
fd63fcef-ebac-4386-beb6-29d42bdae2d9	4	39708327	44082840	2742	-0.3487
fd63fcef-ebac-4386-beb6-29d42bdae2d9	4	44082909	45001503	563	-0.1878
fd63fcef-ebac-4386-beb6-29d42bdae2d9	4	45003738	45004318	5	-1.2074
fd63fcef-ebac-4386-beb6-29d42bdae2d9	4	45008952	45549887	308	-0.1387
fd63fcef-ebac-4386-beb6-29d42bdae2d9	4	45553409	48552932	1802	-0.0224
fd63fcef-ebac-4386-beb6-29d42bdae2d9	4	48556219	49152601	213	0.0986
fd63fcef-ebac-4386-beb6-29d42bdae2d9	4	49152752	49618868	18	0.554
fd63fcef-ebac-4386-beb6-29d42bdae2d9	4	49641746	53186428	767	0.0899
fd63fcef-ebac-4386-beb6-29d42bdae2d9	4	53191854	54413352	892	-0.0198
fd63fcef-ebac-4386-beb6-29d42bdae2d9	4	54418982	55885019	1084	0.1827
fd63fcef-ebac-4386-beb6-29d42bdae2d9	4	55885094	60562265	2999	-0.2979
fd63fcef-ebac-4386-beb6-29d42bdae2d9	4	60562866	60866171	165	-0.1779
fd63fcef-ebac-4386-beb6-29d42bdae2d9	4	60870722	61069316	141	-0.0095
fd63fcef-ebac-4386-beb6-29d42bdae2d9	4	61069346	63160017	1140	-0.1636
fd63fcef-ebac-4386-beb6-29d42bdae2d9	4	63161984	63841863	385	-0.3072
fd63fcef-ebac-4386-beb6-29d42bdae2d9	4	63841887	63842540	7	-2.4347
fd63fcef-ebac-4386-beb6-29d42bdae2d9	4	63850713	65829099	1299	-0.2959
fd63fcef-ebac-4386-beb6-29d42bdae2d9	4	65829209	68361130	1546	-0.1429
fd63fcef-ebac-4386-beb6-29d42bdae2d9	4	68378716	68418873	8	0.5432
fd63fcef-ebac-4386-beb6-29d42bdae2d9	4	68422420	68623617	81	-0.4435
fd63fcef-ebac-4386-beb6-29d42bdae2d9	4	68639397	68880076	102	-0.0887
fd63fcef-ebac-4386-beb6-29d42bdae2d9	4	68884032	68884070	2	-2.1534
fd63fcef-ebac-4386-beb6-29d42bdae2d9	4	68886430	69167082	173	-0.1354
fd63fcef-ebac-4386-beb6-29d42bdae2d9	4	69177789	69403151	111	0.0986
fd63fcef-ebac-4386-beb6-29d42bdae2d9	4	69405833	90349931	13064	-0.1468
fd63fcef-ebac-4386-beb6-29d42bdae2d9	4	90350025	97315939	4132	-0.1946
fd63fcef-ebac-4386-beb6-29d42bdae2d9	4	97319500	97319544	2	-1.6451
fd63fcef-ebac-4386-beb6-29d42bdae2d9	4	97322129	118215043	12505	-0.196
fd63fcef-ebac-4386-beb6-29d42bdae2d9	4	118220697	143965614	15243	-0.146
fd63fcef-ebac-4386-beb6-29d42bdae2d9	4	143968879	144073750	62	0.0926
fd63fcef-ebac-4386-beb6-29d42bdae2d9	4	144080322	163361933	11768	-0.1359
fd63fcef-ebac-4386-beb6-29d42bdae2d9	4	163365512	163367386	3	-1.4238
fd63fcef-ebac-4386-beb6-29d42bdae2d9	4	163367872	165437113	1322	-0.1656
fd63fcef-ebac-4386-beb6-29d42bdae2d9	4	165437380	165905524	323	-0.3122
fd63fcef-ebac-4386-beb6-29d42bdae2d9	4	165906226	166724201	454	-0.1369
fd63fcef-ebac-4386-beb6-29d42bdae2d9	4	166724327	167904821	706	-0.2904
fd63fcef-ebac-4386-beb6-29d42bdae2d9	4	167906799	169720941	1203	-0.1437
fd63fcef-ebac-4386-beb6-29d42bdae2d9	4	169724892	172066706	1477	-0.2927
fd63fcef-ebac-4386-beb6-29d42bdae2d9	4	172066777	172068382	13	0.4301
fd63fcef-ebac-4386-beb6-29d42bdae2d9	4	172074828	172503796	231	-0.2831
fd63fcef-ebac-4386-beb6-29d42bdae2d9	4	172503878	172507492	6	0.7439
fd63fcef-ebac-4386-beb6-29d42bdae2d9	4	172519981	180096509	4759	-0.3087
fd63fcef-ebac-4386-beb6-29d42bdae2d9	4	180097008	184108865	3016	-0.1743
fd63fcef-ebac-4386-beb6-29d42bdae2d9	4	184109293	189543103	3854	-0.3181
fd63fcef-ebac-4386-beb6-29d42bdae2d9	4	189550263	189592450	21	0.2236
fd63fcef-ebac-4386-beb6-29d42bdae2d9	4	189593188	189864410	106	-0.2729
fd63fcef-ebac-4386-beb6-29d42bdae2d9	4	189870388	190106768	59	0.111
fd63fcef-ebac-4386-beb6-29d42bdae2d9	5	15532	647659	284	0.9038
fd63fcef-ebac-4386-beb6-29d42bdae2d9	5	647701	808932	54	0.423
fd63fcef-ebac-4386-beb6-29d42bdae2d9	5	817735	1392112	286	0.8169
fd63fcef-ebac-4386-beb6-29d42bdae2d9	5	1394962	4899406	3006	0.6086
fd63fcef-ebac-4386-beb6-29d42bdae2d9	5	4899949	5101768	193	0.8388
fd63fcef-ebac-4386-beb6-29d42bdae2d9	5	5102050	5805002	717	0.3608
fd63fcef-ebac-4386-beb6-29d42bdae2d9	5	5806762	5807165	2	0.8644
fd63fcef-ebac-4386-beb6-29d42bdae2d9	5	5808649	5829718	22	0.285
fd63fcef-ebac-4386-beb6-29d42bdae2d9	5	5830456	6237992	359	0.0041
fd63fcef-ebac-4386-beb6-29d42bdae2d9	5	6242347	6251504	13	0.3261
fd63fcef-ebac-4386-beb6-29d42bdae2d9	5	6252816	6347582	71	0.9125
fd63fcef-ebac-4386-beb6-29d42bdae2d9	5	6352819	7909794	1259	0.0081
fd63fcef-ebac-4386-beb6-29d42bdae2d9	5	7913555	8390255	393	0.7917
fd63fcef-ebac-4386-beb6-29d42bdae2d9	5	8396348	8760058	331	0.6468
fd63fcef-ebac-4386-beb6-29d42bdae2d9	5	8761750	8768417	9	0.2228
fd63fcef-ebac-4386-beb6-29d42bdae2d9	5	8769626	9364637	540	0.7487
fd63fcef-ebac-4386-beb6-29d42bdae2d9	5	9364792	9686523	281	0.8805
fd63fcef-ebac-4386-beb6-29d42bdae2d9	5	9688055	11161513	1271	1.0093
fd63fcef-ebac-4386-beb6-29d42bdae2d9	5	11162524	11162659	3	-0.7356
fd63fcef-ebac-4386-beb6-29d42bdae2d9	5	11167165	11388969	201	1.0794
fd63fcef-ebac-4386-beb6-29d42bdae2d9	5	11393881	11725933	256	0.8716
fd63fcef-ebac-4386-beb6-29d42bdae2d9	5	11727908	11822975	80	1.047
fd63fcef-ebac-4386-beb6-29d42bdae2d9	5	11826949	12143319	203	0.6586
fd63fcef-ebac-4386-beb6-29d42bdae2d9	5	12143714	12790933	340	0.5493
fd63fcef-ebac-4386-beb6-29d42bdae2d9	5	12791608	12892020	27	0.052
fd63fcef-ebac-4386-beb6-29d42bdae2d9	5	12894036	15329983	1725	0.5419
fd63fcef-ebac-4386-beb6-29d42bdae2d9	5	15331010	15333229	13	0.099
fd63fcef-ebac-4386-beb6-29d42bdae2d9	5	15333744	16124136	472	0.5364
fd63fcef-ebac-4386-beb6-29d42bdae2d9	5	16125019	16125105	3	-0.5573
fd63fcef-ebac-4386-beb6-29d42bdae2d9	5	16127435	17511800	943	0.5543
fd63fcef-ebac-4386-beb6-29d42bdae2d9	5	17513285	17670829	29	0.8852
fd63fcef-ebac-4386-beb6-29d42bdae2d9	5	17670916	17898280	174	0.552
fd63fcef-ebac-4386-beb6-29d42bdae2d9	5	17903449	30888900	7667	0.5275
fd63fcef-ebac-4386-beb6-29d42bdae2d9	5	30889334	33809041	2141	0.5706
fd63fcef-ebac-4386-beb6-29d42bdae2d9	5	33809198	40335373	4353	0.6476
fd63fcef-ebac-4386-beb6-29d42bdae2d9	5	40336444	40963060	376	0.1586
fd63fcef-ebac-4386-beb6-29d42bdae2d9	5	40963768	40964493	3	-0.7264
fd63fcef-ebac-4386-beb6-29d42bdae2d9	5	40964750	41611823	453	0.1664
fd63fcef-ebac-4386-beb6-29d42bdae2d9	5	41614141	44284695	1298	0.216
fd63fcef-ebac-4386-beb6-29d42bdae2d9	5	44288001	50253941	822	0.1462
fd63fcef-ebac-4386-beb6-29d42bdae2d9	5	50256864	96055326	26912	-0.2709
fd63fcef-ebac-4386-beb6-29d42bdae2d9	5	96060765	97882853	1126	0.0993
fd63fcef-ebac-4386-beb6-29d42bdae2d9	5	97883542	98773325	509	0.7426
fd63fcef-ebac-4386-beb6-29d42bdae2d9	5	98775608	99417707	354	0.5364
fd63fcef-ebac-4386-beb6-29d42bdae2d9	5	99417851	99434426	7	1.6985
fd63fcef-ebac-4386-beb6-29d42bdae2d9	5	99437060	100152852	432	0.7051
fd63fcef-ebac-4386-beb6-29d42bdae2d9	5	100155924	100430455	143	3.1689
fd63fcef-ebac-4386-beb6-29d42bdae2d9	5	100430806	100618013	97	2.8759
fd63fcef-ebac-4386-beb6-29d42bdae2d9	5	100618068	102020449	886	0.944
fd63fcef-ebac-4386-beb6-29d42bdae2d9	5	102024990	104463080	1362	0.4226
fd63fcef-ebac-4386-beb6-29d42bdae2d9	5	104469801	104531785	45	-0.321
fd63fcef-ebac-4386-beb6-29d42bdae2d9	5	104532067	104557759	33	-0.1207
fd63fcef-ebac-4386-beb6-29d42bdae2d9	5	104563490	104781996	170	-0.29
fd63fcef-ebac-4386-beb6-29d42bdae2d9	5	104784151	104938666	108	0.1635
fd63fcef-ebac-4386-beb6-29d42bdae2d9	5	104942962	104959595	19	-0.1463
fd63fcef-ebac-4386-beb6-29d42bdae2d9	5	104962507	106034083	617	0.1525
fd63fcef-ebac-4386-beb6-29d42bdae2d9	5	106034618	106636370	282	-0.2413
fd63fcef-ebac-4386-beb6-29d42bdae2d9	5	106639679	107130210	321	0.1555
fd63fcef-ebac-4386-beb6-29d42bdae2d9	5	107130571	107528885	341	-0.2597
fd63fcef-ebac-4386-beb6-29d42bdae2d9	5	107529333	110697803	2028	0.5007
fd63fcef-ebac-4386-beb6-29d42bdae2d9	5	110702432	111663417	625	-0.289
fd63fcef-ebac-4386-beb6-29d42bdae2d9	5	111665811	112526459	600	0.477
fd63fcef-ebac-4386-beb6-29d42bdae2d9	5	112529478	112530096	3	1.2849
fd63fcef-ebac-4386-beb6-29d42bdae2d9	5	112533410	112734249	176	0.4978
fd63fcef-ebac-4386-beb6-29d42bdae2d9	5	112734425	112807207	112	0.3357
fd63fcef-ebac-4386-beb6-29d42bdae2d9	5	112807247	112858996	96	0.4388
fd63fcef-ebac-4386-beb6-29d42bdae2d9	5	112860461	115972176	2181	-0.272
fd63fcef-ebac-4386-beb6-29d42bdae2d9	5	115979979	117719591	1422	0.4712
fd63fcef-ebac-4386-beb6-29d42bdae2d9	5	117723631	118050922	222	-0.2694
fd63fcef-ebac-4386-beb6-29d42bdae2d9	5	118052727	118053254	9	-1.539
fd63fcef-ebac-4386-beb6-29d42bdae2d9	5	118053268	132769161	9079	-0.267
fd63fcef-ebac-4386-beb6-29d42bdae2d9	5	132770869	132771737	3	-1.7262
fd63fcef-ebac-4386-beb6-29d42bdae2d9	5	132773661	138469431	3644	-0.2708
fd63fcef-ebac-4386-beb6-29d42bdae2d9	5	138472272	138476036	10	0.3109
fd63fcef-ebac-4386-beb6-29d42bdae2d9	5	138476564	156044837	11253	-0.2783
fd63fcef-ebac-4386-beb6-29d42bdae2d9	5	156045045	156049988	9	0.1901
fd63fcef-ebac-4386-beb6-29d42bdae2d9	5	156051752	156053103	2	-3.588
fd63fcef-ebac-4386-beb6-29d42bdae2d9	5	156054939	156055719	9	-1.2116
fd63fcef-ebac-4386-beb6-29d42bdae2d9	5	156068240	172014069	11094	-0.2808
fd63fcef-ebac-4386-beb6-29d42bdae2d9	5	172014600	172199205	146	-0.12
fd63fcef-ebac-4386-beb6-29d42bdae2d9	5	172204765	174948756	2067	-0.2807
fd63fcef-ebac-4386-beb6-29d42bdae2d9	5	174949103	175104632	111	0.4785
fd63fcef-ebac-4386-beb6-29d42bdae2d9	5	175109217	175236601	134	-0.2805
fd63fcef-ebac-4386-beb6-29d42bdae2d9	5	175240925	175751872	384	0.1726
fd63fcef-ebac-4386-beb6-29d42bdae2d9	5	175755446	176608271	361	-0.2779
fd63fcef-ebac-4386-beb6-29d42bdae2d9	5	176612641	177243501	308	0.5025
fd63fcef-ebac-4386-beb6-29d42bdae2d9	5	177244111	177710487	175	-0.2531
fd63fcef-ebac-4386-beb6-29d42bdae2d9	5	177711874	177933867	25	0.1516
fd63fcef-ebac-4386-beb6-29d42bdae2d9	5	177950647	179676725	1054	-0.281
fd63fcef-ebac-4386-beb6-29d42bdae2d9	5	179677049	179677132	4	1.0242
fd63fcef-ebac-4386-beb6-29d42bdae2d9	5	179677599	180671422	553	-0.3026
fd63fcef-ebac-4386-beb6-29d42bdae2d9	5	180673292	180728694	37	0.0127
fd63fcef-ebac-4386-beb6-29d42bdae2d9	5	180730191	180951888	133	-0.2294
fd63fcef-ebac-4386-beb6-29d42bdae2d9	5	180953203	180972373	5	-2.969
fd63fcef-ebac-4386-beb6-29d42bdae2d9	5	180975764	181363319	181	-0.3245
fd63fcef-ebac-4386-beb6-29d42bdae2d9	6	149661	779944	529	0.3809
fd63fcef-ebac-4386-beb6-29d42bdae2d9	6	781077	8927278	6657	0.3036
fd63fcef-ebac-4386-beb6-29d42bdae2d9	6	8927279	10601433	1225	0.3454
fd63fcef-ebac-4386-beb6-29d42bdae2d9	6	10606378	19646458	6784	0.2937
fd63fcef-ebac-4386-beb6-29d42bdae2d9	6	19646893	23570666	2860	0.3186
fd63fcef-ebac-4386-beb6-29d42bdae2d9	6	23572705	23575838	2	1.304
fd63fcef-ebac-4386-beb6-29d42bdae2d9	6	23576040	24667571	802	0.3241
fd63fcef-ebac-4386-beb6-29d42bdae2d9	6	24669000	31167929	3348	0.286
fd63fcef-ebac-4386-beb6-29d42bdae2d9	6	31168676	32614112	647	0.394
fd63fcef-ebac-4386-beb6-29d42bdae2d9	6	32614426	32656527	16	-0.092
fd63fcef-ebac-4386-beb6-29d42bdae2d9	6	32656814	32658841	5	1.4499
fd63fcef-ebac-4386-beb6-29d42bdae2d9	6	32682835	35601342	1657	0.2899
fd63fcef-ebac-4386-beb6-29d42bdae2d9	6	35601504	35739913	67	0.0702
fd63fcef-ebac-4386-beb6-29d42bdae2d9	6	35741871	35742902	2	-0.6729
fd63fcef-ebac-4386-beb6-29d42bdae2d9	6	35745710	36181594	247	0.1219
fd63fcef-ebac-4386-beb6-29d42bdae2d9	6	36185992	52438377	10513	0.2965
fd63fcef-ebac-4386-beb6-29d42bdae2d9	6	52438493	52746320	215	0.13
fd63fcef-ebac-4386-beb6-29d42bdae2d9	6	52746586	52797896	47	0.4513
fd63fcef-ebac-4386-beb6-29d42bdae2d9	6	52799684	53842209	765	0.1178
fd63fcef-ebac-4386-beb6-29d42bdae2d9	6	53846337	54066269	180	0.3244
fd63fcef-ebac-4386-beb6-29d42bdae2d9	6	54066286	54066477	4	-0.1524
fd63fcef-ebac-4386-beb6-29d42bdae2d9	6	54066582	54067057	4	-1.1014
fd63fcef-ebac-4386-beb6-29d42bdae2d9	6	54070550	54697747	413	0.3115
fd63fcef-ebac-4386-beb6-29d42bdae2d9	6	54699424	58235149	1715	0.1166
fd63fcef-ebac-4386-beb6-29d42bdae2d9	6	58236118	60585948	116	0.2584
fd63fcef-ebac-4386-beb6-29d42bdae2d9	6	60592394	60593746	2	-0.9268
fd63fcef-ebac-4386-beb6-29d42bdae2d9	6	60605593	61527062	297	0.0807
fd63fcef-ebac-4386-beb6-29d42bdae2d9	6	61530738	61531880	13	0.5487
fd63fcef-ebac-4386-beb6-29d42bdae2d9	6	61531997	65689660	2369	0.0566
fd63fcef-ebac-4386-beb6-29d42bdae2d9	6	65689858	65689879	2	1.2128
fd63fcef-ebac-4386-beb6-29d42bdae2d9	6	65690336	67770088	1538	0.0693
fd63fcef-ebac-4386-beb6-29d42bdae2d9	6	67775271	83700999	10200	-0.1508
fd63fcef-ebac-4386-beb6-29d42bdae2d9	6	83703390	93976240	6623	0.0698
fd63fcef-ebac-4386-beb6-29d42bdae2d9	6	93976662	94438184	311	-0.0152
fd63fcef-ebac-4386-beb6-29d42bdae2d9	6	94438276	94533415	60	-0.2766
fd63fcef-ebac-4386-beb6-29d42bdae2d9	6	94533949	132848193	23413	0.0669
fd63fcef-ebac-4386-beb6-29d42bdae2d9	6	132850770	133945130	740	-0.1662
fd63fcef-ebac-4386-beb6-29d42bdae2d9	6	133947933	133948494	2	-1.7539
fd63fcef-ebac-4386-beb6-29d42bdae2d9	6	133950934	170151398	24786	-0.1704
fd63fcef-ebac-4386-beb6-29d42bdae2d9	6	170159818	170226124	25	0.1004
fd63fcef-ebac-4386-beb6-29d42bdae2d9	6	170228179	170238536	9	0.5272
fd63fcef-ebac-4386-beb6-29d42bdae2d9	6	170238867	170596889	230	0.0651
fd63fcef-ebac-4386-beb6-29d42bdae2d9	6	170598071	170741917	7	0.2725
fd63fcef-ebac-4386-beb6-29d42bdae2d9	7	43355	6836554	3425	0.0087
fd63fcef-ebac-4386-beb6-29d42bdae2d9	7	6842621	6890031	15	0.7184
fd63fcef-ebac-4386-beb6-29d42bdae2d9	7	6893145	9020733	1848	0.0096
fd63fcef-ebac-4386-beb6-29d42bdae2d9	7	9021977	9023200	3	-1.2347
fd63fcef-ebac-4386-beb6-29d42bdae2d9	7	9023654	10419048	1069	-0.0438
fd63fcef-ebac-4386-beb6-29d42bdae2d9	7	10423242	17165590	5458	0.0142
fd63fcef-ebac-4386-beb6-29d42bdae2d9	7	17167132	17728179	453	-0.0333
fd63fcef-ebac-4386-beb6-29d42bdae2d9	7	17728467	17747034	13	0.5006
fd63fcef-ebac-4386-beb6-29d42bdae2d9	7	17747587	45822404	19861	0.0012
fd63fcef-ebac-4386-beb6-29d42bdae2d9	7	45824419	48048280	1720	0.0491
fd63fcef-ebac-4386-beb6-29d42bdae2d9	7	48050357	53398482	3909	0.014
fd63fcef-ebac-4386-beb6-29d42bdae2d9	7	53401260	53402864	2	-1.2312
fd63fcef-ebac-4386-beb6-29d42bdae2d9	7	53407964	54305455	646	0.0133
fd63fcef-ebac-4386-beb6-29d42bdae2d9	7	54318812	54318824	6	1.1331
fd63fcef-ebac-4386-beb6-29d42bdae2d9	7	54325795	56693807	1559	0.0117
fd63fcef-ebac-4386-beb6-29d42bdae2d9	7	56694420	62909456	606	0.1289
fd63fcef-ebac-4386-beb6-29d42bdae2d9	7	62924899	64087812	329	0.0219
fd63fcef-ebac-4386-beb6-29d42bdae2d9	7	64089882	64123988	16	0.4117
fd63fcef-ebac-4386-beb6-29d42bdae2d9	7	64124226	65475914	673	-0.0038
fd63fcef-ebac-4386-beb6-29d42bdae2d9	7	65476974	65601789	21	0.6426
fd63fcef-ebac-4386-beb6-29d42bdae2d9	7	65602041	71776556	3493	-0.0097
fd63fcef-ebac-4386-beb6-29d42bdae2d9	7	71783691	71802254	16	0.5226
fd63fcef-ebac-4386-beb6-29d42bdae2d9	7	71804145	72532220	476	-0.0573
fd63fcef-ebac-4386-beb6-29d42bdae2d9	7	72532544	72576880	18	0.3744
fd63fcef-ebac-4386-beb6-29d42bdae2d9	7	72577927	76514576	1059	-0.0233
fd63fcef-ebac-4386-beb6-29d42bdae2d9	7	76524031	76531980	4	1.2238
fd63fcef-ebac-4386-beb6-29d42bdae2d9	7	76531991	88637346	7665	-0.0096
fd63fcef-ebac-4386-beb6-29d42bdae2d9	7	88639524	89615203	662	-0.0959
fd63fcef-ebac-4386-beb6-29d42bdae2d9	7	89618609	96863784	4645	-0.013
fd63fcef-ebac-4386-beb6-29d42bdae2d9	7	96863954	97766150	561	0.2
fd63fcef-ebac-4386-beb6-29d42bdae2d9	7	97766153	97766197	6	-0.5338
fd63fcef-ebac-4386-beb6-29d42bdae2d9	7	97772620	97773163	8	-1.8498
fd63fcef-ebac-4386-beb6-29d42bdae2d9	7	97774928	97777749	19	0.0445
fd63fcef-ebac-4386-beb6-29d42bdae2d9	7	97788295	97792357	9	0.5614
fd63fcef-ebac-4386-beb6-29d42bdae2d9	7	97792360	97808316	2	-1.016
fd63fcef-ebac-4386-beb6-29d42bdae2d9	7	97808401	99601798	848	0.196
fd63fcef-ebac-4386-beb6-29d42bdae2d9	7	99602461	99889448	151	0.3109
fd63fcef-ebac-4386-beb6-29d42bdae2d9	7	99890601	101588142	625	0.1807
fd63fcef-ebac-4386-beb6-29d42bdae2d9	7	101588587	102460859	395	0.0697
fd63fcef-ebac-4386-beb6-29d42bdae2d9	7	102461717	102676662	3	0.9593
fd63fcef-ebac-4386-beb6-29d42bdae2d9	7	102695668	105586665	1760	0.1108
fd63fcef-ebac-4386-beb6-29d42bdae2d9	7	105590911	107627518	1331	0.1659
fd63fcef-ebac-4386-beb6-29d42bdae2d9	7	107630122	109797700	1469	0.1106
fd63fcef-ebac-4386-beb6-29d42bdae2d9	7	109797715	109800866	9	0.7735
fd63fcef-ebac-4386-beb6-29d42bdae2d9	7	109801155	109818881	20	-0.2767
fd63fcef-ebac-4386-beb6-29d42bdae2d9	7	109819049	111225679	932	0.0997
fd63fcef-ebac-4386-beb6-29d42bdae2d9	7	111225764	111252795	26	-0.2493
fd63fcef-ebac-4386-beb6-29d42bdae2d9	7	111253518	128451646	10433	0.1141
fd63fcef-ebac-4386-beb6-29d42bdae2d9	7	128452184	128557999	31	0.2117
fd63fcef-ebac-4386-beb6-29d42bdae2d9	7	128565978	128667935	19	0.5521
fd63fcef-ebac-4386-beb6-29d42bdae2d9	7	128668332	128925882	145	0.121
fd63fcef-ebac-4386-beb6-29d42bdae2d9	7	128928338	129147298	112	0.4907
fd63fcef-ebac-4386-beb6-29d42bdae2d9	7	129147707	129440592	148	0.3122
fd63fcef-ebac-4386-beb6-29d42bdae2d9	7	129441435	129789501	162	0.5983
fd63fcef-ebac-4386-beb6-29d42bdae2d9	7	129789824	134090709	2700	-0.1379
fd63fcef-ebac-4386-beb6-29d42bdae2d9	7	134093676	134114093	39	0.3061
fd63fcef-ebac-4386-beb6-29d42bdae2d9	7	134114401	135886540	1258	-0.1279
fd63fcef-ebac-4386-beb6-29d42bdae2d9	7	135887005	135888034	2	0.944
fd63fcef-ebac-4386-beb6-29d42bdae2d9	7	135888492	137633789	1178	-0.1252
fd63fcef-ebac-4386-beb6-29d42bdae2d9	7	137634355	142070827	2756	0.1329
fd63fcef-ebac-4386-beb6-29d42bdae2d9	7	142071122	142090403	24	0.482
fd63fcef-ebac-4386-beb6-29d42bdae2d9	7	142092108	142509832	331	0.1665
fd63fcef-ebac-4386-beb6-29d42bdae2d9	7	142510322	143134704	341	-0.0898
fd63fcef-ebac-4386-beb6-29d42bdae2d9	7	143135162	144012606	386	0.1373
fd63fcef-ebac-4386-beb6-29d42bdae2d9	7	144013003	144014058	7	-0.765
fd63fcef-ebac-4386-beb6-29d42bdae2d9	7	144014076	144336758	151	0.1887
fd63fcef-ebac-4386-beb6-29d42bdae2d9	7	144343967	148671471	2884	-0.1108
fd63fcef-ebac-4386-beb6-29d42bdae2d9	7	148673077	151103652	1283	0.0092
fd63fcef-ebac-4386-beb6-29d42bdae2d9	7	151104730	155172128	2804	-0.1803
fd63fcef-ebac-4386-beb6-29d42bdae2d9	7	155172850	155174824	5	-1.1198
fd63fcef-ebac-4386-beb6-29d42bdae2d9	7	155174851	159276955	2605	-0.1811
fd63fcef-ebac-4386-beb6-29d42bdae2d9	7	159279532	159334314	54	0.1282
fd63fcef-ebac-4386-beb6-29d42bdae2d9	8	81254	5896197	6170	-0.1992
fd63fcef-ebac-4386-beb6-29d42bdae2d9	8	5896198	5926258	49	-0.6498
fd63fcef-ebac-4386-beb6-29d42bdae2d9	8	5926357	6019952	160	-0.2266
fd63fcef-ebac-4386-beb6-29d42bdae2d9	8	6025607	7076236	1302	-0.5569
fd63fcef-ebac-4386-beb6-29d42bdae2d9	8	7078298	7179297	27	0.1553
fd63fcef-ebac-4386-beb6-29d42bdae2d9	8	7182331	7380497	26	-0.4107
fd63fcef-ebac-4386-beb6-29d42bdae2d9	8	7396819	8212781	47	0.2725
fd63fcef-ebac-4386-beb6-29d42bdae2d9	8	8214781	12024350	3204	-0.5686
fd63fcef-ebac-4386-beb6-29d42bdae2d9	8	12024888	12697234	86	0.2871
fd63fcef-ebac-4386-beb6-29d42bdae2d9	8	12698533	15324383	2507	-0.5576
fd63fcef-ebac-4386-beb6-29d42bdae2d9	8	15324398	15334097	10	-2.3725
fd63fcef-ebac-4386-beb6-29d42bdae2d9	8	15335413	24873310	7633	-0.5619
fd63fcef-ebac-4386-beb6-29d42bdae2d9	8	24878512	24878567	2	-2.5507
fd63fcef-ebac-4386-beb6-29d42bdae2d9	8	24879374	32821348	5622	-0.5549
fd63fcef-ebac-4386-beb6-29d42bdae2d9	8	32825580	32834588	9	0.4383
fd63fcef-ebac-4386-beb6-29d42bdae2d9	8	32834603	37148544	2404	-0.5429
fd63fcef-ebac-4386-beb6-29d42bdae2d9	8	37148641	37189552	29	0.5469
fd63fcef-ebac-4386-beb6-29d42bdae2d9	8	37189638	37190115	3	0.0064
fd63fcef-ebac-4386-beb6-29d42bdae2d9	8	37190338	37285095	82	0.5558
fd63fcef-ebac-4386-beb6-29d42bdae2d9	8	37289875	37768774	280	0.8444
fd63fcef-ebac-4386-beb6-29d42bdae2d9	8	37772973	39372806	771	0.477
fd63fcef-ebac-4386-beb6-29d42bdae2d9	8	39373140	39531260	62	0.887
fd63fcef-ebac-4386-beb6-29d42bdae2d9	8	39531496	39969026	262	0.4823
fd63fcef-ebac-4386-beb6-29d42bdae2d9	8	39972684	40524280	526	0.3339
fd63fcef-ebac-4386-beb6-29d42bdae2d9	8	40524825	40528651	7	0.8853
fd63fcef-ebac-4386-beb6-29d42bdae2d9	8	40529270	40914477	274	1.2274
fd63fcef-ebac-4386-beb6-29d42bdae2d9	8	40920333	40920952	2	-1.4047
fd63fcef-ebac-4386-beb6-29d42bdae2d9	8	40926161	41723089	490	1.2246
fd63fcef-ebac-4386-beb6-29d42bdae2d9	8	41727713	42112130	223	1.582
fd63fcef-ebac-4386-beb6-29d42bdae2d9	8	42112252	42353965	243	1.325
fd63fcef-ebac-4386-beb6-29d42bdae2d9	8	42354253	42645730	137	1.4674
fd63fcef-ebac-4386-beb6-29d42bdae2d9	8	42649655	42895355	111	1.234
fd63fcef-ebac-4386-beb6-29d42bdae2d9	8	42895643	42928572	8	2.1178
fd63fcef-ebac-4386-beb6-29d42bdae2d9	8	42934585	42938451	3	0.7789
fd63fcef-ebac-4386-beb6-29d42bdae2d9	8	42942814	43165538	87	2.1627
fd63fcef-ebac-4386-beb6-29d42bdae2d9	8	43170623	43749343	174	-0.1206
fd63fcef-ebac-4386-beb6-29d42bdae2d9	8	43766749	46537229	172	0.0253
fd63fcef-ebac-4386-beb6-29d42bdae2d9	8	46537472	50119451	1853	-0.1639
fd63fcef-ebac-4386-beb6-29d42bdae2d9	8	50119464	50119827	7	-1.3877
fd63fcef-ebac-4386-beb6-29d42bdae2d9	8	50126018	57459134	4781	-0.1566
fd63fcef-ebac-4386-beb6-29d42bdae2d9	8	57459149	57465687	18	0.3805
fd63fcef-ebac-4386-beb6-29d42bdae2d9	8	57468448	60086539	1733	-0.1642
fd63fcef-ebac-4386-beb6-29d42bdae2d9	8	60086929	60086965	2	0.7786
fd63fcef-ebac-4386-beb6-29d42bdae2d9	8	60086982	60622910	362	-0.1458
fd63fcef-ebac-4386-beb6-29d42bdae2d9	8	60624838	60628714	7	0.2802
fd63fcef-ebac-4386-beb6-29d42bdae2d9	8	60631259	60637642	7	0.8719
fd63fcef-ebac-4386-beb6-29d42bdae2d9	8	60638205	60916080	195	1.2345
fd63fcef-ebac-4386-beb6-29d42bdae2d9	8	60916351	60981377	51	0.9953
fd63fcef-ebac-4386-beb6-29d42bdae2d9	8	60988853	61382670	290	-0.1042
fd63fcef-ebac-4386-beb6-29d42bdae2d9	8	61386077	61469045	52	0.1386
fd63fcef-ebac-4386-beb6-29d42bdae2d9	8	61469376	61474708	9	0.8008
fd63fcef-ebac-4386-beb6-29d42bdae2d9	8	61489435	65951369	2586	0.0092
fd63fcef-ebac-4386-beb6-29d42bdae2d9	8	65951831	66424926	297	1.3184
fd63fcef-ebac-4386-beb6-29d42bdae2d9	8	66426482	66922831	220	0.5246
fd63fcef-ebac-4386-beb6-29d42bdae2d9	8	66922980	67283582	116	0.3228
fd63fcef-ebac-4386-beb6-29d42bdae2d9	8	67283868	67357448	26	0.5043
fd63fcef-ebac-4386-beb6-29d42bdae2d9	8	67361832	67635434	181	0.6632
fd63fcef-ebac-4386-beb6-29d42bdae2d9	8	67635897	67636165	6	-0.2949
fd63fcef-ebac-4386-beb6-29d42bdae2d9	8	67636256	67827697	172	0.7209
fd63fcef-ebac-4386-beb6-29d42bdae2d9	8	67828513	68570590	502	1.3264
fd63fcef-ebac-4386-beb6-29d42bdae2d9	8	68574633	68782616	128	0.3668
fd63fcef-ebac-4386-beb6-29d42bdae2d9	8	68783560	69202848	292	0.2111
fd63fcef-ebac-4386-beb6-29d42bdae2d9	8	69204391	69295362	54	0.3822
fd63fcef-ebac-4386-beb6-29d42bdae2d9	8	69295681	69296082	6	-0.0819
fd63fcef-ebac-4386-beb6-29d42bdae2d9	8	69299337	69305708	5	0.3275
fd63fcef-ebac-4386-beb6-29d42bdae2d9	8	69306402	70161465	581	0.4807
fd63fcef-ebac-4386-beb6-29d42bdae2d9	8	70161727	71300130	616	0.2855
fd63fcef-ebac-4386-beb6-29d42bdae2d9	8	71303076	71304199	6	-0.6057
fd63fcef-ebac-4386-beb6-29d42bdae2d9	8	71304266	71758134	309	0.3147
fd63fcef-ebac-4386-beb6-29d42bdae2d9	8	71758473	72471104	499	-0.0256
fd63fcef-ebac-4386-beb6-29d42bdae2d9	8	72476269	72662287	128	0.5301
fd63fcef-ebac-4386-beb6-29d42bdae2d9	8	72662680	72980294	279	-0.0515
fd63fcef-ebac-4386-beb6-29d42bdae2d9	8	72982878	73452675	359	0.5407
fd63fcef-ebac-4386-beb6-29d42bdae2d9	8	73453510	73838828	225	-0.0583
fd63fcef-ebac-4386-beb6-29d42bdae2d9	8	73843201	74787834	608	0.6622
fd63fcef-ebac-4386-beb6-29d42bdae2d9	8	74790015	76129919	758	-0.0451
fd63fcef-ebac-4386-beb6-29d42bdae2d9	8	76131362	76538214	255	0.5327
fd63fcef-ebac-4386-beb6-29d42bdae2d9	8	76539067	76542102	5	0.0474
fd63fcef-ebac-4386-beb6-29d42bdae2d9	8	76545296	77671682	670	0.5005
fd63fcef-ebac-4386-beb6-29d42bdae2d9	8	77671756	77824875	76	0.5561
fd63fcef-ebac-4386-beb6-29d42bdae2d9	8	77824989	78125910	187	0.9079
fd63fcef-ebac-4386-beb6-29d42bdae2d9	8	78127046	78452661	169	0.749
fd63fcef-ebac-4386-beb6-29d42bdae2d9	8	78454037	78863271	203	0.9866
fd63fcef-ebac-4386-beb6-29d42bdae2d9	8	78863323	79334434	351	0.721
fd63fcef-ebac-4386-beb6-29d42bdae2d9	8	79334468	80074181	441	0.5213
fd63fcef-ebac-4386-beb6-29d42bdae2d9	8	80074343	80440386	201	0.6802
fd63fcef-ebac-4386-beb6-29d42bdae2d9	8	80445396	80835356	184	0.8224
fd63fcef-ebac-4386-beb6-29d42bdae2d9	8	80836178	81344825	354	0.9068
fd63fcef-ebac-4386-beb6-29d42bdae2d9	8	81348248	81868288	292	0.7884
fd63fcef-ebac-4386-beb6-29d42bdae2d9	8	81869945	83542709	920	0.4066
fd63fcef-ebac-4386-beb6-29d42bdae2d9	8	83552180	88660640	2802	-0.034
fd63fcef-ebac-4386-beb6-29d42bdae2d9	8	88664118	89063662	236	0.4241
fd63fcef-ebac-4386-beb6-29d42bdae2d9	8	89067608	89544455	344	0.8495
fd63fcef-ebac-4386-beb6-29d42bdae2d9	8	89546706	90805307	786	0.9451
fd63fcef-ebac-4386-beb6-29d42bdae2d9	8	90807610	91289021	246	1.2927
fd63fcef-ebac-4386-beb6-29d42bdae2d9	8	91290493	92007199	409	0.9469
fd63fcef-ebac-4386-beb6-29d42bdae2d9	8	92007424	92007901	5	0.226
fd63fcef-ebac-4386-beb6-29d42bdae2d9	8	92008360	93184488	666	0.9547
fd63fcef-ebac-4386-beb6-29d42bdae2d9	8	93187718	95214112	1240	0.5353
fd63fcef-ebac-4386-beb6-29d42bdae2d9	8	95216593	95687804	402	1.2102
fd63fcef-ebac-4386-beb6-29d42bdae2d9	8	95690397	100148989	2598	0.6941
fd63fcef-ebac-4386-beb6-29d42bdae2d9	8	100154227	100299887	73	0.8827
fd63fcef-ebac-4386-beb6-29d42bdae2d9	8	100311850	100331298	16	1.1989
fd63fcef-ebac-4386-beb6-29d42bdae2d9	8	100344106	100643836	219	0.8711
fd63fcef-ebac-4386-beb6-29d42bdae2d9	8	100644978	101716131	801	0.7156
fd63fcef-ebac-4386-beb6-29d42bdae2d9	8	101719071	102045624	239	1.0326
fd63fcef-ebac-4386-beb6-29d42bdae2d9	8	102045809	102045965	8	0.3703
fd63fcef-ebac-4386-beb6-29d42bdae2d9	8	102046373	102343036	162	1.0008
fd63fcef-ebac-4386-beb6-29d42bdae2d9	8	102351126	102753217	233	0.7134
fd63fcef-ebac-4386-beb6-29d42bdae2d9	8	102755416	103281437	359	0.8763
fd63fcef-ebac-4386-beb6-29d42bdae2d9	8	103283870	103379794	67	0.1983
fd63fcef-ebac-4386-beb6-29d42bdae2d9	8	103380743	103395535	9	0.7532
fd63fcef-ebac-4386-beb6-29d42bdae2d9	8	103395865	104194914	392	0.1722
fd63fcef-ebac-4386-beb6-29d42bdae2d9	8	104199739	106119169	1145	0.5662
fd63fcef-ebac-4386-beb6-29d42bdae2d9	8	106120030	106445027	246	0.1233
fd63fcef-ebac-4386-beb6-29d42bdae2d9	8	106451593	106471434	21	1.2909
fd63fcef-ebac-4386-beb6-29d42bdae2d9	8	106477484	106846321	228	0.8648
fd63fcef-ebac-4386-beb6-29d42bdae2d9	8	106846405	106850975	22	0.5235
fd63fcef-ebac-4386-beb6-29d42bdae2d9	8	106850988	107711823	606	0.8745
fd63fcef-ebac-4386-beb6-29d42bdae2d9	8	107715967	107897346	128	0.7355
fd63fcef-ebac-4386-beb6-29d42bdae2d9	8	107900582	108522229	357	0.8703
fd63fcef-ebac-4386-beb6-29d42bdae2d9	8	108522399	108750246	153	0.6997
fd63fcef-ebac-4386-beb6-29d42bdae2d9	8	108750408	109261044	289	0.9337
fd63fcef-ebac-4386-beb6-29d42bdae2d9	8	109268975	109648429	224	1.1842
fd63fcef-ebac-4386-beb6-29d42bdae2d9	8	109648679	110067651	215	0.8745
fd63fcef-ebac-4386-beb6-29d42bdae2d9	8	110069958	111279265	650	-0.0024
fd63fcef-ebac-4386-beb6-29d42bdae2d9	8	111282050	111283031	10	0.9303
fd63fcef-ebac-4386-beb6-29d42bdae2d9	8	111288052	111672773	198	0.0217
fd63fcef-ebac-4386-beb6-29d42bdae2d9	8	111680946	112626279	529	0.8556
fd63fcef-ebac-4386-beb6-29d42bdae2d9	8	112628707	113347212	358	1.0032
fd63fcef-ebac-4386-beb6-29d42bdae2d9	8	113348474	114619814	729	0.7937
fd63fcef-ebac-4386-beb6-29d42bdae2d9	8	114622258	114626121	14	-1.5655
fd63fcef-ebac-4386-beb6-29d42bdae2d9	8	114626166	114628588	8	0.3299
fd63fcef-ebac-4386-beb6-29d42bdae2d9	8	114628679	114629502	13	-1.2472
fd63fcef-ebac-4386-beb6-29d42bdae2d9	8	114638468	115483701	553	0.7679
fd63fcef-ebac-4386-beb6-29d42bdae2d9	8	115493174	115642922	91	1.2185
fd63fcef-ebac-4386-beb6-29d42bdae2d9	8	115646004	115957709	178	1.8223
fd63fcef-ebac-4386-beb6-29d42bdae2d9	8	115961096	116008200	30	1.1729
fd63fcef-ebac-4386-beb6-29d42bdae2d9	8	116012792	116888874	546	1.3361
fd63fcef-ebac-4386-beb6-29d42bdae2d9	8	116889394	117849040	671	1.1691
fd63fcef-ebac-4386-beb6-29d42bdae2d9	8	117849128	117985981	91	0.8146
fd63fcef-ebac-4386-beb6-29d42bdae2d9	8	117995037	119533014	1206	-0.0233
fd63fcef-ebac-4386-beb6-29d42bdae2d9	8	119536525	119620747	78	0.5844
fd63fcef-ebac-4386-beb6-29d42bdae2d9	8	119623058	120181090	341	0.0176
fd63fcef-ebac-4386-beb6-29d42bdae2d9	8	120189312	120763450	365	0.8077
fd63fcef-ebac-4386-beb6-29d42bdae2d9	8	120771719	120814582	40	0.6802
fd63fcef-ebac-4386-beb6-29d42bdae2d9	8	120815228	120815257	3	0.0064
fd63fcef-ebac-4386-beb6-29d42bdae2d9	8	120816679	121977611	762	0.7117
fd63fcef-ebac-4386-beb6-29d42bdae2d9	8	121978460	122049955	60	1.9892
fd63fcef-ebac-4386-beb6-29d42bdae2d9	8	122050320	122059432	20	1.457
fd63fcef-ebac-4386-beb6-29d42bdae2d9	8	122059589	122326616	160	2.1088
fd63fcef-ebac-4386-beb6-29d42bdae2d9	8	122327011	123854430	1042	-0.2777
fd63fcef-ebac-4386-beb6-29d42bdae2d9	8	123854875	123866224	3	-1.2535
fd63fcef-ebac-4386-beb6-29d42bdae2d9	8	123866392	124420659	366	-0.2637
fd63fcef-ebac-4386-beb6-29d42bdae2d9	8	124425386	124926883	374	2.0035
fd63fcef-ebac-4386-beb6-29d42bdae2d9	8	124928066	125135942	142	1.6736
fd63fcef-ebac-4386-beb6-29d42bdae2d9	8	125137280	125547390	258	1.9806
fd63fcef-ebac-4386-beb6-29d42bdae2d9	8	125552650	125594156	30	2.4278
fd63fcef-ebac-4386-beb6-29d42bdae2d9	8	125594226	126280781	525	1.9733
fd63fcef-ebac-4386-beb6-29d42bdae2d9	8	126281228	126299419	12	1.4142
fd63fcef-ebac-4386-beb6-29d42bdae2d9	8	126300172	126716693	308	1.6801
fd63fcef-ebac-4386-beb6-29d42bdae2d9	8	126719472	126864755	105	1.8934
fd63fcef-ebac-4386-beb6-29d42bdae2d9	8	126867209	127325174	345	1.6467
fd63fcef-ebac-4386-beb6-29d42bdae2d9	8	127328129	127430224	83	1.3761
fd63fcef-ebac-4386-beb6-29d42bdae2d9	8	127435304	127440521	2	-0.4574
fd63fcef-ebac-4386-beb6-29d42bdae2d9	8	127441520	127474844	33	1.5587
fd63fcef-ebac-4386-beb6-29d42bdae2d9	8	127476573	127632710	119	1.2922
fd63fcef-ebac-4386-beb6-29d42bdae2d9	8	127633425	128308924	551	1.4906
fd63fcef-ebac-4386-beb6-29d42bdae2d9	8	128312669	128703186	289	0.7704
fd63fcef-ebac-4386-beb6-29d42bdae2d9	8	128703972	128743214	19	-0.555
fd63fcef-ebac-4386-beb6-29d42bdae2d9	8	128744020	128751839	3	-2.6408
fd63fcef-ebac-4386-beb6-29d42bdae2d9	8	128765208	131716448	2067	-0.3291
fd63fcef-ebac-4386-beb6-29d42bdae2d9	8	131716580	131716972	2	0.8957
fd63fcef-ebac-4386-beb6-29d42bdae2d9	8	131717380	134604288	2484	-0.3329
fd63fcef-ebac-4386-beb6-29d42bdae2d9	8	134604397	137370780	2071	-0.0238
fd63fcef-ebac-4386-beb6-29d42bdae2d9	8	137371166	137558322	180	-0.38
fd63fcef-ebac-4386-beb6-29d42bdae2d9	8	137565282	140991025	2624	-0.0223
fd63fcef-ebac-4386-beb6-29d42bdae2d9	8	140991041	141654867	433	0.0897
fd63fcef-ebac-4386-beb6-29d42bdae2d9	8	141655425	142591627	485	-0.141
fd63fcef-ebac-4386-beb6-29d42bdae2d9	8	142591694	145072769	894	0.0344
fd63fcef-ebac-4386-beb6-29d42bdae2d9	9	46587	50463	3	-0.0363
fd63fcef-ebac-4386-beb6-29d42bdae2d9	9	60015	186580	14	0.5766
fd63fcef-ebac-4386-beb6-29d42bdae2d9	9	192129	40099591	31135	-0.0494
fd63fcef-ebac-4386-beb6-29d42bdae2d9	9	40099921	41533430	70	0.2559
fd63fcef-ebac-4386-beb6-29d42bdae2d9	9	41569585	41646850	21	0.7786
fd63fcef-ebac-4386-beb6-29d42bdae2d9	9	41659472	42230926	31	0.2462
fd63fcef-ebac-4386-beb6-29d42bdae2d9	9	42259927	42546668	12	-0.2616
fd63fcef-ebac-4386-beb6-29d42bdae2d9	9	42566207	61405110	57	0.296
fd63fcef-ebac-4386-beb6-29d42bdae2d9	9	61520021	61629689	28	-0.408
fd63fcef-ebac-4386-beb6-29d42bdae2d9	9	61633080	64587807	110	0.4586
fd63fcef-ebac-4386-beb6-29d42bdae2d9	9	64603195	68407113	78	0.19
fd63fcef-ebac-4386-beb6-29d42bdae2d9	9	68412579	117385861	35293	-0.0835
fd63fcef-ebac-4386-beb6-29d42bdae2d9	9	117386418	138004173	12415	-0.1235
fd63fcef-ebac-4386-beb6-29d42bdae2d9	9	138005148	138200944	147	-0.0218
fd63fcef-ebac-4386-beb6-29d42bdae2d9	10	45792	113136	34	-0.0365
fd63fcef-ebac-4386-beb6-29d42bdae2d9	10	113276	21818492	17736	-0.2499
fd63fcef-ebac-4386-beb6-29d42bdae2d9	10	21820234	23749445	1145	-0.0998
fd63fcef-ebac-4386-beb6-29d42bdae2d9	10	23749881	24088747	248	0.0633
fd63fcef-ebac-4386-beb6-29d42bdae2d9	10	24088749	24088751	3	-0.7275
fd63fcef-ebac-4386-beb6-29d42bdae2d9	10	24088753	24089979	6	0.5044
fd63fcef-ebac-4386-beb6-29d42bdae2d9	10	24090022	24679317	449	0.0544
fd63fcef-ebac-4386-beb6-29d42bdae2d9	10	24680086	31423229	4897	-0.1063
fd63fcef-ebac-4386-beb6-29d42bdae2d9	10	31429260	32605512	697	0.0538
fd63fcef-ebac-4386-beb6-29d42bdae2d9	10	32609540	32664440	39	-0.1413
fd63fcef-ebac-4386-beb6-29d42bdae2d9	10	32664469	32666315	20	0.3132
fd63fcef-ebac-4386-beb6-29d42bdae2d9	10	32666367	33651068	720	0.0583
fd63fcef-ebac-4386-beb6-29d42bdae2d9	10	33655205	34177787	377	-0.1019
fd63fcef-ebac-4386-beb6-29d42bdae2d9	10	34178399	35520516	758	0.0683
fd63fcef-ebac-4386-beb6-29d42bdae2d9	10	35521912	38660948	1841	-0.0787
fd63fcef-ebac-4386-beb6-29d42bdae2d9	10	38663748	42157337	71	0.092
fd63fcef-ebac-4386-beb6-29d42bdae2d9	10	42159354	42264605	16	0.7071
fd63fcef-ebac-4386-beb6-29d42bdae2d9	10	42267782	43794251	966	0.048
fd63fcef-ebac-4386-beb6-29d42bdae2d9	10	43794537	45218649	1105	-0.093
fd63fcef-ebac-4386-beb6-29d42bdae2d9	10	45219866	45681645	241	-0.295
fd63fcef-ebac-4386-beb6-29d42bdae2d9	10	45694079	46261826	158	-0.1012
fd63fcef-ebac-4386-beb6-29d42bdae2d9	10	46261841	46313711	65	-0.2674
fd63fcef-ebac-4386-beb6-29d42bdae2d9	10	46313929	47040736	95	0.0349
fd63fcef-ebac-4386-beb6-29d42bdae2d9	10	47043991	55927510	5986	-0.2296
fd63fcef-ebac-4386-beb6-29d42bdae2d9	10	55927515	133654968	52881	-0.1005
fd63fcef-ebac-4386-beb6-29d42bdae2d9	11	198510	211132	5	0.2912
fd63fcef-ebac-4386-beb6-29d42bdae2d9	11	211447	3391957	1270	-0.1132
fd63fcef-ebac-4386-beb6-29d42bdae2d9	11	3395259	3591901	54	0.2051
fd63fcef-ebac-4386-beb6-29d42bdae2d9	11	3597187	3657448	44	-0.0812
fd63fcef-ebac-4386-beb6-29d42bdae2d9	11	3658428	5766850	1856	-0.1407
fd63fcef-ebac-4386-beb6-29d42bdae2d9	11	5766862	5788231	33	0.2227
fd63fcef-ebac-4386-beb6-29d42bdae2d9	11	5791130	15918355	7484	-0.127
fd63fcef-ebac-4386-beb6-29d42bdae2d9	11	15919778	18263658	1514	-0.0589
fd63fcef-ebac-4386-beb6-29d42bdae2d9	11	18273976	18919309	397	-0.094
fd63fcef-ebac-4386-beb6-29d42bdae2d9	11	18919323	18931457	24	-0.4359
fd63fcef-ebac-4386-beb6-29d42bdae2d9	11	18931475	20843941	1712	-0.1072
fd63fcef-ebac-4386-beb6-29d42bdae2d9	11	20844024	20844888	3	-1.3752
fd63fcef-ebac-4386-beb6-29d42bdae2d9	11	20845012	21825263	899	-0.0912
fd63fcef-ebac-4386-beb6-29d42bdae2d9	11	21825348	21827206	6	-0.9148
fd63fcef-ebac-4386-beb6-29d42bdae2d9	11	21829111	24422703	1762	-0.112
fd63fcef-ebac-4386-beb6-29d42bdae2d9	11	24424822	24433630	5	-0.9956
fd63fcef-ebac-4386-beb6-29d42bdae2d9	11	24436760	41430460	11832	-0.1007
fd63fcef-ebac-4386-beb6-29d42bdae2d9	11	41430843	48244655	4207	-0.0671
fd63fcef-ebac-4386-beb6-29d42bdae2d9	11	48246930	48822872	231	0.0531
fd63fcef-ebac-4386-beb6-29d42bdae2d9	11	48822906	48827862	3	1.015
fd63fcef-ebac-4386-beb6-29d42bdae2d9	11	48864971	49686823	340	-0.0164
fd63fcef-ebac-4386-beb6-29d42bdae2d9	11	49689309	49736721	18	-0.5289
fd63fcef-ebac-4386-beb6-29d42bdae2d9	11	49736914	50471785	309	-0.0063
fd63fcef-ebac-4386-beb6-29d42bdae2d9	11	50475455	55283998	237	0.2264
fd63fcef-ebac-4386-beb6-29d42bdae2d9	11	55289695	55608547	189	-0.0129
fd63fcef-ebac-4386-beb6-29d42bdae2d9	11	55608760	55608804	3	1.0731
fd63fcef-ebac-4386-beb6-29d42bdae2d9	11	55609022	55693207	53	-0.0099
fd63fcef-ebac-4386-beb6-29d42bdae2d9	11	55693312	56120054	328	-0.1296
fd63fcef-ebac-4386-beb6-29d42bdae2d9	11	56121017	56914274	499	-0.0184
fd63fcef-ebac-4386-beb6-29d42bdae2d9	11	56914394	56921835	7	-0.5633
fd63fcef-ebac-4386-beb6-29d42bdae2d9	11	56922584	57838819	518	-0.0325
fd63fcef-ebac-4386-beb6-29d42bdae2d9	11	57846140	58115676	158	0.4164
fd63fcef-ebac-4386-beb6-29d42bdae2d9	11	58116775	58688937	367	0.1932
fd63fcef-ebac-4386-beb6-29d42bdae2d9	11	58690022	58940392	140	0.4127
fd63fcef-ebac-4386-beb6-29d42bdae2d9	11	58944549	59167212	115	-0.0701
fd63fcef-ebac-4386-beb6-29d42bdae2d9	11	59168900	59359342	103	0.0924
fd63fcef-ebac-4386-beb6-29d42bdae2d9	11	59359833	59776785	235	-0.1146
fd63fcef-ebac-4386-beb6-29d42bdae2d9	11	59780214	59920299	85	0.1685
fd63fcef-ebac-4386-beb6-29d42bdae2d9	11	59921162	60485468	406	-0.0915
fd63fcef-ebac-4386-beb6-29d42bdae2d9	11	60485963	60640801	82	0.1567
fd63fcef-ebac-4386-beb6-29d42bdae2d9	11	60646586	60945605	175	-0.1017
fd63fcef-ebac-4386-beb6-29d42bdae2d9	11	60955538	61007120	44	0.1515
fd63fcef-ebac-4386-beb6-29d42bdae2d9	11	61014857	61043285	16	-0.0645
fd63fcef-ebac-4386-beb6-29d42bdae2d9	11	61043640	61148344	78	0.3684
fd63fcef-ebac-4386-beb6-29d42bdae2d9	11	61148495	65009771	1812	-0.0813
fd63fcef-ebac-4386-beb6-29d42bdae2d9	11	65011622	65478583	174	0.0842
fd63fcef-ebac-4386-beb6-29d42bdae2d9	11	65480086	65567883	29	-0.0964
fd63fcef-ebac-4386-beb6-29d42bdae2d9	11	65568234	67697159	832	0.2565
fd63fcef-ebac-4386-beb6-29d42bdae2d9	11	67697457	68003149	87	0.6186
fd63fcef-ebac-4386-beb6-29d42bdae2d9	11	68007631	81164841	7673	0.2983
fd63fcef-ebac-4386-beb6-29d42bdae2d9	11	81164928	81171346	34	-0.2676
fd63fcef-ebac-4386-beb6-29d42bdae2d9	11	81174579	81190526	17	0.4212
fd63fcef-ebac-4386-beb6-29d42bdae2d9	11	81191689	81192235	3	1.1298
fd63fcef-ebac-4386-beb6-29d42bdae2d9	11	81192572	81951161	669	0.2984
fd63fcef-ebac-4386-beb6-29d42bdae2d9	11	81951604	81951982	3	1.6064
fd63fcef-ebac-4386-beb6-29d42bdae2d9	11	81957602	96787692	10005	0.3065
fd63fcef-ebac-4386-beb6-29d42bdae2d9	11	96793995	96794017	2	-1.5242
fd63fcef-ebac-4386-beb6-29d42bdae2d9	11	96795536	126404137	20812	0.3072
fd63fcef-ebac-4386-beb6-29d42bdae2d9	11	126408180	126412002	3	-0.9187
fd63fcef-ebac-4386-beb6-29d42bdae2d9	11	126412512	127919009	1193	0.3221
fd63fcef-ebac-4386-beb6-29d42bdae2d9	11	127920860	127921067	3	-0.9088
fd63fcef-ebac-4386-beb6-29d42bdae2d9	11	127922395	134365971	4950	0.3091
fd63fcef-ebac-4386-beb6-29d42bdae2d9	11	134367219	135074876	579	0.3803
fd63fcef-ebac-4386-beb6-29d42bdae2d9	12	51460	2126723	1264	-0.1111
fd63fcef-ebac-4386-beb6-29d42bdae2d9	12	2136696	2148754	41	-0.6815
fd63fcef-ebac-4386-beb6-29d42bdae2d9	12	2148857	8267058	4248	-0.1322
fd63fcef-ebac-4386-beb6-29d42bdae2d9	12	8268228	8428347	59	0.4271
fd63fcef-ebac-4386-beb6-29d42bdae2d9	12	8432076	9481274	558	-0.1238
fd63fcef-ebac-4386-beb6-29d42bdae2d9	12	9485313	9562969	22	-0.7668
fd63fcef-ebac-4386-beb6-29d42bdae2d9	12	9575696	11359558	1179	-0.1349
fd63fcef-ebac-4386-beb6-29d42bdae2d9	12	11359597	11390472	27	-0.6638
fd63fcef-ebac-4386-beb6-29d42bdae2d9	12	11399258	30086978	13077	-0.1245
fd63fcef-ebac-4386-beb6-29d42bdae2d9	12	30087113	30090756	18	-0.5696
fd63fcef-ebac-4386-beb6-29d42bdae2d9	12	30090789	31129526	872	-0.1394
fd63fcef-ebac-4386-beb6-29d42bdae2d9	12	31129613	31254189	83	0.4226
fd63fcef-ebac-4386-beb6-29d42bdae2d9	12	31256945	33150676	1314	-0.1409
fd63fcef-ebac-4386-beb6-29d42bdae2d9	12	33150720	33150932	2	-1.559
fd63fcef-ebac-4386-beb6-29d42bdae2d9	12	33151649	33565848	269	-0.1916
fd63fcef-ebac-4386-beb6-29d42bdae2d9	12	33565861	33571303	11	0.3704
fd63fcef-ebac-4386-beb6-29d42bdae2d9	12	33571349	34156850	347	-0.1553
fd63fcef-ebac-4386-beb6-29d42bdae2d9	12	34159654	37875038	253	0.0976
fd63fcef-ebac-4386-beb6-29d42bdae2d9	12	37885541	99401515	38361	-0.1276
fd63fcef-ebac-4386-beb6-29d42bdae2d9	12	99401690	99404956	30	0.2733
fd63fcef-ebac-4386-beb6-29d42bdae2d9	12	99409315	133201603	22690	-0.135
fd63fcef-ebac-4386-beb6-29d42bdae2d9	13	18452809	18821498	78	0.1536
fd63fcef-ebac-4386-beb6-29d42bdae2d9	13	18824667	19911665	624	-0.103
fd63fcef-ebac-4386-beb6-29d42bdae2d9	13	19914015	19920266	6	0.2762
fd63fcef-ebac-4386-beb6-29d42bdae2d9	13	19920418	22797616	1986	-0.1378
fd63fcef-ebac-4386-beb6-29d42bdae2d9	13	22797982	37501828	10776	-0.0861
fd63fcef-ebac-4386-beb6-29d42bdae2d9	13	37502130	37514193	13	0.4322
fd63fcef-ebac-4386-beb6-29d42bdae2d9	13	37514237	40069420	1891	-0.0935
fd63fcef-ebac-4386-beb6-29d42bdae2d9	13	40072963	40073109	2	-1.5823
fd63fcef-ebac-4386-beb6-29d42bdae2d9	13	40073627	57267650	10690	-0.0725
fd63fcef-ebac-4386-beb6-29d42bdae2d9	13	57267891	57336060	42	-0.3686
fd63fcef-ebac-4386-beb6-29d42bdae2d9	13	57337226	57388591	40	-0.0634
fd63fcef-ebac-4386-beb6-29d42bdae2d9	13	57389055	57404533	14	-0.4576
fd63fcef-ebac-4386-beb6-29d42bdae2d9	13	57421579	57464732	19	0.0254
fd63fcef-ebac-4386-beb6-29d42bdae2d9	13	57465138	57471655	3	-0.8736
fd63fcef-ebac-4386-beb6-29d42bdae2d9	13	57472781	61394306	2423	-0.0737
fd63fcef-ebac-4386-beb6-29d42bdae2d9	13	61394561	61395828	3	-0.9386
fd63fcef-ebac-4386-beb6-29d42bdae2d9	13	61396261	63350271	1019	-0.0827
fd63fcef-ebac-4386-beb6-29d42bdae2d9	13	63350432	68676727	3289	-0.1179
fd63fcef-ebac-4386-beb6-29d42bdae2d9	13	68676863	71902850	2087	-0.0841
fd63fcef-ebac-4386-beb6-29d42bdae2d9	13	71903417	71912659	7	-0.8129
fd63fcef-ebac-4386-beb6-29d42bdae2d9	13	71914193	82590399	7262	-0.091
fd63fcef-ebac-4386-beb6-29d42bdae2d9	13	82594832	82600604	4	-1.1519
fd63fcef-ebac-4386-beb6-29d42bdae2d9	13	82606946	82614643	9	-0.2291
fd63fcef-ebac-4386-beb6-29d42bdae2d9	13	82615873	82629163	12	0.4538
fd63fcef-ebac-4386-beb6-29d42bdae2d9	13	82631841	89922244	4406	-0.0818
fd63fcef-ebac-4386-beb6-29d42bdae2d9	13	89922590	89922766	2	-2.397
fd63fcef-ebac-4386-beb6-29d42bdae2d9	13	89922794	105594908	11150	-0.097
fd63fcef-ebac-4386-beb6-29d42bdae2d9	13	105595343	105752241	118	-0.2507
fd63fcef-ebac-4386-beb6-29d42bdae2d9	13	105752488	114342922	6077	-0.1073
fd63fcef-ebac-4386-beb6-29d42bdae2d9	14	18239283	19957350	169	0.0923
fd63fcef-ebac-4386-beb6-29d42bdae2d9	14	19957701	20142052	121	-0.2927
fd63fcef-ebac-4386-beb6-29d42bdae2d9	14	20149712	20517275	291	-0.0243
fd63fcef-ebac-4386-beb6-29d42bdae2d9	14	20517781	20877548	295	-0.3292
fd63fcef-ebac-4386-beb6-29d42bdae2d9	14	20880514	20945196	27	0.1081
fd63fcef-ebac-4386-beb6-29d42bdae2d9	14	20948875	23975620	1967	-0.2768
fd63fcef-ebac-4386-beb6-29d42bdae2d9	14	23975769	24030782	43	0.0172
fd63fcef-ebac-4386-beb6-29d42bdae2d9	14	24030894	41168226	10833	-0.2806
fd63fcef-ebac-4386-beb6-29d42bdae2d9	14	41168612	41184774	2	-2.1248
fd63fcef-ebac-4386-beb6-29d42bdae2d9	14	41188046	42643668	922	-0.2763
fd63fcef-ebac-4386-beb6-29d42bdae2d9	14	42644584	105588560	40143	-0.0242
fd63fcef-ebac-4386-beb6-29d42bdae2d9	14	105612353	105784769	32	0.3977
fd63fcef-ebac-4386-beb6-29d42bdae2d9	14	105784824	106416146	231	0.0249
fd63fcef-ebac-4386-beb6-29d42bdae2d9	14	106418444	106475361	51	0.2612
fd63fcef-ebac-4386-beb6-29d42bdae2d9	14	106487515	106877229	193	-0.0148
fd63fcef-ebac-4386-beb6-29d42bdae2d9	15	19811075	19879999	11	0.1771
fd63fcef-ebac-4386-beb6-29d42bdae2d9	15	19882777	19947475	16	0.7092
fd63fcef-ebac-4386-beb6-29d42bdae2d9	15	19950385	20059033	24	-0.1518
fd63fcef-ebac-4386-beb6-29d42bdae2d9	15	20060725	20373168	37	-0.5388
fd63fcef-ebac-4386-beb6-29d42bdae2d9	15	20376198	20376309	6	0.6418
fd63fcef-ebac-4386-beb6-29d42bdae2d9	15	20376311	21272760	80	-0.6396
fd63fcef-ebac-4386-beb6-29d42bdae2d9	15	21417107	24435590	1029	-0.1195
fd63fcef-ebac-4386-beb6-29d42bdae2d9	15	24435889	24462170	18	-1.6639
fd63fcef-ebac-4386-beb6-29d42bdae2d9	15	24467876	24473026	9	-0.7095
fd63fcef-ebac-4386-beb6-29d42bdae2d9	15	24473449	28289262	2748	-0.1254
fd63fcef-ebac-4386-beb6-29d42bdae2d9	15	28294842	28720086	25	0.3594
fd63fcef-ebac-4386-beb6-29d42bdae2d9	15	28724138	30488460	855	-0.1175
fd63fcef-ebac-4386-beb6-29d42bdae2d9	15	30500366	30608675	5	0.8866
fd63fcef-ebac-4386-beb6-29d42bdae2d9	15	30621384	32151854	1043	-0.1438
fd63fcef-ebac-4386-beb6-29d42bdae2d9	15	32179735	32584783	34	0.1728
fd63fcef-ebac-4386-beb6-29d42bdae2d9	15	32610782	43345297	7116	-0.1499
fd63fcef-ebac-4386-beb6-29d42bdae2d9	15	43345787	47914023	2571	-0.0973
fd63fcef-ebac-4386-beb6-29d42bdae2d9	15	47916046	47916337	3	-0.9969
fd63fcef-ebac-4386-beb6-29d42bdae2d9	15	47917521	56499688	5498	-0.0956
fd63fcef-ebac-4386-beb6-29d42bdae2d9	15	56499703	56509425	9	-0.9153
fd63fcef-ebac-4386-beb6-29d42bdae2d9	15	56509503	84563088	17384	-0.1055
fd63fcef-ebac-4386-beb6-29d42bdae2d9	15	84563687	84571696	2	1.19
fd63fcef-ebac-4386-beb6-29d42bdae2d9	15	84572571	85801118	743	-0.0963
fd63fcef-ebac-4386-beb6-29d42bdae2d9	15	85801203	85802220	6	0.7035
fd63fcef-ebac-4386-beb6-29d42bdae2d9	15	85802299	99790438	10597	-0.1072
fd63fcef-ebac-4386-beb6-29d42bdae2d9	15	99793613	101928837	1622	-0.1922
fd63fcef-ebac-4386-beb6-29d42bdae2d9	16	10777	603152	280	0.2034
fd63fcef-ebac-4386-beb6-29d42bdae2d9	16	603167	13945582	10412	0.1231
fd63fcef-ebac-4386-beb6-29d42bdae2d9	16	13945791	14662430	396	0.1808
fd63fcef-ebac-4386-beb6-29d42bdae2d9	16	14665911	14964501	50	0.4975
fd63fcef-ebac-4386-beb6-29d42bdae2d9	16	14965488	19933041	2325	0.18
fd63fcef-ebac-4386-beb6-29d42bdae2d9	16	19934328	19954510	27	-0.8577
fd63fcef-ebac-4386-beb6-29d42bdae2d9	16	19954553	20453198	383	0.1402
fd63fcef-ebac-4386-beb6-29d42bdae2d9	16	20453209	20489224	21	0.4594
fd63fcef-ebac-4386-beb6-29d42bdae2d9	16	20501459	21255248	441	0.1132
fd63fcef-ebac-4386-beb6-29d42bdae2d9	16	21257601	22926857	697	0.198
fd63fcef-ebac-4386-beb6-29d42bdae2d9	16	22927178	28593847	3858	0.1206
fd63fcef-ebac-4386-beb6-29d42bdae2d9	16	28593997	30779142	570	0.2285
fd63fcef-ebac-4386-beb6-29d42bdae2d9	16	30791106	31937283	477	0.1222
fd63fcef-ebac-4386-beb6-29d42bdae2d9	16	31944599	32295899	34	0.4554
fd63fcef-ebac-4386-beb6-29d42bdae2d9	16	32383608	33340712	37	-0.3976
fd63fcef-ebac-4386-beb6-29d42bdae2d9	16	33640096	35214946	150	0.2072
fd63fcef-ebac-4386-beb6-29d42bdae2d9	16	35215237	35526596	174	0.5496
fd63fcef-ebac-4386-beb6-29d42bdae2d9	16	35530722	35878364	108	0.261
fd63fcef-ebac-4386-beb6-29d42bdae2d9	16	35884240	58808347	8312	0.1201
fd63fcef-ebac-4386-beb6-29d42bdae2d9	16	58809060	58809200	2	-1.1073
fd63fcef-ebac-4386-beb6-29d42bdae2d9	16	58812947	58909081	73	0.0935
fd63fcef-ebac-4386-beb6-29d42bdae2d9	16	58913571	58913944	2	-1.1588
fd63fcef-ebac-4386-beb6-29d42bdae2d9	16	58914327	69943506	6817	0.1141
fd63fcef-ebac-4386-beb6-29d42bdae2d9	16	69943532	70105639	35	0.3014
fd63fcef-ebac-4386-beb6-29d42bdae2d9	16	70117657	70212430	20	0.612
fd63fcef-ebac-4386-beb6-29d42bdae2d9	16	70212436	74330125	2286	0.11
fd63fcef-ebac-4386-beb6-29d42bdae2d9	16	74330951	74432937	18	0.6231
fd63fcef-ebac-4386-beb6-29d42bdae2d9	16	74433007	80745666	6050	0.1091
fd63fcef-ebac-4386-beb6-29d42bdae2d9	16	80747455	84360636	3818	0.1356
fd63fcef-ebac-4386-beb6-29d42bdae2d9	16	84361955	84362668	2	-1.1185
fd63fcef-ebac-4386-beb6-29d42bdae2d9	16	84366067	86272491	1592	0.1537
fd63fcef-ebac-4386-beb6-29d42bdae2d9	16	86273004	87327787	1099	0.102
fd63fcef-ebac-4386-beb6-29d42bdae2d9	16	87328225	87328258	2	-1.6068
fd63fcef-ebac-4386-beb6-29d42bdae2d9	16	87330772	90096867	1254	0.1495
fd63fcef-ebac-4386-beb6-29d42bdae2d9	17	150733	209373	30	-0.4638
fd63fcef-ebac-4386-beb6-29d42bdae2d9	17	209970	1217096	514	0.1724
fd63fcef-ebac-4386-beb6-29d42bdae2d9	17	1218553	3198445	1029	-0.1496
fd63fcef-ebac-4386-beb6-29d42bdae2d9	17	3204193	3344132	103	0.1053
fd63fcef-ebac-4386-beb6-29d42bdae2d9	17	3363511	5865469	1415	-0.1716
fd63fcef-ebac-4386-beb6-29d42bdae2d9	17	5865609	5868042	6	0.2966
fd63fcef-ebac-4386-beb6-29d42bdae2d9	17	5868956	5873703	6	-0.2564
fd63fcef-ebac-4386-beb6-29d42bdae2d9	17	5873893	5930626	37	0.098
fd63fcef-ebac-4386-beb6-29d42bdae2d9	17	5934472	10049010	2604	-0.1681
fd63fcef-ebac-4386-beb6-29d42bdae2d9	17	10049218	10140499	67	0.2107
fd63fcef-ebac-4386-beb6-29d42bdae2d9	17	10140797	12319432	1610	-0.1491
fd63fcef-ebac-4386-beb6-29d42bdae2d9	17	12319826	12418877	68	0.1452
fd63fcef-ebac-4386-beb6-29d42bdae2d9	17	12423099	15000254	2064	-0.1492
fd63fcef-ebac-4386-beb6-29d42bdae2d9	17	15001413	15124433	112	0.1136
fd63fcef-ebac-4386-beb6-29d42bdae2d9	17	15131524	18455632	1717	-0.1298
fd63fcef-ebac-4386-beb6-29d42bdae2d9	17	18455635	18508083	13	-1.0798
fd63fcef-ebac-4386-beb6-29d42bdae2d9	17	18508609	26960035	1494	-0.107
fd63fcef-ebac-4386-beb6-29d42bdae2d9	17	26970127	27894174	512	0.3237
fd63fcef-ebac-4386-beb6-29d42bdae2d9	17	27894573	28011680	74	0.5015
fd63fcef-ebac-4386-beb6-29d42bdae2d9	17	28014594	28452035	184	0.3283
fd63fcef-ebac-4386-beb6-29d42bdae2d9	17	28454323	28455301	2	-2.148
fd63fcef-ebac-4386-beb6-29d42bdae2d9	17	28462253	28876048	155	0.3482
fd63fcef-ebac-4386-beb6-29d42bdae2d9	17	28876499	29034365	86	0.56
fd63fcef-ebac-4386-beb6-29d42bdae2d9	17	29035521	32148412	1366	0.3312
fd63fcef-ebac-4386-beb6-29d42bdae2d9	17	32153161	32341412	112	-0.1489
fd63fcef-ebac-4386-beb6-29d42bdae2d9	17	32354205	33068274	458	0.3659
fd63fcef-ebac-4386-beb6-29d42bdae2d9	17	33071828	36917188	2824	-0.1271
fd63fcef-ebac-4386-beb6-29d42bdae2d9	17	36924242	37416083	293	0.8497
fd63fcef-ebac-4386-beb6-29d42bdae2d9	17	37419035	37419555	2	-0.8781
fd63fcef-ebac-4386-beb6-29d42bdae2d9	17	37425380	37533494	58	0.8535
fd63fcef-ebac-4386-beb6-29d42bdae2d9	17	37534768	37701292	115	1.367
fd63fcef-ebac-4386-beb6-29d42bdae2d9	17	37705488	37884738	125	1.0342
fd63fcef-ebac-4386-beb6-29d42bdae2d9	17	38254377	38262539	4	1.6749
fd63fcef-ebac-4386-beb6-29d42bdae2d9	17	38268986	39208740	441	2.0067
fd63fcef-ebac-4386-beb6-29d42bdae2d9	17	39214442	39832796	319	2.5622
fd63fcef-ebac-4386-beb6-29d42bdae2d9	17	39835765	41094387	682	-0.2424
fd63fcef-ebac-4386-beb6-29d42bdae2d9	17	41095014	41132951	12	-0.6115
fd63fcef-ebac-4386-beb6-29d42bdae2d9	17	41133064	41266851	90	-0.2197
fd63fcef-ebac-4386-beb6-29d42bdae2d9	17	41266901	41267053	4	-0.8306
fd63fcef-ebac-4386-beb6-29d42bdae2d9	17	41267068	41273905	10	-0.0313
fd63fcef-ebac-4386-beb6-29d42bdae2d9	17	41273921	41273934	2	-1.3788
fd63fcef-ebac-4386-beb6-29d42bdae2d9	17	41274198	43109546	1050	-0.2316
fd63fcef-ebac-4386-beb6-29d42bdae2d9	17	43111997	43118325	15	0.1521
fd63fcef-ebac-4386-beb6-29d42bdae2d9	17	43123650	45472160	1079	-0.2625
fd63fcef-ebac-4386-beb6-29d42bdae2d9	17	45474517	45577724	12	0.4426
fd63fcef-ebac-4386-beb6-29d42bdae2d9	17	45579014	46084941	341	-0.2038
fd63fcef-ebac-4386-beb6-29d42bdae2d9	17	46085231	46218468	110	-0.7096
fd63fcef-ebac-4386-beb6-29d42bdae2d9	17	46234104	47472252	426	-0.2712
fd63fcef-ebac-4386-beb6-29d42bdae2d9	17	47472901	47567440	25	0.2432
fd63fcef-ebac-4386-beb6-29d42bdae2d9	17	47575998	50212700	1395	-0.2679
fd63fcef-ebac-4386-beb6-29d42bdae2d9	17	50213651	50284646	33	0.0761
fd63fcef-ebac-4386-beb6-29d42bdae2d9	17	50287058	50535168	160	-0.2866
fd63fcef-ebac-4386-beb6-29d42bdae2d9	17	50536440	50632580	43	0.0896
fd63fcef-ebac-4386-beb6-29d42bdae2d9	17	50642042	52583255	1302	-0.2065
fd63fcef-ebac-4386-beb6-29d42bdae2d9	17	52588023	52588461	2	1.021
fd63fcef-ebac-4386-beb6-29d42bdae2d9	17	52588697	52780865	145	-0.1872
fd63fcef-ebac-4386-beb6-29d42bdae2d9	17	52781114	52799902	15	0.1848
fd63fcef-ebac-4386-beb6-29d42bdae2d9	17	52800429	52832250	24	-0.1583
fd63fcef-ebac-4386-beb6-29d42bdae2d9	17	52832260	54502491	1015	-0.2702
fd63fcef-ebac-4386-beb6-29d42bdae2d9	17	54502513	54792895	197	0.0781
fd63fcef-ebac-4386-beb6-29d42bdae2d9	17	54793153	56304027	1236	-0.2293
fd63fcef-ebac-4386-beb6-29d42bdae2d9	17	56304390	57221098	689	-0.3698
fd63fcef-ebac-4386-beb6-29d42bdae2d9	17	57222661	57278848	50	-0.0002
fd63fcef-ebac-4386-beb6-29d42bdae2d9	17	57278980	58770639	949	-0.3324
fd63fcef-ebac-4386-beb6-29d42bdae2d9	17	58771923	59431989	289	0.7286
fd63fcef-ebac-4386-beb6-29d42bdae2d9	17	59438106	59678652	117	0.2719
fd63fcef-ebac-4386-beb6-29d42bdae2d9	17	59679541	59869521	78	0.4729
fd63fcef-ebac-4386-beb6-29d42bdae2d9	17	59870053	60106195	96	0.2838
fd63fcef-ebac-4386-beb6-29d42bdae2d9	17	60107179	61442749	690	0.0211
fd63fcef-ebac-4386-beb6-29d42bdae2d9	17	61445864	61568224	77	0.2732
fd63fcef-ebac-4386-beb6-29d42bdae2d9	17	61580759	61921072	166	0.0064
fd63fcef-ebac-4386-beb6-29d42bdae2d9	17	61926943	62078539	65	0.3321
fd63fcef-ebac-4386-beb6-29d42bdae2d9	17	62080969	62320919	115	0.4548
fd63fcef-ebac-4386-beb6-29d42bdae2d9	17	62321140	63361904	460	0.3113
fd63fcef-ebac-4386-beb6-29d42bdae2d9	17	63367524	63498784	66	0.5157
fd63fcef-ebac-4386-beb6-29d42bdae2d9	17	63505018	66754027	1852	0.3169
fd63fcef-ebac-4386-beb6-29d42bdae2d9	17	66759387	66958189	179	0.5512
fd63fcef-ebac-4386-beb6-29d42bdae2d9	17	66959616	71636011	3161	0.3234
fd63fcef-ebac-4386-beb6-29d42bdae2d9	17	71638534	73838033	1705	0.024
fd63fcef-ebac-4386-beb6-29d42bdae2d9	17	73838553	74711717	564	0.1224
fd63fcef-ebac-4386-beb6-29d42bdae2d9	17	74715289	76487619	787	0.0036
fd63fcef-ebac-4386-beb6-29d42bdae2d9	17	76491653	76567093	46	0.2567
fd63fcef-ebac-4386-beb6-29d42bdae2d9	17	76567571	76692805	92	-0.0308
fd63fcef-ebac-4386-beb6-29d42bdae2d9	17	76692864	76705635	6	0.7274
fd63fcef-ebac-4386-beb6-29d42bdae2d9	17	76705685	77186090	283	0.0361
fd63fcef-ebac-4386-beb6-29d42bdae2d9	17	77188473	77305837	72	0.2458
fd63fcef-ebac-4386-beb6-29d42bdae2d9	17	77307792	82403670	2525	0.0266
fd63fcef-ebac-4386-beb6-29d42bdae2d9	17	82408938	82492261	38	0.3712
fd63fcef-ebac-4386-beb6-29d42bdae2d9	17	82494788	82582848	69	-0.0103
fd63fcef-ebac-4386-beb6-29d42bdae2d9	17	82582967	82583094	3	-0.7837
fd63fcef-ebac-4386-beb6-29d42bdae2d9	17	82584781	82959812	202	0.0269
fd63fcef-ebac-4386-beb6-29d42bdae2d9	17	82962720	83091923	61	0.3925
fd63fcef-ebac-4386-beb6-29d42bdae2d9	18	48133	14100458	10030	-0.1482
fd63fcef-ebac-4386-beb6-29d42bdae2d9	18	14101338	14335073	49	0.1791
fd63fcef-ebac-4386-beb6-29d42bdae2d9	18	14336537	15092487	252	-0.0351
fd63fcef-ebac-4386-beb6-29d42bdae2d9	18	15098542	15402409	62	0.2236
fd63fcef-ebac-4386-beb6-29d42bdae2d9	18	20949392	71378886	33673	-0.1373
fd63fcef-ebac-4386-beb6-29d42bdae2d9	18	71380423	73663448	1803	-0.2022
fd63fcef-ebac-4386-beb6-29d42bdae2d9	18	73665773	76724782	2449	-0.1521
fd63fcef-ebac-4386-beb6-29d42bdae2d9	18	76725723	76743304	16	0.2849
fd63fcef-ebac-4386-beb6-29d42bdae2d9	18	76752646	80005618	2172	-0.159
fd63fcef-ebac-4386-beb6-29d42bdae2d9	18	80005769	80026054	12	0.3689
fd63fcef-ebac-4386-beb6-29d42bdae2d9	18	80026210	80257174	142	-0.1417
fd63fcef-ebac-4386-beb6-29d42bdae2d9	19	90910	19720735	8491	-0.0685
fd63fcef-ebac-4386-beb6-29d42bdae2d9	19	19724944	21060689	779	0.0562
fd63fcef-ebac-4386-beb6-29d42bdae2d9	19	21061057	24021981	1705	-0.0571
fd63fcef-ebac-4386-beb6-29d42bdae2d9	19	24022760	27707365	246	0.0974
fd63fcef-ebac-4386-beb6-29d42bdae2d9	19	27707531	27825364	50	-0.0808
fd63fcef-ebac-4386-beb6-29d42bdae2d9	19	27826435	35364451	5423	-0.1346
fd63fcef-ebac-4386-beb6-29d42bdae2d9	19	35364547	35385420	29	0.1772
fd63fcef-ebac-4386-beb6-29d42bdae2d9	19	35385973	36355827	436	-0.1193
fd63fcef-ebac-4386-beb6-29d42bdae2d9	19	36356476	36356596	5	-1.0597
fd63fcef-ebac-4386-beb6-29d42bdae2d9	19	36356735	42711176	3208	-0.1335
fd63fcef-ebac-4386-beb6-29d42bdae2d9	19	42712819	42858500	49	0.4686
fd63fcef-ebac-4386-beb6-29d42bdae2d9	19	42864783	43105847	107	0.1847
fd63fcef-ebac-4386-beb6-29d42bdae2d9	19	43106863	43143826	23	-0.1631
fd63fcef-ebac-4386-beb6-29d42bdae2d9	19	43148671	43390966	105	0.0735
fd63fcef-ebac-4386-beb6-29d42bdae2d9	19	43398752	44402845	689	-0.1305
fd63fcef-ebac-4386-beb6-29d42bdae2d9	19	44403018	44425461	12	0.5022
fd63fcef-ebac-4386-beb6-29d42bdae2d9	19	44425604	51628560	3381	-0.137
fd63fcef-ebac-4386-beb6-29d42bdae2d9	19	51639099	51644944	11	-0.917
fd63fcef-ebac-4386-beb6-29d42bdae2d9	19	51651652	52706243	710	-0.1417
fd63fcef-ebac-4386-beb6-29d42bdae2d9	19	52707688	52982493	202	0.0682
fd63fcef-ebac-4386-beb6-29d42bdae2d9	19	52982662	53444288	341	-0.0984
fd63fcef-ebac-4386-beb6-29d42bdae2d9	19	53444305	53887334	309	0.0163
fd63fcef-ebac-4386-beb6-29d42bdae2d9	19	53887867	54215136	168	-0.162
fd63fcef-ebac-4386-beb6-29d42bdae2d9	19	54226329	54237429	15	0.3884
fd63fcef-ebac-4386-beb6-29d42bdae2d9	19	54237443	54736528	267	-0.1167
fd63fcef-ebac-4386-beb6-29d42bdae2d9	19	54736640	54866994	46	0.1765
fd63fcef-ebac-4386-beb6-29d42bdae2d9	19	54867066	55771169	434	-0.132
fd63fcef-ebac-4386-beb6-29d42bdae2d9	19	55771663	55771701	2	-2.0095
fd63fcef-ebac-4386-beb6-29d42bdae2d9	19	55774927	58445394	1792	-0.1337
fd63fcef-ebac-4386-beb6-29d42bdae2d9	19	58449114	58586487	43	0.0162
fd63fcef-ebac-4386-beb6-29d42bdae2d9	20	80664	1577717	1187	0.1596
fd63fcef-ebac-4386-beb6-29d42bdae2d9	20	1578859	1609611	51	0.7459
fd63fcef-ebac-4386-beb6-29d42bdae2d9	20	1609809	4040298	1678	0.1262
fd63fcef-ebac-4386-beb6-29d42bdae2d9	20	4040488	4076904	47	0.4076
fd63fcef-ebac-4386-beb6-29d42bdae2d9	20	4077030	8180870	3159	0.1262
fd63fcef-ebac-4386-beb6-29d42bdae2d9	20	8184751	8513302	257	0.0279
fd63fcef-ebac-4386-beb6-29d42bdae2d9	20	8513613	26229118	13575	0.1346
fd63fcef-ebac-4386-beb6-29d42bdae2d9	20	26229816	26242063	4	0.9591
fd63fcef-ebac-4386-beb6-29d42bdae2d9	20	26243033	30193847	37	0.2399
fd63fcef-ebac-4386-beb6-29d42bdae2d9	20	30206919	30214279	3	-1.0353
fd63fcef-ebac-4386-beb6-29d42bdae2d9	20	30219666	30259177	10	-0.2182
fd63fcef-ebac-4386-beb6-29d42bdae2d9	20	30271154	30417073	33	0.364
fd63fcef-ebac-4386-beb6-29d42bdae2d9	20	31247246	38602493	3811	0.1161
fd63fcef-ebac-4386-beb6-29d42bdae2d9	20	38603064	48988834	7464	0.2265
fd63fcef-ebac-4386-beb6-29d42bdae2d9	20	48989433	60990189	9223	0.0896
fd63fcef-ebac-4386-beb6-29d42bdae2d9	20	60993969	61015145	50	0.5336
fd63fcef-ebac-4386-beb6-29d42bdae2d9	20	61015428	63112503	1280	0.0936
fd63fcef-ebac-4386-beb6-29d42bdae2d9	20	63112536	63112931	2	1.3241
fd63fcef-ebac-4386-beb6-29d42bdae2d9	20	63113370	64324800	461	0.1576
fd63fcef-ebac-4386-beb6-29d42bdae2d9	21	10354168	13028693	97	0.0714
fd63fcef-ebac-4386-beb6-29d42bdae2d9	21	13080541	18685980	3450	0.3278
fd63fcef-ebac-4386-beb6-29d42bdae2d9	21	18686280	24279749	4374	0.2853
fd63fcef-ebac-4386-beb6-29d42bdae2d9	21	24279976	35212772	7809	0.3176
fd63fcef-ebac-4386-beb6-29d42bdae2d9	21	35213745	36163974	728	0.3723
fd63fcef-ebac-4386-beb6-29d42bdae2d9	21	36165665	36249804	77	0.5307
fd63fcef-ebac-4386-beb6-29d42bdae2d9	21	36250617	38912502	2077	0.3553
fd63fcef-ebac-4386-beb6-29d42bdae2d9	21	38913462	39054403	152	0.6213
fd63fcef-ebac-4386-beb6-29d42bdae2d9	21	39054525	43264710	3332	0.3708
fd63fcef-ebac-4386-beb6-29d42bdae2d9	21	43270082	43575190	76	0.5795
fd63fcef-ebac-4386-beb6-29d42bdae2d9	21	43576930	46570275	1584	0.383
fd63fcef-ebac-4386-beb6-29d42bdae2d9	21	46570289	46585039	8	-0.1242
fd63fcef-ebac-4386-beb6-29d42bdae2d9	21	46585176	46677045	81	0.3878
fd63fcef-ebac-4386-beb6-29d42bdae2d9	22	15294547	16914720	226	0.2283
fd63fcef-ebac-4386-beb6-29d42bdae2d9	22	16914810	18119846	865	0.1312
fd63fcef-ebac-4386-beb6-29d42bdae2d9	22	18121299	23971545	3293	0.2111
fd63fcef-ebac-4386-beb6-29d42bdae2d9	22	23971577	23989773	6	-0.5149
fd63fcef-ebac-4386-beb6-29d42bdae2d9	22	23990431	24475815	253	0.1357
fd63fcef-ebac-4386-beb6-29d42bdae2d9	22	24480832	24480878	2	-1.8019
fd63fcef-ebac-4386-beb6-29d42bdae2d9	22	24481324	25225896	536	0.1177
fd63fcef-ebac-4386-beb6-29d42bdae2d9	22	25226475	25514588	288	0.2174
fd63fcef-ebac-4386-beb6-29d42bdae2d9	22	25514619	38891229	9710	0.1185
fd63fcef-ebac-4386-beb6-29d42bdae2d9	22	38891332	39023848	87	0.3021
fd63fcef-ebac-4386-beb6-29d42bdae2d9	22	39028509	39509946	214	0.1069
fd63fcef-ebac-4386-beb6-29d42bdae2d9	22	39510653	39765317	128	0.3579
fd63fcef-ebac-4386-beb6-29d42bdae2d9	22	39766936	40397256	333	0.1216
fd63fcef-ebac-4386-beb6-29d42bdae2d9	22	40398586	40398816	2	-1.2258
fd63fcef-ebac-4386-beb6-29d42bdae2d9	22	40401668	48940621	6121	0.1244
fd63fcef-ebac-4386-beb6-29d42bdae2d9	22	48942510	50796027	1192	0.2113
fd63fcef-ebac-4386-beb6-29d42bdae2d9	X	251810	8711287	4589	-0.0056
fd63fcef-ebac-4386-beb6-29d42bdae2d9	X	8711576	9404127	486	0.0227
fd63fcef-ebac-4386-beb6-29d42bdae2d9	X	9407832	9408195	2	2.1363
fd63fcef-ebac-4386-beb6-29d42bdae2d9	X	9416190	33007633	15397	0.0267
fd63fcef-ebac-4386-beb6-29d42bdae2d9	X	33008639	33212364	149	-0.1591
fd63fcef-ebac-4386-beb6-29d42bdae2d9	X	33212811	48235803	8455	0.0221
fd63fcef-ebac-4386-beb6-29d42bdae2d9	X	48236567	48431823	47	0.304
fd63fcef-ebac-4386-beb6-29d42bdae2d9	X	48442563	55674826	2925	0.0288
fd63fcef-ebac-4386-beb6-29d42bdae2d9	X	55676226	55676882	2	-2.4101
fd63fcef-ebac-4386-beb6-29d42bdae2d9	X	55681123	58165934	1212	0.0376
fd63fcef-ebac-4386-beb6-29d42bdae2d9	X	58166093	58450101	83	0.2691
fd63fcef-ebac-4386-beb6-29d42bdae2d9	X	58454123	75869911	5749	0.0123
fd63fcef-ebac-4386-beb6-29d42bdae2d9	X	75875536	75979843	54	0.2692
fd63fcef-ebac-4386-beb6-29d42bdae2d9	X	75980361	99727406	12368	0.0102
fd63fcef-ebac-4386-beb6-29d42bdae2d9	X	99728041	101062101	731	0.0727
fd63fcef-ebac-4386-beb6-29d42bdae2d9	X	101063428	101067190	2	1.094
fd63fcef-ebac-4386-beb6-29d42bdae2d9	X	101067757	101805604	416	0.074
fd63fcef-ebac-4386-beb6-29d42bdae2d9	X	101813188	104015626	1044	0.0123
fd63fcef-ebac-4386-beb6-29d42bdae2d9	X	104015914	104016362	5	0.7168
fd63fcef-ebac-4386-beb6-29d42bdae2d9	X	104021983	104048783	29	-0.0484
fd63fcef-ebac-4386-beb6-29d42bdae2d9	X	104050707	104093255	19	0.3602
fd63fcef-ebac-4386-beb6-29d42bdae2d9	X	104098533	114923175	5775	-0.0006
fd63fcef-ebac-4386-beb6-29d42bdae2d9	X	114925400	114944132	14	0.5276
fd63fcef-ebac-4386-beb6-29d42bdae2d9	X	114944401	117389291	1359	0.018
fd63fcef-ebac-4386-beb6-29d42bdae2d9	X	117390180	117428310	37	0.2771
fd63fcef-ebac-4386-beb6-29d42bdae2d9	X	117432346	126074138	5105	-0.0057
fd63fcef-ebac-4386-beb6-29d42bdae2d9	X	126074555	126082204	10	-0.5967
fd63fcef-ebac-4386-beb6-29d42bdae2d9	X	126083431	155952689	17458	-0.0052
fd63fcef-ebac-4386-beb6-29d42bdae2d9	Y	2782397	6167430	747	-2.0625
fd63fcef-ebac-4386-beb6-29d42bdae2d9	Y	6171310	6171622	2	-7.5123
fd63fcef-ebac-4386-beb6-29d42bdae2d9	Y	6180233	6233384	33	-1.8841
fd63fcef-ebac-4386-beb6-29d42bdae2d9	Y	6249869	9330531	1444	-2.5123
fd63fcef-ebac-4386-beb6-29d42bdae2d9	Y	9332936	9553467	24	-4.2098
fd63fcef-ebac-4386-beb6-29d42bdae2d9	Y	9554275	10090113	149	-2.5202
fd63fcef-ebac-4386-beb6-29d42bdae2d9	Y	10092079	10203195	33	-1.439
fd63fcef-ebac-4386-beb6-29d42bdae2d9	Y	10207511	12689734	478	-2.2939
fd63fcef-ebac-4386-beb6-29d42bdae2d9	Y	12692148	12694077	3	-6.5522
fd63fcef-ebac-4386-beb6-29d42bdae2d9	Y	12697958	12912709	99	-2.371
fd63fcef-ebac-4386-beb6-29d42bdae2d9	Y	12914512	12918905	5	-6.0079
fd63fcef-ebac-4386-beb6-29d42bdae2d9	Y	12920376	13478396	246	-2.3939
fd63fcef-ebac-4386-beb6-29d42bdae2d9	Y	13478462	13482643	3	-7.6945
fd63fcef-ebac-4386-beb6-29d42bdae2d9	Y	13483009	23586854	3176	-2.4877
fd63fcef-ebac-4386-beb6-29d42bdae2d9	Y	23784615	56872112	191	-2.0562
