GDC_Aliquot	Chromosome	Start	End	Num_Probes	Segment_Mean
3285e0c3-243c-41ac-b930-880af2f6ab87	1	62920	1958847	326	0.0819
3285e0c3-243c-41ac-b930-880af2f6ab87	1	1959113	3298168	411	-0.0395
3285e0c3-243c-41ac-b930-880af2f6ab87	1	3301765	4831543	1116	0.103
3285e0c3-243c-41ac-b930-880af2f6ab87	1	4834078	4834084	2	-1.2678
3285e0c3-243c-41ac-b930-880af2f6ab87	1	4834890	12294250	4366	0.0904
3285e0c3-243c-41ac-b930-880af2f6ab87	1	12295430	12295446	2	-1.277
3285e0c3-243c-41ac-b930-880af2f6ab87	1	12297031	15720096	2044	0.1124
3285e0c3-243c-41ac-b930-880af2f6ab87	1	15721543	15721617	2	-1.0337
3285e0c3-243c-41ac-b930-880af2f6ab87	1	15721619	15822042	61	0.1113
3285e0c3-243c-41ac-b930-880af2f6ab87	1	15822508	15841304	18	0.5265
3285e0c3-243c-41ac-b930-880af2f6ab87	1	15841360	16679483	327	0.092
3285e0c3-243c-41ac-b930-880af2f6ab87	1	16685961	16949746	79	-0.4414
3285e0c3-243c-41ac-b930-880af2f6ab87	1	16951445	25266637	5260	0.1068
3285e0c3-243c-41ac-b930-880af2f6ab87	1	25269390	25320455	23	0.613
3285e0c3-243c-41ac-b930-880af2f6ab87	1	25336819	34626037	4948	0.0917
3285e0c3-243c-41ac-b930-880af2f6ab87	1	34626073	34638890	21	-0.5913
3285e0c3-243c-41ac-b930-880af2f6ab87	1	34648667	72297687	23761	0.0905
3285e0c3-243c-41ac-b930-880af2f6ab87	1	72302735	72345465	48	0.8134
3285e0c3-243c-41ac-b930-880af2f6ab87	1	72346221	105476583	20954	0.088
3285e0c3-243c-41ac-b930-880af2f6ab87	1	105476614	105479738	15	1.0036
3285e0c3-243c-41ac-b930-880af2f6ab87	1	105479753	108223733	1960	0.1005
3285e0c3-243c-41ac-b930-880af2f6ab87	1	108226680	108274557	2	1.3897
3285e0c3-243c-41ac-b930-880af2f6ab87	1	108310648	109108688	399	0.1278
3285e0c3-243c-41ac-b930-880af2f6ab87	1	109109521	109117063	2	-1.8563
3285e0c3-243c-41ac-b930-880af2f6ab87	1	109117281	109690352	275	0.0662
3285e0c3-243c-41ac-b930-880af2f6ab87	1	109690415	109697556	12	1.3708
3285e0c3-243c-41ac-b930-880af2f6ab87	1	109702376	111622027	1502	0.0687
3285e0c3-243c-41ac-b930-880af2f6ab87	1	111624587	111628891	5	-0.9043
3285e0c3-243c-41ac-b930-880af2f6ab87	1	111632283	112163583	477	0.0983
3285e0c3-243c-41ac-b930-880af2f6ab87	1	112163591	112163596	2	-1.341
3285e0c3-243c-41ac-b930-880af2f6ab87	1	112166431	114289343	1314	0.0872
3285e0c3-243c-41ac-b930-880af2f6ab87	1	114291004	114291088	2	-1.9144
3285e0c3-243c-41ac-b930-880af2f6ab87	1	114291180	196745743	35980	0.0787
3285e0c3-243c-41ac-b930-880af2f6ab87	1	196758720	196846661	61	-2.0091
3285e0c3-243c-41ac-b930-880af2f6ab87	1	196847600	201811267	3268	0.0819
3285e0c3-243c-41ac-b930-880af2f6ab87	1	201814592	201820577	6	0.5906
3285e0c3-243c-41ac-b930-880af2f6ab87	1	201821142	201867633	26	0.9202
3285e0c3-243c-41ac-b930-880af2f6ab87	1	201870870	209897717	5485	0.5552
3285e0c3-243c-41ac-b930-880af2f6ab87	1	209908268	209908720	2	-1.5241
3285e0c3-243c-41ac-b930-880af2f6ab87	1	209910639	240228440	21154	0.5667
3285e0c3-243c-41ac-b930-880af2f6ab87	1	240230715	240230824	5	-2.1503
3285e0c3-243c-41ac-b930-880af2f6ab87	1	240230839	248436996	5655	0.5693
3285e0c3-243c-41ac-b930-880af2f6ab87	1	248437495	248546369	27	0.1889
3285e0c3-243c-41ac-b930-880af2f6ab87	1	248550567	248633912	35	-0.646
3285e0c3-243c-41ac-b930-880af2f6ab87	1	248645563	248703602	36	0.5187
3285e0c3-243c-41ac-b930-880af2f6ab87	1	248703943	248709357	4	-1.2212
3285e0c3-243c-41ac-b930-880af2f6ab87	1	248713007	248930189	101	0.5099
3285e0c3-243c-41ac-b930-880af2f6ab87	2	12784	176411	92	-0.0016
3285e0c3-243c-41ac-b930-880af2f6ab87	2	178283	178356	2	-3.1356
3285e0c3-243c-41ac-b930-880af2f6ab87	2	180484	1906775	1136	0.0048
3285e0c3-243c-41ac-b930-880af2f6ab87	2	1908099	7571017	4743	0.0809
3285e0c3-243c-41ac-b930-880af2f6ab87	2	7571096	7574782	3	1.2591
3285e0c3-243c-41ac-b930-880af2f6ab87	2	7575532	27546966	13492	0.0733
3285e0c3-243c-41ac-b930-880af2f6ab87	2	27549148	27556651	6	-0.8284
3285e0c3-243c-41ac-b930-880af2f6ab87	2	27561561	34476516	4618	0.0799
3285e0c3-243c-41ac-b930-880af2f6ab87	2	34476558	34511990	43	0.7372
3285e0c3-243c-41ac-b930-880af2f6ab87	2	34512096	35750907	871	0.071
3285e0c3-243c-41ac-b930-880af2f6ab87	2	35752724	35762881	7	-1.681
3285e0c3-243c-41ac-b930-880af2f6ab87	2	35772407	38146410	1899	0.0746
3285e0c3-243c-41ac-b930-880af2f6ab87	2	38147425	38147954	2	-1.6073
3285e0c3-243c-41ac-b930-880af2f6ab87	2	38148629	87211079	32279	0.0765
3285e0c3-243c-41ac-b930-880af2f6ab87	2	87218694	87218834	2	-1.7093
3285e0c3-243c-41ac-b930-880af2f6ab87	2	87221597	95493335	1203	0.071
3285e0c3-243c-41ac-b930-880af2f6ab87	2	95494068	95535484	19	-0.6758
3285e0c3-243c-41ac-b930-880af2f6ab87	2	95541127	97359885	600	0.0609
3285e0c3-243c-41ac-b930-880af2f6ab87	2	97524284	97545726	9	0.799
3285e0c3-243c-41ac-b930-880af2f6ab87	2	97550415	106258266	5567	0.0648
3285e0c3-243c-41ac-b930-880af2f6ab87	2	106263639	106268901	12	0.7234
3285e0c3-243c-41ac-b930-880af2f6ab87	2	106270799	113604438	3785	0.0631
3285e0c3-243c-41ac-b930-880af2f6ab87	2	113604837	113604839	2	-2.2892
3285e0c3-243c-41ac-b930-880af2f6ab87	2	113623244	131326276	10855	0.0737
3285e0c3-243c-41ac-b930-880af2f6ab87	2	131335459	131338866	7	-0.712
3285e0c3-243c-41ac-b930-880af2f6ab87	2	131339746	131946511	253	0.0729
3285e0c3-243c-41ac-b930-880af2f6ab87	2	131951621	131985669	10	-0.5245
3285e0c3-243c-41ac-b930-880af2f6ab87	2	131988691	134186573	1499	0.0855
3285e0c3-243c-41ac-b930-880af2f6ab87	2	134186606	136839947	1632	0.0272
3285e0c3-243c-41ac-b930-880af2f6ab87	2	136840469	142962382	3986	0.096
3285e0c3-243c-41ac-b930-880af2f6ab87	2	142962773	146518367	2032	0.0232
3285e0c3-243c-41ac-b930-880af2f6ab87	2	146518904	188254196	25507	0.0703
3285e0c3-243c-41ac-b930-880af2f6ab87	2	188255201	188262203	4	-2.5507
3285e0c3-243c-41ac-b930-880af2f6ab87	2	188264331	188703229	189	0.0803
3285e0c3-243c-41ac-b930-880af2f6ab87	2	188704778	188714602	24	-0.6389
3285e0c3-243c-41ac-b930-880af2f6ab87	2	188715816	192376045	2253	0.0586
3285e0c3-243c-41ac-b930-880af2f6ab87	2	192377049	195239155	1467	0.0998
3285e0c3-243c-41ac-b930-880af2f6ab87	2	195241124	202428368	4139	0.0436
3285e0c3-243c-41ac-b930-880af2f6ab87	2	202431052	202447478	41	-0.6213
3285e0c3-243c-41ac-b930-880af2f6ab87	2	202448759	207485467	3124	0.0622
3285e0c3-243c-41ac-b930-880af2f6ab87	2	207485523	207490231	7	-0.2767
3285e0c3-243c-41ac-b930-880af2f6ab87	2	207490454	207490614	2	-1.5056
3285e0c3-243c-41ac-b930-880af2f6ab87	2	207490972	226089732	12085	0.0796
3285e0c3-243c-41ac-b930-880af2f6ab87	2	226092047	226096702	9	-0.8454
3285e0c3-243c-41ac-b930-880af2f6ab87	2	226098982	236144421	6426	0.0702
3285e0c3-243c-41ac-b930-880af2f6ab87	2	236144583	236144591	2	-2.6333
3285e0c3-243c-41ac-b930-880af2f6ab87	2	236144870	242147305	3568	0.0696
3285e0c3-243c-41ac-b930-880af2f6ab87	3	20930	191117	158	0.0537
3285e0c3-243c-41ac-b930-880af2f6ab87	3	193194	193347	2	-1.8915
3285e0c3-243c-41ac-b930-880af2f6ab87	3	193922	1894128	1536	0.093
3285e0c3-243c-41ac-b930-880af2f6ab87	3	1895189	1901249	10	-0.9627
3285e0c3-243c-41ac-b930-880af2f6ab87	3	1904533	4967863	2739	0.0943
3285e0c3-243c-41ac-b930-880af2f6ab87	3	4971135	5409915	309	-0.7432
3285e0c3-243c-41ac-b930-880af2f6ab87	3	5419128	11591829	4908	0.1132
3285e0c3-243c-41ac-b930-880af2f6ab87	3	11592113	11972695	319	-0.7454
3285e0c3-243c-41ac-b930-880af2f6ab87	3	11977201	14422924	1751	0.09
3285e0c3-243c-41ac-b930-880af2f6ab87	3	14423300	14841982	295	-0.741
3285e0c3-243c-41ac-b930-880af2f6ab87	3	14842349	16199049	868	0.0725
3285e0c3-243c-41ac-b930-880af2f6ab87	3	16199122	16199672	5	-1.6283
3285e0c3-243c-41ac-b930-880af2f6ab87	3	16199818	19293535	1811	0.042
3285e0c3-243c-41ac-b930-880af2f6ab87	3	19294310	46035898	18011	0.0946
3285e0c3-243c-41ac-b930-880af2f6ab87	3	46036033	47358421	738	0.063
3285e0c3-243c-41ac-b930-880af2f6ab87	3	47358841	47363961	3	-1.2696
3285e0c3-243c-41ac-b930-880af2f6ab87	3	47367722	49551314	798	0.107
3285e0c3-243c-41ac-b930-880af2f6ab87	3	49552031	50895019	595	-0.6814
3285e0c3-243c-41ac-b930-880af2f6ab87	3	50896384	50913796	5	-2.1673
3285e0c3-243c-41ac-b930-880af2f6ab87	3	50914029	65214027	10462	-0.7486
3285e0c3-243c-41ac-b930-880af2f6ab87	3	65214192	65221269	12	0.1169
3285e0c3-243c-41ac-b930-880af2f6ab87	3	65221656	68697013	2430	-0.7613
3285e0c3-243c-41ac-b930-880af2f6ab87	3	68697108	68698262	14	0.3008
3285e0c3-243c-41ac-b930-880af2f6ab87	3	68699607	77197578	5817	-0.7474
3285e0c3-243c-41ac-b930-880af2f6ab87	3	77199496	84650642	4086	0.1019
3285e0c3-243c-41ac-b930-880af2f6ab87	3	84650720	84652864	9	-0.8051
3285e0c3-243c-41ac-b930-880af2f6ab87	3	84652966	89355950	2712	0.0984
3285e0c3-243c-41ac-b930-880af2f6ab87	3	89355952	89355954	2	1.708
3285e0c3-243c-41ac-b930-880af2f6ab87	3	89355967	90376841	418	0.1115
3285e0c3-243c-41ac-b930-880af2f6ab87	3	90401331	94159770	141	-0.7171
3285e0c3-243c-41ac-b930-880af2f6ab87	3	94161750	125950205	19069	0.077
3285e0c3-243c-41ac-b930-880af2f6ab87	3	125954540	125957120	3	-2.7751
3285e0c3-243c-41ac-b930-880af2f6ab87	3	125961657	130072637	2399	0.066
3285e0c3-243c-41ac-b930-880af2f6ab87	3	130072654	130087393	20	0.5669
3285e0c3-243c-41ac-b930-880af2f6ab87	3	130088081	137309121	4485	0.0669
3285e0c3-243c-41ac-b930-880af2f6ab87	3	137311987	137324378	28	-0.5271
3285e0c3-243c-41ac-b930-880af2f6ab87	3	137328545	145761336	5239	0.077
3285e0c3-243c-41ac-b930-880af2f6ab87	3	145761448	145761775	2	-1.3759
3285e0c3-243c-41ac-b930-880af2f6ab87	3	145762978	162815162	10521	0.0757
3285e0c3-243c-41ac-b930-880af2f6ab87	3	162816942	162822221	4	-0.6671
3285e0c3-243c-41ac-b930-880af2f6ab87	3	162822685	162822702	2	-2.087
3285e0c3-243c-41ac-b930-880af2f6ab87	3	162827928	169012392	3490	0.0851
3285e0c3-243c-41ac-b930-880af2f6ab87	3	169015614	169020840	2	-2.4466
3285e0c3-243c-41ac-b930-880af2f6ab87	3	169022039	172710690	2416	0.0754
3285e0c3-243c-41ac-b930-880af2f6ab87	3	172710718	176434728	2483	0.1217
3285e0c3-243c-41ac-b930-880af2f6ab87	3	176437728	193160113	10827	0.0846
3285e0c3-243c-41ac-b930-880af2f6ab87	3	193160173	193165114	19	1.33
3285e0c3-243c-41ac-b930-880af2f6ab87	3	193168646	195695418	1488	0.0985
3285e0c3-243c-41ac-b930-880af2f6ab87	3	195695420	195747892	37	0.5336
3285e0c3-243c-41ac-b930-880af2f6ab87	3	195751823	198169247	1164	0.0922
3285e0c3-243c-41ac-b930-880af2f6ab87	4	68929	3470639	1398	0.0928
3285e0c3-243c-41ac-b930-880af2f6ab87	4	3471166	3503396	9	-0.6316
3285e0c3-243c-41ac-b930-880af2f6ab87	4	3503721	9455251	3752	0.0983
3285e0c3-243c-41ac-b930-880af2f6ab87	4	9459504	9477699	6	1.1393
3285e0c3-243c-41ac-b930-880af2f6ab87	4	9484440	10208518	537	0.0512
3285e0c3-243c-41ac-b930-880af2f6ab87	4	10208570	10233644	38	-0.6978
3285e0c3-243c-41ac-b930-880af2f6ab87	4	10234518	11664840	1284	0.0678
3285e0c3-243c-41ac-b930-880af2f6ab87	4	11664883	11665177	4	-1.2953
3285e0c3-243c-41ac-b930-880af2f6ab87	4	11669779	33374961	14911	0.0925
3285e0c3-243c-41ac-b930-880af2f6ab87	4	33377514	33384564	11	-0.7073
3285e0c3-243c-41ac-b930-880af2f6ab87	4	33386731	49214614	9773	0.0944
3285e0c3-243c-41ac-b930-880af2f6ab87	4	49289175	49289338	2	-1.8582
3285e0c3-243c-41ac-b930-880af2f6ab87	4	49295203	49654496	16	-0.3173
3285e0c3-243c-41ac-b930-880af2f6ab87	4	49654578	63828222	7567	0.093
3285e0c3-243c-41ac-b930-880af2f6ab87	4	63831751	63842540	28	0.5257
3285e0c3-243c-41ac-b930-880af2f6ab87	4	63850713	68354665	2850	0.0867
3285e0c3-243c-41ac-b930-880af2f6ab87	4	68361130	68639397	90	-0.2799
3285e0c3-243c-41ac-b930-880af2f6ab87	4	68640616	150955199	49320	0.0799
3285e0c3-243c-41ac-b930-880af2f6ab87	4	150955254	150963154	23	-0.6523
3285e0c3-243c-41ac-b930-880af2f6ab87	4	150963158	151091949	59	0.1571
3285e0c3-243c-41ac-b930-880af2f6ab87	4	151092830	151099625	2	-1.8083
3285e0c3-243c-41ac-b930-880af2f6ab87	4	151099962	157805876	4315	0.0739
3285e0c3-243c-41ac-b930-880af2f6ab87	4	157808285	157810177	10	-0.7479
3285e0c3-243c-41ac-b930-880af2f6ab87	4	157810222	160952848	1949	0.0836
3285e0c3-243c-41ac-b930-880af2f6ab87	4	160958866	160963767	22	0.6948
3285e0c3-243c-41ac-b930-880af2f6ab87	4	160963806	172066777	7073	0.0934
3285e0c3-243c-41ac-b930-880af2f6ab87	4	172067997	172068354	10	-1.8648
3285e0c3-243c-41ac-b930-880af2f6ab87	4	172068368	172504076	235	0.0774
3285e0c3-243c-41ac-b930-880af2f6ab87	4	172507191	172507492	4	1.4834
3285e0c3-243c-41ac-b930-880af2f6ab87	4	172519981	190106768	11843	0.0791
3285e0c3-243c-41ac-b930-880af2f6ab87	5	15532	698256	307	0.0043
3285e0c3-243c-41ac-b930-880af2f6ab87	5	698357	819817	37	0.8525
3285e0c3-243c-41ac-b930-880af2f6ab87	5	819921	12819866	9848	0.0907
3285e0c3-243c-41ac-b930-880af2f6ab87	5	12819904	12838421	7	1.0706
3285e0c3-243c-41ac-b930-880af2f6ab87	5	12849089	20418416	4900	0.1024
3285e0c3-243c-41ac-b930-880af2f6ab87	5	20425033	20425511	2	-1.3714
3285e0c3-243c-41ac-b930-880af2f6ab87	5	20428066	20859532	279	0.0626
3285e0c3-243c-41ac-b930-880af2f6ab87	5	20866073	35472266	9058	0.1075
3285e0c3-243c-41ac-b930-880af2f6ab87	5	35473408	44321554	5472	0.0742
3285e0c3-243c-41ac-b930-880af2f6ab87	5	44323478	45364957	474	0.6276
3285e0c3-243c-41ac-b930-880af2f6ab87	5	45377176	46271006	284	0.0377
3285e0c3-243c-41ac-b930-880af2f6ab87	5	46271828	46278110	7	0.9304
3285e0c3-243c-41ac-b930-880af2f6ab87	5	46313245	51907903	870	0.0879
3285e0c3-243c-41ac-b930-880af2f6ab87	5	51909131	51923953	16	0.5266
3285e0c3-243c-41ac-b930-880af2f6ab87	5	51923990	58036689	4211	0.0664
3285e0c3-243c-41ac-b930-880af2f6ab87	5	58036727	58037706	7	-0.7543
3285e0c3-243c-41ac-b930-880af2f6ab87	5	58042530	58659101	437	0.0683
3285e0c3-243c-41ac-b930-880af2f6ab87	5	58659324	58663010	28	-0.7853
3285e0c3-243c-41ac-b930-880af2f6ab87	5	58663305	118050922	35754	0.0805
3285e0c3-243c-41ac-b930-880af2f6ab87	5	118052727	118068645	12	-0.6811
3285e0c3-243c-41ac-b930-880af2f6ab87	5	118071110	126057893	5303	0.0747
3285e0c3-243c-41ac-b930-880af2f6ab87	5	126062135	126064075	6	-0.9669
3285e0c3-243c-41ac-b930-880af2f6ab87	5	126064754	136692104	6373	0.0783
3285e0c3-243c-41ac-b930-880af2f6ab87	5	136692201	136692477	4	-0.9928
3285e0c3-243c-41ac-b930-880af2f6ab87	5	136696897	150822643	8710	0.0696
3285e0c3-243c-41ac-b930-880af2f6ab87	5	150825938	150839042	8	-3.1604
3285e0c3-243c-41ac-b930-880af2f6ab87	5	150843825	177771448	18447	0.0715
3285e0c3-243c-41ac-b930-880af2f6ab87	5	177800550	177805604	3	3.5619
3285e0c3-243c-41ac-b930-880af2f6ab87	5	177827964	179676602	1067	0.1056
3285e0c3-243c-41ac-b930-880af2f6ab87	5	179676725	179681642	17	0.5882
3285e0c3-243c-41ac-b930-880af2f6ab87	5	179683849	180947523	712	0.0941
3285e0c3-243c-41ac-b930-880af2f6ab87	5	180951710	180991103	19	0.7939
3285e0c3-243c-41ac-b930-880af2f6ab87	5	181006225	181363319	169	0.0297
3285e0c3-243c-41ac-b930-880af2f6ab87	6	149661	254267	100	0.0103
3285e0c3-243c-41ac-b930-880af2f6ab87	6	254283	286393	17	0.8606
3285e0c3-243c-41ac-b930-880af2f6ab87	6	290598	381149	85	0.3822
3285e0c3-243c-41ac-b930-880af2f6ab87	6	382559	2604411	1817	0.0668
3285e0c3-243c-41ac-b930-880af2f6ab87	6	2604486	2604964	2	-2.084
3285e0c3-243c-41ac-b930-880af2f6ab87	6	2608562	7603396	4151	0.0707
3285e0c3-243c-41ac-b930-880af2f6ab87	6	7603873	10471029	2129	0.1085
3285e0c3-243c-41ac-b930-880af2f6ab87	6	10473506	16949739	4994	0.056
3285e0c3-243c-41ac-b930-880af2f6ab87	6	16949967	24545026	5507	0.107
3285e0c3-243c-41ac-b930-880af2f6ab87	6	24545079	29876257	2857	0.0634
3285e0c3-243c-41ac-b930-880af2f6ab87	6	29876595	29906865	12	-0.6627
3285e0c3-243c-41ac-b930-880af2f6ab87	6	29906932	30096785	109	0.1052
3285e0c3-243c-41ac-b930-880af2f6ab87	6	30097080	30097542	2	-1.1788
3285e0c3-243c-41ac-b930-880af2f6ab87	6	30097639	31313046	546	0.1143
3285e0c3-243c-41ac-b930-880af2f6ab87	6	31318499	31328674	11	-1.7152
3285e0c3-243c-41ac-b930-880af2f6ab87	6	31342147	32533522	516	0.1168
3285e0c3-243c-41ac-b930-880af2f6ab87	6	32540699	32658841	47	-0.6189
3285e0c3-243c-41ac-b930-880af2f6ab87	6	32682835	32722250	44	0.2102
3285e0c3-243c-41ac-b930-880af2f6ab87	6	32723020	32723035	2	1.7671
3285e0c3-243c-41ac-b930-880af2f6ab87	6	32723053	41651023	5863	0.0844
3285e0c3-243c-41ac-b930-880af2f6ab87	6	41651312	41652139	4	-0.9438
3285e0c3-243c-41ac-b930-880af2f6ab87	6	41652999	73882509	18183	0.0917
3285e0c3-243c-41ac-b930-880af2f6ab87	6	73882741	73891694	9	0.7448
3285e0c3-243c-41ac-b930-880af2f6ab87	6	73893839	78269395	2786	0.098
3285e0c3-243c-41ac-b930-880af2f6ab87	6	78269554	78329517	95	0.3827
3285e0c3-243c-41ac-b930-880af2f6ab87	6	78331916	111493514	20555	0.0789
3285e0c3-243c-41ac-b930-880af2f6ab87	6	111495019	116223884	2889	-0.7693
3285e0c3-243c-41ac-b930-880af2f6ab87	6	116224640	167054312	34064	0.0786
3285e0c3-243c-41ac-b930-880af2f6ab87	6	167058348	170241716	1952	0.0284
3285e0c3-243c-41ac-b930-880af2f6ab87	6	170244076	170741917	234	0.103
3285e0c3-243c-41ac-b930-880af2f6ab87	7	43355	4372775	2298	0.0693
3285e0c3-243c-41ac-b930-880af2f6ab87	7	4377317	4379241	7	-1.2328
3285e0c3-243c-41ac-b930-880af2f6ab87	7	4381830	5892264	754	0.103
3285e0c3-243c-41ac-b930-880af2f6ab87	7	5895161	5916628	6	0.8142
3285e0c3-243c-41ac-b930-880af2f6ab87	7	5925822	6799093	355	0.1354
3285e0c3-243c-41ac-b930-880af2f6ab87	7	6814479	6961976	48	-0.2755
3285e0c3-243c-41ac-b930-880af2f6ab87	7	6962413	19476794	10384	0.095
3285e0c3-243c-41ac-b930-880af2f6ab87	7	19477100	38244598	13510	0.0608
3285e0c3-243c-41ac-b930-880af2f6ab87	7	38246926	38300003	75	0.3627
3285e0c3-243c-41ac-b930-880af2f6ab87	7	38301061	53145660	10184	0.0847
3285e0c3-243c-41ac-b930-880af2f6ab87	7	53146318	53151219	11	-1.0004
3285e0c3-243c-41ac-b930-880af2f6ab87	7	53154695	54318812	845	0.092
3285e0c3-243c-41ac-b930-880af2f6ab87	7	54318816	54318821	4	2.7282
3285e0c3-243c-41ac-b930-880af2f6ab87	7	54318824	88842786	16110	0.1017
3285e0c3-243c-41ac-b930-880af2f6ab87	7	88845352	91578827	1856	0.0804
3285e0c3-243c-41ac-b930-880af2f6ab87	7	91589569	91589648	2	-1.3682
3285e0c3-243c-41ac-b930-880af2f6ab87	7	91589817	109052223	9994	0.0755
3285e0c3-243c-41ac-b930-880af2f6ab87	7	109052458	109801155	492	0.1283
3285e0c3-243c-41ac-b930-880af2f6ab87	7	109801187	109801752	4	1.1259
3285e0c3-243c-41ac-b930-880af2f6ab87	7	109801903	110788876	680	0.1283
3285e0c3-243c-41ac-b930-880af2f6ab87	7	110788955	110792471	6	-1.1229
3285e0c3-243c-41ac-b930-880af2f6ab87	7	110792883	125147155	8522	0.0803
3285e0c3-243c-41ac-b930-880af2f6ab87	7	125149357	125149829	2	-1.5568
3285e0c3-243c-41ac-b930-880af2f6ab87	7	125151229	126404920	827	0.0794
3285e0c3-243c-41ac-b930-880af2f6ab87	7	126405428	126406822	13	-1.39
3285e0c3-243c-41ac-b930-880af2f6ab87	7	126406823	134072507	4676	0.074
3285e0c3-243c-41ac-b930-880af2f6ab87	7	134074049	134075798	2	-1.5336
3285e0c3-243c-41ac-b930-880af2f6ab87	7	134075932	134100587	25	-0.0007
3285e0c3-243c-41ac-b930-880af2f6ab87	7	134100624	134110881	21	0.924
3285e0c3-243c-41ac-b930-880af2f6ab87	7	134110912	159334314	16101	0.0816
3285e0c3-243c-41ac-b930-880af2f6ab87	8	81254	163380	3	-0.0015
3285e0c3-243c-41ac-b930-880af2f6ab87	8	208062	643041	318	-0.806
3285e0c3-243c-41ac-b930-880af2f6ab87	8	644944	645908	10	1.2473
3285e0c3-243c-41ac-b930-880af2f6ab87	8	656117	3929960	3010	-0.7682
3285e0c3-243c-41ac-b930-880af2f6ab87	8	3929969	3930194	7	-2.6283
3285e0c3-243c-41ac-b930-880af2f6ab87	8	3930581	3930729	3	-0.3256
3285e0c3-243c-41ac-b930-880af2f6ab87	8	3931227	3932412	6	-4.4296
3285e0c3-243c-41ac-b930-880af2f6ab87	8	3932476	4140085	317	-0.7922
3285e0c3-243c-41ac-b930-880af2f6ab87	8	4141366	4146490	27	-3.3618
3285e0c3-243c-41ac-b930-880af2f6ab87	8	4146769	7380497	4017	-0.7344
3285e0c3-243c-41ac-b930-880af2f6ab87	8	7396819	8214781	47	-0.236
3285e0c3-243c-41ac-b930-880af2f6ab87	8	8234503	12037736	3206	-0.7552
3285e0c3-243c-41ac-b930-880af2f6ab87	8	12092042	12176798	8	0.3772
3285e0c3-243c-41ac-b930-880af2f6ab87	8	12177488	12385031	23	-1.0366
3285e0c3-243c-41ac-b930-880af2f6ab87	8	12387683	12389977	7	-2.6098
3285e0c3-243c-41ac-b930-880af2f6ab87	8	12418301	15415818	2645	-0.7032
3285e0c3-243c-41ac-b930-880af2f6ab87	8	15416216	15428239	12	-5.62
3285e0c3-243c-41ac-b930-880af2f6ab87	8	15430857	16339682	823	-0.7364
3285e0c3-243c-41ac-b930-880af2f6ab87	8	16349445	16349614	8	-1.979
3285e0c3-243c-41ac-b930-880af2f6ab87	8	16354575	16404738	49	-0.6382
3285e0c3-243c-41ac-b930-880af2f6ab87	8	16404755	16417152	26	-2.2114
3285e0c3-243c-41ac-b930-880af2f6ab87	8	16421186	21534889	4583	-0.7323
3285e0c3-243c-41ac-b930-880af2f6ab87	8	21535171	21535408	3	-2.3138
3285e0c3-243c-41ac-b930-880af2f6ab87	8	21539266	23544795	1119	-0.7386
3285e0c3-243c-41ac-b930-880af2f6ab87	8	23550227	23550298	4	-3.4819
3285e0c3-243c-41ac-b930-880af2f6ab87	8	23550358	25114672	1140	-0.766
3285e0c3-243c-41ac-b930-880af2f6ab87	8	25116928	25126818	27	-0.0092
3285e0c3-243c-41ac-b930-880af2f6ab87	8	25133589	32821348	5422	-0.7287
3285e0c3-243c-41ac-b930-880af2f6ab87	8	32825580	32834588	9	0.3067
3285e0c3-243c-41ac-b930-880af2f6ab87	8	32834603	36992500	2290	-0.7418
3285e0c3-243c-41ac-b930-880af2f6ab87	8	36993473	37458054	349	1.5981
3285e0c3-243c-41ac-b930-880af2f6ab87	8	37466642	37635354	111	2.2798
3285e0c3-243c-41ac-b930-880af2f6ab87	8	37639787	38107738	151	2.5479
3285e0c3-243c-41ac-b930-880af2f6ab87	8	38112562	38796445	401	2.1779
3285e0c3-243c-41ac-b930-880af2f6ab87	8	38797549	39050798	113	0.5754
3285e0c3-243c-41ac-b930-880af2f6ab87	8	39052989	39191338	71	1.3792
3285e0c3-243c-41ac-b930-880af2f6ab87	8	39192326	39198188	3	0.6933
3285e0c3-243c-41ac-b930-880af2f6ab87	8	39213087	39373140	85	-0.7166
3285e0c3-243c-41ac-b930-880af2f6ab87	8	39378084	39529446	59	0.0831
3285e0c3-243c-41ac-b930-880af2f6ab87	8	39530780	40611724	858	-0.7074
3285e0c3-243c-41ac-b930-880af2f6ab87	8	40611974	40612594	2	-2.1537
3285e0c3-243c-41ac-b930-880af2f6ab87	8	40617473	42417516	1207	-0.7067
3285e0c3-243c-41ac-b930-880af2f6ab87	8	42417909	42778100	164	1.4006
3285e0c3-243c-41ac-b930-880af2f6ab87	8	42778379	46350533	452	0.5561
3285e0c3-243c-41ac-b930-880af2f6ab87	8	46355238	46449903	17	-0.1621
3285e0c3-243c-41ac-b930-880af2f6ab87	8	46456232	46567386	41	0.4344
3285e0c3-243c-41ac-b930-880af2f6ab87	8	46570871	46589459	19	-0.0842
3285e0c3-243c-41ac-b930-880af2f6ab87	8	46598238	46732868	71	-0.7613
3285e0c3-243c-41ac-b930-880af2f6ab87	8	46737651	48227725	630	0.5872
3285e0c3-243c-41ac-b930-880af2f6ab87	8	48230744	48250004	9	0.0053
3285e0c3-243c-41ac-b930-880af2f6ab87	8	48256555	48258829	6	1.0215
3285e0c3-243c-41ac-b930-880af2f6ab87	8	48261688	48331711	40	0.6077
3285e0c3-243c-41ac-b930-880af2f6ab87	8	48334020	49730359	819	0.0686
3285e0c3-243c-41ac-b930-880af2f6ab87	8	49731304	50217091	333	-0.674
3285e0c3-243c-41ac-b930-880af2f6ab87	8	50219980	50998664	457	0.0841
3285e0c3-243c-41ac-b930-880af2f6ab87	8	50999365	51141766	84	0.6032
3285e0c3-243c-41ac-b930-880af2f6ab87	8	51146821	51629733	325	0.104
3285e0c3-243c-41ac-b930-880af2f6ab87	8	51632037	52086899	289	-0.7169
3285e0c3-243c-41ac-b930-880af2f6ab87	8	52087197	52116475	28	0.0619
3285e0c3-243c-41ac-b930-880af2f6ab87	8	52119047	52120279	4	-0.6814
3285e0c3-243c-41ac-b930-880af2f6ab87	8	52125343	53883465	1185	0.0742
3285e0c3-243c-41ac-b930-880af2f6ab87	8	53884692	56053004	1458	-0.7039
3285e0c3-243c-41ac-b930-880af2f6ab87	8	56053017	57146327	648	0.0623
3285e0c3-243c-41ac-b930-880af2f6ab87	8	57165988	58328533	858	-0.7596
3285e0c3-243c-41ac-b930-880af2f6ab87	8	58328728	58802865	353	0.0492
3285e0c3-243c-41ac-b930-880af2f6ab87	8	58806101	59122964	236	0.5874
3285e0c3-243c-41ac-b930-880af2f6ab87	8	59128229	59144788	16	-0.0657
3285e0c3-243c-41ac-b930-880af2f6ab87	8	59148061	59216099	43	-0.7043
3285e0c3-243c-41ac-b930-880af2f6ab87	8	59223862	59996295	413	0.0595
3285e0c3-243c-41ac-b930-880af2f6ab87	8	60004739	60831494	571	0.9481
3285e0c3-243c-41ac-b930-880af2f6ab87	8	60832841	60908469	62	0.5772
3285e0c3-243c-41ac-b930-880af2f6ab87	8	60914266	61053560	97	0.9476
3285e0c3-243c-41ac-b930-880af2f6ab87	8	61054140	61219056	119	0.5313
3285e0c3-243c-41ac-b930-880af2f6ab87	8	61227176	61370692	117	0.0924
3285e0c3-243c-41ac-b930-880af2f6ab87	8	61377190	61532403	119	0.563
3285e0c3-243c-41ac-b930-880af2f6ab87	8	61534323	62259414	483	0.9425
3285e0c3-243c-41ac-b930-880af2f6ab87	8	62260513	62363939	74	0.5815
3285e0c3-243c-41ac-b930-880af2f6ab87	8	62369177	62631653	192	0.0928
3285e0c3-243c-41ac-b930-880af2f6ab87	8	62633204	62959496	226	0.595
3285e0c3-243c-41ac-b930-880af2f6ab87	8	62960155	63088140	69	0.9767
3285e0c3-243c-41ac-b930-880af2f6ab87	8	63091288	68029315	2655	0.0748
3285e0c3-243c-41ac-b930-880af2f6ab87	8	68037333	69038454	656	-0.7322
3285e0c3-243c-41ac-b930-880af2f6ab87	8	69039579	69536695	340	0.0738
3285e0c3-243c-41ac-b930-880af2f6ab87	8	69537055	69842440	224	0.5734
3285e0c3-243c-41ac-b930-880af2f6ab87	8	69842606	71188820	741	0.9185
3285e0c3-243c-41ac-b930-880af2f6ab87	8	71189514	71385184	156	0.5815
3285e0c3-243c-41ac-b930-880af2f6ab87	8	71387371	71481429	57	0.0508
3285e0c3-243c-41ac-b930-880af2f6ab87	8	71482756	71758473	184	0.5724
3285e0c3-243c-41ac-b930-880af2f6ab87	8	71761831	72147314	304	0.0646
3285e0c3-243c-41ac-b930-880af2f6ab87	8	72153932	72373091	134	0.5889
3285e0c3-243c-41ac-b930-880af2f6ab87	8	72380391	72743227	290	0.0462
3285e0c3-243c-41ac-b930-880af2f6ab87	8	72746023	74058014	869	0.5717
3285e0c3-243c-41ac-b930-880af2f6ab87	8	74060887	74314209	227	0.0955
3285e0c3-243c-41ac-b930-880af2f6ab87	8	74318879	74531620	114	-0.6953
3285e0c3-243c-41ac-b930-880af2f6ab87	8	74532015	75270553	450	0.1123
3285e0c3-243c-41ac-b930-880af2f6ab87	8	75284738	76112762	462	-0.7384
3285e0c3-243c-41ac-b930-880af2f6ab87	8	76117790	77653704	934	0.0837
3285e0c3-243c-41ac-b930-880af2f6ab87	8	77660008	77685022	18	0.7529
3285e0c3-243c-41ac-b930-880af2f6ab87	8	77693545	78778723	582	0.092
3285e0c3-243c-41ac-b930-880af2f6ab87	8	78782015	78836938	28	0.5073
3285e0c3-243c-41ac-b930-880af2f6ab87	8	78840595	79211537	267	0.102
3285e0c3-243c-41ac-b930-880af2f6ab87	8	79211654	80713387	874	0.588
3285e0c3-243c-41ac-b930-880af2f6ab87	8	80714094	80798602	36	0.1641
3285e0c3-243c-41ac-b930-880af2f6ab87	8	80804599	81612389	534	0.5604
3285e0c3-243c-41ac-b930-880af2f6ab87	8	81614241	81764511	75	0.0559
3285e0c3-243c-41ac-b930-880af2f6ab87	8	81768032	81907576	73	0.5485
3285e0c3-243c-41ac-b930-880af2f6ab87	8	81907938	82175972	147	0.032
3285e0c3-243c-41ac-b930-880af2f6ab87	8	82186610	82317643	65	0.6387
3285e0c3-243c-41ac-b930-880af2f6ab87	8	82326959	82349081	11	-0.0117
3285e0c3-243c-41ac-b930-880af2f6ab87	8	82354576	82453763	64	0.5574
3285e0c3-243c-41ac-b930-880af2f6ab87	8	82457708	83034506	348	0.0996
3285e0c3-243c-41ac-b930-880af2f6ab87	8	83035568	83166271	86	0.576
3285e0c3-243c-41ac-b930-880af2f6ab87	8	83175188	84004818	460	0.1121
3285e0c3-243c-41ac-b930-880af2f6ab87	8	84007342	84036242	27	0.6571
3285e0c3-243c-41ac-b930-880af2f6ab87	8	84042731	84339430	176	0.1248
3285e0c3-243c-41ac-b930-880af2f6ab87	8	84339806	85828939	705	0.5848
3285e0c3-243c-41ac-b930-880af2f6ab87	8	85829000	87128732	779	0.134
3285e0c3-243c-41ac-b930-880af2f6ab87	8	87132350	87231014	47	-0.7176
3285e0c3-243c-41ac-b930-880af2f6ab87	8	87231509	87459533	129	0.1195
3285e0c3-243c-41ac-b930-880af2f6ab87	8	87466475	87608126	86	0.6404
3285e0c3-243c-41ac-b930-880af2f6ab87	8	87623714	87833146	109	0.0912
3285e0c3-243c-41ac-b930-880af2f6ab87	8	87837806	88001073	79	0.5943
3285e0c3-243c-41ac-b930-880af2f6ab87	8	88001741	88082753	62	0.0325
3285e0c3-243c-41ac-b930-880af2f6ab87	8	88084537	88084924	4	-0.9296
3285e0c3-243c-41ac-b930-880af2f6ab87	8	88087415	88388491	176	0.1433
3285e0c3-243c-41ac-b930-880af2f6ab87	8	88395967	88723417	175	-0.7619
3285e0c3-243c-41ac-b930-880af2f6ab87	8	88734139	90116226	903	0.0864
3285e0c3-243c-41ac-b930-880af2f6ab87	8	90116409	90483766	260	0.5539
3285e0c3-243c-41ac-b930-880af2f6ab87	8	90493464	91787403	657	0.0492
3285e0c3-243c-41ac-b930-880af2f6ab87	8	91799336	92748447	619	-0.7024
3285e0c3-243c-41ac-b930-880af2f6ab87	8	92753012	94545324	1070	0.0844
3285e0c3-243c-41ac-b930-880af2f6ab87	8	94545374	94545764	6	1.0461
3285e0c3-243c-41ac-b930-880af2f6ab87	8	94545887	102281628	4894	0.0853
3285e0c3-243c-41ac-b930-880af2f6ab87	8	102284095	104502260	1274	0.5665
3285e0c3-243c-41ac-b930-880af2f6ab87	8	104508640	104765951	140	0.9459
3285e0c3-243c-41ac-b930-880af2f6ab87	8	104767155	104804047	27	1.2203
3285e0c3-243c-41ac-b930-880af2f6ab87	8	104807264	105389762	375	0.9176
3285e0c3-243c-41ac-b930-880af2f6ab87	8	105392086	105728750	203	0.579
3285e0c3-243c-41ac-b930-880af2f6ab87	8	105729438	106830822	687	0.9507
3285e0c3-243c-41ac-b930-880af2f6ab87	8	106833629	107985626	825	1.1965
3285e0c3-243c-41ac-b930-880af2f6ab87	8	107987395	108755976	460	0.9367
3285e0c3-243c-41ac-b930-880af2f6ab87	8	108758005	110060475	718	1.2134
3285e0c3-243c-41ac-b930-880af2f6ab87	8	110064240	110129674	43	0.9199
3285e0c3-243c-41ac-b930-880af2f6ab87	8	110132028	110874580	394	1.2321
3285e0c3-243c-41ac-b930-880af2f6ab87	8	110880435	111279123	218	1.0282
3285e0c3-243c-41ac-b930-880af2f6ab87	8	111279265	111282237	4	1.5057
3285e0c3-243c-41ac-b930-880af2f6ab87	8	111282417	111283031	7	2.5307
3285e0c3-243c-41ac-b930-880af2f6ab87	8	111288052	111326810	19	0.962
3285e0c3-243c-41ac-b930-880af2f6ab87	8	111328156	111741547	222	0.6431
3285e0c3-243c-41ac-b930-880af2f6ab87	8	111744762	111872479	57	0.9842
3285e0c3-243c-41ac-b930-880af2f6ab87	8	111874949	111939943	30	0.5634
3285e0c3-243c-41ac-b930-880af2f6ab87	8	111944942	112065877	78	1.0387
3285e0c3-243c-41ac-b930-880af2f6ab87	8	112066175	112891856	460	0.6506
3285e0c3-243c-41ac-b930-880af2f6ab87	8	112895588	113851117	516	0.1122
3285e0c3-243c-41ac-b930-880af2f6ab87	8	113851597	114041916	111	0.6505
3285e0c3-243c-41ac-b930-880af2f6ab87	8	114047119	114150772	60	1.0444
3285e0c3-243c-41ac-b930-880af2f6ab87	8	114151333	114529210	217	0.6201
3285e0c3-243c-41ac-b930-880af2f6ab87	8	114529491	115054313	365	0.9901
3285e0c3-243c-41ac-b930-880af2f6ab87	8	115054886	117431286	1496	1.2189
3285e0c3-243c-41ac-b930-880af2f6ab87	8	117432217	120375924	2146	0.9329
3285e0c3-243c-41ac-b930-880af2f6ab87	8	120377114	120561934	86	0.5708
3285e0c3-243c-41ac-b930-880af2f6ab87	8	120562935	120623903	49	0.9494
3285e0c3-243c-41ac-b930-880af2f6ab87	8	120625397	121131980	335	0.5703
3285e0c3-243c-41ac-b930-880af2f6ab87	8	121132027	121273315	117	0.9029
3285e0c3-243c-41ac-b930-880af2f6ab87	8	121274417	121317608	32	0.592
3285e0c3-243c-41ac-b930-880af2f6ab87	8	121322971	121465499	78	0.9568
3285e0c3-243c-41ac-b930-880af2f6ab87	8	121470840	121513420	35	0.553
3285e0c3-243c-41ac-b930-880af2f6ab87	8	121521549	121620783	61	1.0163
3285e0c3-243c-41ac-b930-880af2f6ab87	8	121624601	122309625	469	0.6269
3285e0c3-243c-41ac-b930-880af2f6ab87	8	122312554	124954586	1826	0.9204
3285e0c3-243c-41ac-b930-880af2f6ab87	8	124956960	125421867	264	0.5563
3285e0c3-243c-41ac-b930-880af2f6ab87	8	125422488	128653518	2485	0.9066
3285e0c3-243c-41ac-b930-880af2f6ab87	8	128666811	128970986	179	0.5923
3285e0c3-243c-41ac-b930-880af2f6ab87	8	128974886	129068166	52	0.8879
3285e0c3-243c-41ac-b930-880af2f6ab87	8	129076359	129111967	29	0.4793
3285e0c3-243c-41ac-b930-880af2f6ab87	8	129113143	129132280	11	-0.1691
3285e0c3-243c-41ac-b930-880af2f6ab87	8	129134311	129294057	106	0.5537
3285e0c3-243c-41ac-b930-880af2f6ab87	8	129298050	130462170	758	0.9031
3285e0c3-243c-41ac-b930-880af2f6ab87	8	130465528	131029772	515	0.5642
3285e0c3-243c-41ac-b930-880af2f6ab87	8	131030407	131046276	14	1.0586
3285e0c3-243c-41ac-b930-880af2f6ab87	8	131049163	131068760	14	0.8335
3285e0c3-243c-41ac-b930-880af2f6ab87	8	131070505	132190597	795	0.568
3285e0c3-243c-41ac-b930-880af2f6ab87	8	132190676	132195828	2	-1.1036
3285e0c3-243c-41ac-b930-880af2f6ab87	8	132196131	132755378	434	0.5874
3285e0c3-243c-41ac-b930-880af2f6ab87	8	132755418	133034047	224	0.8982
3285e0c3-243c-41ac-b930-880af2f6ab87	8	133037552	133253042	272	0.5262
3285e0c3-243c-41ac-b930-880af2f6ab87	8	133253505	133376350	107	0.8483
3285e0c3-243c-41ac-b930-880af2f6ab87	8	133376976	134068901	600	0.5579
3285e0c3-243c-41ac-b930-880af2f6ab87	8	134068916	134217918	180	0.8739
3285e0c3-243c-41ac-b930-880af2f6ab87	8	134223596	134237829	13	0.4566
3285e0c3-243c-41ac-b930-880af2f6ab87	8	134238631	135255827	789	0.8932
3285e0c3-243c-41ac-b930-880af2f6ab87	8	135265154	136849879	1210	0.5916
3285e0c3-243c-41ac-b930-880af2f6ab87	8	136849952	136850173	2	-1.1022
3285e0c3-243c-41ac-b930-880af2f6ab87	8	136850192	138146785	1052	0.5914
3285e0c3-243c-41ac-b930-880af2f6ab87	8	138146836	139311345	998	0.9366
3285e0c3-243c-41ac-b930-880af2f6ab87	8	139313505	141062085	1210	0.6105
3285e0c3-243c-41ac-b930-880af2f6ab87	8	141063747	141802904	441	0.4657
3285e0c3-243c-41ac-b930-880af2f6ab87	8	141803716	142829424	493	-0.0218
3285e0c3-243c-41ac-b930-880af2f6ab87	8	142829811	145072769	799	0.1028
3285e0c3-243c-41ac-b930-880af2f6ab87	9	46587	10403105	9962	0.0914
3285e0c3-243c-41ac-b930-880af2f6ab87	9	10404138	10404986	2	2.3627
3285e0c3-243c-41ac-b930-880af2f6ab87	9	10407943	37033162	19945	0.0896
3285e0c3-243c-41ac-b930-880af2f6ab87	9	37033364	37034620	2	-2.5222
3285e0c3-243c-41ac-b930-880af2f6ab87	9	37034672	38989381	1200	0.1082
3285e0c3-243c-41ac-b930-880af2f6ab87	9	38996106	39014965	5	-0.7272
3285e0c3-243c-41ac-b930-880af2f6ab87	9	39053795	39481818	41	0.0833
3285e0c3-243c-41ac-b930-880af2f6ab87	9	39481840	39481863	2	1.5236
3285e0c3-243c-41ac-b930-880af2f6ab87	9	39481878	39588611	13	-0.0083
3285e0c3-243c-41ac-b930-880af2f6ab87	9	39747848	40229601	11	0.9149
3285e0c3-243c-41ac-b930-880af2f6ab87	9	40712794	41451823	60	-0.0346
3285e0c3-243c-41ac-b930-880af2f6ab87	9	41451836	41473331	3	-1.8112
3285e0c3-243c-41ac-b930-880af2f6ab87	9	41473518	42014203	32	0.2376
3285e0c3-243c-41ac-b930-880af2f6ab87	9	42037471	42308537	32	-1.5495
3285e0c3-243c-41ac-b930-880af2f6ab87	9	42501791	63580418	128	0.0374
3285e0c3-243c-41ac-b930-880af2f6ab87	9	63590317	63592813	7	1.9335
3285e0c3-243c-41ac-b930-880af2f6ab87	9	63614182	136514289	47448	0.092
3285e0c3-243c-41ac-b930-880af2f6ab87	9	136518432	136539349	6	-0.8206
3285e0c3-243c-41ac-b930-880af2f6ab87	9	136540583	136756632	46	0.0601
3285e0c3-243c-41ac-b930-880af2f6ab87	9	136757037	136765950	4	-1.3042
3285e0c3-243c-41ac-b930-880af2f6ab87	9	136767944	138200944	543	0.1197
3285e0c3-243c-41ac-b930-880af2f6ab87	10	45792	17659538	14775	0.0948
3285e0c3-243c-41ac-b930-880af2f6ab87	10	17664121	17664149	2	-1.3168
3285e0c3-243c-41ac-b930-880af2f6ab87	10	17665872	34224902	11681	0.0993
3285e0c3-243c-41ac-b930-880af2f6ab87	10	34227037	34232310	6	-0.6848
3285e0c3-243c-41ac-b930-880af2f6ab87	10	34233174	46302565	5152	0.0963
3285e0c3-243c-41ac-b930-880af2f6ab87	10	46303867	46305538	4	-0.9418
3285e0c3-243c-41ac-b930-880af2f6ab87	10	46305692	48523157	668	0.0441
3285e0c3-243c-41ac-b930-880af2f6ab87	10	48524930	48524943	2	-2.1492
3285e0c3-243c-41ac-b930-880af2f6ab87	10	48525216	65546518	12128	0.0991
3285e0c3-243c-41ac-b930-880af2f6ab87	10	65548165	65554672	27	-1.8038
3285e0c3-243c-41ac-b930-880af2f6ab87	10	65554688	69583029	2593	0.1149
3285e0c3-243c-41ac-b930-880af2f6ab87	10	69583227	69607942	17	-0.5976
3285e0c3-243c-41ac-b930-880af2f6ab87	10	69611373	81118403	7498	0.0905
3285e0c3-243c-41ac-b930-880af2f6ab87	10	81121574	81130027	10	-0.7419
3285e0c3-243c-41ac-b930-880af2f6ab87	10	81134713	87118074	4292	0.0793
3285e0c3-243c-41ac-b930-880af2f6ab87	10	87136681	87407654	51	-0.2568
3285e0c3-243c-41ac-b930-880af2f6ab87	10	87408123	89403716	1560	0.0504
3285e0c3-243c-41ac-b930-880af2f6ab87	10	89404413	93806050	2781	0.091
3285e0c3-243c-41ac-b930-880af2f6ab87	10	93815937	93846488	18	-0.4552
3285e0c3-243c-41ac-b930-880af2f6ab87	10	93846598	95109306	658	0.0696
3285e0c3-243c-41ac-b930-880af2f6ab87	10	95109317	95109949	5	-0.9001
3285e0c3-243c-41ac-b930-880af2f6ab87	10	95115957	130380338	24664	0.091
3285e0c3-243c-41ac-b930-880af2f6ab87	10	130380449	133654968	2073	0.038
3285e0c3-243c-41ac-b930-880af2f6ab87	11	198510	3400513	1277	0.0834
3285e0c3-243c-41ac-b930-880af2f6ab87	11	3405372	3485296	20	-0.3112
3285e0c3-243c-41ac-b930-880af2f6ab87	11	3487241	4217824	438	0.0784
3285e0c3-243c-41ac-b930-880af2f6ab87	11	4228783	4306942	24	0.5388
3285e0c3-243c-41ac-b930-880af2f6ab87	11	4314648	5766175	1470	0.0667
3285e0c3-243c-41ac-b930-880af2f6ab87	11	5766850	5788108	33	-0.5755
3285e0c3-243c-41ac-b930-880af2f6ab87	11	5788231	5854637	71	0.0346
3285e0c3-243c-41ac-b930-880af2f6ab87	11	5855957	5862087	4	-0.9197
3285e0c3-243c-41ac-b930-880af2f6ab87	11	5864481	37111870	22815	0.0889
3285e0c3-243c-41ac-b930-880af2f6ab87	11	37111923	37112518	6	1.0085
3285e0c3-243c-41ac-b930-880af2f6ab87	11	37112608	54952548	8092	0.0958
3285e0c3-243c-41ac-b930-880af2f6ab87	11	54953347	55006417	3	-0.9426
3285e0c3-243c-41ac-b930-880af2f6ab87	11	55027203	55198132	26	-0.0567
3285e0c3-243c-41ac-b930-880af2f6ab87	11	55202385	55214735	5	-0.7813
3285e0c3-243c-41ac-b930-880af2f6ab87	11	55241999	55608804	208	0.0832
3285e0c3-243c-41ac-b930-880af2f6ab87	11	55609022	55686100	52	0.4628
3285e0c3-243c-41ac-b930-880af2f6ab87	11	55693207	71674327	8320	0.0936
3285e0c3-243c-41ac-b930-880af2f6ab87	11	71675079	71712588	11	-0.6418
3285e0c3-243c-41ac-b930-880af2f6ab87	11	71713405	72955574	549	0.0863
3285e0c3-243c-41ac-b930-880af2f6ab87	11	72960411	89768798	10979	0.5844
3285e0c3-243c-41ac-b930-880af2f6ab87	11	89796439	90077170	19	-0.2967
3285e0c3-243c-41ac-b930-880af2f6ab87	11	90085142	94169480	2939	0.5873
3285e0c3-243c-41ac-b930-880af2f6ab87	11	94173372	94174968	2	-0.9013
3285e0c3-243c-41ac-b930-880af2f6ab87	11	94180963	98708515	3291	0.5734
3285e0c3-243c-41ac-b930-880af2f6ab87	11	98712141	124068780	17785	-0.7369
3285e0c3-243c-41ac-b930-880af2f6ab87	11	124070324	132951569	6766	0.0829
3285e0c3-243c-41ac-b930-880af2f6ab87	11	132952941	135074876	1603	0.0121
3285e0c3-243c-41ac-b930-880af2f6ab87	12	51460	8404097	5595	0.1001
3285e0c3-243c-41ac-b930-880af2f6ab87	12	8405892	8428232	16	1.3551
3285e0c3-243c-41ac-b930-880af2f6ab87	12	8428347	10430768	1217	0.0862
3285e0c3-243c-41ac-b930-880af2f6ab87	12	10434196	10443207	4	-1.4351
3285e0c3-243c-41ac-b930-880af2f6ab87	12	10446203	11108736	414	0.0901
3285e0c3-243c-41ac-b930-880af2f6ab87	12	11114232	27493059	11340	-0.7233
3285e0c3-243c-41ac-b930-880af2f6ab87	12	27494808	27498429	28	-2.5338
3285e0c3-243c-41ac-b930-880af2f6ab87	12	27504228	33150359	4152	-0.7308
3285e0c3-243c-41ac-b930-880af2f6ab87	12	33150444	33155999	23	-0.1418
3285e0c3-243c-41ac-b930-880af2f6ab87	12	33156051	33232895	36	-0.797
3285e0c3-243c-41ac-b930-880af2f6ab87	12	33233822	33242483	6	-2.7548
3285e0c3-243c-41ac-b930-880af2f6ab87	12	33246118	34059867	511	-0.7486
3285e0c3-243c-41ac-b930-880af2f6ab87	12	34061608	34063370	3	-3.1093
3285e0c3-243c-41ac-b930-880af2f6ab87	12	34064565	34607396	210	-0.7381
3285e0c3-243c-41ac-b930-880af2f6ab87	12	34608044	34701563	13	-0.309
3285e0c3-243c-41ac-b930-880af2f6ab87	12	37463949	37777376	79	0.71
3285e0c3-243c-41ac-b930-880af2f6ab87	12	37788687	40350028	1357	0.0792
3285e0c3-243c-41ac-b930-880af2f6ab87	12	40356467	40655620	250	0.9679
3285e0c3-243c-41ac-b930-880af2f6ab87	12	40659931	41198938	357	1.2457
3285e0c3-243c-41ac-b930-880af2f6ab87	12	41202194	45506042	2756	0.5982
3285e0c3-243c-41ac-b930-880af2f6ab87	12	45510655	45515754	4	-1.4511
3285e0c3-243c-41ac-b930-880af2f6ab87	12	45519509	48975364	2054	0.5726
3285e0c3-243c-41ac-b930-880af2f6ab87	12	48991174	49340514	126	1.6213
3285e0c3-243c-41ac-b930-880af2f6ab87	12	49341557	49695590	131	0.5954
3285e0c3-243c-41ac-b930-880af2f6ab87	12	49696760	51767648	1055	-0.7023
3285e0c3-243c-41ac-b930-880af2f6ab87	12	51769464	51856562	55	0.09
3285e0c3-243c-41ac-b930-880af2f6ab87	12	51859657	52076325	107	-0.7526
3285e0c3-243c-41ac-b930-880af2f6ab87	12	52076792	52745505	642	0.0686
3285e0c3-243c-41ac-b930-880af2f6ab87	12	52748291	52761561	21	0.6264
3285e0c3-243c-41ac-b930-880af2f6ab87	12	52763742	53349202	334	0.1114
3285e0c3-243c-41ac-b930-880af2f6ab87	12	53354347	54813687	751	-0.7036
3285e0c3-243c-41ac-b930-880af2f6ab87	12	54819894	54866956	32	0.0495
3285e0c3-243c-41ac-b930-880af2f6ab87	12	54867269	58802359	2281	-0.704
3285e0c3-243c-41ac-b930-880af2f6ab87	12	58802663	58822475	14	-4.6583
3285e0c3-243c-41ac-b930-880af2f6ab87	12	58828192	58866220	53	-1.6166
3285e0c3-243c-41ac-b930-880af2f6ab87	12	58867919	59391352	363	-3.387
3285e0c3-243c-41ac-b930-880af2f6ab87	12	59396056	64231642	2937	-0.6867
3285e0c3-243c-41ac-b930-880af2f6ab87	12	64235817	64630924	191	0.5951
3285e0c3-243c-41ac-b930-880af2f6ab87	12	64634091	64641016	17	-0.5956
3285e0c3-243c-41ac-b930-880af2f6ab87	12	64641065	64641079	2	-3.1566
3285e0c3-243c-41ac-b930-880af2f6ab87	12	64643457	65499311	478	-0.6725
3285e0c3-243c-41ac-b930-880af2f6ab87	12	65499949	66112851	371	-3.4517
3285e0c3-243c-41ac-b930-880af2f6ab87	12	66113007	66116869	6	-1.4194
3285e0c3-243c-41ac-b930-880af2f6ab87	12	66119331	66748477	446	-0.734
3285e0c3-243c-41ac-b930-880af2f6ab87	12	66748755	67663658	731	2.7362
3285e0c3-243c-41ac-b930-880af2f6ab87	12	67664467	67688281	11	3.8002
3285e0c3-243c-41ac-b930-880af2f6ab87	12	67689009	68082792	285	2.8206
3285e0c3-243c-41ac-b930-880af2f6ab87	12	68084191	68489205	358	2.5178
3285e0c3-243c-41ac-b930-880af2f6ab87	12	68491938	68708289	111	2.8504
3285e0c3-243c-41ac-b930-880af2f6ab87	12	68708335	69104680	267	3.2258
3285e0c3-243c-41ac-b930-880af2f6ab87	12	69105080	71529490	1648	2.5944
3285e0c3-243c-41ac-b930-880af2f6ab87	12	71530368	72620278	673	1.9453
3285e0c3-243c-41ac-b930-880af2f6ab87	12	72621137	72887969	150	1.2828
3285e0c3-243c-41ac-b930-880af2f6ab87	12	72889597	73173669	205	1.6456
3285e0c3-243c-41ac-b930-880af2f6ab87	12	73179465	73408095	126	0.6648
3285e0c3-243c-41ac-b930-880af2f6ab87	12	73408809	73554565	74	0.1322
3285e0c3-243c-41ac-b930-880af2f6ab87	12	73559994	73594001	15	0.4061
3285e0c3-243c-41ac-b930-880af2f6ab87	12	73597646	73719338	55	0.0958
3285e0c3-243c-41ac-b930-880af2f6ab87	12	73723130	73781253	50	1.0708
3285e0c3-243c-41ac-b930-880af2f6ab87	12	73781974	76986197	1948	-0.7335
3285e0c3-243c-41ac-b930-880af2f6ab87	12	76991117	77732734	628	1.6
3285e0c3-243c-41ac-b930-880af2f6ab87	12	77735107	83033198	3333	-0.7233
3285e0c3-243c-41ac-b930-880af2f6ab87	12	83038398	83330472	175	1.5963
3285e0c3-243c-41ac-b930-880af2f6ab87	12	83335050	83460663	78	-0.7307
3285e0c3-243c-41ac-b930-880af2f6ab87	12	83462761	83462975	4	1.2481
3285e0c3-243c-41ac-b930-880af2f6ab87	12	83463522	87369627	2216	-0.7335
3285e0c3-243c-41ac-b930-880af2f6ab87	12	87369661	87369847	6	-1.6526
3285e0c3-243c-41ac-b930-880af2f6ab87	12	87370018	90089573	1592	-0.7345
3285e0c3-243c-41ac-b930-880af2f6ab87	12	90097892	90099836	9	-1.4383
3285e0c3-243c-41ac-b930-880af2f6ab87	12	90099849	91016819	601	-0.7237
3285e0c3-243c-41ac-b930-880af2f6ab87	12	91020136	91109856	60	2.7702
3285e0c3-243c-41ac-b930-880af2f6ab87	12	91109880	91203118	54	3.1136
3285e0c3-243c-41ac-b930-880af2f6ab87	12	91204886	91448662	178	2.509
3285e0c3-243c-41ac-b930-880af2f6ab87	12	91453008	91547716	59	1.9971
3285e0c3-243c-41ac-b930-880af2f6ab87	12	91550327	92396570	602	1.7371
3285e0c3-243c-41ac-b930-880af2f6ab87	12	92397076	92795281	319	1.8796
3285e0c3-243c-41ac-b930-880af2f6ab87	12	92810173	93520266	356	1.1812
3285e0c3-243c-41ac-b930-880af2f6ab87	12	93522624	111533429	12061	-0.7373
3285e0c3-243c-41ac-b930-880af2f6ab87	12	111534350	112512962	518	-0.5931
3285e0c3-243c-41ac-b930-880af2f6ab87	12	112513489	127662810	10318	-0.7296
3285e0c3-243c-41ac-b930-880af2f6ab87	12	127663436	130777220	2774	-0.8282
3285e0c3-243c-41ac-b930-880af2f6ab87	12	130777261	133201603	1255	-0.7257
3285e0c3-243c-41ac-b930-880af2f6ab87	13	18452809	19730313	619	-0.6673
3285e0c3-243c-41ac-b930-880af2f6ab87	13	19730465	19897973	77	-0.3745
3285e0c3-243c-41ac-b930-880af2f6ab87	13	19900631	24998780	3645	-0.7301
3285e0c3-243c-41ac-b930-880af2f6ab87	13	24999170	24999690	3	-5.8994
3285e0c3-243c-41ac-b930-880af2f6ab87	13	25001458	31958590	5204	-0.735
3285e0c3-243c-41ac-b930-880af2f6ab87	13	31958723	31964271	15	-2.8492
3285e0c3-243c-41ac-b930-880af2f6ab87	13	31964286	57189013	16424	-0.7145
3285e0c3-243c-41ac-b930-880af2f6ab87	13	57189156	57204246	28	-2.5996
3285e0c3-243c-41ac-b930-880af2f6ab87	13	57215580	114342922	38026	-0.7239
3285e0c3-243c-41ac-b930-880af2f6ab87	14	18239283	18646056	16	-0.7021
3285e0c3-243c-41ac-b930-880af2f6ab87	14	18656322	18686006	7	-2.2627
3285e0c3-243c-41ac-b930-880af2f6ab87	14	18687716	19289821	22	-0.7947
3285e0c3-243c-41ac-b930-880af2f6ab87	14	19294457	19650668	15	-0.0125
3285e0c3-243c-41ac-b930-880af2f6ab87	14	19667065	19675350	3	-1.0111
3285e0c3-243c-41ac-b930-880af2f6ab87	14	19689684	22059302	1558	0.126
3285e0c3-243c-41ac-b930-880af2f6ab87	14	22064087	22496189	375	0.4093
3285e0c3-243c-41ac-b930-880af2f6ab87	14	22496204	27085606	2987	0.103
3285e0c3-243c-41ac-b930-880af2f6ab87	14	27089862	31204460	2296	-0.7167
3285e0c3-243c-41ac-b930-880af2f6ab87	14	31204729	31469803	115	0.1441
3285e0c3-243c-41ac-b930-880af2f6ab87	14	31472717	31484875	10	0.6678
3285e0c3-243c-41ac-b930-880af2f6ab87	14	31491296	31891389	211	0.0949
3285e0c3-243c-41ac-b930-880af2f6ab87	14	31892405	32041584	122	0.5882
3285e0c3-243c-41ac-b930-880af2f6ab87	14	32041699	32777294	523	0.0973
3285e0c3-243c-41ac-b930-880af2f6ab87	14	32780005	37665374	3346	0.6063
3285e0c3-243c-41ac-b930-880af2f6ab87	14	37665599	37668362	2	-0.7911
3285e0c3-243c-41ac-b930-880af2f6ab87	14	37668971	40139724	1423	0.5897
3285e0c3-243c-41ac-b930-880af2f6ab87	14	40144718	40147715	2	-2.9713
3285e0c3-243c-41ac-b930-880af2f6ab87	14	40148961	40775455	419	0.6077
3285e0c3-243c-41ac-b930-880af2f6ab87	14	40775877	41207613	326	0.1252
3285e0c3-243c-41ac-b930-880af2f6ab87	14	41219527	45917841	2728	-0.7093
3285e0c3-243c-41ac-b930-880af2f6ab87	14	45918960	46084315	102	0.1343
3285e0c3-243c-41ac-b930-880af2f6ab87	14	46087913	48152880	1304	-0.7269
3285e0c3-243c-41ac-b930-880af2f6ab87	14	48155192	48177780	18	0.0642
3285e0c3-243c-41ac-b930-880af2f6ab87	14	48178094	48198102	8	0.5154
3285e0c3-243c-41ac-b930-880af2f6ab87	14	48201968	48244307	35	0.0802
3285e0c3-243c-41ac-b930-880af2f6ab87	14	48249504	51678387	2073	0.579
3285e0c3-243c-41ac-b930-880af2f6ab87	14	51679458	52220228	452	0.074
3285e0c3-243c-41ac-b930-880af2f6ab87	14	52225273	52320728	80	0.5924
3285e0c3-243c-41ac-b930-880af2f6ab87	14	52322041	52428656	73	0.073
3285e0c3-243c-41ac-b930-880af2f6ab87	14	52430901	53685470	746	0.6122
3285e0c3-243c-41ac-b930-880af2f6ab87	14	53688982	53706821	14	0.1062
3285e0c3-243c-41ac-b930-880af2f6ab87	14	53707578	58566757	3318	0.5856
3285e0c3-243c-41ac-b930-880af2f6ab87	14	58570481	58665455	56	0.0593
3285e0c3-243c-41ac-b930-880af2f6ab87	14	58668679	58854448	164	0.5967
3285e0c3-243c-41ac-b930-880af2f6ab87	14	58857779	59952996	711	0.0856
3285e0c3-243c-41ac-b930-880af2f6ab87	14	59960053	59990810	27	-0.7462
3285e0c3-243c-41ac-b930-880af2f6ab87	14	59990847	60606157	345	0.0427
3285e0c3-243c-41ac-b930-880af2f6ab87	14	60608989	62146147	954	-0.7457
3285e0c3-243c-41ac-b930-880af2f6ab87	14	62154969	63993366	1172	0.0966
3285e0c3-243c-41ac-b930-880af2f6ab87	14	63997210	64122749	74	-0.7025
3285e0c3-243c-41ac-b930-880af2f6ab87	14	64125457	64296215	242	0.0914
3285e0c3-243c-41ac-b930-880af2f6ab87	14	64296881	68840012	2675	-0.7207
3285e0c3-243c-41ac-b930-880af2f6ab87	14	68842407	69031975	139	0.0791
3285e0c3-243c-41ac-b930-880af2f6ab87	14	69033606	73529070	2931	-0.7216
3285e0c3-243c-41ac-b930-880af2f6ab87	14	73534419	73554275	9	1.1127
3285e0c3-243c-41ac-b930-880af2f6ab87	14	73563196	76079816	1481	-0.7148
3285e0c3-243c-41ac-b930-880af2f6ab87	14	76081182	76436811	250	0.0441
3285e0c3-243c-41ac-b930-880af2f6ab87	14	76446093	76455372	11	-0.8447
3285e0c3-243c-41ac-b930-880af2f6ab87	14	76462387	78766718	1705	0.1091
3285e0c3-243c-41ac-b930-880af2f6ab87	14	78767564	79757711	679	-0.7312
3285e0c3-243c-41ac-b930-880af2f6ab87	14	79760880	79762709	2	-3.3333
3285e0c3-243c-41ac-b930-880af2f6ab87	14	79765171	81992128	1414	-0.7211
3285e0c3-243c-41ac-b930-880af2f6ab87	14	81993527	83085980	760	0.0893
3285e0c3-243c-41ac-b930-880af2f6ab87	14	83087193	83112423	19	0.6713
3285e0c3-243c-41ac-b930-880af2f6ab87	14	83117497	83838982	480	0.1317
3285e0c3-243c-41ac-b930-880af2f6ab87	14	83840737	83872282	29	0.6013
3285e0c3-243c-41ac-b930-880af2f6ab87	14	83873627	85303391	915	0.0992
3285e0c3-243c-41ac-b930-880af2f6ab87	14	85306592	85360712	43	0.576
3285e0c3-243c-41ac-b930-880af2f6ab87	14	85364931	85437288	52	0.016
3285e0c3-243c-41ac-b930-880af2f6ab87	14	85439574	85485257	36	0.5875
3285e0c3-243c-41ac-b930-880af2f6ab87	14	85487574	85853271	300	0.0706
3285e0c3-243c-41ac-b930-880af2f6ab87	14	85855362	85962912	63	0.5887
3285e0c3-243c-41ac-b930-880af2f6ab87	14	85963694	86011778	45	0.1367
3285e0c3-243c-41ac-b930-880af2f6ab87	14	86014355	86014371	2	-0.8014
3285e0c3-243c-41ac-b930-880af2f6ab87	14	86014403	86485442	346	0.0985
3285e0c3-243c-41ac-b930-880af2f6ab87	14	86489086	86496591	4	-0.6701
3285e0c3-243c-41ac-b930-880af2f6ab87	14	86497614	87739184	737	0.11
3285e0c3-243c-41ac-b930-880af2f6ab87	14	87743119	97107770	6416	0.5806
3285e0c3-243c-41ac-b930-880af2f6ab87	14	97112228	98923710	1541	0.0699
3285e0c3-243c-41ac-b930-880af2f6ab87	14	98923861	105542308	3312	0.5851
3285e0c3-243c-41ac-b930-880af2f6ab87	14	105544971	106321086	230	0.4213
3285e0c3-243c-41ac-b930-880af2f6ab87	14	106340102	106362628	9	-0.6949
3285e0c3-243c-41ac-b930-880af2f6ab87	14	106364815	106407604	23	0.4385
3285e0c3-243c-41ac-b930-880af2f6ab87	14	106407609	106418444	6	-1.2654
3285e0c3-243c-41ac-b930-880af2f6ab87	14	106423925	106787793	187	0.5512
3285e0c3-243c-41ac-b930-880af2f6ab87	14	106788030	106877229	56	-0.0261
3285e0c3-243c-41ac-b930-880af2f6ab87	15	19811075	20207225	60	0.0539
3285e0c3-243c-41ac-b930-880af2f6ab87	15	20210984	22299523	146	-0.5179
3285e0c3-243c-41ac-b930-880af2f6ab87	15	22385639	23400217	318	0.0702
3285e0c3-243c-41ac-b930-880af2f6ab87	15	23409060	23420338	8	-1.1271
3285e0c3-243c-41ac-b930-880af2f6ab87	15	23425837	27673477	3040	0.0971
3285e0c3-243c-41ac-b930-880af2f6ab87	15	27674351	27682660	13	-0.8798
3285e0c3-243c-41ac-b930-880af2f6ab87	15	27683648	32220019	2333	0.0427
3285e0c3-243c-41ac-b930-880af2f6ab87	15	32239115	69037475	23747	0.0999
3285e0c3-243c-41ac-b930-880af2f6ab87	15	69038945	69039020	2	1.5022
3285e0c3-243c-41ac-b930-880af2f6ab87	15	69045335	91122486	13488	0.0937
3285e0c3-243c-41ac-b930-880af2f6ab87	15	91127846	92222525	958	0.0447
3285e0c3-243c-41ac-b930-880af2f6ab87	15	92222644	92223064	3	1.8687
3285e0c3-243c-41ac-b930-880af2f6ab87	15	92223528	101888834	7417	0.0943
3285e0c3-243c-41ac-b930-880af2f6ab87	15	101888850	101928837	7	-0.8107
3285e0c3-243c-41ac-b930-880af2f6ab87	16	10777	12016	3	-0.7422
3285e0c3-243c-41ac-b930-880af2f6ab87	16	35827	6603812	3877	0.1143
3285e0c3-243c-41ac-b930-880af2f6ab87	16	6603898	7352353	957	0.0516
3285e0c3-243c-41ac-b930-880af2f6ab87	16	7353078	13034747	5053	0.1227
3285e0c3-243c-41ac-b930-880af2f6ab87	16	13036417	13401387	274	1.8818
3285e0c3-243c-41ac-b930-880af2f6ab87	16	13402417	13523861	120	2.2594
3285e0c3-243c-41ac-b930-880af2f6ab87	16	13528783	14210318	574	0.1294
3285e0c3-243c-41ac-b930-880af2f6ab87	16	14214212	14857718	247	0.6587
3285e0c3-243c-41ac-b930-880af2f6ab87	16	14869842	14877558	2	-0.738
3285e0c3-243c-41ac-b930-880af2f6ab87	16	14879136	14959982	24	0.4907
3285e0c3-243c-41ac-b930-880af2f6ab87	16	14959994	15022400	33	0.0512
3285e0c3-243c-41ac-b930-880af2f6ab87	16	15031584	17912720	1443	0.5396
3285e0c3-243c-41ac-b930-880af2f6ab87	16	17913366	17914072	4	-0.6802
3285e0c3-243c-41ac-b930-880af2f6ab87	16	17914478	18162067	154	0.563
3285e0c3-243c-41ac-b930-880af2f6ab87	16	18168316	18192658	3	-0.7889
3285e0c3-243c-41ac-b930-880af2f6ab87	16	18212128	23313914	2502	0.5856
3285e0c3-243c-41ac-b930-880af2f6ab87	16	23315403	23894414	338	-0.7373
3285e0c3-243c-41ac-b930-880af2f6ab87	16	23896540	32169655	4358	0.5886
3285e0c3-243c-41ac-b930-880af2f6ab87	16	32197425	32198553	2	-1.6187
3285e0c3-243c-41ac-b930-880af2f6ab87	16	32198778	33928108	60	0.4388
3285e0c3-243c-41ac-b930-880af2f6ab87	16	33964702	66769194	14165	-0.7254
3285e0c3-243c-41ac-b930-880af2f6ab87	16	66769252	70689037	1694	-0.6515
3285e0c3-243c-41ac-b930-880af2f6ab87	16	70689411	78337711	5308	-0.7188
3285e0c3-243c-41ac-b930-880af2f6ab87	16	78338543	78350841	16	-2.1497
3285e0c3-243c-41ac-b930-880af2f6ab87	16	78350868	79110959	1041	-0.7536
3285e0c3-243c-41ac-b930-880af2f6ab87	16	79111485	79113570	2	-2.8438
3285e0c3-243c-41ac-b930-880af2f6ab87	16	79114219	83946032	5255	-0.7443
3285e0c3-243c-41ac-b930-880af2f6ab87	16	83946386	83946424	2	-3.0069
3285e0c3-243c-41ac-b930-880af2f6ab87	16	83956245	90096867	4303	-0.7444
3285e0c3-243c-41ac-b930-880af2f6ab87	17	150733	12216468	7347	-0.6989
3285e0c3-243c-41ac-b930-880af2f6ab87	17	12222561	12224512	4	-2.8556
3285e0c3-243c-41ac-b930-880af2f6ab87	17	12226449	18375453	4004	-0.7134
3285e0c3-243c-41ac-b930-880af2f6ab87	17	18375514	18592992	51	-0.2804
3285e0c3-243c-41ac-b930-880af2f6ab87	17	18593989	21774057	1244	-0.6743
3285e0c3-243c-41ac-b930-880af2f6ab87	17	22050386	26943491	226	0.4984
3285e0c3-243c-41ac-b930-880af2f6ab87	17	26943774	27077635	59	0.0898
3285e0c3-243c-41ac-b930-880af2f6ab87	17	27082500	27113281	14	-0.2858
3285e0c3-243c-41ac-b930-880af2f6ab87	17	27113356	29455209	1141	0.0942
3285e0c3-243c-41ac-b930-880af2f6ab87	17	29455272	29455859	3	-1.1685
3285e0c3-243c-41ac-b930-880af2f6ab87	17	29461239	36109315	4138	0.0777
3285e0c3-243c-41ac-b930-880af2f6ab87	17	36109735	36157718	35	-0.3238
3285e0c3-243c-41ac-b930-880af2f6ab87	17	36200725	38608238	1139	0.0761
3285e0c3-243c-41ac-b930-880af2f6ab87	17	38609650	41266774	1388	0.5664
3285e0c3-243c-41ac-b930-880af2f6ab87	17	41266805	41267082	10	1.8976
3285e0c3-243c-41ac-b930-880af2f6ab87	17	41267234	41273905	8	0.6668
3285e0c3-243c-41ac-b930-880af2f6ab87	17	41273921	41274198	3	4.1387
3285e0c3-243c-41ac-b930-880af2f6ab87	17	41274279	41348899	75	0.5404
3285e0c3-243c-41ac-b930-880af2f6ab87	17	41354660	41366243	29	-0.5275
3285e0c3-243c-41ac-b930-880af2f6ab87	17	41370057	45571174	2052	0.5728
3285e0c3-243c-41ac-b930-880af2f6ab87	17	45577724	45582060	7	-0.295
3285e0c3-243c-41ac-b930-880af2f6ab87	17	45587327	69889125	14143	0.5841
3285e0c3-243c-41ac-b930-880af2f6ab87	17	69889342	69895785	3	-0.9505
3285e0c3-243c-41ac-b930-880af2f6ab87	17	69895877	73742096	3054	0.5955
3285e0c3-243c-41ac-b930-880af2f6ab87	17	73742947	74608796	572	0.4947
3285e0c3-243c-41ac-b930-880af2f6ab87	17	74608946	82035188	3757	0.5792
3285e0c3-243c-41ac-b930-880af2f6ab87	17	82041501	82041935	2	-0.9092
3285e0c3-243c-41ac-b930-880af2f6ab87	17	82046065	83091923	493	0.5685
3285e0c3-243c-41ac-b930-880af2f6ab87	18	48133	1902885	1314	0.1053
3285e0c3-243c-41ac-b930-880af2f6ab87	18	1905357	1980667	93	-0.9241
3285e0c3-243c-41ac-b930-880af2f6ab87	18	1980786	5930481	2773	0.1061
3285e0c3-243c-41ac-b930-880af2f6ab87	18	5930507	5935866	5	-1.4126
3285e0c3-243c-41ac-b930-880af2f6ab87	18	5935964	11607752	4334	0.0898
3285e0c3-243c-41ac-b930-880af2f6ab87	18	11607979	11637253	4	-1.0771
3285e0c3-243c-41ac-b930-880af2f6ab87	18	11648760	15183613	1847	0.0938
3285e0c3-243c-41ac-b930-880af2f6ab87	18	15191560	15229554	6	-0.9308
3285e0c3-243c-41ac-b930-880af2f6ab87	18	15249180	40680484	12409	0.1073
3285e0c3-243c-41ac-b930-880af2f6ab87	18	40680506	40685425	16	0.6568
3285e0c3-243c-41ac-b930-880af2f6ab87	18	40688060	59985517	13206	0.0925
3285e0c3-243c-41ac-b930-880af2f6ab87	18	59985563	59997792	42	0.6011
3285e0c3-243c-41ac-b930-880af2f6ab87	18	60001293	66038752	4238	0.1014
3285e0c3-243c-41ac-b930-880af2f6ab87	18	66049692	66065858	30	-0.3673
3285e0c3-243c-41ac-b930-880af2f6ab87	18	66066360	80257174	10415	0.1006
3285e0c3-243c-41ac-b930-880af2f6ab87	19	90910	335055	51	-0.6934
3285e0c3-243c-41ac-b930-880af2f6ab87	19	335323	412730	29	0.532
3285e0c3-243c-41ac-b930-880af2f6ab87	19	414810	2410258	456	-0.6525
3285e0c3-243c-41ac-b930-880af2f6ab87	19	2412036	3488242	406	0.1366
3285e0c3-243c-41ac-b930-880af2f6ab87	19	3488513	3696305	38	-0.545
3285e0c3-243c-41ac-b930-880af2f6ab87	19	3700861	3886676	60	0.1165
3285e0c3-243c-41ac-b930-880af2f6ab87	19	3895678	4425829	129	0.9247
3285e0c3-243c-41ac-b930-880af2f6ab87	19	4431541	4809242	111	0.0604
3285e0c3-243c-41ac-b930-880af2f6ab87	19	4821587	4866427	21	0.7321
3285e0c3-243c-41ac-b930-880af2f6ab87	19	4870918	5170329	115	1.0008
3285e0c3-243c-41ac-b930-880af2f6ab87	19	5171097	5375077	96	0.5916
3285e0c3-243c-41ac-b930-880af2f6ab87	19	5376374	6872916	724	-0.6483
3285e0c3-243c-41ac-b930-880af2f6ab87	19	6880288	7015036	104	0.5849
3285e0c3-243c-41ac-b930-880af2f6ab87	19	7071383	7742628	326	2.7993
3285e0c3-243c-41ac-b930-880af2f6ab87	19	7742664	7786139	45	2.2641
3285e0c3-243c-41ac-b930-880af2f6ab87	19	7787451	16930362	4601	-0.6313
3285e0c3-243c-41ac-b930-880af2f6ab87	19	16934264	17618787	291	0.6221
3285e0c3-243c-41ac-b930-880af2f6ab87	19	17621903	18519020	387	-0.6215
3285e0c3-243c-41ac-b930-880af2f6ab87	19	18526680	20405326	915	0.5856
3285e0c3-243c-41ac-b930-880af2f6ab87	19	20406027	21700824	726	0.1008
3285e0c3-243c-41ac-b930-880af2f6ab87	19	21703134	21827337	61	0.6338
3285e0c3-243c-41ac-b930-880af2f6ab87	19	21827700	22059602	151	0.0891
3285e0c3-243c-41ac-b930-880af2f6ab87	19	22060301	22271437	137	-0.633
3285e0c3-243c-41ac-b930-880af2f6ab87	19	22283989	22715919	232	0.1366
3285e0c3-243c-41ac-b930-880af2f6ab87	19	22717097	22719908	5	-0.6113
3285e0c3-243c-41ac-b930-880af2f6ab87	19	22720531	22810536	48	0.0885
3285e0c3-243c-41ac-b930-880af2f6ab87	19	22811804	24324370	879	-0.6521
3285e0c3-243c-41ac-b930-880af2f6ab87	19	24399775	42950466	9330	0.1019
3285e0c3-243c-41ac-b930-880af2f6ab87	19	42953902	42956839	2	-1.7568
3285e0c3-243c-41ac-b930-880af2f6ab87	19	42961019	44401739	875	0.0992
3285e0c3-243c-41ac-b930-880af2f6ab87	19	44402359	44402382	2	-1.557
3285e0c3-243c-41ac-b930-880af2f6ab87	19	44402845	50049637	2531	0.1178
3285e0c3-243c-41ac-b930-880af2f6ab87	19	50055282	50055302	2	-2.841
3285e0c3-243c-41ac-b930-880af2f6ab87	19	50055880	51639099	864	0.0878
3285e0c3-243c-41ac-b930-880af2f6ab87	19	51639362	51644944	10	-0.7026
3285e0c3-243c-41ac-b930-880af2f6ab87	19	51651652	54215099	1731	0.0896
3285e0c3-243c-41ac-b930-880af2f6ab87	19	54215136	54237443	17	0.8551
3285e0c3-243c-41ac-b930-880af2f6ab87	19	54249482	58586487	2587	0.0961
3285e0c3-243c-41ac-b930-880af2f6ab87	20	80664	80907	8	0.5543
3285e0c3-243c-41ac-b930-880af2f6ab87	20	80941	961022	695	-0.7242
3285e0c3-243c-41ac-b930-880af2f6ab87	20	965819	965855	2	-3.1725
3285e0c3-243c-41ac-b930-880af2f6ab87	20	966371	1590679	512	-0.7453
3285e0c3-243c-41ac-b930-880af2f6ab87	20	1590717	1601561	20	-0.1535
3285e0c3-243c-41ac-b930-880af2f6ab87	20	1609611	1749648	155	-0.7908
3285e0c3-243c-41ac-b930-880af2f6ab87	20	1755274	15327324	10246	0.0955
3285e0c3-243c-41ac-b930-880af2f6ab87	20	15330724	15337332	17	-0.8999
3285e0c3-243c-41ac-b930-880af2f6ab87	20	15341445	23184378	6379	0.1095
3285e0c3-243c-41ac-b930-880af2f6ab87	20	23190094	23193757	7	-3.1772
3285e0c3-243c-41ac-b930-880af2f6ab87	20	23195875	25760362	1800	0.0805
3285e0c3-243c-41ac-b930-880af2f6ab87	20	25763585	25764087	2	-1.8175
3285e0c3-243c-41ac-b930-880af2f6ab87	20	25774116	61322106	21076	0.0989
3285e0c3-243c-41ac-b930-880af2f6ab87	20	61323223	61323953	2	-1.4392
3285e0c3-243c-41ac-b930-880af2f6ab87	20	61324449	64324800	1441	0.0977
3285e0c3-243c-41ac-b930-880af2f6ab87	21	10354168	10388521	6	-0.9861
3285e0c3-243c-41ac-b930-880af2f6ab87	21	10404309	10753316	79	-0.039
3285e0c3-243c-41ac-b930-880af2f6ab87	21	10756733	17449150	2552	-0.7082
3285e0c3-243c-41ac-b930-880af2f6ab87	21	17449580	17449856	3	-3.3586
3285e0c3-243c-41ac-b930-880af2f6ab87	21	17455917	25188473	5904	-0.7085
3285e0c3-243c-41ac-b930-880af2f6ab87	21	25192750	25220971	30	0.1594
3285e0c3-243c-41ac-b930-880af2f6ab87	21	25222056	25280482	45	-0.5673
3285e0c3-243c-41ac-b930-880af2f6ab87	21	25282634	25297799	10	0.3388
3285e0c3-243c-41ac-b930-880af2f6ab87	21	25302149	29884730	3449	-0.7292
3285e0c3-243c-41ac-b930-880af2f6ab87	21	29891201	29891235	2	-3.2666
3285e0c3-243c-41ac-b930-880af2f6ab87	21	29892163	37647381	5287	-0.7184
3285e0c3-243c-41ac-b930-880af2f6ab87	21	37648633	37742817	83	1.3709
3285e0c3-243c-41ac-b930-880af2f6ab87	21	37742921	37861757	130	1.2219
3285e0c3-243c-41ac-b930-880af2f6ab87	21	37862042	37942765	67	1.4626
3285e0c3-243c-41ac-b930-880af2f6ab87	21	37946151	38213974	179	1.1881
3285e0c3-243c-41ac-b930-880af2f6ab87	21	38217052	38810253	650	1.4132
3285e0c3-243c-41ac-b930-880af2f6ab87	21	38815826	38818612	6	0.3243
3285e0c3-243c-41ac-b930-880af2f6ab87	21	38818682	39134268	335	1.3516
3285e0c3-243c-41ac-b930-880af2f6ab87	21	39134798	39727192	401	0.9764
3285e0c3-243c-41ac-b930-880af2f6ab87	21	39727715	40227253	533	-0.686
3285e0c3-243c-41ac-b930-880af2f6ab87	21	40233695	40918245	588	0.9934
3285e0c3-243c-41ac-b930-880af2f6ab87	21	40919752	40921039	3	-0.5772
3285e0c3-243c-41ac-b930-880af2f6ab87	21	40921727	41123518	165	1.0225
3285e0c3-243c-41ac-b930-880af2f6ab87	21	41124424	41134180	11	-0.2448
3285e0c3-243c-41ac-b930-880af2f6ab87	21	41136979	45407957	2575	-0.7224
3285e0c3-243c-41ac-b930-880af2f6ab87	21	45419655	45572899	64	-1.0574
3285e0c3-243c-41ac-b930-880af2f6ab87	21	45573283	46198795	343	-0.7201
3285e0c3-243c-41ac-b930-880af2f6ab87	21	46203067	46677045	317	0.0884
3285e0c3-243c-41ac-b930-880af2f6ab87	22	15294547	18190590	1129	-0.6885
3285e0c3-243c-41ac-b930-880af2f6ab87	22	18392404	18918078	12	0.5156
3285e0c3-243c-41ac-b930-880af2f6ab87	22	18918093	19660989	464	-0.695
3285e0c3-243c-41ac-b930-880af2f6ab87	22	19663587	20595570	558	-0.8514
3285e0c3-243c-41ac-b930-880af2f6ab87	22	20595982	21998669	785	-0.6285
3285e0c3-243c-41ac-b930-880af2f6ab87	22	21999208	21999332	2	-2.9823
3285e0c3-243c-41ac-b930-880af2f6ab87	22	21999583	22585167	592	-0.685
3285e0c3-243c-41ac-b930-880af2f6ab87	22	22585190	22586209	2	-3.4922
3285e0c3-243c-41ac-b930-880af2f6ab87	22	22586915	48943499	18486	-0.7013
3285e0c3-243c-41ac-b930-880af2f6ab87	22	48950112	50249919	957	-0.8493
3285e0c3-243c-41ac-b930-880af2f6ab87	22	50252407	50796027	228	-0.7367
3285e0c3-243c-41ac-b930-880af2f6ab87	X	251810	56418402	32388	0.0061
3285e0c3-243c-41ac-b930-880af2f6ab87	X	56422193	56422593	2	2.1565
3285e0c3-243c-41ac-b930-880af2f6ab87	X	56422802	56630035	107	0.0184
3285e0c3-243c-41ac-b930-880af2f6ab87	X	56635479	56646272	3	-2.1018
3285e0c3-243c-41ac-b930-880af2f6ab87	X	56652478	141475512	42128	0.0025
3285e0c3-243c-41ac-b930-880af2f6ab87	X	141559094	141578177	2	-2.1844
3285e0c3-243c-41ac-b930-880af2f6ab87	X	141585262	155952689	8819	0.0019
3285e0c3-243c-41ac-b930-880af2f6ab87	Y	2784693	2945881	83	-1.1303
3285e0c3-243c-41ac-b930-880af2f6ab87	Y	2946519	2947262	2	-4.2525
3285e0c3-243c-41ac-b930-880af2f6ab87	Y	2949997	56872112	6192	-1.2168
