GDC_Aliquot	Chromosome	Start	End	Num_Probes	Segment_Mean
3d9c05e8-e272-4ded-9b7f-9bc8c8fff4a6	1	3301765	5185758	1331	0.0124
3d9c05e8-e272-4ded-9b7f-9bc8c8fff4a6	1	5186566	5187295	3	-1.0171
3d9c05e8-e272-4ded-9b7f-9bc8c8fff4a6	1	5190437	29909160	12887	0.012
3d9c05e8-e272-4ded-9b7f-9bc8c8fff4a6	1	29909710	29911764	2	-1.3999
3d9c05e8-e272-4ded-9b7f-9bc8c8fff4a6	1	29911805	31148580	765	0.0046
3d9c05e8-e272-4ded-9b7f-9bc8c8fff4a6	1	31150820	31152499	2	-1.9581
3d9c05e8-e272-4ded-9b7f-9bc8c8fff4a6	1	31152542	247650984	114696	0.0058
3d9c05e8-e272-4ded-9b7f-9bc8c8fff4a6	2	480597	13655333	8427	0.0083
3d9c05e8-e272-4ded-9b7f-9bc8c8fff4a6	2	13655503	13655635	2	-1.6443
3d9c05e8-e272-4ded-9b7f-9bc8c8fff4a6	2	13656748	241537572	123702	0.0087
3d9c05e8-e272-4ded-9b7f-9bc8c8fff4a6	3	2170634	82256765	47417	0.0065
3d9c05e8-e272-4ded-9b7f-9bc8c8fff4a6	3	82258140	82259589	2	-2.8862
3d9c05e8-e272-4ded-9b7f-9bc8c8fff4a6	3	82260424	197812401	59712	0.0079
3d9c05e8-e272-4ded-9b7f-9bc8c8fff4a6	4	1059384	187842528	103452	0.0056
3d9c05e8-e272-4ded-9b7f-9bc8c8fff4a6	5	914118	180934240	101047	0.0031
3d9c05e8-e272-4ded-9b7f-9bc8c8fff4a6	6	1011760	170596889	97114	0.0077
3d9c05e8-e272-4ded-9b7f-9bc8c8fff4a6	7	664936	158592540	81896	0.0059
3d9c05e8-e272-4ded-9b7f-9bc8c8fff4a6	8	667625	144182542	82177	0.0047
3d9c05e8-e272-4ded-9b7f-9bc8c8fff4a6	9	789794	138044505	68460	0.0063
3d9c05e8-e272-4ded-9b7f-9bc8c8fff4a6	10	366509	133411599	81247	0.005
3d9c05e8-e272-4ded-9b7f-9bc8c8fff4a6	11	456012	134272740	77515	0.0067
3d9c05e8-e272-4ded-9b7f-9bc8c8fff4a6	12	780472	132605822	74292	0.0068
3d9c05e8-e272-4ded-9b7f-9bc8c8fff4a6	13	18874255	114226675	56960	0.0059
3d9c05e8-e272-4ded-9b7f-9bc8c8fff4a6	14	20033191	105533894	49759	0.0137
3d9c05e8-e272-4ded-9b7f-9bc8c8fff4a6	15	23437561	101344124	44755	0.0086
3d9c05e8-e272-4ded-9b7f-9bc8c8fff4a6	16	603333	82284440	37000	-0.0046
3d9c05e8-e272-4ded-9b7f-9bc8c8fff4a6	16	82284883	82289608	2	-2.2225
3d9c05e8-e272-4ded-9b7f-9bc8c8fff4a6	16	82289633	85338814	1963	-0.0245
3d9c05e8-e272-4ded-9b7f-9bc8c8fff4a6	16	85341107	85342678	3	-1.0613
3d9c05e8-e272-4ded-9b7f-9bc8c8fff4a6	16	85343282	85785915	247	0.0091
3d9c05e8-e272-4ded-9b7f-9bc8c8fff4a6	16	85786915	85787980	3	-1.7048
3d9c05e8-e272-4ded-9b7f-9bc8c8fff4a6	16	85789269	89317317	1949	-0.0072
3d9c05e8-e272-4ded-9b7f-9bc8c8fff4a6	17	1074619	2825381	740	0.0021
3d9c05e8-e272-4ded-9b7f-9bc8c8fff4a6	17	2830884	2851508	14	-0.446
3d9c05e8-e272-4ded-9b7f-9bc8c8fff4a6	17	2851562	9581857	3561	0.0179
3d9c05e8-e272-4ded-9b7f-9bc8c8fff4a6	17	9583764	9583987	2	-1.5155
3d9c05e8-e272-4ded-9b7f-9bc8c8fff4a6	17	9584002	82959812	32943	0.0099
3d9c05e8-e272-4ded-9b7f-9bc8c8fff4a6	18	326691	79349796	42936	0.0092
3d9c05e8-e272-4ded-9b7f-9bc8c8fff4a6	19	283868	51215611	21063	0.0104
3d9c05e8-e272-4ded-9b7f-9bc8c8fff4a6	19	51216216	51217228	2	-1.6694
3d9c05e8-e272-4ded-9b7f-9bc8c8fff4a6	19	51223357	58370362	3075	0.0045
3d9c05e8-e272-4ded-9b7f-9bc8c8fff4a6	20	472817	1697542	719	0.0043
3d9c05e8-e272-4ded-9b7f-9bc8c8fff4a6	20	1697737	1697991	2	-1.7317
3d9c05e8-e272-4ded-9b7f-9bc8c8fff4a6	20	1698418	62647076	36481	0.009
3d9c05e8-e272-4ded-9b7f-9bc8c8fff4a6	20	62647433	62649373	3	-1.2538
3d9c05e8-e272-4ded-9b7f-9bc8c8fff4a6	20	62650521	63588502	321	0.0053
3d9c05e8-e272-4ded-9b7f-9bc8c8fff4a6	21	13974127	41496204	18370	0.0031
3d9c05e8-e272-4ded-9b7f-9bc8c8fff4a6	21	41496268	41496286	2	-1.6549
3d9c05e8-e272-4ded-9b7f-9bc8c8fff4a6	21	41496410	42134417	491	0.0114
3d9c05e8-e272-4ded-9b7f-9bc8c8fff4a6	21	42137549	42139672	2	-1.3826
3d9c05e8-e272-4ded-9b7f-9bc8c8fff4a6	21	42139792	45915426	1589	0.0103
3d9c05e8-e272-4ded-9b7f-9bc8c8fff4a6	21	45915973	45918093	2	-1.2619
3d9c05e8-e272-4ded-9b7f-9bc8c8fff4a6	21	45920391	46262057	135	0.0073
3d9c05e8-e272-4ded-9b7f-9bc8c8fff4a6	22	16934932	48940621	17074	-0.0053
3d9c05e8-e272-4ded-9b7f-9bc8c8fff4a6	X	3236359	155677414	63958	0.0049
