GDC_Aliquot	Chromosome	Start	End	Num_Probes	Segment_Mean
147ea216-05b9-41bb-9bf0-4ebe38d36183	1	62920	98602	13	0.7624
147ea216-05b9-41bb-9bf0-4ebe38d36183	1	259407	3087793	639	0.0191
147ea216-05b9-41bb-9bf0-4ebe38d36183	1	3093405	3094022	2	-1.433
147ea216-05b9-41bb-9bf0-4ebe38d36183	1	3109148	8142933	3393	0.0278
147ea216-05b9-41bb-9bf0-4ebe38d36183	1	8146070	8149261	6	0.6627
147ea216-05b9-41bb-9bf0-4ebe38d36183	1	8157027	16570326	4594	0.0196
147ea216-05b9-41bb-9bf0-4ebe38d36183	1	16583114	16877002	57	-0.2984
147ea216-05b9-41bb-9bf0-4ebe38d36183	1	16883108	23631293	4413	0.0184
147ea216-05b9-41bb-9bf0-4ebe38d36183	1	23632431	23633123	2	-1.5119
147ea216-05b9-41bb-9bf0-4ebe38d36183	1	23634378	25256850	899	0.0299
147ea216-05b9-41bb-9bf0-4ebe38d36183	1	25266637	25320455	24	-2.0864
147ea216-05b9-41bb-9bf0-4ebe38d36183	1	25336819	45160503	10908	0.0189
147ea216-05b9-41bb-9bf0-4ebe38d36183	1	45169109	45176116	7	-0.8604
147ea216-05b9-41bb-9bf0-4ebe38d36183	1	45186569	67525427	14863	0.0214
147ea216-05b9-41bb-9bf0-4ebe38d36183	1	67526399	67527394	3	-0.9639
147ea216-05b9-41bb-9bf0-4ebe38d36183	1	67528099	72303233	2965	0.0205
147ea216-05b9-41bb-9bf0-4ebe38d36183	1	72303253	72345465	45	-1.4349
147ea216-05b9-41bb-9bf0-4ebe38d36183	1	72346221	105470754	20958	0.013
147ea216-05b9-41bb-9bf0-4ebe38d36183	1	105476583	105479753	17	0.6652
147ea216-05b9-41bb-9bf0-4ebe38d36183	1	105481433	107672688	1549	0.0016
147ea216-05b9-41bb-9bf0-4ebe38d36183	1	107675635	107675654	2	-1.26
147ea216-05b9-41bb-9bf0-4ebe38d36183	1	107676065	112147704	3045	0.0123
147ea216-05b9-41bb-9bf0-4ebe38d36183	1	112153343	112154768	25	0.4704
147ea216-05b9-41bb-9bf0-4ebe38d36183	1	112163334	121601998	5160	0.0129
147ea216-05b9-41bb-9bf0-4ebe38d36183	1	121705338	143714665	96	-0.6291
147ea216-05b9-41bb-9bf0-4ebe38d36183	1	143714703	152782154	2542	0.0213
147ea216-05b9-41bb-9bf0-4ebe38d36183	1	152783832	152806050	48	-0.3549
147ea216-05b9-41bb-9bf0-4ebe38d36183	1	152806082	161648901	5263	0.0135
147ea216-05b9-41bb-9bf0-4ebe38d36183	1	161649069	161649268	6	0.959
147ea216-05b9-41bb-9bf0-4ebe38d36183	1	161678447	175506522	10024	0.0148
147ea216-05b9-41bb-9bf0-4ebe38d36183	1	175506933	175507061	2	-1.3893
147ea216-05b9-41bb-9bf0-4ebe38d36183	1	175507756	196820637	14219	0.0211
147ea216-05b9-41bb-9bf0-4ebe38d36183	1	196820704	196847600	17	-0.3848
147ea216-05b9-41bb-9bf0-4ebe38d36183	1	196854187	196916555	54	-0.8373
147ea216-05b9-41bb-9bf0-4ebe38d36183	1	196917579	209897717	8732	0.0166
147ea216-05b9-41bb-9bf0-4ebe38d36183	1	209908268	209908720	2	-1.8315
147ea216-05b9-41bb-9bf0-4ebe38d36183	1	209910639	217536548	5380	0.0159
147ea216-05b9-41bb-9bf0-4ebe38d36183	1	217537191	217537218	2	-2.1579
147ea216-05b9-41bb-9bf0-4ebe38d36183	1	217546221	240228440	15773	0.0133
147ea216-05b9-41bb-9bf0-4ebe38d36183	1	240230715	240230839	6	-1.6471
147ea216-05b9-41bb-9bf0-4ebe38d36183	1	240232805	248930189	5860	0.0123
147ea216-05b9-41bb-9bf0-4ebe38d36183	2	12784	4158097	2987	0.0136
147ea216-05b9-41bb-9bf0-4ebe38d36183	2	4166274	4182472	43	-0.5583
147ea216-05b9-41bb-9bf0-4ebe38d36183	2	4187192	12130934	6211	0.0079
147ea216-05b9-41bb-9bf0-4ebe38d36183	2	12131720	12132422	2	-1.3836
147ea216-05b9-41bb-9bf0-4ebe38d36183	2	12132745	14563570	1790	0.0127
147ea216-05b9-41bb-9bf0-4ebe38d36183	2	14564825	14569968	12	-0.885
147ea216-05b9-41bb-9bf0-4ebe38d36183	2	14570240	34466002	13038	0.0172
147ea216-05b9-41bb-9bf0-4ebe38d36183	2	34474248	34511990	46	0.4895
147ea216-05b9-41bb-9bf0-4ebe38d36183	2	34512096	52527330	13006	0.0144
147ea216-05b9-41bb-9bf0-4ebe38d36183	2	52527342	52554404	39	0.4944
147ea216-05b9-41bb-9bf0-4ebe38d36183	2	52560811	146104517	53259	0.0175
147ea216-05b9-41bb-9bf0-4ebe38d36183	2	146106836	146107801	11	0.379
147ea216-05b9-41bb-9bf0-4ebe38d36183	2	146108179	146109139	10	0.8702
147ea216-05b9-41bb-9bf0-4ebe38d36183	2	146109230	159099063	7784	0.0147
147ea216-05b9-41bb-9bf0-4ebe38d36183	2	159099246	159106775	9	-0.6287
147ea216-05b9-41bb-9bf0-4ebe38d36183	2	159106794	179546427	12704	0.0155
147ea216-05b9-41bb-9bf0-4ebe38d36183	2	179548635	179557410	32	-0.7221
147ea216-05b9-41bb-9bf0-4ebe38d36183	2	179560916	242147305	38535	0.0162
147ea216-05b9-41bb-9bf0-4ebe38d36183	3	20930	6604856	5815	0.0139
147ea216-05b9-41bb-9bf0-4ebe38d36183	3	6609441	6611645	23	-0.6502
147ea216-05b9-41bb-9bf0-4ebe38d36183	3	6613391	13579820	5313	0.0198
147ea216-05b9-41bb-9bf0-4ebe38d36183	3	13580032	13580411	4	-0.9789
147ea216-05b9-41bb-9bf0-4ebe38d36183	3	13583399	26541729	8839	0.0192
147ea216-05b9-41bb-9bf0-4ebe38d36183	3	26546950	26547166	2	-1.2262
147ea216-05b9-41bb-9bf0-4ebe38d36183	3	26547373	28881852	1541	0.0091
147ea216-05b9-41bb-9bf0-4ebe38d36183	3	28882092	28883396	5	-0.9147
147ea216-05b9-41bb-9bf0-4ebe38d36183	3	28884364	37935926	6080	0.0201
147ea216-05b9-41bb-9bf0-4ebe38d36183	3	37940617	37945437	18	-0.7976
147ea216-05b9-41bb-9bf0-4ebe38d36183	3	37945615	52989195	8072	0.019
147ea216-05b9-41bb-9bf0-4ebe38d36183	3	52994359	53005247	39	-0.5581
147ea216-05b9-41bb-9bf0-4ebe38d36183	3	53005263	60661757	5641	0.0144
147ea216-05b9-41bb-9bf0-4ebe38d36183	3	60661807	60673834	7	-0.7241
147ea216-05b9-41bb-9bf0-4ebe38d36183	3	60674387	65202778	3911	0.0206
147ea216-05b9-41bb-9bf0-4ebe38d36183	3	65203560	65224777	52	-2.5891
147ea216-05b9-41bb-9bf0-4ebe38d36183	3	65230674	68697013	2424	0.0168
147ea216-05b9-41bb-9bf0-4ebe38d36183	3	68697108	68697672	7	-0.5655
147ea216-05b9-41bb-9bf0-4ebe38d36183	3	68697689	68698213	6	-0.8013
147ea216-05b9-41bb-9bf0-4ebe38d36183	3	68698262	75519398	4929	0.0167
147ea216-05b9-41bb-9bf0-4ebe38d36183	3	75523398	75537654	6	1.1499
147ea216-05b9-41bb-9bf0-4ebe38d36183	3	75546030	99225667	10978	0.017
147ea216-05b9-41bb-9bf0-4ebe38d36183	3	99225703	99230464	33	0.3513
147ea216-05b9-41bb-9bf0-4ebe38d36183	3	99230470	162795304	39024	0.0167
147ea216-05b9-41bb-9bf0-4ebe38d36183	3	162795361	162898127	61	0.4077
147ea216-05b9-41bb-9bf0-4ebe38d36183	3	162906054	193160113	19175	0.0213
147ea216-05b9-41bb-9bf0-4ebe38d36183	3	193160173	193162684	7	0.9792
147ea216-05b9-41bb-9bf0-4ebe38d36183	3	193162798	195549253	1491	0.0215
147ea216-05b9-41bb-9bf0-4ebe38d36183	3	195552392	195747892	48	-0.4873
147ea216-05b9-41bb-9bf0-4ebe38d36183	3	195751823	198142659	1162	0.0168
147ea216-05b9-41bb-9bf0-4ebe38d36183	3	198169114	198169247	4	-1.0545
147ea216-05b9-41bb-9bf0-4ebe38d36183	4	68929	10221792	5705	0.0247
147ea216-05b9-41bb-9bf0-4ebe38d36183	4	10222004	10233542	32	-0.8527
147ea216-05b9-41bb-9bf0-4ebe38d36183	4	10233558	26287196	11731	0.0188
147ea216-05b9-41bb-9bf0-4ebe38d36183	4	26290363	26293154	3	-1.1602
147ea216-05b9-41bb-9bf0-4ebe38d36183	4	26293552	34777432	5241	0.007
147ea216-05b9-41bb-9bf0-4ebe38d36183	4	34784878	34823103	38	-2.4453
147ea216-05b9-41bb-9bf0-4ebe38d36183	4	34828250	40564857	3798	0.0229
147ea216-05b9-41bb-9bf0-4ebe38d36183	4	40567950	40573234	3	-0.9219
147ea216-05b9-41bb-9bf0-4ebe38d36183	4	40576995	40698556	82	0.0211
147ea216-05b9-41bb-9bf0-4ebe38d36183	4	40701994	40702175	3	-3.0394
147ea216-05b9-41bb-9bf0-4ebe38d36183	4	40702670	63828222	12671	0.0154
147ea216-05b9-41bb-9bf0-4ebe38d36183	4	63831751	63841887	21	-1.0431
147ea216-05b9-41bb-9bf0-4ebe38d36183	4	63842036	63842540	6	-2.7898
147ea216-05b9-41bb-9bf0-4ebe38d36183	4	63850713	68352434	2850	0.0133
147ea216-05b9-41bb-9bf0-4ebe38d36183	4	68354665	68623617	91	-0.2705
147ea216-05b9-41bb-9bf0-4ebe38d36183	4	68639397	87745309	11763	0.0217
147ea216-05b9-41bb-9bf0-4ebe38d36183	4	87746645	87751588	29	-0.8954
147ea216-05b9-41bb-9bf0-4ebe38d36183	4	87753637	114252544	15904	0.0158
147ea216-05b9-41bb-9bf0-4ebe38d36183	4	114254167	114263073	24	-1.3441
147ea216-05b9-41bb-9bf0-4ebe38d36183	4	114263096	128518508	8392	0.0149
147ea216-05b9-41bb-9bf0-4ebe38d36183	4	128519848	128520596	2	-1.4563
147ea216-05b9-41bb-9bf0-4ebe38d36183	4	128523308	129141596	324	0.0289
147ea216-05b9-41bb-9bf0-4ebe38d36183	4	129146391	129147005	2	-2.5396
147ea216-05b9-41bb-9bf0-4ebe38d36183	4	129151408	154881396	15319	0.0159
147ea216-05b9-41bb-9bf0-4ebe38d36183	4	154881853	154881926	3	-2.4639
147ea216-05b9-41bb-9bf0-4ebe38d36183	4	154882047	160120152	3288	0.0181
147ea216-05b9-41bb-9bf0-4ebe38d36183	4	160131622	160149637	39	-0.8657
147ea216-05b9-41bb-9bf0-4ebe38d36183	4	160162718	168876796	5752	0.0206
147ea216-05b9-41bb-9bf0-4ebe38d36183	4	168878911	168885841	5	-0.8852
147ea216-05b9-41bb-9bf0-4ebe38d36183	4	168890606	171448195	1524	0.025
147ea216-05b9-41bb-9bf0-4ebe38d36183	4	171453733	171456559	10	1.1633
147ea216-05b9-41bb-9bf0-4ebe38d36183	4	171456573	177338780	3511	0.0112
147ea216-05b9-41bb-9bf0-4ebe38d36183	4	177341300	177342368	4	-0.8371
147ea216-05b9-41bb-9bf0-4ebe38d36183	4	177343235	178471202	786	0.0186
147ea216-05b9-41bb-9bf0-4ebe38d36183	4	178471209	178475027	3	-1.4993
147ea216-05b9-41bb-9bf0-4ebe38d36183	4	178475330	188300104	7041	0.0098
147ea216-05b9-41bb-9bf0-4ebe38d36183	4	188300206	188300221	2	-1.4935
147ea216-05b9-41bb-9bf0-4ebe38d36183	4	188300270	190106768	1142	0.0287
147ea216-05b9-41bb-9bf0-4ebe38d36183	5	15532	1670254	764	-0.0006
147ea216-05b9-41bb-9bf0-4ebe38d36183	5	1671163	1673560	3	-1.2872
147ea216-05b9-41bb-9bf0-4ebe38d36183	5	1674777	1773359	77	0.0158
147ea216-05b9-41bb-9bf0-4ebe38d36183	5	1778227	1778392	2	-1.4113
147ea216-05b9-41bb-9bf0-4ebe38d36183	5	1778664	5805002	3698	0.0077
147ea216-05b9-41bb-9bf0-4ebe38d36183	5	5806762	5808955	5	-0.8722
147ea216-05b9-41bb-9bf0-4ebe38d36183	5	5810619	16257016	7974	0.0191
147ea216-05b9-41bb-9bf0-4ebe38d36183	5	16257060	16257371	2	-1.8249
147ea216-05b9-41bb-9bf0-4ebe38d36183	5	16257589	53399527	20104	0.0128
147ea216-05b9-41bb-9bf0-4ebe38d36183	5	53400140	53401297	2	-1.9647
147ea216-05b9-41bb-9bf0-4ebe38d36183	5	53402557	58025819	3124	0.0117
147ea216-05b9-41bb-9bf0-4ebe38d36183	5	58030200	58044246	34	-0.389
147ea216-05b9-41bb-9bf0-4ebe38d36183	5	58045187	104515520	26832	0.0189
147ea216-05b9-41bb-9bf0-4ebe38d36183	5	104524672	104524903	4	-1.6528
147ea216-05b9-41bb-9bf0-4ebe38d36183	5	104525348	155526424	33052	0.0171
147ea216-05b9-41bb-9bf0-4ebe38d36183	5	155532282	155548720	9	0.7625
147ea216-05b9-41bb-9bf0-4ebe38d36183	5	155549546	173775504	12806	0.0171
147ea216-05b9-41bb-9bf0-4ebe38d36183	5	173778055	173779213	7	-0.807
147ea216-05b9-41bb-9bf0-4ebe38d36183	5	173779368	175935472	1656	0.0216
147ea216-05b9-41bb-9bf0-4ebe38d36183	5	175940876	175946505	3	-1.1448
147ea216-05b9-41bb-9bf0-4ebe38d36183	5	175960543	175993893	7	0.9607
147ea216-05b9-41bb-9bf0-4ebe38d36183	5	175999690	176042504	8	-0.4093
147ea216-05b9-41bb-9bf0-4ebe38d36183	5	176043321	177839225	732	0.0156
147ea216-05b9-41bb-9bf0-4ebe38d36183	5	177876764	177929702	7	-0.5552
147ea216-05b9-41bb-9bf0-4ebe38d36183	5	177933258	178680821	435	0.02
147ea216-05b9-41bb-9bf0-4ebe38d36183	5	178682974	178686162	3	-0.9624
147ea216-05b9-41bb-9bf0-4ebe38d36183	5	178691854	179504309	509	0.0053
147ea216-05b9-41bb-9bf0-4ebe38d36183	5	179509604	179510391	5	-1.0835
147ea216-05b9-41bb-9bf0-4ebe38d36183	5	179513195	180947523	832	0.0123
147ea216-05b9-41bb-9bf0-4ebe38d36183	5	180951710	180972373	7	-2.9457
147ea216-05b9-41bb-9bf0-4ebe38d36183	5	180975764	180991103	12	-1.6542
147ea216-05b9-41bb-9bf0-4ebe38d36183	5	181006225	181363319	170	-0.0378
147ea216-05b9-41bb-9bf0-4ebe38d36183	6	149661	323576	135	-0.0049
147ea216-05b9-41bb-9bf0-4ebe38d36183	6	327531	375277	61	0.2283
147ea216-05b9-41bb-9bf0-4ebe38d36183	6	375759	24946443	18856	0.0157
147ea216-05b9-41bb-9bf0-4ebe38d36183	6	24947544	24947577	2	1.6221
147ea216-05b9-41bb-9bf0-4ebe38d36183	6	24950971	29869411	2606	0.0143
147ea216-05b9-41bb-9bf0-4ebe38d36183	6	29869537	29875657	7	-0.8954
147ea216-05b9-41bb-9bf0-4ebe38d36183	6	29876257	29881490	7	-1.7971
147ea216-05b9-41bb-9bf0-4ebe38d36183	6	29882419	31313046	664	-0.019
147ea216-05b9-41bb-9bf0-4ebe38d36183	6	31318499	31328674	11	0.9766
147ea216-05b9-41bb-9bf0-4ebe38d36183	6	31342147	32533522	515	-0.0239
147ea216-05b9-41bb-9bf0-4ebe38d36183	6	32540699	32605994	16	0.8847
147ea216-05b9-41bb-9bf0-4ebe38d36183	6	32606237	32614112	10	-0.2649
147ea216-05b9-41bb-9bf0-4ebe38d36183	6	32614426	32637799	11	-1.1288
147ea216-05b9-41bb-9bf0-4ebe38d36183	6	32638107	32656527	4	-0.0504
147ea216-05b9-41bb-9bf0-4ebe38d36183	6	32656814	32658841	5	1.0789
147ea216-05b9-41bb-9bf0-4ebe38d36183	6	32682835	32711222	25	-0.0318
147ea216-05b9-41bb-9bf0-4ebe38d36183	6	32713753	32714947	4	-1.0744
147ea216-05b9-41bb-9bf0-4ebe38d36183	6	32715085	54066353	13672	0.0205
147ea216-05b9-41bb-9bf0-4ebe38d36183	6	54066432	54067005	5	-0.9074
147ea216-05b9-41bb-9bf0-4ebe38d36183	6	54067057	66328153	5369	0.021
147ea216-05b9-41bb-9bf0-4ebe38d36183	6	66331020	66333004	6	-2.0605
147ea216-05b9-41bb-9bf0-4ebe38d36183	6	66333299	73882142	5015	0.0151
147ea216-05b9-41bb-9bf0-4ebe38d36183	6	73882509	73891694	10	0.7403
147ea216-05b9-41bb-9bf0-4ebe38d36183	6	73893839	76730151	1770	0.0159
147ea216-05b9-41bb-9bf0-4ebe38d36183	6	76730331	76751356	21	0.3603
147ea216-05b9-41bb-9bf0-4ebe38d36183	6	76758214	76790458	44	0.0366
147ea216-05b9-41bb-9bf0-4ebe38d36183	6	76790809	76791548	4	-0.9462
147ea216-05b9-41bb-9bf0-4ebe38d36183	6	76791571	78261995	931	0.0038
147ea216-05b9-41bb-9bf0-4ebe38d36183	6	78262064	78329517	110	0.3261
147ea216-05b9-41bb-9bf0-4ebe38d36183	6	78331916	103286954	15474	0.022
147ea216-05b9-41bb-9bf0-4ebe38d36183	6	103290101	103314186	46	0.7159
147ea216-05b9-41bb-9bf0-4ebe38d36183	6	103317795	170741917	44167	0.0168
147ea216-05b9-41bb-9bf0-4ebe38d36183	7	43355	5911197	3063	-0.0015
147ea216-05b9-41bb-9bf0-4ebe38d36183	7	5916628	5999094	13	-0.5334
147ea216-05b9-41bb-9bf0-4ebe38d36183	7	5999270	32102645	20072	0.0148
147ea216-05b9-41bb-9bf0-4ebe38d36183	7	32104749	32123476	5	-1.1439
147ea216-05b9-41bb-9bf0-4ebe38d36183	7	32125901	54305455	15326	0.0058
147ea216-05b9-41bb-9bf0-4ebe38d36183	7	54318812	54318824	6	1.0041
147ea216-05b9-41bb-9bf0-4ebe38d36183	7	54325795	63381394	2335	0.0137
147ea216-05b9-41bb-9bf0-4ebe38d36183	7	63455884	63510457	5	-0.9296
147ea216-05b9-41bb-9bf0-4ebe38d36183	7	63523944	72223878	4640	0.0139
147ea216-05b9-41bb-9bf0-4ebe38d36183	7	72228448	72229180	4	-0.9017
147ea216-05b9-41bb-9bf0-4ebe38d36183	7	72231642	101437642	16410	0.0139
147ea216-05b9-41bb-9bf0-4ebe38d36183	7	101438517	101438705	2	-1.7628
147ea216-05b9-41bb-9bf0-4ebe38d36183	7	101442977	134100424	19816	0.0164
147ea216-05b9-41bb-9bf0-4ebe38d36183	7	134100442	134110881	25	0.5683
147ea216-05b9-41bb-9bf0-4ebe38d36183	7	134110912	142087510	5223	0.0121
147ea216-05b9-41bb-9bf0-4ebe38d36183	7	142087562	142090403	11	0.488
147ea216-05b9-41bb-9bf0-4ebe38d36183	7	142092108	144264193	1212	0.0347
147ea216-05b9-41bb-9bf0-4ebe38d36183	7	144295437	144343967	6	0.8909
147ea216-05b9-41bb-9bf0-4ebe38d36183	7	144352208	148017689	2410	0.0058
147ea216-05b9-41bb-9bf0-4ebe38d36183	7	148018302	148020170	5	-1.2566
147ea216-05b9-41bb-9bf0-4ebe38d36183	7	148024499	159334314	7236	0.017
147ea216-05b9-41bb-9bf0-4ebe38d36183	8	81254	644973	324	0.0199
147ea216-05b9-41bb-9bf0-4ebe38d36183	8	645220	645875	6	0.6876
147ea216-05b9-41bb-9bf0-4ebe38d36183	8	645892	645908	2	3.0857
147ea216-05b9-41bb-9bf0-4ebe38d36183	8	656117	4308211	3733	0.0124
147ea216-05b9-41bb-9bf0-4ebe38d36183	8	4308501	4308516	3	1.2347
147ea216-05b9-41bb-9bf0-4ebe38d36183	8	4308545	4310980	26	0.0807
147ea216-05b9-41bb-9bf0-4ebe38d36183	8	4311094	4311141	2	1.3492
147ea216-05b9-41bb-9bf0-4ebe38d36183	8	4311442	4977265	949	0.0383
147ea216-05b9-41bb-9bf0-4ebe38d36183	8	4979458	4981677	2	-1.5396
147ea216-05b9-41bb-9bf0-4ebe38d36183	8	4981987	7414835	2706	-0.0034
147ea216-05b9-41bb-9bf0-4ebe38d36183	8	7422376	7941868	27	-0.4775
147ea216-05b9-41bb-9bf0-4ebe38d36183	8	7974123	12176798	3245	0.0115
147ea216-05b9-41bb-9bf0-4ebe38d36183	8	12177488	12418301	31	-0.4352
147ea216-05b9-41bb-9bf0-4ebe38d36183	8	12419769	20428045	7128	0.0206
147ea216-05b9-41bb-9bf0-4ebe38d36183	8	20428136	20428482	2	-1.5934
147ea216-05b9-41bb-9bf0-4ebe38d36183	8	20428579	25117062	3295	0.019
147ea216-05b9-41bb-9bf0-4ebe38d36183	8	25117985	25121770	9	-0.7038
147ea216-05b9-41bb-9bf0-4ebe38d36183	8	25122039	39373140	9031	0.0155
147ea216-05b9-41bb-9bf0-4ebe38d36183	8	39378084	39529446	59	0.6222
147ea216-05b9-41bb-9bf0-4ebe38d36183	8	39530780	40611724	857	0.0192
147ea216-05b9-41bb-9bf0-4ebe38d36183	8	40611974	40612594	2	1.1875
147ea216-05b9-41bb-9bf0-4ebe38d36183	8	40617473	40914477	214	0.0136
147ea216-05b9-41bb-9bf0-4ebe38d36183	8	40920333	40920952	2	-1.9006
147ea216-05b9-41bb-9bf0-4ebe38d36183	8	40926161	111282852	40932	0.014
147ea216-05b9-41bb-9bf0-4ebe38d36183	8	111282973	111283016	2	-2.1583
147ea216-05b9-41bb-9bf0-4ebe38d36183	8	111283031	141574208	21473	0.014
147ea216-05b9-41bb-9bf0-4ebe38d36183	8	141574629	141580496	4	-1.1455
147ea216-05b9-41bb-9bf0-4ebe38d36183	8	141585696	143616987	922	-0.0053
147ea216-05b9-41bb-9bf0-4ebe38d36183	8	143622987	143625638	9	-0.6683
147ea216-05b9-41bb-9bf0-4ebe38d36183	8	143636819	145072769	502	0.0274
147ea216-05b9-41bb-9bf0-4ebe38d36183	9	46587	2148837	2314	0.0134
147ea216-05b9-41bb-9bf0-4ebe38d36183	9	2148966	2150662	5	-1.1838
147ea216-05b9-41bb-9bf0-4ebe38d36183	9	2152115	5074594	2909	0.0149
147ea216-05b9-41bb-9bf0-4ebe38d36183	9	5074727	5081953	24	-0.3761
147ea216-05b9-41bb-9bf0-4ebe38d36183	9	5082995	11934377	5949	0.016
147ea216-05b9-41bb-9bf0-4ebe38d36183	9	11941913	11995297	51	-0.8394
147ea216-05b9-41bb-9bf0-4ebe38d36183	9	11995307	11996759	4	-5.8714
147ea216-05b9-41bb-9bf0-4ebe38d36183	9	11996831	12019745	27	-0.8297
147ea216-05b9-41bb-9bf0-4ebe38d36183	9	12019818	39807498	19898	0.0113
147ea216-05b9-41bb-9bf0-4ebe38d36183	9	39827488	39833357	2	-1.5171
147ea216-05b9-41bb-9bf0-4ebe38d36183	9	39840169	41571374	85	0.0333
147ea216-05b9-41bb-9bf0-4ebe38d36183	9	41571860	42574420	54	0.4671
147ea216-05b9-41bb-9bf0-4ebe38d36183	9	42585140	42720266	12	-0.6206
147ea216-05b9-41bb-9bf0-4ebe38d36183	9	42726239	61680289	76	-0.0281
147ea216-05b9-41bb-9bf0-4ebe38d36183	9	61692082	63592813	42	-0.2254
147ea216-05b9-41bb-9bf0-4ebe38d36183	9	63614182	89919812	15635	0.0197
147ea216-05b9-41bb-9bf0-4ebe38d36183	9	89920120	89922150	2	-1.9608
147ea216-05b9-41bb-9bf0-4ebe38d36183	9	89922447	91631964	1382	0.0221
147ea216-05b9-41bb-9bf0-4ebe38d36183	9	91639868	91641163	17	-0.7491
147ea216-05b9-41bb-9bf0-4ebe38d36183	9	91641263	97396178	3538	0.0168
147ea216-05b9-41bb-9bf0-4ebe38d36183	9	97396533	97399475	3	-0.9891
147ea216-05b9-41bb-9bf0-4ebe38d36183	9	97400135	101993429	3055	0.0169
147ea216-05b9-41bb-9bf0-4ebe38d36183	9	101993584	101997808	7	-0.6175
147ea216-05b9-41bb-9bf0-4ebe38d36183	9	101998482	102914438	665	0.017
147ea216-05b9-41bb-9bf0-4ebe38d36183	9	102916631	102923536	10	-0.8707
147ea216-05b9-41bb-9bf0-4ebe38d36183	9	102923848	103804216	618	0.0102
147ea216-05b9-41bb-9bf0-4ebe38d36183	9	103806415	103807009	2	-3.2737
147ea216-05b9-41bb-9bf0-4ebe38d36183	9	103808421	126239857	16614	0.0175
147ea216-05b9-41bb-9bf0-4ebe38d36183	9	126244960	126245690	2	-1.3276
147ea216-05b9-41bb-9bf0-4ebe38d36183	9	126245876	138200944	6489	0.0127
147ea216-05b9-41bb-9bf0-4ebe38d36183	10	45792	20551871	17000	0.0118
147ea216-05b9-41bb-9bf0-4ebe38d36183	10	20551945	20564574	6	-0.8166
147ea216-05b9-41bb-9bf0-4ebe38d36183	10	20564605	29590302	6147	0.0115
147ea216-05b9-41bb-9bf0-4ebe38d36183	10	29592474	29592573	3	0.9751
147ea216-05b9-41bb-9bf0-4ebe38d36183	10	29593995	45798061	8290	0.0157
147ea216-05b9-41bb-9bf0-4ebe38d36183	10	45798171	45817039	2	-1.1417
147ea216-05b9-41bb-9bf0-4ebe38d36183	10	45936113	46146453	60	-0.0026
147ea216-05b9-41bb-9bf0-4ebe38d36183	10	46154876	46442116	171	0.5074
147ea216-05b9-41bb-9bf0-4ebe38d36183	10	46446814	80234421	22253	0.0147
147ea216-05b9-41bb-9bf0-4ebe38d36183	10	80234562	80237322	2	-2.9511
147ea216-05b9-41bb-9bf0-4ebe38d36183	10	80237692	89178916	6340	0.0173
147ea216-05b9-41bb-9bf0-4ebe38d36183	10	89183210	89188333	12	-0.9075
147ea216-05b9-41bb-9bf0-4ebe38d36183	10	89190337	130472507	28400	0.0142
147ea216-05b9-41bb-9bf0-4ebe38d36183	10	130472578	130472631	2	-1.3778
147ea216-05b9-41bb-9bf0-4ebe38d36183	10	130472877	133654968	1996	-0.0122
147ea216-05b9-41bb-9bf0-4ebe38d36183	11	198510	4234899	1740	0.0179
147ea216-05b9-41bb-9bf0-4ebe38d36183	11	4235070	4314648	23	0.6015
147ea216-05b9-41bb-9bf0-4ebe38d36183	11	4314837	5500921	1225	0.0151
147ea216-05b9-41bb-9bf0-4ebe38d36183	11	5500945	5501334	5	-0.8331
147ea216-05b9-41bb-9bf0-4ebe38d36183	11	5502363	6086560	511	0.0406
147ea216-05b9-41bb-9bf0-4ebe38d36183	11	6087039	6100864	8	-1.2119
147ea216-05b9-41bb-9bf0-4ebe38d36183	11	6101273	18919323	9159	0.0183
147ea216-05b9-41bb-9bf0-4ebe38d36183	11	18927525	18939631	35	1.3903
147ea216-05b9-41bb-9bf0-4ebe38d36183	11	18939734	18940441	10	0.5709
147ea216-05b9-41bb-9bf0-4ebe38d36183	11	18940469	24420560	4368	0.012
147ea216-05b9-41bb-9bf0-4ebe38d36183	11	24420628	24426702	6	-1.0379
147ea216-05b9-41bb-9bf0-4ebe38d36183	11	24428711	55595864	17389	0.0171
147ea216-05b9-41bb-9bf0-4ebe38d36183	11	55606556	55672514	47	0.58
147ea216-05b9-41bb-9bf0-4ebe38d36183	11	55674842	71832662	8381	0.0173
147ea216-05b9-41bb-9bf0-4ebe38d36183	11	71832965	71839046	3	-1.1846
147ea216-05b9-41bb-9bf0-4ebe38d36183	11	71840556	89741663	11487	0.017
147ea216-05b9-41bb-9bf0-4ebe38d36183	11	89754781	89834373	13	-0.71
147ea216-05b9-41bb-9bf0-4ebe38d36183	11	89847184	124570056	24451	0.0175
147ea216-05b9-41bb-9bf0-4ebe38d36183	11	124572129	124572138	2	-1.4077
147ea216-05b9-41bb-9bf0-4ebe38d36183	11	124572878	128461728	2838	0.0076
147ea216-05b9-41bb-9bf0-4ebe38d36183	11	128463161	128463624	5	-0.9681
147ea216-05b9-41bb-9bf0-4ebe38d36183	11	128464871	134731118	4837	0.0261
147ea216-05b9-41bb-9bf0-4ebe38d36183	11	134731897	134732386	2	-2.7249
147ea216-05b9-41bb-9bf0-4ebe38d36183	11	134737977	135074876	281	-0.0329
147ea216-05b9-41bb-9bf0-4ebe38d36183	12	51460	756804	416	0.0061
147ea216-05b9-41bb-9bf0-4ebe38d36183	12	759943	764863	18	-0.7352
147ea216-05b9-41bb-9bf0-4ebe38d36183	12	766188	3744030	2038	0.0151
147ea216-05b9-41bb-9bf0-4ebe38d36183	12	3745301	3752555	9	-0.8661
147ea216-05b9-41bb-9bf0-4ebe38d36183	12	3754725	11358644	4896	0.0101
147ea216-05b9-41bb-9bf0-4ebe38d36183	12	11359558	11390472	29	0.9017
147ea216-05b9-41bb-9bf0-4ebe38d36183	12	11399258	37593924	16232	0.0148
147ea216-05b9-41bb-9bf0-4ebe38d36183	12	37618765	37620216	2	-1.9443
147ea216-05b9-41bb-9bf0-4ebe38d36183	12	37640556	90089573	31995	0.0178
147ea216-05b9-41bb-9bf0-4ebe38d36183	12	90097892	90098297	7	-2.1979
147ea216-05b9-41bb-9bf0-4ebe38d36183	12	90099780	133201603	29195	0.0106
147ea216-05b9-41bb-9bf0-4ebe38d36183	13	18452809	37496998	13480	0.0087
147ea216-05b9-41bb-9bf0-4ebe38d36183	13	37497899	37510620	16	0.8354
147ea216-05b9-41bb-9bf0-4ebe38d36183	13	37514193	52523849	9900	0.0129
147ea216-05b9-41bb-9bf0-4ebe38d36183	13	52527964	52531650	2	-1.3788
147ea216-05b9-41bb-9bf0-4ebe38d36183	13	52543744	63650072	6458	0.0117
147ea216-05b9-41bb-9bf0-4ebe38d36183	13	63650659	63662559	9	-0.8352
147ea216-05b9-41bb-9bf0-4ebe38d36183	13	63665430	70377501	4256	0.0148
147ea216-05b9-41bb-9bf0-4ebe38d36183	13	70383179	70383479	3	-1.1151
147ea216-05b9-41bb-9bf0-4ebe38d36183	13	70384418	114342922	30021	0.0058
147ea216-05b9-41bb-9bf0-4ebe38d36183	14	18239283	19298389	48	-0.0031
147ea216-05b9-41bb-9bf0-4ebe38d36183	14	19326853	19955213	119	0.501
147ea216-05b9-41bb-9bf0-4ebe38d36183	14	19956767	21903901	1305	0.0123
147ea216-05b9-41bb-9bf0-4ebe38d36183	14	21905161	22478293	508	0.1171
147ea216-05b9-41bb-9bf0-4ebe38d36183	14	22478914	23977508	901	0.0307
147ea216-05b9-41bb-9bf0-4ebe38d36183	14	23982222	24020067	27	-0.7697
147ea216-05b9-41bb-9bf0-4ebe38d36183	14	24024866	41139155	10855	0.0171
147ea216-05b9-41bb-9bf0-4ebe38d36183	14	41141293	41168226	11	0.5563
147ea216-05b9-41bb-9bf0-4ebe38d36183	14	41168612	69547262	17834	0.0162
147ea216-05b9-41bb-9bf0-4ebe38d36183	14	69551330	69556009	11	-0.8079
147ea216-05b9-41bb-9bf0-4ebe38d36183	14	69556227	73953773	2828	0.0157
147ea216-05b9-41bb-9bf0-4ebe38d36183	14	73957074	73957079	2	-1.3708
147ea216-05b9-41bb-9bf0-4ebe38d36183	14	73958353	106117964	20585	0.0114
147ea216-05b9-41bb-9bf0-4ebe38d36183	14	106120996	106362628	103	-0.8565
147ea216-05b9-41bb-9bf0-4ebe38d36183	14	106364815	106423925	30	0.0076
147ea216-05b9-41bb-9bf0-4ebe38d36183	14	106425447	106462183	47	-2.0637
147ea216-05b9-41bb-9bf0-4ebe38d36183	14	106462724	106877229	195	0.0323
147ea216-05b9-41bb-9bf0-4ebe38d36183	15	19811075	19998708	44	-0.0148
147ea216-05b9-41bb-9bf0-4ebe38d36183	15	20001686	20235285	19	0.4473
147ea216-05b9-41bb-9bf0-4ebe38d36183	15	20240885	20373168	25	0.8366
147ea216-05b9-41bb-9bf0-4ebe38d36183	15	20376198	20376311	7	-0.7118
147ea216-05b9-41bb-9bf0-4ebe38d36183	15	20380735	21417107	80	0.6186
147ea216-05b9-41bb-9bf0-4ebe38d36183	15	21975606	22003073	4	2.2813
147ea216-05b9-41bb-9bf0-4ebe38d36183	15	22005276	22299523	27	0.989
147ea216-05b9-41bb-9bf0-4ebe38d36183	15	22385639	24405917	989	0.0275
147ea216-05b9-41bb-9bf0-4ebe38d36183	15	24418615	24473449	38	-0.7151
147ea216-05b9-41bb-9bf0-4ebe38d36183	15	24480146	25174845	458	0.0226
147ea216-05b9-41bb-9bf0-4ebe38d36183	15	25176460	25185096	7	-0.6625
147ea216-05b9-41bb-9bf0-4ebe38d36183	15	25188158	93203369	43245	0.0214
147ea216-05b9-41bb-9bf0-4ebe38d36183	15	93203532	93205093	7	-1.0758
147ea216-05b9-41bb-9bf0-4ebe38d36183	15	93205596	101928837	6602	0.0153
147ea216-05b9-41bb-9bf0-4ebe38d36183	16	10777	22417324	14775	0.0081
147ea216-05b9-41bb-9bf0-4ebe38d36183	16	22420049	22726765	102	-0.2679
147ea216-05b9-41bb-9bf0-4ebe38d36183	16	22727362	35225230	5297	0.0129
147ea216-05b9-41bb-9bf0-4ebe38d36183	16	35225338	35522700	169	0.5104
147ea216-05b9-41bb-9bf0-4ebe38d36183	16	35526596	78337711	20900	0.0082
147ea216-05b9-41bb-9bf0-4ebe38d36183	16	78338543	78349243	15	0.8669
147ea216-05b9-41bb-9bf0-4ebe38d36183	16	78350841	88080057	9780	0.0039
147ea216-05b9-41bb-9bf0-4ebe38d36183	16	88080605	88082524	4	-0.9562
147ea216-05b9-41bb-9bf0-4ebe38d36183	16	88082877	90096867	836	-0.0011
147ea216-05b9-41bb-9bf0-4ebe38d36183	17	150733	18414080	11396	0.0034
147ea216-05b9-41bb-9bf0-4ebe38d36183	17	18452078	18561907	27	0.6772
147ea216-05b9-41bb-9bf0-4ebe38d36183	17	18565883	36514765	6941	0.0176
147ea216-05b9-41bb-9bf0-4ebe38d36183	17	36515878	36521030	2	-1.6764
147ea216-05b9-41bb-9bf0-4ebe38d36183	17	36521650	39692350	1550	0.0364
147ea216-05b9-41bb-9bf0-4ebe38d36183	17	39694457	39694986	6	-0.6523
147ea216-05b9-41bb-9bf0-4ebe38d36183	17	39695391	41085237	799	0.025
147ea216-05b9-41bb-9bf0-4ebe38d36183	17	41088020	41100992	6	-0.5695
147ea216-05b9-41bb-9bf0-4ebe38d36183	17	41107139	41266805	97	0.0295
147ea216-05b9-41bb-9bf0-4ebe38d36183	17	41266825	41274279	21	0.3823
147ea216-05b9-41bb-9bf0-4ebe38d36183	17	41276472	46351954	2626	0.0115
147ea216-05b9-41bb-9bf0-4ebe38d36183	17	46446345	46446360	2	1.5657
147ea216-05b9-41bb-9bf0-4ebe38d36183	17	46569894	64329647	10364	0.0113
147ea216-05b9-41bb-9bf0-4ebe38d36183	17	64329739	64329779	2	-1.2851
147ea216-05b9-41bb-9bf0-4ebe38d36183	17	64329884	83091923	11204	0.0097
147ea216-05b9-41bb-9bf0-4ebe38d36183	18	48133	40678763	22787	0.0122
147ea216-05b9-41bb-9bf0-4ebe38d36183	18	40680456	40690234	24	-0.3523
147ea216-05b9-41bb-9bf0-4ebe38d36183	18	40690250	80257174	27922	0.0129
147ea216-05b9-41bb-9bf0-4ebe38d36183	19	90910	21632117	9606	0.0115
147ea216-05b9-41bb-9bf0-4ebe38d36183	19	21632838	21637067	2	-1.5876
147ea216-05b9-41bb-9bf0-4ebe38d36183	19	21637309	35358420	7096	0.0184
147ea216-05b9-41bb-9bf0-4ebe38d36183	19	35364451	35375842	22	-0.5691
147ea216-05b9-41bb-9bf0-4ebe38d36183	19	35375884	41551655	3158	0.0168
147ea216-05b9-41bb-9bf0-4ebe38d36183	19	41553480	41555483	4	-1.2361
147ea216-05b9-41bb-9bf0-4ebe38d36183	19	41555868	43170134	697	0.0136
147ea216-05b9-41bb-9bf0-4ebe38d36183	19	43181999	43193181	7	-1.3385
147ea216-05b9-41bb-9bf0-4ebe38d36183	19	43198881	50893413	3669	0.0135
147ea216-05b9-41bb-9bf0-4ebe38d36183	19	50896057	50897556	4	-0.8301
147ea216-05b9-41bb-9bf0-4ebe38d36183	19	50900405	51628560	498	0.0201
147ea216-05b9-41bb-9bf0-4ebe38d36183	19	51639099	51644944	11	-1.0569
147ea216-05b9-41bb-9bf0-4ebe38d36183	19	51651652	54997337	2131	0.0209
147ea216-05b9-41bb-9bf0-4ebe38d36183	19	54997939	54998320	2	-2.4031
147ea216-05b9-41bb-9bf0-4ebe38d36183	19	54998497	58429147	2148	0.0188
147ea216-05b9-41bb-9bf0-4ebe38d36183	19	58432041	58433008	2	-1.3434
147ea216-05b9-41bb-9bf0-4ebe38d36183	19	58434689	58586487	52	-0.038
147ea216-05b9-41bb-9bf0-4ebe38d36183	20	80664	1580353	1204	0.0252
147ea216-05b9-41bb-9bf0-4ebe38d36183	20	1580934	1617300	42	-0.5308
147ea216-05b9-41bb-9bf0-4ebe38d36183	20	1617460	26324943	18774	0.0146
147ea216-05b9-41bb-9bf0-4ebe38d36183	20	30185676	30259177	15	-0.6881
147ea216-05b9-41bb-9bf0-4ebe38d36183	20	30271154	64324800	22343	0.0202
147ea216-05b9-41bb-9bf0-4ebe38d36183	21	10354168	22408526	6391	0.0168
147ea216-05b9-41bb-9bf0-4ebe38d36183	21	22410388	22413165	2	-1.7942
147ea216-05b9-41bb-9bf0-4ebe38d36183	21	22414619	46677045	17468	0.0111
147ea216-05b9-41bb-9bf0-4ebe38d36183	22	15294547	22130702	3129	0.0002
147ea216-05b9-41bb-9bf0-4ebe38d36183	22	22130747	22130763	2	-1.6452
147ea216-05b9-41bb-9bf0-4ebe38d36183	22	22130878	23929558	1248	0.0171
147ea216-05b9-41bb-9bf0-4ebe38d36183	22	23940911	23990739	18	0.5766
147ea216-05b9-41bb-9bf0-4ebe38d36183	22	23995113	38894915	10799	0.02
147ea216-05b9-41bb-9bf0-4ebe38d36183	22	38899250	38900899	3	-2.7757
147ea216-05b9-41bb-9bf0-4ebe38d36183	22	38903109	50796027	8075	0.0086
147ea216-05b9-41bb-9bf0-4ebe38d36183	X	251810	5783136	2333	-0.0034
147ea216-05b9-41bb-9bf0-4ebe38d36183	X	5784950	5793196	5	-0.97
147ea216-05b9-41bb-9bf0-4ebe38d36183	X	5794092	25643027	13221	0.0113
147ea216-05b9-41bb-9bf0-4ebe38d36183	X	25646943	26269672	421	0.5809
147ea216-05b9-41bb-9bf0-4ebe38d36183	X	26276682	26313438	21	0.0261
147ea216-05b9-41bb-9bf0-4ebe38d36183	X	26321942	26389915	53	0.6609
147ea216-05b9-41bb-9bf0-4ebe38d36183	X	26393328	63193211	17503	0.0136
147ea216-05b9-41bb-9bf0-4ebe38d36183	X	63250575	63258382	9	1.1719
147ea216-05b9-41bb-9bf0-4ebe38d36183	X	63261022	63285758	10	0.7332
147ea216-05b9-41bb-9bf0-4ebe38d36183	X	63285949	155952689	50081	0.0138
147ea216-05b9-41bb-9bf0-4ebe38d36183	Y	2782397	3442606	212	-2.8693
147ea216-05b9-41bb-9bf0-4ebe38d36183	Y	3460727	6233384	572	-2.3684
147ea216-05b9-41bb-9bf0-4ebe38d36183	Y	6249869	9332936	1444	-2.9833
147ea216-05b9-41bb-9bf0-4ebe38d36183	Y	9334069	9550385	20	-5.5676
147ea216-05b9-41bb-9bf0-4ebe38d36183	Y	9550653	16731279	2613	-2.8169
147ea216-05b9-41bb-9bf0-4ebe38d36183	Y	16738883	21464316	1359	-2.3317
147ea216-05b9-41bb-9bf0-4ebe38d36183	Y	21469249	21469743	3	-6.5103
147ea216-05b9-41bb-9bf0-4ebe38d36183	Y	21470778	56872112	415	-2.3241
