GDC_Aliquot	Chromosome	Start	End	Num_Probes	Segment_Mean
5fe985aa-78f3-4cab-9d6d-e4827e203e83	1	3302046	9865962	3806	-0.024
5fe985aa-78f3-4cab-9d6d-e4827e203e83	1	9866171	9870902	2	-5.0123
5fe985aa-78f3-4cab-9d6d-e4827e203e83	1	9871590	20115140	5513	-0.0156
5fe985aa-78f3-4cab-9d6d-e4827e203e83	1	20115561	20117980	3	-4.1026
5fe985aa-78f3-4cab-9d6d-e4827e203e83	1	20118051	247650984	119003	-0.0065
5fe985aa-78f3-4cab-9d6d-e4827e203e83	2	480597	241537572	130915	0.0006
5fe985aa-78f3-4cab-9d6d-e4827e203e83	3	2170634	68482504	38691	-0.0069
5fe985aa-78f3-4cab-9d6d-e4827e203e83	3	68482591	68483119	2	-2.9697
5fe985aa-78f3-4cab-9d6d-e4827e203e83	3	68483695	197812401	67478	-0.0112
5fe985aa-78f3-4cab-9d6d-e4827e203e83	4	1059384	35493476	21098	-0.0066
5fe985aa-78f3-4cab-9d6d-e4827e203e83	4	35494183	35494939	2	-2.8832
5fe985aa-78f3-4cab-9d6d-e4827e203e83	4	35494986	54948185	9153	-0.0047
5fe985aa-78f3-4cab-9d6d-e4827e203e83	4	54949058	54949483	2	-2.1579
5fe985aa-78f3-4cab-9d6d-e4827e203e83	4	54950225	120716151	36668	-0.0052
5fe985aa-78f3-4cab-9d6d-e4827e203e83	4	120716544	120716805	2	-2.4734
5fe985aa-78f3-4cab-9d6d-e4827e203e83	4	120720356	143796553	12359	-0.0014
5fe985aa-78f3-4cab-9d6d-e4827e203e83	4	143796736	143824849	25	0.5795
5fe985aa-78f3-4cab-9d6d-e4827e203e83	4	143834429	187842528	23353	-0.0033
5fe985aa-78f3-4cab-9d6d-e4827e203e83	5	914118	135225120	72234	-0.0034
5fe985aa-78f3-4cab-9d6d-e4827e203e83	5	135227467	135228062	2	-3.8094
5fe985aa-78f3-4cab-9d6d-e4827e203e83	5	135228127	180934240	27921	-0.012
5fe985aa-78f3-4cab-9d6d-e4827e203e83	6	1011760	83229264	45625	-0.0036
5fe985aa-78f3-4cab-9d6d-e4827e203e83	6	83229512	83232344	3	2.5202
5fe985aa-78f3-4cab-9d6d-e4827e203e83	6	83238644	157686481	43767	-0.004
5fe985aa-78f3-4cab-9d6d-e4827e203e83	6	157690668	157694126	3	-4.4358
5fe985aa-78f3-4cab-9d6d-e4827e203e83	6	157698396	170596889	6802	-0.0124
5fe985aa-78f3-4cab-9d6d-e4827e203e83	7	664936	158592540	81195	-0.006
5fe985aa-78f3-4cab-9d6d-e4827e203e83	8	667625	48992833	25892	-0.0049
5fe985aa-78f3-4cab-9d6d-e4827e203e83	8	48994233	49000820	2	3.3297
5fe985aa-78f3-4cab-9d6d-e4827e203e83	8	49007230	144182542	55604	-0.0037
5fe985aa-78f3-4cab-9d6d-e4827e203e83	9	789794	14546382	7795	-0.001
5fe985aa-78f3-4cab-9d6d-e4827e203e83	9	14547495	14547558	2	-3.6367
5fe985aa-78f3-4cab-9d6d-e4827e203e83	9	14547635	126657011	54329	-0.0079
5fe985aa-78f3-4cab-9d6d-e4827e203e83	9	126657711	126657746	2	-2.7505
5fe985aa-78f3-4cab-9d6d-e4827e203e83	9	126660504	131082372	2346	-0.0058
5fe985aa-78f3-4cab-9d6d-e4827e203e83	9	131085840	131088195	2	-3.7474
5fe985aa-78f3-4cab-9d6d-e4827e203e83	9	131088714	138044505	3220	-0.0353
5fe985aa-78f3-4cab-9d6d-e4827e203e83	10	366509	11696433	7970	-0.0033
5fe985aa-78f3-4cab-9d6d-e4827e203e83	10	11698085	11698414	2	-2.3889
5fe985aa-78f3-4cab-9d6d-e4827e203e83	10	11699043	36205880	16684	-0.0066
5fe985aa-78f3-4cab-9d6d-e4827e203e83	10	36206567	36206821	2	-2.6789
5fe985aa-78f3-4cab-9d6d-e4827e203e83	10	36208801	71366274	17243	-0.0082
5fe985aa-78f3-4cab-9d6d-e4827e203e83	10	71366329	71366970	2	-3.6244
5fe985aa-78f3-4cab-9d6d-e4827e203e83	10	71368875	80273927	5084	-0.0105
5fe985aa-78f3-4cab-9d6d-e4827e203e83	10	80274506	80276009	2	-3.8695
5fe985aa-78f3-4cab-9d6d-e4827e203e83	10	80276807	133411599	33392	-0.0135
5fe985aa-78f3-4cab-9d6d-e4827e203e83	11	456012	6497555	2815	0.0122
5fe985aa-78f3-4cab-9d6d-e4827e203e83	11	6498133	6498785	2	-3.3574
5fe985aa-78f3-4cab-9d6d-e4827e203e83	11	6502920	119628037	63822	-0.0015
5fe985aa-78f3-4cab-9d6d-e4827e203e83	11	119628303	119634241	4	-2.7524
5fe985aa-78f3-4cab-9d6d-e4827e203e83	11	119634715	134272740	10062	-0.0066
5fe985aa-78f3-4cab-9d6d-e4827e203e83	12	780472	115742549	65060	-0.0033
5fe985aa-78f3-4cab-9d6d-e4827e203e83	12	115742567	115749701	5	-1.754
5fe985aa-78f3-4cab-9d6d-e4827e203e83	12	115749760	132605822	8560	-0.008
5fe985aa-78f3-4cab-9d6d-e4827e203e83	13	18874255	114226675	56453	-0.0019
5fe985aa-78f3-4cab-9d6d-e4827e203e83	14	20033191	105533894	49231	-0.0068
5fe985aa-78f3-4cab-9d6d-e4827e203e83	15	23437561	101344124	44301	-0.0114
5fe985aa-78f3-4cab-9d6d-e4827e203e83	16	603333	89317317	40692	-0.008
5fe985aa-78f3-4cab-9d6d-e4827e203e83	17	1074619	20426761	9299	-0.0009
5fe985aa-78f3-4cab-9d6d-e4827e203e83	17	20426903	20699136	44	-0.7642
5fe985aa-78f3-4cab-9d6d-e4827e203e83	17	20701796	82959812	27476	-0.0051
5fe985aa-78f3-4cab-9d6d-e4827e203e83	18	326691	79349796	42508	-0.0063
5fe985aa-78f3-4cab-9d6d-e4827e203e83	19	283868	58370362	23883	0.0001
5fe985aa-78f3-4cab-9d6d-e4827e203e83	20	472817	33065154	17635	-0.0128
5fe985aa-78f3-4cab-9d6d-e4827e203e83	20	33065976	33066287	2	-2.7735
5fe985aa-78f3-4cab-9d6d-e4827e203e83	20	33070055	63588502	19433	-0.0176
5fe985aa-78f3-4cab-9d6d-e4827e203e83	21	13974127	46262057	20392	-0.0066
5fe985aa-78f3-4cab-9d6d-e4827e203e83	22	16934932	47345708	15550	-0.0115
5fe985aa-78f3-4cab-9d6d-e4827e203e83	22	47353491	47357764	4	-2.6118
5fe985aa-78f3-4cab-9d6d-e4827e203e83	22	47357825	48935200	1284	-0.0418
5fe985aa-78f3-4cab-9d6d-e4827e203e83	X	3236359	155677414	63611	-0.0017
