GDC_Aliquot	Chromosome	Start	End	Num_Probes	Segment_Mean
9add77c5-e24a-4c2f-9e79-fa09dc8697cd	1	62920	599171	20	0.4404
9add77c5-e24a-4c2f-9e79-fa09dc8697cd	1	668210	1710664	193	0.0693
9add77c5-e24a-4c2f-9e79-fa09dc8697cd	1	1715891	1756148	14	0.9403
9add77c5-e24a-4c2f-9e79-fa09dc8697cd	1	1756211	15823420	8113	0.007
9add77c5-e24a-4c2f-9e79-fa09dc8697cd	1	15827002	15827430	6	-1.212
9add77c5-e24a-4c2f-9e79-fa09dc8697cd	1	15827706	16542868	302	-0.0161
9add77c5-e24a-4c2f-9e79-fa09dc8697cd	1	16544783	16643961	30	0.3236
9add77c5-e24a-4c2f-9e79-fa09dc8697cd	1	16679239	16868660	29	-0.0733
9add77c5-e24a-4c2f-9e79-fa09dc8697cd	1	16877002	16934753	46	-0.4056
9add77c5-e24a-4c2f-9e79-fa09dc8697cd	1	16934768	109679105	57673	0.0045
9add77c5-e24a-4c2f-9e79-fa09dc8697cd	1	109684695	109697556	15	0.6454
9add77c5-e24a-4c2f-9e79-fa09dc8697cd	1	109702376	110834746	835	-0.0058
9add77c5-e24a-4c2f-9e79-fa09dc8697cd	1	110834943	110845604	38	-0.7297
9add77c5-e24a-4c2f-9e79-fa09dc8697cd	1	110849445	121705338	6260	0.0033
9add77c5-e24a-4c2f-9e79-fa09dc8697cd	1	143459641	143709762	81	0.8279
9add77c5-e24a-4c2f-9e79-fa09dc8697cd	1	143709858	152583051	2360	0.6841
9add77c5-e24a-4c2f-9e79-fa09dc8697cd	1	152583230	152614100	34	-1.2736
9add77c5-e24a-4c2f-9e79-fa09dc8697cd	1	152614118	152789570	173	0.6695
9add77c5-e24a-4c2f-9e79-fa09dc8697cd	1	152789781	152806050	36	1.0336
9add77c5-e24a-4c2f-9e79-fa09dc8697cd	1	152806082	158896783	3609	0.6679
9add77c5-e24a-4c2f-9e79-fa09dc8697cd	1	158898711	158899969	2	-1.0782
9add77c5-e24a-4c2f-9e79-fa09dc8697cd	1	158905028	192358857	22838	0.6904
9add77c5-e24a-4c2f-9e79-fa09dc8697cd	1	192359083	194479104	1562	0.5127
9add77c5-e24a-4c2f-9e79-fa09dc8697cd	1	194482281	194485888	2	2.5344
9add77c5-e24a-4c2f-9e79-fa09dc8697cd	1	194487886	196253169	1163	0.501
9add77c5-e24a-4c2f-9e79-fa09dc8697cd	1	196253287	196310276	22	0.6774
9add77c5-e24a-4c2f-9e79-fa09dc8697cd	1	196312485	200954404	2918	0.8797
9add77c5-e24a-4c2f-9e79-fa09dc8697cd	1	200955881	206487811	3544	0.8105
9add77c5-e24a-4c2f-9e79-fa09dc8697cd	1	206487941	214386868	5655	0.8533
9add77c5-e24a-4c2f-9e79-fa09dc8697cd	1	214388770	225513248	7628	0.4972
9add77c5-e24a-4c2f-9e79-fa09dc8697cd	1	225513614	227963019	1459	0.8365
9add77c5-e24a-4c2f-9e79-fa09dc8697cd	1	227967062	227985977	3	-0.242
9add77c5-e24a-4c2f-9e79-fa09dc8697cd	1	227989116	229675422	952	0.839
9add77c5-e24a-4c2f-9e79-fa09dc8697cd	1	229681109	229685464	9	-0.0343
9add77c5-e24a-4c2f-9e79-fa09dc8697cd	1	229686006	248646068	13835	0.8633
9add77c5-e24a-4c2f-9e79-fa09dc8697cd	1	248661836	248668953	5	-0.0752
9add77c5-e24a-4c2f-9e79-fa09dc8697cd	1	248670664	248930189	133	0.8846
9add77c5-e24a-4c2f-9e79-fa09dc8697cd	2	12784	1287127	841	-0.0141
9add77c5-e24a-4c2f-9e79-fa09dc8697cd	2	1287324	1289899	3	1.2467
9add77c5-e24a-4c2f-9e79-fa09dc8697cd	2	1290267	34476516	23242	0.0021
9add77c5-e24a-4c2f-9e79-fa09dc8697cd	2	34476558	34476668	3	-1.851
9add77c5-e24a-4c2f-9e79-fa09dc8697cd	2	34483565	41011095	4842	-0.0021
9add77c5-e24a-4c2f-9e79-fa09dc8697cd	2	41011303	41015703	16	-0.7003
9add77c5-e24a-4c2f-9e79-fa09dc8697cd	2	41015728	52527423	8184	-0.004
9add77c5-e24a-4c2f-9e79-fa09dc8697cd	2	52527590	52527727	2	-2.4903
9add77c5-e24a-4c2f-9e79-fa09dc8697cd	2	52527743	75607167	14881	-0.0001
9add77c5-e24a-4c2f-9e79-fa09dc8697cd	2	75609885	75613670	2	1.7172
9add77c5-e24a-4c2f-9e79-fa09dc8697cd	2	75613906	83262280	5066	-0.003
9add77c5-e24a-4c2f-9e79-fa09dc8697cd	2	83264625	83264666	2	-1.5345
9add77c5-e24a-4c2f-9e79-fa09dc8697cd	2	83266126	86710564	2004	0.0095
9add77c5-e24a-4c2f-9e79-fa09dc8697cd	2	86725947	86726731	2	-1.5302
9add77c5-e24a-4c2f-9e79-fa09dc8697cd	2	86743283	87286164	129	-0.0053
9add77c5-e24a-4c2f-9e79-fa09dc8697cd	2	87287256	87295819	3	-1.3697
9add77c5-e24a-4c2f-9e79-fa09dc8697cd	2	87299357	89960252	731	0.0055
9add77c5-e24a-4c2f-9e79-fa09dc8697cd	2	89963133	90228237	119	-0.8676
9add77c5-e24a-4c2f-9e79-fa09dc8697cd	2	90228255	95431649	322	0.0139
9add77c5-e24a-4c2f-9e79-fa09dc8697cd	2	95483057	95483080	2	-1.4104
9add77c5-e24a-4c2f-9e79-fa09dc8697cd	2	95483249	97359885	624	-0.0066
9add77c5-e24a-4c2f-9e79-fa09dc8697cd	2	97524284	97560849	15	-0.7093
9add77c5-e24a-4c2f-9e79-fa09dc8697cd	2	97562741	146104517	29386	0.0051
9add77c5-e24a-4c2f-9e79-fa09dc8697cd	2	146106836	146109366	24	0.4772
9add77c5-e24a-4c2f-9e79-fa09dc8697cd	2	146120238	183929124	23278	0.0067
9add77c5-e24a-4c2f-9e79-fa09dc8697cd	2	183929673	183937588	16	-0.5371
9add77c5-e24a-4c2f-9e79-fa09dc8697cd	2	183937714	242147305	35765	0.0008
9add77c5-e24a-4c2f-9e79-fa09dc8697cd	3	20930	26570619	20013	-0.0041
9add77c5-e24a-4c2f-9e79-fa09dc8697cd	3	26570673	26570675	3	1.4143
9add77c5-e24a-4c2f-9e79-fa09dc8697cd	3	26571710	36242239	6485	0.0086
9add77c5-e24a-4c2f-9e79-fa09dc8697cd	3	36242465	36243538	3	-2.7131
9add77c5-e24a-4c2f-9e79-fa09dc8697cd	3	36243787	68682877	21273	-0.001
9add77c5-e24a-4c2f-9e79-fa09dc8697cd	3	68697013	68698262	15	0.9507
9add77c5-e24a-4c2f-9e79-fa09dc8697cd	3	68699607	125950205	32258	0.007
9add77c5-e24a-4c2f-9e79-fa09dc8697cd	3	125954540	125957120	3	-1.4644
9add77c5-e24a-4c2f-9e79-fa09dc8697cd	3	125961657	125993496	29	-0.1187
9add77c5-e24a-4c2f-9e79-fa09dc8697cd	3	125993720	125993913	6	1.4014
9add77c5-e24a-4c2f-9e79-fa09dc8697cd	3	125994097	134546661	5272	-0.0034
9add77c5-e24a-4c2f-9e79-fa09dc8697cd	3	134549199	145768292	6873	0.3107
9add77c5-e24a-4c2f-9e79-fa09dc8697cd	3	145768418	145773297	4	-0.71
9add77c5-e24a-4c2f-9e79-fa09dc8697cd	3	145773359	162807070	10516	0.31
9add77c5-e24a-4c2f-9e79-fa09dc8697cd	3	162810842	162846267	19	1.1257
9add77c5-e24a-4c2f-9e79-fa09dc8697cd	3	162849883	162906093	36	0.5422
9add77c5-e24a-4c2f-9e79-fa09dc8697cd	3	162906109	186980310	14664	0.3058
9add77c5-e24a-4c2f-9e79-fa09dc8697cd	3	186983049	186983135	2	-1.1058
9add77c5-e24a-4c2f-9e79-fa09dc8697cd	3	186991016	198109014	7192	0.3074
9add77c5-e24a-4c2f-9e79-fa09dc8697cd	3	198111342	198169247	20	0.6352
9add77c5-e24a-4c2f-9e79-fa09dc8697cd	4	68929	159016	50	-0.0592
9add77c5-e24a-4c2f-9e79-fa09dc8697cd	4	161575	182732	13	0.6162
9add77c5-e24a-4c2f-9e79-fa09dc8697cd	4	188281	6402659	3430	-0.0001
9add77c5-e24a-4c2f-9e79-fa09dc8697cd	4	6402804	6402987	2	1.4143
9add77c5-e24a-4c2f-9e79-fa09dc8697cd	4	6403047	10208766	2209	0.0181
9add77c5-e24a-4c2f-9e79-fa09dc8697cd	4	10212536	10229874	29	-1.4556
9add77c5-e24a-4c2f-9e79-fa09dc8697cd	4	10232590	32398929	15637	0.0123
9add77c5-e24a-4c2f-9e79-fa09dc8697cd	4	32398943	32398961	2	-1.4972
9add77c5-e24a-4c2f-9e79-fa09dc8697cd	4	32398977	32934566	297	-0.0104
9add77c5-e24a-4c2f-9e79-fa09dc8697cd	4	32940920	33029456	60	-0.1509
9add77c5-e24a-4c2f-9e79-fa09dc8697cd	4	33030066	34777382	984	0.0323
9add77c5-e24a-4c2f-9e79-fa09dc8697cd	4	34777403	34822561	40	0.5545
9add77c5-e24a-4c2f-9e79-fa09dc8697cd	4	34823103	44171456	6123	0.0075
9add77c5-e24a-4c2f-9e79-fa09dc8697cd	4	44171575	44184747	7	-0.8218
9add77c5-e24a-4c2f-9e79-fa09dc8697cd	4	44184810	45003738	508	-0.0182
9add77c5-e24a-4c2f-9e79-fa09dc8697cd	4	45003835	45004318	4	-1.5023
9add77c5-e24a-4c2f-9e79-fa09dc8697cd	4	45008952	54635561	4177	0.0075
9add77c5-e24a-4c2f-9e79-fa09dc8697cd	4	54635754	54639193	2	1.4552
9add77c5-e24a-4c2f-9e79-fa09dc8697cd	4	54639766	57934843	2338	0.0065
9add77c5-e24a-4c2f-9e79-fa09dc8697cd	4	57944287	57944326	2	-1.2985
9add77c5-e24a-4c2f-9e79-fa09dc8697cd	4	57945632	68429081	6291	0.0089
9add77c5-e24a-4c2f-9e79-fa09dc8697cd	4	68439221	68620261	76	-0.3473
9add77c5-e24a-4c2f-9e79-fa09dc8697cd	4	68623617	101156847	19782	0.0085
9add77c5-e24a-4c2f-9e79-fa09dc8697cd	4	101160200	101163458	9	-0.6721
9add77c5-e24a-4c2f-9e79-fa09dc8697cd	4	101165223	103824414	1602	0.0093
9add77c5-e24a-4c2f-9e79-fa09dc8697cd	4	103830473	103830480	5	0.9173
9add77c5-e24a-4c2f-9e79-fa09dc8697cd	4	103830487	121361328	10663	0.0092
9add77c5-e24a-4c2f-9e79-fa09dc8697cd	4	121361433	121376396	32	0.3127
9add77c5-e24a-4c2f-9e79-fa09dc8697cd	4	121377060	134216353	7219	0.0031
9add77c5-e24a-4c2f-9e79-fa09dc8697cd	4	134217065	134217159	2	-1.3128
9add77c5-e24a-4c2f-9e79-fa09dc8697cd	4	134219248	137017561	1526	0.0073
9add77c5-e24a-4c2f-9e79-fa09dc8697cd	4	137017653	137050960	45	-0.2518
9add77c5-e24a-4c2f-9e79-fa09dc8697cd	4	137054931	164440404	17052	0.0057
9add77c5-e24a-4c2f-9e79-fa09dc8697cd	4	164442686	164442757	2	-1.1706
9add77c5-e24a-4c2f-9e79-fa09dc8697cd	4	164443535	168057281	2255	-0.0053
9add77c5-e24a-4c2f-9e79-fa09dc8697cd	4	168057660	168058165	5	0.871
9add77c5-e24a-4c2f-9e79-fa09dc8697cd	4	168058207	170144096	1332	0.0176
9add77c5-e24a-4c2f-9e79-fa09dc8697cd	4	170146926	170149365	2	-1.0239
9add77c5-e24a-4c2f-9e79-fa09dc8697cd	4	170154010	171448195	835	0.0019
9add77c5-e24a-4c2f-9e79-fa09dc8697cd	4	171453733	171456625	12	0.7758
9add77c5-e24a-4c2f-9e79-fa09dc8697cd	4	171459220	172068222	402	0.0079
9add77c5-e24a-4c2f-9e79-fa09dc8697cd	4	172068257	172068354	5	-1.4011
9add77c5-e24a-4c2f-9e79-fa09dc8697cd	4	172068368	186158230	9506	0.0081
9add77c5-e24a-4c2f-9e79-fa09dc8697cd	4	186158892	186159163	2	1.5602
9add77c5-e24a-4c2f-9e79-fa09dc8697cd	4	186165948	188516075	1644	0.0129
9add77c5-e24a-4c2f-9e79-fa09dc8697cd	4	188516090	188516256	4	-2.7647
9add77c5-e24a-4c2f-9e79-fa09dc8697cd	4	188518718	190106768	924	-0.0139
9add77c5-e24a-4c2f-9e79-fa09dc8697cd	5	15532	11161513	9102	0.0045
9add77c5-e24a-4c2f-9e79-fa09dc8697cd	5	11162524	11162659	3	-1.366
9add77c5-e24a-4c2f-9e79-fa09dc8697cd	5	11167165	58025819	26651	0.007
9add77c5-e24a-4c2f-9e79-fa09dc8697cd	5	58030200	58037706	32	2.0648
9add77c5-e24a-4c2f-9e79-fa09dc8697cd	5	58042530	63453820	3553	0.0021
9add77c5-e24a-4c2f-9e79-fa09dc8697cd	5	63453919	63893755	248	-0.1009
9add77c5-e24a-4c2f-9e79-fa09dc8697cd	5	63894609	76144597	6631	0.0063
9add77c5-e24a-4c2f-9e79-fa09dc8697cd	5	76147403	76154637	20	0.41
9add77c5-e24a-4c2f-9e79-fa09dc8697cd	5	76154663	76531909	317	0.0018
9add77c5-e24a-4c2f-9e79-fa09dc8697cd	5	76535212	76618178	82	-0.9842
9add77c5-e24a-4c2f-9e79-fa09dc8697cd	5	76620080	78812085	1404	0.0014
9add77c5-e24a-4c2f-9e79-fa09dc8697cd	5	78814168	78815348	3	-1.4697
9add77c5-e24a-4c2f-9e79-fa09dc8697cd	5	78819688	104515520	14575	0.0019
9add77c5-e24a-4c2f-9e79-fa09dc8697cd	5	104524672	104524903	4	-1.8404
9add77c5-e24a-4c2f-9e79-fa09dc8697cd	5	104525348	156049910	33447	0.004
9add77c5-e24a-4c2f-9e79-fa09dc8697cd	5	156049988	156055719	12	-1.8879
9add77c5-e24a-4c2f-9e79-fa09dc8697cd	5	156068240	181363319	16793	0.0022
9add77c5-e24a-4c2f-9e79-fa09dc8697cd	6	149661	17101433	13398	0.0039
9add77c5-e24a-4c2f-9e79-fa09dc8697cd	6	17102527	17102627	2	-1.7354
9add77c5-e24a-4c2f-9e79-fa09dc8697cd	6	17102766	31313046	8927	0.0042
9add77c5-e24a-4c2f-9e79-fa09dc8697cd	6	31318499	31328674	11	1.1734
9add77c5-e24a-4c2f-9e79-fa09dc8697cd	6	31342147	31370073	23	0.0574
9add77c5-e24a-4c2f-9e79-fa09dc8697cd	6	31370095	31373030	7	-1.2438
9add77c5-e24a-4c2f-9e79-fa09dc8697cd	6	31375827	32533522	486	0.0235
9add77c5-e24a-4c2f-9e79-fa09dc8697cd	6	32540699	32541699	3	-1.4274
9add77c5-e24a-4c2f-9e79-fa09dc8697cd	6	32549151	32627306	29	-0.0225
9add77c5-e24a-4c2f-9e79-fa09dc8697cd	6	32627455	32634330	3	-1.4041
9add77c5-e24a-4c2f-9e79-fa09dc8697cd	6	32634492	32656527	7	0.0302
9add77c5-e24a-4c2f-9e79-fa09dc8697cd	6	32656814	32658841	5	-1.0241
9add77c5-e24a-4c2f-9e79-fa09dc8697cd	6	32682835	33970966	802	-0.0022
9add77c5-e24a-4c2f-9e79-fa09dc8697cd	6	33974234	33974928	6	-0.9009
9add77c5-e24a-4c2f-9e79-fa09dc8697cd	6	33976809	48964092	9583	0.0002
9add77c5-e24a-4c2f-9e79-fa09dc8697cd	6	48965433	48967442	3	-1.0393
9add77c5-e24a-4c2f-9e79-fa09dc8697cd	6	48967563	65072069	7826	0.0113
9add77c5-e24a-4c2f-9e79-fa09dc8697cd	6	65072090	65209705	107	-0.1563
9add77c5-e24a-4c2f-9e79-fa09dc8697cd	6	65209751	66328153	744	0.0231
9add77c5-e24a-4c2f-9e79-fa09dc8697cd	6	66331020	66333299	7	-0.8167
9add77c5-e24a-4c2f-9e79-fa09dc8697cd	6	66333342	68761855	1715	0.0141
9add77c5-e24a-4c2f-9e79-fa09dc8697cd	6	68765430	68895194	105	-0.6218
9add77c5-e24a-4c2f-9e79-fa09dc8697cd	6	68899248	69966934	630	0.0138
9add77c5-e24a-4c2f-9e79-fa09dc8697cd	6	69967371	73945424	2609	-0.6039
9add77c5-e24a-4c2f-9e79-fa09dc8697cd	6	73954534	73965970	16	-0.0428
9add77c5-e24a-4c2f-9e79-fa09dc8697cd	6	73980101	76719482	1708	-0.5887
9add77c5-e24a-4c2f-9e79-fa09dc8697cd	6	76719514	76743040	26	-0.2003
9add77c5-e24a-4c2f-9e79-fa09dc8697cd	6	76751356	78259348	974	-0.597
9add77c5-e24a-4c2f-9e79-fa09dc8697cd	6	78259388	78332092	117	-0.2008
9add77c5-e24a-4c2f-9e79-fa09dc8697cd	6	78336049	93755010	9881	-0.6133
9add77c5-e24a-4c2f-9e79-fa09dc8697cd	6	93755280	94875322	745	-0.6965
9add77c5-e24a-4c2f-9e79-fa09dc8697cd	6	94875932	148053210	33070	-0.6152
9add77c5-e24a-4c2f-9e79-fa09dc8697cd	6	148054933	148054947	2	-3.1891
9add77c5-e24a-4c2f-9e79-fa09dc8697cd	6	148055490	167212381	13856	-0.624
9add77c5-e24a-4c2f-9e79-fa09dc8697cd	6	167212402	167839869	201	-2.1899
9add77c5-e24a-4c2f-9e79-fa09dc8697cd	6	167857945	169259627	1102	-0.648
9add77c5-e24a-4c2f-9e79-fa09dc8697cd	6	169264663	169871179	436	-1.8574
9add77c5-e24a-4c2f-9e79-fa09dc8697cd	6	169871603	170741917	353	-0.6352
9add77c5-e24a-4c2f-9e79-fa09dc8697cd	7	43355	5911197	3067	0.0051
9add77c5-e24a-4c2f-9e79-fa09dc8697cd	7	5916628	5964274	8	1.0034
9add77c5-e24a-4c2f-9e79-fa09dc8697cd	7	5986976	29634172	18355	0.001
9add77c5-e24a-4c2f-9e79-fa09dc8697cd	7	29636176	29638658	3	-1.3436
9add77c5-e24a-4c2f-9e79-fa09dc8697cd	7	29646732	38254500	5926	0.0003
9add77c5-e24a-4c2f-9e79-fa09dc8697cd	7	38255395	38347842	120	0.2248
9add77c5-e24a-4c2f-9e79-fa09dc8697cd	7	38351764	39037805	533	0.0051
9add77c5-e24a-4c2f-9e79-fa09dc8697cd	7	39039873	39040000	2	-1.0584
9add77c5-e24a-4c2f-9e79-fa09dc8697cd	7	39041894	42227003	2095	0.009
9add77c5-e24a-4c2f-9e79-fa09dc8697cd	7	42227737	42227972	2	-1.4179
9add77c5-e24a-4c2f-9e79-fa09dc8697cd	7	42230723	54318812	8354	0.0067
9add77c5-e24a-4c2f-9e79-fa09dc8697cd	7	54318816	54318824	5	-1.77
9add77c5-e24a-4c2f-9e79-fa09dc8697cd	7	54325795	56704473	1562	-0.0012
9add77c5-e24a-4c2f-9e79-fa09dc8697cd	7	56704771	56898978	50	0.2735
9add77c5-e24a-4c2f-9e79-fa09dc8697cd	7	56899337	72556486	5591	0.0126
9add77c5-e24a-4c2f-9e79-fa09dc8697cd	7	72556798	72567077	3	-1.0607
9add77c5-e24a-4c2f-9e79-fa09dc8697cd	7	72570771	86163809	7340	0.0129
9add77c5-e24a-4c2f-9e79-fa09dc8697cd	7	86164361	86171211	2	-1.201
9add77c5-e24a-4c2f-9e79-fa09dc8697cd	7	86171556	88814781	1535	0.0122
9add77c5-e24a-4c2f-9e79-fa09dc8697cd	7	88817847	90314506	980	-0.0501
9add77c5-e24a-4c2f-9e79-fa09dc8697cd	7	90317921	91728539	1002	0.0234
9add77c5-e24a-4c2f-9e79-fa09dc8697cd	7	91728554	91729718	8	0.6813
9add77c5-e24a-4c2f-9e79-fa09dc8697cd	7	91730021	111420729	11487	-0.0023
9add77c5-e24a-4c2f-9e79-fa09dc8697cd	7	111425236	111426603	6	-0.9815
9add77c5-e24a-4c2f-9e79-fa09dc8697cd	7	111429358	126405428	8936	0.0068
9add77c5-e24a-4c2f-9e79-fa09dc8697cd	7	126405502	126406822	12	0.9087
9add77c5-e24a-4c2f-9e79-fa09dc8697cd	7	126406823	128290909	1283	-0.0018
9add77c5-e24a-4c2f-9e79-fa09dc8697cd	7	128290926	128290941	2	1.4235
9add77c5-e24a-4c2f-9e79-fa09dc8697cd	7	128291027	135811922	4657	0.0054
9add77c5-e24a-4c2f-9e79-fa09dc8697cd	7	135812476	135812579	2	1.2259
9add77c5-e24a-4c2f-9e79-fa09dc8697cd	7	135812653	141299167	3491	0.0043
9add77c5-e24a-4c2f-9e79-fa09dc8697cd	7	141300213	141304666	7	0.5597
9add77c5-e24a-4c2f-9e79-fa09dc8697cd	7	141306204	142069891	486	-0.0113
9add77c5-e24a-4c2f-9e79-fa09dc8697cd	7	142070260	142092307	31	0.2892
9add77c5-e24a-4c2f-9e79-fa09dc8697cd	7	142099190	142452567	287	0.0267
9add77c5-e24a-4c2f-9e79-fa09dc8697cd	7	142455891	142757448	137	0.2142
9add77c5-e24a-4c2f-9e79-fa09dc8697cd	7	142758102	144021292	655	-0.006
9add77c5-e24a-4c2f-9e79-fa09dc8697cd	7	144021323	144021687	2	1.2484
9add77c5-e24a-4c2f-9e79-fa09dc8697cd	7	144021838	144264193	129	0.0018
9add77c5-e24a-4c2f-9e79-fa09dc8697cd	7	144295437	144326306	4	0.9253
9add77c5-e24a-4c2f-9e79-fa09dc8697cd	7	144336758	146300418	1171	0.0055
9add77c5-e24a-4c2f-9e79-fa09dc8697cd	7	146302932	146313130	6	-0.6013
9add77c5-e24a-4c2f-9e79-fa09dc8697cd	7	146313463	146337775	28	0.0611
9add77c5-e24a-4c2f-9e79-fa09dc8697cd	7	146341227	146342096	3	-0.8257
9add77c5-e24a-4c2f-9e79-fa09dc8697cd	7	146342156	147314296	646	0.0098
9add77c5-e24a-4c2f-9e79-fa09dc8697cd	7	147314595	147314989	2	-1.3874
9add77c5-e24a-4c2f-9e79-fa09dc8697cd	7	147317906	153450553	3703	0.0084
9add77c5-e24a-4c2f-9e79-fa09dc8697cd	7	153450560	153450627	2	-2.1795
9add77c5-e24a-4c2f-9e79-fa09dc8697cd	7	153450630	159334314	4090	0.011
9add77c5-e24a-4c2f-9e79-fa09dc8697cd	8	81254	8724734	8270	-0.0032
9add77c5-e24a-4c2f-9e79-fa09dc8697cd	8	8725599	8730079	10	-1.1526
9add77c5-e24a-4c2f-9e79-fa09dc8697cd	8	8731984	9213319	451	0.0295
9add77c5-e24a-4c2f-9e79-fa09dc8697cd	8	9213463	9215219	4	0.8849
9add77c5-e24a-4c2f-9e79-fa09dc8697cd	8	9215423	12383605	2302	0.01
9add77c5-e24a-4c2f-9e79-fa09dc8697cd	8	12383679	12385031	8	-0.1662
9add77c5-e24a-4c2f-9e79-fa09dc8697cd	8	12387683	12389977	7	-0.7776
9add77c5-e24a-4c2f-9e79-fa09dc8697cd	8	12418301	25117007	10426	0.0098
9add77c5-e24a-4c2f-9e79-fa09dc8697cd	8	25117062	25126735	23	-2.0491
9add77c5-e24a-4c2f-9e79-fa09dc8697cd	8	25126818	27538691	1867	0.0042
9add77c5-e24a-4c2f-9e79-fa09dc8697cd	8	27539030	27543625	7	0.6171
9add77c5-e24a-4c2f-9e79-fa09dc8697cd	8	27547573	39373140	7146	0.0069
9add77c5-e24a-4c2f-9e79-fa09dc8697cd	8	39378084	39529446	58	-1.822
9add77c5-e24a-4c2f-9e79-fa09dc8697cd	8	39530780	50119451	4582	0.0058
9add77c5-e24a-4c2f-9e79-fa09dc8697cd	8	50119464	50119827	7	-2.0481
9add77c5-e24a-4c2f-9e79-fa09dc8697cd	8	50120863	51454454	810	0.0174
9add77c5-e24a-4c2f-9e79-fa09dc8697cd	8	51454913	51455184	2	-1.2707
9add77c5-e24a-4c2f-9e79-fa09dc8697cd	8	51455591	71300130	12497	0.0032
9add77c5-e24a-4c2f-9e79-fa09dc8697cd	8	71303076	71304364	8	-1.7693
9add77c5-e24a-4c2f-9e79-fa09dc8697cd	8	71307628	75425456	2771	0.0035
9add77c5-e24a-4c2f-9e79-fa09dc8697cd	8	75426133	75428905	2	1.1763
9add77c5-e24a-4c2f-9e79-fa09dc8697cd	8	75429157	78898218	2006	0.0019
9add77c5-e24a-4c2f-9e79-fa09dc8697cd	8	78898604	78898930	5	0.6791
9add77c5-e24a-4c2f-9e79-fa09dc8697cd	8	78899339	84345736	3182	0.0081
9add77c5-e24a-4c2f-9e79-fa09dc8697cd	8	84345754	84358457	22	-0.7408
9add77c5-e24a-4c2f-9e79-fa09dc8697cd	8	84358566	106071589	12938	0.0081
9add77c5-e24a-4c2f-9e79-fa09dc8697cd	8	106076708	106076751	2	-1.3045
9add77c5-e24a-4c2f-9e79-fa09dc8697cd	8	106079983	106198873	76	-0.0144
9add77c5-e24a-4c2f-9e79-fa09dc8697cd	8	106200967	106202812	3	1.4674
9add77c5-e24a-4c2f-9e79-fa09dc8697cd	8	106202992	114623457	4930	0.0086
9add77c5-e24a-4c2f-9e79-fa09dc8697cd	8	114623472	114629502	23	0.4
9add77c5-e24a-4c2f-9e79-fa09dc8697cd	8	114638468	119139771	3110	0.0098
9add77c5-e24a-4c2f-9e79-fa09dc8697cd	8	119142545	119147207	4	-2.6622
9add77c5-e24a-4c2f-9e79-fa09dc8697cd	8	119150615	120814582	1081	-0.0035
9add77c5-e24a-4c2f-9e79-fa09dc8697cd	8	120815228	120815257	3	-1.1938
9add77c5-e24a-4c2f-9e79-fa09dc8697cd	8	120816679	145072769	16860	0.0004
9add77c5-e24a-4c2f-9e79-fa09dc8697cd	9	46587	6994399	6615	0.0091
9add77c5-e24a-4c2f-9e79-fa09dc8697cd	9	6994513	6994542	2	1.8599
9add77c5-e24a-4c2f-9e79-fa09dc8697cd	9	6994684	29091099	18146	0.0045
9add77c5-e24a-4c2f-9e79-fa09dc8697cd	9	29094551	29094999	2	-2.7356
9add77c5-e24a-4c2f-9e79-fa09dc8697cd	9	29097682	41570345	6494	0.0004
9add77c5-e24a-4c2f-9e79-fa09dc8697cd	9	41570676	42747050	77	0.3299
9add77c5-e24a-4c2f-9e79-fa09dc8697cd	9	42752837	64866665	187	0.0198
9add77c5-e24a-4c2f-9e79-fa09dc8697cd	9	64877074	67073081	25	0.3837
9add77c5-e24a-4c2f-9e79-fa09dc8697cd	9	67073620	77154478	6529	0.0034
9add77c5-e24a-4c2f-9e79-fa09dc8697cd	9	77155482	77162488	29	0.5449
9add77c5-e24a-4c2f-9e79-fa09dc8697cd	9	77171212	97611077	14026	0.004
9add77c5-e24a-4c2f-9e79-fa09dc8697cd	9	97612072	97614858	4	1.5303
9add77c5-e24a-4c2f-9e79-fa09dc8697cd	9	97615170	114320531	12253	0.0033
9add77c5-e24a-4c2f-9e79-fa09dc8697cd	9	114325122	114326042	2	1.7591
9add77c5-e24a-4c2f-9e79-fa09dc8697cd	9	114330749	136532614	14503	0.0014
9add77c5-e24a-4c2f-9e79-fa09dc8697cd	9	136536903	136537300	3	-1.1383
9add77c5-e24a-4c2f-9e79-fa09dc8697cd	9	136539349	137339957	179	-0.0351
9add77c5-e24a-4c2f-9e79-fa09dc8697cd	9	137356366	137361381	8	0.4895
9add77c5-e24a-4c2f-9e79-fa09dc8697cd	9	137378551	138200944	407	0.0099
9add77c5-e24a-4c2f-9e79-fa09dc8697cd	10	45792	26938836	21197	0.007
9add77c5-e24a-4c2f-9e79-fa09dc8697cd	10	26939421	26939544	5	0.9455
9add77c5-e24a-4c2f-9e79-fa09dc8697cd	10	26941064	35264144	5860	0.0112
9add77c5-e24a-4c2f-9e79-fa09dc8697cd	10	35267189	35267733	2	1.3763
9add77c5-e24a-4c2f-9e79-fa09dc8697cd	10	35267771	46836986	4666	0.0093
9add77c5-e24a-4c2f-9e79-fa09dc8697cd	10	46898735	46901552	2	2.8659
9add77c5-e24a-4c2f-9e79-fa09dc8697cd	10	46967412	47044272	10	-0.263
9add77c5-e24a-4c2f-9e79-fa09dc8697cd	10	47045228	48523157	550	0.0094
9add77c5-e24a-4c2f-9e79-fa09dc8697cd	10	48524930	48524943	2	-1.7481
9add77c5-e24a-4c2f-9e79-fa09dc8697cd	10	48525216	55828169	5368	0.0035
9add77c5-e24a-4c2f-9e79-fa09dc8697cd	10	55828532	55831008	2	1.2492
9add77c5-e24a-4c2f-9e79-fa09dc8697cd	10	55833337	56217974	258	0.0012
9add77c5-e24a-4c2f-9e79-fa09dc8697cd	10	56218800	56219998	3	1.6594
9add77c5-e24a-4c2f-9e79-fa09dc8697cd	10	56222179	100478884	29469	0.0077
9add77c5-e24a-4c2f-9e79-fa09dc8697cd	10	100486339	100710785	135	0.3405
9add77c5-e24a-4c2f-9e79-fa09dc8697cd	10	100711999	133654968	23130	0.0074
9add77c5-e24a-4c2f-9e79-fa09dc8697cd	11	198510	3465494	1296	0.0156
9add77c5-e24a-4c2f-9e79-fa09dc8697cd	11	3466435	3467200	2	-3.5358
9add77c5-e24a-4c2f-9e79-fa09dc8697cd	11	3485296	5762693	1933	-0.0051
9add77c5-e24a-4c2f-9e79-fa09dc8697cd	11	5766175	5787909	33	0.5466
9add77c5-e24a-4c2f-9e79-fa09dc8697cd	11	5788108	9022201	2357	0.0067
9add77c5-e24a-4c2f-9e79-fa09dc8697cd	11	9023220	9026397	4	-1.1824
9add77c5-e24a-4c2f-9e79-fa09dc8697cd	11	9031583	18913287	7040	-0.0033
9add77c5-e24a-4c2f-9e79-fa09dc8697cd	11	18914707	18939631	42	-0.2647
9add77c5-e24a-4c2f-9e79-fa09dc8697cd	11	18939734	22322609	2904	0.0101
9add77c5-e24a-4c2f-9e79-fa09dc8697cd	11	22329922	22330059	2	-1.3155
9add77c5-e24a-4c2f-9e79-fa09dc8697cd	11	22333699	24422703	1476	0.0126
9add77c5-e24a-4c2f-9e79-fa09dc8697cd	11	24424822	24428711	5	-1.0661
9add77c5-e24a-4c2f-9e79-fa09dc8697cd	11	24433630	55608804	17392	0.006
9add77c5-e24a-4c2f-9e79-fa09dc8697cd	11	55609022	55686100	52	-0.4047
9add77c5-e24a-4c2f-9e79-fa09dc8697cd	11	55693207	80256469	13258	-0.0018
9add77c5-e24a-4c2f-9e79-fa09dc8697cd	11	80256504	80256520	2	-3.0951
9add77c5-e24a-4c2f-9e79-fa09dc8697cd	11	80256642	92097323	8036	0.0086
9add77c5-e24a-4c2f-9e79-fa09dc8697cd	11	92097492	92097877	2	1.6154
9add77c5-e24a-4c2f-9e79-fa09dc8697cd	11	92099538	97949850	4259	-0.006
9add77c5-e24a-4c2f-9e79-fa09dc8697cd	11	97954373	97961283	6	-1.2656
9add77c5-e24a-4c2f-9e79-fa09dc8697cd	11	97963496	101723653	2988	0.0156
9add77c5-e24a-4c2f-9e79-fa09dc8697cd	11	101727129	101727233	4	0.9805
9add77c5-e24a-4c2f-9e79-fa09dc8697cd	11	101727481	107367945	3798	-0.0078
9add77c5-e24a-4c2f-9e79-fa09dc8697cd	11	107368040	107368402	5	-1.9295
9add77c5-e24a-4c2f-9e79-fa09dc8697cd	11	107381636	133947577	19084	-0.0003
9add77c5-e24a-4c2f-9e79-fa09dc8697cd	11	133947761	133948202	2	1.4725
9add77c5-e24a-4c2f-9e79-fa09dc8697cd	11	133949547	135074876	838	0.0312
9add77c5-e24a-4c2f-9e79-fa09dc8697cd	12	51460	2139015	1271	0.0029
9add77c5-e24a-4c2f-9e79-fa09dc8697cd	12	2140902	2148754	36	-0.7558
9add77c5-e24a-4c2f-9e79-fa09dc8697cd	12	2148857	4804835	2000	0.0055
9add77c5-e24a-4c2f-9e79-fa09dc8697cd	12	4807387	4823201	20	-0.1895
9add77c5-e24a-4c2f-9e79-fa09dc8697cd	12	4823649	4824274	3	0.5977
9add77c5-e24a-4c2f-9e79-fa09dc8697cd	12	4827800	6216552	1264	-0.4036
9add77c5-e24a-4c2f-9e79-fa09dc8697cd	12	6216748	6217103	2	0.8257
9add77c5-e24a-4c2f-9e79-fa09dc8697cd	12	6218823	8157472	930	-0.3955
9add77c5-e24a-4c2f-9e79-fa09dc8697cd	12	8165239	8432076	90	-0.0841
9add77c5-e24a-4c2f-9e79-fa09dc8697cd	12	8442298	9477960	557	-0.4106
9add77c5-e24a-4c2f-9e79-fa09dc8697cd	12	9481274	9575696	24	0.6125
9add77c5-e24a-4c2f-9e79-fa09dc8697cd	12	9582373	11061546	1032	-0.4154
9add77c5-e24a-4c2f-9e79-fa09dc8697cd	12	11062773	11088933	13	0.368
9add77c5-e24a-4c2f-9e79-fa09dc8697cd	12	11099275	19396066	5602	-0.3887
9add77c5-e24a-4c2f-9e79-fa09dc8697cd	12	19396166	19428607	16	0.122
9add77c5-e24a-4c2f-9e79-fa09dc8697cd	12	19432224	25555886	4384	-0.3911
9add77c5-e24a-4c2f-9e79-fa09dc8697cd	12	25556598	25761847	139	0.3322
9add77c5-e24a-4c2f-9e79-fa09dc8697cd	12	25764474	33122156	5364	-0.3925
9add77c5-e24a-4c2f-9e79-fa09dc8697cd	12	33122273	33141726	27	0.1661
9add77c5-e24a-4c2f-9e79-fa09dc8697cd	12	33148472	33154440	27	-0.524
9add77c5-e24a-4c2f-9e79-fa09dc8697cd	12	33155426	37593924	829	0.2951
9add77c5-e24a-4c2f-9e79-fa09dc8697cd	12	37618765	37620216	2	-1.7312
9add77c5-e24a-4c2f-9e79-fa09dc8697cd	12	37640556	70478895	19924	0.3003
9add77c5-e24a-4c2f-9e79-fa09dc8697cd	12	70482534	70484247	8	-1.5734
9add77c5-e24a-4c2f-9e79-fa09dc8697cd	12	70485605	74924299	2742	0.3105
9add77c5-e24a-4c2f-9e79-fa09dc8697cd	12	74924489	75248380	203	0.8732
9add77c5-e24a-4c2f-9e79-fa09dc8697cd	12	75252157	91876681	10288	0.32
9add77c5-e24a-4c2f-9e79-fa09dc8697cd	12	91877239	126576885	23038	0.2922
9add77c5-e24a-4c2f-9e79-fa09dc8697cd	12	126577639	126640834	42	0.3561
9add77c5-e24a-4c2f-9e79-fa09dc8697cd	12	126641198	126645946	2	1.7654
9add77c5-e24a-4c2f-9e79-fa09dc8697cd	12	126646494	131636170	4376	0.3129
9add77c5-e24a-4c2f-9e79-fa09dc8697cd	12	131648039	131648790	13	-1.7065
9add77c5-e24a-4c2f-9e79-fa09dc8697cd	12	131657925	133201603	559	0.3141
9add77c5-e24a-4c2f-9e79-fa09dc8697cd	13	18452809	19547319	531	0.0129
9add77c5-e24a-4c2f-9e79-fa09dc8697cd	13	19549755	19549770	2	-1.993
9add77c5-e24a-4c2f-9e79-fa09dc8697cd	13	19550361	30876422	8220	0.0114
9add77c5-e24a-4c2f-9e79-fa09dc8697cd	13	30876452	31957934	813	-0.0256
9add77c5-e24a-4c2f-9e79-fa09dc8697cd	13	31957984	31963807	16	-0.5975
9add77c5-e24a-4c2f-9e79-fa09dc8697cd	13	31963957	37502163	3906	-0.0238
9add77c5-e24a-4c2f-9e79-fa09dc8697cd	13	37502534	37510620	9	-0.614
9add77c5-e24a-4c2f-9e79-fa09dc8697cd	13	37514193	50374791	8705	-0.0311
9add77c5-e24a-4c2f-9e79-fa09dc8697cd	13	50375964	50379109	2	-1.7622
9add77c5-e24a-4c2f-9e79-fa09dc8697cd	13	50385800	63463064	7551	-0.0221
9add77c5-e24a-4c2f-9e79-fa09dc8697cd	13	63464639	64433006	567	-0.1164
9add77c5-e24a-4c2f-9e79-fa09dc8697cd	13	64441153	70736749	4038	-0.037
9add77c5-e24a-4c2f-9e79-fa09dc8697cd	13	70736875	71902850	694	-0.0054
9add77c5-e24a-4c2f-9e79-fa09dc8697cd	13	71903417	71906418	4	-2.8969
9add77c5-e24a-4c2f-9e79-fa09dc8697cd	13	71906467	77899959	4281	-0.0282
9add77c5-e24a-4c2f-9e79-fa09dc8697cd	13	77901178	77901346	2	1.7918
9add77c5-e24a-4c2f-9e79-fa09dc8697cd	13	77901426	114342922	24806	-0.0287
9add77c5-e24a-4c2f-9e79-fa09dc8697cd	14	18239283	19185165	38	0.0971
9add77c5-e24a-4c2f-9e79-fa09dc8697cd	14	19185951	19954424	127	-0.2841
9add77c5-e24a-4c2f-9e79-fa09dc8697cd	14	19955213	22053638	1455	0.0166
9add77c5-e24a-4c2f-9e79-fa09dc8697cd	14	22059302	22530666	427	0.2476
9add77c5-e24a-4c2f-9e79-fa09dc8697cd	14	22530968	26314697	2456	0.0033
9add77c5-e24a-4c2f-9e79-fa09dc8697cd	14	26314707	26314712	6	-1.4133
9add77c5-e24a-4c2f-9e79-fa09dc8697cd	14	26315707	35025509	5458	0.0048
9add77c5-e24a-4c2f-9e79-fa09dc8697cd	14	35030113	35034120	2	1.208
9add77c5-e24a-4c2f-9e79-fa09dc8697cd	14	35035384	40139724	3066	0.0145
9add77c5-e24a-4c2f-9e79-fa09dc8697cd	14	40144718	40147715	2	-1.9759
9add77c5-e24a-4c2f-9e79-fa09dc8697cd	14	40148961	44189583	2569	0.0042
9add77c5-e24a-4c2f-9e79-fa09dc8697cd	14	44189652	44198561	7	-0.685
9add77c5-e24a-4c2f-9e79-fa09dc8697cd	14	44200891	49795020	3201	0.0084
9add77c5-e24a-4c2f-9e79-fa09dc8697cd	14	49799603	50226573	229	-0.3963
9add77c5-e24a-4c2f-9e79-fa09dc8697cd	14	50227087	50273329	28	0.0245
9add77c5-e24a-4c2f-9e79-fa09dc8697cd	14	50274709	50413375	85	-0.4225
9add77c5-e24a-4c2f-9e79-fa09dc8697cd	14	50414019	105797388	35768	0
9add77c5-e24a-4c2f-9e79-fa09dc8697cd	14	105803660	106294689	168	0.1476
9add77c5-e24a-4c2f-9e79-fa09dc8697cd	14	106297265	106297273	3	1.8388
9add77c5-e24a-4c2f-9e79-fa09dc8697cd	14	106297409	106877229	295	-0.0604
9add77c5-e24a-4c2f-9e79-fa09dc8697cd	15	19811075	19989485	43	0.0861
9add77c5-e24a-4c2f-9e79-fa09dc8697cd	15	19998708	22413894	166	0.3507
9add77c5-e24a-4c2f-9e79-fa09dc8697cd	15	22455811	27327182	3096	0.0184
9add77c5-e24a-4c2f-9e79-fa09dc8697cd	15	27328880	27682660	282	-0.3776
9add77c5-e24a-4c2f-9e79-fa09dc8697cd	15	27683648	27687756	7	-0.7434
9add77c5-e24a-4c2f-9e79-fa09dc8697cd	15	27687774	30106026	1236	0.0394
9add77c5-e24a-4c2f-9e79-fa09dc8697cd	15	30152073	30503586	33	-0.3031
9add77c5-e24a-4c2f-9e79-fa09dc8697cd	15	30515739	30595753	2	-1.8263
9add77c5-e24a-4c2f-9e79-fa09dc8697cd	15	30608675	56499688	16283	0.0052
9add77c5-e24a-4c2f-9e79-fa09dc8697cd	15	56499703	56508779	8	-0.978
9add77c5-e24a-4c2f-9e79-fa09dc8697cd	15	56509425	57467174	523	0.0053
9add77c5-e24a-4c2f-9e79-fa09dc8697cd	15	57470542	57479131	13	0.4687
9add77c5-e24a-4c2f-9e79-fa09dc8697cd	15	57479351	65524604	5674	-0.0033
9add77c5-e24a-4c2f-9e79-fa09dc8697cd	15	65525186	65526049	2	-1.7293
9add77c5-e24a-4c2f-9e79-fa09dc8697cd	15	65530196	101928837	24172	0.0029
9add77c5-e24a-4c2f-9e79-fa09dc8697cd	16	10777	11535608	8683	0.1071
9add77c5-e24a-4c2f-9e79-fa09dc8697cd	16	11535928	11536077	2	1.9981
9add77c5-e24a-4c2f-9e79-fa09dc8697cd	16	11536092	15414055	2544	0.0964
9add77c5-e24a-4c2f-9e79-fa09dc8697cd	16	15415238	18688534	1556	0.1586
9add77c5-e24a-4c2f-9e79-fa09dc8697cd	16	18704933	21561437	1617	0.1001
9add77c5-e24a-4c2f-9e79-fa09dc8697cd	16	21561840	29427018	4691	0.0129
9add77c5-e24a-4c2f-9e79-fa09dc8697cd	16	29506390	30180586	209	0.5532
9add77c5-e24a-4c2f-9e79-fa09dc8697cd	16	30295647	32198553	671	0.0037
9add77c5-e24a-4c2f-9e79-fa09dc8697cd	16	32198778	32458145	9	-0.5933
9add77c5-e24a-4c2f-9e79-fa09dc8697cd	16	32471634	33700323	35	0.0815
9add77c5-e24a-4c2f-9e79-fa09dc8697cd	16	33701693	33735771	2	1.3472
9add77c5-e24a-4c2f-9e79-fa09dc8697cd	16	33776048	55762598	6913	0.0098
9add77c5-e24a-4c2f-9e79-fa09dc8697cd	16	55762663	55762682	2	-1.2873
9add77c5-e24a-4c2f-9e79-fa09dc8697cd	16	55764310	55764867	3	2.2414
9add77c5-e24a-4c2f-9e79-fa09dc8697cd	16	55770436	55774509	4	-1.261
9add77c5-e24a-4c2f-9e79-fa09dc8697cd	16	55774768	78337711	14292	0.0083
9add77c5-e24a-4c2f-9e79-fa09dc8697cd	16	78338543	78342814	8	0.3991
9add77c5-e24a-4c2f-9e79-fa09dc8697cd	16	78343037	78350841	7	0.8924
9add77c5-e24a-4c2f-9e79-fa09dc8697cd	16	78350868	89928117	10517	0.0187
9add77c5-e24a-4c2f-9e79-fa09dc8697cd	16	89937925	89944123	3	-0.8414
9add77c5-e24a-4c2f-9e79-fa09dc8697cd	16	89945653	90096867	97	0.0916
9add77c5-e24a-4c2f-9e79-fa09dc8697cd	17	150733	41273697	20837	0.0058
9add77c5-e24a-4c2f-9e79-fa09dc8697cd	17	41273905	41274198	4	-1.5656
9add77c5-e24a-4c2f-9e79-fa09dc8697cd	17	41274279	78285287	21873	0.0057
9add77c5-e24a-4c2f-9e79-fa09dc8697cd	17	78286051	78286887	2	-2.0483
9add77c5-e24a-4c2f-9e79-fa09dc8697cd	17	78290662	80655063	1368	0.0098
9add77c5-e24a-4c2f-9e79-fa09dc8697cd	17	80655993	80660379	2	2.1017
9add77c5-e24a-4c2f-9e79-fa09dc8697cd	17	80660500	83091923	949	-0.0164
9add77c5-e24a-4c2f-9e79-fa09dc8697cd	18	48133	71392837	44145	0.0014
9add77c5-e24a-4c2f-9e79-fa09dc8697cd	18	71393503	73601774	1747	-0.0599
9add77c5-e24a-4c2f-9e79-fa09dc8697cd	18	73603061	80257174	4846	0.0045
9add77c5-e24a-4c2f-9e79-fa09dc8697cd	19	90910	36354973	17170	0.0059
9add77c5-e24a-4c2f-9e79-fa09dc8697cd	19	36355248	36356735	11	-0.7404
9add77c5-e24a-4c2f-9e79-fa09dc8697cd	19	36356789	53022009	8534	0.0001
9add77c5-e24a-4c2f-9e79-fa09dc8697cd	19	53022282	53050987	18	0.5301
9add77c5-e24a-4c2f-9e79-fa09dc8697cd	19	53051066	54740939	1056	0.0142
9add77c5-e24a-4c2f-9e79-fa09dc8697cd	19	54772391	54868000	47	-0.6678
9add77c5-e24a-4c2f-9e79-fa09dc8697cd	19	54868061	58586487	2270	0.0199
9add77c5-e24a-4c2f-9e79-fa09dc8697cd	20	80664	1580156	1200	0.0386
9add77c5-e24a-4c2f-9e79-fa09dc8697cd	20	1580276	1601561	39	1.1443
9add77c5-e24a-4c2f-9e79-fa09dc8697cd	20	1609611	15098078	10210	0.005
9add77c5-e24a-4c2f-9e79-fa09dc8697cd	20	15098368	15099694	2	1.6324
9add77c5-e24a-4c2f-9e79-fa09dc8697cd	20	15100670	54028329	23435	0.0048
9add77c5-e24a-4c2f-9e79-fa09dc8697cd	20	54031269	54042112	37	-0.7031
9add77c5-e24a-4c2f-9e79-fa09dc8697cd	20	54046035	61973114	6473	0.0119
9add77c5-e24a-4c2f-9e79-fa09dc8697cd	20	61983972	61984028	3	-1.2654
9add77c5-e24a-4c2f-9e79-fa09dc8697cd	20	61992694	64323484	973	0.0124
9add77c5-e24a-4c2f-9e79-fa09dc8697cd	20	64324185	64324800	3	-1.1641
9add77c5-e24a-4c2f-9e79-fa09dc8697cd	21	10354168	13084095	100	-0.137
9add77c5-e24a-4c2f-9e79-fa09dc8697cd	21	13092058	19070335	3789	-0.5936
9add77c5-e24a-4c2f-9e79-fa09dc8697cd	21	19075967	19075997	2	-3.1964
9add77c5-e24a-4c2f-9e79-fa09dc8697cd	21	19076146	23061037	2988	-0.5923
9add77c5-e24a-4c2f-9e79-fa09dc8697cd	21	23061182	23061523	4	0.8257
9add77c5-e24a-4c2f-9e79-fa09dc8697cd	21	23061642	25118363	1618	-0.6095
9add77c5-e24a-4c2f-9e79-fa09dc8697cd	21	25119420	26908194	1344	0.0072
9add77c5-e24a-4c2f-9e79-fa09dc8697cd	21	26910341	26911285	4	-1.9306
9add77c5-e24a-4c2f-9e79-fa09dc8697cd	21	26911831	28261479	1038	0.0131
9add77c5-e24a-4c2f-9e79-fa09dc8697cd	21	28265969	28390725	91	-0.9483
9add77c5-e24a-4c2f-9e79-fa09dc8697cd	21	28391797	43287878	11134	0.0044
9add77c5-e24a-4c2f-9e79-fa09dc8697cd	21	43287936	43313191	15	0.4503
9add77c5-e24a-4c2f-9e79-fa09dc8697cd	21	43313213	46677045	1722	0.0093
9add77c5-e24a-4c2f-9e79-fa09dc8697cd	22	15294547	16777841	148	-0.402
9add77c5-e24a-4c2f-9e79-fa09dc8697cd	22	16780090	17014661	153	-0.6312
9add77c5-e24a-4c2f-9e79-fa09dc8697cd	22	17018144	17018618	2	1.6607
9add77c5-e24a-4c2f-9e79-fa09dc8697cd	22	17019000	20615974	1885	-0.5947
9add77c5-e24a-4c2f-9e79-fa09dc8697cd	22	20617312	21695494	592	-0.4455
9add77c5-e24a-4c2f-9e79-fa09dc8697cd	22	21698525	25253254	2420	-0.5879
9add77c5-e24a-4c2f-9e79-fa09dc8697cd	22	25253305	25765422	479	-0.4915
9add77c5-e24a-4c2f-9e79-fa09dc8697cd	22	25766808	38993700	9571	-0.5981
9add77c5-e24a-4c2f-9e79-fa09dc8697cd	22	38993715	39010189	14	0.2197
9add77c5-e24a-4c2f-9e79-fa09dc8697cd	22	39011942	50796027	7997	-0.5964
9add77c5-e24a-4c2f-9e79-fa09dc8697cd	X	251810	155952689	83642	0.0125
9add77c5-e24a-4c2f-9e79-fa09dc8697cd	Y	2782397	7207968	1063	-2.2259
9add77c5-e24a-4c2f-9e79-fa09dc8697cd	Y	7208686	9995428	1271	-2.5756
9add77c5-e24a-4c2f-9e79-fa09dc8697cd	Y	10001579	12065071	227	-2.0876
9add77c5-e24a-4c2f-9e79-fa09dc8697cd	Y	12067381	13483169	690	-2.4487
9add77c5-e24a-4c2f-9e79-fa09dc8697cd	Y	13489006	14021618	219	-1.9971
9add77c5-e24a-4c2f-9e79-fa09dc8697cd	Y	14059401	26317011	2980	-2.5437
9add77c5-e24a-4c2f-9e79-fa09dc8697cd	Y	26317379	56872112	167	-1.9345
