GDC_Aliquot	Chromosome	Start	End	Num_Probes	Segment_Mean
8d441697-4f67-4e07-9239-dac0da80b7ba	1	3301765	247650984	129747	0.0013
8d441697-4f67-4e07-9239-dac0da80b7ba	2	480597	3881688	1536	-0.0026
8d441697-4f67-4e07-9239-dac0da80b7ba	2	3882332	3885039	3	0.9945
8d441697-4f67-4e07-9239-dac0da80b7ba	2	3886267	241138642	130457	0.0013
8d441697-4f67-4e07-9239-dac0da80b7ba	2	241143213	241144360	2	-1.1967
8d441697-4f67-4e07-9239-dac0da80b7ba	2	241146319	241537572	217	0.0048
8d441697-4f67-4e07-9239-dac0da80b7ba	3	2170634	14027562	7188	-0.0063
8d441697-4f67-4e07-9239-dac0da80b7ba	3	14028131	14031678	2	-1.1808
8d441697-4f67-4e07-9239-dac0da80b7ba	3	14040393	30149632	9483	-0.0007
8d441697-4f67-4e07-9239-dac0da80b7ba	3	30151053	30151074	2	-1.1456
8d441697-4f67-4e07-9239-dac0da80b7ba	3	30151286	197812401	90498	0.0022
8d441697-4f67-4e07-9239-dac0da80b7ba	4	1059384	28184376	17077	-0.0049
8d441697-4f67-4e07-9239-dac0da80b7ba	4	28189671	28190526	2	-1.1509
8d441697-4f67-4e07-9239-dac0da80b7ba	4	28194325	93703323	34980	0.0017
8d441697-4f67-4e07-9239-dac0da80b7ba	4	93704656	93724497	7	-1.0403
8d441697-4f67-4e07-9239-dac0da80b7ba	4	93729324	187842528	51435	0.0002
8d441697-4f67-4e07-9239-dac0da80b7ba	5	913983	18824090	11565	-0.0047
8d441697-4f67-4e07-9239-dac0da80b7ba	5	18825515	18848300	17	0.615
8d441697-4f67-4e07-9239-dac0da80b7ba	5	18976881	180934240	89529	0.0004
8d441697-4f67-4e07-9239-dac0da80b7ba	6	1011760	170596889	97169	0.0028
8d441697-4f67-4e07-9239-dac0da80b7ba	7	664936	4542388	1475	0.0136
8d441697-4f67-4e07-9239-dac0da80b7ba	7	4543637	4545479	2	-1.0683
8d441697-4f67-4e07-9239-dac0da80b7ba	7	4545511	12297923	3677	0.0081
8d441697-4f67-4e07-9239-dac0da80b7ba	7	12298432	12299734	2	-1.1855
8d441697-4f67-4e07-9239-dac0da80b7ba	7	12299869	54578540	27124	0.0004
8d441697-4f67-4e07-9239-dac0da80b7ba	7	54580713	54580990	3	-1.1299
8d441697-4f67-4e07-9239-dac0da80b7ba	7	54582018	145495224	42719	0.0008
8d441697-4f67-4e07-9239-dac0da80b7ba	7	145495625	145495800	2	-1.2093
8d441697-4f67-4e07-9239-dac0da80b7ba	7	145495852	158592540	6941	-0.0062
8d441697-4f67-4e07-9239-dac0da80b7ba	8	667625	32079620	18990	0.0001
8d441697-4f67-4e07-9239-dac0da80b7ba	8	32080387	32080659	3	-1.1353
8d441697-4f67-4e07-9239-dac0da80b7ba	8	32083111	57785267	12264	-0.0072
8d441697-4f67-4e07-9239-dac0da80b7ba	8	57790273	113747111	31785	0.0057
8d441697-4f67-4e07-9239-dac0da80b7ba	8	113747750	144182542	19192	-0.0079
8d441697-4f67-4e07-9239-dac0da80b7ba	9	789794	3468075	1884	-0.0031
8d441697-4f67-4e07-9239-dac0da80b7ba	9	3473297	3475151	4	-1.0324
8d441697-4f67-4e07-9239-dac0da80b7ba	9	3479911	138044505	66598	-0.0004
8d441697-4f67-4e07-9239-dac0da80b7ba	10	366509	133411599	81288	0.0006
8d441697-4f67-4e07-9239-dac0da80b7ba	11	456012	134272740	77572	-0.0007
8d441697-4f67-4e07-9239-dac0da80b7ba	12	780472	132605822	74346	0.0019
8d441697-4f67-4e07-9239-dac0da80b7ba	13	18874255	106839103	52305	0.0021
8d441697-4f67-4e07-9239-dac0da80b7ba	13	106841151	106841599	2	-1.2263
8d441697-4f67-4e07-9239-dac0da80b7ba	13	106845173	107515315	508	0.0191
8d441697-4f67-4e07-9239-dac0da80b7ba	13	107516183	107516724	4	-0.6984
8d441697-4f67-4e07-9239-dac0da80b7ba	13	107518023	114226675	4178	-0.0008
8d441697-4f67-4e07-9239-dac0da80b7ba	14	20033191	105533894	49777	0.0012
8d441697-4f67-4e07-9239-dac0da80b7ba	15	23437561	101344124	44792	0.0019
8d441697-4f67-4e07-9239-dac0da80b7ba	16	603333	89317317	41207	-0.0007
8d441697-4f67-4e07-9239-dac0da80b7ba	17	1074619	3731131	1169	0.0163
8d441697-4f67-4e07-9239-dac0da80b7ba	17	3732351	3732474	3	0.8735
8d441697-4f67-4e07-9239-dac0da80b7ba	17	3736843	9337317	2953	0.0092
8d441697-4f67-4e07-9239-dac0da80b7ba	17	9338636	9340576	8	0.6214
8d441697-4f67-4e07-9239-dac0da80b7ba	17	9341107	68281830	25670	0.0022
8d441697-4f67-4e07-9239-dac0da80b7ba	17	68288654	68288973	2	-1.3196
8d441697-4f67-4e07-9239-dac0da80b7ba	17	68292472	82959812	7477	-0.0032
8d441697-4f67-4e07-9239-dac0da80b7ba	18	326691	79349796	42967	0.0016
8d441697-4f67-4e07-9239-dac0da80b7ba	19	283868	43975343	18070	0.0053
8d441697-4f67-4e07-9239-dac0da80b7ba	19	43975607	43975608	2	-1.4006
8d441697-4f67-4e07-9239-dac0da80b7ba	19	43978555	58370362	6084	0.0056
8d441697-4f67-4e07-9239-dac0da80b7ba	20	472817	63588502	37561	0.0036
8d441697-4f67-4e07-9239-dac0da80b7ba	21	13974127	46262057	20602	0.0021
8d441697-4f67-4e07-9239-dac0da80b7ba	22	16934932	48940621	17090	0.0022
8d441697-4f67-4e07-9239-dac0da80b7ba	X	3236359	155677414	63969	0.0007
