GDC_Aliquot	Chromosome	Start	End	Num_Probes	Segment_Mean
d751d70b-29b4-4548-a4f5-d4ec3027e392	1	62920	1696979	212	-0.0241
d751d70b-29b4-4548-a4f5-d4ec3027e392	1	1710664	1731957	10	1.3197
d751d70b-29b4-4548-a4f5-d4ec3027e392	1	1732392	2523491	252	-0.025
d751d70b-29b4-4548-a4f5-d4ec3027e392	1	2524194	2524764	3	-1.6475
d751d70b-29b4-4548-a4f5-d4ec3027e392	1	2527180	2536961	11	0.1462
d751d70b-29b4-4548-a4f5-d4ec3027e392	1	2541819	2551482	2	-2.4705
d751d70b-29b4-4548-a4f5-d4ec3027e392	1	2569899	3163455	179	0.1738
d751d70b-29b4-4548-a4f5-d4ec3027e392	1	3164291	3164376	2	2.1401
d751d70b-29b4-4548-a4f5-d4ec3027e392	1	3172922	3256538	46	0.113
d751d70b-29b4-4548-a4f5-d4ec3027e392	1	3257446	3259074	2	1.6985
d751d70b-29b4-4548-a4f5-d4ec3027e392	1	3259896	4383326	693	0.0725
d751d70b-29b4-4548-a4f5-d4ec3027e392	1	4384479	4384646	2	-1.544
d751d70b-29b4-4548-a4f5-d4ec3027e392	1	4385857	6590790	1635	0.0468
d751d70b-29b4-4548-a4f5-d4ec3027e392	1	6591033	6591482	2	1.5723
d751d70b-29b4-4548-a4f5-d4ec3027e392	1	6591668	8116566	974	0.035
d751d70b-29b4-4548-a4f5-d4ec3027e392	1	8122528	8129225	9	-0.3999
d751d70b-29b4-4548-a4f5-d4ec3027e392	1	8131732	8132865	2	-2.1629
d751d70b-29b4-4548-a4f5-d4ec3027e392	1	8135166	11686443	1856	0.0337
d751d70b-29b4-4548-a4f5-d4ec3027e392	1	11689851	11694530	2	-1.9486
d751d70b-29b4-4548-a4f5-d4ec3027e392	1	11697946	22175223	6293	0.0336
d751d70b-29b4-4548-a4f5-d4ec3027e392	1	22177283	22177779	2	-2.0637
d751d70b-29b4-4548-a4f5-d4ec3027e392	1	22180930	25256800	1807	0.0275
d751d70b-29b4-4548-a4f5-d4ec3027e392	1	25256850	25320455	25	0.7893
d751d70b-29b4-4548-a4f5-d4ec3027e392	1	25336819	38986185	7370	0.0244
d751d70b-29b4-4548-a4f5-d4ec3027e392	1	38992438	38993209	4	-2.6818
d751d70b-29b4-4548-a4f5-d4ec3027e392	1	38993888	72302815	21340	0.0177
d751d70b-29b4-4548-a4f5-d4ec3027e392	1	72303233	72345465	46	0.7701
d751d70b-29b4-4548-a4f5-d4ec3027e392	1	72346221	100747858	18248	0.0183
d751d70b-29b4-4548-a4f5-d4ec3027e392	1	100750497	100750518	2	-1.8005
d751d70b-29b4-4548-a4f5-d4ec3027e392	1	100752198	105476583	2685	0.0234
d751d70b-29b4-4548-a4f5-d4ec3027e392	1	105476614	105479753	16	0.6036
d751d70b-29b4-4548-a4f5-d4ec3027e392	1	105481433	107639641	1511	0.0264
d751d70b-29b4-4548-a4f5-d4ec3027e392	1	107641802	107641874	2	1.4435
d751d70b-29b4-4548-a4f5-d4ec3027e392	1	107644557	109888800	1266	0.0232
d751d70b-29b4-4548-a4f5-d4ec3027e392	1	109888892	109891299	2	-1.5726
d751d70b-29b4-4548-a4f5-d4ec3027e392	1	109893187	110833598	701	0.0431
d751d70b-29b4-4548-a4f5-d4ec3027e392	1	110834746	110845604	39	-0.6833
d751d70b-29b4-4548-a4f5-d4ec3027e392	1	110849445	112153993	1082	0.0183
d751d70b-29b4-4548-a4f5-d4ec3027e392	1	112154165	112163440	17	0.5901
d751d70b-29b4-4548-a4f5-d4ec3027e392	1	112163460	118674791	4137	0.0187
d751d70b-29b4-4548-a4f5-d4ec3027e392	1	118674883	118675339	3	-1.3116
d751d70b-29b4-4548-a4f5-d4ec3027e392	1	118676830	119477735	504	0.0079
d751d70b-29b4-4548-a4f5-d4ec3027e392	1	119478448	119479552	5	0.9162
d751d70b-29b4-4548-a4f5-d4ec3027e392	1	119481265	143547226	520	0.0108
d751d70b-29b4-4548-a4f5-d4ec3027e392	1	143547578	143927887	115	-0.6153
d751d70b-29b4-4548-a4f5-d4ec3027e392	1	143928045	152567109	2293	0.0212
d751d70b-29b4-4548-a4f5-d4ec3027e392	1	152567611	152614064	55	0.5474
d751d70b-29b4-4548-a4f5-d4ec3027e392	1	152614100	152790286	183	0.0004
d751d70b-29b4-4548-a4f5-d4ec3027e392	1	152790414	152806385	31	-0.3633
d751d70b-29b4-4548-a4f5-d4ec3027e392	1	152807663	153744582	632	0.021
d751d70b-29b4-4548-a4f5-d4ec3027e392	1	153745744	153746270	3	-1.8712
d751d70b-29b4-4548-a4f5-d4ec3027e392	1	153752734	160176383	3808	0.0231
d751d70b-29b4-4548-a4f5-d4ec3027e392	1	160176704	160177153	3	-1.3956
d751d70b-29b4-4548-a4f5-d4ec3027e392	1	160178881	161871226	966	-0.0077
d751d70b-29b4-4548-a4f5-d4ec3027e392	1	161872158	161872417	3	1.7766
d751d70b-29b4-4548-a4f5-d4ec3027e392	1	161874316	169247699	5844	0.0168
d751d70b-29b4-4548-a4f5-d4ec3027e392	1	169264736	169272528	7	0.9918
d751d70b-29b4-4548-a4f5-d4ec3027e392	1	169273163	171972568	1875	0.0129
d751d70b-29b4-4548-a4f5-d4ec3027e392	1	171973348	171973643	2	-1.4399
d751d70b-29b4-4548-a4f5-d4ec3027e392	1	171975278	174827418	1640	0.0153
d751d70b-29b4-4548-a4f5-d4ec3027e392	1	174827561	174828247	7	-1.0021
d751d70b-29b4-4548-a4f5-d4ec3027e392	1	174828310	176287493	983	0.0142
d751d70b-29b4-4548-a4f5-d4ec3027e392	1	176294104	176294151	2	2.2897
d751d70b-29b4-4548-a4f5-d4ec3027e392	1	176298908	189679027	8919	0.0139
d751d70b-29b4-4548-a4f5-d4ec3027e392	1	189679353	189679397	2	-2.9215
d751d70b-29b4-4548-a4f5-d4ec3027e392	1	189682917	193244080	2443	0.0272
d751d70b-29b4-4548-a4f5-d4ec3027e392	1	193244261	193244344	4	2.7556
d751d70b-29b4-4548-a4f5-d4ec3027e392	1	193252785	194479104	836	0.0229
d751d70b-29b4-4548-a4f5-d4ec3027e392	1	194482281	194485888	2	2.2442
d751d70b-29b4-4548-a4f5-d4ec3027e392	1	194487886	196762480	1453	0.0174
d751d70b-29b4-4548-a4f5-d4ec3027e392	1	196762956	196772237	13	0.6974
d751d70b-29b4-4548-a4f5-d4ec3027e392	1	196775006	198907465	1261	0.0276
d751d70b-29b4-4548-a4f5-d4ec3027e392	1	198907683	198907729	2	-2.1561
d751d70b-29b4-4548-a4f5-d4ec3027e392	1	198909218	209897717	7563	0.0194
d751d70b-29b4-4548-a4f5-d4ec3027e392	1	209908268	209910639	3	-2.1859
d751d70b-29b4-4548-a4f5-d4ec3027e392	1	209913207	248930189	27003	0.0122
d751d70b-29b4-4548-a4f5-d4ec3027e392	2	12784	3184068	2219	0.0145
d751d70b-29b4-4548-a4f5-d4ec3027e392	2	3184154	3192955	8	-1.0623
d751d70b-29b4-4548-a4f5-d4ec3027e392	2	3193106	3259105	75	0.0532
d751d70b-29b4-4548-a4f5-d4ec3027e392	2	3261939	3262443	4	1.1388
d751d70b-29b4-4548-a4f5-d4ec3027e392	2	3262826	3998295	544	0.0086
d751d70b-29b4-4548-a4f5-d4ec3027e392	2	3999827	4000475	3	-1.3736
d751d70b-29b4-4548-a4f5-d4ec3027e392	2	4002950	4168879	140	0.0381
d751d70b-29b4-4548-a4f5-d4ec3027e392	2	4169315	4171747	14	0.5867
d751d70b-29b4-4548-a4f5-d4ec3027e392	2	4171949	10694314	5184	0.0173
d751d70b-29b4-4548-a4f5-d4ec3027e392	2	10700560	10700585	2	-1.7353
d751d70b-29b4-4548-a4f5-d4ec3027e392	2	10700801	21018633	7624	0.0207
d751d70b-29b4-4548-a4f5-d4ec3027e392	2	21018872	21021925	3	-1.7338
d751d70b-29b4-4548-a4f5-d4ec3027e392	2	21028168	32820562	6949	0.007
d751d70b-29b4-4548-a4f5-d4ec3027e392	2	32824455	32826462	3	-1.7816
d751d70b-29b4-4548-a4f5-d4ec3027e392	2	32827119	34491703	1306	-0.0028
d751d70b-29b4-4548-a4f5-d4ec3027e392	2	34491869	34517969	38	-0.3819
d751d70b-29b4-4548-a4f5-d4ec3027e392	2	34521390	35742970	860	-0.0035
d751d70b-29b4-4548-a4f5-d4ec3027e392	2	35750907	35772438	10	0.7668
d751d70b-29b4-4548-a4f5-d4ec3027e392	2	35775353	35809212	42	0.091
d751d70b-29b4-4548-a4f5-d4ec3027e392	2	35811457	35832793	15	-0.5608
d751d70b-29b4-4548-a4f5-d4ec3027e392	2	35833378	37503840	1311	0.0065
d751d70b-29b4-4548-a4f5-d4ec3027e392	2	37504886	37508238	3	-1.6786
d751d70b-29b4-4548-a4f5-d4ec3027e392	2	37510473	37549774	27	0.0325
d751d70b-29b4-4548-a4f5-d4ec3027e392	2	37549803	37552603	2	-2.0359
d751d70b-29b4-4548-a4f5-d4ec3027e392	2	37555895	37660993	86	-0.1647
d751d70b-29b4-4548-a4f5-d4ec3027e392	2	37661395	37772304	81	0.2403
d751d70b-29b4-4548-a4f5-d4ec3027e392	2	37775195	37873666	113	-0.0756
d751d70b-29b4-4548-a4f5-d4ec3027e392	2	37876405	37880951	3	-1.6446
d751d70b-29b4-4548-a4f5-d4ec3027e392	2	37886438	49433197	8264	0.014
d751d70b-29b4-4548-a4f5-d4ec3027e392	2	49433483	49433618	2	2.494
d751d70b-29b4-4548-a4f5-d4ec3027e392	2	49434197	50378139	646	-0.0123
d751d70b-29b4-4548-a4f5-d4ec3027e392	2	50378415	50382903	5	-1.2779
d751d70b-29b4-4548-a4f5-d4ec3027e392	2	50383906	51126248	564	0.0366
d751d70b-29b4-4548-a4f5-d4ec3027e392	2	51127226	51148343	14	0.6239
d751d70b-29b4-4548-a4f5-d4ec3027e392	2	51152471	52527743	941	0.0295
d751d70b-29b4-4548-a4f5-d4ec3027e392	2	52531615	52554404	33	0.7535
d751d70b-29b4-4548-a4f5-d4ec3027e392	2	52560811	53989913	1116	0.0142
d751d70b-29b4-4548-a4f5-d4ec3027e392	2	53992912	53993761	2	-1.9246
d751d70b-29b4-4548-a4f5-d4ec3027e392	2	53995185	55394608	1050	0.0016
d751d70b-29b4-4548-a4f5-d4ec3027e392	2	55400503	55400777	3	2.7419
d751d70b-29b4-4548-a4f5-d4ec3027e392	2	55405109	76615188	13371	0.0129
d751d70b-29b4-4548-a4f5-d4ec3027e392	2	76617340	76618300	6	-1.0797
d751d70b-29b4-4548-a4f5-d4ec3027e392	2	76620460	76719424	74	0.0179
d751d70b-29b4-4548-a4f5-d4ec3027e392	2	76721868	76722189	3	2.0816
d751d70b-29b4-4548-a4f5-d4ec3027e392	2	76722438	79025824	1510	0.0191
d751d70b-29b4-4548-a4f5-d4ec3027e392	2	79029249	79029500	3	-1.7076
d751d70b-29b4-4548-a4f5-d4ec3027e392	2	79032369	79444726	326	0.0666
d751d70b-29b4-4548-a4f5-d4ec3027e392	2	79445305	79461920	9	-0.7955
d751d70b-29b4-4548-a4f5-d4ec3027e392	2	79461940	86165309	4122	0.0056
d751d70b-29b4-4548-a4f5-d4ec3027e392	2	86168150	86168310	2	-1.681
d751d70b-29b4-4548-a4f5-d4ec3027e392	2	86169574	87516162	486	0.0339
d751d70b-29b4-4548-a4f5-d4ec3027e392	2	87519870	87695122	30	-0.5663
d751d70b-29b4-4548-a4f5-d4ec3027e392	2	87696853	91902859	818	0.0497
d751d70b-29b4-4548-a4f5-d4ec3027e392	2	91907212	91907217	3	1.6618
d751d70b-29b4-4548-a4f5-d4ec3027e392	2	91912654	97359885	907	0.0171
d751d70b-29b4-4548-a4f5-d4ec3027e392	2	97524284	97545726	9	0.9454
d751d70b-29b4-4548-a4f5-d4ec3027e392	2	97550415	111260223	8144	0.0099
d751d70b-29b4-4548-a4f5-d4ec3027e392	2	111275965	111438656	40	0.6609
d751d70b-29b4-4548-a4f5-d4ec3027e392	2	111455667	146104517	21188	0.0168
d751d70b-29b4-4548-a4f5-d4ec3027e392	2	146106836	146109366	24	0.781
d751d70b-29b4-4548-a4f5-d4ec3027e392	2	146120238	183220725	22826	0.0137
d751d70b-29b4-4548-a4f5-d4ec3027e392	2	183221060	183224996	9	-1.1572
d751d70b-29b4-4548-a4f5-d4ec3027e392	2	183229270	212316597	17159	0.0109
d751d70b-29b4-4548-a4f5-d4ec3027e392	2	212321824	212327101	25	-0.7944
d751d70b-29b4-4548-a4f5-d4ec3027e392	2	212327402	218145423	3889	0.021
d751d70b-29b4-4548-a4f5-d4ec3027e392	2	218153407	218153746	2	-1.7949
d751d70b-29b4-4548-a4f5-d4ec3027e392	2	218156191	221218319	1833	0.0285
d751d70b-29b4-4548-a4f5-d4ec3027e392	2	221220893	221221186	3	-1.4138
d751d70b-29b4-4548-a4f5-d4ec3027e392	2	221221611	235028491	8941	0.0086
d751d70b-29b4-4548-a4f5-d4ec3027e392	2	235030046	235030399	3	-2.1726
d751d70b-29b4-4548-a4f5-d4ec3027e392	2	235031472	235041358	9	-0.6203
d751d70b-29b4-4548-a4f5-d4ec3027e392	2	235041543	240747750	3738	0.0186
d751d70b-29b4-4548-a4f5-d4ec3027e392	2	240753542	240753556	2	-1.7796
d751d70b-29b4-4548-a4f5-d4ec3027e392	2	240753823	242147305	585	0.0349
d751d70b-29b4-4548-a4f5-d4ec3027e392	3	20930	1096723	886	0.0344
d751d70b-29b4-4548-a4f5-d4ec3027e392	3	1097580	1098069	2	2.1496
d751d70b-29b4-4548-a4f5-d4ec3027e392	3	1101740	5626019	4044	-0.0011
d751d70b-29b4-4548-a4f5-d4ec3027e392	3	5631953	5633029	3	-1.9193
d751d70b-29b4-4548-a4f5-d4ec3027e392	3	5638774	11883204	4960	0.0117
d751d70b-29b4-4548-a4f5-d4ec3027e392	3	11883909	11884136	2	-3.35
d751d70b-29b4-4548-a4f5-d4ec3027e392	3	11892520	14922789	2193	0.0303
d751d70b-29b4-4548-a4f5-d4ec3027e392	3	14923959	14924000	2	-1.7747
d751d70b-29b4-4548-a4f5-d4ec3027e392	3	14926719	22520368	4933	0.0204
d751d70b-29b4-4548-a4f5-d4ec3027e392	3	22520529	22521102	6	-1.1484
d751d70b-29b4-4548-a4f5-d4ec3027e392	3	22521928	26015836	2614	0.0062
d751d70b-29b4-4548-a4f5-d4ec3027e392	3	26015985	26016308	2	-3.0582
d751d70b-29b4-4548-a4f5-d4ec3027e392	3	26018803	60317774	21335	0.013
d751d70b-29b4-4548-a4f5-d4ec3027e392	3	60321161	60321533	2	-2.4327
d751d70b-29b4-4548-a4f5-d4ec3027e392	3	60322224	60789727	532	-0.0101
d751d70b-29b4-4548-a4f5-d4ec3027e392	3	60791849	60792199	2	2.1857
d751d70b-29b4-4548-a4f5-d4ec3027e392	3	60794907	68697013	6244	0.0165
d751d70b-29b4-4548-a4f5-d4ec3027e392	3	68697108	68698262	14	-1.3604
d751d70b-29b4-4548-a4f5-d4ec3027e392	3	68699607	99205206	15894	0.0127
d751d70b-29b4-4548-a4f5-d4ec3027e392	3	99205642	99232120	46	-0.5092
d751d70b-29b4-4548-a4f5-d4ec3027e392	3	99232539	106239235	4130	0.0214
d751d70b-29b4-4548-a4f5-d4ec3027e392	3	106240354	106240411	2	-1.9943
d751d70b-29b4-4548-a4f5-d4ec3027e392	3	106244233	108944302	1727	0.0204
d751d70b-29b4-4548-a4f5-d4ec3027e392	3	108945214	108945469	2	-2.2347
d751d70b-29b4-4548-a4f5-d4ec3027e392	3	108947930	109092011	113	0.0291
d751d70b-29b4-4548-a4f5-d4ec3027e392	3	109092167	109092904	3	-1.2883
d751d70b-29b4-4548-a4f5-d4ec3027e392	3	109097082	109329700	129	0.015
d751d70b-29b4-4548-a4f5-d4ec3027e392	3	109333885	109335137	2	-1.8851
d751d70b-29b4-4548-a4f5-d4ec3027e392	3	109346231	130067097	12598	0.0167
d751d70b-29b4-4548-a4f5-d4ec3027e392	3	130067366	130087393	32	-1.3714
d751d70b-29b4-4548-a4f5-d4ec3027e392	3	130088081	138068495	4922	0.0139
d751d70b-29b4-4548-a4f5-d4ec3027e392	3	138068623	138086356	16	0.6501
d751d70b-29b4-4548-a4f5-d4ec3027e392	3	138087658	161735456	14596	0.0207
d751d70b-29b4-4548-a4f5-d4ec3027e392	3	161736158	161736784	2	-1.7178
d751d70b-29b4-4548-a4f5-d4ec3027e392	3	161738184	162794951	717	0.0144
d751d70b-29b4-4548-a4f5-d4ec3027e392	3	162795304	162908207	68	0.6838
d751d70b-29b4-4548-a4f5-d4ec3027e392	3	162908784	166939902	2299	0.0193
d751d70b-29b4-4548-a4f5-d4ec3027e392	3	166940611	166943010	3	-1.546
d751d70b-29b4-4548-a4f5-d4ec3027e392	3	166948939	179169801	7727	0.0132
d751d70b-29b4-4548-a4f5-d4ec3027e392	3	179169846	179170377	8	1.2804
d751d70b-29b4-4548-a4f5-d4ec3027e392	3	179174436	186677324	4360	-0.0004
d751d70b-29b4-4548-a4f5-d4ec3027e392	3	186677534	186678447	9	0.8552
d751d70b-29b4-4548-a4f5-d4ec3027e392	3	186678748	186711219	40	0.0665
d751d70b-29b4-4548-a4f5-d4ec3027e392	3	186716473	186718815	4	-1.1412
d751d70b-29b4-4548-a4f5-d4ec3027e392	3	186718987	193155915	4705	0.0107
d751d70b-29b4-4548-a4f5-d4ec3027e392	3	193156018	193165114	22	0.8105
d751d70b-29b4-4548-a4f5-d4ec3027e392	3	193168646	196046906	1641	0.009
d751d70b-29b4-4548-a4f5-d4ec3027e392	3	196049719	196049993	4	1.6726
d751d70b-29b4-4548-a4f5-d4ec3027e392	3	196050340	198169247	1045	0.0067
d751d70b-29b4-4548-a4f5-d4ec3027e392	4	68929	10208766	5698	0.0311
d751d70b-29b4-4548-a4f5-d4ec3027e392	4	10221792	10232984	31	1.8996
d751d70b-29b4-4548-a4f5-d4ec3027e392	4	10233383	10389091	175	0.074
d751d70b-29b4-4548-a4f5-d4ec3027e392	4	10390730	10399044	16	-0.5572
d751d70b-29b4-4548-a4f5-d4ec3027e392	4	10401094	23992647	9857	0.0084
d751d70b-29b4-4548-a4f5-d4ec3027e392	4	23994752	23995151	4	1.3431
d751d70b-29b4-4548-a4f5-d4ec3027e392	4	23998417	25974027	1441	0.0135
d751d70b-29b4-4548-a4f5-d4ec3027e392	4	25974225	25975664	4	1.3377
d751d70b-29b4-4548-a4f5-d4ec3027e392	4	25976386	33297413	4645	0.0118
d751d70b-29b4-4548-a4f5-d4ec3027e392	4	33298341	33302391	3	-1.3576
d751d70b-29b4-4548-a4f5-d4ec3027e392	4	33302519	34764149	815	0.0025
d751d70b-29b4-4548-a4f5-d4ec3027e392	4	34768684	34828382	52	0.4617
d751d70b-29b4-4548-a4f5-d4ec3027e392	4	34830196	36012790	769	0.0249
d751d70b-29b4-4548-a4f5-d4ec3027e392	4	36013359	36013896	4	-1.408
d751d70b-29b4-4548-a4f5-d4ec3027e392	4	36015896	63827261	15768	0.0151
d751d70b-29b4-4548-a4f5-d4ec3027e392	4	63828222	63851308	31	0.5294
d751d70b-29b4-4548-a4f5-d4ec3027e392	4	63852325	68418873	2851	0.0147
d751d70b-29b4-4548-a4f5-d4ec3027e392	4	68422420	68422424	3	-1.8612
d751d70b-29b4-4548-a4f5-d4ec3027e392	4	68429081	68478894	9	0.0296
d751d70b-29b4-4548-a4f5-d4ec3027e392	4	68494770	68762775	95	0.5305
d751d70b-29b4-4548-a4f5-d4ec3027e392	4	68764836	169871499	61300	0.0131
d751d70b-29b4-4548-a4f5-d4ec3027e392	4	169873175	169873440	2	-2.2255
d751d70b-29b4-4548-a4f5-d4ec3027e392	4	169875306	171448195	1004	0.0076
d751d70b-29b4-4548-a4f5-d4ec3027e392	4	171453733	171456573	11	-0.8431
d751d70b-29b4-4548-a4f5-d4ec3027e392	4	171456625	172066706	397	0.0398
d751d70b-29b4-4548-a4f5-d4ec3027e392	4	172066777	172068330	10	0.9328
d751d70b-29b4-4548-a4f5-d4ec3027e392	4	172068354	178467698	3891	0.0127
d751d70b-29b4-4548-a4f5-d4ec3027e392	4	178470288	178471209	4	-1.7125
d751d70b-29b4-4548-a4f5-d4ec3027e392	4	178474852	180316694	1319	0.0212
d751d70b-29b4-4548-a4f5-d4ec3027e392	4	180318124	180318720	5	-1.3537
d751d70b-29b4-4548-a4f5-d4ec3027e392	4	180318923	188300104	5708	-0.0062
d751d70b-29b4-4548-a4f5-d4ec3027e392	4	188300206	188300270	3	2.0596
d751d70b-29b4-4548-a4f5-d4ec3027e392	4	188300285	190106768	1141	0.0167
d751d70b-29b4-4548-a4f5-d4ec3027e392	5	15532	9331736	7505	0.0207
d751d70b-29b4-4548-a4f5-d4ec3027e392	5	9332282	9336820	4	-1.4815
d751d70b-29b4-4548-a4f5-d4ec3027e392	5	9337430	12800777	2677	0.0118
d751d70b-29b4-4548-a4f5-d4ec3027e392	5	12815668	12826538	11	0.771
d751d70b-29b4-4548-a4f5-d4ec3027e392	5	12833745	12996778	53	0.1224
d751d70b-29b4-4548-a4f5-d4ec3027e392	5	12997698	12997894	3	-1.4029
d751d70b-29b4-4548-a4f5-d4ec3027e392	5	12998813	17515692	3113	0.0179
d751d70b-29b4-4548-a4f5-d4ec3027e392	5	17601444	17642442	19	-0.888
d751d70b-29b4-4548-a4f5-d4ec3027e392	5	17655029	26789022	5450	0.0204
d751d70b-29b4-4548-a4f5-d4ec3027e392	5	26789248	26797735	5	1.0479
d751d70b-29b4-4548-a4f5-d4ec3027e392	5	26803775	28718215	1079	0.0235
d751d70b-29b4-4548-a4f5-d4ec3027e392	5	28719269	28719574	3	1.1201
d751d70b-29b4-4548-a4f5-d4ec3027e392	5	28719987	29911500	735	-0.0011
d751d70b-29b4-4548-a4f5-d4ec3027e392	5	29911843	29911927	2	2.9886
d751d70b-29b4-4548-a4f5-d4ec3027e392	5	29913916	33986036	2863	0.0028
d751d70b-29b4-4548-a4f5-d4ec3027e392	5	33987949	34005794	13	-0.6575
d751d70b-29b4-4548-a4f5-d4ec3027e392	5	34005853	58030453	12198	0.0166
d751d70b-29b4-4548-a4f5-d4ec3027e392	5	58033288	58064843	39	-0.3958
d751d70b-29b4-4548-a4f5-d4ec3027e392	5	58071766	75335437	9875	0.0142
d751d70b-29b4-4548-a4f5-d4ec3027e392	5	75335499	75356374	10	-0.6812
d751d70b-29b4-4548-a4f5-d4ec3027e392	5	75359877	76540207	875	-0.0043
d751d70b-29b4-4548-a4f5-d4ec3027e392	5	76541652	76542009	3	-2.6679
d751d70b-29b4-4548-a4f5-d4ec3027e392	5	76543193	96630153	11447	0.0144
d751d70b-29b4-4548-a4f5-d4ec3027e392	5	96631020	96633589	3	-2.1577
d751d70b-29b4-4548-a4f5-d4ec3027e392	5	96638558	97575366	591	0.0024
d751d70b-29b4-4548-a4f5-d4ec3027e392	5	97575825	97580979	2	-2.9904
d751d70b-29b4-4548-a4f5-d4ec3027e392	5	97582130	104515520	4002	0.0129
d751d70b-29b4-4548-a4f5-d4ec3027e392	5	104524672	104524903	4	-1.2702
d751d70b-29b4-4548-a4f5-d4ec3027e392	5	104525348	106787357	1333	0.0322
d751d70b-29b4-4548-a4f5-d4ec3027e392	5	106790571	106790692	2	2.2725
d751d70b-29b4-4548-a4f5-d4ec3027e392	5	106793794	159395637	34388	0.0151
d751d70b-29b4-4548-a4f5-d4ec3027e392	5	159397166	159402519	4	-1.3329
d751d70b-29b4-4548-a4f5-d4ec3027e392	5	159403466	168737255	6287	0.0105
d751d70b-29b4-4548-a4f5-d4ec3027e392	5	168737739	168738394	5	1.4441
d751d70b-29b4-4548-a4f5-d4ec3027e392	5	168743570	179659493	7263	0.0216
d751d70b-29b4-4548-a4f5-d4ec3027e392	5	179668592	179669135	5	-1.2485
d751d70b-29b4-4548-a4f5-d4ec3027e392	5	179669242	180947523	733	-0.0017
d751d70b-29b4-4548-a4f5-d4ec3027e392	5	180951710	180991103	19	-2.0484
d751d70b-29b4-4548-a4f5-d4ec3027e392	5	181006225	181015920	5	1.0004
d751d70b-29b4-4548-a4f5-d4ec3027e392	5	181018221	181363319	165	-0.0344
d751d70b-29b4-4548-a4f5-d4ec3027e392	6	149661	265143	107	0.064
d751d70b-29b4-4548-a4f5-d4ec3027e392	6	267622	381149	95	0.8821
d751d70b-29b4-4548-a4f5-d4ec3027e392	6	382559	767710	321	0.0507
d751d70b-29b4-4548-a4f5-d4ec3027e392	6	767905	776120	7	1.0066
d751d70b-29b4-4548-a4f5-d4ec3027e392	6	776878	2595244	1482	0.0405
d751d70b-29b4-4548-a4f5-d4ec3027e392	6	2601935	2608761	8	-0.9216
d751d70b-29b4-4548-a4f5-d4ec3027e392	6	2609712	5377439	2266	0.0243
d751d70b-29b4-4548-a4f5-d4ec3027e392	6	5377776	5378825	2	-1.9126
d751d70b-29b4-4548-a4f5-d4ec3027e392	6	5379035	24440614	14401	0.0124
d751d70b-29b4-4548-a4f5-d4ec3027e392	6	24441407	24441518	2	-1.9052
d751d70b-29b4-4548-a4f5-d4ec3027e392	6	24441616	29866171	2928	-0.0009
d751d70b-29b4-4548-a4f5-d4ec3027e392	6	29866672	29882603	32	-0.6149
d751d70b-29b4-4548-a4f5-d4ec3027e392	6	29903859	32614112	1209	-0.0283
d751d70b-29b4-4548-a4f5-d4ec3027e392	6	32614426	32625244	4	-1.7935
d751d70b-29b4-4548-a4f5-d4ec3027e392	6	32626664	53999339	13630	0.0208
d751d70b-29b4-4548-a4f5-d4ec3027e392	6	53999583	53999725	2	-2.1254
d751d70b-29b4-4548-a4f5-d4ec3027e392	6	54002509	54066353	66	0.0285
d751d70b-29b4-4548-a4f5-d4ec3027e392	6	54066432	54067057	6	-0.9658
d751d70b-29b4-4548-a4f5-d4ec3027e392	6	54070550	65119199	4550	0.0186
d751d70b-29b4-4548-a4f5-d4ec3027e392	6	65119497	65121791	4	-1.4345
d751d70b-29b4-4548-a4f5-d4ec3027e392	6	65124288	69543680	3018	0.0295
d751d70b-29b4-4548-a4f5-d4ec3027e392	6	69550813	69551415	4	1.1854
d751d70b-29b4-4548-a4f5-d4ec3027e392	6	69553670	70922353	865	0.0282
d751d70b-29b4-4548-a4f5-d4ec3027e392	6	70922679	70923127	2	1.7136
d751d70b-29b4-4548-a4f5-d4ec3027e392	6	70923400	76730377	3717	0.0111
d751d70b-29b4-4548-a4f5-d4ec3027e392	6	76731101	76736482	9	0.7412
d751d70b-29b4-4548-a4f5-d4ec3027e392	6	76739852	78253157	983	0.0124
d751d70b-29b4-4548-a4f5-d4ec3027e392	6	78253172	78329517	115	0.4838
d751d70b-29b4-4548-a4f5-d4ec3027e392	6	78331916	80585386	1467	0.0207
d751d70b-29b4-4548-a4f5-d4ec3027e392	6	80588760	80588760	2	1.7531
d751d70b-29b4-4548-a4f5-d4ec3027e392	6	80589336	93914950	8520	0.0154
d751d70b-29b4-4548-a4f5-d4ec3027e392	6	93915562	94006931	63	-1.0784
d751d70b-29b4-4548-a4f5-d4ec3027e392	6	94010622	170741917	49598	0.0163
d751d70b-29b4-4548-a4f5-d4ec3027e392	7	43355	4491246	2403	0.0172
d751d70b-29b4-4548-a4f5-d4ec3027e392	7	4491309	4502421	6	-1.3833
d751d70b-29b4-4548-a4f5-d4ec3027e392	7	4502487	33879258	21849	0.0176
d751d70b-29b4-4548-a4f5-d4ec3027e392	7	33879804	33881564	4	-1.5349
d751d70b-29b4-4548-a4f5-d4ec3027e392	7	33882144	38317722	3182	0.0265
d751d70b-29b4-4548-a4f5-d4ec3027e392	7	38318626	38326911	6	-1.4821
d751d70b-29b4-4548-a4f5-d4ec3027e392	7	38331191	43226547	3301	0.0293
d751d70b-29b4-4548-a4f5-d4ec3027e392	7	43226958	43247309	19	-0.5411
d751d70b-29b4-4548-a4f5-d4ec3027e392	7	43248885	46156566	1621	0.0225
d751d70b-29b4-4548-a4f5-d4ec3027e392	7	46157148	46157793	3	-1.0566
d751d70b-29b4-4548-a4f5-d4ec3027e392	7	46159396	46577238	330	0.0219
d751d70b-29b4-4548-a4f5-d4ec3027e392	7	46577928	46578120	3	-1.6322
d751d70b-29b4-4548-a4f5-d4ec3027e392	7	46580160	49880311	2412	0.0132
d751d70b-29b4-4548-a4f5-d4ec3027e392	7	49883473	49884724	5	1.1656
d751d70b-29b4-4548-a4f5-d4ec3027e392	7	49889323	70955452	9435	0.0144
d751d70b-29b4-4548-a4f5-d4ec3027e392	7	70958264	70961155	2	-2.6692
d751d70b-29b4-4548-a4f5-d4ec3027e392	7	70963257	88683415	9849	0.0126
d751d70b-29b4-4548-a4f5-d4ec3027e392	7	88684241	88686845	2	-1.9354
d751d70b-29b4-4548-a4f5-d4ec3027e392	7	88689643	90517922	1212	0.0311
d751d70b-29b4-4548-a4f5-d4ec3027e392	7	90518186	90518305	3	-1.494
d751d70b-29b4-4548-a4f5-d4ec3027e392	7	90520184	95902434	3456	0.0174
d751d70b-29b4-4548-a4f5-d4ec3027e392	7	95903007	95903072	2	1.4275
d751d70b-29b4-4548-a4f5-d4ec3027e392	7	95903656	97766150	1161	0.0033
d751d70b-29b4-4548-a4f5-d4ec3027e392	7	97766153	97773163	14	-1.8955
d751d70b-29b4-4548-a4f5-d4ec3027e392	7	97774928	101369771	1532	0.0169
d751d70b-29b4-4548-a4f5-d4ec3027e392	7	101371107	101466876	37	-0.4609
d751d70b-29b4-4548-a4f5-d4ec3027e392	7	101468596	109793690	5026	0.0147
d751d70b-29b4-4548-a4f5-d4ec3027e392	7	109793720	109813925	39	0.7613
d751d70b-29b4-4548-a4f5-d4ec3027e392	7	109814172	126405502	10021	0.0217
d751d70b-29b4-4548-a4f5-d4ec3027e392	7	126405597	126406561	10	-1.3425
d751d70b-29b4-4548-a4f5-d4ec3027e392	7	126406822	134100424	4695	0.022
d751d70b-29b4-4548-a4f5-d4ec3027e392	7	134100442	134113314	30	0.4956
d751d70b-29b4-4548-a4f5-d4ec3027e392	7	134113356	135185695	799	0.0179
d751d70b-29b4-4548-a4f5-d4ec3027e392	7	135186596	135186633	2	-1.5908
d751d70b-29b4-4548-a4f5-d4ec3027e392	7	135186650	142063324	4392	0.0044
d751d70b-29b4-4548-a4f5-d4ec3027e392	7	142069843	142108773	39	-0.4555
d751d70b-29b4-4548-a4f5-d4ec3027e392	7	142109689	142320291	161	0.0203
d751d70b-29b4-4548-a4f5-d4ec3027e392	7	142322506	142325216	5	-1.2992
d751d70b-29b4-4548-a4f5-d4ec3027e392	7	142330494	145495224	1758	0.0352
d751d70b-29b4-4548-a4f5-d4ec3027e392	7	145495625	145495800	2	-2.6064
d751d70b-29b4-4548-a4f5-d4ec3027e392	7	145495852	156511702	7229	0.0165
d751d70b-29b4-4548-a4f5-d4ec3027e392	7	156515167	156515994	4	-1.6615
d751d70b-29b4-4548-a4f5-d4ec3027e392	7	156516992	157947781	829	0.0232
d751d70b-29b4-4548-a4f5-d4ec3027e392	7	157950773	157952855	3	-1.6618
d751d70b-29b4-4548-a4f5-d4ec3027e392	7	157953585	159334314	854	0.0252
d751d70b-29b4-4548-a4f5-d4ec3027e392	8	81254	453270	193	0.0218
d751d70b-29b4-4548-a4f5-d4ec3027e392	8	457746	457777	2	-2.2943
d751d70b-29b4-4548-a4f5-d4ec3027e392	8	457790	2366263	1445	0.0063
d751d70b-29b4-4548-a4f5-d4ec3027e392	8	2370507	2371071	6	1.0266
d751d70b-29b4-4548-a4f5-d4ec3027e392	8	2371830	2844412	391	-0.0478
d751d70b-29b4-4548-a4f5-d4ec3027e392	8	2846011	2846377	7	-2.372
d751d70b-29b4-4548-a4f5-d4ec3027e392	8	2849649	4798624	2737	-0.0037
d751d70b-29b4-4548-a4f5-d4ec3027e392	8	4798923	4804390	5	-1.7257
d751d70b-29b4-4548-a4f5-d4ec3027e392	8	4805649	7473830	2964	-0.0062
d751d70b-29b4-4548-a4f5-d4ec3027e392	8	7477487	7873171	10	-1.3362
d751d70b-29b4-4548-a4f5-d4ec3027e392	8	7886542	9213319	963	0.0162
d751d70b-29b4-4548-a4f5-d4ec3027e392	8	9213463	9213523	2	-2.4693
d751d70b-29b4-4548-a4f5-d4ec3027e392	8	9213906	46007651	24421	0.0116
d751d70b-29b4-4548-a4f5-d4ec3027e392	8	46010698	46361979	95	0.354
d751d70b-29b4-4548-a4f5-d4ec3027e392	8	46362963	95509760	29692	0.0159
d751d70b-29b4-4548-a4f5-d4ec3027e392	8	95511552	95512088	3	-1.8698
d751d70b-29b4-4548-a4f5-d4ec3027e392	8	95516563	133510257	24828	0.0206
d751d70b-29b4-4548-a4f5-d4ec3027e392	8	133510485	133510500	2	-2.0039
d751d70b-29b4-4548-a4f5-d4ec3027e392	8	133510519	140170374	5456	0.0264
d751d70b-29b4-4548-a4f5-d4ec3027e392	8	140172026	140172623	2	-1.7366
d751d70b-29b4-4548-a4f5-d4ec3027e392	8	140174259	141345643	657	0.0384
d751d70b-29b4-4548-a4f5-d4ec3027e392	8	141348766	142160301	512	0.1577
d751d70b-29b4-4548-a4f5-d4ec3027e392	8	142161186	143222462	416	0.0401
d751d70b-29b4-4548-a4f5-d4ec3027e392	8	143227585	143227622	2	-2.5322
d751d70b-29b4-4548-a4f5-d4ec3027e392	8	143227655	144404676	356	0.0657
d751d70b-29b4-4548-a4f5-d4ec3027e392	8	144411077	144422360	4	1.2687
d751d70b-29b4-4548-a4f5-d4ec3027e392	8	144427623	145072769	279	0.0412
d751d70b-29b4-4548-a4f5-d4ec3027e392	9	46587	928948	908	-0.012
d751d70b-29b4-4548-a4f5-d4ec3027e392	9	929261	929644	3	-1.7282
d751d70b-29b4-4548-a4f5-d4ec3027e392	9	933882	1305828	388	-0.0046
d751d70b-29b4-4548-a4f5-d4ec3027e392	9	1306232	1306855	4	-1.2851
d751d70b-29b4-4548-a4f5-d4ec3027e392	9	1307315	1792095	653	0.0221
d751d70b-29b4-4548-a4f5-d4ec3027e392	9	1793162	1793515	4	-1.5263
d751d70b-29b4-4548-a4f5-d4ec3027e392	9	1794654	5541877	3657	0.0259
d751d70b-29b4-4548-a4f5-d4ec3027e392	9	5544405	5549080	3	-2.1269
d751d70b-29b4-4548-a4f5-d4ec3027e392	9	5550241	9534074	3488	0.0033
d751d70b-29b4-4548-a4f5-d4ec3027e392	9	9539367	9540555	4	-2.1857
d751d70b-29b4-4548-a4f5-d4ec3027e392	9	9544525	9572879	25	0.7308
d751d70b-29b4-4548-a4f5-d4ec3027e392	9	9575039	9957307	392	0.0192
d751d70b-29b4-4548-a4f5-d4ec3027e392	9	9959250	9969985	44	-0.2215
d751d70b-29b4-4548-a4f5-d4ec3027e392	9	9970082	10254107	270	0.0272
d751d70b-29b4-4548-a4f5-d4ec3027e392	9	10254793	10325126	67	0.5695
d751d70b-29b4-4548-a4f5-d4ec3027e392	9	10325264	11778564	1188	0.0183
d751d70b-29b4-4548-a4f5-d4ec3027e392	9	11781428	11782282	3	-1.322
d751d70b-29b4-4548-a4f5-d4ec3027e392	9	11785367	12224146	329	0.0497
d751d70b-29b4-4548-a4f5-d4ec3027e392	9	12224275	12224908	2	-1.6745
d751d70b-29b4-4548-a4f5-d4ec3027e392	9	12226610	13869667	1288	0.0262
d751d70b-29b4-4548-a4f5-d4ec3027e392	9	13871866	13871900	2	-1.6361
d751d70b-29b4-4548-a4f5-d4ec3027e392	9	13873995	23363117	7688	0.0226
d751d70b-29b4-4548-a4f5-d4ec3027e392	9	23363935	23373486	7	-2.1279
d751d70b-29b4-4548-a4f5-d4ec3027e392	9	23378490	138200944	59023	0.0188
d751d70b-29b4-4548-a4f5-d4ec3027e392	10	45792	3904783	3267	0.023
d751d70b-29b4-4548-a4f5-d4ec3027e392	10	3904877	3905751	3	-3.1198
d751d70b-29b4-4548-a4f5-d4ec3027e392	10	3906062	9750010	5056	0.0195
d751d70b-29b4-4548-a4f5-d4ec3027e392	10	9753268	9754775	7	-1.3069
d751d70b-29b4-4548-a4f5-d4ec3027e392	10	9759132	13008005	2567	0.0049
d751d70b-29b4-4548-a4f5-d4ec3027e392	10	13008023	13008170	4	-1.5935
d751d70b-29b4-4548-a4f5-d4ec3027e392	10	13008428	29472385	12113	0.0083
d751d70b-29b4-4548-a4f5-d4ec3027e392	10	29474659	29474730	2	-2.5185
d751d70b-29b4-4548-a4f5-d4ec3027e392	10	29477164	41755254	6026	0.0128
d751d70b-29b4-4548-a4f5-d4ec3027e392	10	41761331	41761757	2	-2.2109
d751d70b-29b4-4548-a4f5-d4ec3027e392	10	41762350	55844168	8598	0.0266
d751d70b-29b4-4548-a4f5-d4ec3027e392	10	55845712	55846256	2	-2.2362
d751d70b-29b4-4548-a4f5-d4ec3027e392	10	55846344	65548193	6739	0.0156
d751d70b-29b4-4548-a4f5-d4ec3027e392	10	65548259	65554688	25	0.56
d751d70b-29b4-4548-a4f5-d4ec3027e392	10	65563037	70668807	3469	0.0168
d751d70b-29b4-4548-a4f5-d4ec3027e392	10	70673754	70783416	103	0.2766
d751d70b-29b4-4548-a4f5-d4ec3027e392	10	70783700	118214462	31245	0.0187
d751d70b-29b4-4548-a4f5-d4ec3027e392	10	118214730	118215315	2	-2.7458
d751d70b-29b4-4548-a4f5-d4ec3027e392	10	118216498	130949136	9839	0.0362
d751d70b-29b4-4548-a4f5-d4ec3027e392	10	130949480	130950398	4	-1.4374
d751d70b-29b4-4548-a4f5-d4ec3027e392	10	130951347	133654968	1516	0.0323
d751d70b-29b4-4548-a4f5-d4ec3027e392	11	198510	6048711	3464	0.0296
d751d70b-29b4-4548-a4f5-d4ec3027e392	11	6048784	6083601	35	0.4607
d751d70b-29b4-4548-a4f5-d4ec3027e392	11	6086560	18918546	9155	0.0239
d751d70b-29b4-4548-a4f5-d4ec3027e392	11	18918775	18940375	47	-0.3012
d751d70b-29b4-4548-a4f5-d4ec3027e392	11	18940441	20164190	1153	0.0184
d751d70b-29b4-4548-a4f5-d4ec3027e392	11	20167337	20172498	5	-1.1432
d751d70b-29b4-4548-a4f5-d4ec3027e392	11	20172537	30713418	7534	0.013
d751d70b-29b4-4548-a4f5-d4ec3027e392	11	30713972	30714836	2	-2.8034
d751d70b-29b4-4548-a4f5-d4ec3027e392	11	30716084	33449563	1704	0.0207
d751d70b-29b4-4548-a4f5-d4ec3027e392	11	33452743	33453119	2	-2.6383
d751d70b-29b4-4548-a4f5-d4ec3027e392	11	33456384	55572903	11336	0.0162
d751d70b-29b4-4548-a4f5-d4ec3027e392	11	55573164	55693207	80	0.3571
d751d70b-29b4-4548-a4f5-d4ec3027e392	11	55693312	64898471	5135	0.0101
d751d70b-29b4-4548-a4f5-d4ec3027e392	11	64898476	64901633	2	-2.3926
d751d70b-29b4-4548-a4f5-d4ec3027e392	11	64914855	120546877	36126	0.0187
d751d70b-29b4-4548-a4f5-d4ec3027e392	11	120555547	120582178	16	-1.0272
d751d70b-29b4-4548-a4f5-d4ec3027e392	11	120582684	133383949	9718	0.021
d751d70b-29b4-4548-a4f5-d4ec3027e392	11	133384866	133385661	3	-1.5653
d751d70b-29b4-4548-a4f5-d4ec3027e392	11	133389435	134637755	890	0.0371
d751d70b-29b4-4548-a4f5-d4ec3027e392	11	134638544	134639072	2	-1.8888
d751d70b-29b4-4548-a4f5-d4ec3027e392	11	134641753	135074876	355	0.0739
d751d70b-29b4-4548-a4f5-d4ec3027e392	12	51460	2136758	1265	0.0066
d751d70b-29b4-4548-a4f5-d4ec3027e392	12	2136950	2148754	39	-0.512
d751d70b-29b4-4548-a4f5-d4ec3027e392	12	2148857	6212437	3277	0.0404
d751d70b-29b4-4548-a4f5-d4ec3027e392	12	6214134	6214227	2	-2.1251
d751d70b-29b4-4548-a4f5-d4ec3027e392	12	6215795	34282074	18872	0.0129
d751d70b-29b4-4548-a4f5-d4ec3027e392	12	34286943	34357848	31	0.4605
d751d70b-29b4-4548-a4f5-d4ec3027e392	12	34358810	34406374	23	0.9832
d751d70b-29b4-4548-a4f5-d4ec3027e392	12	34423775	34565986	32	0.1021
d751d70b-29b4-4548-a4f5-d4ec3027e392	12	34577418	34608044	13	0.8169
d751d70b-29b4-4548-a4f5-d4ec3027e392	12	34608333	74727538	22567	0.0153
d751d70b-29b4-4548-a4f5-d4ec3027e392	12	74728217	74728536	2	2.8822
d751d70b-29b4-4548-a4f5-d4ec3027e392	12	74728958	113953705	25280	0.0151
d751d70b-29b4-4548-a4f5-d4ec3027e392	12	113955664	113961352	4	-1.8646
d751d70b-29b4-4548-a4f5-d4ec3027e392	12	113963368	129417681	10926	0.0154
d751d70b-29b4-4548-a4f5-d4ec3027e392	12	129420742	129421369	3	-2.1926
d751d70b-29b4-4548-a4f5-d4ec3027e392	12	129421697	130079377	580	0.0123
d751d70b-29b4-4548-a4f5-d4ec3027e392	12	130081176	130082418	2	-2.0061
d751d70b-29b4-4548-a4f5-d4ec3027e392	12	130082453	133201603	1856	0.0277
d751d70b-29b4-4548-a4f5-d4ec3027e392	13	18452809	33186874	10500	-0.0012
d751d70b-29b4-4548-a4f5-d4ec3027e392	13	33187128	33188016	4	-2.1456
d751d70b-29b4-4548-a4f5-d4ec3027e392	13	33188188	40512500	5267	0.0084
d751d70b-29b4-4548-a4f5-d4ec3027e392	13	40513375	40767912	135	0.3857
d751d70b-29b4-4548-a4f5-d4ec3027e392	13	40775986	42971715	1458	0.0169
d751d70b-29b4-4548-a4f5-d4ec3027e392	13	42975272	42976107	5	-1.7771
d751d70b-29b4-4548-a4f5-d4ec3027e392	13	42977123	58010656	9088	0.0204
d751d70b-29b4-4548-a4f5-d4ec3027e392	13	58016147	58019138	4	-1.4549
d751d70b-29b4-4548-a4f5-d4ec3027e392	13	58019212	63617097	3347	0.0044
d751d70b-29b4-4548-a4f5-d4ec3027e392	13	63619780	63620201	3	-1.9959
d751d70b-29b4-4548-a4f5-d4ec3027e392	13	63620783	68668123	3110	0.0305
d751d70b-29b4-4548-a4f5-d4ec3027e392	13	68674167	68694987	39	-0.6848
d751d70b-29b4-4548-a4f5-d4ec3027e392	13	68695002	71902850	2060	0.0242
d751d70b-29b4-4548-a4f5-d4ec3027e392	13	71903417	71906418	4	-3.0519
d751d70b-29b4-4548-a4f5-d4ec3027e392	13	71906467	72635843	582	0.0232
d751d70b-29b4-4548-a4f5-d4ec3027e392	13	72637700	72669582	28	-0.4642
d751d70b-29b4-4548-a4f5-d4ec3027e392	13	72669632	83197012	7052	0.0173
d751d70b-29b4-4548-a4f5-d4ec3027e392	13	83200425	83213828	26	0.4691
d751d70b-29b4-4548-a4f5-d4ec3027e392	13	83213898	95236228	7678	0.0219
d751d70b-29b4-4548-a4f5-d4ec3027e392	13	95236402	95236428	3	-1.5247
d751d70b-29b4-4548-a4f5-d4ec3027e392	13	95236987	114342922	13694	0.0112
d751d70b-29b4-4548-a4f5-d4ec3027e392	14	18239283	18662134	20	0.394
d751d70b-29b4-4548-a4f5-d4ec3027e392	14	18674599	18950560	6	1.4336
d751d70b-29b4-4548-a4f5-d4ec3027e392	14	18976793	19735739	45	0.0919
d751d70b-29b4-4548-a4f5-d4ec3027e392	14	19742838	19952080	93	-0.3784
d751d70b-29b4-4548-a4f5-d4ec3027e392	14	19954424	21765222	1194	-0.0001
d751d70b-29b4-4548-a4f5-d4ec3027e392	14	21767650	21768531	3	-2.2491
d751d70b-29b4-4548-a4f5-d4ec3027e392	14	21769881	21994156	216	0.1136
d751d70b-29b4-4548-a4f5-d4ec3027e392	14	21998495	22010722	7	-0.7672
d751d70b-29b4-4548-a4f5-d4ec3027e392	14	22011358	22509792	453	0.2039
d751d70b-29b4-4548-a4f5-d4ec3027e392	14	22514241	106070718	52963	0.016
d751d70b-29b4-4548-a4f5-d4ec3027e392	14	106117522	106294285	78	-0.9044
d751d70b-29b4-4548-a4f5-d4ec3027e392	14	106294689	106297273	4	1.3431
d751d70b-29b4-4548-a4f5-d4ec3027e392	14	106297409	106362628	23	-0.4972
d751d70b-29b4-4548-a4f5-d4ec3027e392	14	106364815	106423925	30	0.0852
d751d70b-29b4-4548-a4f5-d4ec3027e392	14	106425447	106462169	46	-0.5028
d751d70b-29b4-4548-a4f5-d4ec3027e392	14	106462183	106877229	196	0.0841
d751d70b-29b4-4548-a4f5-d4ec3027e392	15	19811075	20368905	80	0.1761
d751d70b-29b4-4548-a4f5-d4ec3027e392	15	20372182	20372432	4	1.382
d751d70b-29b4-4548-a4f5-d4ec3027e392	15	20372799	20614765	51	0.2224
d751d70b-29b4-4548-a4f5-d4ec3027e392	15	20625071	20670989	16	-0.4663
d751d70b-29b4-4548-a4f5-d4ec3027e392	15	20981071	20988347	5	0.7376
d751d70b-29b4-4548-a4f5-d4ec3027e392	15	21005443	21999319	22	-0.6097
d751d70b-29b4-4548-a4f5-d4ec3027e392	15	22003073	25172311	1510	0.0106
d751d70b-29b4-4548-a4f5-d4ec3027e392	15	25174845	25188765	10	0.9924
d751d70b-29b4-4548-a4f5-d4ec3027e392	15	25190921	29722951	2908	0.0131
d751d70b-29b4-4548-a4f5-d4ec3027e392	15	29725548	29725727	3	1.6764
d751d70b-29b4-4548-a4f5-d4ec3027e392	15	29726423	30094208	212	-0.0761
d751d70b-29b4-4548-a4f5-d4ec3027e392	15	30106026	30500366	33	-0.7403
d751d70b-29b4-4548-a4f5-d4ec3027e392	15	30503586	34421922	2564	0.0121
d751d70b-29b4-4548-a4f5-d4ec3027e392	15	34430601	34517887	60	-0.87
d751d70b-29b4-4548-a4f5-d4ec3027e392	15	34520918	61392006	17282	0.0193
d751d70b-29b4-4548-a4f5-d4ec3027e392	15	61395970	61397901	3	-1.8178
d751d70b-29b4-4548-a4f5-d4ec3027e392	15	61399454	62878810	1174	0.032
d751d70b-29b4-4548-a4f5-d4ec3027e392	15	62879430	62879641	3	-2.0507
d751d70b-29b4-4548-a4f5-d4ec3027e392	15	62880268	76598900	7939	0.0292
d751d70b-29b4-4548-a4f5-d4ec3027e392	15	76599170	76602857	13	-2.2627
d751d70b-29b4-4548-a4f5-d4ec3027e392	15	76603003	90382914	8757	0.0199
d751d70b-29b4-4548-a4f5-d4ec3027e392	15	90384707	90391576	6	-1.5251
d751d70b-29b4-4548-a4f5-d4ec3027e392	15	90391796	101928837	8843	0.027
d751d70b-29b4-4548-a4f5-d4ec3027e392	16	10777	6881013	4248	0.0004
d751d70b-29b4-4548-a4f5-d4ec3027e392	16	6884269	6884453	3	2.2712
d751d70b-29b4-4548-a4f5-d4ec3027e392	16	6884939	7910203	1288	0.0107
d751d70b-29b4-4548-a4f5-d4ec3027e392	16	7910812	7959486	58	-0.3732
d751d70b-29b4-4548-a4f5-d4ec3027e392	16	7959653	19933041	7860	0.0188
d751d70b-29b4-4548-a4f5-d4ec3027e392	16	19934328	19951801	24	-0.7563
d751d70b-29b4-4548-a4f5-d4ec3027e392	16	19954016	22546611	1284	0.0248
d751d70b-29b4-4548-a4f5-d4ec3027e392	16	22546990	22693199	71	0.611
d751d70b-29b4-4548-a4f5-d4ec3027e392	16	22699421	22828100	110	0.0412
d751d70b-29b4-4548-a4f5-d4ec3027e392	16	22828672	22829674	3	1.2977
d751d70b-29b4-4548-a4f5-d4ec3027e392	16	22830024	27064367	3024	0.0058
d751d70b-29b4-4548-a4f5-d4ec3027e392	16	27064419	27064609	5	1.3491
d751d70b-29b4-4548-a4f5-d4ec3027e392	16	27065588	48933229	3670	0.0356
d751d70b-29b4-4548-a4f5-d4ec3027e392	16	48933366	48936639	7	-0.9881
d751d70b-29b4-4548-a4f5-d4ec3027e392	16	48941133	60514913	8217	0.0222
d751d70b-29b4-4548-a4f5-d4ec3027e392	16	60519407	60540490	11	-0.7933
d751d70b-29b4-4548-a4f5-d4ec3027e392	16	60541170	66017015	3811	0.0165
d751d70b-29b4-4548-a4f5-d4ec3027e392	16	66019327	66022505	6	-0.9804
d751d70b-29b4-4548-a4f5-d4ec3027e392	16	66023093	75208831	4776	0.0239
d751d70b-29b4-4548-a4f5-d4ec3027e392	16	75212144	75214869	3	-1.4417
d751d70b-29b4-4548-a4f5-d4ec3027e392	16	75218408	77997767	2425	0.0142
d751d70b-29b4-4548-a4f5-d4ec3027e392	16	77998237	77999311	5	-1.1348
d751d70b-29b4-4548-a4f5-d4ec3027e392	16	78002273	78338949	298	0.0482
d751d70b-29b4-4548-a4f5-d4ec3027e392	16	78339440	78342814	5	-1.4905
d751d70b-29b4-4548-a4f5-d4ec3027e392	16	78343037	79082064	1013	0.0239
d751d70b-29b4-4548-a4f5-d4ec3027e392	16	79082607	79083711	4	-1.6258
d751d70b-29b4-4548-a4f5-d4ec3027e392	16	79084713	81157185	2212	0.0209
d751d70b-29b4-4548-a4f5-d4ec3027e392	16	81158981	81159209	3	-2.111
d751d70b-29b4-4548-a4f5-d4ec3027e392	16	81160489	81174598	20	0.0782
d751d70b-29b4-4548-a4f5-d4ec3027e392	16	81175217	81176687	5	-1.2884
d751d70b-29b4-4548-a4f5-d4ec3027e392	16	81177192	81472394	267	0.0286
d751d70b-29b4-4548-a4f5-d4ec3027e392	16	81473428	81480561	12	-0.8178
d751d70b-29b4-4548-a4f5-d4ec3027e392	16	81482810	83701214	2448	0.0207
d751d70b-29b4-4548-a4f5-d4ec3027e392	16	83706463	83706562	3	-1.3741
d751d70b-29b4-4548-a4f5-d4ec3027e392	16	83706574	83858738	245	0.0152
d751d70b-29b4-4548-a4f5-d4ec3027e392	16	83859123	83859207	4	1.4378
d751d70b-29b4-4548-a4f5-d4ec3027e392	16	83861820	84009243	103	0.001
d751d70b-29b4-4548-a4f5-d4ec3027e392	16	84011095	84012500	3	-1.8555
d751d70b-29b4-4548-a4f5-d4ec3027e392	16	84012872	86358843	1992	0.0045
d751d70b-29b4-4548-a4f5-d4ec3027e392	16	86360269	86360320	2	2.0616
d751d70b-29b4-4548-a4f5-d4ec3027e392	16	86361486	88752178	1677	0.0342
d751d70b-29b4-4548-a4f5-d4ec3027e392	16	88760801	88818672	15	-0.6328
d751d70b-29b4-4548-a4f5-d4ec3027e392	16	88823106	90096867	569	-0.0042
d751d70b-29b4-4548-a4f5-d4ec3027e392	17	150733	43787546	22188	0.0183
d751d70b-29b4-4548-a4f5-d4ec3027e392	17	43790943	43791961	4	-1.4831
d751d70b-29b4-4548-a4f5-d4ec3027e392	17	43799368	45815607	919	0.0112
d751d70b-29b4-4548-a4f5-d4ec3027e392	17	45815790	45827944	12	-0.9882
d751d70b-29b4-4548-a4f5-d4ec3027e392	17	45828115	46135062	222	-0.0288
d751d70b-29b4-4548-a4f5-d4ec3027e392	17	46135838	46323701	89	0.3816
d751d70b-29b4-4548-a4f5-d4ec3027e392	17	46351954	74637676	17327	0.0163
d751d70b-29b4-4548-a4f5-d4ec3027e392	17	74639767	74655597	16	-0.7792
d751d70b-29b4-4548-a4f5-d4ec3027e392	17	74656792	79249578	2474	0.0207
d751d70b-29b4-4548-a4f5-d4ec3027e392	17	79250134	79250308	2	-2.556
d751d70b-29b4-4548-a4f5-d4ec3027e392	17	79250962	80655063	783	0.0145
d751d70b-29b4-4548-a4f5-d4ec3027e392	17	80655993	80660379	2	2.3337
d751d70b-29b4-4548-a4f5-d4ec3027e392	17	80660500	83091923	944	0.0132
d751d70b-29b4-4548-a4f5-d4ec3027e392	18	48133	4978906	3531	0.0067
d751d70b-29b4-4548-a4f5-d4ec3027e392	18	4979613	4980178	4	1.7603
d751d70b-29b4-4548-a4f5-d4ec3027e392	18	4985483	71479732	40671	0.0163
d751d70b-29b4-4548-a4f5-d4ec3027e392	18	71483999	71484731	4	-1.6673
d751d70b-29b4-4548-a4f5-d4ec3027e392	18	71485589	79675631	6193	0.0204
d751d70b-29b4-4548-a4f5-d4ec3027e392	18	79681822	79688041	5	-1.4406
d751d70b-29b4-4548-a4f5-d4ec3027e392	18	79690068	80232104	285	0.0198
d751d70b-29b4-4548-a4f5-d4ec3027e392	18	80238230	80257174	12	0.6734
d751d70b-29b4-4548-a4f5-d4ec3027e392	19	90910	58586487	29062	0.0136
d751d70b-29b4-4548-a4f5-d4ec3027e392	20	80664	726179	481	0.034
d751d70b-29b4-4548-a4f5-d4ec3027e392	20	726954	733142	5	-1.5747
d751d70b-29b4-4548-a4f5-d4ec3027e392	20	733818	1580353	714	0.0499
d751d70b-29b4-4548-a4f5-d4ec3027e392	20	1580934	1613247	41	1.4759
d751d70b-29b4-4548-a4f5-d4ec3027e392	20	1617300	5494255	2834	0.0261
d751d70b-29b4-4548-a4f5-d4ec3027e392	20	5495616	5496689	3	-2.5306
d751d70b-29b4-4548-a4f5-d4ec3027e392	20	5502000	12650073	5595	0.0123
d751d70b-29b4-4548-a4f5-d4ec3027e392	20	12650137	12652207	5	-1.1531
d751d70b-29b4-4548-a4f5-d4ec3027e392	20	12652921	12828926	198	0.0516
d751d70b-29b4-4548-a4f5-d4ec3027e392	20	12829281	12831917	2	-1.3497
d751d70b-29b4-4548-a4f5-d4ec3027e392	20	12832118	14727254	1219	0.027
d751d70b-29b4-4548-a4f5-d4ec3027e392	20	14737223	14737930	4	1.1693
d751d70b-29b4-4548-a4f5-d4ec3027e392	20	14739773	20400658	4975	0.0196
d751d70b-29b4-4548-a4f5-d4ec3027e392	20	20402440	20403749	2	-1.8855
d751d70b-29b4-4548-a4f5-d4ec3027e392	20	20404058	24589191	3047	0.0281
d751d70b-29b4-4548-a4f5-d4ec3027e392	20	24590818	24591695	3	-1.5052
d751d70b-29b4-4548-a4f5-d4ec3027e392	20	24592166	33084082	1847	0.0225
d751d70b-29b4-4548-a4f5-d4ec3027e392	20	33084650	33084758	2	-2.0267
d751d70b-29b4-4548-a4f5-d4ec3027e392	20	33086040	54028329	13888	0.0287
d751d70b-29b4-4548-a4f5-d4ec3027e392	20	54031269	54042112	37	-0.6197
d751d70b-29b4-4548-a4f5-d4ec3027e392	20	54046035	64089652	7319	0.0284
d751d70b-29b4-4548-a4f5-d4ec3027e392	20	64096137	64096189	4	1.6676
d751d70b-29b4-4548-a4f5-d4ec3027e392	20	64096562	64324800	123	0.1241
d751d70b-29b4-4548-a4f5-d4ec3027e392	21	10354168	19933207	4520	0.0211
d751d70b-29b4-4548-a4f5-d4ec3027e392	21	19933455	19967540	18	-0.8374
d751d70b-29b4-4548-a4f5-d4ec3027e392	21	19971271	26908194	5315	0.0175
d751d70b-29b4-4548-a4f5-d4ec3027e392	21	26910341	26910533	3	-2.2313
d751d70b-29b4-4548-a4f5-d4ec3027e392	21	26911285	46677045	13985	0.022
d751d70b-29b4-4548-a4f5-d4ec3027e392	22	15294547	18142004	1109	0.0493
d751d70b-29b4-4548-a4f5-d4ec3027e392	22	18143362	18146386	7	-1.3209
d751d70b-29b4-4548-a4f5-d4ec3027e392	22	18147293	22027436	1862	0.0553
d751d70b-29b4-4548-a4f5-d4ec3027e392	22	22027710	22027946	6	1.9197
d751d70b-29b4-4548-a4f5-d4ec3027e392	22	22032036	22148876	208	0.0218
d751d70b-29b4-4548-a4f5-d4ec3027e392	22	22148948	22149652	6	2.0274
d751d70b-29b4-4548-a4f5-d4ec3027e392	22	22150117	23987520	1191	0.071
d751d70b-29b4-4548-a4f5-d4ec3027e392	22	23988078	23989773	2	-3.2989
d751d70b-29b4-4548-a4f5-d4ec3027e392	22	23990431	25352165	880	0.0497
d751d70b-29b4-4548-a4f5-d4ec3027e392	22	25352287	25352361	2	2.2674
d751d70b-29b4-4548-a4f5-d4ec3027e392	22	25352592	35577300	7968	0.03
d751d70b-29b4-4548-a4f5-d4ec3027e392	22	35579156	35579745	3	1.7098
d751d70b-29b4-4548-a4f5-d4ec3027e392	22	35582717	38894915	1940	0.0278
d751d70b-29b4-4548-a4f5-d4ec3027e392	22	38899250	38900899	3	-2.6089
d751d70b-29b4-4548-a4f5-d4ec3027e392	22	38903109	50796027	8061	0.0324
d751d70b-29b4-4548-a4f5-d4ec3027e392	X	251810	5807753	2349	-0.0193
d751d70b-29b4-4548-a4f5-d4ec3027e392	X	5809891	5813382	3	-1.6889
d751d70b-29b4-4548-a4f5-d4ec3027e392	X	5813718	34024137	18845	0.0119
d751d70b-29b4-4548-a4f5-d4ec3027e392	X	34026256	34052170	23	-1.2396
d751d70b-29b4-4548-a4f5-d4ec3027e392	X	34055308	38437904	2485	0.0276
d751d70b-29b4-4548-a4f5-d4ec3027e392	X	38438304	38438583	3	-1.9107
d751d70b-29b4-4548-a4f5-d4ec3027e392	X	38438756	57137852	9155	0.022
d751d70b-29b4-4548-a4f5-d4ec3027e392	X	57138079	57138180	2	2.0825
d751d70b-29b4-4548-a4f5-d4ec3027e392	X	57140871	75653489	6147	0.0118
d751d70b-29b4-4548-a4f5-d4ec3027e392	X	75654103	75656201	4	-1.4699
d751d70b-29b4-4548-a4f5-d4ec3027e392	X	75656607	88910868	7163	0.0283
d751d70b-29b4-4548-a4f5-d4ec3027e392	X	88911764	88912033	2	-1.8575
d751d70b-29b4-4548-a4f5-d4ec3027e392	X	88914009	111507778	11497	0.0199
d751d70b-29b4-4548-a4f5-d4ec3027e392	X	111520722	111520791	2	-1.8499
d751d70b-29b4-4548-a4f5-d4ec3027e392	X	111522654	138490511	15220	0.0189
d751d70b-29b4-4548-a4f5-d4ec3027e392	X	138490569	138490686	2	2.2035
d751d70b-29b4-4548-a4f5-d4ec3027e392	X	138490846	155952689	10678	0.0244
d751d70b-29b4-4548-a4f5-d4ec3027e392	Y	2782397	6249869	784	-2.5748
d751d70b-29b4-4548-a4f5-d4ec3027e392	Y	6252391	25169825	5676	-3.1094
d751d70b-29b4-4548-a4f5-d4ec3027e392	Y	25472063	56872112	179	-2.5589
