GDC_Aliquot	Chromosome	Start	End	Num_Probes	Segment_Mean
5860ba50-e2bf-42f5-a531-d0fca2b76d6c	1	62920	462894	19	0.2171
5860ba50-e2bf-42f5-a531-d0fca2b76d6c	1	599171	3259896	702	-0.1375
5860ba50-e2bf-42f5-a531-d0fca2b76d6c	1	3260916	12806954	5768	-0.0049
5860ba50-e2bf-42f5-a531-d0fca2b76d6c	1	12807204	12807507	4	-1.4772
5860ba50-e2bf-42f5-a531-d0fca2b76d6c	1	12807715	13326062	25	0.1208
5860ba50-e2bf-42f5-a531-d0fca2b76d6c	1	13338980	13362275	3	-1.4786
5860ba50-e2bf-42f5-a531-d0fca2b76d6c	1	13383455	15822793	1800	0.001
5860ba50-e2bf-42f5-a531-d0fca2b76d6c	1	15822848	15828515	12	0.567
5860ba50-e2bf-42f5-a531-d0fca2b76d6c	1	15839166	16637050	314	-0.007
5860ba50-e2bf-42f5-a531-d0fca2b76d6c	1	16637228	16855942	40	0.4793
5860ba50-e2bf-42f5-a531-d0fca2b76d6c	1	16863509	72303233	34050	0.0046
5860ba50-e2bf-42f5-a531-d0fca2b76d6c	1	72303253	72345465	45	-1.1483
5860ba50-e2bf-42f5-a531-d0fca2b76d6c	1	72346221	83350794	7077	0.0158
5860ba50-e2bf-42f5-a531-d0fca2b76d6c	1	83359894	83359907	2	-1.5503
5860ba50-e2bf-42f5-a531-d0fca2b76d6c	1	83362590	89009572	3848	0.007
5860ba50-e2bf-42f5-a531-d0fca2b76d6c	1	89012275	89012522	2	-3.0066
5860ba50-e2bf-42f5-a531-d0fca2b76d6c	1	89015841	109690705	12663	0.0041
5860ba50-e2bf-42f5-a531-d0fca2b76d6c	1	109690949	109692006	5	-1.6104
5860ba50-e2bf-42f5-a531-d0fca2b76d6c	1	109696900	112147704	1951	0.0002
5860ba50-e2bf-42f5-a531-d0fca2b76d6c	1	112153343	112163460	29	0.472
5860ba50-e2bf-42f5-a531-d0fca2b76d6c	1	112163496	152583051	7591	0.0058
5860ba50-e2bf-42f5-a531-d0fca2b76d6c	1	152583230	152613762	31	1.2809
5860ba50-e2bf-42f5-a531-d0fca2b76d6c	1	152613802	196729169	29645	0.0082
5860ba50-e2bf-42f5-a531-d0fca2b76d6c	1	196729184	196926717	139	0.2091
5860ba50-e2bf-42f5-a531-d0fca2b76d6c	1	196932623	228505354	21023	0.0089
5860ba50-e2bf-42f5-a531-d0fca2b76d6c	1	228511814	228514917	3	-1.5196
5860ba50-e2bf-42f5-a531-d0fca2b76d6c	1	228515588	229681109	728	0.0106
5860ba50-e2bf-42f5-a531-d0fca2b76d6c	1	229684383	229684449	2	-1.934
5860ba50-e2bf-42f5-a531-d0fca2b76d6c	1	229684709	245273498	11614	0.0097
5860ba50-e2bf-42f5-a531-d0fca2b76d6c	1	245275905	245279235	5	-0.9608
5860ba50-e2bf-42f5-a531-d0fca2b76d6c	1	245282597	248930189	2351	0.0079
5860ba50-e2bf-42f5-a531-d0fca2b76d6c	2	12784	24376374	17909	-0.004
5860ba50-e2bf-42f5-a531-d0fca2b76d6c	2	24376380	24387919	19	-0.6661
5860ba50-e2bf-42f5-a531-d0fca2b76d6c	2	24388259	34295406	6038	0.0028
5860ba50-e2bf-42f5-a531-d0fca2b76d6c	2	34298911	34300513	2	-2.3264
5860ba50-e2bf-42f5-a531-d0fca2b76d6c	2	34300900	34466002	95	-0.0246
5860ba50-e2bf-42f5-a531-d0fca2b76d6c	2	34474248	34512965	49	0.3657
5860ba50-e2bf-42f5-a531-d0fca2b76d6c	2	34515572	35742057	865	0.0322
5860ba50-e2bf-42f5-a531-d0fca2b76d6c	2	35742319	35776131	15	0.5968
5860ba50-e2bf-42f5-a531-d0fca2b76d6c	2	35777082	40105711	3146	0.0049
5860ba50-e2bf-42f5-a531-d0fca2b76d6c	2	40108270	40108736	3	-1.761
5860ba50-e2bf-42f5-a531-d0fca2b76d6c	2	40109500	77746919	25284	0.0051
5860ba50-e2bf-42f5-a531-d0fca2b76d6c	2	77749572	77750100	7	1.222
5860ba50-e2bf-42f5-a531-d0fca2b76d6c	2	77759556	77762186	3	0.1063
5860ba50-e2bf-42f5-a531-d0fca2b76d6c	2	77762260	77769540	35	1.3074
5860ba50-e2bf-42f5-a531-d0fca2b76d6c	2	77769744	146104517	36893	0.005
5860ba50-e2bf-42f5-a531-d0fca2b76d6c	2	146106836	146109366	24	-1.5278
5860ba50-e2bf-42f5-a531-d0fca2b76d6c	2	146120238	242147305	59018	0.0046
5860ba50-e2bf-42f5-a531-d0fca2b76d6c	3	20930	182919	154	0.028
5860ba50-e2bf-42f5-a531-d0fca2b76d6c	3	188339	191117	4	-2.9077
5860ba50-e2bf-42f5-a531-d0fca2b76d6c	3	193194	68697108	47588	0.0125
5860ba50-e2bf-42f5-a531-d0fca2b76d6c	3	68697133	68698262	13	-1.4176
5860ba50-e2bf-42f5-a531-d0fca2b76d6c	3	68699607	130067896	34631	0.0131
5860ba50-e2bf-42f5-a531-d0fca2b76d6c	3	130067910	130075961	21	0.7049
5860ba50-e2bf-42f5-a531-d0fca2b76d6c	3	130079892	145915619	9888	0.0102
5860ba50-e2bf-42f5-a531-d0fca2b76d6c	3	145924135	145924147	2	-1.9363
5860ba50-e2bf-42f5-a531-d0fca2b76d6c	3	145924578	158632329	7766	0.0128
5860ba50-e2bf-42f5-a531-d0fca2b76d6c	3	158633095	158633756	2	-1.5963
5860ba50-e2bf-42f5-a531-d0fca2b76d6c	3	158641083	162794951	2606	0.0115
5860ba50-e2bf-42f5-a531-d0fca2b76d6c	3	162795304	162908207	68	-1.531
5860ba50-e2bf-42f5-a531-d0fca2b76d6c	3	162908784	189642965	16660	0.021
5860ba50-e2bf-42f5-a531-d0fca2b76d6c	3	189645889	189653199	12	-1.0482
5860ba50-e2bf-42f5-a531-d0fca2b76d6c	3	189653225	195072715	3796	0.0104
5860ba50-e2bf-42f5-a531-d0fca2b76d6c	3	195072847	195078273	2	-1.7792
5860ba50-e2bf-42f5-a531-d0fca2b76d6c	3	195079370	198169247	1401	-0.0012
5860ba50-e2bf-42f5-a531-d0fca2b76d6c	4	68929	10221792	5698	-0.0088
5860ba50-e2bf-42f5-a531-d0fca2b76d6c	4	10222004	10233644	34	1.018
5860ba50-e2bf-42f5-a531-d0fca2b76d6c	4	10234518	10388498	170	-0.0069
5860ba50-e2bf-42f5-a531-d0fca2b76d6c	4	10389091	10399044	17	0.5548
5860ba50-e2bf-42f5-a531-d0fca2b76d6c	4	10401094	34771893	16770	0.009
5860ba50-e2bf-42f5-a531-d0fca2b76d6c	4	34777238	34828306	48	0.414
5860ba50-e2bf-42f5-a531-d0fca2b76d6c	4	34828327	49087357	8955	0.0157
5860ba50-e2bf-42f5-a531-d0fca2b76d6c	4	49091769	49654578	31	-0.519
5860ba50-e2bf-42f5-a531-d0fca2b76d6c	4	49656206	62804218	7000	0.0102
5860ba50-e2bf-42f5-a531-d0fca2b76d6c	4	62804351	62805416	5	0.9446
5860ba50-e2bf-42f5-a531-d0fca2b76d6c	4	62805869	68655691	3525	0.014
5860ba50-e2bf-42f5-a531-d0fca2b76d6c	4	68663241	68686026	4	-1.491
5860ba50-e2bf-42f5-a531-d0fca2b76d6c	4	68725894	69255175	303	0.0302
5860ba50-e2bf-42f5-a531-d0fca2b76d6c	4	69255532	69366304	58	-0.3855
5860ba50-e2bf-42f5-a531-d0fca2b76d6c	4	69366406	115243073	27938	0.0097
5860ba50-e2bf-42f5-a531-d0fca2b76d6c	4	115243289	115254098	18	0.5326
5860ba50-e2bf-42f5-a531-d0fca2b76d6c	4	115254152	137261459	12709	0.0124
5860ba50-e2bf-42f5-a531-d0fca2b76d6c	4	137261559	137262454	20	0.4112
5860ba50-e2bf-42f5-a531-d0fca2b76d6c	4	137262509	154881396	10675	0.0086
5860ba50-e2bf-42f5-a531-d0fca2b76d6c	4	154881853	154881926	3	-3.3661
5860ba50-e2bf-42f5-a531-d0fca2b76d6c	4	154882047	188300104	21941	0.0082
5860ba50-e2bf-42f5-a531-d0fca2b76d6c	4	188300206	188300285	4	2.3273
5860ba50-e2bf-42f5-a531-d0fca2b76d6c	4	188301659	190106768	1141	0.0364
5860ba50-e2bf-42f5-a531-d0fca2b76d6c	5	15532	1428688	644	-0.0541
5860ba50-e2bf-42f5-a531-d0fca2b76d6c	5	1433286	1877166	272	0.86
5860ba50-e2bf-42f5-a531-d0fca2b76d6c	5	1880474	102729477	60659	0.0108
5860ba50-e2bf-42f5-a531-d0fca2b76d6c	5	102735178	102736757	2	-2.538
5860ba50-e2bf-42f5-a531-d0fca2b76d6c	5	102740846	178680821	49670	0.006
5860ba50-e2bf-42f5-a531-d0fca2b76d6c	5	178682974	178686162	3	-1.6872
5860ba50-e2bf-42f5-a531-d0fca2b76d6c	5	178691854	181363319	1532	-0.0023
5860ba50-e2bf-42f5-a531-d0fca2b76d6c	6	149661	7913450	6454	-0.0038
5860ba50-e2bf-42f5-a531-d0fca2b76d6c	6	7915974	7917295	4	-1.1745
5860ba50-e2bf-42f5-a531-d0fca2b76d6c	6	7918078	16086019	6094	0.0033
5860ba50-e2bf-42f5-a531-d0fca2b76d6c	6	16087003	16087418	2	-1.7391
5860ba50-e2bf-42f5-a531-d0fca2b76d6c	6	16088037	17236118	898	-0.004
5860ba50-e2bf-42f5-a531-d0fca2b76d6c	6	17238418	17238581	2	-1.2851
5860ba50-e2bf-42f5-a531-d0fca2b76d6c	6	17240660	23742789	4744	0.0083
5860ba50-e2bf-42f5-a531-d0fca2b76d6c	6	23744444	23745202	2	-2.4664
5860ba50-e2bf-42f5-a531-d0fca2b76d6c	6	23747504	30797802	3822	0.0098
5860ba50-e2bf-42f5-a531-d0fca2b76d6c	6	30798118	30819816	13	-0.7382
5860ba50-e2bf-42f5-a531-d0fca2b76d6c	6	30820811	31370073	319	0.0053
5860ba50-e2bf-42f5-a531-d0fca2b76d6c	6	31370095	32751604	605	-0.1446
5860ba50-e2bf-42f5-a531-d0fca2b76d6c	6	32754977	65000836	18097	0.0115
5860ba50-e2bf-42f5-a531-d0fca2b76d6c	6	65001506	65003844	2	-1.3902
5860ba50-e2bf-42f5-a531-d0fca2b76d6c	6	65003899	65689879	465	0.0572
5860ba50-e2bf-42f5-a531-d0fca2b76d6c	6	65690336	65697234	17	-0.7409
5860ba50-e2bf-42f5-a531-d0fca2b76d6c	6	65697317	76706116	7196	0.0121
5860ba50-e2bf-42f5-a531-d0fca2b76d6c	6	76707753	76743040	40	0.3182
5860ba50-e2bf-42f5-a531-d0fca2b76d6c	6	76751356	78252909	974	0.0133
5860ba50-e2bf-42f5-a531-d0fca2b76d6c	6	78253157	78322600	110	0.3305
5860ba50-e2bf-42f5-a531-d0fca2b76d6c	6	78322875	80568270	1435	0.004
5860ba50-e2bf-42f5-a531-d0fca2b76d6c	6	80574472	80579817	33	-0.6356
5860ba50-e2bf-42f5-a531-d0fca2b76d6c	6	80584624	103286954	14000	0.0131
5860ba50-e2bf-42f5-a531-d0fca2b76d6c	6	103290101	103314186	46	-1.0826
5860ba50-e2bf-42f5-a531-d0fca2b76d6c	6	103317795	167247187	42064	0.0075
5860ba50-e2bf-42f5-a531-d0fca2b76d6c	6	167249024	170263653	1852	-0.0554
5860ba50-e2bf-42f5-a531-d0fca2b76d6c	6	170263910	170741917	221	0.0153
5860ba50-e2bf-42f5-a531-d0fca2b76d6c	7	43355	145185	89	-0.1054
5860ba50-e2bf-42f5-a531-d0fca2b76d6c	7	148300	158626	11	-0.7496
5860ba50-e2bf-42f5-a531-d0fca2b76d6c	7	161442	63218663	40670	0.0086
5860ba50-e2bf-42f5-a531-d0fca2b76d6c	7	63225772	63273383	13	-0.9471
5860ba50-e2bf-42f5-a531-d0fca2b76d6c	7	63289788	70955452	3797	0.0097
5860ba50-e2bf-42f5-a531-d0fca2b76d6c	7	70958264	70961155	2	-2
5860ba50-e2bf-42f5-a531-d0fca2b76d6c	7	70963257	86600286	8648	0.0118
5860ba50-e2bf-42f5-a531-d0fca2b76d6c	7	86604868	86615738	10	-0.7708
5860ba50-e2bf-42f5-a531-d0fca2b76d6c	7	86622960	89685398	1845	0.0246
5860ba50-e2bf-42f5-a531-d0fca2b76d6c	7	89691796	89716223	15	0.607
5860ba50-e2bf-42f5-a531-d0fca2b76d6c	7	89722165	102762163	7254	0.0069
5860ba50-e2bf-42f5-a531-d0fca2b76d6c	7	102762169	102765997	3	-1.3162
5860ba50-e2bf-42f5-a531-d0fca2b76d6c	7	102766233	120882429	11144	0.0137
5860ba50-e2bf-42f5-a531-d0fca2b76d6c	7	120884520	120886317	3	-2.2376
5860ba50-e2bf-42f5-a531-d0fca2b76d6c	7	120894295	126404920	3434	0.0157
5860ba50-e2bf-42f5-a531-d0fca2b76d6c	7	126405428	126406822	13	0.9987
5860ba50-e2bf-42f5-a531-d0fca2b76d6c	7	126406823	134093899	4695	0.0042
5860ba50-e2bf-42f5-a531-d0fca2b76d6c	7	134100424	134105690	24	0.632
5860ba50-e2bf-42f5-a531-d0fca2b76d6c	7	134110881	138660533	3076	0.0015
5860ba50-e2bf-42f5-a531-d0fca2b76d6c	7	138661266	138661398	2	-1.7612
5860ba50-e2bf-42f5-a531-d0fca2b76d6c	7	138667224	144176859	3353	0.0023
5860ba50-e2bf-42f5-a531-d0fca2b76d6c	7	144199159	144352208	16	0.6704
5860ba50-e2bf-42f5-a531-d0fca2b76d6c	7	144377836	150148899	3592	0.0004
5860ba50-e2bf-42f5-a531-d0fca2b76d6c	7	150150198	150150651	2	-3.9435
5860ba50-e2bf-42f5-a531-d0fca2b76d6c	7	150154479	159334314	6041	-0.0026
5860ba50-e2bf-42f5-a531-d0fca2b76d6c	8	81254	645875	330	-0.0178
5860ba50-e2bf-42f5-a531-d0fca2b76d6c	8	645892	645908	2	3.1909
5860ba50-e2bf-42f5-a531-d0fca2b76d6c	8	656117	6975846	7298	0
5860ba50-e2bf-42f5-a531-d0fca2b76d6c	8	6980411	7002140	5	-1.717
5860ba50-e2bf-42f5-a531-d0fca2b76d6c	8	7018620	14718551	5454	-0.0097
5860ba50-e2bf-42f5-a531-d0fca2b76d6c	8	14720091	14721200	9	-0.9282
5860ba50-e2bf-42f5-a531-d0fca2b76d6c	8	14721296	15543669	683	-0.0038
5860ba50-e2bf-42f5-a531-d0fca2b76d6c	8	15545551	15548772	2	-2.5804
5860ba50-e2bf-42f5-a531-d0fca2b76d6c	8	15548797	15554099	6	-6.1826
5860ba50-e2bf-42f5-a531-d0fca2b76d6c	8	15555938	25117062	7662	0.0088
5860ba50-e2bf-42f5-a531-d0fca2b76d6c	8	25117985	25126818	23	0.8721
5860ba50-e2bf-42f5-a531-d0fca2b76d6c	8	25133589	39373140	9006	0.008
5860ba50-e2bf-42f5-a531-d0fca2b76d6c	8	39378084	39527181	56	-0.3558
5860ba50-e2bf-42f5-a531-d0fca2b76d6c	8	39527450	71300130	17886	0.009
5860ba50-e2bf-42f5-a531-d0fca2b76d6c	8	71303076	71304364	8	-2.1387
5860ba50-e2bf-42f5-a531-d0fca2b76d6c	8	71307628	106430300	21165	0.0108
5860ba50-e2bf-42f5-a531-d0fca2b76d6c	8	106431686	106432667	3	-1.4939
5860ba50-e2bf-42f5-a531-d0fca2b76d6c	8	106434278	111279265	2911	0.0159
5860ba50-e2bf-42f5-a531-d0fca2b76d6c	8	111282050	111288052	11	0.8732
5860ba50-e2bf-42f5-a531-d0fca2b76d6c	8	111289023	128744020	11651	0.0139
5860ba50-e2bf-42f5-a531-d0fca2b76d6c	8	128750889	128751839	2	-2.0338
5860ba50-e2bf-42f5-a531-d0fca2b76d6c	8	128765208	141079981	9516	0.0048
5860ba50-e2bf-42f5-a531-d0fca2b76d6c	8	141081754	142900645	970	-0.0948
5860ba50-e2bf-42f5-a531-d0fca2b76d6c	8	142900822	143203018	110	0.0269
5860ba50-e2bf-42f5-a531-d0fca2b76d6c	8	143209006	143217284	3	0.7648
5860ba50-e2bf-42f5-a531-d0fca2b76d6c	8	143217495	143616987	132	-0.0056
5860ba50-e2bf-42f5-a531-d0fca2b76d6c	8	143622987	143625638	9	-1.7916
5860ba50-e2bf-42f5-a531-d0fca2b76d6c	8	143636819	145072769	503	-0.0376
5860ba50-e2bf-42f5-a531-d0fca2b76d6c	9	46587	9065784	8678	-0.0023
5860ba50-e2bf-42f5-a531-d0fca2b76d6c	9	9070768	12521813	2983	0.0684
5860ba50-e2bf-42f5-a531-d0fca2b76d6c	9	12521826	23363117	8749	0.0047
5860ba50-e2bf-42f5-a531-d0fca2b76d6c	9	23363935	23373486	7	-2.2981
5860ba50-e2bf-42f5-a531-d0fca2b76d6c	9	23378490	61371448	10937	0.0173
5860ba50-e2bf-42f5-a531-d0fca2b76d6c	9	61372857	61647899	34	0.5885
5860ba50-e2bf-42f5-a531-d0fca2b76d6c	9	61665362	63580418	38	-0.0882
5860ba50-e2bf-42f5-a531-d0fca2b76d6c	9	63590317	63592813	7	1.3101
5860ba50-e2bf-42f5-a531-d0fca2b76d6c	9	63614182	110262162	30018	0.0008
5860ba50-e2bf-42f5-a531-d0fca2b76d6c	9	110262509	110265889	2	-2.7154
5860ba50-e2bf-42f5-a531-d0fca2b76d6c	9	110270151	133707628	15922	0.0058
5860ba50-e2bf-42f5-a531-d0fca2b76d6c	9	133709122	138200944	2076	-0.0442
5860ba50-e2bf-42f5-a531-d0fca2b76d6c	10	45792	4041651	3399	-0.0229
5860ba50-e2bf-42f5-a531-d0fca2b76d6c	10	4046009	34141697	22951	0.0101
5860ba50-e2bf-42f5-a531-d0fca2b76d6c	10	34144430	46146453	5111	-0.0085
5860ba50-e2bf-42f5-a531-d0fca2b76d6c	10	46154876	46522514	170	-1.0164
5860ba50-e2bf-42f5-a531-d0fca2b76d6c	10	46522571	46526248	13	0.1049
5860ba50-e2bf-42f5-a531-d0fca2b76d6c	10	46526265	46632302	31	-0.6826
5860ba50-e2bf-42f5-a531-d0fca2b76d6c	10	46657149	65546518	12685	0.01
5860ba50-e2bf-42f5-a531-d0fca2b76d6c	10	65548165	65548951	7	-0.9465
5860ba50-e2bf-42f5-a531-d0fca2b76d6c	10	65548979	65554688	21	-2.0651
5860ba50-e2bf-42f5-a531-d0fca2b76d6c	10	65563037	70664302	3467	0.0128
5860ba50-e2bf-42f5-a531-d0fca2b76d6c	10	70664556	70799311	117	-0.1733
5860ba50-e2bf-42f5-a531-d0fca2b76d6c	10	70800534	76493093	3197	0.0054
5860ba50-e2bf-42f5-a531-d0fca2b76d6c	10	76497303	76497852	2	1.606
5860ba50-e2bf-42f5-a531-d0fca2b76d6c	10	76501509	79491575	2434	-0.0045
5860ba50-e2bf-42f5-a531-d0fca2b76d6c	10	79523511	79533859	2	1.2437
5860ba50-e2bf-42f5-a531-d0fca2b76d6c	10	79576939	80234421	254	-0.0573
5860ba50-e2bf-42f5-a531-d0fca2b76d6c	10	80234562	80237322	2	-3.1797
5860ba50-e2bf-42f5-a531-d0fca2b76d6c	10	80237692	133415637	36560	0.0005
5860ba50-e2bf-42f5-a531-d0fca2b76d6c	10	133416215	133416364	2	-2.5756
5860ba50-e2bf-42f5-a531-d0fca2b76d6c	10	133419150	133654968	148	-0.0437
5860ba50-e2bf-42f5-a531-d0fca2b76d6c	11	198510	80256460	47756	0.0069
5860ba50-e2bf-42f5-a531-d0fca2b76d6c	11	80256469	80256520	3	-2.0762
5860ba50-e2bf-42f5-a531-d0fca2b76d6c	11	80256642	81792426	1307	0.0301
5860ba50-e2bf-42f5-a531-d0fca2b76d6c	11	81792950	81806116	10	-0.8914
5860ba50-e2bf-42f5-a531-d0fca2b76d6c	11	81811590	135074876	37674	0.0053
5860ba50-e2bf-42f5-a531-d0fca2b76d6c	12	51460	9481274	6169	-0.0083
5860ba50-e2bf-42f5-a531-d0fca2b76d6c	12	9485313	9575696	23	1.0307
5860ba50-e2bf-42f5-a531-d0fca2b76d6c	12	9582373	30082648	14299	0.0052
5860ba50-e2bf-42f5-a531-d0fca2b76d6c	12	30086334	30090642	19	-0.5214
5860ba50-e2bf-42f5-a531-d0fca2b76d6c	12	30090657	31908819	1364	0.0088
5860ba50-e2bf-42f5-a531-d0fca2b76d6c	12	31908954	31909040	2	-1.4729
5860ba50-e2bf-42f5-a531-d0fca2b76d6c	12	31909054	33233822	964	0.0317
5860ba50-e2bf-42f5-a531-d0fca2b76d6c	12	33235894	33242207	4	-3.5055
5860ba50-e2bf-42f5-a531-d0fca2b76d6c	12	33242483	133201603	61937	0.0074
5860ba50-e2bf-42f5-a531-d0fca2b76d6c	13	18452809	26855499	5691	0.0032
5860ba50-e2bf-42f5-a531-d0fca2b76d6c	13	26855867	26858162	3	-2.0763
5860ba50-e2bf-42f5-a531-d0fca2b76d6c	13	26858576	37496998	7768	0.0075
5860ba50-e2bf-42f5-a531-d0fca2b76d6c	13	37497899	37514193	17	0.8786
5860ba50-e2bf-42f5-a531-d0fca2b76d6c	13	37514237	57176962	12521	0.0123
5860ba50-e2bf-42f5-a531-d0fca2b76d6c	13	57184136	57202435	31	-1.9526
5860ba50-e2bf-42f5-a531-d0fca2b76d6c	13	57204234	70841566	8367	0.0194
5860ba50-e2bf-42f5-a531-d0fca2b76d6c	13	70842379	70856453	6	-0.9729
5860ba50-e2bf-42f5-a531-d0fca2b76d6c	13	70858614	107245262	24792	0.0089
5860ba50-e2bf-42f5-a531-d0fca2b76d6c	13	107248689	107249633	2	-2.0866
5860ba50-e2bf-42f5-a531-d0fca2b76d6c	13	107249799	112974526	4315	-0.0046
5860ba50-e2bf-42f5-a531-d0fca2b76d6c	13	112976829	113062977	46	-0.3734
5860ba50-e2bf-42f5-a531-d0fca2b76d6c	13	113070745	114052113	401	0.0015
5860ba50-e2bf-42f5-a531-d0fca2b76d6c	13	114055515	114074009	16	-0.4782
5860ba50-e2bf-42f5-a531-d0fca2b76d6c	13	114074505	114342922	120	0.0142
5860ba50-e2bf-42f5-a531-d0fca2b76d6c	14	18239283	19294475	47	0.1473
5860ba50-e2bf-42f5-a531-d0fca2b76d6c	14	19298389	19955213	120	-0.2918
5860ba50-e2bf-42f5-a531-d0fca2b76d6c	14	19956767	21912650	1322	0.0105
5860ba50-e2bf-42f5-a531-d0fca2b76d6c	14	21913024	22509533	543	0.1587
5860ba50-e2bf-42f5-a531-d0fca2b76d6c	14	22509594	43308031	13055	0.0114
5860ba50-e2bf-42f5-a531-d0fca2b76d6c	14	43308180	44098338	439	0.1157
5860ba50-e2bf-42f5-a531-d0fca2b76d6c	14	44102617	60589222	10483	0.0071
5860ba50-e2bf-42f5-a531-d0fca2b76d6c	14	60591424	60592418	2	-2.7753
5860ba50-e2bf-42f5-a531-d0fca2b76d6c	14	60599500	69731066	5663	0.0127
5860ba50-e2bf-42f5-a531-d0fca2b76d6c	14	69733746	69735425	4	-1.0165
5860ba50-e2bf-42f5-a531-d0fca2b76d6c	14	69739700	69997659	179	0.0107
5860ba50-e2bf-42f5-a531-d0fca2b76d6c	14	69997986	69998049	2	-1.6042
5860ba50-e2bf-42f5-a531-d0fca2b76d6c	14	69998985	73540003	2344	0.0007
5860ba50-e2bf-42f5-a531-d0fca2b76d6c	14	73540147	73550834	6	-1.8313
5860ba50-e2bf-42f5-a531-d0fca2b76d6c	14	73554275	73610275	27	0.5727
5860ba50-e2bf-42f5-a531-d0fca2b76d6c	14	73613841	105541843	20601	0.0043
5860ba50-e2bf-42f5-a531-d0fca2b76d6c	14	105542308	105728964	24	-0.4714
5860ba50-e2bf-42f5-a531-d0fca2b76d6c	14	105730778	105813116	36	0.0404
5860ba50-e2bf-42f5-a531-d0fca2b76d6c	14	105815633	105816205	4	-0.9772
5860ba50-e2bf-42f5-a531-d0fca2b76d6c	14	105824008	106345838	172	0.0291
5860ba50-e2bf-42f5-a531-d0fca2b76d6c	14	106346115	106369985	7	-0.6792
5860ba50-e2bf-42f5-a531-d0fca2b76d6c	14	106370181	106444635	41	0.0968
5860ba50-e2bf-42f5-a531-d0fca2b76d6c	14	106444645	106444855	4	0.8741
5860ba50-e2bf-42f5-a531-d0fca2b76d6c	14	106445337	106877229	224	0.0097
5860ba50-e2bf-42f5-a531-d0fca2b76d6c	15	19811075	20187568	55	-0.1032
5860ba50-e2bf-42f5-a531-d0fca2b76d6c	15	20190276	22299523	151	0.7319
5860ba50-e2bf-42f5-a531-d0fca2b76d6c	15	22385639	69037475	29445	0.0064
5860ba50-e2bf-42f5-a531-d0fca2b76d6c	15	69038945	69039020	2	2.6529
5860ba50-e2bf-42f5-a531-d0fca2b76d6c	15	69045335	76599170	4246	0.0114
5860ba50-e2bf-42f5-a531-d0fca2b76d6c	15	76599286	76603433	19	0.7929
5860ba50-e2bf-42f5-a531-d0fca2b76d6c	15	76603434	101928837	17606	0.0008
5860ba50-e2bf-42f5-a531-d0fca2b76d6c	16	10777	16246583	11739	-0.0053
5860ba50-e2bf-42f5-a531-d0fca2b76d6c	16	16259309	16534205	14	-0.3178
5860ba50-e2bf-42f5-a531-d0fca2b76d6c	16	16539504	16614737	18	-0.9151
5860ba50-e2bf-42f5-a531-d0fca2b76d6c	16	16620150	18335528	992	-0.0074
5860ba50-e2bf-42f5-a531-d0fca2b76d6c	16	18540265	18665971	11	-0.6291
5860ba50-e2bf-42f5-a531-d0fca2b76d6c	16	18666789	55762598	14135	-0.0006
5860ba50-e2bf-42f5-a531-d0fca2b76d6c	16	55762663	55808442	21	-0.5673
5860ba50-e2bf-42f5-a531-d0fca2b76d6c	16	55808470	69943532	8718	0.0152
5860ba50-e2bf-42f5-a531-d0fca2b76d6c	16	69954483	70006481	5	-0.8161
5860ba50-e2bf-42f5-a531-d0fca2b76d6c	16	70015893	70105639	29	-0.0129
5860ba50-e2bf-42f5-a531-d0fca2b76d6c	16	70117657	70163864	12	-0.7183
5860ba50-e2bf-42f5-a531-d0fca2b76d6c	16	70164427	74363160	2301	0.0074
5860ba50-e2bf-42f5-a531-d0fca2b76d6c	16	74364089	74422703	8	-0.9511
5860ba50-e2bf-42f5-a531-d0fca2b76d6c	16	74431498	78337711	3206	0.0059
5860ba50-e2bf-42f5-a531-d0fca2b76d6c	16	78338543	78347366	14	0.8596
5860ba50-e2bf-42f5-a531-d0fca2b76d6c	16	78349243	88564259	9946	-0.0026
5860ba50-e2bf-42f5-a531-d0fca2b76d6c	16	88571375	89206933	211	-0.1922
5860ba50-e2bf-42f5-a531-d0fca2b76d6c	16	89206958	90096867	451	-0.0581
5860ba50-e2bf-42f5-a531-d0fca2b76d6c	17	150733	15695893	10018	-0.0037
5860ba50-e2bf-42f5-a531-d0fca2b76d6c	17	15703965	15773687	15	-0.7726
5860ba50-e2bf-42f5-a531-d0fca2b76d6c	17	15774603	16750987	432	-0.0085
5860ba50-e2bf-42f5-a531-d0fca2b76d6c	17	16754017	16815664	8	-1.0896
5860ba50-e2bf-42f5-a531-d0fca2b76d6c	17	16815729	18452078	909	0.0076
5860ba50-e2bf-42f5-a531-d0fca2b76d6c	17	18455632	18540308	21	1.1121
5860ba50-e2bf-42f5-a531-d0fca2b76d6c	17	18540363	41266805	9394	0.0026
5860ba50-e2bf-42f5-a531-d0fca2b76d6c	17	41266825	41274198	20	-0.6207
5860ba50-e2bf-42f5-a531-d0fca2b76d6c	17	41274279	44610593	1747	0.0029
5860ba50-e2bf-42f5-a531-d0fca2b76d6c	17	44611102	44616498	4	-0.888
5860ba50-e2bf-42f5-a531-d0fca2b76d6c	17	44616999	45385724	368	0.0263
5860ba50-e2bf-42f5-a531-d0fca2b76d6c	17	45387631	46157160	431	-0.0914
5860ba50-e2bf-42f5-a531-d0fca2b76d6c	17	46159058	46286804	72	-0.3967
5860ba50-e2bf-42f5-a531-d0fca2b76d6c	17	46323701	49859954	1626	0.0188
5860ba50-e2bf-42f5-a531-d0fca2b76d6c	17	49861110	49864510	3	-1.7916
5860ba50-e2bf-42f5-a531-d0fca2b76d6c	17	49865012	52785591	1889	-0.0015
5860ba50-e2bf-42f5-a531-d0fca2b76d6c	17	52788727	53253994	300	0.1135
5860ba50-e2bf-42f5-a531-d0fca2b76d6c	17	53254772	73627703	12800	0.0083
5860ba50-e2bf-42f5-a531-d0fca2b76d6c	17	73629337	83091923	4937	-0.0219
5860ba50-e2bf-42f5-a531-d0fca2b76d6c	18	48133	40678640	22762	0.0102
5860ba50-e2bf-42f5-a531-d0fca2b76d6c	18	40678652	40685399	20	0.4805
5860ba50-e2bf-42f5-a531-d0fca2b76d6c	18	40685413	58724079	12238	0.0085
5860ba50-e2bf-42f5-a531-d0fca2b76d6c	18	58726561	58728776	2	-2.4909
5860ba50-e2bf-42f5-a531-d0fca2b76d6c	18	58739856	76092134	12875	0.016
5860ba50-e2bf-42f5-a531-d0fca2b76d6c	18	76094097	76094782	2	-3.0271
5860ba50-e2bf-42f5-a531-d0fca2b76d6c	18	76094970	80257174	2805	-0.0114
5860ba50-e2bf-42f5-a531-d0fca2b76d6c	19	90910	35364451	16689	0.0057
5860ba50-e2bf-42f5-a531-d0fca2b76d6c	19	35364547	35370946	20	-0.6484
5860ba50-e2bf-42f5-a531-d0fca2b76d6c	19	35375842	38783419	1696	0.0075
5860ba50-e2bf-42f5-a531-d0fca2b76d6c	19	38783588	38783746	2	2.5296
5860ba50-e2bf-42f5-a531-d0fca2b76d6c	19	38783835	43190009	2162	0.0085
5860ba50-e2bf-42f5-a531-d0fca2b76d6c	19	43190778	43252085	24	-0.693
5860ba50-e2bf-42f5-a531-d0fca2b76d6c	19	43262507	51639099	4145	0.0072
5860ba50-e2bf-42f5-a531-d0fca2b76d6c	19	51639362	51644944	10	-2.3394
5860ba50-e2bf-42f5-a531-d0fca2b76d6c	19	51651652	58586487	4335	0.002
5860ba50-e2bf-42f5-a531-d0fca2b76d6c	20	80664	1601446	1237	-0.0207
5860ba50-e2bf-42f5-a531-d0fca2b76d6c	20	1601561	1613247	6	-1.009
5860ba50-e2bf-42f5-a531-d0fca2b76d6c	20	1617300	64324800	41114	0.0031
5860ba50-e2bf-42f5-a531-d0fca2b76d6c	21	10354168	10512698	22	-0.0603
5860ba50-e2bf-42f5-a531-d0fca2b76d6c	21	10524022	10775586	65	0.2842
5860ba50-e2bf-42f5-a531-d0fca2b76d6c	21	12973348	13883107	206	-0.0375
5860ba50-e2bf-42f5-a531-d0fca2b76d6c	21	13883478	22283580	6000	0.0192
5860ba50-e2bf-42f5-a531-d0fca2b76d6c	21	22285238	22292338	8	-0.694
5860ba50-e2bf-42f5-a531-d0fca2b76d6c	21	22294679	41496754	14615	0.0101
5860ba50-e2bf-42f5-a531-d0fca2b76d6c	21	41496872	46677045	2932	-0.0292
5860ba50-e2bf-42f5-a531-d0fca2b76d6c	22	15294547	18620743	1132	-0.0005
5860ba50-e2bf-42f5-a531-d0fca2b76d6c	22	18649244	18760941	3	1.3951
5860ba50-e2bf-42f5-a531-d0fca2b76d6c	22	18783014	25263162	4073	-0.0505
5860ba50-e2bf-42f5-a531-d0fca2b76d6c	22	25265409	25522742	283	-0.9061
5860ba50-e2bf-42f5-a531-d0fca2b76d6c	22	25526375	38955461	9725	0.0017
5860ba50-e2bf-42f5-a531-d0fca2b76d6c	22	38967614	38979302	24	-2.5236
5860ba50-e2bf-42f5-a531-d0fca2b76d6c	22	38993700	48968037	6847	-0.0036
5860ba50-e2bf-42f5-a531-d0fca2b76d6c	22	48968433	50796027	1160	-0.1075
5860ba50-e2bf-42f5-a531-d0fca2b76d6c	X	251810	3665555	752	-0.022
5860ba50-e2bf-42f5-a531-d0fca2b76d6c	X	3668575	3723360	28	-0.4071
5860ba50-e2bf-42f5-a531-d0fca2b76d6c	X	3725288	16850653	9529	0.0107
5860ba50-e2bf-42f5-a531-d0fca2b76d6c	X	16858229	16888194	21	0.5819
5860ba50-e2bf-42f5-a531-d0fca2b76d6c	X	16890933	140411160	63786	0.0102
5860ba50-e2bf-42f5-a531-d0fca2b76d6c	X	140414245	140422569	6	-0.9972
5860ba50-e2bf-42f5-a531-d0fca2b76d6c	X	140423112	155952689	9472	-0.0027
5860ba50-e2bf-42f5-a531-d0fca2b76d6c	Y	2782397	56872112	6639	-0.9923
