GDC_Aliquot	Chromosome	Start	End	Num_Probes	Segment_Mean
5ae97b02-7893-4ef8-83aa-585b87983f37	1	62920	1715891	214	0.1909
5ae97b02-7893-4ef8-83aa-585b87983f37	1	1716055	1958847	112	0.6207
5ae97b02-7893-4ef8-83aa-585b87983f37	1	1959113	2615252	181	0.18
5ae97b02-7893-4ef8-83aa-585b87983f37	1	2617141	5250520	1703	0.0275
5ae97b02-7893-4ef8-83aa-585b87983f37	1	5250549	10039847	2806	-0.0288
5ae97b02-7893-4ef8-83aa-585b87983f37	1	10041640	10202487	79	0.0701
5ae97b02-7893-4ef8-83aa-585b87983f37	1	10203089	10680569	298	0.1572
5ae97b02-7893-4ef8-83aa-585b87983f37	1	10680584	10923173	103	0.3097
5ae97b02-7893-4ef8-83aa-585b87983f37	1	10924349	12716131	939	0.1585
5ae97b02-7893-4ef8-83aa-585b87983f37	1	12720249	12720256	2	-1.1632
5ae97b02-7893-4ef8-83aa-585b87983f37	1	12721914	14597224	1024	0.1798
5ae97b02-7893-4ef8-83aa-585b87983f37	1	14600927	14607724	6	0.5045
5ae97b02-7893-4ef8-83aa-585b87983f37	1	14607792	14673756	46	0.2265
5ae97b02-7893-4ef8-83aa-585b87983f37	1	14675235	14729600	44	0.4266
5ae97b02-7893-4ef8-83aa-585b87983f37	1	14729796	14733135	3	-0.4462
5ae97b02-7893-4ef8-83aa-585b87983f37	1	14734707	14978106	203	0.3499
5ae97b02-7893-4ef8-83aa-585b87983f37	1	14978272	15823420	571	0.148
5ae97b02-7893-4ef8-83aa-585b87983f37	1	15827002	15827706	7	-0.8918
5ae97b02-7893-4ef8-83aa-585b87983f37	1	15827744	16855942	356	0.1366
5ae97b02-7893-4ef8-83aa-585b87983f37	1	16863509	16958425	60	-0.4272
5ae97b02-7893-4ef8-83aa-585b87983f37	1	16959715	17273447	240	0.1423
5ae97b02-7893-4ef8-83aa-585b87983f37	1	17273822	18691169	1047	-0.0362
5ae97b02-7893-4ef8-83aa-585b87983f37	1	18691361	18697352	9	0.2332
5ae97b02-7893-4ef8-83aa-585b87983f37	1	18697624	21378982	1689	-0.2715
5ae97b02-7893-4ef8-83aa-585b87983f37	1	21380362	23463205	1281	-0.047
5ae97b02-7893-4ef8-83aa-585b87983f37	1	23464928	23833883	162	0.1834
5ae97b02-7893-4ef8-83aa-585b87983f37	1	23849425	24096887	75	0.3798
5ae97b02-7893-4ef8-83aa-585b87983f37	1	24098726	24887633	482	-0.1013
5ae97b02-7893-4ef8-83aa-585b87983f37	1	24889259	25889590	526	0.1075
5ae97b02-7893-4ef8-83aa-585b87983f37	1	25896616	26241639	181	-0.071
5ae97b02-7893-4ef8-83aa-585b87983f37	1	26241674	26385113	76	0.1183
5ae97b02-7893-4ef8-83aa-585b87983f37	1	26388741	26455812	38	-0.1342
5ae97b02-7893-4ef8-83aa-585b87983f37	1	26456189	26715526	96	0.0528
5ae97b02-7893-4ef8-83aa-585b87983f37	1	26717639	27005678	91	-0.1245
5ae97b02-7893-4ef8-83aa-585b87983f37	1	27014061	27181721	66	0.0968
5ae97b02-7893-4ef8-83aa-585b87983f37	1	27182496	27683598	192	-0.0848
5ae97b02-7893-4ef8-83aa-585b87983f37	1	27684574	28798607	455	-0.297
5ae97b02-7893-4ef8-83aa-585b87983f37	1	28804930	30943162	1482	-0.0456
5ae97b02-7893-4ef8-83aa-585b87983f37	1	30945463	32419839	659	0.1229
5ae97b02-7893-4ef8-83aa-585b87983f37	1	32420198	34144137	1009	0.0002
5ae97b02-7893-4ef8-83aa-585b87983f37	1	34144621	34441547	245	0.3087
5ae97b02-7893-4ef8-83aa-585b87983f37	1	34445157	36621489	1070	0.1756
5ae97b02-7893-4ef8-83aa-585b87983f37	1	36621703	37418515	559	0.0167
5ae97b02-7893-4ef8-83aa-585b87983f37	1	37418690	37884591	229	-0.1046
5ae97b02-7893-4ef8-83aa-585b87983f37	1	37887121	37944918	18	0.1201
5ae97b02-7893-4ef8-83aa-585b87983f37	1	37949643	45544146	4362	0.3227
5ae97b02-7893-4ef8-83aa-585b87983f37	1	45544214	45578370	14	0.0424
5ae97b02-7893-4ef8-83aa-585b87983f37	1	45591642	46643656	512	-0.2277
5ae97b02-7893-4ef8-83aa-585b87983f37	1	46644513	49927823	1941	0
5ae97b02-7893-4ef8-83aa-585b87983f37	1	49929035	50723503	406	0.3346
5ae97b02-7893-4ef8-83aa-585b87983f37	1	50724201	55946548	3122	-0.0406
5ae97b02-7893-4ef8-83aa-585b87983f37	1	55947735	56248613	198	0.1753
5ae97b02-7893-4ef8-83aa-585b87983f37	1	56250639	57469091	1058	-0.0127
5ae97b02-7893-4ef8-83aa-585b87983f37	1	57470521	68026312	7821	0.3289
5ae97b02-7893-4ef8-83aa-585b87983f37	1	68026679	69955735	1162	0.4448
5ae97b02-7893-4ef8-83aa-585b87983f37	1	69958759	72296993	1423	0.1564
5ae97b02-7893-4ef8-83aa-585b87983f37	1	72297687	72345465	49	-0.955
5ae97b02-7893-4ef8-83aa-585b87983f37	1	72346221	72549991	124	0.1333
5ae97b02-7893-4ef8-83aa-585b87983f37	1	72550689	72552840	2	0.9467
5ae97b02-7893-4ef8-83aa-585b87983f37	1	72556765	73006510	296	0.1447
5ae97b02-7893-4ef8-83aa-585b87983f37	1	73010766	79304374	3935	-0.0749
5ae97b02-7893-4ef8-83aa-585b87983f37	1	79305647	87139489	5199	-0.3062
5ae97b02-7893-4ef8-83aa-585b87983f37	1	87140290	87439125	272	-0.0407
5ae97b02-7893-4ef8-83aa-585b87983f37	1	87441449	99677902	7755	-0.3112
5ae97b02-7893-4ef8-83aa-585b87983f37	1	99678047	103616725	2427	-0.0249
5ae97b02-7893-4ef8-83aa-585b87983f37	1	103616762	103620877	2	-1.5202
5ae97b02-7893-4ef8-83aa-585b87983f37	1	103621165	104651212	478	-0.0274
5ae97b02-7893-4ef8-83aa-585b87983f37	1	104652316	107373547	1733	-0.264
5ae97b02-7893-4ef8-83aa-585b87983f37	1	107376744	107618344	232	0.003
5ae97b02-7893-4ef8-83aa-585b87983f37	1	107618975	112147704	3094	-0.2284
5ae97b02-7893-4ef8-83aa-585b87983f37	1	112153343	112163496	30	0.2361
5ae97b02-7893-4ef8-83aa-585b87983f37	1	112163506	119393438	4545	-0.1905
5ae97b02-7893-4ef8-83aa-585b87983f37	1	119399509	121598439	600	0.0138
5ae97b02-7893-4ef8-83aa-585b87983f37	1	121601998	143748012	100	-0.4062
5ae97b02-7893-4ef8-83aa-585b87983f37	1	143748074	143760271	20	0.5724
5ae97b02-7893-4ef8-83aa-585b87983f37	1	143762042	143928045	9	-0.3793
5ae97b02-7893-4ef8-83aa-585b87983f37	1	143942271	148334553	835	0.3293
5ae97b02-7893-4ef8-83aa-585b87983f37	1	148334720	151817072	1004	0.239
5ae97b02-7893-4ef8-83aa-585b87983f37	1	151818476	152789447	676	0.3038
5ae97b02-7893-4ef8-83aa-585b87983f37	1	152789463	152795388	26	0.724
5ae97b02-7893-4ef8-83aa-585b87983f37	1	152795408	167401323	9848	0.2931
5ae97b02-7893-4ef8-83aa-585b87983f37	1	167401914	167710240	260	0.442
5ae97b02-7893-4ef8-83aa-585b87983f37	1	167710388	169247699	1177	0.3011
5ae97b02-7893-4ef8-83aa-585b87983f37	1	169264736	169272528	6	-1.8018
5ae97b02-7893-4ef8-83aa-585b87983f37	1	169273163	173041634	2576	0.2978
5ae97b02-7893-4ef8-83aa-585b87983f37	1	173043664	175031221	1062	0.2489
5ae97b02-7893-4ef8-83aa-585b87983f37	1	175033554	187746723	8561	0.3064
5ae97b02-7893-4ef8-83aa-585b87983f37	1	187748429	187752238	2	-1.4387
5ae97b02-7893-4ef8-83aa-585b87983f37	1	187755479	189679027	1229	0.324
5ae97b02-7893-4ef8-83aa-585b87983f37	1	189679353	189679397	2	-1.4052
5ae97b02-7893-4ef8-83aa-585b87983f37	1	189682917	196762480	4736	0.2922
5ae97b02-7893-4ef8-83aa-585b87983f37	1	196762956	196874718	83	0.4993
5ae97b02-7893-4ef8-83aa-585b87983f37	1	196874919	208274106	7384	0.2868
5ae97b02-7893-4ef8-83aa-585b87983f37	1	208274179	210563493	1860	0.336
5ae97b02-7893-4ef8-83aa-585b87983f37	1	210563617	219596876	6311	0.2861
5ae97b02-7893-4ef8-83aa-585b87983f37	1	219599243	239330531	13622	0.257
5ae97b02-7893-4ef8-83aa-585b87983f37	1	239336887	239585914	166	0.0724
5ae97b02-7893-4ef8-83aa-585b87983f37	1	239587020	248930189	6413	0.2537
5ae97b02-7893-4ef8-83aa-585b87983f37	2	12784	24818	7	-0.4015
5ae97b02-7893-4ef8-83aa-585b87983f37	2	29443	25641736	18553	-0.0936
5ae97b02-7893-4ef8-83aa-585b87983f37	2	25645952	31797538	3750	-0.2584
5ae97b02-7893-4ef8-83aa-585b87983f37	2	31801816	33093588	666	0.3407
5ae97b02-7893-4ef8-83aa-585b87983f37	2	33095890	35750907	1991	-0.0017
5ae97b02-7893-4ef8-83aa-585b87983f37	2	35752724	35761650	4	-1.5798
5ae97b02-7893-4ef8-83aa-585b87983f37	2	35761842	35823739	56	-0.2774
5ae97b02-7893-4ef8-83aa-585b87983f37	2	35826561	36731686	827	-0.0003
5ae97b02-7893-4ef8-83aa-585b87983f37	2	36731816	36732550	2	-1.9487
5ae97b02-7893-4ef8-83aa-585b87983f37	2	36732717	42308439	4129	-0.024
5ae97b02-7893-4ef8-83aa-585b87983f37	2	42308961	43495051	739	-0.0914
5ae97b02-7893-4ef8-83aa-585b87983f37	2	43497957	55166394	8453	-0.0221
5ae97b02-7893-4ef8-83aa-585b87983f37	2	55168671	65008335	5933	0.1608
5ae97b02-7893-4ef8-83aa-585b87983f37	2	65009486	66035339	738	-0.0122
5ae97b02-7893-4ef8-83aa-585b87983f37	2	66039614	66106364	57	-0.2339
5ae97b02-7893-4ef8-83aa-585b87983f37	2	66106452	66252596	127	-0.0408
5ae97b02-7893-4ef8-83aa-585b87983f37	2	66253385	67510334	863	-0.2179
5ae97b02-7893-4ef8-83aa-585b87983f37	2	67512014	68057048	453	-0.5267
5ae97b02-7893-4ef8-83aa-585b87983f37	2	68057867	69451433	948	-0.2643
5ae97b02-7893-4ef8-83aa-585b87983f37	2	69459154	70553230	696	-0.5519
5ae97b02-7893-4ef8-83aa-585b87983f37	2	70557257	76914401	3869	-0.0308
5ae97b02-7893-4ef8-83aa-585b87983f37	2	76914633	78917073	1269	0.1736
5ae97b02-7893-4ef8-83aa-585b87983f37	2	78918565	80607824	1405	-0.249
5ae97b02-7893-4ef8-83aa-585b87983f37	2	80608041	80629340	10	0.0113
5ae97b02-7893-4ef8-83aa-585b87983f37	2	80631601	83042032	1351	0.3178
5ae97b02-7893-4ef8-83aa-585b87983f37	2	83049082	83428621	209	-0.255
5ae97b02-7893-4ef8-83aa-585b87983f37	2	83429376	86614989	1870	0.0754
5ae97b02-7893-4ef8-83aa-585b87983f37	2	86616635	86616890	3	-1.0556
5ae97b02-7893-4ef8-83aa-585b87983f37	2	86619366	86710564	46	0.0127
5ae97b02-7893-4ef8-83aa-585b87983f37	2	86725947	86726731	2	-1.5353
5ae97b02-7893-4ef8-83aa-585b87983f37	2	86743283	87228594	112	0.0606
5ae97b02-7893-4ef8-83aa-585b87983f37	2	87229739	87321424	27	-0.3991
5ae97b02-7893-4ef8-83aa-585b87983f37	2	87321927	89169780	683	0.0382
5ae97b02-7893-4ef8-83aa-585b87983f37	2	89170066	90199051	142	0.2683
5ae97b02-7893-4ef8-83aa-585b87983f37	2	90201608	94807917	132	0.0521
5ae97b02-7893-4ef8-83aa-585b87983f37	2	94813461	97188422	805	-0.0147
5ae97b02-7893-4ef8-83aa-585b87983f37	2	97192190	97211436	15	-0.5576
5ae97b02-7893-4ef8-83aa-585b87983f37	2	97310327	97359885	13	0.1416
5ae97b02-7893-4ef8-83aa-585b87983f37	2	97524284	97545726	9	0.8283
5ae97b02-7893-4ef8-83aa-585b87983f37	2	97550415	103653521	3712	-0.0164
5ae97b02-7893-4ef8-83aa-585b87983f37	2	103654088	106833877	2169	-0.2594
5ae97b02-7893-4ef8-83aa-585b87983f37	2	106833934	117438989	5803	-0.0331
5ae97b02-7893-4ef8-83aa-585b87983f37	2	117439391	125321157	5101	-0.2518
5ae97b02-7893-4ef8-83aa-585b87983f37	2	125321174	127094445	1131	-0.0211
5ae97b02-7893-4ef8-83aa-585b87983f37	2	127099470	127100370	3	-1.3626
5ae97b02-7893-4ef8-83aa-585b87983f37	2	127101070	128607306	828	-0.0372
5ae97b02-7893-4ef8-83aa-585b87983f37	2	128613365	128881337	201	-0.2876
5ae97b02-7893-4ef8-83aa-585b87983f37	2	128881387	128882741	10	-1.197
5ae97b02-7893-4ef8-83aa-585b87983f37	2	128882755	131389101	1256	-0.2402
5ae97b02-7893-4ef8-83aa-585b87983f37	2	131398300	131629866	124	1.0528
5ae97b02-7893-4ef8-83aa-585b87983f37	2	131631631	133154805	872	0.7279
5ae97b02-7893-4ef8-83aa-585b87983f37	2	133157329	133517522	236	0.9429
5ae97b02-7893-4ef8-83aa-585b87983f37	2	133523949	133708258	136	0.7902
5ae97b02-7893-4ef8-83aa-585b87983f37	2	133715789	134618146	727	-0.2735
5ae97b02-7893-4ef8-83aa-585b87983f37	2	134618603	138678866	2433	-0.026
5ae97b02-7893-4ef8-83aa-585b87983f37	2	138682844	138836460	106	0.4829
5ae97b02-7893-4ef8-83aa-585b87983f37	2	138837928	146104517	4517	-0.2617
5ae97b02-7893-4ef8-83aa-585b87983f37	2	146106836	146109366	24	-1.3355
5ae97b02-7893-4ef8-83aa-585b87983f37	2	146120238	152405017	3843	-0.2519
5ae97b02-7893-4ef8-83aa-585b87983f37	2	152410283	153481997	687	0.3245
5ae97b02-7893-4ef8-83aa-585b87983f37	2	153484318	155197781	1004	-0.2746
5ae97b02-7893-4ef8-83aa-585b87983f37	2	155201071	159001295	2175	-0.024
5ae97b02-7893-4ef8-83aa-585b87983f37	2	159001761	166819047	4628	-0.2537
5ae97b02-7893-4ef8-83aa-585b87983f37	2	166823974	170710458	2596	0.157
5ae97b02-7893-4ef8-83aa-585b87983f37	2	170711127	170758917	29	0.4916
5ae97b02-7893-4ef8-83aa-585b87983f37	2	170759511	172237032	781	0.6723
5ae97b02-7893-4ef8-83aa-585b87983f37	2	172240069	173473984	930	0.575
5ae97b02-7893-4ef8-83aa-585b87983f37	2	173475730	174067024	429	0.7858
5ae97b02-7893-4ef8-83aa-585b87983f37	2	174067086	174126815	38	1.0083
5ae97b02-7893-4ef8-83aa-585b87983f37	2	174131659	174225537	62	0.7156
5ae97b02-7893-4ef8-83aa-585b87983f37	2	174227308	175446427	662	2.0689
5ae97b02-7893-4ef8-83aa-585b87983f37	2	175452871	176828661	927	1.5632
5ae97b02-7893-4ef8-83aa-585b87983f37	2	176828869	177405667	393	1.2665
5ae97b02-7893-4ef8-83aa-585b87983f37	2	177417231	183014194	3528	0.147
5ae97b02-7893-4ef8-83aa-585b87983f37	2	183016841	183415703	230	0.4575
5ae97b02-7893-4ef8-83aa-585b87983f37	2	183415784	183937315	328	0.1592
5ae97b02-7893-4ef8-83aa-585b87983f37	2	183937331	185452027	944	0.307
5ae97b02-7893-4ef8-83aa-585b87983f37	2	185453772	185800705	151	0.4968
5ae97b02-7893-4ef8-83aa-585b87983f37	2	185801097	188130412	1258	0.3131
5ae97b02-7893-4ef8-83aa-585b87983f37	2	188134130	188629654	224	0.6158
5ae97b02-7893-4ef8-83aa-585b87983f37	2	188631144	189867241	764	1.0045
5ae97b02-7893-4ef8-83aa-585b87983f37	2	189867884	190198902	190	0.7688
5ae97b02-7893-4ef8-83aa-585b87983f37	2	190199391	191145485	550	0.4335
5ae97b02-7893-4ef8-83aa-585b87983f37	2	191145762	192279748	755	0.8246
5ae97b02-7893-4ef8-83aa-585b87983f37	2	192280002	192360621	57	1.0441
5ae97b02-7893-4ef8-83aa-585b87983f37	2	192361044	192477543	65	0.8289
5ae97b02-7893-4ef8-83aa-585b87983f37	2	192480649	193138056	311	1.0593
5ae97b02-7893-4ef8-83aa-585b87983f37	2	193139754	193659742	235	0.8926
5ae97b02-7893-4ef8-83aa-585b87983f37	2	193660051	194240758	279	1.0451
5ae97b02-7893-4ef8-83aa-585b87983f37	2	194250391	194896460	355	0.7723
5ae97b02-7893-4ef8-83aa-585b87983f37	2	194904235	195145040	171	1.5079
5ae97b02-7893-4ef8-83aa-585b87983f37	2	195146254	195275434	71	-0.3301
5ae97b02-7893-4ef8-83aa-585b87983f37	2	195277780	195740850	265	0.1583
5ae97b02-7893-4ef8-83aa-585b87983f37	2	195744519	196483126	488	-0.2844
5ae97b02-7893-4ef8-83aa-585b87983f37	2	196494314	196982452	221	0.1163
5ae97b02-7893-4ef8-83aa-585b87983f37	2	196983452	197218536	177	-0.2786
5ae97b02-7893-4ef8-83aa-585b87983f37	2	197226774	197228622	3	-1.6993
5ae97b02-7893-4ef8-83aa-585b87983f37	2	197229176	202380954	2936	-0.2717
5ae97b02-7893-4ef8-83aa-585b87983f37	2	202381534	202718531	174	0.4389
5ae97b02-7893-4ef8-83aa-585b87983f37	2	202722385	203250242	230	0.8662
5ae97b02-7893-4ef8-83aa-585b87983f37	2	203250499	203256166	3	1.7009
5ae97b02-7893-4ef8-83aa-585b87983f37	2	203268632	203312870	22	0.7694
5ae97b02-7893-4ef8-83aa-585b87983f37	2	203317593	203324435	3	-1.853
5ae97b02-7893-4ef8-83aa-585b87983f37	2	203330940	204266626	566	0.917
5ae97b02-7893-4ef8-83aa-585b87983f37	2	204267903	208151127	2579	-0.2793
5ae97b02-7893-4ef8-83aa-585b87983f37	2	208154306	228151922	13042	-0.2495
5ae97b02-7893-4ef8-83aa-585b87983f37	2	228152201	242147305	8632	-0.28
5ae97b02-7893-4ef8-83aa-585b87983f37	3	20930	3009268	2616	0.1646
5ae97b02-7893-4ef8-83aa-585b87983f37	3	3010718	3013563	7	-1.3908
5ae97b02-7893-4ef8-83aa-585b87983f37	3	3014299	4286151	1216	0.1641
5ae97b02-7893-4ef8-83aa-585b87983f37	3	4287971	4449953	148	-0.06
5ae97b02-7893-4ef8-83aa-585b87983f37	3	4452971	12512434	6327	0.1679
5ae97b02-7893-4ef8-83aa-585b87983f37	3	12512585	15648518	2189	0.1123
5ae97b02-7893-4ef8-83aa-585b87983f37	3	15649516	16197556	381	0.1523
5ae97b02-7893-4ef8-83aa-585b87983f37	3	16199049	16199672	6	-0.842
5ae97b02-7893-4ef8-83aa-585b87983f37	3	16199818	27823047	7913	0.1589
5ae97b02-7893-4ef8-83aa-585b87983f37	3	27832488	27893231	37	-0.5524
5ae97b02-7893-4ef8-83aa-585b87983f37	3	27896053	28906099	708	0.1368
5ae97b02-7893-4ef8-83aa-585b87983f37	3	28908320	29032919	87	-0.564
5ae97b02-7893-4ef8-83aa-585b87983f37	3	29035338	29423677	312	0.1664
5ae97b02-7893-4ef8-83aa-585b87983f37	3	29425735	48082050	11772	-0.0502
5ae97b02-7893-4ef8-83aa-585b87983f37	3	48082215	52998022	1983	-0.2857
5ae97b02-7893-4ef8-83aa-585b87983f37	3	52999132	53005263	27	-1.0689
5ae97b02-7893-4ef8-83aa-585b87983f37	3	53005439	55544630	1910	-0.2678
5ae97b02-7893-4ef8-83aa-585b87983f37	3	55545993	55859067	270	-0.5375
5ae97b02-7893-4ef8-83aa-585b87983f37	3	55859395	55859907	5	0.233
5ae97b02-7893-4ef8-83aa-585b87983f37	3	55860282	56295282	299	-0.5575
5ae97b02-7893-4ef8-83aa-585b87983f37	3	56306183	68697013	9529	-0.2538
5ae97b02-7893-4ef8-83aa-585b87983f37	3	68697108	68698262	14	0.4942
5ae97b02-7893-4ef8-83aa-585b87983f37	3	68699607	74432472	4332	-0.2611
5ae97b02-7893-4ef8-83aa-585b87983f37	3	74432753	74973997	324	-0.8423
5ae97b02-7893-4ef8-83aa-585b87983f37	3	74976415	75805867	324	0.4928
5ae97b02-7893-4ef8-83aa-585b87983f37	3	75812545	76165156	199	0.9549
5ae97b02-7893-4ef8-83aa-585b87983f37	3	76166494	76385913	86	1.1686
5ae97b02-7893-4ef8-83aa-585b87983f37	3	76398516	82691543	3675	-0.8831
5ae97b02-7893-4ef8-83aa-585b87983f37	3	82699028	83857190	554	0.7988
5ae97b02-7893-4ef8-83aa-585b87983f37	3	83857317	84570069	341	0.6025
5ae97b02-7893-4ef8-83aa-585b87983f37	3	84571050	84645221	49	-0.9205
5ae97b02-7893-4ef8-83aa-585b87983f37	3	84649532	84675753	32	-0.4407
5ae97b02-7893-4ef8-83aa-585b87983f37	3	84676822	84729928	45	0.6058
5ae97b02-7893-4ef8-83aa-585b87983f37	3	84733885	91462299	3071	-0.2564
5ae97b02-7893-4ef8-83aa-585b87983f37	3	93800634	127054314	19902	-0.0464
5ae97b02-7893-4ef8-83aa-585b87983f37	3	127056883	127450277	284	-0.2743
5ae97b02-7893-4ef8-83aa-585b87983f37	3	127452666	136157707	5388	-0.052
5ae97b02-7893-4ef8-83aa-585b87983f37	3	136158601	136429578	99	-0.2531
5ae97b02-7893-4ef8-83aa-585b87983f37	3	136430280	162796839	16187	-0.0496
5ae97b02-7893-4ef8-83aa-585b87983f37	3	162798471	162822702	16	0.67
5ae97b02-7893-4ef8-83aa-585b87983f37	3	162827928	198169247	21914	-0.0457
5ae97b02-7893-4ef8-83aa-585b87983f37	4	68929	5164024	2428	-0.0441
5ae97b02-7893-4ef8-83aa-585b87983f37	4	5164348	5183722	10	-0.7444
5ae97b02-7893-4ef8-83aa-585b87983f37	4	5184198	7684551	2014	-0.031
5ae97b02-7893-4ef8-83aa-585b87983f37	4	7685254	9455251	699	0.171
5ae97b02-7893-4ef8-83aa-585b87983f37	4	9459504	9496201	9	-0.7636
5ae97b02-7893-4ef8-83aa-585b87983f37	4	9496271	10208766	536	0.1598
5ae97b02-7893-4ef8-83aa-585b87983f37	4	10212536	10233542	34	1.0761
5ae97b02-7893-4ef8-83aa-585b87983f37	4	10233558	10389091	172	0.2224
5ae97b02-7893-4ef8-83aa-585b87983f37	4	10390730	10401094	17	-0.3715
5ae97b02-7893-4ef8-83aa-585b87983f37	4	10401122	30993106	14536	0.1643
5ae97b02-7893-4ef8-83aa-585b87983f37	4	30996198	32301089	853	0.3616
5ae97b02-7893-4ef8-83aa-585b87983f37	4	32305815	34249513	1037	0.5067
5ae97b02-7893-4ef8-83aa-585b87983f37	4	34250672	34777432	355	0.3146
5ae97b02-7893-4ef8-83aa-585b87983f37	4	34784878	34823103	38	-1.7558
5ae97b02-7893-4ef8-83aa-585b87983f37	4	34828250	41218960	4247	0.3129
5ae97b02-7893-4ef8-83aa-585b87983f37	4	41220148	41938418	472	0.4763
5ae97b02-7893-4ef8-83aa-585b87983f37	4	41954296	49113964	4238	0.3164
5ae97b02-7893-4ef8-83aa-585b87983f37	4	49141246	68394833	10471	-0.0273
5ae97b02-7893-4ef8-83aa-585b87983f37	4	68395346	68422424	6	0.9393
5ae97b02-7893-4ef8-83aa-585b87983f37	4	68429081	69257792	392	-0.0316
5ae97b02-7893-4ef8-83aa-585b87983f37	4	69261926	69366081	54	-0.4942
5ae97b02-7893-4ef8-83aa-585b87983f37	4	69366304	90390139	13121	-0.0337
5ae97b02-7893-4ef8-83aa-585b87983f37	4	90390922	90690672	145	-0.2745
5ae97b02-7893-4ef8-83aa-585b87983f37	4	90691157	91148753	319	-0.0427
5ae97b02-7893-4ef8-83aa-585b87983f37	4	91152891	91160414	8	-0.8008
5ae97b02-7893-4ef8-83aa-585b87983f37	4	91164559	113592384	13278	-0.0372
5ae97b02-7893-4ef8-83aa-585b87983f37	4	113592669	113612114	2	-1.5042
5ae97b02-7893-4ef8-83aa-585b87983f37	4	113612862	114252544	432	-0.0597
5ae97b02-7893-4ef8-83aa-585b87983f37	4	114254167	114263073	24	-1.0723
5ae97b02-7893-4ef8-83aa-585b87983f37	4	114263096	121360818	4334	-0.0281
5ae97b02-7893-4ef8-83aa-585b87983f37	4	121361313	121363827	27	-2.0315
5ae97b02-7893-4ef8-83aa-585b87983f37	4	121369976	123958468	1405	-0.0465
5ae97b02-7893-4ef8-83aa-585b87983f37	4	123962884	124194447	129	0.1574
5ae97b02-7893-4ef8-83aa-585b87983f37	4	124195946	129141596	2815	-0.039
5ae97b02-7893-4ef8-83aa-585b87983f37	4	129146391	129147005	2	-2.7816
5ae97b02-7893-4ef8-83aa-585b87983f37	4	129151408	132032568	1658	-0.0281
5ae97b02-7893-4ef8-83aa-585b87983f37	4	132036192	137171266	2858	0.1697
5ae97b02-7893-4ef8-83aa-585b87983f37	4	137171362	137172260	12	-0.6103
5ae97b02-7893-4ef8-83aa-585b87983f37	4	137173804	154614331	10600	0.1549
5ae97b02-7893-4ef8-83aa-585b87983f37	4	154614472	160952788	4094	-0.0355
5ae97b02-7893-4ef8-83aa-585b87983f37	4	160952848	160963756	22	0.3535
5ae97b02-7893-4ef8-83aa-585b87983f37	4	160963767	161031285	60	0.0114
5ae97b02-7893-4ef8-83aa-585b87983f37	4	161031431	161082114	40	0.4724
5ae97b02-7893-4ef8-83aa-585b87983f37	4	161085672	171448195	6562	-0.0305
5ae97b02-7893-4ef8-83aa-585b87983f37	4	171453733	171456559	10	1.0115
5ae97b02-7893-4ef8-83aa-585b87983f37	4	171456573	175813451	2502	-0.0271
5ae97b02-7893-4ef8-83aa-585b87983f37	4	175815320	181366309	3941	0.1537
5ae97b02-7893-4ef8-83aa-585b87983f37	4	181366907	181367614	2	-1.6803
5ae97b02-7893-4ef8-83aa-585b87983f37	4	181369443	190036988	6025	0.1619
5ae97b02-7893-4ef8-83aa-585b87983f37	4	190046094	190106768	5	-0.4098
5ae97b02-7893-4ef8-83aa-585b87983f37	5	15532	185045	95	0.3082
5ae97b02-7893-4ef8-83aa-585b87983f37	5	185229	351500	60	0.0725
5ae97b02-7893-4ef8-83aa-585b87983f37	5	351895	800724	180	0.2189
5ae97b02-7893-4ef8-83aa-585b87983f37	5	801456	1077247	103	0.073
5ae97b02-7893-4ef8-83aa-585b87983f37	5	1088325	1107313	6	0.7306
5ae97b02-7893-4ef8-83aa-585b87983f37	5	1108135	1656002	313	0.1394
5ae97b02-7893-4ef8-83aa-585b87983f37	5	1657291	7147935	4943	0.3311
5ae97b02-7893-4ef8-83aa-585b87983f37	5	7148015	9898850	2306	0.1835
5ae97b02-7893-4ef8-83aa-585b87983f37	5	9901840	9924385	32	-0.5775
5ae97b02-7893-4ef8-83aa-585b87983f37	5	9926299	10685978	599	0.1549
5ae97b02-7893-4ef8-83aa-585b87983f37	5	10689524	11977237	1104	0.4733
5ae97b02-7893-4ef8-83aa-585b87983f37	5	11979593	18449552	4192	0.3394
5ae97b02-7893-4ef8-83aa-585b87983f37	5	18450505	18453901	2	-1.1557
5ae97b02-7893-4ef8-83aa-585b87983f37	5	18458441	18734645	167	0.3257
5ae97b02-7893-4ef8-83aa-585b87983f37	5	18735287	19338318	365	0.0049
5ae97b02-7893-4ef8-83aa-585b87983f37	5	19341288	20724611	870	0.346
5ae97b02-7893-4ef8-83aa-585b87983f37	5	20734535	20835072	31	-0.0764
5ae97b02-7893-4ef8-83aa-585b87983f37	5	20835610	21052063	105	0.3419
5ae97b02-7893-4ef8-83aa-585b87983f37	5	21053270	21376735	183	-0.0186
5ae97b02-7893-4ef8-83aa-585b87983f37	5	21377730	21377744	2	1.1984
5ae97b02-7893-4ef8-83aa-585b87983f37	5	21385957	25389483	2299	-0.03
5ae97b02-7893-4ef8-83aa-585b87983f37	5	25390354	25685871	183	0.3497
5ae97b02-7893-4ef8-83aa-585b87983f37	5	25690284	26030468	233	-0.0209
5ae97b02-7893-4ef8-83aa-585b87983f37	5	26032486	27524345	861	0.1551
5ae97b02-7893-4ef8-83aa-585b87983f37	5	27525283	27525913	10	-0.4952
5ae97b02-7893-4ef8-83aa-585b87983f37	5	27527372	33130291	3683	0.1658
5ae97b02-7893-4ef8-83aa-585b87983f37	5	33131322	39242418	4013	0.3338
5ae97b02-7893-4ef8-83aa-585b87983f37	5	39248238	39276049	36	-0.0146
5ae97b02-7893-4ef8-83aa-585b87983f37	5	39283198	39808530	369	0.3201
5ae97b02-7893-4ef8-83aa-585b87983f37	5	39808852	39808901	4	-1.065
5ae97b02-7893-4ef8-83aa-585b87983f37	5	39808925	46246478	3295	0.3127
5ae97b02-7893-4ef8-83aa-585b87983f37	5	46246553	46271006	5	-0.1532
5ae97b02-7893-4ef8-83aa-585b87983f37	5	46271828	46273400	6	-2.0986
5ae97b02-7893-4ef8-83aa-585b87983f37	5	46278110	58034094	5080	-0.0389
5ae97b02-7893-4ef8-83aa-585b87983f37	5	58034306	58037706	21	-0.4744
5ae97b02-7893-4ef8-83aa-585b87983f37	5	58042530	59946897	1480	-0.0367
5ae97b02-7893-4ef8-83aa-585b87983f37	5	59949571	60143443	89	-0.2352
5ae97b02-7893-4ef8-83aa-585b87983f37	5	60151156	68157460	4945	-0.0255
5ae97b02-7893-4ef8-83aa-585b87983f37	5	68157678	68168671	7	-0.947
5ae97b02-7893-4ef8-83aa-585b87983f37	5	68169975	94789681	14550	-0.0354
5ae97b02-7893-4ef8-83aa-585b87983f37	5	94796395	95655809	532	-0.2458
5ae97b02-7893-4ef8-83aa-585b87983f37	5	95659484	104515520	5211	-0.0302
5ae97b02-7893-4ef8-83aa-585b87983f37	5	104524672	104524903	4	1.2934
5ae97b02-7893-4ef8-83aa-585b87983f37	5	104525348	119618000	10409	-0.0255
5ae97b02-7893-4ef8-83aa-585b87983f37	5	119624251	119625926	5	-2.1168
5ae97b02-7893-4ef8-83aa-585b87983f37	5	119628442	131238548	7253	-0.0196
5ae97b02-7893-4ef8-83aa-585b87983f37	5	131238709	131619001	171	-0.2772
5ae97b02-7893-4ef8-83aa-585b87983f37	5	131619588	146278056	8820	-0.0442
5ae97b02-7893-4ef8-83aa-585b87983f37	5	146280763	149493036	2257	-0.2539
5ae97b02-7893-4ef8-83aa-585b87983f37	5	149495711	149600097	52	-0.0674
5ae97b02-7893-4ef8-83aa-585b87983f37	5	149601466	149601483	2	-1.6229
5ae97b02-7893-4ef8-83aa-585b87983f37	5	149601546	152134610	1773	-0.0563
5ae97b02-7893-4ef8-83aa-585b87983f37	5	152135825	152140710	15	-0.9469
5ae97b02-7893-4ef8-83aa-585b87983f37	5	152140861	152749894	412	-0.0108
5ae97b02-7893-4ef8-83aa-585b87983f37	5	152757684	153196755	269	0.1284
5ae97b02-7893-4ef8-83aa-585b87983f37	5	153200230	153388991	118	-0.0198
5ae97b02-7893-4ef8-83aa-585b87983f37	5	153390680	155041679	1083	-0.2621
5ae97b02-7893-4ef8-83aa-585b87983f37	5	155042304	155197443	128	-0.0338
5ae97b02-7893-4ef8-83aa-585b87983f37	5	155197732	159995588	3378	-0.2685
5ae97b02-7893-4ef8-83aa-585b87983f37	5	160000021	160136555	73	0.0592
5ae97b02-7893-4ef8-83aa-585b87983f37	5	160139962	163729189	2359	0.1576
5ae97b02-7893-4ef8-83aa-585b87983f37	5	163734438	163734801	2	-1.2183
5ae97b02-7893-4ef8-83aa-585b87983f37	5	163737266	168903446	3606	0.1569
5ae97b02-7893-4ef8-83aa-585b87983f37	5	168906299	169142823	210	-0.0135
5ae97b02-7893-4ef8-83aa-585b87983f37	5	169143441	173479880	3142	0.1571
5ae97b02-7893-4ef8-83aa-585b87983f37	5	173482213	173486129	4	-1.3262
5ae97b02-7893-4ef8-83aa-585b87983f37	5	173489277	178680821	3135	0.1356
5ae97b02-7893-4ef8-83aa-585b87983f37	5	178682974	178686162	3	-1.9895
5ae97b02-7893-4ef8-83aa-585b87983f37	5	178691854	179363977	422	0.1263
5ae97b02-7893-4ef8-83aa-585b87983f37	5	179369535	180947484	922	-0.0722
5ae97b02-7893-4ef8-83aa-585b87983f37	5	180947523	181006225	21	-0.6188
5ae97b02-7893-4ef8-83aa-585b87983f37	5	181006264	181363319	168	-0.0524
5ae97b02-7893-4ef8-83aa-585b87983f37	6	149661	35230532	24369	0.1516
5ae97b02-7893-4ef8-83aa-585b87983f37	6	35233686	39340925	2718	0.2856
5ae97b02-7893-4ef8-83aa-585b87983f37	6	39341873	40670123	1037	0.3555
5ae97b02-7893-4ef8-83aa-585b87983f37	6	40672556	41676830	702	0.307
5ae97b02-7893-4ef8-83aa-585b87983f37	6	41676846	43663508	1027	0.2553
5ae97b02-7893-4ef8-83aa-585b87983f37	6	43667658	72073460	15966	0.3268
5ae97b02-7893-4ef8-83aa-585b87983f37	6	72076690	73882142	1156	0.5811
5ae97b02-7893-4ef8-83aa-585b87983f37	6	73882509	73887625	9	1.379
5ae97b02-7893-4ef8-83aa-585b87983f37	6	73891694	74881568	660	0.5765
5ae97b02-7893-4ef8-83aa-585b87983f37	6	74883522	76726815	1108	0.3299
5ae97b02-7893-4ef8-83aa-585b87983f37	6	76730151	76733530	11	-3.8193
5ae97b02-7893-4ef8-83aa-585b87983f37	6	76736482	76743040	10	-1.0424
5ae97b02-7893-4ef8-83aa-585b87983f37	6	76751356	78253172	976	0.3163
5ae97b02-7893-4ef8-83aa-585b87983f37	6	78259348	78322875	109	-0.2361
5ae97b02-7893-4ef8-83aa-585b87983f37	6	78325223	78643288	226	0.3435
5ae97b02-7893-4ef8-83aa-585b87983f37	6	78654556	83060458	2826	0.165
5ae97b02-7893-4ef8-83aa-585b87983f37	6	83063514	83177776	56	0.275
5ae97b02-7893-4ef8-83aa-585b87983f37	6	83178978	84136078	558	0.4623
5ae97b02-7893-4ef8-83aa-585b87983f37	6	84136888	84618903	328	0.2948
5ae97b02-7893-4ef8-83aa-585b87983f37	6	84619819	85873032	765	0.1288
5ae97b02-7893-4ef8-83aa-585b87983f37	6	85882644	86642789	426	1.3733
5ae97b02-7893-4ef8-83aa-585b87983f37	6	86643541	87125368	294	1.7608
5ae97b02-7893-4ef8-83aa-585b87983f37	6	87126175	87132936	3	1.1575
5ae97b02-7893-4ef8-83aa-585b87983f37	6	87141447	88859852	1110	0.3052
5ae97b02-7893-4ef8-83aa-585b87983f37	6	88868740	90337115	903	0.2585
5ae97b02-7893-4ef8-83aa-585b87983f37	6	90337287	103286954	7970	0.3233
5ae97b02-7893-4ef8-83aa-585b87983f37	6	103290101	103314186	46	-1.0473
5ae97b02-7893-4ef8-83aa-585b87983f37	6	103317795	133945130	19062	0.3186
5ae97b02-7893-4ef8-83aa-585b87983f37	6	133947933	133948494	2	-1.5849
5ae97b02-7893-4ef8-83aa-585b87983f37	6	133950934	139099858	3582	0.3151
5ae97b02-7893-4ef8-83aa-585b87983f37	6	139100600	139101546	2	-1.6346
5ae97b02-7893-4ef8-83aa-585b87983f37	6	139103986	141222734	1152	0.3262
5ae97b02-7893-4ef8-83aa-585b87983f37	6	141231026	144822946	2262	0.4559
5ae97b02-7893-4ef8-83aa-585b87983f37	6	144823245	147474187	1645	0.1478
5ae97b02-7893-4ef8-83aa-585b87983f37	6	147475157	170741917	16432	-0.0358
5ae97b02-7893-4ef8-83aa-585b87983f37	7	43355	3349458	1420	0.0957
5ae97b02-7893-4ef8-83aa-585b87983f37	7	3355447	3355694	5	-0.9125
5ae97b02-7893-4ef8-83aa-585b87983f37	7	3359128	7048333	2090	0.085
5ae97b02-7893-4ef8-83aa-585b87983f37	7	7048658	12459209	4516	0.1557
5ae97b02-7893-4ef8-83aa-585b87983f37	7	12464114	46361399	24527	0.1304
5ae97b02-7893-4ef8-83aa-585b87983f37	7	46362419	48541346	1631	0.1699
5ae97b02-7893-4ef8-83aa-585b87983f37	7	48542256	48552429	8	-1.5206
5ae97b02-7893-4ef8-83aa-585b87983f37	7	48560583	49767378	854	0.1651
5ae97b02-7893-4ef8-83aa-585b87983f37	7	49768612	49771614	4	-0.9512
5ae97b02-7893-4ef8-83aa-585b87983f37	7	49773257	52657792	2194	0.1633
5ae97b02-7893-4ef8-83aa-585b87983f37	7	52658647	52674701	5	0.9454
5ae97b02-7893-4ef8-83aa-585b87983f37	7	52675050	54305455	1186	0.1676
5ae97b02-7893-4ef8-83aa-585b87983f37	7	54318812	54318824	6	-1.2891
5ae97b02-7893-4ef8-83aa-585b87983f37	7	54325795	65502854	3197	0.1576
5ae97b02-7893-4ef8-83aa-585b87983f37	7	65539561	65874904	90	0.4171
5ae97b02-7893-4ef8-83aa-585b87983f37	7	65882903	66360996	188	0.1184
5ae97b02-7893-4ef8-83aa-585b87983f37	7	66362795	67164253	257	0.3904
5ae97b02-7893-4ef8-83aa-585b87983f37	7	67164342	67180245	8	-0.918
5ae97b02-7893-4ef8-83aa-585b87983f37	7	67182652	68177183	620	0.4371
5ae97b02-7893-4ef8-83aa-585b87983f37	7	68177344	70850887	1700	1.7238
5ae97b02-7893-4ef8-83aa-585b87983f37	7	70856353	70900466	35	2.3165
5ae97b02-7893-4ef8-83aa-585b87983f37	7	70900603	70955452	30	1.8335
5ae97b02-7893-4ef8-83aa-585b87983f37	7	70958264	70961155	2	-0.6408
5ae97b02-7893-4ef8-83aa-585b87983f37	7	70963257	71849296	615	1.7872
5ae97b02-7893-4ef8-83aa-585b87983f37	7	71850685	72064490	143	1.5075
5ae97b02-7893-4ef8-83aa-585b87983f37	7	72067694	72161270	51	1.7444
5ae97b02-7893-4ef8-83aa-585b87983f37	7	72162148	72985154	376	1.9399
5ae97b02-7893-4ef8-83aa-585b87983f37	7	73001498	73371804	32	0.7445
5ae97b02-7893-4ef8-83aa-585b87983f37	7	73375679	74268022	319	1.4048
5ae97b02-7893-4ef8-83aa-585b87983f37	7	74275830	75115775	171	0.7685
5ae97b02-7893-4ef8-83aa-585b87983f37	7	75415352	77186233	633	-0.0619
5ae97b02-7893-4ef8-83aa-585b87983f37	7	77190067	77752971	352	0.7221
5ae97b02-7893-4ef8-83aa-585b87983f37	7	77759871	78773577	828	1.0882
5ae97b02-7893-4ef8-83aa-585b87983f37	7	78773754	79338448	434	1.348
5ae97b02-7893-4ef8-83aa-585b87983f37	7	79344609	79491190	100	1.6166
5ae97b02-7893-4ef8-83aa-585b87983f37	7	79495422	79600862	42	1.3479
5ae97b02-7893-4ef8-83aa-585b87983f37	7	79602308	84489712	3366	-0.0124
5ae97b02-7893-4ef8-83aa-585b87983f37	7	84495591	84640830	100	1.7515
5ae97b02-7893-4ef8-83aa-585b87983f37	7	84644144	91692737	4338	-0.0101
5ae97b02-7893-4ef8-83aa-585b87983f37	7	91692791	107323607	8806	-0.05
5ae97b02-7893-4ef8-83aa-585b87983f37	7	107323988	119909662	7710	0.0037
5ae97b02-7893-4ef8-83aa-585b87983f37	7	119910856	119915053	3	-1.2745
5ae97b02-7893-4ef8-83aa-585b87983f37	7	119917494	126405502	3934	0.0005
5ae97b02-7893-4ef8-83aa-585b87983f37	7	126405597	126406823	12	0.6673
5ae97b02-7893-4ef8-83aa-585b87983f37	7	126406824	139239106	8156	-0.0143
5ae97b02-7893-4ef8-83aa-585b87983f37	7	139239915	139636143	177	0.1809
5ae97b02-7893-4ef8-83aa-585b87983f37	7	139639221	140564467	571	0.3214
5ae97b02-7893-4ef8-83aa-585b87983f37	7	140571009	140579795	3	-0.1864
5ae97b02-7893-4ef8-83aa-585b87983f37	7	140584411	140922577	289	1.7705
5ae97b02-7893-4ef8-83aa-585b87983f37	7	140922663	142063324	721	-0.0198
5ae97b02-7893-4ef8-83aa-585b87983f37	7	142069843	142092108	33	0.3169
5ae97b02-7893-4ef8-83aa-585b87983f37	7	142092307	145451296	1902	-0.0048
5ae97b02-7893-4ef8-83aa-585b87983f37	7	145452717	145698194	161	1.7236
5ae97b02-7893-4ef8-83aa-585b87983f37	7	145702047	145928835	118	2.0393
5ae97b02-7893-4ef8-83aa-585b87983f37	7	145928988	145965541	25	1.7462
5ae97b02-7893-4ef8-83aa-585b87983f37	7	145972597	157562221	7546	-0.0224
5ae97b02-7893-4ef8-83aa-585b87983f37	7	157564978	159294115	1063	0.1664
5ae97b02-7893-4ef8-83aa-585b87983f37	7	159294377	159334314	43	-0.1053
5ae97b02-7893-4ef8-83aa-585b87983f37	8	81254	316801	106	1.0662
5ae97b02-7893-4ef8-83aa-585b87983f37	8	318482	677181	242	1.4779
5ae97b02-7893-4ef8-83aa-585b87983f37	8	678410	2370507	1288	-0.9709
5ae97b02-7893-4ef8-83aa-585b87983f37	8	2370575	2370865	4	-4.0669
5ae97b02-7893-4ef8-83aa-585b87983f37	8	2371071	3356284	905	-0.8966
5ae97b02-7893-4ef8-83aa-585b87983f37	8	3357351	4247134	1372	-1.0152
5ae97b02-7893-4ef8-83aa-585b87983f37	8	4248061	7380497	3789	-0.9171
5ae97b02-7893-4ef8-83aa-585b87983f37	8	7396819	8214781	48	-0.3043
5ae97b02-7893-4ef8-83aa-585b87983f37	8	8234503	12376131	3207	-0.9673
5ae97b02-7893-4ef8-83aa-585b87983f37	8	12376245	12496252	29	-0.0599
5ae97b02-7893-4ef8-83aa-585b87983f37	8	12519969	12695213	34	-0.5235
5ae97b02-7893-4ef8-83aa-585b87983f37	8	12695279	21639886	8152	-0.9137
5ae97b02-7893-4ef8-83aa-585b87983f37	8	21645692	22272709	307	0.5534
5ae97b02-7893-4ef8-83aa-585b87983f37	8	22277682	37635354	10044	-0.9059
5ae97b02-7893-4ef8-83aa-585b87983f37	8	37639787	37747765	43	1.3537
5ae97b02-7893-4ef8-83aa-585b87983f37	8	37752837	37824475	27	-1.0225
5ae97b02-7893-4ef8-83aa-585b87983f37	8	37829659	37886441	18	1.2782
5ae97b02-7893-4ef8-83aa-585b87983f37	8	37897222	39372664	732	-0.8605
5ae97b02-7893-4ef8-83aa-585b87983f37	8	39372806	39527181	58	-0.4027
5ae97b02-7893-4ef8-83aa-585b87983f37	8	39527450	41706273	1547	-0.8998
5ae97b02-7893-4ef8-83aa-585b87983f37	8	41709593	42283867	334	1.3758
5ae97b02-7893-4ef8-83aa-585b87983f37	8	42285489	42287782	6	0.4902
5ae97b02-7893-4ef8-83aa-585b87983f37	8	42287830	42749685	319	1.336
5ae97b02-7893-4ef8-83aa-585b87983f37	8	42751216	43078229	131	-0.5175
5ae97b02-7893-4ef8-83aa-585b87983f37	8	43080575	43260257	71	-0.2066
5ae97b02-7893-4ef8-83aa-585b87983f37	8	43268205	46012735	181	1.333
5ae97b02-7893-4ef8-83aa-585b87983f37	8	46014827	46284404	80	0.3982
5ae97b02-7893-4ef8-83aa-585b87983f37	8	46285634	47915523	652	-0.5053
5ae97b02-7893-4ef8-83aa-585b87983f37	8	47919586	52900930	3049	-0.2533
5ae97b02-7893-4ef8-83aa-585b87983f37	8	52901530	53505357	432	-1.3152
5ae97b02-7893-4ef8-83aa-585b87983f37	8	53509327	57564750	2648	-0.2633
5ae97b02-7893-4ef8-83aa-585b87983f37	8	57566485	64367965	4411	0.1526
5ae97b02-7893-4ef8-83aa-585b87983f37	8	64372605	72332218	4739	-0.5418
5ae97b02-7893-4ef8-83aa-585b87983f37	8	72339227	75074128	1846	0.152
5ae97b02-7893-4ef8-83aa-585b87983f37	8	75078659	75105675	27	-0.4506
5ae97b02-7893-4ef8-83aa-585b87983f37	8	75105803	77041555	1099	-0.5486
5ae97b02-7893-4ef8-83aa-585b87983f37	8	77045031	80941890	2268	0.5872
5ae97b02-7893-4ef8-83aa-585b87983f37	8	80948334	82102612	708	0.8938
5ae97b02-7893-4ef8-83aa-585b87983f37	8	82107225	82770097	393	0.5599
5ae97b02-7893-4ef8-83aa-585b87983f37	8	82772576	84345754	892	0.888
5ae97b02-7893-4ef8-83aa-585b87983f37	8	84350648	84356431	19	-0.2329
5ae97b02-7893-4ef8-83aa-585b87983f37	8	84358447	92007104	4321	0.9013
5ae97b02-7893-4ef8-83aa-585b87983f37	8	92007199	92007901	6	0.1267
5ae97b02-7893-4ef8-83aa-585b87983f37	8	92008360	92329338	175	0.9077
5ae97b02-7893-4ef8-83aa-585b87983f37	8	92333705	92424908	38	0.8343
5ae97b02-7893-4ef8-83aa-585b87983f37	8	92425067	92775534	236	0.6697
5ae97b02-7893-4ef8-83aa-585b87983f37	8	92776212	94547604	1070	0.8144
5ae97b02-7893-4ef8-83aa-585b87983f37	8	94547824	94576978	18	0.4465
5ae97b02-7893-4ef8-83aa-585b87983f37	8	94580505	96362021	1305	0.8184
5ae97b02-7893-4ef8-83aa-585b87983f37	8	96362184	98984119	1527	0.8871
5ae97b02-7893-4ef8-83aa-585b87983f37	8	98990998	107496482	5268	0.4509
5ae97b02-7893-4ef8-83aa-585b87983f37	8	107497264	110002712	1456	0.5942
5ae97b02-7893-4ef8-83aa-585b87983f37	8	110011194	111279265	683	0.4422
5ae97b02-7893-4ef8-83aa-585b87983f37	8	111282050	111282809	6	-0.4626
5ae97b02-7893-4ef8-83aa-585b87983f37	8	111282852	111283031	4	-2.1693
5ae97b02-7893-4ef8-83aa-585b87983f37	8	111288052	113580875	1209	0.4728
5ae97b02-7893-4ef8-83aa-585b87983f37	8	113584091	114550992	566	0.8316
5ae97b02-7893-4ef8-83aa-585b87983f37	8	114551594	114626238	60	1.0562
5ae97b02-7893-4ef8-83aa-585b87983f37	8	114626472	114628759	8	0.4847
5ae97b02-7893-4ef8-83aa-585b87983f37	8	114628773	114742362	74	0.9337
5ae97b02-7893-4ef8-83aa-585b87983f37	8	114744115	115287302	373	1.2248
5ae97b02-7893-4ef8-83aa-585b87983f37	8	115292715	115404761	59	0.4111
5ae97b02-7893-4ef8-83aa-585b87983f37	8	115405335	115687785	174	1.1891
5ae97b02-7893-4ef8-83aa-585b87983f37	8	115689971	117309848	1035	0.9058
5ae97b02-7893-4ef8-83aa-585b87983f37	8	117310323	118184344	626	0.703
5ae97b02-7893-4ef8-83aa-585b87983f37	8	118187836	118954309	608	0.9564
5ae97b02-7893-4ef8-83aa-585b87983f37	8	118958919	121895836	1967	0.4697
5ae97b02-7893-4ef8-83aa-585b87983f37	8	121901500	122398633	329	0.3021
5ae97b02-7893-4ef8-83aa-585b87983f37	8	122398723	122548969	127	0.1312
5ae97b02-7893-4ef8-83aa-585b87983f37	8	122550031	123386843	536	0.2925
5ae97b02-7893-4ef8-83aa-585b87983f37	8	123386878	124515575	754	0.5759
5ae97b02-7893-4ef8-83aa-585b87983f37	8	124515783	125725072	898	0.9559
5ae97b02-7893-4ef8-83aa-585b87983f37	8	125725502	127710690	1478	0.7953
5ae97b02-7893-4ef8-83aa-585b87983f37	8	127711504	128297168	457	0.8915
5ae97b02-7893-4ef8-83aa-585b87983f37	8	128297237	143227622	10929	0.8039
5ae97b02-7893-4ef8-83aa-585b87983f37	8	143227655	143228447	8	-0.1014
5ae97b02-7893-4ef8-83aa-585b87983f37	8	143232207	145072769	631	0.7594
5ae97b02-7893-4ef8-83aa-585b87983f37	9	46587	5074740	5221	-0.2526
5ae97b02-7893-4ef8-83aa-585b87983f37	9	5074780	5082995	23	0.1629
5ae97b02-7893-4ef8-83aa-585b87983f37	9	5083003	10839575	5132	-0.2584
5ae97b02-7893-4ef8-83aa-585b87983f37	9	10839934	15240035	3478	-0.2108
5ae97b02-7893-4ef8-83aa-585b87983f37	9	15240723	41062765	17329	-0.2554
5ae97b02-7893-4ef8-83aa-585b87983f37	9	41063004	61405110	149	-0.0854
5ae97b02-7893-4ef8-83aa-585b87983f37	9	61520021	61647899	30	-1.1256
5ae97b02-7893-4ef8-83aa-585b87983f37	9	61665362	66881239	140	-0.2627
5ae97b02-7893-4ef8-83aa-585b87983f37	9	66883464	86572097	13082	-0.0287
5ae97b02-7893-4ef8-83aa-585b87983f37	9	86574323	86877972	261	0.1733
5ae97b02-7893-4ef8-83aa-585b87983f37	9	86878005	86982549	77	0.4489
5ae97b02-7893-4ef8-83aa-585b87983f37	9	86983901	87907679	810	0.1699
5ae97b02-7893-4ef8-83aa-585b87983f37	9	87939236	87939304	2	-1.0868
5ae97b02-7893-4ef8-83aa-585b87983f37	9	87943042	90676977	1890	0.1624
5ae97b02-7893-4ef8-83aa-585b87983f37	9	90677036	92598781	1345	-0.0352
5ae97b02-7893-4ef8-83aa-585b87983f37	9	92603839	100401942	4930	-0.2598
5ae97b02-7893-4ef8-83aa-585b87983f37	9	100402307	100491529	40	0.0496
5ae97b02-7893-4ef8-83aa-585b87983f37	9	100496089	100577731	45	-0.2568
5ae97b02-7893-4ef8-83aa-585b87983f37	9	100584241	100700269	79	-0.5336
5ae97b02-7893-4ef8-83aa-585b87983f37	9	100704850	101776683	786	-0.2412
5ae97b02-7893-4ef8-83aa-585b87983f37	9	101778452	104501410	1998	0.1651
5ae97b02-7893-4ef8-83aa-585b87983f37	9	104503552	110907326	5095	-0.2458
5ae97b02-7893-4ef8-83aa-585b87983f37	9	110910444	110910619	2	-2.0389
5ae97b02-7893-4ef8-83aa-585b87983f37	9	110913733	113093264	1486	-0.2762
5ae97b02-7893-4ef8-83aa-585b87983f37	9	113093494	114349671	893	0.3282
5ae97b02-7893-4ef8-83aa-585b87983f37	9	114351506	114609903	197	0.5584
5ae97b02-7893-4ef8-83aa-585b87983f37	9	114613001	116640792	1553	0.1752
5ae97b02-7893-4ef8-83aa-585b87983f37	9	116641089	119468577	2420	-0.537
5ae97b02-7893-4ef8-83aa-585b87983f37	9	119474756	120042179	562	0.1775
5ae97b02-7893-4ef8-83aa-585b87983f37	9	120044307	120633767	434	-0.25
5ae97b02-7893-4ef8-83aa-585b87983f37	9	120640219	124747515	2524	0.1342
5ae97b02-7893-4ef8-83aa-585b87983f37	9	124749619	125465515	350	-0.5801
5ae97b02-7893-4ef8-83aa-585b87983f37	9	125467412	128973008	1985	0.1181
5ae97b02-7893-4ef8-83aa-585b87983f37	9	128979354	129796317	383	-0.6038
5ae97b02-7893-4ef8-83aa-585b87983f37	9	129798300	133907134	2729	0.1129
5ae97b02-7893-4ef8-83aa-585b87983f37	9	133909095	133909778	2	-1.5531
5ae97b02-7893-4ef8-83aa-585b87983f37	9	133914031	134400266	223	0.114
5ae97b02-7893-4ef8-83aa-585b87983f37	9	134413432	134749609	183	-0.2742
5ae97b02-7893-4ef8-83aa-585b87983f37	9	134750058	134750731	2	-2.0745
5ae97b02-7893-4ef8-83aa-585b87983f37	9	134751613	136619628	951	-0.2778
5ae97b02-7893-4ef8-83aa-585b87983f37	9	136623715	138081065	492	-0.5724
5ae97b02-7893-4ef8-83aa-585b87983f37	9	138081149	138137547	66	-0.4182
5ae97b02-7893-4ef8-83aa-585b87983f37	9	138138491	138200944	12	0.1336
5ae97b02-7893-4ef8-83aa-585b87983f37	10	45792	34894266	26880	0.155
5ae97b02-7893-4ef8-83aa-585b87983f37	10	34898132	35033202	72	0.6045
5ae97b02-7893-4ef8-83aa-585b87983f37	10	35038907	46099040	4524	0.1471
5ae97b02-7893-4ef8-83aa-585b87983f37	10	46102743	46522514	181	0.4743
5ae97b02-7893-4ef8-83aa-585b87983f37	10	46522571	46792344	52	0.1495
5ae97b02-7893-4ef8-83aa-585b87983f37	10	46804606	46810571	2	-1.495
5ae97b02-7893-4ef8-83aa-585b87983f37	10	46836986	50070600	1682	0.1561
5ae97b02-7893-4ef8-83aa-585b87983f37	10	50081224	50132160	4	-1.9454
5ae97b02-7893-4ef8-83aa-585b87983f37	10	50144008	67871149	12614	0.1695
5ae97b02-7893-4ef8-83aa-585b87983f37	10	67871192	76064619	4857	0.1309
5ae97b02-7893-4ef8-83aa-585b87983f37	10	76067397	86219775	7496	0.1698
5ae97b02-7893-4ef8-83aa-585b87983f37	10	86222759	104406528	11035	0.1407
5ae97b02-7893-4ef8-83aa-585b87983f37	10	104406798	131639180	20230	0.1653
5ae97b02-7893-4ef8-83aa-585b87983f37	10	131640199	131641742	7	-0.9706
5ae97b02-7893-4ef8-83aa-585b87983f37	10	131648231	133654968	970	0.1183
5ae97b02-7893-4ef8-83aa-585b87983f37	11	198510	4949137	2419	-0.5528
5ae97b02-7893-4ef8-83aa-585b87983f37	11	4950775	4955042	23	-1.2946
5ae97b02-7893-4ef8-83aa-585b87983f37	11	4955781	6600988	1371	-0.5378
5ae97b02-7893-4ef8-83aa-585b87983f37	11	6601484	29620733	16859	-0.2501
5ae97b02-7893-4ef8-83aa-585b87983f37	11	29625965	31137027	983	-0.0207
5ae97b02-7893-4ef8-83aa-585b87983f37	11	31138900	31702128	263	-0.2545
5ae97b02-7893-4ef8-83aa-585b87983f37	11	31702647	37358762	4381	-0.0326
5ae97b02-7893-4ef8-83aa-585b87983f37	11	37360424	37364489	5	-1.1937
5ae97b02-7893-4ef8-83aa-585b87983f37	11	37373384	46168662	5912	-0.0151
5ae97b02-7893-4ef8-83aa-585b87983f37	11	46169430	48088396	778	-0.0835
5ae97b02-7893-4ef8-83aa-585b87983f37	11	48088491	49738003	699	-0.0164
5ae97b02-7893-4ef8-83aa-585b87983f37	11	49738039	49739136	5	-2.4531
5ae97b02-7893-4ef8-83aa-585b87983f37	11	49744609	55172866	514	-0.0268
5ae97b02-7893-4ef8-83aa-585b87983f37	11	55198132	55214735	6	-1.4001
5ae97b02-7893-4ef8-83aa-585b87983f37	11	55241999	55595864	201	-0.0426
5ae97b02-7893-4ef8-83aa-585b87983f37	11	55606556	55685058	57	0.3524
5ae97b02-7893-4ef8-83aa-585b87983f37	11	55685501	59797583	2494	-0.0374
5ae97b02-7893-4ef8-83aa-585b87983f37	11	59797747	59987602	104	0.0775
5ae97b02-7893-4ef8-83aa-585b87983f37	11	59995014	60315028	232	0.311
5ae97b02-7893-4ef8-83aa-585b87983f37	11	60315355	61741917	786	0.1273
5ae97b02-7893-4ef8-83aa-585b87983f37	11	61745944	68292635	2825	-0.0822
5ae97b02-7893-4ef8-83aa-585b87983f37	11	68298566	68369505	29	-0.1777
5ae97b02-7893-4ef8-83aa-585b87983f37	11	68376815	70149983	996	1.3831
5ae97b02-7893-4ef8-83aa-585b87983f37	11	70150099	70708627	314	2.0775
5ae97b02-7893-4ef8-83aa-585b87983f37	11	70713071	71206597	221	1.5278
5ae97b02-7893-4ef8-83aa-585b87983f37	11	71211858	71566780	278	-0.033
5ae97b02-7893-4ef8-83aa-585b87983f37	11	71568176	72895484	577	-0.2798
5ae97b02-7893-4ef8-83aa-585b87983f37	11	72896192	75901848	1622	-0.0772
5ae97b02-7893-4ef8-83aa-585b87983f37	11	75904255	87000502	7558	-0.242
5ae97b02-7893-4ef8-83aa-585b87983f37	11	87003754	88590805	1140	0.2245
5ae97b02-7893-4ef8-83aa-585b87983f37	11	88595793	102637740	9931	-0.2566
5ae97b02-7893-4ef8-83aa-585b87983f37	11	102637897	102641336	2	-2.0917
5ae97b02-7893-4ef8-83aa-585b87983f37	11	102641355	105439322	2022	-0.2687
5ae97b02-7893-4ef8-83aa-585b87983f37	11	105439765	105439841	2	-1.9843
5ae97b02-7893-4ef8-83aa-585b87983f37	11	105444434	135074876	21114	-0.2738
5ae97b02-7893-4ef8-83aa-585b87983f37	12	51460	106873	22	-0.0598
5ae97b02-7893-4ef8-83aa-585b87983f37	12	114256	130621	16	0.2118
5ae97b02-7893-4ef8-83aa-585b87983f37	12	134437	776028	424	0.7464
5ae97b02-7893-4ef8-83aa-585b87983f37	12	779262	2071735	761	0.9326
5ae97b02-7893-4ef8-83aa-585b87983f37	12	2071878	2907870	614	0.7707
5ae97b02-7893-4ef8-83aa-585b87983f37	12	2909956	4287449	1076	1.0028
5ae97b02-7893-4ef8-83aa-585b87983f37	12	4287502	4385633	90	0.7315
5ae97b02-7893-4ef8-83aa-585b87983f37	12	4385788	6345932	1650	0.813
5ae97b02-7893-4ef8-83aa-585b87983f37	12	6347410	8289689	905	0.7319
5ae97b02-7893-4ef8-83aa-585b87983f37	12	8296516	8296621	2	-0.6288
5ae97b02-7893-4ef8-83aa-585b87983f37	12	8300870	8384016	32	0.7006
5ae97b02-7893-4ef8-83aa-585b87983f37	12	8389494	8432076	21	-0.0672
5ae97b02-7893-4ef8-83aa-585b87983f37	12	8442298	9498697	563	0.7601
5ae97b02-7893-4ef8-83aa-585b87983f37	12	9498795	9575696	19	1.361
5ae97b02-7893-4ef8-83aa-585b87983f37	12	9582373	10024129	359	0.7645
5ae97b02-7893-4ef8-83aa-585b87983f37	12	10024398	10145566	77	0.4462
5ae97b02-7893-4ef8-83aa-585b87983f37	12	10151512	10189757	27	1.2396
5ae97b02-7893-4ef8-83aa-585b87983f37	12	10190412	11062773	570	0.4283
5ae97b02-7893-4ef8-83aa-585b87983f37	12	11064250	11088933	12	-0.6835
5ae97b02-7893-4ef8-83aa-585b87983f37	12	11099275	14503074	2585	0.3237
5ae97b02-7893-4ef8-83aa-585b87983f37	12	14506083	17768147	2027	0.9811
5ae97b02-7893-4ef8-83aa-585b87983f37	12	17768193	18229736	275	0.8235
5ae97b02-7893-4ef8-83aa-585b87983f37	12	18229773	18235793	15	0.3518
5ae97b02-7893-4ef8-83aa-585b87983f37	12	18235993	18409323	75	0.7548
5ae97b02-7893-4ef8-83aa-585b87983f37	12	18415142	28538044	7097	0.3427
5ae97b02-7893-4ef8-83aa-585b87983f37	12	28539966	28826175	204	0.851
5ae97b02-7893-4ef8-83aa-585b87983f37	12	28832260	31116364	1860	0.3989
5ae97b02-7893-4ef8-83aa-585b87983f37	12	31125097	32694049	1084	0.8381
5ae97b02-7893-4ef8-83aa-585b87983f37	12	32696679	33422931	514	0.5233
5ae97b02-7893-4ef8-83aa-585b87983f37	12	33423771	45510655	5392	0.2576
5ae97b02-7893-4ef8-83aa-585b87983f37	12	45512057	45515754	3	-1.012
5ae97b02-7893-4ef8-83aa-585b87983f37	12	45519509	52407512	3838	0.2276
5ae97b02-7893-4ef8-83aa-585b87983f37	12	52411014	52683385	273	-0.5862
5ae97b02-7893-4ef8-83aa-585b87983f37	12	52683541	52684251	4	-1.7477
5ae97b02-7893-4ef8-83aa-585b87983f37	12	52686548	56616686	2192	-0.5343
5ae97b02-7893-4ef8-83aa-585b87983f37	12	56623731	58327448	878	0.2308
5ae97b02-7893-4ef8-83aa-585b87983f37	12	58336368	58336379	2	-1.3102
5ae97b02-7893-4ef8-83aa-585b87983f37	12	58337065	76493469	11718	0.25
5ae97b02-7893-4ef8-83aa-585b87983f37	12	76497419	78788241	1613	-0.5121
5ae97b02-7893-4ef8-83aa-585b87983f37	12	78788881	80446147	981	-0.2682
5ae97b02-7893-4ef8-83aa-585b87983f37	12	80446276	80456533	2	-1.9476
5ae97b02-7893-4ef8-83aa-585b87983f37	12	80458189	112936262	20857	-0.2059
5ae97b02-7893-4ef8-83aa-585b87983f37	12	112936266	113286221	189	-0.4957
5ae97b02-7893-4ef8-83aa-585b87983f37	12	113291649	114141758	666	-0.2156
5ae97b02-7893-4ef8-83aa-585b87983f37	12	114142179	120149177	4453	-0.1822
5ae97b02-7893-4ef8-83aa-585b87983f37	12	120151048	131242840	7760	-0.229
5ae97b02-7893-4ef8-83aa-585b87983f37	12	131248112	131341210	85	-0.5824
5ae97b02-7893-4ef8-83aa-585b87983f37	12	131348665	131636170	292	-0.2026
5ae97b02-7893-4ef8-83aa-585b87983f37	12	131648039	131648790	13	-1.7292
5ae97b02-7893-4ef8-83aa-585b87983f37	12	131657925	133201603	558	-0.2269
5ae97b02-7893-4ef8-83aa-585b87983f37	13	18452809	21579061	1731	-0.2536
5ae97b02-7893-4ef8-83aa-585b87983f37	13	21579141	22329446	633	-0.0261
5ae97b02-7893-4ef8-83aa-585b87983f37	13	22330148	23990344	1197	-0.2499
5ae97b02-7893-4ef8-83aa-585b87983f37	13	23990601	24163483	191	-0.0174
5ae97b02-7893-4ef8-83aa-585b87983f37	13	24163762	24465540	242	-0.2467
5ae97b02-7893-4ef8-83aa-585b87983f37	13	24465893	24892333	292	-0.0347
5ae97b02-7893-4ef8-83aa-585b87983f37	13	24892363	25359300	303	-0.259
5ae97b02-7893-4ef8-83aa-585b87983f37	13	25359349	25596909	172	-0.039
5ae97b02-7893-4ef8-83aa-585b87983f37	13	25596916	28957858	2501	-0.2754
5ae97b02-7893-4ef8-83aa-585b87983f37	13	28960488	36026932	5187	-0.0187
5ae97b02-7893-4ef8-83aa-585b87983f37	13	36029250	36316046	190	-0.2653
5ae97b02-7893-4ef8-83aa-585b87983f37	13	36319648	37495907	821	-0.0244
5ae97b02-7893-4ef8-83aa-585b87983f37	13	37496233	37510620	18	0.5114
5ae97b02-7893-4ef8-83aa-585b87983f37	13	37514193	37514784	6	0.022
5ae97b02-7893-4ef8-83aa-585b87983f37	13	37516703	53558149	10507	-0.2548
5ae97b02-7893-4ef8-83aa-585b87983f37	13	53558835	71350872	10709	-0.2249
5ae97b02-7893-4ef8-83aa-585b87983f37	13	71354463	71902850	311	-0.2511
5ae97b02-7893-4ef8-83aa-585b87983f37	13	71903417	71906418	4	-1.5293
5ae97b02-7893-4ef8-83aa-585b87983f37	13	71906467	81589140	6709	-0.2556
5ae97b02-7893-4ef8-83aa-585b87983f37	13	81589690	88479688	4089	-0.2268
5ae97b02-7893-4ef8-83aa-585b87983f37	13	88484968	114342922	18255	-0.2614
5ae97b02-7893-4ef8-83aa-585b87983f37	14	18239283	19650668	60	-0.2367
5ae97b02-7893-4ef8-83aa-585b87983f37	14	19667065	19955213	107	-0.4877
5ae97b02-7893-4ef8-83aa-585b87983f37	14	19956767	28080982	5370	-0.2303
5ae97b02-7893-4ef8-83aa-585b87983f37	14	28081034	29541052	800	-0.0141
5ae97b02-7893-4ef8-83aa-585b87983f37	14	29542196	30674924	656	-0.2355
5ae97b02-7893-4ef8-83aa-585b87983f37	14	30675369	33779331	2212	-0.0264
5ae97b02-7893-4ef8-83aa-585b87983f37	14	33781663	41139155	4544	-0.2225
5ae97b02-7893-4ef8-83aa-585b87983f37	14	41141293	41160039	7	-1.0291
5ae97b02-7893-4ef8-83aa-585b87983f37	14	41164182	41184774	6	-2.3628
5ae97b02-7893-4ef8-83aa-585b87983f37	14	41188046	49836875	5049	-0.2306
5ae97b02-7893-4ef8-83aa-585b87983f37	14	49837626	50343672	293	0.1166
5ae97b02-7893-4ef8-83aa-585b87983f37	14	50344307	66170296	10508	-0.2572
5ae97b02-7893-4ef8-83aa-585b87983f37	14	66173289	69555552	1963	-0.0408
5ae97b02-7893-4ef8-83aa-585b87983f37	14	69555567	70711786	739	-0.239
5ae97b02-7893-4ef8-83aa-585b87983f37	14	70717454	105521701	22514	-0.0352
5ae97b02-7893-4ef8-83aa-585b87983f37	14	105533894	105588560	8	-0.4648
5ae97b02-7893-4ef8-83aa-585b87983f37	14	105612353	105701150	16	-1.139
5ae97b02-7893-4ef8-83aa-585b87983f37	14	105728140	106321086	210	-0.0564
5ae97b02-7893-4ef8-83aa-585b87983f37	14	106340102	106340774	3	-1.2498
5ae97b02-7893-4ef8-83aa-585b87983f37	14	106345431	106418444	35	-0.0469
5ae97b02-7893-4ef8-83aa-585b87983f37	14	106423925	106462183	48	-0.7113
5ae97b02-7893-4ef8-83aa-585b87983f37	14	106462724	106877229	195	-0.0531
5ae97b02-7893-4ef8-83aa-585b87983f37	15	19811075	20376202	93	-0.3399
5ae97b02-7893-4ef8-83aa-585b87983f37	15	20376309	20384789	14	-1.1755
5ae97b02-7893-4ef8-83aa-585b87983f37	15	20384907	23191818	413	-0.484
5ae97b02-7893-4ef8-83aa-585b87983f37	15	23191992	26204725	1973	-0.8863
5ae97b02-7893-4ef8-83aa-585b87983f37	15	26209436	28828991	1517	-0.5332
5ae97b02-7893-4ef8-83aa-585b87983f37	15	28845550	39206896	6760	-0.8875
5ae97b02-7893-4ef8-83aa-585b87983f37	15	39207164	57729651	11078	-0.521
5ae97b02-7893-4ef8-83aa-585b87983f37	15	57729903	57790501	66	-0.8129
5ae97b02-7893-4ef8-83aa-585b87983f37	15	57791230	62440968	3574	-0.5455
5ae97b02-7893-4ef8-83aa-585b87983f37	15	62441042	62441056	2	-3.421
5ae97b02-7893-4ef8-83aa-585b87983f37	15	62441141	63040446	549	-0.5763
5ae97b02-7893-4ef8-83aa-585b87983f37	15	63041096	63440668	253	-0.2974
5ae97b02-7893-4ef8-83aa-585b87983f37	15	63440726	67212728	2152	-0.5595
5ae97b02-7893-4ef8-83aa-585b87983f37	15	67215148	85964486	10907	-0.2582
5ae97b02-7893-4ef8-83aa-585b87983f37	15	85965728	85977902	8	-1.0359
5ae97b02-7893-4ef8-83aa-585b87983f37	15	85978606	86206051	184	-0.2746
5ae97b02-7893-4ef8-83aa-585b87983f37	15	86213348	87928374	1488	-0.219
5ae97b02-7893-4ef8-83aa-585b87983f37	15	87929419	90657927	1717	-0.2944
5ae97b02-7893-4ef8-83aa-585b87983f37	15	90659370	90847502	116	2.4445
5ae97b02-7893-4ef8-83aa-585b87983f37	15	90856053	91260337	309	-0.2413
5ae97b02-7893-4ef8-83aa-585b87983f37	15	91262518	91299943	33	2.379
5ae97b02-7893-4ef8-83aa-585b87983f37	15	91300668	91303955	3	3.3452
5ae97b02-7893-4ef8-83aa-585b87983f37	15	91305282	91344013	34	2.3991
5ae97b02-7893-4ef8-83aa-585b87983f37	15	91345206	91345219	3	1.1963
5ae97b02-7893-4ef8-83aa-585b87983f37	15	91350402	92122722	646	2.5377
5ae97b02-7893-4ef8-83aa-585b87983f37	15	92129623	92258908	199	1.2626
5ae97b02-7893-4ef8-83aa-585b87983f37	15	92261205	93944685	1406	-0.2578
5ae97b02-7893-4ef8-83aa-585b87983f37	15	93949999	94464778	421	1.3351
5ae97b02-7893-4ef8-83aa-585b87983f37	15	94474335	94558687	58	-0.1929
5ae97b02-7893-4ef8-83aa-585b87983f37	15	94561225	94780319	210	0.1836
5ae97b02-7893-4ef8-83aa-585b87983f37	15	94784866	94831688	30	0.5327
5ae97b02-7893-4ef8-83aa-585b87983f37	15	94832525	95047940	152	0.169
5ae97b02-7893-4ef8-83aa-585b87983f37	15	95050382	95096511	37	-0.2029
5ae97b02-7893-4ef8-83aa-585b87983f37	15	95099447	95647411	429	0.1751
5ae97b02-7893-4ef8-83aa-585b87983f37	15	95647614	95906692	169	0.4859
5ae97b02-7893-4ef8-83aa-585b87983f37	15	95907393	97652617	1252	0.1662
5ae97b02-7893-4ef8-83aa-585b87983f37	15	97652812	97693373	36	-0.278
5ae97b02-7893-4ef8-83aa-585b87983f37	15	97696796	98047046	276	1.5062
5ae97b02-7893-4ef8-83aa-585b87983f37	15	98055154	99078147	790	2.6065
5ae97b02-7893-4ef8-83aa-585b87983f37	15	99079590	99174120	64	1.6379
5ae97b02-7893-4ef8-83aa-585b87983f37	15	99174571	99393794	143	1.1875
5ae97b02-7893-4ef8-83aa-585b87983f37	15	99397765	99397975	2	-0.1464
5ae97b02-7893-4ef8-83aa-585b87983f37	15	99401579	99514532	79	1.1892
5ae97b02-7893-4ef8-83aa-585b87983f37	15	99517721	99543888	15	1.6543
5ae97b02-7893-4ef8-83aa-585b87983f37	15	99544542	99585551	26	1.13
5ae97b02-7893-4ef8-83aa-585b87983f37	15	99586301	99681716	44	1.5398
5ae97b02-7893-4ef8-83aa-585b87983f37	15	99684161	100407593	576	1.1772
5ae97b02-7893-4ef8-83aa-585b87983f37	15	100408652	100871866	355	0.9483
5ae97b02-7893-4ef8-83aa-585b87983f37	15	100873466	101199133	270	1.4705
5ae97b02-7893-4ef8-83aa-585b87983f37	15	101210254	101928837	504	-0.5516
5ae97b02-7893-4ef8-83aa-585b87983f37	16	10777	1299208	434	-0.045
5ae97b02-7893-4ef8-83aa-585b87983f37	16	1299928	4756194	1553	-0.1035
5ae97b02-7893-4ef8-83aa-585b87983f37	16	4757311	6048265	1198	-0.0102
5ae97b02-7893-4ef8-83aa-585b87983f37	16	6052911	6577458	646	-0.2477
5ae97b02-7893-4ef8-83aa-585b87983f37	16	6582487	16269368	7912	-0.0249
5ae97b02-7893-4ef8-83aa-585b87983f37	16	16419234	16461996	6	-1.2976
5ae97b02-7893-4ef8-83aa-585b87983f37	16	16474027	46469294	8711	-0.0484
5ae97b02-7893-4ef8-83aa-585b87983f37	16	46470502	55551446	6272	-0.0004
5ae97b02-7893-4ef8-83aa-585b87983f37	16	55551705	63893283	5330	-0.0266
5ae97b02-7893-4ef8-83aa-585b87983f37	16	63893906	64629020	528	-0.2503
5ae97b02-7893-4ef8-83aa-585b87983f37	16	64629215	66082809	1176	-0.004
5ae97b02-7893-4ef8-83aa-585b87983f37	16	66083017	70758014	2171	-0.0538
5ae97b02-7893-4ef8-83aa-585b87983f37	16	70759702	79224440	6485	-0.0075
5ae97b02-7893-4ef8-83aa-585b87983f37	16	79226621	79240228	10	-1.0772
5ae97b02-7893-4ef8-83aa-585b87983f37	16	79241358	83162346	4100	-0.0123
5ae97b02-7893-4ef8-83aa-585b87983f37	16	83162620	83175693	18	-1.1326
5ae97b02-7893-4ef8-83aa-585b87983f37	16	83177351	90096867	5273	-0.0264
5ae97b02-7893-4ef8-83aa-585b87983f37	17	150733	10259960	5920	-0.2983
5ae97b02-7893-4ef8-83aa-585b87983f37	17	10260262	17032804	4662	-0.2463
5ae97b02-7893-4ef8-83aa-585b87983f37	17	17032880	19032210	995	-0.2911
5ae97b02-7893-4ef8-83aa-585b87983f37	17	19100750	22191101	1097	0.7835
5ae97b02-7893-4ef8-83aa-585b87983f37	17	22191121	31384393	2226	0.3984
5ae97b02-7893-4ef8-83aa-585b87983f37	17	31395601	37380815	4034	0.258
5ae97b02-7893-4ef8-83aa-585b87983f37	17	37384840	38589060	469	0.084
5ae97b02-7893-4ef8-83aa-585b87983f37	17	38590175	41234024	1378	-0.055
5ae97b02-7893-4ef8-83aa-585b87983f37	17	41237517	41273905	33	0.2184
5ae97b02-7893-4ef8-83aa-585b87983f37	17	41273921	41274198	3	1.697
5ae97b02-7893-4ef8-83aa-585b87983f37	17	41274279	46085732	2498	-0.0669
5ae97b02-7893-4ef8-83aa-585b87983f37	17	46088437	46284997	123	0.3879
5ae97b02-7893-4ef8-83aa-585b87983f37	17	46286804	51113064	2292	-0.0691
5ae97b02-7893-4ef8-83aa-585b87983f37	17	51115919	53228184	1503	0.184
5ae97b02-7893-4ef8-83aa-585b87983f37	17	53228707	56081683	2009	0
5ae97b02-7893-4ef8-83aa-585b87983f37	17	56083553	56095230	26	-1.1412
5ae97b02-7893-4ef8-83aa-585b87983f37	17	56095462	65427778	5047	-0.0516
5ae97b02-7893-4ef8-83aa-585b87983f37	17	65433859	68706499	2051	0.47
5ae97b02-7893-4ef8-83aa-585b87983f37	17	68707428	72844832	3140	0.3333
5ae97b02-7893-4ef8-83aa-585b87983f37	17	72845049	78998287	3601	-0.0642
5ae97b02-7893-4ef8-83aa-585b87983f37	17	78999123	83017884	1854	0.1124
5ae97b02-7893-4ef8-83aa-585b87983f37	17	83018585	83091923	29	0.2456
5ae97b02-7893-4ef8-83aa-585b87983f37	18	48133	579716	378	0.3177
5ae97b02-7893-4ef8-83aa-585b87983f37	18	585386	2845513	1614	0.1501
5ae97b02-7893-4ef8-83aa-585b87983f37	18	2846248	20949392	8402	-0.0318
5ae97b02-7893-4ef8-83aa-585b87983f37	18	20961698	22061513	471	0.1514
5ae97b02-7893-4ef8-83aa-585b87983f37	18	22068485	22583635	322	-0.2256
5ae97b02-7893-4ef8-83aa-585b87983f37	18	22583707	24113884	849	-0.8798
5ae97b02-7893-4ef8-83aa-585b87983f37	18	24113928	26262900	1457	-0.6096
5ae97b02-7893-4ef8-83aa-585b87983f37	18	26264525	26871264	447	-0.2028
5ae97b02-7893-4ef8-83aa-585b87983f37	18	26871481	26938135	33	0.3544
5ae97b02-7893-4ef8-83aa-585b87983f37	18	26943266	27042018	84	-0.1328
5ae97b02-7893-4ef8-83aa-585b87983f37	18	27044660	28074741	668	0.0351
5ae97b02-7893-4ef8-83aa-585b87983f37	18	28075388	36421380	5166	-0.0529
5ae97b02-7893-4ef8-83aa-585b87983f37	18	36421712	36632225	225	-0.2705
5ae97b02-7893-4ef8-83aa-585b87983f37	18	36632706	40680516	2641	-0.0239
5ae97b02-7893-4ef8-83aa-585b87983f37	18	40680526	40690108	18	-0.554
5ae97b02-7893-4ef8-83aa-585b87983f37	18	40690234	40919514	141	-0.0294
5ae97b02-7893-4ef8-83aa-585b87983f37	18	40919993	41676083	535	-0.8497
5ae97b02-7893-4ef8-83aa-585b87983f37	18	41679184	43034792	904	0.5615
5ae97b02-7893-4ef8-83aa-585b87983f37	18	43036688	44156184	648	0.2474
5ae97b02-7893-4ef8-83aa-585b87983f37	18	44156989	46695659	1735	0.419
5ae97b02-7893-4ef8-83aa-585b87983f37	18	46698880	47658362	557	0.0929
5ae97b02-7893-4ef8-83aa-585b87983f37	18	47666864	57151367	6539	-0.5256
5ae97b02-7893-4ef8-83aa-585b87983f37	18	57153617	58263854	821	-0.1202
5ae97b02-7893-4ef8-83aa-585b87983f37	18	58263877	58268730	20	-0.6285
5ae97b02-7893-4ef8-83aa-585b87983f37	18	58271707	59004336	470	-0.1521
5ae97b02-7893-4ef8-83aa-585b87983f37	18	59004675	61080997	1576	-0.5201
5ae97b02-7893-4ef8-83aa-585b87983f37	18	61084631	62091684	754	-0.1305
5ae97b02-7893-4ef8-83aa-585b87983f37	18	62092101	62172971	39	0.1632
5ae97b02-7893-4ef8-83aa-585b87983f37	18	62175997	62415985	154	0.3613
5ae97b02-7893-4ef8-83aa-585b87983f37	18	62419845	63229092	541	0.1308
5ae97b02-7893-4ef8-83aa-585b87983f37	18	63234693	67554849	3044	-0.353
5ae97b02-7893-4ef8-83aa-585b87983f37	18	67560113	68045691	417	-0.0145
5ae97b02-7893-4ef8-83aa-585b87983f37	18	68048218	68477713	357	0.1034
5ae97b02-7893-4ef8-83aa-585b87983f37	18	68478863	68825272	253	-0.0287
5ae97b02-7893-4ef8-83aa-585b87983f37	18	68825888	69050481	159	0.1247
5ae97b02-7893-4ef8-83aa-585b87983f37	18	69057378	69110837	98	0.5164
5ae97b02-7893-4ef8-83aa-585b87983f37	18	69110851	69648662	434	0.2495
5ae97b02-7893-4ef8-83aa-585b87983f37	18	69650710	69877481	163	0.5945
5ae97b02-7893-4ef8-83aa-585b87983f37	18	69878742	73191563	2359	0.1644
5ae97b02-7893-4ef8-83aa-585b87983f37	18	73192044	73583915	320	-0.0921
5ae97b02-7893-4ef8-83aa-585b87983f37	18	73583991	73584041	2	-1.4999
5ae97b02-7893-4ef8-83aa-585b87983f37	18	73584254	76124730	2085	-0.1256
5ae97b02-7893-4ef8-83aa-585b87983f37	18	76126949	79643088	2450	-0.071
5ae97b02-7893-4ef8-83aa-585b87983f37	18	79645731	79658456	6	-0.6613
5ae97b02-7893-4ef8-83aa-585b87983f37	18	79659302	79784655	63	0.1717
5ae97b02-7893-4ef8-83aa-585b87983f37	18	79791256	80257174	246	-0.9166
5ae97b02-7893-4ef8-83aa-585b87983f37	19	90910	8057853	2807	-0.105
5ae97b02-7893-4ef8-83aa-585b87983f37	19	8059649	8060458	2	1.8589
5ae97b02-7893-4ef8-83aa-585b87983f37	19	8066356	9650818	839	-0.085
5ae97b02-7893-4ef8-83aa-585b87983f37	19	9651476	10528214	375	1.5047
5ae97b02-7893-4ef8-83aa-585b87983f37	19	10529210	10840162	136	1.0259
5ae97b02-7893-4ef8-83aa-585b87983f37	19	10841194	10845315	2	-0.4622
5ae97b02-7893-4ef8-83aa-585b87983f37	19	10850263	11011810	73	1.0981
5ae97b02-7893-4ef8-83aa-585b87983f37	19	11013898	11510579	231	0.6876
5ae97b02-7893-4ef8-83aa-585b87983f37	19	11521099	11594158	33	-0.1286
5ae97b02-7893-4ef8-83aa-585b87983f37	19	11598669	11676364	38	0.5116
5ae97b02-7893-4ef8-83aa-585b87983f37	19	11678744	11710462	24	0.7866
5ae97b02-7893-4ef8-83aa-585b87983f37	19	11710956	12137492	246	-0.0498
5ae97b02-7893-4ef8-83aa-585b87983f37	19	12141284	12152428	9	0.5248
5ae97b02-7893-4ef8-83aa-585b87983f37	19	12152809	12286050	50	-0.0716
5ae97b02-7893-4ef8-83aa-585b87983f37	19	12289992	12304202	7	0.2693
5ae97b02-7893-4ef8-83aa-585b87983f37	19	12304714	13226310	385	0.5753
5ae97b02-7893-4ef8-83aa-585b87983f37	19	13230515	15062505	925	0.6955
5ae97b02-7893-4ef8-83aa-585b87983f37	19	15064829	15713261	438	0.5249
5ae97b02-7893-4ef8-83aa-585b87983f37	19	15714132	15714133	2	-0.5495
5ae97b02-7893-4ef8-83aa-585b87983f37	19	15714788	16559849	504	0.5076
5ae97b02-7893-4ef8-83aa-585b87983f37	19	16560320	17060923	268	0.6451
5ae97b02-7893-4ef8-83aa-585b87983f37	19	17061343	19828616	1158	0.218
5ae97b02-7893-4ef8-83aa-585b87983f37	19	19829788	20282632	270	0.2896
5ae97b02-7893-4ef8-83aa-585b87983f37	19	20286348	20582718	188	0.4907
5ae97b02-7893-4ef8-83aa-585b87983f37	19	20582744	21946753	776	0.3518
5ae97b02-7893-4ef8-83aa-585b87983f37	19	21947509	23797702	1051	0.2169
5ae97b02-7893-4ef8-83aa-585b87983f37	19	23799526	35316824	5818	0.3156
5ae97b02-7893-4ef8-83aa-585b87983f37	19	35316853	36815415	779	0.257
5ae97b02-7893-4ef8-83aa-585b87983f37	19	36815456	37067464	151	0.1112
5ae97b02-7893-4ef8-83aa-585b87983f37	19	37067678	38218330	563	0.2898
5ae97b02-7893-4ef8-83aa-585b87983f37	19	38219268	38325898	47	0.1347
5ae97b02-7893-4ef8-83aa-585b87983f37	19	38326637	48690237	5145	-0.0806
5ae97b02-7893-4ef8-83aa-585b87983f37	19	48692795	52369752	1912	0.1103
5ae97b02-7893-4ef8-83aa-585b87983f37	19	52370365	54815158	1534	0.6599
5ae97b02-7893-4ef8-83aa-585b87983f37	19	54819199	54836219	11	-0.3923
5ae97b02-7893-4ef8-83aa-585b87983f37	19	54836508	55118621	168	0.7022
5ae97b02-7893-4ef8-83aa-585b87983f37	19	55119307	55881554	394	0.8406
5ae97b02-7893-4ef8-83aa-585b87983f37	19	55881685	56118020	172	0.4989
5ae97b02-7893-4ef8-83aa-585b87983f37	19	56119859	58586487	1550	-0.2794
5ae97b02-7893-4ef8-83aa-585b87983f37	20	80664	80671	7	0.6621
5ae97b02-7893-4ef8-83aa-585b87983f37	20	80907	448284	259	1.5217
5ae97b02-7893-4ef8-83aa-585b87983f37	20	449145	449524	2	-0.2265
5ae97b02-7893-4ef8-83aa-585b87983f37	20	449924	557603	67	1.5687
5ae97b02-7893-4ef8-83aa-585b87983f37	20	558374	5435816	3710	-0.2712
5ae97b02-7893-4ef8-83aa-585b87983f37	20	5437644	15393405	7644	-0.2288
5ae97b02-7893-4ef8-83aa-585b87983f37	20	15396709	21174123	4903	-0.0069
5ae97b02-7893-4ef8-83aa-585b87983f37	20	21176870	23734433	1864	0.18
5ae97b02-7893-4ef8-83aa-585b87983f37	20	23735242	23809952	46	-0.5439
5ae97b02-7893-4ef8-83aa-585b87983f37	20	23811022	26324943	1495	0.1612
5ae97b02-7893-4ef8-83aa-585b87983f37	20	30185676	30271154	16	-0.5954
5ae97b02-7893-4ef8-83aa-585b87983f37	20	30293217	37770988	3311	0.1217
5ae97b02-7893-4ef8-83aa-585b87983f37	20	37771178	44085887	4577	0.1866
5ae97b02-7893-4ef8-83aa-585b87983f37	20	44085933	51109930	4765	0.1421
5ae97b02-7893-4ef8-83aa-585b87983f37	20	51110819	62716379	9049	0.1694
5ae97b02-7893-4ef8-83aa-585b87983f37	20	62716525	64324800	632	0.12
5ae97b02-7893-4ef8-83aa-585b87983f37	21	10354168	10552032	45	0.0677
5ae97b02-7893-4ef8-83aa-585b87983f37	21	10556305	12973348	43	0.5067
5ae97b02-7893-4ef8-83aa-585b87983f37	21	12992210	13223423	30	-0.4038
5ae97b02-7893-4ef8-83aa-585b87983f37	21	13224688	13224711	2	1.1173
5ae97b02-7893-4ef8-83aa-585b87983f37	21	13227761	19210971	3845	-0.5185
5ae97b02-7893-4ef8-83aa-585b87983f37	21	19212265	19217123	2	1.4046
5ae97b02-7893-4ef8-83aa-585b87983f37	21	19219038	22716717	2638	-0.5023
5ae97b02-7893-4ef8-83aa-585b87983f37	21	22719293	22720238	3	-2.0734
5ae97b02-7893-4ef8-83aa-585b87983f37	21	22720505	26804569	3135	-0.5126
5ae97b02-7893-4ef8-83aa-585b87983f37	21	26807463	32914302	4387	-0.0238
5ae97b02-7893-4ef8-83aa-585b87983f37	21	32918636	33484000	412	0.4062
5ae97b02-7893-4ef8-83aa-585b87983f37	21	33499733	33785098	117	-0.0875
5ae97b02-7893-4ef8-83aa-585b87983f37	21	33785207	33806797	20	0.4206
5ae97b02-7893-4ef8-83aa-585b87983f37	21	33810307	34814450	708	-0.0524
5ae97b02-7893-4ef8-83aa-585b87983f37	21	34818303	34836056	13	0.3858
5ae97b02-7893-4ef8-83aa-585b87983f37	21	34836726	34860683	17	-0.1041
5ae97b02-7893-4ef8-83aa-585b87983f37	21	34860879	40752085	4796	0.42
5ae97b02-7893-4ef8-83aa-585b87983f37	21	40752175	42540109	1509	0.2896
5ae97b02-7893-4ef8-83aa-585b87983f37	21	42540649	45333430	1344	0.2359
5ae97b02-7893-4ef8-83aa-585b87983f37	21	45339971	45340335	2	-0.6962
5ae97b02-7893-4ef8-83aa-585b87983f37	21	45344382	45996410	381	0.2213
5ae97b02-7893-4ef8-83aa-585b87983f37	21	46007925	46600188	318	0.5021
5ae97b02-7893-4ef8-83aa-585b87983f37	21	46601742	46603422	4	-0.2437
5ae97b02-7893-4ef8-83aa-585b87983f37	21	46605881	46677045	62	0.4985
5ae97b02-7893-4ef8-83aa-585b87983f37	22	15294547	16794353	157	-0.3795
5ae97b02-7893-4ef8-83aa-585b87983f37	22	16796525	17815761	686	-0.5598
5ae97b02-7893-4ef8-83aa-585b87983f37	22	17823031	23929558	3532	-0.2695
5ae97b02-7893-4ef8-83aa-585b87983f37	22	23940911	23990739	17	0.2392
5ae97b02-7893-4ef8-83aa-585b87983f37	22	23995113	28333779	3681	-0.2469
5ae97b02-7893-4ef8-83aa-585b87983f37	22	28334093	29393218	580	0.4484
5ae97b02-7893-4ef8-83aa-585b87983f37	22	29393365	29842788	255	0.2867
5ae97b02-7893-4ef8-83aa-585b87983f37	22	29843928	30547524	397	0.562
5ae97b02-7893-4ef8-83aa-585b87983f37	22	30552505	32091568	869	-0.0711
5ae97b02-7893-4ef8-83aa-585b87983f37	22	32102744	35279575	2869	-0.0008
5ae97b02-7893-4ef8-83aa-585b87983f37	22	35283097	35534652	160	-0.077
5ae97b02-7893-4ef8-83aa-585b87983f37	22	35535591	36064026	297	-0.2569
5ae97b02-7893-4ef8-83aa-585b87983f37	22	36064150	41810835	3232	-0.3086
5ae97b02-7893-4ef8-83aa-585b87983f37	22	41812015	50796027	6504	-0.2664
5ae97b02-7893-4ef8-83aa-585b87983f37	X	251810	6652812	3040	0.1163
5ae97b02-7893-4ef8-83aa-585b87983f37	X	6656667	6785548	99	-0.1877
5ae97b02-7893-4ef8-83aa-585b87983f37	X	6787143	56728526	29450	0.111
5ae97b02-7893-4ef8-83aa-585b87983f37	X	56728585	56783164	40	-0.1902
5ae97b02-7893-4ef8-83aa-585b87983f37	X	56783761	72527535	5159	0.1081
5ae97b02-7893-4ef8-83aa-585b87983f37	X	72531997	73238633	185	-0.1276
5ae97b02-7893-4ef8-83aa-585b87983f37	X	73239235	76592938	1469	0.1192
5ae97b02-7893-4ef8-83aa-585b87983f37	X	76605796	78595354	692	1.2014
5ae97b02-7893-4ef8-83aa-585b87983f37	X	78597677	80708853	1265	1.1181
5ae97b02-7893-4ef8-83aa-585b87983f37	X	80710842	81568360	404	1.2388
5ae97b02-7893-4ef8-83aa-585b87983f37	X	81573122	81654782	46	-0.0399
5ae97b02-7893-4ef8-83aa-585b87983f37	X	81659181	83056180	724	0.0969
5ae97b02-7893-4ef8-83aa-585b87983f37	X	83066791	83939057	406	-0.112
5ae97b02-7893-4ef8-83aa-585b87983f37	X	83941450	90623516	3784	-0.5059
5ae97b02-7893-4ef8-83aa-585b87983f37	X	90624380	92609989	790	-0.1107
5ae97b02-7893-4ef8-83aa-585b87983f37	X	92617172	107559868	7922	-0.503
5ae97b02-7893-4ef8-83aa-585b87983f37	X	107561476	107862479	154	-0.2011
5ae97b02-7893-4ef8-83aa-585b87983f37	X	107867059	108705637	412	-0.1307
5ae97b02-7893-4ef8-83aa-585b87983f37	X	108713631	108750481	15	1.3551
5ae97b02-7893-4ef8-83aa-585b87983f37	X	108755817	108786865	18	1.623
5ae97b02-7893-4ef8-83aa-585b87983f37	X	108789937	108957696	94	1.359
5ae97b02-7893-4ef8-83aa-585b87983f37	X	108958034	117341241	4693	0.1223
5ae97b02-7893-4ef8-83aa-585b87983f37	X	117342110	117601084	182	0.5791
5ae97b02-7893-4ef8-83aa-585b87983f37	X	117603107	119333633	1082	0.7068
5ae97b02-7893-4ef8-83aa-585b87983f37	X	119335520	122059154	1530	-0.1634
5ae97b02-7893-4ef8-83aa-585b87983f37	X	122059788	122268856	116	-0.487
5ae97b02-7893-4ef8-83aa-585b87983f37	X	122269356	125526187	2039	-0.1669
5ae97b02-7893-4ef8-83aa-585b87983f37	X	125526622	127918684	1369	-0.521
5ae97b02-7893-4ef8-83aa-585b87983f37	X	127919513	135529973	3973	-0.1714
5ae97b02-7893-4ef8-83aa-585b87983f37	X	135531574	136593356	561	0.1128
5ae97b02-7893-4ef8-83aa-585b87983f37	X	136595400	136683300	71	-0.2318
5ae97b02-7893-4ef8-83aa-585b87983f37	X	136686398	137135547	223	0.1263
5ae97b02-7893-4ef8-83aa-585b87983f37	X	137136135	138490511	833	-0.1712
5ae97b02-7893-4ef8-83aa-585b87983f37	X	138490569	138490686	2	-5.7925
5ae97b02-7893-4ef8-83aa-585b87983f37	X	138490846	142713141	2730	-0.1631
5ae97b02-7893-4ef8-83aa-585b87983f37	X	142715373	145104801	1490	-0.5492
5ae97b02-7893-4ef8-83aa-585b87983f37	X	145104959	146077230	712	-0.1763
5ae97b02-7893-4ef8-83aa-585b87983f37	X	146078167	146219237	112	0.3501
5ae97b02-7893-4ef8-83aa-585b87983f37	X	146222101	148183750	1437	0.12
5ae97b02-7893-4ef8-83aa-585b87983f37	X	148185888	150708984	1545	0.3391
5ae97b02-7893-4ef8-83aa-585b87983f37	X	150709169	151453583	511	0.1001
5ae97b02-7893-4ef8-83aa-585b87983f37	X	151454897	151677482	149	0.3125
5ae97b02-7893-4ef8-83aa-585b87983f37	X	151678314	155023080	1705	0.5034
5ae97b02-7893-4ef8-83aa-585b87983f37	X	155031744	155952689	285	-0.1186
5ae97b02-7893-4ef8-83aa-585b87983f37	Y	2782397	3043182	131	-0.9865
5ae97b02-7893-4ef8-83aa-585b87983f37	Y	3044140	6744645	719	-1.1365
5ae97b02-7893-4ef8-83aa-585b87983f37	Y	6747321	56872112	5788	-1.0313
