GDC_Aliquot	Chromosome	Start	End	Num_Probes	Segment_Mean
afb999b8-8e00-44c4-8a1f-1be051a82745	1	62920	16721910	8688	0.0074
afb999b8-8e00-44c4-8a1f-1be051a82745	1	16721984	16959824	77	0.3731
afb999b8-8e00-44c4-8a1f-1be051a82745	1	16965399	30261189	7667	0.0013
afb999b8-8e00-44c4-8a1f-1be051a82745	1	30264526	30266949	8	-1.0999
afb999b8-8e00-44c4-8a1f-1be051a82745	1	30268649	72302735	26347	0.0032
afb999b8-8e00-44c4-8a1f-1be051a82745	1	72302815	72331180	26	0.407
afb999b8-8e00-44c4-8a1f-1be051a82745	1	72331209	72343036	12	-0.1272
afb999b8-8e00-44c4-8a1f-1be051a82745	1	72343068	72346757	11	0.5604
afb999b8-8e00-44c4-8a1f-1be051a82745	1	72351072	103616762	20036	0.0037
afb999b8-8e00-44c4-8a1f-1be051a82745	1	103620877	103717410	5	1.5936
afb999b8-8e00-44c4-8a1f-1be051a82745	1	103717617	105470132	918	0.0277
afb999b8-8e00-44c4-8a1f-1be051a82745	1	105470754	105479753	18	0.6275
afb999b8-8e00-44c4-8a1f-1be051a82745	1	105481433	109640399	2622	0.0065
afb999b8-8e00-44c4-8a1f-1be051a82745	1	109642611	109690352	16	-0.2716
afb999b8-8e00-44c4-8a1f-1be051a82745	1	109690415	109697556	12	0.9892
afb999b8-8e00-44c4-8a1f-1be051a82745	1	109702376	169264736	21110	0.008
afb999b8-8e00-44c4-8a1f-1be051a82745	1	169265291	169272528	5	-1.9466
afb999b8-8e00-44c4-8a1f-1be051a82745	1	169273163	196762956	18187	0.009
afb999b8-8e00-44c4-8a1f-1be051a82745	1	196769493	196846661	57	-0.4061
afb999b8-8e00-44c4-8a1f-1be051a82745	1	196847600	209895652	8788	0.005
afb999b8-8e00-44c4-8a1f-1be051a82745	1	209897717	209908720	3	-1.2375
afb999b8-8e00-44c4-8a1f-1be051a82745	1	209910639	215687122	3892	0.0106
afb999b8-8e00-44c4-8a1f-1be051a82745	1	215687267	215688069	3	1.0957
afb999b8-8e00-44c4-8a1f-1be051a82745	1	215688127	236118155	13928	0.0033
afb999b8-8e00-44c4-8a1f-1be051a82745	1	236122114	236127405	6	-1.2321
afb999b8-8e00-44c4-8a1f-1be051a82745	1	236128593	243690894	5835	0.0092
afb999b8-8e00-44c4-8a1f-1be051a82745	1	243697622	243697743	4	-1.4663
afb999b8-8e00-44c4-8a1f-1be051a82745	1	243697759	248525264	3182	0.0041
afb999b8-8e00-44c4-8a1f-1be051a82745	1	248525284	248661836	43	-0.6806
afb999b8-8e00-44c4-8a1f-1be051a82745	1	248661962	248930189	137	0.016
afb999b8-8e00-44c4-8a1f-1be051a82745	2	12784	14059468	10616	-0.0024
afb999b8-8e00-44c4-8a1f-1be051a82745	2	14061503	14064392	9	-1.4891
afb999b8-8e00-44c4-8a1f-1be051a82745	2	14064940	34466002	13469	-0.0021
afb999b8-8e00-44c4-8a1f-1be051a82745	2	34474248	34511990	46	-2.3317
afb999b8-8e00-44c4-8a1f-1be051a82745	2	34512096	146104517	66320	0.0042
afb999b8-8e00-44c4-8a1f-1be051a82745	2	146106836	146109366	24	-1.985
afb999b8-8e00-44c4-8a1f-1be051a82745	2	146120238	166726382	12292	0.0044
afb999b8-8e00-44c4-8a1f-1be051a82745	2	166740228	166744975	3	-1.1676
afb999b8-8e00-44c4-8a1f-1be051a82745	2	166745005	176394114	6134	0.0006
afb999b8-8e00-44c4-8a1f-1be051a82745	2	176402448	176407805	2	1.4349
afb999b8-8e00-44c4-8a1f-1be051a82745	2	176410410	184260262	5064	0.0028
afb999b8-8e00-44c4-8a1f-1be051a82745	2	184260578	184261045	7	-0.8314
afb999b8-8e00-44c4-8a1f-1be051a82745	2	184261884	242147305	35572	0.0018
afb999b8-8e00-44c4-8a1f-1be051a82745	3	20930	189776	156	-0.0247
afb999b8-8e00-44c4-8a1f-1be051a82745	3	190956	191117	2	-1.6704
afb999b8-8e00-44c4-8a1f-1be051a82745	3	193194	3011548	2464	-0.0075
afb999b8-8e00-44c4-8a1f-1be051a82745	3	3013038	3013068	2	1.6902
afb999b8-8e00-44c4-8a1f-1be051a82745	3	3013366	65200174	42701	-0.001
afb999b8-8e00-44c4-8a1f-1be051a82745	3	65202778	65231981	62	-0.5693
afb999b8-8e00-44c4-8a1f-1be051a82745	3	65232734	68697013	2416	-0.0092
afb999b8-8e00-44c4-8a1f-1be051a82745	3	68697108	68699607	15	0.9953
afb999b8-8e00-44c4-8a1f-1be051a82745	3	68699635	75478054	4911	-0.0018
afb999b8-8e00-44c4-8a1f-1be051a82745	3	75481744	75547095	26	0.3631
afb999b8-8e00-44c4-8a1f-1be051a82745	3	75559488	99226455	10987	0.0054
afb999b8-8e00-44c4-8a1f-1be051a82745	3	99226551	99230212	13	-0.9036
afb999b8-8e00-44c4-8a1f-1be051a82745	3	99230225	125713562	16249	0.0022
afb999b8-8e00-44c4-8a1f-1be051a82745	3	125716420	125739919	13	0.701
afb999b8-8e00-44c4-8a1f-1be051a82745	3	125743486	130044016	2458	-0.0067
afb999b8-8e00-44c4-8a1f-1be051a82745	3	130044855	130089433	41	0.4799
afb999b8-8e00-44c4-8a1f-1be051a82745	3	130089968	131987852	1164	0.0054
afb999b8-8e00-44c4-8a1f-1be051a82745	3	131989313	131989627	2	-2.1494
afb999b8-8e00-44c4-8a1f-1be051a82745	3	131996155	143566923	7199	-0.002
afb999b8-8e00-44c4-8a1f-1be051a82745	3	143566958	143567959	5	-0.9191
afb999b8-8e00-44c4-8a1f-1be051a82745	3	143568209	146730707	2060	-0.0106
afb999b8-8e00-44c4-8a1f-1be051a82745	3	146731712	146758696	13	-0.4915
afb999b8-8e00-44c4-8a1f-1be051a82745	3	146759265	162822221	9847	0.0018
afb999b8-8e00-44c4-8a1f-1be051a82745	3	162822685	162822702	2	-1.5631
afb999b8-8e00-44c4-8a1f-1be051a82745	3	162827928	162996729	120	0.0069
afb999b8-8e00-44c4-8a1f-1be051a82745	3	162999939	163001774	2	-3.3
afb999b8-8e00-44c4-8a1f-1be051a82745	3	163008371	187877506	15270	0.0001
afb999b8-8e00-44c4-8a1f-1be051a82745	3	187877590	187877925	2	1.5109
afb999b8-8e00-44c4-8a1f-1be051a82745	3	187877952	190538297	1991	-0.0037
afb999b8-8e00-44c4-8a1f-1be051a82745	3	190542248	190542906	3	-1.538
afb999b8-8e00-44c4-8a1f-1be051a82745	3	190543126	193155915	1830	-0.0047
afb999b8-8e00-44c4-8a1f-1be051a82745	3	193156018	193165114	22	-1.2484
afb999b8-8e00-44c4-8a1f-1be051a82745	3	193168646	194941224	1187	-0.0112
afb999b8-8e00-44c4-8a1f-1be051a82745	3	194948867	194952897	2	-1.783
afb999b8-8e00-44c4-8a1f-1be051a82745	3	194953385	195558822	294	-0.0019
afb999b8-8e00-44c4-8a1f-1be051a82745	3	195559056	195729177	34	0.6122
afb999b8-8e00-44c4-8a1f-1be051a82745	3	195730018	198169247	1177	0.0073
afb999b8-8e00-44c4-8a1f-1be051a82745	4	68929	9455251	5160	-0.0002
afb999b8-8e00-44c4-8a1f-1be051a82745	4	9459504	9484440	7	0.9791
afb999b8-8e00-44c4-8a1f-1be051a82745	4	9494650	10208766	539	-0.0021
afb999b8-8e00-44c4-8a1f-1be051a82745	4	10221792	10229874	28	-1.9873
afb999b8-8e00-44c4-8a1f-1be051a82745	4	10232590	10233644	7	-0.8345
afb999b8-8e00-44c4-8a1f-1be051a82745	4	10234518	10389091	171	-0.0358
afb999b8-8e00-44c4-8a1f-1be051a82745	4	10390730	10398532	14	0.6349
afb999b8-8e00-44c4-8a1f-1be051a82745	4	10398887	13269760	2327	0.004
afb999b8-8e00-44c4-8a1f-1be051a82745	4	13272224	13274333	2	-1.5024
afb999b8-8e00-44c4-8a1f-1be051a82745	4	13275028	34777432	14467	0.0037
afb999b8-8e00-44c4-8a1f-1be051a82745	4	34784878	34823103	38	-0.6747
afb999b8-8e00-44c4-8a1f-1be051a82745	4	34828250	48180135	8462	0.0015
afb999b8-8e00-44c4-8a1f-1be051a82745	4	48180232	48188521	19	0.514
afb999b8-8e00-44c4-8a1f-1be051a82745	4	48188569	63827261	8075	0.0088
afb999b8-8e00-44c4-8a1f-1be051a82745	4	63828222	63850713	30	0.5901
afb999b8-8e00-44c4-8a1f-1be051a82745	4	63851308	114254188	30648	0.0039
afb999b8-8e00-44c4-8a1f-1be051a82745	4	114254202	114263110	24	0.6375
afb999b8-8e00-44c4-8a1f-1be051a82745	4	114263154	114586468	223	-0.0029
afb999b8-8e00-44c4-8a1f-1be051a82745	4	114587010	114589298	3	-1.2899
afb999b8-8e00-44c4-8a1f-1be051a82745	4	114593270	157639988	25677	0.0043
afb999b8-8e00-44c4-8a1f-1be051a82745	4	157640195	157640571	4	-1.141
afb999b8-8e00-44c4-8a1f-1be051a82745	4	157640707	172066777	9161	0.0029
afb999b8-8e00-44c4-8a1f-1be051a82745	4	172067997	172074828	13	0.9917
afb999b8-8e00-44c4-8a1f-1be051a82745	4	172075742	172501371	229	-0.0015
afb999b8-8e00-44c4-8a1f-1be051a82745	4	172503796	172507492	7	1.2614
afb999b8-8e00-44c4-8a1f-1be051a82745	4	172519981	188515761	10915	0.0063
afb999b8-8e00-44c4-8a1f-1be051a82745	4	188515932	188516256	8	-1.0989
afb999b8-8e00-44c4-8a1f-1be051a82745	4	188518718	189267889	570	0.0068
afb999b8-8e00-44c4-8a1f-1be051a82745	4	189273964	189278110	4	-2.9188
afb999b8-8e00-44c4-8a1f-1be051a82745	4	189278617	190106768	350	0.0001
afb999b8-8e00-44c4-8a1f-1be051a82745	5	15532	11161513	9100	-0.0003
afb999b8-8e00-44c4-8a1f-1be051a82745	5	11162524	11162659	3	-1.2294
afb999b8-8e00-44c4-8a1f-1be051a82745	5	11167165	12819201	1092	0.0025
afb999b8-8e00-44c4-8a1f-1be051a82745	5	12819263	12838421	11	-1.8157
afb999b8-8e00-44c4-8a1f-1be051a82745	5	12849089	13802889	560	-0.0137
afb999b8-8e00-44c4-8a1f-1be051a82745	5	13803011	13803049	2	-1.5673
afb999b8-8e00-44c4-8a1f-1be051a82745	5	13803443	21376735	4902	0.0029
afb999b8-8e00-44c4-8a1f-1be051a82745	5	21377730	21377744	2	-1.9661
afb999b8-8e00-44c4-8a1f-1be051a82745	5	21385957	26220393	2835	0.0115
afb999b8-8e00-44c4-8a1f-1be051a82745	5	26224583	26224793	3	-1.3467
afb999b8-8e00-44c4-8a1f-1be051a82745	5	26229887	34700599	5423	0.0127
afb999b8-8e00-44c4-8a1f-1be051a82745	5	34700960	34701084	2	-2.1331
afb999b8-8e00-44c4-8a1f-1be051a82745	5	34703258	46251204	6744	0.0096
afb999b8-8e00-44c4-8a1f-1be051a82745	5	46270906	46273400	8	1.0479
afb999b8-8e00-44c4-8a1f-1be051a82745	5	46278110	76154195	15558	0.0044
afb999b8-8e00-44c4-8a1f-1be051a82745	5	76154242	76154319	3	1.1028
afb999b8-8e00-44c4-8a1f-1be051a82745	5	76154351	91125576	8798	0.0057
afb999b8-8e00-44c4-8a1f-1be051a82745	5	91127735	91128077	3	-1.2783
afb999b8-8e00-44c4-8a1f-1be051a82745	5	91128462	150822643	37403	0.0013
afb999b8-8e00-44c4-8a1f-1be051a82745	5	150825938	150839042	8	-3.6671
afb999b8-8e00-44c4-8a1f-1be051a82745	5	150843825	157989069	4954	0.0035
afb999b8-8e00-44c4-8a1f-1be051a82745	5	157993074	158008558	10	-1.134
afb999b8-8e00-44c4-8a1f-1be051a82745	5	158011180	175946505	12752	0.0017
afb999b8-8e00-44c4-8a1f-1be051a82745	5	175960543	175966609	3	1.5188
afb999b8-8e00-44c4-8a1f-1be051a82745	5	175966747	181363319	2723	-0.0019
afb999b8-8e00-44c4-8a1f-1be051a82745	6	149661	257353	102	0.0236
afb999b8-8e00-44c4-8a1f-1be051a82745	6	258265	322696	30	0.4702
afb999b8-8e00-44c4-8a1f-1be051a82745	6	323084	722974	343	0.0101
afb999b8-8e00-44c4-8a1f-1be051a82745	6	724316	726515	4	-1.9478
afb999b8-8e00-44c4-8a1f-1be051a82745	6	726736	29869411	21181	0.0028
afb999b8-8e00-44c4-8a1f-1be051a82745	6	29869537	29882419	15	-1.267
afb999b8-8e00-44c4-8a1f-1be051a82745	6	29882497	31313046	663	0.0072
afb999b8-8e00-44c4-8a1f-1be051a82745	6	31318499	31327629	7	-1.9808
afb999b8-8e00-44c4-8a1f-1be051a82745	6	31328176	32486746	507	0.0159
afb999b8-8e00-44c4-8a1f-1be051a82745	6	32488906	32533522	13	1.5102
afb999b8-8e00-44c4-8a1f-1be051a82745	6	32540699	32722250	91	0.2659
afb999b8-8e00-44c4-8a1f-1be051a82745	6	32723020	32723053	3	2.3514
afb999b8-8e00-44c4-8a1f-1be051a82745	6	32732907	50925015	11449	-0.0007
afb999b8-8e00-44c4-8a1f-1be051a82745	6	50925538	50925578	2	1.4299
afb999b8-8e00-44c4-8a1f-1be051a82745	6	50931560	54066269	2201	0.0089
afb999b8-8e00-44c4-8a1f-1be051a82745	6	54066286	54070550	9	0.8766
afb999b8-8e00-44c4-8a1f-1be051a82745	6	54070617	65000836	4466	0.0101
afb999b8-8e00-44c4-8a1f-1be051a82745	6	65001506	65003899	3	-1.2815
afb999b8-8e00-44c4-8a1f-1be051a82745	6	65007491	72153222	4830	0.0013
afb999b8-8e00-44c4-8a1f-1be051a82745	6	72156821	72157169	2	-2.8925
afb999b8-8e00-44c4-8a1f-1be051a82745	6	72158860	74823749	1709	0.0063
afb999b8-8e00-44c4-8a1f-1be051a82745	6	74823796	74828604	6	-0.5854
afb999b8-8e00-44c4-8a1f-1be051a82745	6	74829426	76726815	1153	0.0098
afb999b8-8e00-44c4-8a1f-1be051a82745	6	76730151	76743040	21	0.3531
afb999b8-8e00-44c4-8a1f-1be051a82745	6	76751356	78259348	977	0.0114
afb999b8-8e00-44c4-8a1f-1be051a82745	6	78259388	78331916	114	0.502
afb999b8-8e00-44c4-8a1f-1be051a82745	6	78332002	80574999	1433	0.0044
afb999b8-8e00-44c4-8a1f-1be051a82745	6	80575042	80579817	28	-0.9281
afb999b8-8e00-44c4-8a1f-1be051a82745	6	80584624	93942689	8548	0.0008
afb999b8-8e00-44c4-8a1f-1be051a82745	6	93942822	93947846	2	-1.7977
afb999b8-8e00-44c4-8a1f-1be051a82745	6	93949814	103286954	5467	0.0017
afb999b8-8e00-44c4-8a1f-1be051a82745	6	103290101	103314186	46	-1.0743
afb999b8-8e00-44c4-8a1f-1be051a82745	6	103317795	168668022	42865	-0.0007
afb999b8-8e00-44c4-8a1f-1be051a82745	6	168673408	168673916	4	-1.3053
afb999b8-8e00-44c4-8a1f-1be051a82745	6	168674369	170032659	982	-0.024
afb999b8-8e00-44c4-8a1f-1be051a82745	6	170032852	170094680	31	-0.3674
afb999b8-8e00-44c4-8a1f-1be051a82745	6	170094742	170741917	305	-0.0269
afb999b8-8e00-44c4-8a1f-1be051a82745	7	43355	2218449	719	-0.0021
afb999b8-8e00-44c4-8a1f-1be051a82745	7	2218481	2219211	2	1.5896
afb999b8-8e00-44c4-8a1f-1be051a82745	7	2222889	8331240	3958	0.0098
afb999b8-8e00-44c4-8a1f-1be051a82745	7	8335563	8335774	2	-1.6817
afb999b8-8e00-44c4-8a1f-1be051a82745	7	8336318	12982484	3747	-0.0006
afb999b8-8e00-44c4-8a1f-1be051a82745	7	12985836	12988660	2	-3.8955
afb999b8-8e00-44c4-8a1f-1be051a82745	7	12989332	76234706	38251	0.0067
afb999b8-8e00-44c4-8a1f-1be051a82745	7	76236953	76239378	2	2.1693
afb999b8-8e00-44c4-8a1f-1be051a82745	7	76242162	101437642	15219	0.0044
afb999b8-8e00-44c4-8a1f-1be051a82745	7	101438517	101438705	2	-1.5247
afb999b8-8e00-44c4-8a1f-1be051a82745	7	101442977	124523209	13925	0.0043
afb999b8-8e00-44c4-8a1f-1be051a82745	7	124523712	124524073	3	-1.1807
afb999b8-8e00-44c4-8a1f-1be051a82745	7	124524582	126405502	1178	0.0009
afb999b8-8e00-44c4-8a1f-1be051a82745	7	126405597	126406561	10	-1.4482
afb999b8-8e00-44c4-8a1f-1be051a82745	7	126406822	134100442	4701	-0.0049
afb999b8-8e00-44c4-8a1f-1be051a82745	7	134100458	134113805	32	0.6598
afb999b8-8e00-44c4-8a1f-1be051a82745	7	134114093	142063324	5195	0.0023
afb999b8-8e00-44c4-8a1f-1be051a82745	7	142069843	142090279	30	-0.8695
afb999b8-8e00-44c4-8a1f-1be051a82745	7	142090383	147314296	3072	0.0086
afb999b8-8e00-44c4-8a1f-1be051a82745	7	147314595	147314989	2	-1.5265
afb999b8-8e00-44c4-8a1f-1be051a82745	7	147317906	154083159	4143	0.0091
afb999b8-8e00-44c4-8a1f-1be051a82745	7	154092910	154099927	5	-1.1128
afb999b8-8e00-44c4-8a1f-1be051a82745	7	154104301	159334314	3649	0.0056
afb999b8-8e00-44c4-8a1f-1be051a82745	8	81254	8196822	7796	-0.0026
afb999b8-8e00-44c4-8a1f-1be051a82745	8	8197738	8214781	3	-1.815
afb999b8-8e00-44c4-8a1f-1be051a82745	8	8234503	9644390	1338	0.005
afb999b8-8e00-44c4-8a1f-1be051a82745	8	9644448	9644751	6	-1.0054
afb999b8-8e00-44c4-8a1f-1be051a82745	8	9644826	39373140	21385	0.0029
afb999b8-8e00-44c4-8a1f-1be051a82745	8	39378084	39529446	59	-2.2701
afb999b8-8e00-44c4-8a1f-1be051a82745	8	39530780	40914477	1074	0.0171
afb999b8-8e00-44c4-8a1f-1be051a82745	8	40920333	40920952	2	-1.8586
afb999b8-8e00-44c4-8a1f-1be051a82745	8	40926161	50118212	3506	0.003
afb999b8-8e00-44c4-8a1f-1be051a82745	8	50119451	50120863	9	-0.7162
afb999b8-8e00-44c4-8a1f-1be051a82745	8	50126018	141566354	58903	0.0029
afb999b8-8e00-44c4-8a1f-1be051a82745	8	141566973	141752289	126	-0.1503
afb999b8-8e00-44c4-8a1f-1be051a82745	8	141755244	142041784	185	-0.0054
afb999b8-8e00-44c4-8a1f-1be051a82745	8	142042308	142056317	12	-0.6564
afb999b8-8e00-44c4-8a1f-1be051a82745	8	142057348	145072769	1128	-0.0061
afb999b8-8e00-44c4-8a1f-1be051a82745	9	46587	224503	42	0.1609
afb999b8-8e00-44c4-8a1f-1be051a82745	9	224640	5078423	5202	0.0031
afb999b8-8e00-44c4-8a1f-1be051a82745	9	5078443	5084352	18	0.4662
afb999b8-8e00-44c4-8a1f-1be051a82745	9	5084367	23361807	15170	0.0152
afb999b8-8e00-44c4-8a1f-1be051a82745	9	23363117	23380447	11	0.6797
afb999b8-8e00-44c4-8a1f-1be051a82745	9	23380836	39138018	10707	0.0085
afb999b8-8e00-44c4-8a1f-1be051a82745	9	39138124	41644133	135	0.1881
afb999b8-8e00-44c4-8a1f-1be051a82745	9	41644133	42726239	63	-0.2951
afb999b8-8e00-44c4-8a1f-1be051a82745	9	42727685	63580418	110	0.0203
afb999b8-8e00-44c4-8a1f-1be051a82745	9	63590317	63590322	3	1.3055
afb999b8-8e00-44c4-8a1f-1be051a82745	9	63590323	102112605	23775	0.0071
afb999b8-8e00-44c4-8a1f-1be051a82745	9	102112966	102176033	38	0.3061
afb999b8-8e00-44c4-8a1f-1be051a82745	9	102178547	104253130	1482	-0.001
afb999b8-8e00-44c4-8a1f-1be051a82745	9	104255389	104266711	11	-1.0467
afb999b8-8e00-44c4-8a1f-1be051a82745	9	104266724	138200944	22759	0.0049
afb999b8-8e00-44c4-8a1f-1be051a82745	10	45792	13008005	10917	0.0046
afb999b8-8e00-44c4-8a1f-1be051a82745	10	13008023	13008170	4	-1.8849
afb999b8-8e00-44c4-8a1f-1be051a82745	10	13008428	17480443	3743	0.0129
afb999b8-8e00-44c4-8a1f-1be051a82745	10	17480684	17480700	2	-1.3345
afb999b8-8e00-44c4-8a1f-1be051a82745	10	17481042	24086334	4535	0.0055
afb999b8-8e00-44c4-8a1f-1be051a82745	10	24088745	24089125	11	-2.0812
afb999b8-8e00-44c4-8a1f-1be051a82745	10	24089979	41755254	9869	0.0149
afb999b8-8e00-44c4-8a1f-1be051a82745	10	41761331	41762350	3	-1.5686
afb999b8-8e00-44c4-8a1f-1be051a82745	10	41766216	46836986	2657	0.0054
afb999b8-8e00-44c4-8a1f-1be051a82745	10	46898735	46901552	2	2.8549
afb999b8-8e00-44c4-8a1f-1be051a82745	10	46967412	47044272	10	-0.2438
afb999b8-8e00-44c4-8a1f-1be051a82745	10	47045228	54920517	5314	0.0019
afb999b8-8e00-44c4-8a1f-1be051a82745	10	54923330	54924277	2	-3.7374
afb999b8-8e00-44c4-8a1f-1be051a82745	10	54927534	55113507	117	-0.0106
afb999b8-8e00-44c4-8a1f-1be051a82745	10	55116477	55116667	3	-1.1045
afb999b8-8e00-44c4-8a1f-1be051a82745	10	55119089	56753095	1089	0.0032
afb999b8-8e00-44c4-8a1f-1be051a82745	10	56756615	56767077	41	-0.8642
afb999b8-8e00-44c4-8a1f-1be051a82745	10	56772992	65546518	6114	0.004
afb999b8-8e00-44c4-8a1f-1be051a82745	10	65548165	65554672	27	-0.5199
afb999b8-8e00-44c4-8a1f-1be051a82745	10	65554688	133415637	46088	0.0028
afb999b8-8e00-44c4-8a1f-1be051a82745	10	133416215	133416364	2	-2.4452
afb999b8-8e00-44c4-8a1f-1be051a82745	10	133419150	133654968	148	0.0094
afb999b8-8e00-44c4-8a1f-1be051a82745	11	198510	5772353	3242	0.0028
afb999b8-8e00-44c4-8a1f-1be051a82745	11	5773015	5787909	22	-0.542
afb999b8-8e00-44c4-8a1f-1be051a82745	11	5788108	55608804	31233	0.0051
afb999b8-8e00-44c4-8a1f-1be051a82745	11	55609022	55685533	51	-0.5216
afb999b8-8e00-44c4-8a1f-1be051a82745	11	55686100	56071311	289	-0.0253
afb999b8-8e00-44c4-8a1f-1be051a82745	11	56071542	56081102	6	-0.7382
afb999b8-8e00-44c4-8a1f-1be051a82745	11	56081445	56432927	215	0.034
afb999b8-8e00-44c4-8a1f-1be051a82745	11	56434217	56436845	2	-1.2259
afb999b8-8e00-44c4-8a1f-1be051a82745	11	56437617	65249946	4751	0.005
afb999b8-8e00-44c4-8a1f-1be051a82745	11	65251588	65255077	3	-1.2791
afb999b8-8e00-44c4-8a1f-1be051a82745	11	65261474	86178616	12183	0.0043
afb999b8-8e00-44c4-8a1f-1be051a82745	11	86178906	86187779	16	-0.9491
afb999b8-8e00-44c4-8a1f-1be051a82745	11	86188770	92097323	3839	0.0108
afb999b8-8e00-44c4-8a1f-1be051a82745	11	92097492	92097877	2	1.4984
afb999b8-8e00-44c4-8a1f-1be051a82745	11	92099538	107367930	11063	0.0043
afb999b8-8e00-44c4-8a1f-1be051a82745	11	107367945	107368402	6	-0.8965
afb999b8-8e00-44c4-8a1f-1be051a82745	11	107381636	123650732	11245	0.0029
afb999b8-8e00-44c4-8a1f-1be051a82745	11	123652013	123652399	4	-2.1861
afb999b8-8e00-44c4-8a1f-1be051a82745	11	123652650	135074876	8680	-0.0009
afb999b8-8e00-44c4-8a1f-1be051a82745	12	51460	2126723	1266	0.0151
afb999b8-8e00-44c4-8a1f-1be051a82745	12	2136696	2148754	41	-0.7906
afb999b8-8e00-44c4-8a1f-1be051a82745	12	2148857	10665012	5667	0.0009
afb999b8-8e00-44c4-8a1f-1be051a82745	12	10665058	10665222	2	1.3437
afb999b8-8e00-44c4-8a1f-1be051a82745	12	10665261	11358643	405	0.0113
afb999b8-8e00-44c4-8a1f-1be051a82745	12	11358644	11400172	35	0.343
afb999b8-8e00-44c4-8a1f-1be051a82745	12	11400292	13177313	1374	0.0169
afb999b8-8e00-44c4-8a1f-1be051a82745	12	13178235	13181928	4	-1.1861
afb999b8-8e00-44c4-8a1f-1be051a82745	12	13182206	27941988	10166	0.0115
afb999b8-8e00-44c4-8a1f-1be051a82745	12	27942560	27944664	10	-0.9587
afb999b8-8e00-44c4-8a1f-1be051a82745	12	27944711	133201603	65892	0.0033
afb999b8-8e00-44c4-8a1f-1be051a82745	13	18452809	23055048	2858	0.0093
afb999b8-8e00-44c4-8a1f-1be051a82745	13	23055071	23059376	13	-0.6935
afb999b8-8e00-44c4-8a1f-1be051a82745	13	23064056	37496998	10614	0.002
afb999b8-8e00-44c4-8a1f-1be051a82745	13	37497899	37510620	16	-2.273
afb999b8-8e00-44c4-8a1f-1be051a82745	13	37514193	48957415	8030	0
afb999b8-8e00-44c4-8a1f-1be051a82745	13	48959579	48962368	2	-4.2239
afb999b8-8e00-44c4-8a1f-1be051a82745	13	48963569	50095204	505	0
afb999b8-8e00-44c4-8a1f-1be051a82745	13	50097244	50109065	2	2.0298
afb999b8-8e00-44c4-8a1f-1be051a82745	13	50110708	68677373	10929	-0.0025
afb999b8-8e00-44c4-8a1f-1be051a82745	13	68677517	68694987	26	-0.7913
afb999b8-8e00-44c4-8a1f-1be051a82745	13	68695002	71902850	2062	-0.0056
afb999b8-8e00-44c4-8a1f-1be051a82745	13	71903417	71906418	4	-3.0826
afb999b8-8e00-44c4-8a1f-1be051a82745	13	71906467	97875020	16951	0.0039
afb999b8-8e00-44c4-8a1f-1be051a82745	13	97877870	97879211	6	-0.8842
afb999b8-8e00-44c4-8a1f-1be051a82745	13	97881576	114342922	12139	0.0033
afb999b8-8e00-44c4-8a1f-1be051a82745	14	18239283	18625765	13	0.124
afb999b8-8e00-44c4-8a1f-1be051a82745	14	18639714	18646056	3	1.067
afb999b8-8e00-44c4-8a1f-1be051a82745	14	18656322	19138115	19	0.1775
afb999b8-8e00-44c4-8a1f-1be051a82745	14	19140829	19955213	132	1.1819
afb999b8-8e00-44c4-8a1f-1be051a82745	14	19956767	73534419	34087	0.0085
afb999b8-8e00-44c4-8a1f-1be051a82745	14	73540003	73554275	8	-2.1397
afb999b8-8e00-44c4-8a1f-1be051a82745	14	73563196	106877229	21163	0.0016
afb999b8-8e00-44c4-8a1f-1be051a82745	15	19811075	20026653	47	0.0161
afb999b8-8e00-44c4-8a1f-1be051a82745	15	20041119	22635920	177	0.2681
afb999b8-8e00-44c4-8a1f-1be051a82745	15	22646628	26315045	2340	0.0229
afb999b8-8e00-44c4-8a1f-1be051a82745	15	26317005	26318009	2	-1.4937
afb999b8-8e00-44c4-8a1f-1be051a82745	15	26318441	30488460	2292	0.0125
afb999b8-8e00-44c4-8a1f-1be051a82745	15	30500366	30633402	8	0.896
afb999b8-8e00-44c4-8a1f-1be051a82745	15	30638297	101888798	46688	0.0083
afb999b8-8e00-44c4-8a1f-1be051a82745	15	101888834	101928837	8	-0.8959
afb999b8-8e00-44c4-8a1f-1be051a82745	16	10777	15100205	11201	0.0105
afb999b8-8e00-44c4-8a1f-1be051a82745	16	15147437	15322653	21	-0.6886
afb999b8-8e00-44c4-8a1f-1be051a82745	16	15388077	16268505	531	0.0359
afb999b8-8e00-44c4-8a1f-1be051a82745	16	16269368	16614737	30	-0.6333
afb999b8-8e00-44c4-8a1f-1be051a82745	16	16620150	18583078	998	0.0076
afb999b8-8e00-44c4-8a1f-1be051a82745	16	18595356	18730788	14	-0.8982
afb999b8-8e00-44c4-8a1f-1be051a82745	16	18731740	22604483	1996	0.0084
afb999b8-8e00-44c4-8a1f-1be051a82745	16	22614263	22691516	55	-0.3262
afb999b8-8e00-44c4-8a1f-1be051a82745	16	22692430	55762477	12093	0.0041
afb999b8-8e00-44c4-8a1f-1be051a82745	16	55762598	55788485	20	-0.6428
afb999b8-8e00-44c4-8a1f-1be051a82745	16	55788532	55809606	6	0.5092
afb999b8-8e00-44c4-8a1f-1be051a82745	16	55809810	78339440	14282	0.0106
afb999b8-8e00-44c4-8a1f-1be051a82745	16	78339867	78339920	2	1.7184
afb999b8-8e00-44c4-8a1f-1be051a82745	16	78342480	78683872	462	0.0191
afb999b8-8e00-44c4-8a1f-1be051a82745	16	78684055	78684072	2	-1.6759
afb999b8-8e00-44c4-8a1f-1be051a82745	16	78684130	79382720	900	0.0055
afb999b8-8e00-44c4-8a1f-1be051a82745	16	79384406	79388253	6	-1.6516
afb999b8-8e00-44c4-8a1f-1be051a82745	16	79390668	90096867	9260	-0.0018
afb999b8-8e00-44c4-8a1f-1be051a82745	17	150733	7354708	4086	-0.0037
afb999b8-8e00-44c4-8a1f-1be051a82745	17	7362030	7362487	2	-2.2168
afb999b8-8e00-44c4-8a1f-1be051a82745	17	7363157	16510295	6288	0.0133
afb999b8-8e00-44c4-8a1f-1be051a82745	17	16510898	16511473	4	-1.3379
afb999b8-8e00-44c4-8a1f-1be051a82745	17	16513106	16750987	97	-0.0192
afb999b8-8e00-44c4-8a1f-1be051a82745	17	16754017	16834846	11	0.603
afb999b8-8e00-44c4-8a1f-1be051a82745	17	16838201	18414080	908	0.0184
afb999b8-8e00-44c4-8a1f-1be051a82745	17	18452078	18550123	25	-1.5997
afb999b8-8e00-44c4-8a1f-1be051a82745	17	18561272	41265456	9400	0.0007
afb999b8-8e00-44c4-8a1f-1be051a82745	17	41266762	41276472	25	-0.6155
afb999b8-8e00-44c4-8a1f-1be051a82745	17	41276588	46085732	2499	0.0055
afb999b8-8e00-44c4-8a1f-1be051a82745	17	46088437	46284997	123	0.3502
afb999b8-8e00-44c4-8a1f-1be051a82745	17	46286804	46446360	5	-1.0596
afb999b8-8e00-44c4-8a1f-1be051a82745	17	46569894	83091923	21573	0.0058
afb999b8-8e00-44c4-8a1f-1be051a82745	18	48133	80257174	50754	0.0017
afb999b8-8e00-44c4-8a1f-1be051a82745	19	90910	20405326	8919	0.004
afb999b8-8e00-44c4-8a1f-1be051a82745	19	20406027	20543816	83	-0.7583
afb999b8-8e00-44c4-8a1f-1be051a82745	19	20553547	21528153	542	0.0332
afb999b8-8e00-44c4-8a1f-1be051a82745	19	21534501	21538872	2	-1.8961
afb999b8-8e00-44c4-8a1f-1be051a82745	19	21539503	46372053	12722	0.0091
afb999b8-8e00-44c4-8a1f-1be051a82745	19	46372960	46373684	2	1.6441
afb999b8-8e00-44c4-8a1f-1be051a82745	19	46374645	48453742	1024	0.0107
afb999b8-8e00-44c4-8a1f-1be051a82745	19	48455931	48455978	2	-1.1994
afb999b8-8e00-44c4-8a1f-1be051a82745	19	48460176	49899356	509	0.0162
afb999b8-8e00-44c4-8a1f-1be051a82745	19	49905908	49913000	3	-1.3545
afb999b8-8e00-44c4-8a1f-1be051a82745	19	49914233	51628545	961	0.0214
afb999b8-8e00-44c4-8a1f-1be051a82745	19	51628560	51644944	12	-0.7881
afb999b8-8e00-44c4-8a1f-1be051a82745	19	51651652	54215136	1733	0.0159
afb999b8-8e00-44c4-8a1f-1be051a82745	19	54226329	54237429	15	0.7162
afb999b8-8e00-44c4-8a1f-1be051a82745	19	54237443	54740939	271	-0.0022
afb999b8-8e00-44c4-8a1f-1be051a82745	19	54772391	54787128	4	-1.579
afb999b8-8e00-44c4-8a1f-1be051a82745	19	54788617	58586487	2313	-0.0012
afb999b8-8e00-44c4-8a1f-1be051a82745	20	80664	1609611	1240	0.0054
afb999b8-8e00-44c4-8a1f-1be051a82745	20	1609809	1613247	4	-1.6012
afb999b8-8e00-44c4-8a1f-1be051a82745	20	1617300	42742323	25704	0.0081
afb999b8-8e00-44c4-8a1f-1be051a82745	20	42743028	42743085	2	-1.8398
afb999b8-8e00-44c4-8a1f-1be051a82745	20	42743224	54062746	8011	0.0085
afb999b8-8e00-44c4-8a1f-1be051a82745	20	54062819	54062840	2	-1.8117
afb999b8-8e00-44c4-8a1f-1be051a82745	20	54062953	64324800	7423	0.0008
afb999b8-8e00-44c4-8a1f-1be051a82745	21	10354168	46677045	23870	0.0052
afb999b8-8e00-44c4-8a1f-1be051a82745	22	15294547	38955461	15240	0.0054
afb999b8-8e00-44c4-8a1f-1be051a82745	22	38967614	38993700	25	-0.5385
afb999b8-8e00-44c4-8a1f-1be051a82745	22	38993715	42496433	1886	-0.0038
afb999b8-8e00-44c4-8a1f-1be051a82745	22	42496576	42570422	32	0.4669
afb999b8-8e00-44c4-8a1f-1be051a82745	22	42570693	50796027	6095	-0.0027
afb999b8-8e00-44c4-8a1f-1be051a82745	X	251810	8112405	4129	-0.0013
afb999b8-8e00-44c4-8a1f-1be051a82745	X	8113516	8114413	3	-1.6657
afb999b8-8e00-44c4-8a1f-1be051a82745	X	8115417	155952689	79537	0.0057
afb999b8-8e00-44c4-8a1f-1be051a82745	Y	2782397	16921816	4963	-0.8649
afb999b8-8e00-44c4-8a1f-1be051a82745	Y	16922512	16926422	2	1.8491
afb999b8-8e00-44c4-8a1f-1be051a82745	Y	16927142	21095353	1085	-0.8897
afb999b8-8e00-44c4-8a1f-1be051a82745	Y	21095662	21103693	3	1.1474
afb999b8-8e00-44c4-8a1f-1be051a82745	Y	21106681	56872112	585	-0.8415
