GDC_Aliquot	Chromosome	Start	End	Num_Probes	Segment_Mean
c588e40b-2814-43fd-b94d-70e6f25e229d	1	62920	98588	12	-0.9163
c588e40b-2814-43fd-b94d-70e6f25e229d	1	98602	3078140	634	0.0909
c588e40b-2814-43fd-b94d-70e6f25e229d	1	3078153	12868035	5874	0.0119
c588e40b-2814-43fd-b94d-70e6f25e229d	1	12922922	13119897	6	-0.736
c588e40b-2814-43fd-b94d-70e6f25e229d	1	13270143	16721984	2161	0.0213
c588e40b-2814-43fd-b94d-70e6f25e229d	1	16766762	16951445	71	0.354
c588e40b-2814-43fd-b94d-70e6f25e229d	1	16955930	25256850	5254	0.0074
c588e40b-2814-43fd-b94d-70e6f25e229d	1	25266637	25319693	21	-1.8502
c588e40b-2814-43fd-b94d-70e6f25e229d	1	25320198	72297687	28726	0.0065
c588e40b-2814-43fd-b94d-70e6f25e229d	1	72302735	72345465	48	-1.09
c588e40b-2814-43fd-b94d-70e6f25e229d	1	72346221	105478582	20954	0.0004
c588e40b-2814-43fd-b94d-70e6f25e229d	1	105478597	105479753	11	-0.6856
c588e40b-2814-43fd-b94d-70e6f25e229d	1	105481433	109684893	2636	0.0127
c588e40b-2814-43fd-b94d-70e6f25e229d	1	109690352	109697533	12	0.5786
c588e40b-2814-43fd-b94d-70e6f25e229d	1	109697556	112147704	1951	0.0033
c588e40b-2814-43fd-b94d-70e6f25e229d	1	112153343	112154619	23	0.4765
c588e40b-2814-43fd-b94d-70e6f25e229d	1	112154754	147032561	5483	0.0115
c588e40b-2814-43fd-b94d-70e6f25e229d	1	147032846	147319245	207	-0.1164
c588e40b-2814-43fd-b94d-70e6f25e229d	1	147319383	152583051	1910	0.0196
c588e40b-2814-43fd-b94d-70e6f25e229d	1	152583230	152613762	31	-1.6993
c588e40b-2814-43fd-b94d-70e6f25e229d	1	152613802	169247699	11485	0.0086
c588e40b-2814-43fd-b94d-70e6f25e229d	1	169264736	169272528	7	-2.366
c588e40b-2814-43fd-b94d-70e6f25e229d	1	169273163	189053842	13011	0.0092
c588e40b-2814-43fd-b94d-70e6f25e229d	1	189058092	189062230	7	-1.0347
c588e40b-2814-43fd-b94d-70e6f25e229d	1	189063349	240228440	35143	0.0042
c588e40b-2814-43fd-b94d-70e6f25e229d	1	240230715	240230839	6	-1.3471
c588e40b-2814-43fd-b94d-70e6f25e229d	1	240232805	248546369	5681	0.0086
c588e40b-2814-43fd-b94d-70e6f25e229d	1	248550567	248633912	35	-0.7038
c588e40b-2814-43fd-b94d-70e6f25e229d	1	248645563	248930189	141	0.0526
c588e40b-2814-43fd-b94d-70e6f25e229d	2	12784	34476558	24087	0.005
c588e40b-2814-43fd-b94d-70e6f25e229d	2	34476604	34511990	42	0.3949
c588e40b-2814-43fd-b94d-70e6f25e229d	2	34512096	52516787	12998	0.0034
c588e40b-2814-43fd-b94d-70e6f25e229d	2	52527330	52554384	39	0.438
c588e40b-2814-43fd-b94d-70e6f25e229d	2	52554404	76617340	15540	0.0038
c588e40b-2814-43fd-b94d-70e6f25e229d	2	76618047	76618300	5	-1.0043
c588e40b-2814-43fd-b94d-70e6f25e229d	2	76620460	79102020	1642	0.0037
c588e40b-2814-43fd-b94d-70e6f25e229d	2	79103652	79114973	7	0.6556
c588e40b-2814-43fd-b94d-70e6f25e229d	2	79115685	86710564	4713	-0.0026
c588e40b-2814-43fd-b94d-70e6f25e229d	2	86725947	86726731	2	-2.0879
c588e40b-2814-43fd-b94d-70e6f25e229d	2	86743283	87500265	166	0.0353
c588e40b-2814-43fd-b94d-70e6f25e229d	2	87516129	87725148	34	-0.505
c588e40b-2814-43fd-b94d-70e6f25e229d	2	87747102	111275965	9889	0.0021
c588e40b-2814-43fd-b94d-70e6f25e229d	2	111278566	111430941	38	0.3745
c588e40b-2814-43fd-b94d-70e6f25e229d	2	111438656	114778592	1892	0.0101
c588e40b-2814-43fd-b94d-70e6f25e229d	2	114778739	114784928	25	0.3156
c588e40b-2814-43fd-b94d-70e6f25e229d	2	114785021	116831010	1199	0.0092
c588e40b-2814-43fd-b94d-70e6f25e229d	2	116832191	116833669	3	-1.4532
c588e40b-2814-43fd-b94d-70e6f25e229d	2	116834128	128880504	7652	-0.0042
c588e40b-2814-43fd-b94d-70e6f25e229d	2	128880904	128882741	15	-0.5715
c588e40b-2814-43fd-b94d-70e6f25e229d	2	128882755	183220725	33265	0.003
c588e40b-2814-43fd-b94d-70e6f25e229d	2	183221060	183224996	9	-0.907
c588e40b-2814-43fd-b94d-70e6f25e229d	2	183229270	194122969	6162	0.0026
c588e40b-2814-43fd-b94d-70e6f25e229d	2	194123143	194124834	2	-1.6779
c588e40b-2814-43fd-b94d-70e6f25e229d	2	194124876	207490231	7944	0.0048
c588e40b-2814-43fd-b94d-70e6f25e229d	2	207490454	207494612	16	-0.5433
c588e40b-2814-43fd-b94d-70e6f25e229d	2	207494752	209247185	1094	0.005
c588e40b-2814-43fd-b94d-70e6f25e229d	2	209247666	209251519	3	-1.2656
c588e40b-2814-43fd-b94d-70e6f25e229d	2	209251625	242147305	20969	0.0054
c588e40b-2814-43fd-b94d-70e6f25e229d	3	20930	68697013	47761	0.0036
c588e40b-2814-43fd-b94d-70e6f25e229d	3	68697108	68698262	14	-0.7377
c588e40b-2814-43fd-b94d-70e6f25e229d	3	68699607	84650607	9913	0.0063
c588e40b-2814-43fd-b94d-70e6f25e229d	3	84650642	84653449	17	-0.4732
c588e40b-2814-43fd-b94d-70e6f25e229d	3	84657133	89337951	2693	0.0061
c588e40b-2814-43fd-b94d-70e6f25e229d	3	89345442	89370231	51	-0.5871
c588e40b-2814-43fd-b94d-70e6f25e229d	3	89370771	99218940	3229	0.0053
c588e40b-2814-43fd-b94d-70e6f25e229d	3	99225614	99229958	23	-0.7534
c588e40b-2814-43fd-b94d-70e6f25e229d	3	99230068	99230448	11	-0.2914
c588e40b-2814-43fd-b94d-70e6f25e229d	3	99230457	99230470	3	-1.0449
c588e40b-2814-43fd-b94d-70e6f25e229d	3	99230577	146756356	29170	0.0059
c588e40b-2814-43fd-b94d-70e6f25e229d	3	146756536	146758696	3	-1.5963
c588e40b-2814-43fd-b94d-70e6f25e229d	3	146759265	162795361	9826	0.0043
c588e40b-2814-43fd-b94d-70e6f25e229d	3	162795671	162898127	60	0.5002
c588e40b-2814-43fd-b94d-70e6f25e229d	3	162906054	165559257	1501	-0.0005
c588e40b-2814-43fd-b94d-70e6f25e229d	3	165563104	165579327	21	0.6784
c588e40b-2814-43fd-b94d-70e6f25e229d	3	165579837	165603984	22	0.4441
c588e40b-2814-43fd-b94d-70e6f25e229d	3	165604022	198169247	20338	0.0084
c588e40b-2814-43fd-b94d-70e6f25e229d	4	68929	9455251	5150	-0.0024
c588e40b-2814-43fd-b94d-70e6f25e229d	4	9459504	9477699	6	-1.2619
c588e40b-2814-43fd-b94d-70e6f25e229d	4	9484440	9858273	159	-0.0467
c588e40b-2814-43fd-b94d-70e6f25e229d	4	9858277	9862603	3	-1.734
c588e40b-2814-43fd-b94d-70e6f25e229d	4	9863418	10208766	378	0.039
c588e40b-2814-43fd-b94d-70e6f25e229d	4	10212536	10233644	36	0.4502
c588e40b-2814-43fd-b94d-70e6f25e229d	4	10234518	61071220	32057	0.0059
c588e40b-2814-43fd-b94d-70e6f25e229d	4	61075217	61076234	2	1.3096
c588e40b-2814-43fd-b94d-70e6f25e229d	4	61079968	68354665	4379	0.0018
c588e40b-2814-43fd-b94d-70e6f25e229d	4	68361130	68395346	7	0.7048
c588e40b-2814-43fd-b94d-70e6f25e229d	4	68416487	68620261	82	-0.2862
c588e40b-2814-43fd-b94d-70e6f25e229d	4	68623617	114252544	27686	0.0061
c588e40b-2814-43fd-b94d-70e6f25e229d	4	114254167	114261019	23	-1.2541
c588e40b-2814-43fd-b94d-70e6f25e229d	4	114263073	136598648	12841	0.0062
c588e40b-2814-43fd-b94d-70e6f25e229d	4	136603673	136603826	2	-1.8187
c588e40b-2814-43fd-b94d-70e6f25e229d	4	136604712	154881396	11180	0.0074
c588e40b-2814-43fd-b94d-70e6f25e229d	4	154881853	154881926	3	-3.1692
c588e40b-2814-43fd-b94d-70e6f25e229d	4	154882047	189267889	22734	0.0049
c588e40b-2814-43fd-b94d-70e6f25e229d	4	189273964	189278617	5	-1.7226
c588e40b-2814-43fd-b94d-70e6f25e229d	4	189290117	190106768	349	-0.0053
c588e40b-2814-43fd-b94d-70e6f25e229d	5	15532	17511800	13368	0.0044
c588e40b-2814-43fd-b94d-70e6f25e229d	5	17513285	17625524	14	-0.7841
c588e40b-2814-43fd-b94d-70e6f25e229d	5	17629411	53399287	19227	0.0036
c588e40b-2814-43fd-b94d-70e6f25e229d	5	53399527	53400140	2	-1.5557
c588e40b-2814-43fd-b94d-70e6f25e229d	5	53401297	58030336	3125	0.0068
c588e40b-2814-43fd-b94d-70e6f25e229d	5	58030453	58042530	31	-0.2879
c588e40b-2814-43fd-b94d-70e6f25e229d	5	58044246	62746355	3086	0.0106
c588e40b-2814-43fd-b94d-70e6f25e229d	5	62750690	62751852	4	-0.7853
c588e40b-2814-43fd-b94d-70e6f25e229d	5	62752182	69533520	4203	0.0091
c588e40b-2814-43fd-b94d-70e6f25e229d	5	69550476	69822308	6	0.6469
c588e40b-2814-43fd-b94d-70e6f25e229d	5	69937600	88636064	10555	0.0072
c588e40b-2814-43fd-b94d-70e6f25e229d	5	88637825	88642967	5	-0.8164
c588e40b-2814-43fd-b94d-70e6f25e229d	5	88648674	110145332	12598	0.0085
c588e40b-2814-43fd-b94d-70e6f25e229d	5	110145682	110147246	3	-1.0909
c588e40b-2814-43fd-b94d-70e6f25e229d	5	110147586	140817637	19560	0.0012
c588e40b-2814-43fd-b94d-70e6f25e229d	5	140824700	140852254	15	0.4318
c588e40b-2814-43fd-b94d-70e6f25e229d	5	140861442	177771448	25021	0.0048
c588e40b-2814-43fd-b94d-70e6f25e229d	5	177800550	177805604	3	1.6356
c588e40b-2814-43fd-b94d-70e6f25e229d	5	177827964	180947484	1793	0.024
c588e40b-2814-43fd-b94d-70e6f25e229d	5	180947523	180991103	20	-0.4219
c588e40b-2814-43fd-b94d-70e6f25e229d	5	181006225	181363319	170	0.0595
c588e40b-2814-43fd-b94d-70e6f25e229d	6	149661	31318528	22322	0.0055
c588e40b-2814-43fd-b94d-70e6f25e229d	6	31318754	31342147	10	-1.5063
c588e40b-2814-43fd-b94d-70e6f25e229d	6	31349570	32463515	494	-0.0525
c588e40b-2814-43fd-b94d-70e6f25e229d	6	32463775	32559507	25	0.8312
c588e40b-2814-43fd-b94d-70e6f25e229d	6	32562367	32722250	85	0.0695
c588e40b-2814-43fd-b94d-70e6f25e229d	6	32723020	32723053	3	1.7146
c588e40b-2814-43fd-b94d-70e6f25e229d	6	32732907	72153222	22951	0.002
c588e40b-2814-43fd-b94d-70e6f25e229d	6	72156821	72158860	3	-1.4304
c588e40b-2814-43fd-b94d-70e6f25e229d	6	72165619	76726815	2866	-0.0004
c588e40b-2814-43fd-b94d-70e6f25e229d	6	76730151	76742956	19	-0.4981
c588e40b-2814-43fd-b94d-70e6f25e229d	6	76742972	78253172	977	0.0065
c588e40b-2814-43fd-b94d-70e6f25e229d	6	78259348	78325468	113	0.3374
c588e40b-2814-43fd-b94d-70e6f25e229d	6	78329517	114874292	22750	0.0062
c588e40b-2814-43fd-b94d-70e6f25e229d	6	114881368	114881626	4	-0.8689
c588e40b-2814-43fd-b94d-70e6f25e229d	6	114885112	132527314	10785	0.0004
c588e40b-2814-43fd-b94d-70e6f25e229d	6	132528269	132531801	2	-1.4586
c588e40b-2814-43fd-b94d-70e6f25e229d	6	132534624	148528293	10511	0.0066
c588e40b-2814-43fd-b94d-70e6f25e229d	6	148528426	148530173	2	-3.2119
c588e40b-2814-43fd-b94d-70e6f25e229d	6	148530201	170741917	15605	0.0066
c588e40b-2814-43fd-b94d-70e6f25e229d	7	43355	21916120	15636	0.0032
c588e40b-2814-43fd-b94d-70e6f25e229d	7	21916167	21926501	13	-0.2999
c588e40b-2814-43fd-b94d-70e6f25e229d	7	21933589	21939899	3	-1.6194
c588e40b-2814-43fd-b94d-70e6f25e229d	7	21941155	26236968	3220	0.0087
c588e40b-2814-43fd-b94d-70e6f25e229d	7	26247541	26275807	16	-0.8522
c588e40b-2814-43fd-b94d-70e6f25e229d	7	26280903	34048652	5479	0.0063
c588e40b-2814-43fd-b94d-70e6f25e229d	7	34050211	34074218	22	-1.0471
c588e40b-2814-43fd-b94d-70e6f25e229d	7	34076118	70955452	20191	0.0072
c588e40b-2814-43fd-b94d-70e6f25e229d	7	70958264	70961155	2	-1.654
c588e40b-2814-43fd-b94d-70e6f25e229d	7	70963257	72532220	1066	0.0069
c588e40b-2814-43fd-b94d-70e6f25e229d	7	72532544	72900354	102	0.1685
c588e40b-2814-43fd-b94d-70e6f25e229d	7	72905784	85256607	6747	0.0048
c588e40b-2814-43fd-b94d-70e6f25e229d	7	85259517	85335772	36	0.508
c588e40b-2814-43fd-b94d-70e6f25e229d	7	85336395	97766150	7735	-0.0011
c588e40b-2814-43fd-b94d-70e6f25e229d	7	97766153	97766159	4	1.2737
c588e40b-2814-43fd-b94d-70e6f25e229d	7	97766194	97777749	29	0.1457
c588e40b-2814-43fd-b94d-70e6f25e229d	7	97788295	97791338	4	-1.1676
c588e40b-2814-43fd-b94d-70e6f25e229d	7	97791340	126405597	16640	0.0054
c588e40b-2814-43fd-b94d-70e6f25e229d	7	126405632	126406561	9	-1.3053
c588e40b-2814-43fd-b94d-70e6f25e229d	7	126406822	146014016	12196	0.0061
c588e40b-2814-43fd-b94d-70e6f25e229d	7	146024859	146036429	14	-0.8633
c588e40b-2814-43fd-b94d-70e6f25e229d	7	146046914	156592980	6984	0.0065
c588e40b-2814-43fd-b94d-70e6f25e229d	7	156599096	156602214	5	-0.8881
c588e40b-2814-43fd-b94d-70e6f25e229d	7	156602336	159334314	1623	0.0215
c588e40b-2814-43fd-b94d-70e6f25e229d	8	81254	16404738	14583	0.0065
c588e40b-2814-43fd-b94d-70e6f25e229d	8	16404755	16416900	23	-0.6814
c588e40b-2814-43fd-b94d-70e6f25e229d	8	16416915	25118687	6863	0.0014
c588e40b-2814-43fd-b94d-70e6f25e229d	8	25119021	25122472	14	-0.5735
c588e40b-2814-43fd-b94d-70e6f25e229d	8	25126554	39373140	9014	0.0088
c588e40b-2814-43fd-b94d-70e6f25e229d	8	39378084	39529446	59	0.5677
c588e40b-2814-43fd-b94d-70e6f25e229d	8	39530780	40611724	858	0.0096
c588e40b-2814-43fd-b94d-70e6f25e229d	8	40611974	40612594	2	1.0159
c588e40b-2814-43fd-b94d-70e6f25e229d	8	40617473	40914477	214	0.0205
c588e40b-2814-43fd-b94d-70e6f25e229d	8	40920333	40920952	2	1.3107
c588e40b-2814-43fd-b94d-70e6f25e229d	8	40926161	50119451	3503	0.0037
c588e40b-2814-43fd-b94d-70e6f25e229d	8	50119464	50119827	7	-2.063
c588e40b-2814-43fd-b94d-70e6f25e229d	8	50120863	71300130	13306	0.0094
c588e40b-2814-43fd-b94d-70e6f25e229d	8	71303076	71304364	8	-0.5677
c588e40b-2814-43fd-b94d-70e6f25e229d	8	71307628	97321636	15737	0.0085
c588e40b-2814-43fd-b94d-70e6f25e229d	8	97322166	97339853	10	-0.5092
c588e40b-2814-43fd-b94d-70e6f25e229d	8	97339934	111279265	8345	0.0069
c588e40b-2814-43fd-b94d-70e6f25e229d	8	111282050	111283031	10	0.8368
c588e40b-2814-43fd-b94d-70e6f25e229d	8	111288052	114279379	1625	0.0022
c588e40b-2814-43fd-b94d-70e6f25e229d	8	114279703	114279737	2	-1.4109
c588e40b-2814-43fd-b94d-70e6f25e229d	8	114280703	142045609	20144	0.0053
c588e40b-2814-43fd-b94d-70e6f25e229d	8	142046163	145072769	1135	0.0531
c588e40b-2814-43fd-b94d-70e6f25e229d	9	46587	11647455	10982	0.0045
c588e40b-2814-43fd-b94d-70e6f25e229d	9	11647509	11934377	208	-0.8682
c588e40b-2814-43fd-b94d-70e6f25e229d	9	11941913	41659472	20062	0.0047
c588e40b-2814-43fd-b94d-70e6f25e229d	9	41666811	60898630	92	-0.3104
c588e40b-2814-43fd-b94d-70e6f25e229d	9	61337631	63742899	115	-0.0152
c588e40b-2814-43fd-b94d-70e6f25e229d	9	63746895	64587807	30	-0.3553
c588e40b-2814-43fd-b94d-70e6f25e229d	9	64603195	138200944	47958	0.0091
c588e40b-2814-43fd-b94d-70e6f25e229d	10	45792	55479138	37386	0.0065
c588e40b-2814-43fd-b94d-70e6f25e229d	10	55479513	55485260	2	-1.4026
c588e40b-2814-43fd-b94d-70e6f25e229d	10	55485675	65546518	7011	0.001
c588e40b-2814-43fd-b94d-70e6f25e229d	10	65548165	65563168	30	0.3092
c588e40b-2814-43fd-b94d-70e6f25e229d	10	65565695	65598232	42	-0.0331
c588e40b-2814-43fd-b94d-70e6f25e229d	10	65598235	65599638	3	-0.8894
c588e40b-2814-43fd-b94d-70e6f25e229d	10	65602156	69522716	2498	0.0041
c588e40b-2814-43fd-b94d-70e6f25e229d	10	69522730	69523086	4	-0.8172
c588e40b-2814-43fd-b94d-70e6f25e229d	10	69531858	79595316	6674	0.0046
c588e40b-2814-43fd-b94d-70e6f25e229d	10	79624118	79737848	14	-0.8371
c588e40b-2814-43fd-b94d-70e6f25e229d	10	79747269	133654968	36966	0.0076
c588e40b-2814-43fd-b94d-70e6f25e229d	11	198510	3465494	1294	0.0041
c588e40b-2814-43fd-b94d-70e6f25e229d	11	3466435	3510186	13	-0.579
c588e40b-2814-43fd-b94d-70e6f25e229d	11	3519839	55609022	33154	0.0053
c588e40b-2814-43fd-b94d-70e6f25e229d	11	55609035	55686100	51	0.4902
c588e40b-2814-43fd-b94d-70e6f25e229d	11	55693207	135074876	52260	0.0065
c588e40b-2814-43fd-b94d-70e6f25e229d	12	51460	756804	416	0.0407
c588e40b-2814-43fd-b94d-70e6f25e229d	12	759943	764863	18	-0.7159
c588e40b-2814-43fd-b94d-70e6f25e229d	12	766188	8289689	5122	0.0189
c588e40b-2814-43fd-b94d-70e6f25e229d	12	8296516	8296621	2	1.371
c588e40b-2814-43fd-b94d-70e6f25e229d	12	8300870	9477960	612	0.0159
c588e40b-2814-43fd-b94d-70e6f25e229d	12	9481274	9582374	26	0.9145
c588e40b-2814-43fd-b94d-70e6f25e229d	12	9583090	11359558	1176	0.0018
c588e40b-2814-43fd-b94d-70e6f25e229d	12	11359597	11390452	27	0.4941
c588e40b-2814-43fd-b94d-70e6f25e229d	12	11390472	22203247	7366	0.0065
c588e40b-2814-43fd-b94d-70e6f25e229d	12	22207289	22207315	2	-1.9898
c588e40b-2814-43fd-b94d-70e6f25e229d	12	22209411	131636170	69454	0.0062
c588e40b-2814-43fd-b94d-70e6f25e229d	12	131648039	131648790	13	-1.4857
c588e40b-2814-43fd-b94d-70e6f25e229d	12	131657925	133201603	559	0.044
c588e40b-2814-43fd-b94d-70e6f25e229d	13	18452809	19791541	645	-0.0003
c588e40b-2814-43fd-b94d-70e6f25e229d	13	19793609	19897837	51	0.2569
c588e40b-2814-43fd-b94d-70e6f25e229d	13	19897857	33618652	10103	0.0135
c588e40b-2814-43fd-b94d-70e6f25e229d	13	33618981	33619239	3	-1.2098
c588e40b-2814-43fd-b94d-70e6f25e229d	13	33623167	37496998	2679	0.007
c588e40b-2814-43fd-b94d-70e6f25e229d	13	37497899	37510620	16	0.7543
c588e40b-2814-43fd-b94d-70e6f25e229d	13	37514193	95333912	37012	0.0051
c588e40b-2814-43fd-b94d-70e6f25e229d	13	95334764	95335104	2	-2.1699
c588e40b-2814-43fd-b94d-70e6f25e229d	13	95336936	114342922	13620	0.0066
c588e40b-2814-43fd-b94d-70e6f25e229d	14	18239283	19019303	30	0.038
c588e40b-2814-43fd-b94d-70e6f25e229d	14	19049265	19955213	137	-0.5421
c588e40b-2814-43fd-b94d-70e6f25e229d	14	19956767	37889001	11554	0.0059
c588e40b-2814-43fd-b94d-70e6f25e229d	14	37893225	37895647	4	-1.0727
c588e40b-2814-43fd-b94d-70e6f25e229d	14	37898025	40139724	1310	0.0035
c588e40b-2814-43fd-b94d-70e6f25e229d	14	40144718	40147715	2	-2.5756
c588e40b-2814-43fd-b94d-70e6f25e229d	14	40148961	106321086	42055	0.0043
c588e40b-2814-43fd-b94d-70e6f25e229d	14	106340102	106346129	7	-1.2426
c588e40b-2814-43fd-b94d-70e6f25e229d	14	106360014	106877229	273	0.0547
c588e40b-2814-43fd-b94d-70e6f25e229d	15	19811075	19929560	22	-0.0361
c588e40b-2814-43fd-b94d-70e6f25e229d	15	19936040	19947475	5	-0.5014
c588e40b-2814-43fd-b94d-70e6f25e229d	15	19950385	20001686	18	-0.004
c588e40b-2814-43fd-b94d-70e6f25e229d	15	20011702	20376309	49	-0.9198
c588e40b-2814-43fd-b94d-70e6f25e229d	15	20376311	20381704	11	-2.7566
c588e40b-2814-43fd-b94d-70e6f25e229d	15	20384774	20665162	43	-0.9148
c588e40b-2814-43fd-b94d-70e6f25e229d	15	20668932	20988347	8	0.1119
c588e40b-2814-43fd-b94d-70e6f25e229d	15	21005443	22005276	24	-0.6531
c588e40b-2814-43fd-b94d-70e6f25e229d	15	22227530	24223273	935	0.0358
c588e40b-2814-43fd-b94d-70e6f25e229d	15	24223313	24263561	20	-0.8153
c588e40b-2814-43fd-b94d-70e6f25e229d	15	24266888	30152073	3695	0.009
c588e40b-2814-43fd-b94d-70e6f25e229d	15	30156392	30215235	7	-1.0197
c588e40b-2814-43fd-b94d-70e6f25e229d	15	30230885	32257550	1087	-0.0038
c588e40b-2814-43fd-b94d-70e6f25e229d	15	32283641	32285940	2	-1.694
c588e40b-2814-43fd-b94d-70e6f25e229d	15	32307601	33885208	1180	0.0067
c588e40b-2814-43fd-b94d-70e6f25e229d	15	33885346	33885490	3	-1.1172
c588e40b-2814-43fd-b94d-70e6f25e229d	15	33886113	76599170	26802	0.0074
c588e40b-2814-43fd-b94d-70e6f25e229d	15	76599286	76603434	20	-1.7687
c588e40b-2814-43fd-b94d-70e6f25e229d	15	76609838	101928837	17604	0.0064
c588e40b-2814-43fd-b94d-70e6f25e229d	16	10777	602783	276	0.1281
c588e40b-2814-43fd-b94d-70e6f25e229d	16	602941	12555002	9134	0.007
c588e40b-2814-43fd-b94d-70e6f25e229d	16	12555121	12555138	2	1.5541
c588e40b-2814-43fd-b94d-70e6f25e229d	16	12556390	14955003	1699	0.0052
c588e40b-2814-43fd-b94d-70e6f25e229d	16	14955046	16269368	633	0.0781
c588e40b-2814-43fd-b94d-70e6f25e229d	16	16419234	16541758	15	-0.6836
c588e40b-2814-43fd-b94d-70e6f25e229d	16	16550385	19933041	1698	0.0073
c588e40b-2814-43fd-b94d-70e6f25e229d	16	19934328	19954510	27	-0.7595
c588e40b-2814-43fd-b94d-70e6f25e229d	16	19954553	21336298	883	0.0198
c588e40b-2814-43fd-b94d-70e6f25e229d	16	21336878	22719139	486	0.118
c588e40b-2814-43fd-b94d-70e6f25e229d	16	22719662	28620700	4034	0.0072
c588e40b-2814-43fd-b94d-70e6f25e229d	16	28637882	30671055	519	0.0909
c588e40b-2814-43fd-b94d-70e6f25e229d	16	30671173	35236333	752	0.0197
c588e40b-2814-43fd-b94d-70e6f25e229d	16	35236927	35521195	165	0.4705
c588e40b-2814-43fd-b94d-70e6f25e229d	16	35522700	55761039	6596	0.0009
c588e40b-2814-43fd-b94d-70e6f25e229d	16	55761136	55788532	23	-0.5845
c588e40b-2814-43fd-b94d-70e6f25e229d	16	55808442	55822948	12	0.4605
c588e40b-2814-43fd-b94d-70e6f25e229d	16	55824881	78337711	14265	0.0051
c588e40b-2814-43fd-b94d-70e6f25e229d	16	78338543	78350841	16	0.6655
c588e40b-2814-43fd-b94d-70e6f25e229d	16	78350868	88545605	9942	0.009
c588e40b-2814-43fd-b94d-70e6f25e229d	16	88546604	90004911	600	0.1068
c588e40b-2814-43fd-b94d-70e6f25e229d	16	90007677	90096867	68	-0.0408
c588e40b-2814-43fd-b94d-70e6f25e229d	17	150733	1220388	546	0.0914
c588e40b-2814-43fd-b94d-70e6f25e229d	17	1221485	16759600	9920	0.0128
c588e40b-2814-43fd-b94d-70e6f25e229d	17	16759737	16875871	18	0.457
c588e40b-2814-43fd-b94d-70e6f25e229d	17	16876256	18455635	901	0.0177
c588e40b-2814-43fd-b94d-70e6f25e229d	17	18458372	18550123	22	-1.6579
c588e40b-2814-43fd-b94d-70e6f25e229d	17	18561272	36109315	6832	0.0012
c588e40b-2814-43fd-b94d-70e6f25e229d	17	36109735	36460442	37	0.4407
c588e40b-2814-43fd-b94d-70e6f25e229d	17	36463349	41055656	2394	0.0091
c588e40b-2814-43fd-b94d-70e6f25e229d	17	41058864	41065355	11	-1.2038
c588e40b-2814-43fd-b94d-70e6f25e229d	17	41066554	41266838	121	0.0662
c588e40b-2814-43fd-b94d-70e6f25e229d	17	41266851	41274198	18	1.2111
c588e40b-2814-43fd-b94d-70e6f25e229d	17	41274279	46103588	2511	0.015
c588e40b-2814-43fd-b94d-70e6f25e229d	17	46104213	46323701	113	-0.2871
c588e40b-2814-43fd-b94d-70e6f25e229d	17	46351954	72369691	15702	0.0044
c588e40b-2814-43fd-b94d-70e6f25e229d	17	72370135	72375062	2	-1.5636
c588e40b-2814-43fd-b94d-70e6f25e229d	17	72375727	83091923	5864	0.021
c588e40b-2814-43fd-b94d-70e6f25e229d	18	48133	58255059	34692	0.0048
c588e40b-2814-43fd-b94d-70e6f25e229d	18	58262733	58268730	25	-0.7579
c588e40b-2814-43fd-b94d-70e6f25e229d	18	58271707	66239629	5721	0.0021
c588e40b-2814-43fd-b94d-70e6f25e229d	18	66240197	66244352	10	-0.9383
c588e40b-2814-43fd-b94d-70e6f25e229d	18	66244639	80257174	10264	0.0076
c588e40b-2814-43fd-b94d-70e6f25e229d	19	90910	8346772	2937	0.0232
c588e40b-2814-43fd-b94d-70e6f25e229d	19	8347288	8349417	2	-2.468
c588e40b-2814-43fd-b94d-70e6f25e229d	19	8356123	14928127	3154	0.0215
c588e40b-2814-43fd-b94d-70e6f25e229d	19	14934380	14938487	3	-1.0288
c588e40b-2814-43fd-b94d-70e6f25e229d	19	14940475	15686599	501	0.0135
c588e40b-2814-43fd-b94d-70e6f25e229d	19	15687584	15688466	2	-1.4352
c588e40b-2814-43fd-b94d-70e6f25e229d	19	15688533	51511173	18030	0.0063
c588e40b-2814-43fd-b94d-70e6f25e229d	19	51511430	54232188	1861	0.0394
c588e40b-2814-43fd-b94d-70e6f25e229d	19	54232262	54237443	8	0.6272
c588e40b-2814-43fd-b94d-70e6f25e229d	19	54249482	58586487	2587	0.0299
c588e40b-2814-43fd-b94d-70e6f25e229d	20	80664	80666	3	0.9801
c588e40b-2814-43fd-b94d-70e6f25e229d	20	80667	1571811	1179	0.0035
c588e40b-2814-43fd-b94d-70e6f25e229d	20	1576544	1590106	31	-0.6247
c588e40b-2814-43fd-b94d-70e6f25e229d	20	1590128	64324800	41133	0.0065
c588e40b-2814-43fd-b94d-70e6f25e229d	21	10354168	10512663	21	-0.2754
c588e40b-2814-43fd-b94d-70e6f25e229d	21	10512698	10775586	66	0.1516
c588e40b-2814-43fd-b94d-70e6f25e229d	21	12973348	13081432	12	-0.2116
c588e40b-2814-43fd-b94d-70e6f25e229d	21	13084095	13189617	15	-0.6344
c588e40b-2814-43fd-b94d-70e6f25e229d	21	13197963	36153237	16338	0.0081
c588e40b-2814-43fd-b94d-70e6f25e229d	21	36153531	36153647	3	-2.6621
c588e40b-2814-43fd-b94d-70e6f25e229d	21	36160821	45251751	6592	0.0197
c588e40b-2814-43fd-b94d-70e6f25e229d	21	45251800	45647280	196	0.1434
c588e40b-2814-43fd-b94d-70e6f25e229d	21	45647830	46677045	605	0.0197
c588e40b-2814-43fd-b94d-70e6f25e229d	22	15294547	17261625	465	-0.0438
c588e40b-2814-43fd-b94d-70e6f25e229d	22	17263465	19990982	1358	0.0467
c588e40b-2814-43fd-b94d-70e6f25e229d	22	19991035	20000742	7	-0.6193
c588e40b-2814-43fd-b94d-70e6f25e229d	22	20000761	22102615	1273	0.0644
c588e40b-2814-43fd-b94d-70e6f25e229d	22	22102689	22119654	15	-0.2139
c588e40b-2814-43fd-b94d-70e6f25e229d	22	22120134	22120255	4	-2.793
c588e40b-2814-43fd-b94d-70e6f25e229d	22	22127104	23987520	1268	0.0408
c588e40b-2814-43fd-b94d-70e6f25e229d	22	23988078	23990431	3	1.0532
c588e40b-2814-43fd-b94d-70e6f25e229d	22	23990739	24475815	252	0.0366
c588e40b-2814-43fd-b94d-70e6f25e229d	22	24480832	24481324	3	-1.0691
c588e40b-2814-43fd-b94d-70e6f25e229d	22	24481808	37346951	9761	0.0112
c588e40b-2814-43fd-b94d-70e6f25e229d	22	37352689	37353906	4	-1.3339
c588e40b-2814-43fd-b94d-70e6f25e229d	22	37354627	49434106	8168	0.0043
c588e40b-2814-43fd-b94d-70e6f25e229d	22	49435395	50796027	671	0.0757
c588e40b-2814-43fd-b94d-70e6f25e229d	X	251810	2794620	106	0.1886
c588e40b-2814-43fd-b94d-70e6f25e229d	X	2794874	16330060	9877	0.0151
c588e40b-2814-43fd-b94d-70e6f25e229d	X	16330863	16336406	10	-1.1078
c588e40b-2814-43fd-b94d-70e6f25e229d	X	16338298	155952689	73638	0.006
c588e40b-2814-43fd-b94d-70e6f25e229d	Y	2782397	56872112	6639	-0.9218
