GDC_Aliquot	Chromosome	Start	End	Num_Probes	Segment_Mean
336840a2-5a27-4a00-a2e2-c9ebf9259f65	1	3301765	83658321	46206	0.0091
336840a2-5a27-4a00-a2e2-c9ebf9259f65	1	83658786	83661409	5	-0.8727
336840a2-5a27-4a00-a2e2-c9ebf9259f65	1	83666331	247650984	83622	0.0069
336840a2-5a27-4a00-a2e2-c9ebf9259f65	2	480597	171208829	91793	0.004
336840a2-5a27-4a00-a2e2-c9ebf9259f65	2	171209020	171209558	3	-1.0888
336840a2-5a27-4a00-a2e2-c9ebf9259f65	2	171212630	217954844	26245	0.0044
336840a2-5a27-4a00-a2e2-c9ebf9259f65	2	217954876	217958940	5	-1.1245
336840a2-5a27-4a00-a2e2-c9ebf9259f65	2	217961476	241537572	14231	0.0052
336840a2-5a27-4a00-a2e2-c9ebf9259f65	3	2170634	30149632	16692	0.0026
336840a2-5a27-4a00-a2e2-c9ebf9259f65	3	30151053	30151074	2	-1.9328
336840a2-5a27-4a00-a2e2-c9ebf9259f65	3	30151286	197812401	90547	0.0037
336840a2-5a27-4a00-a2e2-c9ebf9259f65	4	1059384	187842528	103563	0.0066
336840a2-5a27-4a00-a2e2-c9ebf9259f65	5	913983	3161210	1205	0.0024
336840a2-5a27-4a00-a2e2-c9ebf9259f65	5	3162897	3162927	2	-1.8035
336840a2-5a27-4a00-a2e2-c9ebf9259f65	5	3163574	85105881	44335	0.0078
336840a2-5a27-4a00-a2e2-c9ebf9259f65	5	85106614	85107134	3	-1.9837
336840a2-5a27-4a00-a2e2-c9ebf9259f65	5	85107279	180934240	55628	0.0051
336840a2-5a27-4a00-a2e2-c9ebf9259f65	6	1011760	144034537	81304	0.0053
336840a2-5a27-4a00-a2e2-c9ebf9259f65	6	144036800	144036980	3	-1.3252
336840a2-5a27-4a00-a2e2-c9ebf9259f65	6	144038543	164828754	13385	0.0032
336840a2-5a27-4a00-a2e2-c9ebf9259f65	6	164832331	164832474	2	-1.4559
336840a2-5a27-4a00-a2e2-c9ebf9259f65	6	164833249	170596889	2533	-0.0052
336840a2-5a27-4a00-a2e2-c9ebf9259f65	7	664936	158592540	81992	0.0061
336840a2-5a27-4a00-a2e2-c9ebf9259f65	8	667625	144182542	82284	0.0079
336840a2-5a27-4a00-a2e2-c9ebf9259f65	9	789794	17400624	10159	0.0075
336840a2-5a27-4a00-a2e2-c9ebf9259f65	9	17406024	17407326	5	-0.8377
336840a2-5a27-4a00-a2e2-c9ebf9259f65	9	17409152	37673091	12644	0.0101
336840a2-5a27-4a00-a2e2-c9ebf9259f65	9	37676475	37677136	3	-1.0702
336840a2-5a27-4a00-a2e2-c9ebf9259f65	9	37677663	138044505	45714	0.0085
336840a2-5a27-4a00-a2e2-c9ebf9259f65	10	366509	133411599	81339	0.0057
336840a2-5a27-4a00-a2e2-c9ebf9259f65	11	456012	95811256	51961	0.0043
336840a2-5a27-4a00-a2e2-c9ebf9259f65	11	95812116	95812176	2	-1.2443
336840a2-5a27-4a00-a2e2-c9ebf9259f65	11	95813980	96113900	227	0.0134
336840a2-5a27-4a00-a2e2-c9ebf9259f65	11	96115863	96115878	2	-1.9823
336840a2-5a27-4a00-a2e2-c9ebf9259f65	11	96116186	99710382	2309	0.0038
336840a2-5a27-4a00-a2e2-c9ebf9259f65	11	99716349	99796040	49	0.5672
336840a2-5a27-4a00-a2e2-c9ebf9259f65	11	99799745	116183152	10501	0.0077
336840a2-5a27-4a00-a2e2-c9ebf9259f65	11	116183824	116183827	2	-1.4045
336840a2-5a27-4a00-a2e2-c9ebf9259f65	11	116183953	134272740	12561	0.0007
336840a2-5a27-4a00-a2e2-c9ebf9259f65	12	780472	132605822	74395	0.0071
336840a2-5a27-4a00-a2e2-c9ebf9259f65	13	18874255	106730287	52268	0.0049
336840a2-5a27-4a00-a2e2-c9ebf9259f65	13	106731890	106732362	2	-1.3546
336840a2-5a27-4a00-a2e2-c9ebf9259f65	13	106732887	114226675	4769	0.0015
336840a2-5a27-4a00-a2e2-c9ebf9259f65	14	20033191	105533894	49821	0.0068
336840a2-5a27-4a00-a2e2-c9ebf9259f65	15	23437561	96608427	42074	0.0105
336840a2-5a27-4a00-a2e2-c9ebf9259f65	15	96608768	96609251	2	1.5315
336840a2-5a27-4a00-a2e2-c9ebf9259f65	15	96612911	101344124	2739	0.0102
336840a2-5a27-4a00-a2e2-c9ebf9259f65	16	603333	89317317	41235	0.0089
336840a2-5a27-4a00-a2e2-c9ebf9259f65	17	1074619	79877519	36141	0.0078
336840a2-5a27-4a00-a2e2-c9ebf9259f65	17	79878996	79879150	4	-0.9971
336840a2-5a27-4a00-a2e2-c9ebf9259f65	17	79882816	80074189	96	-0.018
336840a2-5a27-4a00-a2e2-c9ebf9259f65	17	80080303	80080445	2	1.2984
336840a2-5a27-4a00-a2e2-c9ebf9259f65	17	80080590	82959812	1060	0.0102
336840a2-5a27-4a00-a2e2-c9ebf9259f65	18	326691	25355182	10730	0.0059
336840a2-5a27-4a00-a2e2-c9ebf9259f65	18	25355189	25355698	2	-1.3694
336840a2-5a27-4a00-a2e2-c9ebf9259f65	18	25357878	79349796	32256	0.0071
336840a2-5a27-4a00-a2e2-c9ebf9259f65	19	283868	58370362	24173	0.0138
336840a2-5a27-4a00-a2e2-c9ebf9259f65	20	472817	63588502	37571	0.0099
336840a2-5a27-4a00-a2e2-c9ebf9259f65	21	13974127	46262057	20611	0.0092
336840a2-5a27-4a00-a2e2-c9ebf9259f65	22	16934932	48940621	17101	0.0118
336840a2-5a27-4a00-a2e2-c9ebf9259f65	X	3236359	26735023	10227	0.0125
336840a2-5a27-4a00-a2e2-c9ebf9259f65	X	26735421	26738402	2	-1.4497
336840a2-5a27-4a00-a2e2-c9ebf9259f65	X	26741415	143262204	48048	0.0054
336840a2-5a27-4a00-a2e2-c9ebf9259f65	X	143262812	143348819	56	0.526
336840a2-5a27-4a00-a2e2-c9ebf9259f65	X	143356853	155677414	5673	0.0041
