GDC_Aliquot	Chromosome	Start	End	Num_Probes	Segment_Mean
2ea69f1e-ccd7-4691-a0c1-f6cb6f5f343c	1	62920	2892925	552	-0.2036
2ea69f1e-ccd7-4691-a0c1-f6cb6f5f343c	1	2896346	3086924	98	0.1065
2ea69f1e-ccd7-4691-a0c1-f6cb6f5f343c	1	3087793	8104440	3365	-0.2247
2ea69f1e-ccd7-4691-a0c1-f6cb6f5f343c	1	8105340	8223057	77	0.0811
2ea69f1e-ccd7-4691-a0c1-f6cb6f5f343c	1	8224597	10080555	938	-0.2515
2ea69f1e-ccd7-4691-a0c1-f6cb6f5f343c	1	10082945	16525019	3610	-0.0063
2ea69f1e-ccd7-4691-a0c1-f6cb6f5f343c	1	16542868	17096115	212	-0.2242
2ea69f1e-ccd7-4691-a0c1-f6cb6f5f343c	1	17096165	17096577	2	-1.8852
2ea69f1e-ccd7-4691-a0c1-f6cb6f5f343c	1	17096659	25256850	5157	-0.2725
2ea69f1e-ccd7-4691-a0c1-f6cb6f5f343c	1	25266637	25320455	24	-1.8416
2ea69f1e-ccd7-4691-a0c1-f6cb6f5f343c	1	25336819	26052369	321	-0.3113
2ea69f1e-ccd7-4691-a0c1-f6cb6f5f343c	1	26055193	29735761	1625	-0.0233
2ea69f1e-ccd7-4691-a0c1-f6cb6f5f343c	1	29737658	34307104	2772	-0.2376
2ea69f1e-ccd7-4691-a0c1-f6cb6f5f343c	1	34307496	56387276	12678	0.0082
2ea69f1e-ccd7-4691-a0c1-f6cb6f5f343c	1	56387550	72302735	11331	0.2026
2ea69f1e-ccd7-4691-a0c1-f6cb6f5f343c	1	72302815	72345465	47	-1.2682
2ea69f1e-ccd7-4691-a0c1-f6cb6f5f343c	1	72346221	77243000	3144	0.1961
2ea69f1e-ccd7-4691-a0c1-f6cb6f5f343c	1	77245144	77333260	101	0.3974
2ea69f1e-ccd7-4691-a0c1-f6cb6f5f343c	1	77337245	84610414	4689	0.2035
2ea69f1e-ccd7-4691-a0c1-f6cb6f5f343c	1	84613346	105476583	12993	-0.3154
2ea69f1e-ccd7-4691-a0c1-f6cb6f5f343c	1	105476614	105479753	16	-2.1943
2ea69f1e-ccd7-4691-a0c1-f6cb6f5f343c	1	105481433	109690352	2637	-0.3136
2ea69f1e-ccd7-4691-a0c1-f6cb6f5f343c	1	109690415	109697556	12	2.087
2ea69f1e-ccd7-4691-a0c1-f6cb6f5f343c	1	109702376	109707968	8	0.0772
2ea69f1e-ccd7-4691-a0c1-f6cb6f5f343c	1	109708520	114956908	3641	-0.3083
2ea69f1e-ccd7-4691-a0c1-f6cb6f5f343c	1	114958192	116665778	1212	-0.1008
2ea69f1e-ccd7-4691-a0c1-f6cb6f5f343c	1	116670753	116685905	14	0.1521
2ea69f1e-ccd7-4691-a0c1-f6cb6f5f343c	1	116686122	116918978	166	-0.0611
2ea69f1e-ccd7-4691-a0c1-f6cb6f5f343c	1	116920069	118323210	853	0.07
2ea69f1e-ccd7-4691-a0c1-f6cb6f5f343c	1	118323364	119579315	810	0.1773
2ea69f1e-ccd7-4691-a0c1-f6cb6f5f343c	1	119579520	119608326	31	-0.0866
2ea69f1e-ccd7-4691-a0c1-f6cb6f5f343c	1	119608965	143748012	492	0.1822
2ea69f1e-ccd7-4691-a0c1-f6cb6f5f343c	1	143748074	143754798	18	0.9606
2ea69f1e-ccd7-4691-a0c1-f6cb6f5f343c	1	143759680	145907749	136	0.234
2ea69f1e-ccd7-4691-a0c1-f6cb6f5f343c	1	145912797	146040040	50	-0.0453
2ea69f1e-ccd7-4691-a0c1-f6cb6f5f343c	1	146042474	147386908	267	0.3212
2ea69f1e-ccd7-4691-a0c1-f6cb6f5f343c	1	147389372	148996458	433	-0.0852
2ea69f1e-ccd7-4691-a0c1-f6cb6f5f343c	1	148996719	152583230	1441	0.2897
2ea69f1e-ccd7-4691-a0c1-f6cb6f5f343c	1	152583291	152614118	34	-1.8852
2ea69f1e-ccd7-4691-a0c1-f6cb6f5f343c	1	152618018	152787202	166	0.3059
2ea69f1e-ccd7-4691-a0c1-f6cb6f5f343c	1	152789447	152796224	37	-1.3432
2ea69f1e-ccd7-4691-a0c1-f6cb6f5f343c	1	152801429	156130948	1731	0.3164
2ea69f1e-ccd7-4691-a0c1-f6cb6f5f343c	1	156131718	156835118	342	0.3573
2ea69f1e-ccd7-4691-a0c1-f6cb6f5f343c	1	156835905	158989785	1605	0.4574
2ea69f1e-ccd7-4691-a0c1-f6cb6f5f343c	1	158992249	158993006	2	-0.7994
2ea69f1e-ccd7-4691-a0c1-f6cb6f5f343c	1	158997074	164108885	3499	0.4772
2ea69f1e-ccd7-4691-a0c1-f6cb6f5f343c	1	164109038	164130485	14	0.2353
2ea69f1e-ccd7-4691-a0c1-f6cb6f5f343c	1	164130929	166292287	1815	0.5447
2ea69f1e-ccd7-4691-a0c1-f6cb6f5f343c	1	166292791	166292886	2	1.5463
2ea69f1e-ccd7-4691-a0c1-f6cb6f5f343c	1	166293550	166937456	500	0.5278
2ea69f1e-ccd7-4691-a0c1-f6cb6f5f343c	1	166939648	174827267	5300	0.6766
2ea69f1e-ccd7-4691-a0c1-f6cb6f5f343c	1	174827418	174832702	16	-0.2487
2ea69f1e-ccd7-4691-a0c1-f6cb6f5f343c	1	174832716	174832902	5	0.16
2ea69f1e-ccd7-4691-a0c1-f6cb6f5f343c	1	174832996	179354603	3070	0.7042
2ea69f1e-ccd7-4691-a0c1-f6cb6f5f343c	1	179361393	179364180	4	-0.4832
2ea69f1e-ccd7-4691-a0c1-f6cb6f5f343c	1	179370071	191653312	8141	0.7208
2ea69f1e-ccd7-4691-a0c1-f6cb6f5f343c	1	191664863	193186662	1026	0.567
2ea69f1e-ccd7-4691-a0c1-f6cb6f5f343c	1	193187149	193187218	4	-0.4151
2ea69f1e-ccd7-4691-a0c1-f6cb6f5f343c	1	193190593	196762956	2401	0.5821
2ea69f1e-ccd7-4691-a0c1-f6cb6f5f343c	1	196769493	196854187	59	0.2135
2ea69f1e-ccd7-4691-a0c1-f6cb6f5f343c	1	196854483	200305004	2212	0.5865
2ea69f1e-ccd7-4691-a0c1-f6cb6f5f343c	1	200305267	201286071	656	0.7026
2ea69f1e-ccd7-4691-a0c1-f6cb6f5f343c	1	201286142	201416370	113	0.7692
2ea69f1e-ccd7-4691-a0c1-f6cb6f5f343c	1	201416869	201431864	6	1.3454
2ea69f1e-ccd7-4691-a0c1-f6cb6f5f343c	1	201431897	201568206	108	0.8323
2ea69f1e-ccd7-4691-a0c1-f6cb6f5f343c	1	201568357	204519677	1896	0.7495
2ea69f1e-ccd7-4691-a0c1-f6cb6f5f343c	1	204519774	204545895	62	0.5367
2ea69f1e-ccd7-4691-a0c1-f6cb6f5f343c	1	204546171	205909267	929	0.7612
2ea69f1e-ccd7-4691-a0c1-f6cb6f5f343c	1	205909560	220054179	9928	0.7954
2ea69f1e-ccd7-4691-a0c1-f6cb6f5f343c	1	220060049	229675422	5924	0.8427
2ea69f1e-ccd7-4691-a0c1-f6cb6f5f343c	1	229681109	229685207	7	-0.3483
2ea69f1e-ccd7-4691-a0c1-f6cb6f5f343c	1	229685255	233784719	3187	0.8646
2ea69f1e-ccd7-4691-a0c1-f6cb6f5f343c	1	233785067	234709093	778	0.9936
2ea69f1e-ccd7-4691-a0c1-f6cb6f5f343c	1	234709201	234928026	184	1.1674
2ea69f1e-ccd7-4691-a0c1-f6cb6f5f343c	1	234928065	242261923	5550	0.9781
2ea69f1e-ccd7-4691-a0c1-f6cb6f5f343c	1	242264214	242960635	526	0.8539
2ea69f1e-ccd7-4691-a0c1-f6cb6f5f343c	1	242966050	248446755	3553	0.578
2ea69f1e-ccd7-4691-a0c1-f6cb6f5f343c	1	248447206	248473963	10	-0.3274
2ea69f1e-ccd7-4691-a0c1-f6cb6f5f343c	1	248475325	248903861	178	0.5918
2ea69f1e-ccd7-4691-a0c1-f6cb6f5f343c	1	248903965	248930189	12	0.3241
2ea69f1e-ccd7-4691-a0c1-f6cb6f5f343c	2	12784	17039898	12813	-0.3023
2ea69f1e-ccd7-4691-a0c1-f6cb6f5f343c	2	17040053	17056694	46	-1.3759
2ea69f1e-ccd7-4691-a0c1-f6cb6f5f343c	2	17061270	34295406	11089	-0.2936
2ea69f1e-ccd7-4691-a0c1-f6cb6f5f343c	2	34298911	34300513	2	-2.3611
2ea69f1e-ccd7-4691-a0c1-f6cb6f5f343c	2	34300900	34466002	95	-0.334
2ea69f1e-ccd7-4691-a0c1-f6cb6f5f343c	2	34474248	34511990	46	-1.3398
2ea69f1e-ccd7-4691-a0c1-f6cb6f5f343c	2	34512489	35597835	737	-0.2907
2ea69f1e-ccd7-4691-a0c1-f6cb6f5f343c	2	35597955	35750907	134	0.2385
2ea69f1e-ccd7-4691-a0c1-f6cb6f5f343c	2	35752724	35762881	7	-0.5188
2ea69f1e-ccd7-4691-a0c1-f6cb6f5f343c	2	35772407	38769501	2325	0.1959
2ea69f1e-ccd7-4691-a0c1-f6cb6f5f343c	2	38775480	39178429	206	0.3596
2ea69f1e-ccd7-4691-a0c1-f6cb6f5f343c	2	39182713	52516787	9594	0.1829
2ea69f1e-ccd7-4691-a0c1-f6cb6f5f343c	2	52527330	52554404	40	-1.4606
2ea69f1e-ccd7-4691-a0c1-f6cb6f5f343c	2	52560811	53707153	947	0.1946
2ea69f1e-ccd7-4691-a0c1-f6cb6f5f343c	2	53711869	54326972	386	0.3295
2ea69f1e-ccd7-4691-a0c1-f6cb6f5f343c	2	54327656	54378302	37	0.1757
2ea69f1e-ccd7-4691-a0c1-f6cb6f5f343c	2	54378792	63826428	5836	0.3573
2ea69f1e-ccd7-4691-a0c1-f6cb6f5f343c	2	63827643	64289508	265	0.6785
2ea69f1e-ccd7-4691-a0c1-f6cb6f5f343c	2	64289697	73015133	5802	0.5207
2ea69f1e-ccd7-4691-a0c1-f6cb6f5f343c	2	73018333	75215518	1239	0.3617
2ea69f1e-ccd7-4691-a0c1-f6cb6f5f343c	2	75216464	76617340	1031	0.517
2ea69f1e-ccd7-4691-a0c1-f6cb6f5f343c	2	76618047	76618300	5	-1.7488
2ea69f1e-ccd7-4691-a0c1-f6cb6f5f343c	2	76620460	81501757	3329	0.5287
2ea69f1e-ccd7-4691-a0c1-f6cb6f5f343c	2	81508803	86510770	2959	0.1791
2ea69f1e-ccd7-4691-a0c1-f6cb6f5f343c	2	86523496	86846819	132	0.394
2ea69f1e-ccd7-4691-a0c1-f6cb6f5f343c	2	86859047	86901078	15	0.1657
2ea69f1e-ccd7-4691-a0c1-f6cb6f5f343c	2	86902080	87082140	14	-0.639
2ea69f1e-ccd7-4691-a0c1-f6cb6f5f343c	2	87082711	87695122	121	0.182
2ea69f1e-ccd7-4691-a0c1-f6cb6f5f343c	2	87696853	88960188	563	0.347
2ea69f1e-ccd7-4691-a0c1-f6cb6f5f343c	2	88960628	89085826	41	0.2265
2ea69f1e-ccd7-4691-a0c1-f6cb6f5f343c	2	89092541	97537802	1133	-0.0561
2ea69f1e-ccd7-4691-a0c1-f6cb6f5f343c	2	97540809	97545726	4	-1.491
2ea69f1e-ccd7-4691-a0c1-f6cb6f5f343c	2	97550415	122718173	15061	0.0934
2ea69f1e-ccd7-4691-a0c1-f6cb6f5f343c	2	122718842	122724137	4	-1.1744
2ea69f1e-ccd7-4691-a0c1-f6cb6f5f343c	2	122724152	122724665	6	-3.7715
2ea69f1e-ccd7-4691-a0c1-f6cb6f5f343c	2	122726077	125831855	2061	0.0945
2ea69f1e-ccd7-4691-a0c1-f6cb6f5f343c	2	125832815	141859009	9778	0.0532
2ea69f1e-ccd7-4691-a0c1-f6cb6f5f343c	2	141866032	142227485	254	0.1056
2ea69f1e-ccd7-4691-a0c1-f6cb6f5f343c	2	142227639	146104517	2230	0.0156
2ea69f1e-ccd7-4691-a0c1-f6cb6f5f343c	2	146106836	146109139	21	-0.3287
2ea69f1e-ccd7-4691-a0c1-f6cb6f5f343c	2	146109230	146648284	279	0.0399
2ea69f1e-ccd7-4691-a0c1-f6cb6f5f343c	2	146650255	152125559	3378	-0.0574
2ea69f1e-ccd7-4691-a0c1-f6cb6f5f343c	2	152126373	154836284	1712	0.0578
2ea69f1e-ccd7-4691-a0c1-f6cb6f5f343c	2	154838327	154838542	2	-2.2588
2ea69f1e-ccd7-4691-a0c1-f6cb6f5f343c	2	154838542	158786364	2230	0.0552
2ea69f1e-ccd7-4691-a0c1-f6cb6f5f343c	2	158787539	158787663	2	-1.2094
2ea69f1e-ccd7-4691-a0c1-f6cb6f5f343c	2	158790561	166122185	4291	0.0645
2ea69f1e-ccd7-4691-a0c1-f6cb6f5f343c	2	166124218	166140524	20	0.4767
2ea69f1e-ccd7-4691-a0c1-f6cb6f5f343c	2	166141017	167566245	829	0.061
2ea69f1e-ccd7-4691-a0c1-f6cb6f5f343c	2	167566635	167932171	244	0.2759
2ea69f1e-ccd7-4691-a0c1-f6cb6f5f343c	2	167933567	169699753	1276	0.0654
2ea69f1e-ccd7-4691-a0c1-f6cb6f5f343c	2	169708738	179196928	6011	-0.0492
2ea69f1e-ccd7-4691-a0c1-f6cb6f5f343c	2	179202465	179211936	2	-1.8548
2ea69f1e-ccd7-4691-a0c1-f6cb6f5f343c	2	179214417	204410467	14587	-0.0589
2ea69f1e-ccd7-4691-a0c1-f6cb6f5f343c	2	204416952	221902610	11387	-0.1559
2ea69f1e-ccd7-4691-a0c1-f6cb6f5f343c	2	221903441	231142822	5985	-0.0183
2ea69f1e-ccd7-4691-a0c1-f6cb6f5f343c	2	231146144	238053435	4568	-0.0973
2ea69f1e-ccd7-4691-a0c1-f6cb6f5f343c	2	238053980	238146591	45	0.1682
2ea69f1e-ccd7-4691-a0c1-f6cb6f5f343c	2	238147187	241841244	2069	-0.1091
2ea69f1e-ccd7-4691-a0c1-f6cb6f5f343c	2	241973315	242084107	96	-1.2094
2ea69f1e-ccd7-4691-a0c1-f6cb6f5f343c	2	242087337	242147305	30	-0.3565
2ea69f1e-ccd7-4691-a0c1-f6cb6f5f343c	3	20930	26924	3	-0.2178
2ea69f1e-ccd7-4691-a0c1-f6cb6f5f343c	3	27570	2292979	1990	0.3755
2ea69f1e-ccd7-4691-a0c1-f6cb6f5f343c	3	2296547	6322411	3610	0.4715
2ea69f1e-ccd7-4691-a0c1-f6cb6f5f343c	3	6323069	6323097	2	-1.7002
2ea69f1e-ccd7-4691-a0c1-f6cb6f5f343c	3	6323537	8807107	2142	0.4875
2ea69f1e-ccd7-4691-a0c1-f6cb6f5f343c	3	8807120	12306522	2432	0.4222
2ea69f1e-ccd7-4691-a0c1-f6cb6f5f343c	3	12308425	20266298	5078	0.246
2ea69f1e-ccd7-4691-a0c1-f6cb6f5f343c	3	20271633	20274591	3	-1.0866
2ea69f1e-ccd7-4691-a0c1-f6cb6f5f343c	3	20286589	26541729	4739	0.2347
2ea69f1e-ccd7-4691-a0c1-f6cb6f5f343c	3	26546950	26547166	2	-1.8947
2ea69f1e-ccd7-4691-a0c1-f6cb6f5f343c	3	26547373	28431237	1233	0.2345
2ea69f1e-ccd7-4691-a0c1-f6cb6f5f343c	3	28431463	28436803	2	-1.4332
2ea69f1e-ccd7-4691-a0c1-f6cb6f5f343c	3	28437998	40839444	8249	0.2332
2ea69f1e-ccd7-4691-a0c1-f6cb6f5f343c	3	40850304	44573082	2289	0.1577
2ea69f1e-ccd7-4691-a0c1-f6cb6f5f343c	3	44575387	48029649	1953	0.057
2ea69f1e-ccd7-4691-a0c1-f6cb6f5f343c	3	48031231	51547296	1387	-0.2866
2ea69f1e-ccd7-4691-a0c1-f6cb6f5f343c	3	51547532	52131465	213	0.0737
2ea69f1e-ccd7-4691-a0c1-f6cb6f5f343c	3	52140344	52963834	355	-0.0258
2ea69f1e-ccd7-4691-a0c1-f6cb6f5f343c	3	52963855	53415751	309	0.0765
2ea69f1e-ccd7-4691-a0c1-f6cb6f5f343c	3	53416306	53451763	25	0.4232
2ea69f1e-ccd7-4691-a0c1-f6cb6f5f343c	3	53460796	60251249	4936	0.0771
2ea69f1e-ccd7-4691-a0c1-f6cb6f5f343c	3	60251650	62828583	2362	-0.0122
2ea69f1e-ccd7-4691-a0c1-f6cb6f5f343c	3	62828853	65126463	1904	0.1155
2ea69f1e-ccd7-4691-a0c1-f6cb6f5f343c	3	65126517	65785338	605	0.1952
2ea69f1e-ccd7-4691-a0c1-f6cb6f5f343c	3	65786331	68697013	1961	-0.0203
2ea69f1e-ccd7-4691-a0c1-f6cb6f5f343c	3	68697108	68698262	14	-1.5598
2ea69f1e-ccd7-4691-a0c1-f6cb6f5f343c	3	68699607	75511990	4925	-0.0267
2ea69f1e-ccd7-4691-a0c1-f6cb6f5f343c	3	75519398	75547095	9	0.5742
2ea69f1e-ccd7-4691-a0c1-f6cb6f5f343c	3	75559488	79921767	2476	-0.0463
2ea69f1e-ccd7-4691-a0c1-f6cb6f5f343c	3	79926178	94516612	5971	0.0699
2ea69f1e-ccd7-4691-a0c1-f6cb6f5f343c	3	94524869	94962580	204	0.1971
2ea69f1e-ccd7-4691-a0c1-f6cb6f5f343c	3	94971286	95737262	469	0.05
2ea69f1e-ccd7-4691-a0c1-f6cb6f5f343c	3	95748036	95749266	2	-2.6537
2ea69f1e-ccd7-4691-a0c1-f6cb6f5f343c	3	95749836	98840495	1627	0.0432
2ea69f1e-ccd7-4691-a0c1-f6cb6f5f343c	3	98843925	99205642	214	0.2555
2ea69f1e-ccd7-4691-a0c1-f6cb6f5f343c	3	99210576	99230470	43	0.4593
2ea69f1e-ccd7-4691-a0c1-f6cb6f5f343c	3	99230577	99389395	113	0.2583
2ea69f1e-ccd7-4691-a0c1-f6cb6f5f343c	3	99392291	102627563	1775	0.1341
2ea69f1e-ccd7-4691-a0c1-f6cb6f5f343c	3	102633265	102777980	68	0.2136
2ea69f1e-ccd7-4691-a0c1-f6cb6f5f343c	3	102781898	103581218	465	0.0238
2ea69f1e-ccd7-4691-a0c1-f6cb6f5f343c	3	103585750	107928462	2739	-0.3098
2ea69f1e-ccd7-4691-a0c1-f6cb6f5f343c	3	107930427	108095509	182	-0.1615
2ea69f1e-ccd7-4691-a0c1-f6cb6f5f343c	3	108098322	112953078	2978	-0.3186
2ea69f1e-ccd7-4691-a0c1-f6cb6f5f343c	3	112958191	121390164	5210	-0.0557
2ea69f1e-ccd7-4691-a0c1-f6cb6f5f343c	3	121390890	122923447	871	0.101
2ea69f1e-ccd7-4691-a0c1-f6cb6f5f343c	3	122923568	123997005	678	0.2056
2ea69f1e-ccd7-4691-a0c1-f6cb6f5f343c	3	123998530	125658138	1126	0.0543
2ea69f1e-ccd7-4691-a0c1-f6cb6f5f343c	3	125658374	130035762	2494	0.1042
2ea69f1e-ccd7-4691-a0c1-f6cb6f5f343c	3	130038990	130075163	34	-0.2052
2ea69f1e-ccd7-4691-a0c1-f6cb6f5f343c	3	130075961	136673382	4162	0.1152
2ea69f1e-ccd7-4691-a0c1-f6cb6f5f343c	3	136676699	137314218	345	0.0642
2ea69f1e-ccd7-4691-a0c1-f6cb6f5f343c	3	137314418	137314421	3	2.1106
2ea69f1e-ccd7-4691-a0c1-f6cb6f5f343c	3	137314580	143504304	3805	0.1056
2ea69f1e-ccd7-4691-a0c1-f6cb6f5f343c	3	143504524	143509117	4	-1.0593
2ea69f1e-ccd7-4691-a0c1-f6cb6f5f343c	3	143509167	158632329	9348	0.083
2ea69f1e-ccd7-4691-a0c1-f6cb6f5f343c	3	158633095	158633756	2	-2.4481
2ea69f1e-ccd7-4691-a0c1-f6cb6f5f343c	3	158641083	162790480	2605	0.1152
2ea69f1e-ccd7-4691-a0c1-f6cb6f5f343c	3	162794869	162908784	71	-0.5284
2ea69f1e-ccd7-4691-a0c1-f6cb6f5f343c	3	162908815	162996729	71	0.0959
2ea69f1e-ccd7-4691-a0c1-f6cb6f5f343c	3	162999939	163001774	2	-1.9572
2ea69f1e-ccd7-4691-a0c1-f6cb6f5f343c	3	163008371	169012392	3367	0.0881
2ea69f1e-ccd7-4691-a0c1-f6cb6f5f343c	3	169015614	169020840	2	-1.2987
2ea69f1e-ccd7-4691-a0c1-f6cb6f5f343c	3	169022039	169466635	332	0.0933
2ea69f1e-ccd7-4691-a0c1-f6cb6f5f343c	3	169467611	169925969	310	0.2149
2ea69f1e-ccd7-4691-a0c1-f6cb6f5f343c	3	169926327	170207430	157	0.1137
2ea69f1e-ccd7-4691-a0c1-f6cb6f5f343c	3	170207876	170229089	12	0.2915
2ea69f1e-ccd7-4691-a0c1-f6cb6f5f343c	3	170229800	173676425	2197	0.6591
2ea69f1e-ccd7-4691-a0c1-f6cb6f5f343c	3	173677159	179210303	3625	0.5597
2ea69f1e-ccd7-4691-a0c1-f6cb6f5f343c	3	179210318	179234184	72	0.3487
2ea69f1e-ccd7-4691-a0c1-f6cb6f5f343c	3	179234194	180881348	908	0.5672
2ea69f1e-ccd7-4691-a0c1-f6cb6f5f343c	3	180884019	183807786	1630	0.4508
2ea69f1e-ccd7-4691-a0c1-f6cb6f5f343c	3	183810428	183832749	16	0.6222
2ea69f1e-ccd7-4691-a0c1-f6cb6f5f343c	3	183832811	191562314	5347	0.2943
2ea69f1e-ccd7-4691-a0c1-f6cb6f5f343c	3	191566890	191566911	2	-1.279
2ea69f1e-ccd7-4691-a0c1-f6cb6f5f343c	3	191567268	191889421	218	0.2852
2ea69f1e-ccd7-4691-a0c1-f6cb6f5f343c	3	191894592	191910119	2	-1.2413
2ea69f1e-ccd7-4691-a0c1-f6cb6f5f343c	3	191910640	198118345	3598	0.3188
2ea69f1e-ccd7-4691-a0c1-f6cb6f5f343c	3	198118700	198169247	16	-0.3479
2ea69f1e-ccd7-4691-a0c1-f6cb6f5f343c	4	68929	10221792	5702	-0.048
2ea69f1e-ccd7-4691-a0c1-f6cb6f5f343c	4	10222004	10232642	29	-1.8083
2ea69f1e-ccd7-4691-a0c1-f6cb6f5f343c	4	10232984	26287196	11731	-0.0709
2ea69f1e-ccd7-4691-a0c1-f6cb6f5f343c	4	26290363	26293154	3	-1.3046
2ea69f1e-ccd7-4691-a0c1-f6cb6f5f343c	4	26293552	32392452	3893	-0.071
2ea69f1e-ccd7-4691-a0c1-f6cb6f5f343c	4	32398929	32399891	5	-1.2513
2ea69f1e-ccd7-4691-a0c1-f6cb6f5f343c	4	32403692	40702175	5261	-0.082
2ea69f1e-ccd7-4691-a0c1-f6cb6f5f343c	4	40702670	41880947	811	0.1906
2ea69f1e-ccd7-4691-a0c1-f6cb6f5f343c	4	41886056	57615310	8187	-0.0544
2ea69f1e-ccd7-4691-a0c1-f6cb6f5f343c	4	57615963	61232630	2256	-0.163
2ea69f1e-ccd7-4691-a0c1-f6cb6f5f343c	4	61233219	63308587	1120	-0.0458
2ea69f1e-ccd7-4691-a0c1-f6cb6f5f343c	4	63308954	68494770	3196	-0.313
2ea69f1e-ccd7-4691-a0c1-f6cb6f5f343c	4	68501424	68530748	14	-1.2255
2ea69f1e-ccd7-4691-a0c1-f6cb6f5f343c	4	68544506	68548222	7	-0.1572
2ea69f1e-ccd7-4691-a0c1-f6cb6f5f343c	4	68548225	68623617	47	-0.9318
2ea69f1e-ccd7-4691-a0c1-f6cb6f5f343c	4	68639397	69523998	478	-0.2788
2ea69f1e-ccd7-4691-a0c1-f6cb6f5f343c	4	69524143	69525061	2	-2.6368
2ea69f1e-ccd7-4691-a0c1-f6cb6f5f343c	4	69526170	77025061	4603	-0.3277
2ea69f1e-ccd7-4691-a0c1-f6cb6f5f343c	4	77025664	82720673	3602	0.1582
2ea69f1e-ccd7-4691-a0c1-f6cb6f5f343c	4	82723539	82730558	11	0.797
2ea69f1e-ccd7-4691-a0c1-f6cb6f5f343c	4	82732057	85199291	1470	0.1488
2ea69f1e-ccd7-4691-a0c1-f6cb6f5f343c	4	85201474	85202879	2	-1.116
2ea69f1e-ccd7-4691-a0c1-f6cb6f5f343c	4	85203766	85584789	276	0.1646
2ea69f1e-ccd7-4691-a0c1-f6cb6f5f343c	4	85586052	85589972	12	0.7664
2ea69f1e-ccd7-4691-a0c1-f6cb6f5f343c	4	85590060	105086367	11621	0.1616
2ea69f1e-ccd7-4691-a0c1-f6cb6f5f343c	4	105087310	114252544	5607	-0.0546
2ea69f1e-ccd7-4691-a0c1-f6cb6f5f343c	4	114254167	114261019	23	-0.5794
2ea69f1e-ccd7-4691-a0c1-f6cb6f5f343c	4	114263073	137171085	13235	-0.0434
2ea69f1e-ccd7-4691-a0c1-f6cb6f5f343c	4	137171266	137172260	13	-3.0608
2ea69f1e-ccd7-4691-a0c1-f6cb6f5f343c	4	137173804	154881396	10785	-0.0318
2ea69f1e-ccd7-4691-a0c1-f6cb6f5f343c	4	154881853	154881905	2	-2.8938
2ea69f1e-ccd7-4691-a0c1-f6cb6f5f343c	4	154881926	162361241	4869	-0.0352
2ea69f1e-ccd7-4691-a0c1-f6cb6f5f343c	4	162362283	170346793	5046	0.0161
2ea69f1e-ccd7-4691-a0c1-f6cb6f5f343c	4	170346931	170745334	245	-0.0489
2ea69f1e-ccd7-4691-a0c1-f6cb6f5f343c	4	170745810	171453733	444	0.1734
2ea69f1e-ccd7-4691-a0c1-f6cb6f5f343c	4	171453798	171456573	10	-0.6418
2ea69f1e-ccd7-4691-a0c1-f6cb6f5f343c	4	171456625	172501371	640	0.1963
2ea69f1e-ccd7-4691-a0c1-f6cb6f5f343c	4	172503796	172532557	9	0.7952
2ea69f1e-ccd7-4691-a0c1-f6cb6f5f343c	4	172534095	180318981	4982	0.1785
2ea69f1e-ccd7-4691-a0c1-f6cb6f5f343c	4	180324116	180870961	445	-0.3612
2ea69f1e-ccd7-4691-a0c1-f6cb6f5f343c	4	180871649	180981063	73	-0.7901
2ea69f1e-ccd7-4691-a0c1-f6cb6f5f343c	4	180981492	181015228	31	-0.3199
2ea69f1e-ccd7-4691-a0c1-f6cb6f5f343c	4	181015610	181206947	133	0.1984
2ea69f1e-ccd7-4691-a0c1-f6cb6f5f343c	4	181207781	181441875	212	0.0955
2ea69f1e-ccd7-4691-a0c1-f6cb6f5f343c	4	181442228	181872867	389	0.2269
2ea69f1e-ccd7-4691-a0c1-f6cb6f5f343c	4	181873511	181951296	56	-0.0022
2ea69f1e-ccd7-4691-a0c1-f6cb6f5f343c	4	181951332	182037801	69	0.2573
2ea69f1e-ccd7-4691-a0c1-f6cb6f5f343c	4	182038146	190106768	5447	-0.0831
2ea69f1e-ccd7-4691-a0c1-f6cb6f5f343c	5	15532	685389	305	0.0852
2ea69f1e-ccd7-4691-a0c1-f6cb6f5f343c	5	685633	773075	26	0.4886
2ea69f1e-ccd7-4691-a0c1-f6cb6f5f343c	5	773432	21376735	15336	0.0486
2ea69f1e-ccd7-4691-a0c1-f6cb6f5f343c	5	21377730	21377744	2	-2.0017
2ea69f1e-ccd7-4691-a0c1-f6cb6f5f343c	5	21385957	21449167	44	0.0448
2ea69f1e-ccd7-4691-a0c1-f6cb6f5f343c	5	21451091	21451889	4	-1.0615
2ea69f1e-ccd7-4691-a0c1-f6cb6f5f343c	5	21452329	46377225	14971	0.039
2ea69f1e-ccd7-4691-a0c1-f6cb6f5f343c	5	46381680	54540554	2679	-0.0508
2ea69f1e-ccd7-4691-a0c1-f6cb6f5f343c	5	54542279	56840808	1617	0.0745
2ea69f1e-ccd7-4691-a0c1-f6cb6f5f343c	5	56841723	58025819	761	-0.3122
2ea69f1e-ccd7-4691-a0c1-f6cb6f5f343c	5	58030200	58037706	32	1.7529
2ea69f1e-ccd7-4691-a0c1-f6cb6f5f343c	5	58042530	95836627	21737	-0.3186
2ea69f1e-ccd7-4691-a0c1-f6cb6f5f343c	5	95837532	96251465	246	0.1781
2ea69f1e-ccd7-4691-a0c1-f6cb6f5f343c	5	96255613	116551249	13120	-0.3193
2ea69f1e-ccd7-4691-a0c1-f6cb6f5f343c	5	116551724	116556668	6	0.3122
2ea69f1e-ccd7-4691-a0c1-f6cb6f5f343c	5	116556714	129454548	8434	0.0095
2ea69f1e-ccd7-4691-a0c1-f6cb6f5f343c	5	129455334	129458387	2	-1.7328
2ea69f1e-ccd7-4691-a0c1-f6cb6f5f343c	5	129458568	135486593	3512	0.0049
2ea69f1e-ccd7-4691-a0c1-f6cb6f5f343c	5	135489795	135489993	2	-1.3338
2ea69f1e-ccd7-4691-a0c1-f6cb6f5f343c	5	135492523	138267612	1815	0.0288
2ea69f1e-ccd7-4691-a0c1-f6cb6f5f343c	5	138271549	138480022	108	0.1878
2ea69f1e-ccd7-4691-a0c1-f6cb6f5f343c	5	138480779	138481105	2	-0.9244
2ea69f1e-ccd7-4691-a0c1-f6cb6f5f343c	5	138481268	139789292	560	0.1589
2ea69f1e-ccd7-4691-a0c1-f6cb6f5f343c	5	139798577	139803311	4	-0.8013
2ea69f1e-ccd7-4691-a0c1-f6cb6f5f343c	5	139804359	140701838	421	0.1942
2ea69f1e-ccd7-4691-a0c1-f6cb6f5f343c	5	140703190	140717390	10	0.8449
2ea69f1e-ccd7-4691-a0c1-f6cb6f5f343c	5	140723434	140827458	49	0.2115
2ea69f1e-ccd7-4691-a0c1-f6cb6f5f343c	5	140838209	140839137	3	-0.8663
2ea69f1e-ccd7-4691-a0c1-f6cb6f5f343c	5	140844251	142973562	1327	0.2418
2ea69f1e-ccd7-4691-a0c1-f6cb6f5f343c	5	142975906	143295037	250	0.394
2ea69f1e-ccd7-4691-a0c1-f6cb6f5f343c	5	143295513	144646280	870	0.2234
2ea69f1e-ccd7-4691-a0c1-f6cb6f5f343c	5	144647478	154376568	6649	0.1706
2ea69f1e-ccd7-4691-a0c1-f6cb6f5f343c	5	154376737	156838166	1672	0.2665
2ea69f1e-ccd7-4691-a0c1-f6cb6f5f343c	5	156838340	168671963	8010	0.2438
2ea69f1e-ccd7-4691-a0c1-f6cb6f5f343c	5	168673005	180934838	8052	0.2724
2ea69f1e-ccd7-4691-a0c1-f6cb6f5f343c	5	180945168	180990614	19	0.7113
2ea69f1e-ccd7-4691-a0c1-f6cb6f5f343c	5	180990660	181363319	172	0.2773
2ea69f1e-ccd7-4691-a0c1-f6cb6f5f343c	6	149661	157371	9	-0.3421
2ea69f1e-ccd7-4691-a0c1-f6cb6f5f343c	6	157474	294837	114	-0.1195
2ea69f1e-ccd7-4691-a0c1-f6cb6f5f343c	6	302306	382559	79	0.2186
2ea69f1e-ccd7-4691-a0c1-f6cb6f5f343c	6	382897	397937	15	-0.1105
2ea69f1e-ccd7-4691-a0c1-f6cb6f5f343c	6	398189	9735823	7505	-0.1764
2ea69f1e-ccd7-4691-a0c1-f6cb6f5f343c	6	9735905	12516199	2176	-0.0493
2ea69f1e-ccd7-4691-a0c1-f6cb6f5f343c	6	12516228	12516277	2	-1.457
2ea69f1e-ccd7-4691-a0c1-f6cb6f5f343c	6	12516353	19038504	4866	-0.0524
2ea69f1e-ccd7-4691-a0c1-f6cb6f5f343c	6	19039888	19044667	10	0.6343
2ea69f1e-ccd7-4691-a0c1-f6cb6f5f343c	6	19050511	21297845	1627	-0.0448
2ea69f1e-ccd7-4691-a0c1-f6cb6f5f343c	6	21298064	29906932	5266	-0.3319
2ea69f1e-ccd7-4691-a0c1-f6cb6f5f343c	6	29907031	29933799	13	-1.1123
2ea69f1e-ccd7-4691-a0c1-f6cb6f5f343c	6	29940692	31318528	642	-0.3199
2ea69f1e-ccd7-4691-a0c1-f6cb6f5f343c	6	31318754	31328674	9	-1.4818
2ea69f1e-ccd7-4691-a0c1-f6cb6f5f343c	6	31342147	31370095	24	-0.3441
2ea69f1e-ccd7-4691-a0c1-f6cb6f5f343c	6	31370608	31372219	2	-5.1603
2ea69f1e-ccd7-4691-a0c1-f6cb6f5f343c	6	31372298	31373030	4	-1.264
2ea69f1e-ccd7-4691-a0c1-f6cb6f5f343c	6	31375827	31467342	79	-0.2535
2ea69f1e-ccd7-4691-a0c1-f6cb6f5f343c	6	31467577	31468496	6	0.3656
2ea69f1e-ccd7-4691-a0c1-f6cb6f5f343c	6	31468535	32463515	381	-0.0071
2ea69f1e-ccd7-4691-a0c1-f6cb6f5f343c	6	32463775	32541699	22	0.9418
2ea69f1e-ccd7-4691-a0c1-f6cb6f5f343c	6	32549151	32791475	140	0.1355
2ea69f1e-ccd7-4691-a0c1-f6cb6f5f343c	6	32791496	48398241	9952	-0.0409
2ea69f1e-ccd7-4691-a0c1-f6cb6f5f343c	6	48398301	50565240	1238	0.0905
2ea69f1e-ccd7-4691-a0c1-f6cb6f5f343c	6	50566772	54066477	2406	-0.0122
2ea69f1e-ccd7-4691-a0c1-f6cb6f5f343c	6	54066582	54067057	4	-1.8072
2ea69f1e-ccd7-4691-a0c1-f6cb6f5f343c	6	54070550	58096364	2077	-0.0095
2ea69f1e-ccd7-4691-a0c1-f6cb6f5f343c	6	58099774	58100791	4	-0.9579
2ea69f1e-ccd7-4691-a0c1-f6cb6f5f343c	6	58106296	60561559	165	-0.0392
2ea69f1e-ccd7-4691-a0c1-f6cb6f5f343c	6	60585656	78376017	11069	0.0849
2ea69f1e-ccd7-4691-a0c1-f6cb6f5f343c	6	78377582	80574999	1393	0.0381
2ea69f1e-ccd7-4691-a0c1-f6cb6f5f343c	6	80575042	80584624	29	-0.6445
2ea69f1e-ccd7-4691-a0c1-f6cb6f5f343c	6	80584682	80798270	160	0.0229
2ea69f1e-ccd7-4691-a0c1-f6cb6f5f343c	6	80798694	80838301	22	-0.3828
2ea69f1e-ccd7-4691-a0c1-f6cb6f5f343c	6	80840639	112608342	19639	0.0325
2ea69f1e-ccd7-4691-a0c1-f6cb6f5f343c	6	112610754	113900791	899	0.1716
2ea69f1e-ccd7-4691-a0c1-f6cb6f5f343c	6	113903677	113904647	3	-1.4765
2ea69f1e-ccd7-4691-a0c1-f6cb6f5f343c	6	113905281	125861617	7218	0.1745
2ea69f1e-ccd7-4691-a0c1-f6cb6f5f343c	6	125862546	125865630	3	-2.6441
2ea69f1e-ccd7-4691-a0c1-f6cb6f5f343c	6	125867747	132566968	4179	0.1771
2ea69f1e-ccd7-4691-a0c1-f6cb6f5f343c	6	132574618	141093175	5664	-0.0584
2ea69f1e-ccd7-4691-a0c1-f6cb6f5f343c	6	141093180	148180808	4565	0.1807
2ea69f1e-ccd7-4691-a0c1-f6cb6f5f343c	6	148185476	148185808	2	-1.6554
2ea69f1e-ccd7-4691-a0c1-f6cb6f5f343c	6	148186119	150999773	1986	0.1966
2ea69f1e-ccd7-4691-a0c1-f6cb6f5f343c	6	150999811	151600264	384	0.3767
2ea69f1e-ccd7-4691-a0c1-f6cb6f5f343c	6	151604242	151668165	51	-0.0701
2ea69f1e-ccd7-4691-a0c1-f6cb6f5f343c	6	151674783	153588494	1501	0.1799
2ea69f1e-ccd7-4691-a0c1-f6cb6f5f343c	6	153588714	153616611	22	-0.1006
2ea69f1e-ccd7-4691-a0c1-f6cb6f5f343c	6	153620648	155619846	1390	0.1792
2ea69f1e-ccd7-4691-a0c1-f6cb6f5f343c	6	155621680	170741917	10516	-0.3125
2ea69f1e-ccd7-4691-a0c1-f6cb6f5f343c	7	43355	6139300	3159	0.2124
2ea69f1e-ccd7-4691-a0c1-f6cb6f5f343c	7	6140476	7945757	1209	0.3223
2ea69f1e-ccd7-4691-a0c1-f6cb6f5f343c	7	7947025	28863816	16380	0.2021
2ea69f1e-ccd7-4691-a0c1-f6cb6f5f343c	7	28863899	48970301	13768	0.2266
2ea69f1e-ccd7-4691-a0c1-f6cb6f5f343c	7	48971105	51215641	1649	0.2096
2ea69f1e-ccd7-4691-a0c1-f6cb6f5f343c	7	51219111	54305455	2307	-0.0173
2ea69f1e-ccd7-4691-a0c1-f6cb6f5f343c	7	54318812	54318824	6	-0.998
2ea69f1e-ccd7-4691-a0c1-f6cb6f5f343c	7	54325795	54861282	403	-0.0032
2ea69f1e-ccd7-4691-a0c1-f6cb6f5f343c	7	54864113	54864286	2	-1.5502
2ea69f1e-ccd7-4691-a0c1-f6cb6f5f343c	7	54864564	69403475	4812	-0.0153
2ea69f1e-ccd7-4691-a0c1-f6cb6f5f343c	7	69403716	69860557	227	0.1898
2ea69f1e-ccd7-4691-a0c1-f6cb6f5f343c	7	69862830	70671779	498	-0.0161
2ea69f1e-ccd7-4691-a0c1-f6cb6f5f343c	7	70673359	70797150	93	0.4503
2ea69f1e-ccd7-4691-a0c1-f6cb6f5f343c	7	70806671	70955452	89	0.0015
2ea69f1e-ccd7-4691-a0c1-f6cb6f5f343c	7	70958264	70961155	2	-1.4466
2ea69f1e-ccd7-4691-a0c1-f6cb6f5f343c	7	70963257	72752156	1135	0.0021
2ea69f1e-ccd7-4691-a0c1-f6cb6f5f343c	7	72754124	107868828	19862	-0.17
2ea69f1e-ccd7-4691-a0c1-f6cb6f5f343c	7	107868967	116022264	5033	-0.0691
2ea69f1e-ccd7-4691-a0c1-f6cb6f5f343c	7	116025634	127987388	7421	-0.2052
2ea69f1e-ccd7-4691-a0c1-f6cb6f5f343c	7	127991955	142083169	8870	-0.0694
2ea69f1e-ccd7-4691-a0c1-f6cb6f5f343c	7	142084696	142099190	19	-0.8025
2ea69f1e-ccd7-4691-a0c1-f6cb6f5f343c	7	142099360	159334314	10853	-0.058
2ea69f1e-ccd7-4691-a0c1-f6cb6f5f343c	8	81254	6669490	7265	-0.4624
2ea69f1e-ccd7-4691-a0c1-f6cb6f5f343c	8	6669561	15545551	6445	-1.1484
2ea69f1e-ccd7-4691-a0c1-f6cb6f5f343c	8	15548772	15550334	3	0.0531
2ea69f1e-ccd7-4691-a0c1-f6cb6f5f343c	8	15552741	15897686	345	-0.4452
2ea69f1e-ccd7-4691-a0c1-f6cb6f5f343c	8	15897759	15900289	3	-3.5194
2ea69f1e-ccd7-4691-a0c1-f6cb6f5f343c	8	15903007	18407644	2239	-0.4515
2ea69f1e-ccd7-4691-a0c1-f6cb6f5f343c	8	18408647	18413675	4	-2.3409
2ea69f1e-ccd7-4691-a0c1-f6cb6f5f343c	8	18413877	22643129	3390	-0.4438
2ea69f1e-ccd7-4691-a0c1-f6cb6f5f343c	8	22648585	22741468	52	-0.1515
2ea69f1e-ccd7-4691-a0c1-f6cb6f5f343c	8	22744420	25117985	1634	-0.4448
2ea69f1e-ccd7-4691-a0c1-f6cb6f5f343c	8	25118055	25126735	21	-1.0932
2ea69f1e-ccd7-4691-a0c1-f6cb6f5f343c	8	25126818	27374547	1721	-0.4499
2ea69f1e-ccd7-4691-a0c1-f6cb6f5f343c	8	27375013	28082589	587	-0.2168
2ea69f1e-ccd7-4691-a0c1-f6cb6f5f343c	8	28085031	29323081	740	-0.05
2ea69f1e-ccd7-4691-a0c1-f6cb6f5f343c	8	29326345	30136078	542	0.1096
2ea69f1e-ccd7-4691-a0c1-f6cb6f5f343c	8	30142830	32623839	1674	-0.0442
2ea69f1e-ccd7-4691-a0c1-f6cb6f5f343c	8	32630833	33019074	294	-0.4523
2ea69f1e-ccd7-4691-a0c1-f6cb6f5f343c	8	33022706	33511564	293	-0.034
2ea69f1e-ccd7-4691-a0c1-f6cb6f5f343c	8	33516919	33607521	39	-0.1405
2ea69f1e-ccd7-4691-a0c1-f6cb6f5f343c	8	33611827	33908229	145	-0.3864
2ea69f1e-ccd7-4691-a0c1-f6cb6f5f343c	8	33912274	34889378	573	-0.206
2ea69f1e-ccd7-4691-a0c1-f6cb6f5f343c	8	34889743	34997908	55	0.1033
2ea69f1e-ccd7-4691-a0c1-f6cb6f5f343c	8	34998616	35653476	379	-0.2153
2ea69f1e-ccd7-4691-a0c1-f6cb6f5f343c	8	35655039	37433396	1027	0.1307
2ea69f1e-ccd7-4691-a0c1-f6cb6f5f343c	8	37440347	37716447	152	0.2947
2ea69f1e-ccd7-4691-a0c1-f6cb6f5f343c	8	37719244	39372806	792	-0.2392
2ea69f1e-ccd7-4691-a0c1-f6cb6f5f343c	8	39373140	39527675	59	0.4056
2ea69f1e-ccd7-4691-a0c1-f6cb6f5f343c	8	39529446	43474669	2491	-0.2483
2ea69f1e-ccd7-4691-a0c1-f6cb6f5f343c	8	43475055	48187472	955	0.1226
2ea69f1e-ccd7-4691-a0c1-f6cb6f5f343c	8	48187682	53644561	3470	0.3884
2ea69f1e-ccd7-4691-a0c1-f6cb6f5f343c	8	53644628	57461738	2469	0.2685
2ea69f1e-ccd7-4691-a0c1-f6cb6f5f343c	8	57462012	57462870	4	-0.5322
2ea69f1e-ccd7-4691-a0c1-f6cb6f5f343c	8	57462888	67427613	5985	0.269
2ea69f1e-ccd7-4691-a0c1-f6cb6f5f343c	8	67434155	67629982	140	0.4188
2ea69f1e-ccd7-4691-a0c1-f6cb6f5f343c	8	67630226	67636342	23	0.0879
2ea69f1e-ccd7-4691-a0c1-f6cb6f5f343c	8	67636412	69790973	1515	0.3918
2ea69f1e-ccd7-4691-a0c1-f6cb6f5f343c	8	69796887	70040504	141	0.695
2ea69f1e-ccd7-4691-a0c1-f6cb6f5f343c	8	70041692	70042599	7	0.066
2ea69f1e-ccd7-4691-a0c1-f6cb6f5f343c	8	70048926	70049279	7	0.5113
2ea69f1e-ccd7-4691-a0c1-f6cb6f5f343c	8	70050863	70051137	3	-0.0266
2ea69f1e-ccd7-4691-a0c1-f6cb6f5f343c	8	70051197	71300130	683	0.7238
2ea69f1e-ccd7-4691-a0c1-f6cb6f5f343c	8	71303076	71304364	8	-2.5814
2ea69f1e-ccd7-4691-a0c1-f6cb6f5f343c	8	71307628	89882782	11091	0.7091
2ea69f1e-ccd7-4691-a0c1-f6cb6f5f343c	8	89885310	111279265	13013	0.762
2ea69f1e-ccd7-4691-a0c1-f6cb6f5f343c	8	111282050	111283031	10	-0.5522
2ea69f1e-ccd7-4691-a0c1-f6cb6f5f343c	8	111288052	117228585	3494	0.7755
2ea69f1e-ccd7-4691-a0c1-f6cb6f5f343c	8	117228629	117297592	52	1.044
2ea69f1e-ccd7-4691-a0c1-f6cb6f5f343c	8	117297639	119697230	1813	0.7864
2ea69f1e-ccd7-4691-a0c1-f6cb6f5f343c	8	119700371	120802992	684	0.6822
2ea69f1e-ccd7-4691-a0c1-f6cb6f5f343c	8	120805883	121843536	694	0.6295
2ea69f1e-ccd7-4691-a0c1-f6cb6f5f343c	8	121851261	122049955	139	0.5642
2ea69f1e-ccd7-4691-a0c1-f6cb6f5f343c	8	122050320	122057480	5	-0.2791
2ea69f1e-ccd7-4691-a0c1-f6cb6f5f343c	8	122057628	128082343	4270	0.5342
2ea69f1e-ccd7-4691-a0c1-f6cb6f5f343c	8	128082594	128190180	114	0.7516
2ea69f1e-ccd7-4691-a0c1-f6cb6f5f343c	8	128190408	135654951	5709	0.5308
2ea69f1e-ccd7-4691-a0c1-f6cb6f5f343c	8	135656286	142046163	4814	0.7463
2ea69f1e-ccd7-4691-a0c1-f6cb6f5f343c	8	142047413	142049377	4	-0.4169
2ea69f1e-ccd7-4691-a0c1-f6cb6f5f343c	8	142055279	143217284	484	0.7894
2ea69f1e-ccd7-4691-a0c1-f6cb6f5f343c	8	143217495	143228447	13	-0.0069
2ea69f1e-ccd7-4691-a0c1-f6cb6f5f343c	8	143232207	143616987	119	0.7791
2ea69f1e-ccd7-4691-a0c1-f6cb6f5f343c	8	143622987	143624808	7	-0.0742
2ea69f1e-ccd7-4691-a0c1-f6cb6f5f343c	8	143624851	144986209	461	0.7745
2ea69f1e-ccd7-4691-a0c1-f6cb6f5f343c	8	144988072	145021973	18	-0.1321
2ea69f1e-ccd7-4691-a0c1-f6cb6f5f343c	8	145021986	145072769	26	0.6414
2ea69f1e-ccd7-4691-a0c1-f6cb6f5f343c	9	46587	149481	13	-0.0688
2ea69f1e-ccd7-4691-a0c1-f6cb6f5f343c	9	149727	7684317	7388	-0.2888
2ea69f1e-ccd7-4691-a0c1-f6cb6f5f343c	9	7684760	7685999	2	-2.0746
2ea69f1e-ccd7-4691-a0c1-f6cb6f5f343c	9	7688633	20288153	10801	-0.2993
2ea69f1e-ccd7-4691-a0c1-f6cb6f5f343c	9	20289075	20291460	9	-3.869
2ea69f1e-ccd7-4691-a0c1-f6cb6f5f343c	9	20291604	20292247	2	-1.9607
2ea69f1e-ccd7-4691-a0c1-f6cb6f5f343c	9	20298530	40189830	12959	-0.3093
2ea69f1e-ccd7-4691-a0c1-f6cb6f5f343c	9	40228981	41644133	85	0.0092
2ea69f1e-ccd7-4691-a0c1-f6cb6f5f343c	9	41644288	42574420	49	0.3048
2ea69f1e-ccd7-4691-a0c1-f6cb6f5f343c	9	42585140	61405110	55	-0.0568
2ea69f1e-ccd7-4691-a0c1-f6cb6f5f343c	9	61520021	61647899	30	-1.2619
2ea69f1e-ccd7-4691-a0c1-f6cb6f5f343c	9	61665362	68391659	181	-0.0783
2ea69f1e-ccd7-4691-a0c1-f6cb6f5f343c	9	68394191	71252744	2260	0.1727
2ea69f1e-ccd7-4691-a0c1-f6cb6f5f343c	9	71255044	75332927	2658	0.1278
2ea69f1e-ccd7-4691-a0c1-f6cb6f5f343c	9	75337570	75341442	4	-1.1836
2ea69f1e-ccd7-4691-a0c1-f6cb6f5f343c	9	75350902	89242191	10096	0.1542
2ea69f1e-ccd7-4691-a0c1-f6cb6f5f343c	9	89244222	91552497	1799	0.3556
2ea69f1e-ccd7-4691-a0c1-f6cb6f5f343c	9	91553905	91575707	18	-0.0829
2ea69f1e-ccd7-4691-a0c1-f6cb6f5f343c	9	91583959	99540107	5103	0.3446
2ea69f1e-ccd7-4691-a0c1-f6cb6f5f343c	9	99543272	113291760	10147	-0.3135
2ea69f1e-ccd7-4691-a0c1-f6cb6f5f343c	9	113297287	124983261	8521	0.1634
2ea69f1e-ccd7-4691-a0c1-f6cb6f5f343c	9	124984369	126756340	1135	0.5129
2ea69f1e-ccd7-4691-a0c1-f6cb6f5f343c	9	126760533	126760871	3	-1.2169
2ea69f1e-ccd7-4691-a0c1-f6cb6f5f343c	9	126765278	126952431	118	0.5335
2ea69f1e-ccd7-4691-a0c1-f6cb6f5f343c	9	126952825	127407595	314	0.3634
2ea69f1e-ccd7-4691-a0c1-f6cb6f5f343c	9	127408828	127412817	2	-0.7851
2ea69f1e-ccd7-4691-a0c1-f6cb6f5f343c	9	127412817	129500665	906	0.3667
2ea69f1e-ccd7-4691-a0c1-f6cb6f5f343c	9	129501622	133348813	2558	0.1684
2ea69f1e-ccd7-4691-a0c1-f6cb6f5f343c	9	133355635	135259826	1103	0.4073
2ea69f1e-ccd7-4691-a0c1-f6cb6f5f343c	9	135261156	135417501	113	1.2515
2ea69f1e-ccd7-4691-a0c1-f6cb6f5f343c	9	135418577	138117896	1013	0.3888
2ea69f1e-ccd7-4691-a0c1-f6cb6f5f343c	9	138117912	138200944	25	0.1147
2ea69f1e-ccd7-4691-a0c1-f6cb6f5f343c	10	45792	494221	261	-0.1155
2ea69f1e-ccd7-4691-a0c1-f6cb6f5f343c	10	494317	2701088	1829	-0.0817
2ea69f1e-ccd7-4691-a0c1-f6cb6f5f343c	10	2701705	2715363	20	-0.6439
2ea69f1e-ccd7-4691-a0c1-f6cb6f5f343c	10	2715879	8199613	4938	-0.097
2ea69f1e-ccd7-4691-a0c1-f6cb6f5f343c	10	8199755	9004342	740	0.1431
2ea69f1e-ccd7-4691-a0c1-f6cb6f5f343c	10	9006209	9006362	2	-1.099
2ea69f1e-ccd7-4691-a0c1-f6cb6f5f343c	10	9008130	13255383	3350	0.1484
2ea69f1e-ccd7-4691-a0c1-f6cb6f5f343c	10	13255574	25867615	9303	0.0671
2ea69f1e-ccd7-4691-a0c1-f6cb6f5f343c	10	25868743	26937062	737	0.1439
2ea69f1e-ccd7-4691-a0c1-f6cb6f5f343c	10	26937169	26941064	12	0.7181
2ea69f1e-ccd7-4691-a0c1-f6cb6f5f343c	10	26941746	41715085	7861	0.1613
2ea69f1e-ccd7-4691-a0c1-f6cb6f5f343c	10	41716748	43374481	741	-0.2644
2ea69f1e-ccd7-4691-a0c1-f6cb6f5f343c	10	43378180	45458319	1513	-0.3256
2ea69f1e-ccd7-4691-a0c1-f6cb6f5f343c	10	45464552	45474056	13	-1.5047
2ea69f1e-ccd7-4691-a0c1-f6cb6f5f343c	10	45478472	87850813	27805	-0.3068
2ea69f1e-ccd7-4691-a0c1-f6cb6f5f343c	10	87851864	87892823	68	-0.8616
2ea69f1e-ccd7-4691-a0c1-f6cb6f5f343c	10	87897393	102441624	9074	-0.3095
2ea69f1e-ccd7-4691-a0c1-f6cb6f5f343c	10	102442972	111263464	6063	-0.2628
2ea69f1e-ccd7-4691-a0c1-f6cb6f5f343c	10	111268773	111281618	20	-1.1541
2ea69f1e-ccd7-4691-a0c1-f6cb6f5f343c	10	111290005	133415637	16092	-0.2623
2ea69f1e-ccd7-4691-a0c1-f6cb6f5f343c	10	133416215	133416364	2	-2.6065
2ea69f1e-ccd7-4691-a0c1-f6cb6f5f343c	10	133419150	133654968	147	-0.2781
2ea69f1e-ccd7-4691-a0c1-f6cb6f5f343c	11	198510	4949137	2424	-0.285
2ea69f1e-ccd7-4691-a0c1-f6cb6f5f343c	11	4950775	4955042	23	-1.7011
2ea69f1e-ccd7-4691-a0c1-f6cb6f5f343c	11	4955781	5766175	781	-0.3122
2ea69f1e-ccd7-4691-a0c1-f6cb6f5f343c	11	5766850	5787909	32	-1.302
2ea69f1e-ccd7-4691-a0c1-f6cb6f5f343c	11	5788108	13555280	5956	-0.3062
2ea69f1e-ccd7-4691-a0c1-f6cb6f5f343c	11	13561716	65474292	30646	-0.042
2ea69f1e-ccd7-4691-a0c1-f6cb6f5f343c	11	65478583	71645745	2957	0.066
2ea69f1e-ccd7-4691-a0c1-f6cb6f5f343c	11	71649144	74313120	1229	-0.1144
2ea69f1e-ccd7-4691-a0c1-f6cb6f5f343c	11	74313212	74315183	3	-1.2622
2ea69f1e-ccd7-4691-a0c1-f6cb6f5f343c	11	74318485	77628786	1858	-0.1077
2ea69f1e-ccd7-4691-a0c1-f6cb6f5f343c	11	77630083	78232897	306	0.1061
2ea69f1e-ccd7-4691-a0c1-f6cb6f5f343c	11	78236480	78730368	298	-0.1123
2ea69f1e-ccd7-4691-a0c1-f6cb6f5f343c	11	78730398	78794966	53	0.1475
2ea69f1e-ccd7-4691-a0c1-f6cb6f5f343c	11	78796516	81752093	2464	-0.1069
2ea69f1e-ccd7-4691-a0c1-f6cb6f5f343c	11	81752480	116993798	24379	-0.2736
2ea69f1e-ccd7-4691-a0c1-f6cb6f5f343c	11	117002605	117516958	295	-0.0041
2ea69f1e-ccd7-4691-a0c1-f6cb6f5f343c	11	117523014	133939583	12208	-0.2755
2ea69f1e-ccd7-4691-a0c1-f6cb6f5f343c	11	133940062	135074876	841	-0.3972
2ea69f1e-ccd7-4691-a0c1-f6cb6f5f343c	12	51460	11983996	7999	0.0052
2ea69f1e-ccd7-4691-a0c1-f6cb6f5f343c	12	11984064	19040840	4643	-0.0371
2ea69f1e-ccd7-4691-a0c1-f6cb6f5f343c	12	19044016	19062867	18	0.4
2ea69f1e-ccd7-4691-a0c1-f6cb6f5f343c	12	19063109	31197789	8764	-0.0465
2ea69f1e-ccd7-4691-a0c1-f6cb6f5f343c	12	31198351	31203225	4	-1.1203
2ea69f1e-ccd7-4691-a0c1-f6cb6f5f343c	12	31203382	33141577	1348	-0.0609
2ea69f1e-ccd7-4691-a0c1-f6cb6f5f343c	12	33141611	33154440	32	-0.4756
2ea69f1e-ccd7-4691-a0c1-f6cb6f5f343c	12	33155426	33233822	45	-0.0093
2ea69f1e-ccd7-4691-a0c1-f6cb6f5f343c	12	33235894	33239086	3	-1.6219
2ea69f1e-ccd7-4691-a0c1-f6cb6f5f343c	12	33242207	34701563	740	-0.0397
2ea69f1e-ccd7-4691-a0c1-f6cb6f5f343c	12	37463949	37620216	43	0.4814
2ea69f1e-ccd7-4691-a0c1-f6cb6f5f343c	12	37640556	37767650	34	0.1625
2ea69f1e-ccd7-4691-a0c1-f6cb6f5f343c	12	37768678	44788477	4311	0.5178
2ea69f1e-ccd7-4691-a0c1-f6cb6f5f343c	12	44795569	46714880	1079	0.6642
2ea69f1e-ccd7-4691-a0c1-f6cb6f5f343c	12	46714881	46725590	10	1.0987
2ea69f1e-ccd7-4691-a0c1-f6cb6f5f343c	12	46728283	47282314	365	0.681
2ea69f1e-ccd7-4691-a0c1-f6cb6f5f343c	12	47283167	47293929	7	0.3388
2ea69f1e-ccd7-4691-a0c1-f6cb6f5f343c	12	47295469	48331037	668	-0.0316
2ea69f1e-ccd7-4691-a0c1-f6cb6f5f343c	12	48331236	48331632	5	-0.9062
2ea69f1e-ccd7-4691-a0c1-f6cb6f5f343c	12	48336253	63526209	8911	-0.0325
2ea69f1e-ccd7-4691-a0c1-f6cb6f5f343c	12	63526805	63531025	3	-1.2934
2ea69f1e-ccd7-4691-a0c1-f6cb6f5f343c	12	63539183	70478078	4530	-0.0455
2ea69f1e-ccd7-4691-a0c1-f6cb6f5f343c	12	70478895	70484247	9	-1.2324
2ea69f1e-ccd7-4691-a0c1-f6cb6f5f343c	12	70485605	70871797	301	-0.0174
2ea69f1e-ccd7-4691-a0c1-f6cb6f5f343c	12	70872150	75913829	3115	-0.1321
2ea69f1e-ccd7-4691-a0c1-f6cb6f5f343c	12	75916991	75920650	3	-1.5407
2ea69f1e-ccd7-4691-a0c1-f6cb6f5f343c	12	75925132	77545109	1044	-0.1355
2ea69f1e-ccd7-4691-a0c1-f6cb6f5f343c	12	77545323	83462761	3772	-0.0307
2ea69f1e-ccd7-4691-a0c1-f6cb6f5f343c	12	83462773	83462917	2	-2.4886
2ea69f1e-ccd7-4691-a0c1-f6cb6f5f343c	12	83462975	83769408	193	-0.0416
2ea69f1e-ccd7-4691-a0c1-f6cb6f5f343c	12	83769511	83771462	3	-1.6505
2ea69f1e-ccd7-4691-a0c1-f6cb6f5f343c	12	83771500	89951332	3535	-0.0376
2ea69f1e-ccd7-4691-a0c1-f6cb6f5f343c	12	89955225	90098039	89	-0.3033
2ea69f1e-ccd7-4691-a0c1-f6cb6f5f343c	12	90098203	90099780	5	-1.5058
2ea69f1e-ccd7-4691-a0c1-f6cb6f5f343c	12	90099836	99386810	6438	-0.3128
2ea69f1e-ccd7-4691-a0c1-f6cb6f5f343c	12	99388588	99409340	40	-0.8958
2ea69f1e-ccd7-4691-a0c1-f6cb6f5f343c	12	99409355	101947094	1578	-0.3206
2ea69f1e-ccd7-4691-a0c1-f6cb6f5f343c	12	101948123	101948341	3	-1.7053
2ea69f1e-ccd7-4691-a0c1-f6cb6f5f343c	12	101949174	120412654	12501	-0.3094
2ea69f1e-ccd7-4691-a0c1-f6cb6f5f343c	12	120416095	120427246	8	-1.2693
2ea69f1e-ccd7-4691-a0c1-f6cb6f5f343c	12	120427832	133201603	8579	-0.3147
2ea69f1e-ccd7-4691-a0c1-f6cb6f5f343c	13	18452809	18737640	67	0.068
2ea69f1e-ccd7-4691-a0c1-f6cb6f5f343c	13	18740379	18824667	12	-0.4762
2ea69f1e-ccd7-4691-a0c1-f6cb6f5f343c	13	18825840	41930417	16467	0.1033
2ea69f1e-ccd7-4691-a0c1-f6cb6f5f343c	13	41934733	68677517	16386	-0.2913
2ea69f1e-ccd7-4691-a0c1-f6cb6f5f343c	13	68677848	68685866	13	-0.8932
2ea69f1e-ccd7-4691-a0c1-f6cb6f5f343c	13	68685903	78137861	6518	-0.3006
2ea69f1e-ccd7-4691-a0c1-f6cb6f5f343c	13	78140723	78140799	2	-2.051
2ea69f1e-ccd7-4691-a0c1-f6cb6f5f343c	13	78141265	110274030	22213	-0.3009
2ea69f1e-ccd7-4691-a0c1-f6cb6f5f343c	13	110274714	110276442	3	-1.8801
2ea69f1e-ccd7-4691-a0c1-f6cb6f5f343c	13	110276815	112978130	1833	-0.2919
2ea69f1e-ccd7-4691-a0c1-f6cb6f5f343c	13	112985750	113050071	33	0.0845
2ea69f1e-ccd7-4691-a0c1-f6cb6f5f343c	13	113053299	114342922	548	-0.2899
2ea69f1e-ccd7-4691-a0c1-f6cb6f5f343c	14	18239283	19197351	40	0.0089
2ea69f1e-ccd7-4691-a0c1-f6cb6f5f343c	14	19203845	19954424	126	0.4362
2ea69f1e-ccd7-4691-a0c1-f6cb6f5f343c	14	19955213	20738020	590	0.0837
2ea69f1e-ccd7-4691-a0c1-f6cb6f5f343c	14	20739118	20750404	22	-0.374
2ea69f1e-ccd7-4691-a0c1-f6cb6f5f343c	14	20754292	21684158	540	0.0769
2ea69f1e-ccd7-4691-a0c1-f6cb6f5f343c	14	21684307	21686204	3	-1.093
2ea69f1e-ccd7-4691-a0c1-f6cb6f5f343c	14	21687544	22222237	463	0.1262
2ea69f1e-ccd7-4691-a0c1-f6cb6f5f343c	14	22222399	22496054	212	0.3008
2ea69f1e-ccd7-4691-a0c1-f6cb6f5f343c	14	22496095	24030782	924	0.0937
2ea69f1e-ccd7-4691-a0c1-f6cb6f5f343c	14	24030894	24872945	541	0.3006
2ea69f1e-ccd7-4691-a0c1-f6cb6f5f343c	14	24875018	26314708	1047	0.3845
2ea69f1e-ccd7-4691-a0c1-f6cb6f5f343c	14	26314709	26314712	4	-0.8845
2ea69f1e-ccd7-4691-a0c1-f6cb6f5f343c	14	26315707	39003697	7923	0.3679
2ea69f1e-ccd7-4691-a0c1-f6cb6f5f343c	14	39003712	44190740	3177	0.2817
2ea69f1e-ccd7-4691-a0c1-f6cb6f5f343c	14	44198131	44222306	16	-0.1241
2ea69f1e-ccd7-4691-a0c1-f6cb6f5f343c	14	44222754	56850295	8069	0.2857
2ea69f1e-ccd7-4691-a0c1-f6cb6f5f343c	14	56854094	57606176	475	0.6746
2ea69f1e-ccd7-4691-a0c1-f6cb6f5f343c	14	57609610	64290033	4292	0.2856
2ea69f1e-ccd7-4691-a0c1-f6cb6f5f343c	14	64290290	64293067	9	-0.2247
2ea69f1e-ccd7-4691-a0c1-f6cb6f5f343c	14	64293164	67283910	1654	0.2996
2ea69f1e-ccd7-4691-a0c1-f6cb6f5f343c	14	67292719	73529070	4098	-0.3095
2ea69f1e-ccd7-4691-a0c1-f6cb6f5f343c	14	73534419	73563196	10	-1.428
2ea69f1e-ccd7-4691-a0c1-f6cb6f5f343c	14	73563211	75440761	1079	-0.2969
2ea69f1e-ccd7-4691-a0c1-f6cb6f5f343c	14	75442077	75465156	30	0.0636
2ea69f1e-ccd7-4691-a0c1-f6cb6f5f343c	14	75466605	76827177	896	-0.3051
2ea69f1e-ccd7-4691-a0c1-f6cb6f5f343c	14	76827366	76828849	2	-2.533
2ea69f1e-ccd7-4691-a0c1-f6cb6f5f343c	14	76830796	97227585	13832	-0.3039
2ea69f1e-ccd7-4691-a0c1-f6cb6f5f343c	14	97232027	105935612	4891	0.3147
2ea69f1e-ccd7-4691-a0c1-f6cb6f5f343c	14	105935639	106197054	82	0.8895
2ea69f1e-ccd7-4691-a0c1-f6cb6f5f343c	14	106209497	106877229	337	0.2556
2ea69f1e-ccd7-4691-a0c1-f6cb6f5f343c	15	19811075	20001686	45	-0.1541
2ea69f1e-ccd7-4691-a0c1-f6cb6f5f343c	15	20011702	20056983	5	-1.652
2ea69f1e-ccd7-4691-a0c1-f6cb6f5f343c	15	20059033	30503586	4809	0.0127
2ea69f1e-ccd7-4691-a0c1-f6cb6f5f343c	15	30515739	30608675	3	-1.8079
2ea69f1e-ccd7-4691-a0c1-f6cb6f5f343c	15	30621384	38003545	5042	-0.0042
2ea69f1e-ccd7-4691-a0c1-f6cb6f5f343c	15	38008262	38032256	14	-1.0894
2ea69f1e-ccd7-4691-a0c1-f6cb6f5f343c	15	38034953	41554978	2207	0.003
2ea69f1e-ccd7-4691-a0c1-f6cb6f5f343c	15	41558035	56577075	9060	-0.1028
2ea69f1e-ccd7-4691-a0c1-f6cb6f5f343c	15	56578279	62953432	4838	-0.1622
2ea69f1e-ccd7-4691-a0c1-f6cb6f5f343c	15	62956427	63030212	73	0.1734
2ea69f1e-ccd7-4691-a0c1-f6cb6f5f343c	15	63030628	76586021	7802	-0.16
2ea69f1e-ccd7-4691-a0c1-f6cb6f5f343c	15	76598900	76603434	22	-1.8185
2ea69f1e-ccd7-4691-a0c1-f6cb6f5f343c	15	76609838	79992774	2082	-0.1435
2ea69f1e-ccd7-4691-a0c1-f6cb6f5f343c	15	79994607	80351284	242	0.042
2ea69f1e-ccd7-4691-a0c1-f6cb6f5f343c	15	80351332	81479994	796	0.1697
2ea69f1e-ccd7-4691-a0c1-f6cb6f5f343c	15	81480027	98263607	11809	0.0604
2ea69f1e-ccd7-4691-a0c1-f6cb6f5f343c	15	98268012	98273825	3	-1.6798
2ea69f1e-ccd7-4691-a0c1-f6cb6f5f343c	15	98274476	101738472	2598	0.0757
2ea69f1e-ccd7-4691-a0c1-f6cb6f5f343c	15	101738615	101765514	5	0.813
2ea69f1e-ccd7-4691-a0c1-f6cb6f5f343c	15	101766307	101794654	14	0.2304
2ea69f1e-ccd7-4691-a0c1-f6cb6f5f343c	15	101797127	101829176	25	0.7853
2ea69f1e-ccd7-4691-a0c1-f6cb6f5f343c	15	101829442	101928837	31	0.2318
2ea69f1e-ccd7-4691-a0c1-f6cb6f5f343c	16	10777	60872	25	0.5961
2ea69f1e-ccd7-4691-a0c1-f6cb6f5f343c	16	64028	1175628	386	0.408
2ea69f1e-ccd7-4691-a0c1-f6cb6f5f343c	16	1176198	3960710	1121	0.5472
2ea69f1e-ccd7-4691-a0c1-f6cb6f5f343c	16	3963466	6731829	2530	0.4052
2ea69f1e-ccd7-4691-a0c1-f6cb6f5f343c	16	6732278	6806586	109	0.2034
2ea69f1e-ccd7-4691-a0c1-f6cb6f5f343c	16	6808922	6884269	82	0.4407
2ea69f1e-ccd7-4691-a0c1-f6cb6f5f343c	16	6884348	12554945	5160	0.5119
2ea69f1e-ccd7-4691-a0c1-f6cb6f5f343c	16	12554986	12555138	4	-0.5992
2ea69f1e-ccd7-4691-a0c1-f6cb6f5f343c	16	12556390	12614953	112	0.4809
2ea69f1e-ccd7-4691-a0c1-f6cb6f5f343c	16	12615002	12615360	6	-0.0534
2ea69f1e-ccd7-4691-a0c1-f6cb6f5f343c	16	12618342	14455922	1465	0.5014
2ea69f1e-ccd7-4691-a0c1-f6cb6f5f343c	16	14456451	14548645	42	0.2761
2ea69f1e-ccd7-4691-a0c1-f6cb6f5f343c	16	14548948	14671357	52	0.0426
2ea69f1e-ccd7-4691-a0c1-f6cb6f5f343c	16	14676775	14838199	11	0.3347
2ea69f1e-ccd7-4691-a0c1-f6cb6f5f343c	16	14843467	14993320	58	-0.0982
2ea69f1e-ccd7-4691-a0c1-f6cb6f5f343c	16	15009819	15054292	16	0.2037
2ea69f1e-ccd7-4691-a0c1-f6cb6f5f343c	16	15054547	17973439	1488	0.2584
2ea69f1e-ccd7-4691-a0c1-f6cb6f5f343c	16	17973658	29268429	6392	0.1836
2ea69f1e-ccd7-4691-a0c1-f6cb6f5f343c	16	29269203	29272383	5	-1.2327
2ea69f1e-ccd7-4691-a0c1-f6cb6f5f343c	16	29276882	35080991	1009	0.1726
2ea69f1e-ccd7-4691-a0c1-f6cb6f5f343c	16	35082020	46463450	404	-0.3406
2ea69f1e-ccd7-4691-a0c1-f6cb6f5f343c	16	46469294	47337251	355	0.1664
2ea69f1e-ccd7-4691-a0c1-f6cb6f5f343c	16	47344877	47468727	57	-0.0072
2ea69f1e-ccd7-4691-a0c1-f6cb6f5f343c	16	47469992	47669488	90	0.1196
2ea69f1e-ccd7-4691-a0c1-f6cb6f5f343c	16	47671554	49994588	1523	0.4834
2ea69f1e-ccd7-4691-a0c1-f6cb6f5f343c	16	49994694	52108664	1479	0.1093
2ea69f1e-ccd7-4691-a0c1-f6cb6f5f343c	16	52109293	52478544	284	-0.4416
2ea69f1e-ccd7-4691-a0c1-f6cb6f5f343c	16	52480376	53471191	734	-0.3152
2ea69f1e-ccd7-4691-a0c1-f6cb6f5f343c	16	53472031	53995392	424	-0.1281
2ea69f1e-ccd7-4691-a0c1-f6cb6f5f343c	16	53995489	55762682	1515	-0.2985
2ea69f1e-ccd7-4691-a0c1-f6cb6f5f343c	16	55764310	55764850	2	2.8419
2ea69f1e-ccd7-4691-a0c1-f6cb6f5f343c	16	55764867	56640199	545	-0.2762
2ea69f1e-ccd7-4691-a0c1-f6cb6f5f343c	16	56640946	58080236	845	0.183
2ea69f1e-ccd7-4691-a0c1-f6cb6f5f343c	16	58092256	77732743	12298	-0.3048
2ea69f1e-ccd7-4691-a0c1-f6cb6f5f343c	16	77732945	90096867	11209	-0.1842
2ea69f1e-ccd7-4691-a0c1-f6cb6f5f343c	17	150733	17041025	10597	-0.0418
2ea69f1e-ccd7-4691-a0c1-f6cb6f5f343c	17	17046341	18414080	792	-0.2834
2ea69f1e-ccd7-4691-a0c1-f6cb6f5f343c	17	18452078	18508083	15	-1.7846
2ea69f1e-ccd7-4691-a0c1-f6cb6f5f343c	17	18508609	41266838	9396	-0.2989
2ea69f1e-ccd7-4691-a0c1-f6cb6f5f343c	17	41266851	41274279	19	1.3076
2ea69f1e-ccd7-4691-a0c1-f6cb6f5f343c	17	41276472	46136800	2532	-0.2838
2ea69f1e-ccd7-4691-a0c1-f6cb6f5f343c	17	46137998	46323701	88	0.0239
2ea69f1e-ccd7-4691-a0c1-f6cb6f5f343c	17	46351954	46707286	8	-0.6354
2ea69f1e-ccd7-4691-a0c1-f6cb6f5f343c	17	46707312	55674041	5453	0.3721
2ea69f1e-ccd7-4691-a0c1-f6cb6f5f343c	17	55674594	56901719	1020	0.5373
2ea69f1e-ccd7-4691-a0c1-f6cb6f5f343c	17	56902883	59977596	1746	0.3767
2ea69f1e-ccd7-4691-a0c1-f6cb6f5f343c	17	59998150	61040231	505	0.1768
2ea69f1e-ccd7-4691-a0c1-f6cb6f5f343c	17	61042450	61042996	2	-2.7027
2ea69f1e-ccd7-4691-a0c1-f6cb6f5f343c	17	61049686	61245919	96	0.1172
2ea69f1e-ccd7-4691-a0c1-f6cb6f5f343c	17	61245957	61835667	341	0.2158
2ea69f1e-ccd7-4691-a0c1-f6cb6f5f343c	17	61835797	65490062	1752	0.1039
2ea69f1e-ccd7-4691-a0c1-f6cb6f5f343c	17	65490217	65617608	71	0.4586
2ea69f1e-ccd7-4691-a0c1-f6cb6f5f343c	17	65619344	66432564	496	0.0903
2ea69f1e-ccd7-4691-a0c1-f6cb6f5f343c	17	66432620	66435476	3	-0.7528
2ea69f1e-ccd7-4691-a0c1-f6cb6f5f343c	17	66435506	67682706	899	0.1241
2ea69f1e-ccd7-4691-a0c1-f6cb6f5f343c	17	67682741	68535022	413	-0.1209
2ea69f1e-ccd7-4691-a0c1-f6cb6f5f343c	17	68539318	68542098	3	-1.4168
2ea69f1e-ccd7-4691-a0c1-f6cb6f5f343c	17	68542277	69272213	514	-0.1279
2ea69f1e-ccd7-4691-a0c1-f6cb6f5f343c	17	69273271	69273360	2	-2.5078
2ea69f1e-ccd7-4691-a0c1-f6cb6f5f343c	17	69275799	79353727	6612	-0.132
2ea69f1e-ccd7-4691-a0c1-f6cb6f5f343c	17	79354260	83091923	1630	0.1212
2ea69f1e-ccd7-4691-a0c1-f6cb6f5f343c	18	48133	220002	57	0.107
2ea69f1e-ccd7-4691-a0c1-f6cb6f5f343c	18	220071	7816936	5571	0.2504
2ea69f1e-ccd7-4691-a0c1-f6cb6f5f343c	18	7818291	8456959	494	0.1563
2ea69f1e-ccd7-4691-a0c1-f6cb6f5f343c	18	8458192	8458486	3	-0.9903
2ea69f1e-ccd7-4691-a0c1-f6cb6f5f343c	18	8461021	15062970	4206	0.1716
2ea69f1e-ccd7-4691-a0c1-f6cb6f5f343c	18	15069663	15249180	47	-0.0876
2ea69f1e-ccd7-4691-a0c1-f6cb6f5f343c	18	15272499	27686057	4088	0.1639
2ea69f1e-ccd7-4691-a0c1-f6cb6f5f343c	18	27688252	29637357	1198	0.0322
2ea69f1e-ccd7-4691-a0c1-f6cb6f5f343c	18	29638472	30851021	738	0.1167
2ea69f1e-ccd7-4691-a0c1-f6cb6f5f343c	18	30851694	32330965	1021	0.026
2ea69f1e-ccd7-4691-a0c1-f6cb6f5f343c	18	32334301	32392811	49	0.1272
2ea69f1e-ccd7-4691-a0c1-f6cb6f5f343c	18	32392986	34875415	1493	0.2266
2ea69f1e-ccd7-4691-a0c1-f6cb6f5f343c	18	34875790	42476989	5060	0.1262
2ea69f1e-ccd7-4691-a0c1-f6cb6f5f343c	18	42477118	42480972	17	-0.4806
2ea69f1e-ccd7-4691-a0c1-f6cb6f5f343c	18	42481030	42695593	141	0.1212
2ea69f1e-ccd7-4691-a0c1-f6cb6f5f343c	18	42700442	45939475	2124	-0.1453
2ea69f1e-ccd7-4691-a0c1-f6cb6f5f343c	18	45939559	50870597	3413	-0.2613
2ea69f1e-ccd7-4691-a0c1-f6cb6f5f343c	18	50875192	53412631	1824	-0.5446
2ea69f1e-ccd7-4691-a0c1-f6cb6f5f343c	18	53413154	63755979	7120	-0.4603
2ea69f1e-ccd7-4691-a0c1-f6cb6f5f343c	18	63757499	66060309	1607	-0.2049
2ea69f1e-ccd7-4691-a0c1-f6cb6f5f343c	18	66060363	66061104	10	-1.4131
2ea69f1e-ccd7-4691-a0c1-f6cb6f5f343c	18	66065502	69540616	2613	-0.2145
2ea69f1e-ccd7-4691-a0c1-f6cb6f5f343c	18	69541156	69541417	2	-1.753
2ea69f1e-ccd7-4691-a0c1-f6cb6f5f343c	18	69543096	69550035	5	-3.5913
2ea69f1e-ccd7-4691-a0c1-f6cb6f5f343c	18	69550306	69646882	99	-0.1864
2ea69f1e-ccd7-4691-a0c1-f6cb6f5f343c	18	69647341	69650710	3	-1.8112
2ea69f1e-ccd7-4691-a0c1-f6cb6f5f343c	18	69651141	75182713	4078	-0.2071
2ea69f1e-ccd7-4691-a0c1-f6cb6f5f343c	18	75183182	75202827	30	0.3605
2ea69f1e-ccd7-4691-a0c1-f6cb6f5f343c	18	75210785	77193981	1598	-0.2013
2ea69f1e-ccd7-4691-a0c1-f6cb6f5f343c	18	77194108	77199324	2	-1.7515
2ea69f1e-ccd7-4691-a0c1-f6cb6f5f343c	18	77200024	80206083	1964	-0.186
2ea69f1e-ccd7-4691-a0c1-f6cb6f5f343c	18	80210509	80257174	25	-0.0239
2ea69f1e-ccd7-4691-a0c1-f6cb6f5f343c	19	90910	981661	187	-0.0114
2ea69f1e-ccd7-4691-a0c1-f6cb6f5f343c	19	987571	1580317	166	-0.113
2ea69f1e-ccd7-4691-a0c1-f6cb6f5f343c	19	1589388	9163124	3032	0.0412
2ea69f1e-ccd7-4691-a0c1-f6cb6f5f343c	19	9163996	9166800	4	-0.9237
2ea69f1e-ccd7-4691-a0c1-f6cb6f5f343c	19	9167445	12708905	1699	0.0414
2ea69f1e-ccd7-4691-a0c1-f6cb6f5f343c	19	12709441	27662310	6131	0.1554
2ea69f1e-ccd7-4691-a0c1-f6cb6f5f343c	19	27662605	27706033	12	-0.6193
2ea69f1e-ccd7-4691-a0c1-f6cb6f5f343c	19	27707365	35364451	5481	0.18
2ea69f1e-ccd7-4691-a0c1-f6cb6f5f343c	19	35364547	35370946	20	-0.5811
2ea69f1e-ccd7-4691-a0c1-f6cb6f5f343c	19	35375842	42388862	3505	0.1638
2ea69f1e-ccd7-4691-a0c1-f6cb6f5f343c	19	42393339	43193181	359	-0.0261
2ea69f1e-ccd7-4691-a0c1-f6cb6f5f343c	19	43198881	43249358	21	-0.9272
2ea69f1e-ccd7-4691-a0c1-f6cb6f5f343c	19	43252085	54786431	6179	0.0219
2ea69f1e-ccd7-4691-a0c1-f6cb6f5f343c	19	54787128	54815158	16	-1.717
2ea69f1e-ccd7-4691-a0c1-f6cb6f5f343c	19	54819199	54867244	27	-0.7497
2ea69f1e-ccd7-4691-a0c1-f6cb6f5f343c	19	54868000	55771003	430	0.0328
2ea69f1e-ccd7-4691-a0c1-f6cb6f5f343c	19	55771169	55771701	3	1.218
2ea69f1e-ccd7-4691-a0c1-f6cb6f5f343c	19	55774927	58586487	1838	0.0503
2ea69f1e-ccd7-4691-a0c1-f6cb6f5f343c	20	80664	201457	93	0.1808
2ea69f1e-ccd7-4691-a0c1-f6cb6f5f343c	20	205285	1576544	1091	0.5359
2ea69f1e-ccd7-4691-a0c1-f6cb6f5f343c	20	1576573	1609809	58	-0.2372
2ea69f1e-ccd7-4691-a0c1-f6cb6f5f343c	20	1609888	3514427	1397	0.5235
2ea69f1e-ccd7-4691-a0c1-f6cb6f5f343c	20	3516700	4356285	538	0.609
2ea69f1e-ccd7-4691-a0c1-f6cb6f5f343c	20	4357338	4708828	306	0.5406
2ea69f1e-ccd7-4691-a0c1-f6cb6f5f343c	20	4709890	4721651	16	0.1371
2ea69f1e-ccd7-4691-a0c1-f6cb6f5f343c	20	4721704	4731121	18	0.6956
2ea69f1e-ccd7-4691-a0c1-f6cb6f5f343c	20	4732382	7799387	2334	0.2501
2ea69f1e-ccd7-4691-a0c1-f6cb6f5f343c	20	7800126	12600641	3786	0.0477
2ea69f1e-ccd7-4691-a0c1-f6cb6f5f343c	20	12600700	15958253	2624	0.1641
2ea69f1e-ccd7-4691-a0c1-f6cb6f5f343c	20	15962084	16055470	102	0.0025
2ea69f1e-ccd7-4691-a0c1-f6cb6f5f343c	20	16055491	21117678	4213	0.1781
2ea69f1e-ccd7-4691-a0c1-f6cb6f5f343c	20	21119319	24919205	2806	-0.0241
2ea69f1e-ccd7-4691-a0c1-f6cb6f5f343c	20	24928224	26309289	626	0.0945
2ea69f1e-ccd7-4691-a0c1-f6cb6f5f343c	20	26316572	30258062	17	-0.5685
2ea69f1e-ccd7-4691-a0c1-f6cb6f5f343c	20	30259177	32227858	496	-0.0265
2ea69f1e-ccd7-4691-a0c1-f6cb6f5f343c	20	32232773	33351826	667	0.3917
2ea69f1e-ccd7-4691-a0c1-f6cb6f5f343c	20	33352734	40850566	4313	0.3211
2ea69f1e-ccd7-4691-a0c1-f6cb6f5f343c	20	40851266	41468999	318	0.3619
2ea69f1e-ccd7-4691-a0c1-f6cb6f5f343c	20	41470274	45979022	3294	0.2829
2ea69f1e-ccd7-4691-a0c1-f6cb6f5f343c	20	45979444	45999282	14	-0.227
2ea69f1e-ccd7-4691-a0c1-f6cb6f5f343c	20	45999741	46314580	194	0.3
2ea69f1e-ccd7-4691-a0c1-f6cb6f5f343c	20	46314661	50344950	2796	0.5601
2ea69f1e-ccd7-4691-a0c1-f6cb6f5f343c	20	50347482	50385804	30	1.0237
2ea69f1e-ccd7-4691-a0c1-f6cb6f5f343c	20	50386062	50571780	214	0.4965
2ea69f1e-ccd7-4691-a0c1-f6cb6f5f343c	20	50571854	57993748	5811	0.556
2ea69f1e-ccd7-4691-a0c1-f6cb6f5f343c	20	57993938	58436878	323	0.4962
2ea69f1e-ccd7-4691-a0c1-f6cb6f5f343c	20	58437977	58440722	7	-0.0484
2ea69f1e-ccd7-4691-a0c1-f6cb6f5f343c	20	58444555	60535987	1682	0.5222
2ea69f1e-ccd7-4691-a0c1-f6cb6f5f343c	20	60538651	60547635	7	-0.6859
2ea69f1e-ccd7-4691-a0c1-f6cb6f5f343c	20	60553323	64324800	2189	0.5135
2ea69f1e-ccd7-4691-a0c1-f6cb6f5f343c	21	10354168	13583316	269	-0.0302
2ea69f1e-ccd7-4691-a0c1-f6cb6f5f343c	21	13612103	13677975	4	1.0454
2ea69f1e-ccd7-4691-a0c1-f6cb6f5f343c	21	13803967	46677045	23577	-0.0489
2ea69f1e-ccd7-4691-a0c1-f6cb6f5f343c	22	15294547	42496576	17112	-0.281
2ea69f1e-ccd7-4691-a0c1-f6cb6f5f343c	22	42496590	42559425	27	0.3247
2ea69f1e-ccd7-4691-a0c1-f6cb6f5f343c	22	42559782	45592108	2260	-0.2826
2ea69f1e-ccd7-4691-a0c1-f6cb6f5f343c	22	45593028	45594159	4	-2.2353
2ea69f1e-ccd7-4691-a0c1-f6cb6f5f343c	22	45598442	50796027	3824	-0.2813
2ea69f1e-ccd7-4691-a0c1-f6cb6f5f343c	X	251810	155952689	83635	0.0221
2ea69f1e-ccd7-4691-a0c1-f6cb6f5f343c	Y	2782397	6076562	720	-2.6385
2ea69f1e-ccd7-4691-a0c1-f6cb6f5f343c	Y	6080059	22804854	5718	-3.0344
2ea69f1e-ccd7-4691-a0c1-f6cb6f5f343c	Y	22913244	56872112	202	-2.6438
