GDC_Aliquot	Chromosome	Start	End	Num_Probes	Segment_Mean
268d0a2b-cd03-425f-8775-4202f6a2e339	1	62920	1361140	179	0.1047
268d0a2b-cd03-425f-8775-4202f6a2e339	1	1361272	2571595	314	-0.0743
268d0a2b-cd03-425f-8775-4202f6a2e339	1	2573249	5630494	2038	-0.3694
268d0a2b-cd03-425f-8775-4202f6a2e339	1	5632096	12252459	3675	-0.274
268d0a2b-cd03-425f-8775-4202f6a2e339	1	12253544	15725126	2070	-0.3558
268d0a2b-cd03-425f-8775-4202f6a2e339	1	15726998	15823420	61	-0.1589
268d0a2b-cd03-425f-8775-4202f6a2e339	1	15827002	15828471	9	0.582
268d0a2b-cd03-425f-8775-4202f6a2e339	1	15828515	16617327	310	-0.2164
268d0a2b-cd03-425f-8775-4202f6a2e339	1	16627347	16643961	19	-0.7708
268d0a2b-cd03-425f-8775-4202f6a2e339	1	16679239	16721984	12	-0.2114
268d0a2b-cd03-425f-8775-4202f6a2e339	1	16766762	16863509	14	-1.4193
268d0a2b-cd03-425f-8775-4202f6a2e339	1	16864367	16935752	54	0.6722
268d0a2b-cd03-425f-8775-4202f6a2e339	1	16949746	25256850	5259	-0.2715
268d0a2b-cd03-425f-8775-4202f6a2e339	1	25266637	25320455	24	-1.0474
268d0a2b-cd03-425f-8775-4202f6a2e339	1	25336819	32714972	3699	-0.2696
268d0a2b-cd03-425f-8775-4202f6a2e339	1	32719035	33636043	474	-0.1702
268d0a2b-cd03-425f-8775-4202f6a2e339	1	33637959	39827239	3608	-0.01
268d0a2b-cd03-425f-8775-4202f6a2e339	1	39830914	47971154	4661	0.1482
268d0a2b-cd03-425f-8775-4202f6a2e339	1	47972387	50559946	1427	0.0925
268d0a2b-cd03-425f-8775-4202f6a2e339	1	50560234	55123546	2533	0.1366
268d0a2b-cd03-425f-8775-4202f6a2e339	1	55124792	55257768	73	0.0999
268d0a2b-cd03-425f-8775-4202f6a2e339	1	55258350	55258626	6	-0.8892
268d0a2b-cd03-425f-8775-4202f6a2e339	1	55263695	59639791	3551	0.0796
268d0a2b-cd03-425f-8775-4202f6a2e339	1	59641327	59641368	2	-1.8313
268d0a2b-cd03-425f-8775-4202f6a2e339	1	59643098	68474883	6453	0.0786
268d0a2b-cd03-425f-8775-4202f6a2e339	1	68475056	72284670	2246	0.0226
268d0a2b-cd03-425f-8775-4202f6a2e339	1	72290430	72297687	9	-1.3463
268d0a2b-cd03-425f-8775-4202f6a2e339	1	72302735	72345465	48	1.1322
268d0a2b-cd03-425f-8775-4202f6a2e339	1	72346221	74148964	1074	-0.0103
268d0a2b-cd03-425f-8775-4202f6a2e339	1	74149241	83350794	6014	0.0432
268d0a2b-cd03-425f-8775-4202f6a2e339	1	83359894	83359907	2	-2.0927
268d0a2b-cd03-425f-8775-4202f6a2e339	1	83362590	95046489	7665	0.0617
268d0a2b-cd03-425f-8775-4202f6a2e339	1	95051965	103614714	5275	-0.3547
268d0a2b-cd03-425f-8775-4202f6a2e339	1	103615687	103620877	4	-2.1711
268d0a2b-cd03-425f-8775-4202f6a2e339	1	103621165	105470132	922	-0.3631
268d0a2b-cd03-425f-8775-4202f6a2e339	1	105470754	105479753	18	0.4035
268d0a2b-cd03-425f-8775-4202f6a2e339	1	105481433	109690352	2639	-0.3464
268d0a2b-cd03-425f-8775-4202f6a2e339	1	109690415	109697556	12	-1.6913
268d0a2b-cd03-425f-8775-4202f6a2e339	1	109702376	112147704	1950	-0.341
268d0a2b-cd03-425f-8775-4202f6a2e339	1	112153343	112154768	25	0.3681
268d0a2b-cd03-425f-8775-4202f6a2e339	1	112163334	118717584	4165	-0.3399
268d0a2b-cd03-425f-8775-4202f6a2e339	1	118723106	118723508	2	-1.9641
268d0a2b-cd03-425f-8775-4202f6a2e339	1	118727246	119984738	870	-0.3357
268d0a2b-cd03-425f-8775-4202f6a2e339	1	119984772	121389102	43	0.0354
268d0a2b-cd03-425f-8775-4202f6a2e339	1	121413668	121601998	76	-0.314
268d0a2b-cd03-425f-8775-4202f6a2e339	1	121705338	143494500	3	0.347
268d0a2b-cd03-425f-8775-4202f6a2e339	1	143541857	152583051	2442	0.8342
268d0a2b-cd03-425f-8775-4202f6a2e339	1	152583230	152614100	34	-2.0818
268d0a2b-cd03-425f-8775-4202f6a2e339	1	152614118	152787202	168	0.7918
268d0a2b-cd03-425f-8775-4202f6a2e339	1	152789447	152796224	37	-1.6866
268d0a2b-cd03-425f-8775-4202f6a2e339	1	152801429	153167642	274	0.8031
268d0a2b-cd03-425f-8775-4202f6a2e339	1	153168751	154999851	995	0.8453
268d0a2b-cd03-425f-8775-4202f6a2e339	1	155011992	155050384	18	1.287
268d0a2b-cd03-425f-8775-4202f6a2e339	1	155050389	155353390	138	0.8958
268d0a2b-cd03-425f-8775-4202f6a2e339	1	155356825	155364069	5	0.1814
268d0a2b-cd03-425f-8775-4202f6a2e339	1	155368997	157014247	742	0.8504
268d0a2b-cd03-425f-8775-4202f6a2e339	1	157014309	162474579	3789	0.7738
268d0a2b-cd03-425f-8775-4202f6a2e339	1	162475526	162475536	2	-0.9697
268d0a2b-cd03-425f-8775-4202f6a2e339	1	162481911	169247699	5324	0.7781
268d0a2b-cd03-425f-8775-4202f6a2e339	1	169264736	169285639	9	1.5827
268d0a2b-cd03-425f-8775-4202f6a2e339	1	169286164	174827267	3517	0.8005
268d0a2b-cd03-425f-8775-4202f6a2e339	1	174827418	174832734	18	0.2765
268d0a2b-cd03-425f-8775-4202f6a2e339	1	174832782	176617640	1161	0.7514
268d0a2b-cd03-425f-8775-4202f6a2e339	1	176617828	186722992	6801	0.7964
268d0a2b-cd03-425f-8775-4202f6a2e339	1	186723430	189120301	1581	0.7574
268d0a2b-cd03-425f-8775-4202f6a2e339	1	189120409	189128625	20	0.3799
268d0a2b-cd03-425f-8775-4202f6a2e339	1	189129354	190640021	1057	0.7608
268d0a2b-cd03-425f-8775-4202f6a2e339	1	190640244	190944543	197	1.0616
268d0a2b-cd03-425f-8775-4202f6a2e339	1	190945199	196742057	3829	0.7706
268d0a2b-cd03-425f-8775-4202f6a2e339	1	196745692	196832312	58	0.484
268d0a2b-cd03-425f-8775-4202f6a2e339	1	196832525	199138574	1380	0.7696
268d0a2b-cd03-425f-8775-4202f6a2e339	1	199142235	199143883	8	-0.3041
268d0a2b-cd03-425f-8775-4202f6a2e339	1	199144712	200138683	684	0.766
268d0a2b-cd03-425f-8775-4202f6a2e339	1	200141128	207826077	4964	0.8257
268d0a2b-cd03-425f-8775-4202f6a2e339	1	207830164	209576713	1452	0.7795
268d0a2b-cd03-425f-8775-4202f6a2e339	1	209577640	222019248	8798	0.3673
268d0a2b-cd03-425f-8775-4202f6a2e339	1	222023668	222024225	3	-0.5915
268d0a2b-cd03-425f-8775-4202f6a2e339	1	222025028	234772540	8603	0.3854
268d0a2b-cd03-425f-8775-4202f6a2e339	1	234776541	234780167	3	-0.64
268d0a2b-cd03-425f-8775-4202f6a2e339	1	234794424	236231552	803	0.3806
268d0a2b-cd03-425f-8775-4202f6a2e339	1	236231613	246291066	7584	0.3249
268d0a2b-cd03-425f-8775-4202f6a2e339	1	246291408	248524544	1368	0.3589
268d0a2b-cd03-425f-8775-4202f6a2e339	1	248524859	248585918	11	-0.4919
268d0a2b-cd03-425f-8775-4202f6a2e339	1	248586259	248703037	65	0.4127
268d0a2b-cd03-425f-8775-4202f6a2e339	1	248703602	248930189	106	0.2414
268d0a2b-cd03-425f-8775-4202f6a2e339	2	12784	3684956	2569	0.3669
268d0a2b-cd03-425f-8775-4202f6a2e339	2	3684997	3688948	4	-0.5329
268d0a2b-cd03-425f-8775-4202f6a2e339	2	3694481	4158097	413	0.39
268d0a2b-cd03-425f-8775-4202f6a2e339	2	4166274	4176429	42	-0.311
268d0a2b-cd03-425f-8775-4202f6a2e339	2	4182472	8355258	3555	0.3844
268d0a2b-cd03-425f-8775-4202f6a2e339	2	8355351	11132450	1968	0.4536
268d0a2b-cd03-425f-8775-4202f6a2e339	2	11132658	19316518	6061	0.3937
268d0a2b-cd03-425f-8775-4202f6a2e339	2	19317078	20750464	1056	0.5372
268d0a2b-cd03-425f-8775-4202f6a2e339	2	20753364	23145368	1542	0.3959
268d0a2b-cd03-425f-8775-4202f6a2e339	2	23146679	33038863	5771	0.2305
268d0a2b-cd03-425f-8775-4202f6a2e339	2	33040543	35702598	2005	0.1877
268d0a2b-cd03-425f-8775-4202f6a2e339	2	35707500	35707537	2	-1.0389
268d0a2b-cd03-425f-8775-4202f6a2e339	2	35708708	35750907	28	0.2312
268d0a2b-cd03-425f-8775-4202f6a2e339	2	35752724	35762850	6	-1.5766
268d0a2b-cd03-425f-8775-4202f6a2e339	2	35762881	38727277	2303	0.2202
268d0a2b-cd03-425f-8775-4202f6a2e339	2	38727353	38745139	9	0.8134
268d0a2b-cd03-425f-8775-4202f6a2e339	2	38745684	41011095	1617	0.2113
268d0a2b-cd03-425f-8775-4202f6a2e339	2	41011303	41018747	22	-0.4368
268d0a2b-cd03-425f-8775-4202f6a2e339	2	41024093	48832910	5530	0.2276
268d0a2b-cd03-425f-8775-4202f6a2e339	2	48833066	52527330	2652	0.1836
268d0a2b-cd03-425f-8775-4202f6a2e339	2	52527342	52554366	37	0.7202
268d0a2b-cd03-425f-8775-4202f6a2e339	2	52554384	63292353	6975	0.1969
268d0a2b-cd03-425f-8775-4202f6a2e339	2	63297317	63357864	33	0.4779
268d0a2b-cd03-425f-8775-4202f6a2e339	2	63361585	71119433	5256	0.2125
268d0a2b-cd03-425f-8775-4202f6a2e339	2	71119487	71120262	6	-0.9117
268d0a2b-cd03-425f-8775-4202f6a2e339	2	71122913	75858864	2769	0.223
268d0a2b-cd03-425f-8775-4202f6a2e339	2	75859266	83194886	4841	0.1554
268d0a2b-cd03-425f-8775-4202f6a2e339	2	83196779	85112716	1090	0.1991
268d0a2b-cd03-425f-8775-4202f6a2e339	2	85112936	88011471	1182	0.2594
268d0a2b-cd03-425f-8775-4202f6a2e339	2	88012912	89201750	616	0.2008
268d0a2b-cd03-425f-8775-4202f6a2e339	2	89218971	89254427	10	0.7586
268d0a2b-cd03-425f-8775-4202f6a2e339	2	89265460	92003648	195	0.1689
268d0a2b-cd03-425f-8775-4202f6a2e339	2	92005257	94664202	6	0.4791
268d0a2b-cd03-425f-8775-4202f6a2e339	2	94669081	97359885	879	0.0683
268d0a2b-cd03-425f-8775-4202f6a2e339	2	97524284	97545726	9	0.8062
268d0a2b-cd03-425f-8775-4202f6a2e339	2	97550415	102316412	2874	0.0419
268d0a2b-cd03-425f-8775-4202f6a2e339	2	102320521	105933971	2414	0.0043
268d0a2b-cd03-425f-8775-4202f6a2e339	2	105934702	106258266	279	0.0429
268d0a2b-cd03-425f-8775-4202f6a2e339	2	106263639	106266773	5	-1.1558
268d0a2b-cd03-425f-8775-4202f6a2e339	2	106266875	106268901	7	-3.0856
268d0a2b-cd03-425f-8775-4202f6a2e339	2	106270799	107397825	730	0.0147
268d0a2b-cd03-425f-8775-4202f6a2e339	2	107401544	107403638	4	-0.8668
268d0a2b-cd03-425f-8775-4202f6a2e339	2	107404278	115049459	3934	0.0282
268d0a2b-cd03-425f-8775-4202f6a2e339	2	115056119	117866877	1763	-0.0351
268d0a2b-cd03-425f-8775-4202f6a2e339	2	117869311	122673831	3032	0.0226
268d0a2b-cd03-425f-8775-4202f6a2e339	2	122674055	124914158	1567	-0.0439
268d0a2b-cd03-425f-8775-4202f6a2e339	2	124917798	124919566	5	-0.8977
268d0a2b-cd03-425f-8775-4202f6a2e339	2	124919989	126119545	676	-0.0296
268d0a2b-cd03-425f-8775-4202f6a2e339	2	126121048	128743216	1564	0.0211
268d0a2b-cd03-425f-8775-4202f6a2e339	2	128743764	128743766	2	-1.1269
268d0a2b-cd03-425f-8775-4202f6a2e339	2	128746458	130036283	1006	0.0017
268d0a2b-cd03-425f-8775-4202f6a2e339	2	130036310	130116915	13	0.4901
268d0a2b-cd03-425f-8775-4202f6a2e339	2	130117303	130455273	96	0.0016
268d0a2b-cd03-425f-8775-4202f6a2e339	2	130471073	130526595	4	1.8168
268d0a2b-cd03-425f-8775-4202f6a2e339	2	130539652	135891509	2977	0.0191
268d0a2b-cd03-425f-8775-4202f6a2e339	2	135892161	157285175	13164	-0.0175
268d0a2b-cd03-425f-8775-4202f6a2e339	2	157285241	159102108	1108	0.0172
268d0a2b-cd03-425f-8775-4202f6a2e339	2	159103831	159104461	2	-1.5979
268d0a2b-cd03-425f-8775-4202f6a2e339	2	159106775	201539781	25518	0.0017
268d0a2b-cd03-425f-8775-4202f6a2e339	2	201543752	205719047	2550	0.0273
268d0a2b-cd03-425f-8775-4202f6a2e339	2	205721688	205803612	67	0.25
268d0a2b-cd03-425f-8775-4202f6a2e339	2	205803726	206657186	484	-0.0001
268d0a2b-cd03-425f-8775-4202f6a2e339	2	206662884	206705079	37	0.4148
268d0a2b-cd03-425f-8775-4202f6a2e339	2	206705398	207485467	523	0.0567
268d0a2b-cd03-425f-8775-4202f6a2e339	2	207485523	207485538	2	-1.176
268d0a2b-cd03-425f-8775-4202f6a2e339	2	207485595	208410074	593	0.0569
268d0a2b-cd03-425f-8775-4202f6a2e339	2	208410401	208448391	26	0.3707
268d0a2b-cd03-425f-8775-4202f6a2e339	2	208450473	208676620	164	0.0049
268d0a2b-cd03-425f-8775-4202f6a2e339	2	208676651	208806986	75	0.1607
268d0a2b-cd03-425f-8775-4202f6a2e339	2	208807431	208978443	101	0.0431
268d0a2b-cd03-425f-8775-4202f6a2e339	2	208979314	212504894	2255	-0.0287
268d0a2b-cd03-425f-8775-4202f6a2e339	2	212505638	212505978	2	-1.2662
268d0a2b-cd03-425f-8775-4202f6a2e339	2	212508264	214851445	1489	-0.0284
268d0a2b-cd03-425f-8775-4202f6a2e339	2	214851508	220574754	3668	0.0239
268d0a2b-cd03-425f-8775-4202f6a2e339	2	220577211	220709385	100	-0.3786
268d0a2b-cd03-425f-8775-4202f6a2e339	2	220710570	220956193	179	0.3214
268d0a2b-cd03-425f-8775-4202f6a2e339	2	220962157	221838883	621	0.0081
268d0a2b-cd03-425f-8775-4202f6a2e339	2	221846662	222531930	446	0.3287
268d0a2b-cd03-425f-8775-4202f6a2e339	2	222531953	223286925	516	0.0234
268d0a2b-cd03-425f-8775-4202f6a2e339	2	223287317	223487090	138	0.3578
268d0a2b-cd03-425f-8775-4202f6a2e339	2	223487345	226629317	2087	0.0354
268d0a2b-cd03-425f-8775-4202f6a2e339	2	226633804	226634242	3	-1.2232
268d0a2b-cd03-425f-8775-4202f6a2e339	2	226634959	235651586	5776	0.0597
268d0a2b-cd03-425f-8775-4202f6a2e339	2	235653555	240197169	2975	-0.3615
268d0a2b-cd03-425f-8775-4202f6a2e339	2	240201154	240345083	90	0.3641
268d0a2b-cd03-425f-8775-4202f6a2e339	2	240349850	242104589	792	-0.3203
268d0a2b-cd03-425f-8775-4202f6a2e339	2	242104665	242147305	10	0.0381
268d0a2b-cd03-425f-8775-4202f6a2e339	3	20930	2712348	2337	0.0623
268d0a2b-cd03-425f-8775-4202f6a2e339	3	2712358	8604054	5249	0.1051
268d0a2b-cd03-425f-8775-4202f6a2e339	3	8605184	8780118	146	0.1277
268d0a2b-cd03-425f-8775-4202f6a2e339	3	8783681	8816515	27	0.6157
268d0a2b-cd03-425f-8775-4202f6a2e339	3	8825123	10145384	846	0.1429
268d0a2b-cd03-425f-8775-4202f6a2e339	3	10145397	10266508	105	0.2893
268d0a2b-cd03-425f-8775-4202f6a2e339	3	10266642	16123626	4114	0.1451
268d0a2b-cd03-425f-8775-4202f6a2e339	3	16123911	21757835	3498	0.0893
268d0a2b-cd03-425f-8775-4202f6a2e339	3	21757936	21898447	171	-0.0411
268d0a2b-cd03-425f-8775-4202f6a2e339	3	21898934	31506408	7108	0.1016
268d0a2b-cd03-425f-8775-4202f6a2e339	3	31506598	41219743	6218	0.1283
268d0a2b-cd03-425f-8775-4202f6a2e339	3	41219901	41220229	3	1.0623
268d0a2b-cd03-425f-8775-4202f6a2e339	3	41220358	46380554	3125	0.1345
268d0a2b-cd03-425f-8775-4202f6a2e339	3	46380801	46380896	4	-0.7241
268d0a2b-cd03-425f-8775-4202f6a2e339	3	46381266	53914071	3420	0.1601
268d0a2b-cd03-425f-8775-4202f6a2e339	3	53915126	56393046	1932	0.1116
268d0a2b-cd03-425f-8775-4202f6a2e339	3	56394092	59439924	1731	0.1544
268d0a2b-cd03-425f-8775-4202f6a2e339	3	59442523	59811143	388	0.0968
268d0a2b-cd03-425f-8775-4202f6a2e339	3	59811858	60831587	1167	-0.0532
268d0a2b-cd03-425f-8775-4202f6a2e339	3	60831661	76096411	11381	0.1186
268d0a2b-cd03-425f-8775-4202f6a2e339	3	76096960	78423769	1412	0.082
268d0a2b-cd03-425f-8775-4202f6a2e339	3	78423988	78424795	3	-0.8003
268d0a2b-cd03-425f-8775-4202f6a2e339	3	78424803	81545929	1771	0.0913
268d0a2b-cd03-425f-8775-4202f6a2e339	3	81546941	81548156	3	-0.8738
268d0a2b-cd03-425f-8775-4202f6a2e339	3	81551646	90267926	4708	0.086
268d0a2b-cd03-425f-8775-4202f6a2e339	3	90287340	93808615	25	0.2323
268d0a2b-cd03-425f-8775-4202f6a2e339	3	93811402	99225614	2842	-0.142
268d0a2b-cd03-425f-8775-4202f6a2e339	3	99225632	99230470	36	0.2213
268d0a2b-cd03-425f-8775-4202f6a2e339	3	99230577	114941775	9471	-0.1402
268d0a2b-cd03-425f-8775-4202f6a2e339	3	114941823	114950103	4	-1.2723
268d0a2b-cd03-425f-8775-4202f6a2e339	3	114950171	118923259	2730	-0.1562
268d0a2b-cd03-425f-8775-4202f6a2e339	3	118923328	124219328	3001	-0.1136
268d0a2b-cd03-425f-8775-4202f6a2e339	3	124219370	124219788	2	-1.5634
268d0a2b-cd03-425f-8775-4202f6a2e339	3	124219858	125993370	1149	-0.1086
268d0a2b-cd03-425f-8775-4202f6a2e339	3	125993427	126001805	16	-0.765
268d0a2b-cd03-425f-8775-4202f6a2e339	3	126002112	126004174	14	-1.3515
268d0a2b-cd03-425f-8775-4202f6a2e339	3	126004181	128661409	1690	-0.0923
268d0a2b-cd03-425f-8775-4202f6a2e339	3	128662406	128695318	17	0.7425
268d0a2b-cd03-425f-8775-4202f6a2e339	3	128702323	142127992	8108	-0.113
268d0a2b-cd03-425f-8775-4202f6a2e339	3	142131697	142132171	2	-1.6431
268d0a2b-cd03-425f-8775-4202f6a2e339	3	142134891	145263041	1996	-0.1273
268d0a2b-cd03-425f-8775-4202f6a2e339	3	145263059	158632329	8217	0.0902
268d0a2b-cd03-425f-8775-4202f6a2e339	3	158633095	158641083	3	1.2131
268d0a2b-cd03-425f-8775-4202f6a2e339	3	158641425	162813082	2621	0.0879
268d0a2b-cd03-425f-8775-4202f6a2e339	3	162815162	162822702	7	-1.3784
268d0a2b-cd03-425f-8775-4202f6a2e339	3	162827928	166345542	2038	0.0434
268d0a2b-cd03-425f-8775-4202f6a2e339	3	166345996	166347032	3	-1.1889
268d0a2b-cd03-425f-8775-4202f6a2e339	3	166350305	169631156	1916	0.064
268d0a2b-cd03-425f-8775-4202f6a2e339	3	169632074	169632816	2	1.4015
268d0a2b-cd03-425f-8775-4202f6a2e339	3	169634670	176973220	4776	0.084
268d0a2b-cd03-425f-8775-4202f6a2e339	3	176975801	176988814	27	-0.7348
268d0a2b-cd03-425f-8775-4202f6a2e339	3	176990393	182856136	3415	0.0673
268d0a2b-cd03-425f-8775-4202f6a2e339	3	182860421	185280587	1319	0.1374
268d0a2b-cd03-425f-8775-4202f6a2e339	3	185283171	192635953	5359	0.0772
268d0a2b-cd03-425f-8775-4202f6a2e339	3	192636514	198111566	3062	0.1239
268d0a2b-cd03-425f-8775-4202f6a2e339	3	198118345	198169247	17	-0.2045
268d0a2b-cd03-425f-8775-4202f6a2e339	4	68929	264574	94	-0.3131
268d0a2b-cd03-425f-8775-4202f6a2e339	4	266837	267018	3	1.0473
268d0a2b-cd03-425f-8775-4202f6a2e339	4	273074	3597723	1342	-0.3136
268d0a2b-cd03-425f-8775-4202f6a2e339	4	3598142	3600457	2	-2.2136
268d0a2b-cd03-425f-8775-4202f6a2e339	4	3607663	4101617	182	-0.295
268d0a2b-cd03-425f-8775-4202f6a2e339	4	4108503	4133854	9	0.3476
268d0a2b-cd03-425f-8775-4202f6a2e339	4	4151033	8720526	3464	-0.3428
268d0a2b-cd03-425f-8775-4202f6a2e339	4	8722817	9455251	60	0.4936
268d0a2b-cd03-425f-8775-4202f6a2e339	4	9459504	10208766	546	-0.3268
268d0a2b-cd03-425f-8775-4202f6a2e339	4	10212536	10233644	36	0.8357
268d0a2b-cd03-425f-8775-4202f6a2e339	4	10234518	21076597	7956	-0.3614
268d0a2b-cd03-425f-8775-4202f6a2e339	4	21080928	21083719	6	-2.0862
268d0a2b-cd03-425f-8775-4202f6a2e339	4	21085518	23278352	1535	-0.3762
268d0a2b-cd03-425f-8775-4202f6a2e339	4	23278490	23278497	2	-2.1507
268d0a2b-cd03-425f-8775-4202f6a2e339	4	23278812	34777432	7470	-0.3683
268d0a2b-cd03-425f-8775-4202f6a2e339	4	34784878	34823103	38	-1.6368
268d0a2b-cd03-425f-8775-4202f6a2e339	4	34828250	37719529	2005	-0.3807
268d0a2b-cd03-425f-8775-4202f6a2e339	4	37721210	39516644	1236	-0.3396
268d0a2b-cd03-425f-8775-4202f6a2e339	4	39523522	39530224	2	0.8295
268d0a2b-cd03-425f-8775-4202f6a2e339	4	39530308	40698556	636	-0.3027
268d0a2b-cd03-425f-8775-4202f6a2e339	4	40701994	40702175	3	-1.9098
268d0a2b-cd03-425f-8775-4202f6a2e339	4	40702670	41374244	457	-0.3335
268d0a2b-cd03-425f-8775-4202f6a2e339	4	41377468	41503231	95	0.3777
268d0a2b-cd03-425f-8775-4202f6a2e339	4	41510228	44168648	1686	-0.3774
268d0a2b-cd03-425f-8775-4202f6a2e339	4	44171456	44184810	9	-1.7222
268d0a2b-cd03-425f-8775-4202f6a2e339	4	44187478	63828222	10427	-0.365
268d0a2b-cd03-425f-8775-4202f6a2e339	4	63831751	63842540	28	0.3295
268d0a2b-cd03-425f-8775-4202f6a2e339	4	63850713	68354665	2848	-0.3744
268d0a2b-cd03-425f-8775-4202f6a2e339	4	68361130	68686026	97	0.0619
268d0a2b-cd03-425f-8775-4202f6a2e339	4	68725894	69261926	308	-0.3953
268d0a2b-cd03-425f-8775-4202f6a2e339	4	69261934	69366081	53	-1.4935
268d0a2b-cd03-425f-8775-4202f6a2e339	4	69366304	92855354	14486	-0.3471
268d0a2b-cd03-425f-8775-4202f6a2e339	4	92862883	92863135	2	-2.2027
268d0a2b-cd03-425f-8775-4202f6a2e339	4	92864323	114252544	12838	-0.3502
268d0a2b-cd03-425f-8775-4202f6a2e339	4	114254167	114261019	23	0.2894
268d0a2b-cd03-425f-8775-4202f6a2e339	4	114263073	122966040	5217	-0.3539
268d0a2b-cd03-425f-8775-4202f6a2e339	4	122966190	122966357	4	0.7964
268d0a2b-cd03-425f-8775-4202f6a2e339	4	122966477	124720173	1003	-0.354
268d0a2b-cd03-425f-8775-4202f6a2e339	4	124723041	124724803	13	-1.3875
268d0a2b-cd03-425f-8775-4202f6a2e339	4	124724814	129012825	2426	-0.3696
268d0a2b-cd03-425f-8775-4202f6a2e339	4	129014881	129015062	2	-2.6806
268d0a2b-cd03-425f-8775-4202f6a2e339	4	129016723	134701521	3196	-0.3868
268d0a2b-cd03-425f-8775-4202f6a2e339	4	134701533	134702075	2	-3.7034
268d0a2b-cd03-425f-8775-4202f6a2e339	4	134702129	137171085	1377	-0.3933
268d0a2b-cd03-425f-8775-4202f6a2e339	4	137171266	137171772	10	-2.2317
268d0a2b-cd03-425f-8775-4202f6a2e339	4	137171784	137173818	5	-1.0615
268d0a2b-cd03-425f-8775-4202f6a2e339	4	137173967	143911133	4434	-0.3568
268d0a2b-cd03-425f-8775-4202f6a2e339	4	143920939	144003784	49	-2.5155
268d0a2b-cd03-425f-8775-4202f6a2e339	4	144021663	144377324	190	-0.3689
268d0a2b-cd03-425f-8775-4202f6a2e339	4	144382482	144384323	4	-1.7367
268d0a2b-cd03-425f-8775-4202f6a2e339	4	144386027	150955199	3672	-0.341
268d0a2b-cd03-425f-8775-4202f6a2e339	4	150955254	150963154	23	-1.553
268d0a2b-cd03-425f-8775-4202f6a2e339	4	150963158	151682012	319	-0.3145
268d0a2b-cd03-425f-8775-4202f6a2e339	4	151682126	151682205	2	-2.5222
268d0a2b-cd03-425f-8775-4202f6a2e339	4	151682323	155935493	2807	-0.3433
268d0a2b-cd03-425f-8775-4202f6a2e339	4	155939239	155939953	3	-1.9466
268d0a2b-cd03-425f-8775-4202f6a2e339	4	155941209	160857877	3114	-0.3342
268d0a2b-cd03-425f-8775-4202f6a2e339	4	160859617	160862378	6	-2.182
268d0a2b-cd03-425f-8775-4202f6a2e339	4	160864951	160958989	85	-0.3816
268d0a2b-cd03-425f-8775-4202f6a2e339	4	160959045	160963448	17	-1.8091
268d0a2b-cd03-425f-8775-4202f6a2e339	4	160963756	167908751	4403	-0.3766
268d0a2b-cd03-425f-8775-4202f6a2e339	4	167914252	167916977	4	0.7319
268d0a2b-cd03-425f-8775-4202f6a2e339	4	167916991	172066777	2664	-0.352
268d0a2b-cd03-425f-8775-4202f6a2e339	4	172067997	172068382	12	0.5872
268d0a2b-cd03-425f-8775-4202f6a2e339	4	172074828	177127866	2947	-0.3595
268d0a2b-cd03-425f-8775-4202f6a2e339	4	177131837	177135695	5	-4.1682
268d0a2b-cd03-425f-8775-4202f6a2e339	4	177139252	177969219	612	-0.355
268d0a2b-cd03-425f-8775-4202f6a2e339	4	177969253	177971377	10	-2.3867
268d0a2b-cd03-425f-8775-4202f6a2e339	4	177971395	178081026	71	-0.4085
268d0a2b-cd03-425f-8775-4202f6a2e339	4	178081160	178082173	3	-1.5564
268d0a2b-cd03-425f-8775-4202f6a2e339	4	178091203	182378165	3275	-0.4038
268d0a2b-cd03-425f-8775-4202f6a2e339	4	182378238	186980063	3187	-0.3305
268d0a2b-cd03-425f-8775-4202f6a2e339	4	186980078	186980091	2	-2.6236
268d0a2b-cd03-425f-8775-4202f6a2e339	4	186980103	188585374	1105	-0.3395
268d0a2b-cd03-425f-8775-4202f6a2e339	4	188585964	189067525	331	-0.4303
268d0a2b-cd03-425f-8775-4202f6a2e339	4	189068277	189069532	4	-2.1317
268d0a2b-cd03-425f-8775-4202f6a2e339	4	189071423	190106768	519	-0.3663
268d0a2b-cd03-425f-8775-4202f6a2e339	5	15532	21963	4	0.0912
268d0a2b-cd03-425f-8775-4202f6a2e339	5	24132	1950653	968	0.7344
268d0a2b-cd03-425f-8775-4202f6a2e339	5	1951812	10831395	7812	0.6526
268d0a2b-cd03-425f-8775-4202f6a2e339	5	10832059	10832159	2	-0.6907
268d0a2b-cd03-425f-8775-4202f6a2e339	5	10833592	12276431	1134	0.6505
268d0a2b-cd03-425f-8775-4202f6a2e339	5	12278482	15331291	2031	0.7027
268d0a2b-cd03-425f-8775-4202f6a2e339	5	15332460	15332592	5	0.0172
268d0a2b-cd03-425f-8775-4202f6a2e339	5	15332597	16029458	412	0.7061
268d0a2b-cd03-425f-8775-4202f6a2e339	5	16034499	16036421	3	-0.2461
268d0a2b-cd03-425f-8775-4202f6a2e339	5	16036644	17255255	852	0.7145
268d0a2b-cd03-425f-8775-4202f6a2e339	5	17255575	17256447	5	-0.1466
268d0a2b-cd03-425f-8775-4202f6a2e339	5	17260723	17462856	125	0.7187
268d0a2b-cd03-425f-8775-4202f6a2e339	5	17469581	17470007	4	-0.3237
268d0a2b-cd03-425f-8775-4202f6a2e339	5	17472794	20436985	1762	0.6553
268d0a2b-cd03-425f-8775-4202f6a2e339	5	20437092	20444193	20	-0.1196
268d0a2b-cd03-425f-8775-4202f6a2e339	5	20448382	21325041	519	0.6086
268d0a2b-cd03-425f-8775-4202f6a2e339	5	21325164	21370468	13	0.2598
268d0a2b-cd03-425f-8775-4202f6a2e339	5	21376735	21377744	3	-1.0586
268d0a2b-cd03-425f-8775-4202f6a2e339	5	21385957	23137851	953	0.6552
268d0a2b-cd03-425f-8775-4202f6a2e339	5	23138010	26789387	2232	0.5177
268d0a2b-cd03-425f-8775-4202f6a2e339	5	26797651	26797735	2	-1.3809
268d0a2b-cd03-425f-8775-4202f6a2e339	5	26803775	30226744	2019	0.5272
268d0a2b-cd03-425f-8775-4202f6a2e339	5	30230855	44844785	9304	0.5654
268d0a2b-cd03-425f-8775-4202f6a2e339	5	44845969	46196012	482	0.5283
268d0a2b-cd03-425f-8775-4202f6a2e339	5	46199332	46209987	7	-0.1789
268d0a2b-cd03-425f-8775-4202f6a2e339	5	46210544	46271006	10	0.6916
268d0a2b-cd03-425f-8775-4202f6a2e339	5	46271828	46273400	6	1.8217
268d0a2b-cd03-425f-8775-4202f6a2e339	5	46278110	50163220	23	0.5403
268d0a2b-cd03-425f-8775-4202f6a2e339	5	50163701	58025819	5052	0.0264
268d0a2b-cd03-425f-8775-4202f6a2e339	5	58030200	58037706	32	1.5796
268d0a2b-cd03-425f-8775-4202f6a2e339	5	58042530	59007731	739	0.0279
268d0a2b-cd03-425f-8775-4202f6a2e339	5	59007799	59008878	5	-0.6653
268d0a2b-cd03-425f-8775-4202f6a2e339	5	59008903	62277545	2092	0.0342
268d0a2b-cd03-425f-8775-4202f6a2e339	5	62279164	62280446	3	-1.3971
268d0a2b-cd03-425f-8775-4202f6a2e339	5	62286365	70959078	4476	0.0466
268d0a2b-cd03-425f-8775-4202f6a2e339	5	70959079	71095426	9	0.6992
268d0a2b-cd03-425f-8775-4202f6a2e339	5	71358245	77792597	4292	0.0542
268d0a2b-cd03-425f-8775-4202f6a2e339	5	77792748	78814168	646	0.1218
268d0a2b-cd03-425f-8775-4202f6a2e339	5	78814709	79148525	226	-0.4408
268d0a2b-cd03-425f-8775-4202f6a2e339	5	79149648	79176260	13	0.0127
268d0a2b-cd03-425f-8775-4202f6a2e339	5	79180787	89940731	6061	-0.4436
268d0a2b-cd03-425f-8775-4202f6a2e339	5	89941143	89942879	2	-1.7606
268d0a2b-cd03-425f-8775-4202f6a2e339	5	89944163	90262691	154	-0.4654
268d0a2b-cd03-425f-8775-4202f6a2e339	5	90264199	90264940	2	-1.8131
268d0a2b-cd03-425f-8775-4202f6a2e339	5	90265652	99986860	5508	-0.4363
268d0a2b-cd03-425f-8775-4202f6a2e339	5	99988808	99989106	3	-1.7805
268d0a2b-cd03-425f-8775-4202f6a2e339	5	99989443	104515520	2606	-0.4283
268d0a2b-cd03-425f-8775-4202f6a2e339	5	104524672	104524903	4	0.8625
268d0a2b-cd03-425f-8775-4202f6a2e339	5	104525348	114872005	7011	-0.4404
268d0a2b-cd03-425f-8775-4202f6a2e339	5	114874581	114875181	4	-3.7953
268d0a2b-cd03-425f-8775-4202f6a2e339	5	114882338	115135373	146	-0.4035
268d0a2b-cd03-425f-8775-4202f6a2e339	5	115135757	115135858	2	1.1468
268d0a2b-cd03-425f-8775-4202f6a2e339	5	115140689	116048550	642	-0.4369
268d0a2b-cd03-425f-8775-4202f6a2e339	5	116048649	116268929	198	-0.3005
268d0a2b-cd03-425f-8775-4202f6a2e339	5	116269162	126048063	6683	-0.3825
268d0a2b-cd03-425f-8775-4202f6a2e339	5	126048615	141190626	8677	-0.3441
268d0a2b-cd03-425f-8775-4202f6a2e339	5	141190899	141191622	3	-3.861
268d0a2b-cd03-425f-8775-4202f6a2e339	5	141195638	142820496	1042	-0.334
268d0a2b-cd03-425f-8775-4202f6a2e339	5	142821743	142821922	2	-1.9035
268d0a2b-cd03-425f-8775-4202f6a2e339	5	142822852	148682204	3919	-0.3668
268d0a2b-cd03-425f-8775-4202f6a2e339	5	148682666	150837448	1471	-0.2822
268d0a2b-cd03-425f-8775-4202f6a2e339	5	150837869	156045045	3632	-0.3357
268d0a2b-cd03-425f-8775-4202f6a2e339	5	156045123	156083852	27	0.0317
268d0a2b-cd03-425f-8775-4202f6a2e339	5	156084150	169957794	9645	-0.3537
268d0a2b-cd03-425f-8775-4202f6a2e339	5	169958104	171190855	914	-0.306
268d0a2b-cd03-425f-8775-4202f6a2e339	5	171192204	171193243	2	-1.4605
268d0a2b-cd03-425f-8775-4202f6a2e339	5	171194469	173319023	1420	-0.2955
268d0a2b-cd03-425f-8775-4202f6a2e339	5	173321210	175841416	2025	-0.3428
268d0a2b-cd03-425f-8775-4202f6a2e339	5	175841678	177687461	779	-0.2689
268d0a2b-cd03-425f-8775-4202f6a2e339	5	177705442	177957188	32	0.1817
268d0a2b-cd03-425f-8775-4202f6a2e339	5	177957541	180932926	1764	-0.2913
268d0a2b-cd03-425f-8775-4202f6a2e339	5	180933389	181018221	34	0.0894
268d0a2b-cd03-425f-8775-4202f6a2e339	5	181018356	181152439	91	-0.2746
268d0a2b-cd03-425f-8775-4202f6a2e339	5	181152462	181363319	72	-0.3637
268d0a2b-cd03-425f-8775-4202f6a2e339	6	149661	2602123	2016	0.0407
268d0a2b-cd03-425f-8775-4202f6a2e339	6	2603943	2604964	4	-1.1053
268d0a2b-cd03-425f-8775-4202f6a2e339	6	2608562	29868462	19635	0.0369
268d0a2b-cd03-425f-8775-4202f6a2e339	6	29868698	29868859	3	-2.159
268d0a2b-cd03-425f-8775-4202f6a2e339	6	29868926	29882603	23	0.2311
268d0a2b-cd03-425f-8775-4202f6a2e339	6	29903859	29931120	11	-5.4969
268d0a2b-cd03-425f-8775-4202f6a2e339	6	29931900	29933799	5	-1.0601
268d0a2b-cd03-425f-8775-4202f6a2e339	6	29940692	31380423	700	0.084
268d0a2b-cd03-425f-8775-4202f6a2e339	6	31380693	31380871	3	1.4725
268d0a2b-cd03-425f-8775-4202f6a2e339	6	31383258	32486746	453	0.1519
268d0a2b-cd03-425f-8775-4202f6a2e339	6	32488906	32602588	28	1.1565
268d0a2b-cd03-425f-8775-4202f6a2e339	6	32605994	32627306	17	0.2811
268d0a2b-cd03-425f-8775-4202f6a2e339	6	32627455	32634330	3	1.5378
268d0a2b-cd03-425f-8775-4202f6a2e339	6	32634492	32718419	48	0.0719
268d0a2b-cd03-425f-8775-4202f6a2e339	6	32720838	32721076	3	1.2142
268d0a2b-cd03-425f-8775-4202f6a2e339	6	32721547	33970222	762	0.0872
268d0a2b-cd03-425f-8775-4202f6a2e339	6	33970966	33974928	7	-1.4853
268d0a2b-cd03-425f-8775-4202f6a2e339	6	33976809	37841036	2283	0.0867
268d0a2b-cd03-425f-8775-4202f6a2e339	6	37845507	40391734	1865	0.0294
268d0a2b-cd03-425f-8775-4202f6a2e339	6	40391743	41318567	734	0.0748
268d0a2b-cd03-425f-8775-4202f6a2e339	6	41318604	44465746	1740	0.1205
268d0a2b-cd03-425f-8775-4202f6a2e339	6	44467137	54066269	6273	0.0679
268d0a2b-cd03-425f-8775-4202f6a2e339	6	54066286	54067057	8	1.5259
268d0a2b-cd03-425f-8775-4202f6a2e339	6	54070550	61632338	2639	0.0736
268d0a2b-cd03-425f-8775-4202f6a2e339	6	61632387	69898758	5148	0.015
268d0a2b-cd03-425f-8775-4202f6a2e339	6	69901620	73882509	2602	0.06
268d0a2b-cd03-425f-8775-4202f6a2e339	6	73882741	73891694	9	-2.8376
268d0a2b-cd03-425f-8775-4202f6a2e339	6	73893839	76726442	1770	0.0603
268d0a2b-cd03-425f-8775-4202f6a2e339	6	76726815	76742956	20	-0.3344
268d0a2b-cd03-425f-8775-4202f6a2e339	6	76742972	78259348	980	0.0375
268d0a2b-cd03-425f-8775-4202f6a2e339	6	78259388	78329517	113	0.431
268d0a2b-cd03-425f-8775-4202f6a2e339	6	78331916	103286954	15479	0.041
268d0a2b-cd03-425f-8775-4202f6a2e339	6	103290101	103314186	46	0.8089
268d0a2b-cd03-425f-8775-4202f6a2e339	6	103317795	120065902	10221	0.0573
268d0a2b-cd03-425f-8775-4202f6a2e339	6	120066492	120070920	2	-1.5376
268d0a2b-cd03-425f-8775-4202f6a2e339	6	120072955	127076095	4262	0.0443
268d0a2b-cd03-425f-8775-4202f6a2e339	6	127086482	137042698	6740	-0.3543
268d0a2b-cd03-425f-8775-4202f6a2e339	6	137045274	137423949	284	0.3532
268d0a2b-cd03-425f-8775-4202f6a2e339	6	137424828	140850424	2107	-0.362
268d0a2b-cd03-425f-8775-4202f6a2e339	6	140854013	158762965	12026	0.0541
268d0a2b-cd03-425f-8775-4202f6a2e339	6	158763475	160559298	1254	-0.3505
268d0a2b-cd03-425f-8775-4202f6a2e339	6	160570446	160648295	73	-0.1892
268d0a2b-cd03-425f-8775-4202f6a2e339	6	160648320	162498695	1505	-0.3809
268d0a2b-cd03-425f-8775-4202f6a2e339	6	162499180	162499407	3	-2.353
268d0a2b-cd03-425f-8775-4202f6a2e339	6	162500150	167425505	3751	-0.3908
268d0a2b-cd03-425f-8775-4202f6a2e339	6	167652277	167857945	64	0.323
268d0a2b-cd03-425f-8775-4202f6a2e339	6	167862052	170741917	1892	-0.3819
268d0a2b-cd03-425f-8775-4202f6a2e339	7	43355	4580399	2472	0.5345
268d0a2b-cd03-425f-8775-4202f6a2e339	7	4580468	4580563	7	1.2123
268d0a2b-cd03-425f-8775-4202f6a2e339	7	4580929	7411767	1417	0.536
268d0a2b-cd03-425f-8775-4202f6a2e339	7	7412245	8392428	823	0.3862
268d0a2b-cd03-425f-8775-4202f6a2e339	7	8392569	14354136	4913	0.4632
268d0a2b-cd03-425f-8775-4202f6a2e339	7	14357923	14568002	138	0.397
268d0a2b-cd03-425f-8775-4202f6a2e339	7	14578880	14579205	2	-1.2399
268d0a2b-cd03-425f-8775-4202f6a2e339	7	14579401	15369500	577	0.3806
268d0a2b-cd03-425f-8775-4202f6a2e339	7	15371382	15382200	11	-0.016
268d0a2b-cd03-425f-8775-4202f6a2e339	7	15382255	15392007	26	0.3933
268d0a2b-cd03-425f-8775-4202f6a2e339	7	15392045	15393664	2	-1.0211
268d0a2b-cd03-425f-8775-4202f6a2e339	7	15394440	17476242	1663	0.396
268d0a2b-cd03-425f-8775-4202f6a2e339	7	17480281	17480732	3	-0.822
268d0a2b-cd03-425f-8775-4202f6a2e339	7	17480899	18058560	469	0.4094
268d0a2b-cd03-425f-8775-4202f6a2e339	7	18059668	19104834	951	0.541
268d0a2b-cd03-425f-8775-4202f6a2e339	7	19114220	30199708	8337	0.411
268d0a2b-cd03-425f-8775-4202f6a2e339	7	30200738	31341016	731	0.5397
268d0a2b-cd03-425f-8775-4202f6a2e339	7	31341280	35043592	2484	0.4163
268d0a2b-cd03-425f-8775-4202f6a2e339	7	35052263	35092856	12	-0.1741
268d0a2b-cd03-425f-8775-4202f6a2e339	7	35104692	36487598	990	0.4219
268d0a2b-cd03-425f-8775-4202f6a2e339	7	36487976	38248326	1349	0.4858
268d0a2b-cd03-425f-8775-4202f6a2e339	7	38251092	38339129	118	0.7643
268d0a2b-cd03-425f-8775-4202f6a2e339	7	38342370	39307520	722	0.4726
268d0a2b-cd03-425f-8775-4202f6a2e339	7	39307695	51958339	8522	0.5101
268d0a2b-cd03-425f-8775-4202f6a2e339	7	51958899	54305455	1760	0.4639
268d0a2b-cd03-425f-8775-4202f6a2e339	7	54318812	54318824	6	1.8235
268d0a2b-cd03-425f-8775-4202f6a2e339	7	54325795	56908389	1615	0.4753
268d0a2b-cd03-425f-8775-4202f6a2e339	7	56997653	57016425	4	-0.384
268d0a2b-cd03-425f-8775-4202f6a2e339	7	57048761	57819399	404	0.4409
268d0a2b-cd03-425f-8775-4202f6a2e339	7	57822636	63500432	318	0.1768
268d0a2b-cd03-425f-8775-4202f6a2e339	7	63510457	63624175	10	0.6945
268d0a2b-cd03-425f-8775-4202f6a2e339	7	63636802	64471675	385	0.1876
268d0a2b-cd03-425f-8775-4202f6a2e339	7	64472040	79860043	7666	0.0989
268d0a2b-cd03-425f-8775-4202f6a2e339	7	79860322	79861300	3	-1.8285
268d0a2b-cd03-425f-8775-4202f6a2e339	7	79866662	85581394	3831	0.0658
268d0a2b-cd03-425f-8775-4202f6a2e339	7	85581500	85581892	2	-1.7338
268d0a2b-cd03-425f-8775-4202f6a2e339	7	85589423	87884468	1279	0.0475
268d0a2b-cd03-425f-8775-4202f6a2e339	7	87887212	89273946	894	0.1496
268d0a2b-cd03-425f-8775-4202f6a2e339	7	89275360	89277217	3	-2.1422
268d0a2b-cd03-425f-8775-4202f6a2e339	7	89277793	91589569	1564	0.1878
268d0a2b-cd03-425f-8775-4202f6a2e339	7	91589648	91589817	2	-1.0853
268d0a2b-cd03-425f-8775-4202f6a2e339	7	91595717	94403081	1773	0.1826
268d0a2b-cd03-425f-8775-4202f6a2e339	7	94403441	94404025	5	-1.7764
268d0a2b-cd03-425f-8775-4202f6a2e339	7	94409622	97610688	1963	0.1651
268d0a2b-cd03-425f-8775-4202f6a2e339	7	97622926	97628857	5	-0.7535
268d0a2b-cd03-425f-8775-4202f6a2e339	7	97631663	97756621	102	0.1815
268d0a2b-cd03-425f-8775-4202f6a2e339	7	97756658	97766159	7	1.2592
268d0a2b-cd03-425f-8775-4202f6a2e339	7	97766194	100173197	1159	0.2428
268d0a2b-cd03-425f-8775-4202f6a2e339	7	100180504	100413147	53	0.4568
268d0a2b-cd03-425f-8775-4202f6a2e339	7	100418193	101379080	336	0.2474
268d0a2b-cd03-425f-8775-4202f6a2e339	7	101381028	101398477	5	-0.5653
268d0a2b-cd03-425f-8775-4202f6a2e339	7	101398827	102706597	518	0.2512
268d0a2b-cd03-425f-8775-4202f6a2e339	7	102708738	103897819	656	0.0812
268d0a2b-cd03-425f-8775-4202f6a2e339	7	103897886	109793720	3881	0.1889
268d0a2b-cd03-425f-8775-4202f6a2e339	7	109793728	109813925	38	0.6192
268d0a2b-cd03-425f-8775-4202f6a2e339	7	109814172	121695456	7174	0.1658
268d0a2b-cd03-425f-8775-4202f6a2e339	7	121695983	121697836	3	-1.086
268d0a2b-cd03-425f-8775-4202f6a2e339	7	121698506	124502156	1656	0.1697
268d0a2b-cd03-425f-8775-4202f6a2e339	7	124506449	124591104	63	0.5137
268d0a2b-cd03-425f-8775-4202f6a2e339	7	124592948	126405632	1139	0.1581
268d0a2b-cd03-425f-8775-4202f6a2e339	7	126405690	126406826	13	-0.3096
268d0a2b-cd03-425f-8775-4202f6a2e339	7	126406827	128056498	1103	0.1672
268d0a2b-cd03-425f-8775-4202f6a2e339	7	128058351	134090709	3586	0.2088
268d0a2b-cd03-425f-8775-4202f6a2e339	7	134093676	134113805	39	0.47
268d0a2b-cd03-425f-8775-4202f6a2e339	7	134114093	142081994	5211	0.2089
268d0a2b-cd03-425f-8775-4202f6a2e339	7	142082310	142099360	23	0.6428
268d0a2b-cd03-425f-8775-4202f6a2e339	7	142105742	142347278	187	0.2517
268d0a2b-cd03-425f-8775-4202f6a2e339	7	142347301	142347565	4	-0.6136
268d0a2b-cd03-425f-8775-4202f6a2e339	7	142356135	143170641	496	0.2663
268d0a2b-cd03-425f-8775-4202f6a2e339	7	143173173	144378425	530	0.1679
268d0a2b-cd03-425f-8775-4202f6a2e339	7	144378656	145494538	709	0.1052
268d0a2b-cd03-425f-8775-4202f6a2e339	7	145495224	145495800	3	-0.7063
268d0a2b-cd03-425f-8775-4202f6a2e339	7	145495852	147512012	1321	0.1286
268d0a2b-cd03-425f-8775-4202f6a2e339	7	147513782	153651573	3705	0.1971
268d0a2b-cd03-425f-8775-4202f6a2e339	7	153652433	156215818	1980	0.1303
268d0a2b-cd03-425f-8775-4202f6a2e339	7	156215886	158320363	1286	0.2066
268d0a2b-cd03-425f-8775-4202f6a2e339	7	158321460	158322732	2	-0.9071
268d0a2b-cd03-425f-8775-4202f6a2e339	7	158323170	159069779	461	0.2506
268d0a2b-cd03-425f-8775-4202f6a2e339	7	159070845	159071067	2	-1.0907
268d0a2b-cd03-425f-8775-4202f6a2e339	7	159073969	159127130	49	0.196
268d0a2b-cd03-425f-8775-4202f6a2e339	7	159127297	159127494	2	-1.8006
268d0a2b-cd03-425f-8775-4202f6a2e339	7	159131020	159334314	126	0.1944
268d0a2b-cd03-425f-8775-4202f6a2e339	8	81254	162796	2	0.7692
268d0a2b-cd03-425f-8775-4202f6a2e339	8	163380	2179870	1559	-0.1553
268d0a2b-cd03-425f-8775-4202f6a2e339	8	2181344	2185178	7	-1.5875
268d0a2b-cd03-425f-8775-4202f6a2e339	8	2193931	2761743	361	-0.1718
268d0a2b-cd03-425f-8775-4202f6a2e339	8	2762303	2770677	14	-1.106
268d0a2b-cd03-425f-8775-4202f6a2e339	8	2773034	3346180	603	-0.1802
268d0a2b-cd03-425f-8775-4202f6a2e339	8	3347785	3523140	217	-0.3791
268d0a2b-cd03-425f-8775-4202f6a2e339	8	3523375	3721296	292	-0.2063
268d0a2b-cd03-425f-8775-4202f6a2e339	8	3721670	3783872	107	-0.3815
268d0a2b-cd03-425f-8775-4202f6a2e339	8	3785660	4166351	593	-0.6708
268d0a2b-cd03-425f-8775-4202f6a2e339	8	4166890	4499285	637	-0.9746
268d0a2b-cd03-425f-8775-4202f6a2e339	8	4499471	4568570	52	-0.6384
268d0a2b-cd03-425f-8775-4202f6a2e339	8	4569017	5741242	1559	-0.1955
268d0a2b-cd03-425f-8775-4202f6a2e339	8	5741248	5746378	17	-0.7978
268d0a2b-cd03-425f-8775-4202f6a2e339	8	5746392	6084989	440	-0.185
268d0a2b-cd03-425f-8775-4202f6a2e339	8	6085014	7182331	1266	-0.1076
268d0a2b-cd03-425f-8775-4202f6a2e339	8	7185818	7838739	45	-0.4741
268d0a2b-cd03-425f-8775-4202f6a2e339	8	7873171	8120649	22	0.6636
268d0a2b-cd03-425f-8775-4202f6a2e339	8	8132772	12002231	3221	-0.115
268d0a2b-cd03-425f-8775-4202f6a2e339	8	12004300	12695279	85	0.1813
268d0a2b-cd03-425f-8775-4202f6a2e339	8	12695325	14720147	2011	-0.1553
268d0a2b-cd03-425f-8775-4202f6a2e339	8	14720153	14720161	3	-1.6392
268d0a2b-cd03-425f-8775-4202f6a2e339	8	14720897	25122389	8385	-0.1136
268d0a2b-cd03-425f-8775-4202f6a2e339	8	25122391	25122472	6	-1.1686
268d0a2b-cd03-425f-8775-4202f6a2e339	8	25126554	32821197	5440	-0.1256
268d0a2b-cd03-425f-8775-4202f6a2e339	8	32821348	32834588	10	0.3979
268d0a2b-cd03-425f-8775-4202f6a2e339	8	32834603	38430945	3067	-0.1481
268d0a2b-cd03-425f-8775-4202f6a2e339	8	38432841	38432991	3	1.2978
268d0a2b-cd03-425f-8775-4202f6a2e339	8	38433569	38995448	334	-0.126
268d0a2b-cd03-425f-8775-4202f6a2e339	8	39002819	39372806	174	1.1633
268d0a2b-cd03-425f-8775-4202f6a2e339	8	39373140	39531496	63	1.774
268d0a2b-cd03-425f-8775-4202f6a2e339	8	39531510	39866561	200	1.2026
268d0a2b-cd03-425f-8775-4202f6a2e339	8	39874932	40324598	386	0.9274
268d0a2b-cd03-425f-8775-4202f6a2e339	8	40326278	40331992	34	-0.609
268d0a2b-cd03-425f-8775-4202f6a2e339	8	40335391	42949116	1672	0.9652
268d0a2b-cd03-425f-8775-4202f6a2e339	8	42951363	46577641	452	0.4876
268d0a2b-cd03-425f-8775-4202f6a2e339	8	46577894	53047187	3733	0.3963
268d0a2b-cd03-425f-8775-4202f6a2e339	8	53047626	53080355	33	-0.2762
268d0a2b-cd03-425f-8775-4202f6a2e339	8	53086835	57204927	2670	0.3886
268d0a2b-cd03-425f-8775-4202f6a2e339	8	57205493	57217466	3	-0.8056
268d0a2b-cd03-425f-8775-4202f6a2e339	8	57220239	63936079	4462	0.3729
268d0a2b-cd03-425f-8775-4202f6a2e339	8	63936340	63936561	6	1.3875
268d0a2b-cd03-425f-8775-4202f6a2e339	8	63936953	67630923	1873	0.3956
268d0a2b-cd03-425f-8775-4202f6a2e339	8	67631239	67636165	15	-0.1313
268d0a2b-cd03-425f-8775-4202f6a2e339	8	67636256	72618136	3279	0.365
268d0a2b-cd03-425f-8775-4202f6a2e339	8	72620198	72709232	72	0.4466
268d0a2b-cd03-425f-8775-4202f6a2e339	8	72710031	72711338	5	1.0372
268d0a2b-cd03-425f-8775-4202f6a2e339	8	72711620	74135937	977	0.4132
268d0a2b-cd03-425f-8775-4202f6a2e339	8	74136364	74396083	216	0.371
268d0a2b-cd03-425f-8775-4202f6a2e339	8	74406948	74415359	5	-1.1219
268d0a2b-cd03-425f-8775-4202f6a2e339	8	74416300	108888607	20609	0.3867
268d0a2b-cd03-425f-8775-4202f6a2e339	8	108888609	111279265	1310	0.2517
268d0a2b-cd03-425f-8775-4202f6a2e339	8	111282050	111283031	10	0.9509
268d0a2b-cd03-425f-8775-4202f6a2e339	8	111288052	111830595	285	0.2606
268d0a2b-cd03-425f-8775-4202f6a2e339	8	111833330	113944362	1152	0.3686
268d0a2b-cd03-425f-8775-4202f6a2e339	8	113944672	119139771	3533	0.5326
268d0a2b-cd03-425f-8775-4202f6a2e339	8	119142545	119147207	4	-3.0077
268d0a2b-cd03-425f-8775-4202f6a2e339	8	119150615	121094550	1253	0.5113
268d0a2b-cd03-425f-8775-4202f6a2e339	8	121094637	121095516	2	1.6403
268d0a2b-cd03-425f-8775-4202f6a2e339	8	121098498	133559723	9073	0.5108
268d0a2b-cd03-425f-8775-4202f6a2e339	8	133560336	145072769	7627	0.6014
268d0a2b-cd03-425f-8775-4202f6a2e339	9	46587	672786	651	0.3834
268d0a2b-cd03-425f-8775-4202f6a2e339	9	672895	676112	7	-0.3029
268d0a2b-cd03-425f-8775-4202f6a2e339	9	676175	1510797	898	0.3658
268d0a2b-cd03-425f-8775-4202f6a2e339	9	1510825	1513262	12	-0.1279
268d0a2b-cd03-425f-8775-4202f6a2e339	9	1513406	2147099	748	0.385
268d0a2b-cd03-425f-8775-4202f6a2e339	9	2148837	2150662	6	-0.6822
268d0a2b-cd03-425f-8775-4202f6a2e339	9	2152115	5078443	2924	0.3829
268d0a2b-cd03-425f-8775-4202f6a2e339	9	5079156	5081766	9	0.8449
268d0a2b-cd03-425f-8775-4202f6a2e339	9	5081852	6053098	682	0.3949
268d0a2b-cd03-425f-8775-4202f6a2e339	9	6055531	6064299	5	-0.5293
268d0a2b-cd03-425f-8775-4202f6a2e339	9	6064640	6695986	437	0.4311
268d0a2b-cd03-425f-8775-4202f6a2e339	9	6701145	6712314	8	-0.0934
268d0a2b-cd03-425f-8775-4202f6a2e339	9	6715049	7442254	765	0.3978
268d0a2b-cd03-425f-8775-4202f6a2e339	9	7445191	11795808	3975	0.3469
268d0a2b-cd03-425f-8775-4202f6a2e339	9	11795809	15156134	2682	0.3995
268d0a2b-cd03-425f-8775-4202f6a2e339	9	15158905	15159423	4	-0.6604
268d0a2b-cd03-425f-8775-4202f6a2e339	9	15159851	16458891	1127	0.3775
268d0a2b-cd03-425f-8775-4202f6a2e339	9	16459492	17753041	1088	0.327
268d0a2b-cd03-425f-8775-4202f6a2e339	9	17756104	23361807	4409	0.3876
268d0a2b-cd03-425f-8775-4202f6a2e339	9	23363117	23373486	8	1.1539
268d0a2b-cd03-425f-8775-4202f6a2e339	9	23378490	32040763	6372	0.3687
268d0a2b-cd03-425f-8775-4202f6a2e339	9	32047509	34653112	1727	0.4235
268d0a2b-cd03-425f-8775-4202f6a2e339	9	34653588	35512544	431	0.2886
268d0a2b-cd03-425f-8775-4202f6a2e339	9	35517810	38439975	1858	-0.3158
268d0a2b-cd03-425f-8775-4202f6a2e339	9	38440757	38440949	3	-2.889
268d0a2b-cd03-425f-8775-4202f6a2e339	9	38441589	40887290	378	-0.2848
268d0a2b-cd03-425f-8775-4202f6a2e339	9	40922005	41533430	57	-0.8248
268d0a2b-cd03-425f-8775-4202f6a2e339	9	41569585	61405110	121	-0.2604
268d0a2b-cd03-425f-8775-4202f6a2e339	9	61520021	61665362	31	-1.0908
268d0a2b-cd03-425f-8775-4202f6a2e339	9	61668104	64839518	115	-0.1237
268d0a2b-cd03-425f-8775-4202f6a2e339	9	64845973	64929736	10	-0.9448
268d0a2b-cd03-425f-8775-4202f6a2e339	9	64945250	76455545	5935	-0.1058
268d0a2b-cd03-425f-8775-4202f6a2e339	9	76460736	76463497	3	-1.7689
268d0a2b-cd03-425f-8775-4202f6a2e339	9	76463757	91452968	10837	-0.1083
268d0a2b-cd03-425f-8775-4202f6a2e339	9	91454405	94979054	2116	-0.0665
268d0a2b-cd03-425f-8775-4202f6a2e339	9	94984433	94986624	3	-1.0708
268d0a2b-cd03-425f-8775-4202f6a2e339	9	94988083	98730119	2523	-0.0835
268d0a2b-cd03-425f-8775-4202f6a2e339	9	98732145	100210688	902	-0.1032
268d0a2b-cd03-425f-8775-4202f6a2e339	9	100213961	100214259	4	-2.0342
268d0a2b-cd03-425f-8775-4202f6a2e339	9	100226413	101208450	638	-0.1127
268d0a2b-cd03-425f-8775-4202f6a2e339	9	101211906	101212009	3	-1.5745
268d0a2b-cd03-425f-8775-4202f6a2e339	9	101212057	104485159	2395	-0.1377
268d0a2b-cd03-425f-8775-4202f6a2e339	9	104487313	109871930	4290	-0.0907
268d0a2b-cd03-425f-8775-4202f6a2e339	9	109873706	109873838	2	-1.4623
268d0a2b-cd03-425f-8775-4202f6a2e339	9	109874021	110415555	426	-0.0975
268d0a2b-cd03-425f-8775-4202f6a2e339	9	110423242	110423572	4	-1.017
268d0a2b-cd03-425f-8775-4202f6a2e339	9	110423826	116516741	4452	-0.0835
268d0a2b-cd03-425f-8775-4202f6a2e339	9	116522335	116636093	86	-0.2246
268d0a2b-cd03-425f-8775-4202f6a2e339	9	116638118	116638138	2	-2.3811
268d0a2b-cd03-425f-8775-4202f6a2e339	9	116638835	120132522	3060	-0.1437
268d0a2b-cd03-425f-8775-4202f6a2e339	9	120132764	126188973	3727	-0.0655
268d0a2b-cd03-425f-8775-4202f6a2e339	9	126191679	126192030	3	-2.3793
268d0a2b-cd03-425f-8775-4202f6a2e339	9	126192290	126207186	12	-0.07
268d0a2b-cd03-425f-8775-4202f6a2e339	9	126213032	126214423	13	-2.6469
268d0a2b-cd03-425f-8775-4202f6a2e339	9	126217221	127237979	676	-0.054
268d0a2b-cd03-425f-8775-4202f6a2e339	9	127238771	127240343	3	-2.1065
268d0a2b-cd03-425f-8775-4202f6a2e339	9	127240351	128886835	759	-0.0438
268d0a2b-cd03-425f-8775-4202f6a2e339	9	128888925	130692372	921	-0.5904
268d0a2b-cd03-425f-8775-4202f6a2e339	9	130700177	130785448	107	-0.1056
268d0a2b-cd03-425f-8775-4202f6a2e339	9	130785978	136532614	3453	-0.5867
268d0a2b-cd03-425f-8775-4202f6a2e339	9	136536903	136537300	3	-2.1631
268d0a2b-cd03-425f-8775-4202f6a2e339	9	136539349	137356366	180	-0.5345
268d0a2b-cd03-425f-8775-4202f6a2e339	9	137358233	137361381	7	0.532
268d0a2b-cd03-425f-8775-4202f6a2e339	9	137378551	138107414	346	-0.6027
268d0a2b-cd03-425f-8775-4202f6a2e339	9	138109449	138200944	60	-0.2912
268d0a2b-cd03-425f-8775-4202f6a2e339	10	45792	4248622	3577	1.0524
268d0a2b-cd03-425f-8775-4202f6a2e339	10	4248646	4248732	2	2.9829
268d0a2b-cd03-425f-8775-4202f6a2e339	10	4248824	5204122	888	1.0602
268d0a2b-cd03-425f-8775-4202f6a2e339	10	5204548	6291815	853	1.172
268d0a2b-cd03-425f-8775-4202f6a2e339	10	6292933	6368170	72	1.0341
268d0a2b-cd03-425f-8775-4202f6a2e339	10	6368325	6381719	34	0.7065
268d0a2b-cd03-425f-8775-4202f6a2e339	10	6382528	7056292	702	1.0364
268d0a2b-cd03-425f-8775-4202f6a2e339	10	7056307	7056323	2	-0.3285
268d0a2b-cd03-425f-8775-4202f6a2e339	10	7056457	12057024	4041	1.0583
268d0a2b-cd03-425f-8775-4202f6a2e339	10	12059693	12123998	30	1.8473
268d0a2b-cd03-425f-8775-4202f6a2e339	10	12127513	13563368	1168	1.074
268d0a2b-cd03-425f-8775-4202f6a2e339	10	13563969	13563982	2	-1.1226
268d0a2b-cd03-425f-8775-4202f6a2e339	10	13565627	24088745	7832	1.0658
268d0a2b-cd03-425f-8775-4202f6a2e339	10	24088746	24089125	10	2.3216
268d0a2b-cd03-425f-8775-4202f6a2e339	10	24089979	28213273	2824	1.0512
268d0a2b-cd03-425f-8775-4202f6a2e339	10	28214236	28220467	5	-0.4931
268d0a2b-cd03-425f-8775-4202f6a2e339	10	28223885	28433573	183	1.0925
268d0a2b-cd03-425f-8775-4202f6a2e339	10	28434079	28437094	2	-0.7831
268d0a2b-cd03-425f-8775-4202f6a2e339	10	28437096	28977827	390	1.0809
268d0a2b-cd03-425f-8775-4202f6a2e339	10	28982218	29422831	404	1.6437
268d0a2b-cd03-425f-8775-4202f6a2e339	10	29425407	29448743	11	0.8729
268d0a2b-cd03-425f-8775-4202f6a2e339	10	29452671	34834360	3823	-0.576
268d0a2b-cd03-425f-8775-4202f6a2e339	10	34834700	35377491	254	-0.4551
268d0a2b-cd03-425f-8775-4202f6a2e339	10	35377894	38347674	1882	-0.5823
268d0a2b-cd03-425f-8775-4202f6a2e339	10	38352580	38780919	74	-0.3503
268d0a2b-cd03-425f-8775-4202f6a2e339	10	38781507	41717270	8	-0.7442
268d0a2b-cd03-425f-8775-4202f6a2e339	10	41737725	50302250	4404	-0.1285
268d0a2b-cd03-425f-8775-4202f6a2e339	10	50304668	59606045	6933	-0.1718
268d0a2b-cd03-425f-8775-4202f6a2e339	10	59606046	59606047	2	1.1343
268d0a2b-cd03-425f-8775-4202f6a2e339	10	59606506	65546518	4021	-0.146
268d0a2b-cd03-425f-8775-4202f6a2e339	10	65548165	65563037	29	0.2263
268d0a2b-cd03-425f-8775-4202f6a2e339	10	65563168	67195954	1248	-0.1723
268d0a2b-cd03-425f-8775-4202f6a2e339	10	67196647	76855348	5772	-0.1206
268d0a2b-cd03-425f-8775-4202f6a2e339	10	76855607	76950517	80	0.0042
268d0a2b-cd03-425f-8775-4202f6a2e339	10	76953357	79484771	2115	0.0776
268d0a2b-cd03-425f-8775-4202f6a2e339	10	79487437	79533859	6	-0.7014
268d0a2b-cd03-425f-8775-4202f6a2e339	10	79576939	80217169	248	0.1081
268d0a2b-cd03-425f-8775-4202f6a2e339	10	80220800	80248392	10	0.5579
268d0a2b-cd03-425f-8775-4202f6a2e339	10	80248789	81160841	658	0.0615
268d0a2b-cd03-425f-8775-4202f6a2e339	10	81163151	86041289	3679	0.0059
268d0a2b-cd03-425f-8775-4202f6a2e339	10	86042168	87889935	964	-0.1313
268d0a2b-cd03-425f-8775-4202f6a2e339	10	87889949	87891939	5	0.6803
268d0a2b-cd03-425f-8775-4202f6a2e339	10	87892112	89194672	1052	-0.1494
268d0a2b-cd03-425f-8775-4202f6a2e339	10	89197802	89197944	6	-1.1185
268d0a2b-cd03-425f-8775-4202f6a2e339	10	89198861	90324763	823	-0.1672
268d0a2b-cd03-425f-8775-4202f6a2e339	10	90327599	90328369	3	-1.4278
268d0a2b-cd03-425f-8775-4202f6a2e339	10	90329721	92079125	1106	-0.1721
268d0a2b-cd03-425f-8775-4202f6a2e339	10	92079412	93881779	1069	-0.0973
268d0a2b-cd03-425f-8775-4202f6a2e339	10	93882374	95109306	640	-0.1579
268d0a2b-cd03-425f-8775-4202f6a2e339	10	95109317	95109349	4	-0.9733
268d0a2b-cd03-425f-8775-4202f6a2e339	10	95109949	101103550	3830	-0.1342
268d0a2b-cd03-425f-8775-4202f6a2e339	10	101104260	103841824	1264	-0.0789
268d0a2b-cd03-425f-8775-4202f6a2e339	10	103844953	104630314	569	-0.1354
268d0a2b-cd03-425f-8775-4202f6a2e339	10	104631712	109233033	3478	-0.1924
268d0a2b-cd03-425f-8775-4202f6a2e339	10	109233591	115599432	4338	-0.1535
268d0a2b-cd03-425f-8775-4202f6a2e339	10	115600011	118416293	2036	-0.1872
268d0a2b-cd03-425f-8775-4202f6a2e339	10	118416513	127930408	7205	-0.1318
268d0a2b-cd03-425f-8775-4202f6a2e339	10	127937395	128775983	680	-0.2117
268d0a2b-cd03-425f-8775-4202f6a2e339	10	128778749	131195140	2017	-0.0301
268d0a2b-cd03-425f-8775-4202f6a2e339	10	131196115	133279882	1126	0.0436
268d0a2b-cd03-425f-8775-4202f6a2e339	10	133280169	133563774	166	-0.0567
268d0a2b-cd03-425f-8775-4202f6a2e339	10	133573736	133576350	4	0.7248
268d0a2b-cd03-425f-8775-4202f6a2e339	10	133576392	133654968	31	-0.015
268d0a2b-cd03-425f-8775-4202f6a2e339	11	198510	4946166	2419	0.0921
268d0a2b-cd03-425f-8775-4202f6a2e339	11	4946420	4952799	26	0.8633
268d0a2b-cd03-425f-8775-4202f6a2e339	11	4953934	5761882	784	0.0343
268d0a2b-cd03-425f-8775-4202f6a2e339	11	5762165	5787146	34	-0.251
268d0a2b-cd03-425f-8775-4202f6a2e339	11	5787818	7586353	1349	0.0435
268d0a2b-cd03-425f-8775-4202f6a2e339	11	7586855	7680272	75	-0.1467
268d0a2b-cd03-425f-8775-4202f6a2e339	11	7680832	7694449	14	0.0281
268d0a2b-cd03-425f-8775-4202f6a2e339	11	7696337	14071488	4917	0.0751
268d0a2b-cd03-425f-8775-4202f6a2e339	11	14072479	15891123	1119	0.0311
268d0a2b-cd03-425f-8775-4202f6a2e339	11	15892014	18078182	1404	0.0918
268d0a2b-cd03-425f-8775-4202f6a2e339	11	18079027	18876277	499	0.2261
268d0a2b-cd03-425f-8775-4202f6a2e339	11	18879624	20357122	1381	0.0898
268d0a2b-cd03-425f-8775-4202f6a2e339	11	20357199	30963890	7574	0.0197
268d0a2b-cd03-425f-8775-4202f6a2e339	11	30964215	31375533	223	0.1402
268d0a2b-cd03-425f-8775-4202f6a2e339	11	31376660	32433981	779	0.2398
268d0a2b-cd03-425f-8775-4202f6a2e339	11	32434307	36636805	3215	0.2877
268d0a2b-cd03-425f-8775-4202f6a2e339	11	36637324	37135076	407	0.1984
268d0a2b-cd03-425f-8775-4202f6a2e339	11	37135266	37589905	262	0.1083
268d0a2b-cd03-425f-8775-4202f6a2e339	11	37593960	39016762	858	0.1658
268d0a2b-cd03-425f-8775-4202f6a2e339	11	39018738	45246164	4416	0.0783
268d0a2b-cd03-425f-8775-4202f6a2e339	11	45248198	48576870	1566	0.2827
268d0a2b-cd03-425f-8775-4202f6a2e339	11	48579882	48581124	2	1.5563
268d0a2b-cd03-425f-8775-4202f6a2e339	11	48584766	49598348	389	0.2437
268d0a2b-cd03-425f-8775-4202f6a2e339	11	49602012	49679859	38	0.1672
268d0a2b-cd03-425f-8775-4202f6a2e339	11	49686823	49736119	17	-0.3835
268d0a2b-cd03-425f-8775-4202f6a2e339	11	49736215	55593885	731	0.1408
268d0a2b-cd03-425f-8775-4202f6a2e339	11	55593934	55674842	51	-0.3811
268d0a2b-cd03-425f-8775-4202f6a2e339	11	55676735	55695678	16	0.1818
268d0a2b-cd03-425f-8775-4202f6a2e339	11	55701048	56284171	411	0.5439
268d0a2b-cd03-425f-8775-4202f6a2e339	11	56288640	56389319	63	0.2364
268d0a2b-cd03-425f-8775-4202f6a2e339	11	56390232	57567363	755	0.0467
268d0a2b-cd03-425f-8775-4202f6a2e339	11	57571888	57669058	49	0.098
268d0a2b-cd03-425f-8775-4202f6a2e339	11	57669433	57907938	100	0.4004
268d0a2b-cd03-425f-8775-4202f6a2e339	11	57907970	60553849	1610	0.0591
268d0a2b-cd03-425f-8775-4202f6a2e339	11	60558482	72718096	5801	0.123
268d0a2b-cd03-425f-8775-4202f6a2e339	11	72720634	78248585	2920	0.0883
268d0a2b-cd03-425f-8775-4202f6a2e339	11	78248613	80256469	1549	0.0233
268d0a2b-cd03-425f-8775-4202f6a2e339	11	80256504	80256520	2	-3.381
268d0a2b-cd03-425f-8775-4202f6a2e339	11	80256642	89734053	6592	0.0393
268d0a2b-cd03-425f-8775-4202f6a2e339	11	89735715	89796439	9	-0.5453
268d0a2b-cd03-425f-8775-4202f6a2e339	11	89802300	116332072	18556	0.048
268d0a2b-cd03-425f-8775-4202f6a2e339	11	116332211	119883217	2405	0.087
268d0a2b-cd03-425f-8775-4202f6a2e339	11	119884186	125100698	3826	0.0367
268d0a2b-cd03-425f-8775-4202f6a2e339	11	125102795	126596234	1055	0.0881
268d0a2b-cd03-425f-8775-4202f6a2e339	11	126596458	129409057	2318	0.0463
268d0a2b-cd03-425f-8775-4202f6a2e339	11	129414960	129828708	264	0.6394
268d0a2b-cd03-425f-8775-4202f6a2e339	11	129828961	131556517	1271	0.0592
268d0a2b-cd03-425f-8775-4202f6a2e339	11	131556906	131556971	2	1.1774
268d0a2b-cd03-425f-8775-4202f6a2e339	11	131557143	131695633	122	0.0454
268d0a2b-cd03-425f-8775-4202f6a2e339	11	131696042	135074876	2625	-0.0144
268d0a2b-cd03-425f-8775-4202f6a2e339	12	51460	122957	33	0.4311
268d0a2b-cd03-425f-8775-4202f6a2e339	12	123538	1718620	949	0.5525
268d0a2b-cd03-425f-8775-4202f6a2e339	12	1718983	3144602	1004	0.353
268d0a2b-cd03-425f-8775-4202f6a2e339	12	3147592	3660715	414	0.9622
268d0a2b-cd03-425f-8775-4202f6a2e339	12	3661832	3903084	185	0.3283
268d0a2b-cd03-425f-8775-4202f6a2e339	12	3907035	4296865	358	0.8852
268d0a2b-cd03-425f-8775-4202f6a2e339	12	4297115	4304748	12	1.5249
268d0a2b-cd03-425f-8775-4202f6a2e339	12	4304791	4550455	169	0.9667
268d0a2b-cd03-425f-8775-4202f6a2e339	12	4550569	4558744	5	0.3753
268d0a2b-cd03-425f-8775-4202f6a2e339	12	4562324	4766449	154	0.8977
268d0a2b-cd03-425f-8775-4202f6a2e339	12	4766867	5004425	229	0.2704
268d0a2b-cd03-425f-8775-4202f6a2e339	12	5005232	5164177	161	0.9344
268d0a2b-cd03-425f-8775-4202f6a2e339	12	5165493	5997089	771	0.3048
268d0a2b-cd03-425f-8775-4202f6a2e339	12	5999301	6047469	36	1.047
268d0a2b-cd03-425f-8775-4202f6a2e339	12	6048088	6071022	15	1.4213
268d0a2b-cd03-425f-8775-4202f6a2e339	12	6073587	6154983	64	0.8702
268d0a2b-cd03-425f-8775-4202f6a2e339	12	6157788	6221446	42	1.4578
268d0a2b-cd03-425f-8775-4202f6a2e339	12	6221604	6381018	71	1.0679
268d0a2b-cd03-425f-8775-4202f6a2e339	12	6381443	6388185	6	1.7195
268d0a2b-cd03-425f-8775-4202f6a2e339	12	6391704	6419673	15	0.9527
268d0a2b-cd03-425f-8775-4202f6a2e339	12	6420994	6423253	3	1.6471
268d0a2b-cd03-425f-8775-4202f6a2e339	12	6423826	6444338	17	0.8914
268d0a2b-cd03-425f-8775-4202f6a2e339	12	6445462	6455133	4	0.3713
268d0a2b-cd03-425f-8775-4202f6a2e339	12	6455206	6536399	60	0.9839
268d0a2b-cd03-425f-8775-4202f6a2e339	12	6543061	6598997	21	0.3794
268d0a2b-cd03-425f-8775-4202f6a2e339	12	6605099	6906543	126	0.9563
268d0a2b-cd03-425f-8775-4202f6a2e339	12	6911804	7610571	330	0.316
268d0a2b-cd03-425f-8775-4202f6a2e339	12	7611022	7942938	154	1.0014
268d0a2b-cd03-425f-8775-4202f6a2e339	12	7944121	7982121	18	0.5304
268d0a2b-cd03-425f-8775-4202f6a2e339	12	7982496	9366268	701	0.3251
268d0a2b-cd03-425f-8775-4202f6a2e339	12	9366357	9835364	276	0.1655
268d0a2b-cd03-425f-8775-4202f6a2e339	12	9835789	9991004	134	0.3049
268d0a2b-cd03-425f-8775-4202f6a2e339	12	9995005	10073864	59	0.9748
268d0a2b-cd03-425f-8775-4202f6a2e339	12	10076682	11068125	644	0.2884
268d0a2b-cd03-425f-8775-4202f6a2e339	12	11070111	11088933	9	-1.1185
268d0a2b-cd03-425f-8775-4202f6a2e339	12	11099275	11545463	278	0.334
268d0a2b-cd03-425f-8775-4202f6a2e339	12	11550426	11646407	54	0.9205
268d0a2b-cd03-425f-8775-4202f6a2e339	12	11650140	11650244	3	-0.0894
268d0a2b-cd03-425f-8775-4202f6a2e339	12	11650264	11871007	323	0.9239
268d0a2b-cd03-425f-8775-4202f6a2e339	12	11876814	12142368	212	1.0784
268d0a2b-cd03-425f-8775-4202f6a2e339	12	12145431	12284548	70	0.6605
268d0a2b-cd03-425f-8775-4202f6a2e339	12	12285653	12440823	107	0.3612
268d0a2b-cd03-425f-8775-4202f6a2e339	12	12443065	12599144	130	0.2842
268d0a2b-cd03-425f-8775-4202f6a2e339	12	12599185	22086364	6252	0.0793
268d0a2b-cd03-425f-8775-4202f6a2e339	12	22090581	22095235	12	0.2654
268d0a2b-cd03-425f-8775-4202f6a2e339	12	22095435	22096272	11	-0.8827
268d0a2b-cd03-425f-8775-4202f6a2e339	12	22096280	33233822	8164	0.0766
268d0a2b-cd03-425f-8775-4202f6a2e339	12	33235894	33242207	4	-2.8598
268d0a2b-cd03-425f-8775-4202f6a2e339	12	33242483	34392342	675	0.111
268d0a2b-cd03-425f-8775-4202f6a2e339	12	34394684	34701563	64	0.3708
268d0a2b-cd03-425f-8775-4202f6a2e339	12	37463949	38274527	222	-0.2629
268d0a2b-cd03-425f-8775-4202f6a2e339	12	38275095	45505721	4577	-0.36
268d0a2b-cd03-425f-8775-4202f6a2e339	12	45506042	45527416	9	0.3062
268d0a2b-cd03-425f-8775-4202f6a2e339	12	45531972	48278523	1680	-0.3398
268d0a2b-cd03-425f-8775-4202f6a2e339	12	48282000	58323655	5505	-0.3009
268d0a2b-cd03-425f-8775-4202f6a2e339	12	58327273	108209239	32520	-0.3574
268d0a2b-cd03-425f-8775-4202f6a2e339	12	108211187	112186977	2100	-0.2921
268d0a2b-cd03-425f-8775-4202f6a2e339	12	112190136	112190160	2	-1.9504
268d0a2b-cd03-425f-8775-4202f6a2e339	12	112190876	119597896	5618	-0.3268
268d0a2b-cd03-425f-8775-4202f6a2e339	12	119598404	119604429	8	-2.1497
268d0a2b-cd03-425f-8775-4202f6a2e339	12	119607505	125994744	3436	-0.3014
268d0a2b-cd03-425f-8775-4202f6a2e339	12	125995535	127181130	1137	-0.3831
268d0a2b-cd03-425f-8775-4202f6a2e339	12	127184310	127563902	314	-0.47
268d0a2b-cd03-425f-8775-4202f6a2e339	12	127564404	127566635	4	0.3166
268d0a2b-cd03-425f-8775-4202f6a2e339	12	127567986	127906229	249	-0.5117
268d0a2b-cd03-425f-8775-4202f6a2e339	12	127911232	127911311	2	-1.8609
268d0a2b-cd03-425f-8775-4202f6a2e339	12	127911737	128166699	235	-0.4872
268d0a2b-cd03-425f-8775-4202f6a2e339	12	128167572	130480173	2123	-0.4119
268d0a2b-cd03-425f-8775-4202f6a2e339	12	130483301	130663412	141	-0.3402
268d0a2b-cd03-425f-8775-4202f6a2e339	12	130663661	130665824	18	-2.4004
268d0a2b-cd03-425f-8775-4202f6a2e339	12	130668803	131287897	441	-0.3123
268d0a2b-cd03-425f-8775-4202f6a2e339	12	131289421	131330389	19	-0.7417
268d0a2b-cd03-425f-8775-4202f6a2e339	12	131330777	131636170	304	-0.2871
268d0a2b-cd03-425f-8775-4202f6a2e339	12	131648039	131648790	13	0.2653
268d0a2b-cd03-425f-8775-4202f6a2e339	12	131657925	133201603	559	-0.276
268d0a2b-cd03-425f-8775-4202f6a2e339	13	18452809	18618539	18	0.0599
268d0a2b-cd03-425f-8775-4202f6a2e339	13	18623776	19421478	447	-0.3385
268d0a2b-cd03-425f-8775-4202f6a2e339	13	19422478	19918532	242	-0.209
268d0a2b-cd03-425f-8775-4202f6a2e339	13	19918880	27600497	5577	-0.356
268d0a2b-cd03-425f-8775-4202f6a2e339	13	27602290	27602488	3	-1.9548
268d0a2b-cd03-425f-8775-4202f6a2e339	13	27603729	37496998	7198	-0.3648
268d0a2b-cd03-425f-8775-4202f6a2e339	13	37497899	37510620	16	0.4614
268d0a2b-cd03-425f-8775-4202f6a2e339	13	37514193	50053474	8518	-0.3795
268d0a2b-cd03-425f-8775-4202f6a2e339	13	50054250	50133949	24	0.3259
268d0a2b-cd03-425f-8775-4202f6a2e339	13	50136443	60722242	6139	0.1438
268d0a2b-cd03-425f-8775-4202f6a2e339	13	60724215	61137182	303	-0.019
268d0a2b-cd03-425f-8775-4202f6a2e339	13	61139335	61183831	26	0.1825
268d0a2b-cd03-425f-8775-4202f6a2e339	13	61186206	71902850	6545	0.2413
268d0a2b-cd03-425f-8775-4202f6a2e339	13	71903417	71906418	4	1.4213
268d0a2b-cd03-425f-8775-4202f6a2e339	13	71906467	72317872	353	0.276
268d0a2b-cd03-425f-8775-4202f6a2e339	13	72321162	72321331	2	-3.8554
268d0a2b-cd03-425f-8775-4202f6a2e339	13	72324390	72324442	2	-0.8577
268d0a2b-cd03-425f-8775-4202f6a2e339	13	72329817	74573066	1632	0.3064
268d0a2b-cd03-425f-8775-4202f6a2e339	13	74574245	74574426	2	-1.4264
268d0a2b-cd03-425f-8775-4202f6a2e339	13	74575529	77662585	2146	0.3014
268d0a2b-cd03-425f-8775-4202f6a2e339	13	77662601	93412690	9879	0.2508
268d0a2b-cd03-425f-8775-4202f6a2e339	13	93414389	103529081	7160	0.2985
268d0a2b-cd03-425f-8775-4202f6a2e339	13	103530833	103532060	4	-0.8246
268d0a2b-cd03-425f-8775-4202f6a2e339	13	103533585	110278775	5511	0.2765
268d0a2b-cd03-425f-8775-4202f6a2e339	13	110278964	111070847	661	0.3265
268d0a2b-cd03-425f-8775-4202f6a2e339	13	111071777	111072185	2	-1.0214
268d0a2b-cd03-425f-8775-4202f6a2e339	13	111072198	113049090	1198	0.318
268d0a2b-cd03-425f-8775-4202f6a2e339	13	113050071	113053299	2	1.3828
268d0a2b-cd03-425f-8775-4202f6a2e339	13	113053344	114062415	417	0.333
268d0a2b-cd03-425f-8775-4202f6a2e339	13	114071975	114072043	3	1.2074
268d0a2b-cd03-425f-8775-4202f6a2e339	13	114072232	114342922	126	0.2947
268d0a2b-cd03-425f-8775-4202f6a2e339	14	18239283	19785633	85	-0.4472
268d0a2b-cd03-425f-8775-4202f6a2e339	14	19791791	19958583	88	-0.8839
268d0a2b-cd03-425f-8775-4202f6a2e339	14	19959343	21832682	1239	-0.3236
268d0a2b-cd03-425f-8775-4202f6a2e339	14	21833042	22541501	646	-0.1426
268d0a2b-cd03-425f-8775-4202f6a2e339	14	22541919	24774033	1298	-0.3081
268d0a2b-cd03-425f-8775-4202f6a2e339	14	24774076	29873612	3196	-0.3833
268d0a2b-cd03-425f-8775-4202f6a2e339	14	29874084	35040397	3421	-0.3363
268d0a2b-cd03-425f-8775-4202f6a2e339	14	35040442	35040568	3	-1.8033
268d0a2b-cd03-425f-8775-4202f6a2e339	14	35041591	68392064	20820	-0.348
268d0a2b-cd03-425f-8775-4202f6a2e339	14	68397594	68689383	250	0.1365
268d0a2b-cd03-425f-8775-4202f6a2e339	14	68691411	73540003	3185	-0.7353
268d0a2b-cd03-425f-8775-4202f6a2e339	14	73540147	73554275	7	-1.9419
268d0a2b-cd03-425f-8775-4202f6a2e339	14	73563196	75616461	1205	-0.6943
268d0a2b-cd03-425f-8775-4202f6a2e339	14	75616912	78015593	1615	-0.4573
268d0a2b-cd03-425f-8775-4202f6a2e339	14	78015615	90303291	8242	-0.5327
268d0a2b-cd03-425f-8775-4202f6a2e339	14	90303866	95990316	3946	-0.4843
268d0a2b-cd03-425f-8775-4202f6a2e339	14	95990349	99427757	2756	-0.531
268d0a2b-cd03-425f-8775-4202f6a2e339	14	99428996	101026211	900	-0.4492
268d0a2b-cd03-425f-8775-4202f6a2e339	14	101026397	101026508	2	-2.4069
268d0a2b-cd03-425f-8775-4202f6a2e339	14	101026963	106290506	2194	-0.4598
268d0a2b-cd03-425f-8775-4202f6a2e339	14	106294285	106301365	9	0.1056
268d0a2b-cd03-425f-8775-4202f6a2e339	14	106305728	106321086	10	-0.4533
268d0a2b-cd03-425f-8775-4202f6a2e339	14	106340102	106369985	12	-0.0064
268d0a2b-cd03-425f-8775-4202f6a2e339	14	106370181	106425447	28	-0.4975
268d0a2b-cd03-425f-8775-4202f6a2e339	14	106426436	106487827	50	-0.108
268d0a2b-cd03-425f-8775-4202f6a2e339	14	106492557	106861237	179	-0.5046
268d0a2b-cd03-425f-8775-4202f6a2e339	14	106865694	106877229	12	-0.7739
268d0a2b-cd03-425f-8775-4202f6a2e339	15	19811075	20525226	133	-0.0912
268d0a2b-cd03-425f-8775-4202f6a2e339	15	20538669	21067891	29	-0.865
268d0a2b-cd03-425f-8775-4202f6a2e339	15	21070355	21272760	12	-0.2978
268d0a2b-cd03-425f-8775-4202f6a2e339	15	21417107	22395047	34	0.2117
268d0a2b-cd03-425f-8775-4202f6a2e339	15	22413894	27673477	3365	-0.3496
268d0a2b-cd03-425f-8775-4202f6a2e339	15	27674351	27682660	13	-2.2347
268d0a2b-cd03-425f-8775-4202f6a2e339	15	27683648	76586021	30324	-0.3241
268d0a2b-cd03-425f-8775-4202f6a2e339	15	76598900	76609853	24	0.6867
268d0a2b-cd03-425f-8775-4202f6a2e339	15	76609900	78241768	803	-0.3022
268d0a2b-cd03-425f-8775-4202f6a2e339	15	78243095	78244187	3	-1.5018
268d0a2b-cd03-425f-8775-4202f6a2e339	15	78248333	86794555	5453	-0.3095
268d0a2b-cd03-425f-8775-4202f6a2e339	15	86798737	87530149	616	-3.6408
268d0a2b-cd03-425f-8775-4202f6a2e339	15	87532008	87893838	301	-0.3829
268d0a2b-cd03-425f-8775-4202f6a2e339	15	87893872	93342004	3989	-0.3217
268d0a2b-cd03-425f-8775-4202f6a2e339	15	93342554	97989311	3548	-0.3694
268d0a2b-cd03-425f-8775-4202f6a2e339	15	97992664	97993366	2	-2.3947
268d0a2b-cd03-425f-8775-4202f6a2e339	15	97993499	101880399	2875	-0.3391
268d0a2b-cd03-425f-8775-4202f6a2e339	15	101880604	101894806	7	0.3846
268d0a2b-cd03-425f-8775-4202f6a2e339	15	101900719	101928837	4	-0.9104
268d0a2b-cd03-425f-8775-4202f6a2e339	16	10777	3676635	1363	-0.2592
268d0a2b-cd03-425f-8775-4202f6a2e339	16	3678109	3765616	47	-0.5966
268d0a2b-cd03-425f-8775-4202f6a2e339	16	3765775	5968560	1688	-0.2842
268d0a2b-cd03-425f-8775-4202f6a2e339	16	5968603	6497498	621	-0.3576
268d0a2b-cd03-425f-8775-4202f6a2e339	16	6498388	6498845	4	-2.7074
268d0a2b-cd03-425f-8775-4202f6a2e339	16	6499202	8511973	2411	-0.3778
268d0a2b-cd03-425f-8775-4202f6a2e339	16	8512033	12603259	3370	-0.3123
268d0a2b-cd03-425f-8775-4202f6a2e339	16	12605843	12609654	6	0.3733
268d0a2b-cd03-425f-8775-4202f6a2e339	16	12610283	14686797	1588	-0.315
268d0a2b-cd03-425f-8775-4202f6a2e339	16	14794738	15176361	109	-0.1135
268d0a2b-cd03-425f-8775-4202f6a2e339	16	15184961	15196912	3	-1.3318
268d0a2b-cd03-425f-8775-4202f6a2e339	16	15210241	15425201	28	-0.0188
268d0a2b-cd03-425f-8775-4202f6a2e339	16	15425676	18088127	1523	-0.3101
268d0a2b-cd03-425f-8775-4202f6a2e339	16	18104860	18749771	34	0.1999
268d0a2b-cd03-425f-8775-4202f6a2e339	16	18751134	22712343	2063	-0.27
268d0a2b-cd03-425f-8775-4202f6a2e339	16	22714309	27605592	3492	-0.3333
268d0a2b-cd03-425f-8775-4202f6a2e339	16	27606690	27783854	92	-0.2681
268d0a2b-cd03-425f-8775-4202f6a2e339	16	27792430	27830693	50	0.0516
268d0a2b-cd03-425f-8775-4202f6a2e339	16	27830716	35087092	1581	-0.2504
268d0a2b-cd03-425f-8775-4202f6a2e339	16	35088117	53424105	4839	-0.3415
268d0a2b-cd03-425f-8775-4202f6a2e339	16	53435475	53435551	2	1.1637
268d0a2b-cd03-425f-8775-4202f6a2e339	16	53435895	53450289	37	-0.2767
268d0a2b-cd03-425f-8775-4202f6a2e339	16	53456745	55429290	1691	-0.6182
268d0a2b-cd03-425f-8775-4202f6a2e339	16	55431854	59176381	2382	-0.3008
268d0a2b-cd03-425f-8775-4202f6a2e339	16	59176784	66124833	4807	-0.3651
268d0a2b-cd03-425f-8775-4202f6a2e339	16	66124986	70105639	1878	-0.2878
268d0a2b-cd03-425f-8775-4202f6a2e339	16	70117657	70212022	19	0.2931
268d0a2b-cd03-425f-8775-4202f6a2e339	16	70212430	71185569	288	-0.2442
268d0a2b-cd03-425f-8775-4202f6a2e339	16	71191410	71191441	2	-1.9055
268d0a2b-cd03-425f-8775-4202f6a2e339	16	71191662	74363160	2005	-0.3252
268d0a2b-cd03-425f-8775-4202f6a2e339	16	74364089	74422703	8	0.3755
268d0a2b-cd03-425f-8775-4202f6a2e339	16	74431498	75988063	945	-0.2867
268d0a2b-cd03-425f-8775-4202f6a2e339	16	75988495	76009616	25	-0.5788
268d0a2b-cd03-425f-8775-4202f6a2e339	16	76009925	76303502	279	-0.2969
268d0a2b-cd03-425f-8775-4202f6a2e339	16	76303529	77078667	625	-0.3578
268d0a2b-cd03-425f-8775-4202f6a2e339	16	77080602	77082190	2	-1.5393
268d0a2b-cd03-425f-8775-4202f6a2e339	16	77087644	77684634	687	-0.3684
268d0a2b-cd03-425f-8775-4202f6a2e339	16	77685928	77981545	318	-0.3167
268d0a2b-cd03-425f-8775-4202f6a2e339	16	77981566	77999311	30	-0.0805
268d0a2b-cd03-425f-8775-4202f6a2e339	16	78002273	78228924	191	-0.3636
268d0a2b-cd03-425f-8775-4202f6a2e339	16	78229142	78229190	2	0.5801
268d0a2b-cd03-425f-8775-4202f6a2e339	16	78230190	78337711	102	-0.3409
268d0a2b-cd03-425f-8775-4202f6a2e339	16	78338543	78350841	15	-2.1462
268d0a2b-cd03-425f-8775-4202f6a2e339	16	78350868	79887334	1920	-0.3652
268d0a2b-cd03-425f-8775-4202f6a2e339	16	79887622	82751082	2903	-0.3162
268d0a2b-cd03-425f-8775-4202f6a2e339	16	82751220	82751514	3	-1.4261
268d0a2b-cd03-425f-8775-4202f6a2e339	16	82752297	86214781	3331	-0.3141
268d0a2b-cd03-425f-8775-4202f6a2e339	16	86215252	86215280	2	-4.4413
268d0a2b-cd03-425f-8775-4202f6a2e339	16	86215432	90096867	2458	-0.3061
268d0a2b-cd03-425f-8775-4202f6a2e339	17	150733	209970	31	0.6507
268d0a2b-cd03-425f-8775-4202f6a2e339	17	210111	210740	3	-0.4686
268d0a2b-cd03-425f-8775-4202f6a2e339	17	215430	1105916	469	0.6813
268d0a2b-cd03-425f-8775-4202f6a2e339	17	1106131	2487173	705	0.2694
268d0a2b-cd03-425f-8775-4202f6a2e339	17	2494474	10284433	4747	-0.2988
268d0a2b-cd03-425f-8775-4202f6a2e339	17	10284750	10406929	87	-0.3758
268d0a2b-cd03-425f-8775-4202f6a2e339	17	10407542	10410374	4	-1.4686
268d0a2b-cd03-425f-8775-4202f6a2e339	17	10412155	14918674	3433	-0.38
268d0a2b-cd03-425f-8775-4202f6a2e339	17	14921101	18414080	1910	-0.2809
268d0a2b-cd03-425f-8775-4202f6a2e339	17	18452078	18561272	26	0.4467
268d0a2b-cd03-425f-8775-4202f6a2e339	17	18561907	22050386	1253	-0.2891
268d0a2b-cd03-425f-8775-4202f6a2e339	17	22051839	22718353	217	0.0568
268d0a2b-cd03-425f-8775-4202f6a2e339	17	22718556	29097825	1060	0.2659
268d0a2b-cd03-425f-8775-4202f6a2e339	17	29104407	29361836	131	0.8174
268d0a2b-cd03-425f-8775-4202f6a2e339	17	29368383	30595729	532	0.2529
268d0a2b-cd03-425f-8775-4202f6a2e339	17	30599194	33114169	1271	-0.2853
268d0a2b-cd03-425f-8775-4202f6a2e339	17	33114306	34639704	1479	-0.3547
268d0a2b-cd03-425f-8775-4202f6a2e339	17	34639898	37773129	1838	-0.29
268d0a2b-cd03-425f-8775-4202f6a2e339	17	37775480	37775573	2	-1.8474
268d0a2b-cd03-425f-8775-4202f6a2e339	17	37775854	37884738	71	-0.2881
268d0a2b-cd03-425f-8775-4202f6a2e339	17	38254377	38785329	241	0.2947
268d0a2b-cd03-425f-8775-4202f6a2e339	17	38786378	41265456	1303	-0.271
268d0a2b-cd03-425f-8775-4202f6a2e339	17	41266762	41274279	24	1.8711
268d0a2b-cd03-425f-8775-4202f6a2e339	17	41276472	45679603	2203	-0.259
268d0a2b-cd03-425f-8775-4202f6a2e339	17	45679654	45680406	2	-2.4368
268d0a2b-cd03-425f-8775-4202f6a2e339	17	45680765	46084501	291	-0.2607
268d0a2b-cd03-425f-8775-4202f6a2e339	17	46084918	46135838	39	-1.0895
268d0a2b-cd03-425f-8775-4202f6a2e339	17	46136346	46202822	60	-0.2721
268d0a2b-cd03-425f-8775-4202f6a2e339	17	46203310	46707616	39	0.2624
268d0a2b-cd03-425f-8775-4202f6a2e339	17	46708316	52602642	3363	-0.2996
268d0a2b-cd03-425f-8775-4202f6a2e339	17	52605529	56185484	2536	-0.3627
268d0a2b-cd03-425f-8775-4202f6a2e339	17	56187646	56290720	73	0.1863
268d0a2b-cd03-425f-8775-4202f6a2e339	17	56291460	57610128	1021	-0.3305
268d0a2b-cd03-425f-8775-4202f6a2e339	17	57610972	57611632	2	0.9971
268d0a2b-cd03-425f-8775-4202f6a2e339	17	57614632	59012115	779	-0.2981
268d0a2b-cd03-425f-8775-4202f6a2e339	17	59027862	62375289	1639	0.6279
268d0a2b-cd03-425f-8775-4202f6a2e339	17	62378561	63144549	335	0.4554
268d0a2b-cd03-425f-8775-4202f6a2e339	17	63148216	63777386	281	-0.3122
268d0a2b-cd03-425f-8775-4202f6a2e339	17	63780683	65064774	563	0.6171
268d0a2b-cd03-425f-8775-4202f6a2e339	17	65071479	69031395	2578	0.2463
268d0a2b-cd03-425f-8775-4202f6a2e339	17	69031729	71520691	1855	-0.3375
268d0a2b-cd03-425f-8775-4202f6a2e339	17	71522924	83091923	6537	0.3991
268d0a2b-cd03-425f-8775-4202f6a2e339	18	48133	1847741	1271	0.4924
268d0a2b-cd03-425f-8775-4202f6a2e339	18	1852511	1852553	2	-0.7576
268d0a2b-cd03-425f-8775-4202f6a2e339	18	1855369	15402409	9139	0.476
268d0a2b-cd03-425f-8775-4202f6a2e339	18	20949392	44394853	14770	-0.2275
268d0a2b-cd03-425f-8775-4202f6a2e339	18	44396921	44398660	6	-2.9615
268d0a2b-cd03-425f-8775-4202f6a2e339	18	44402706	49563584	3509	-0.2186
268d0a2b-cd03-425f-8775-4202f6a2e339	18	49564514	49594102	29	0.1181
268d0a2b-cd03-425f-8775-4202f6a2e339	18	49594113	54124917	3331	-0.2172
268d0a2b-cd03-425f-8775-4202f6a2e339	18	54125219	56356578	1363	-0.2841
268d0a2b-cd03-425f-8775-4202f6a2e339	18	56357411	64139400	5584	-0.2179
268d0a2b-cd03-425f-8775-4202f6a2e339	18	64142171	64142688	2	-1.5512
268d0a2b-cd03-425f-8775-4202f6a2e339	18	64142778	66095064	1364	-0.2564
268d0a2b-cd03-425f-8775-4202f6a2e339	18	66099904	66100052	2	-1.8391
268d0a2b-cd03-425f-8775-4202f6a2e339	18	66100686	67300797	795	-0.2349
268d0a2b-cd03-425f-8775-4202f6a2e339	18	67300944	68890530	1230	-0.2946
268d0a2b-cd03-425f-8775-4202f6a2e339	18	68890595	71378886	1753	-0.2398
268d0a2b-cd03-425f-8775-4202f6a2e339	18	71380423	77378415	4767	-0.2934
268d0a2b-cd03-425f-8775-4202f6a2e339	18	77380517	77380997	2	-1.8031
268d0a2b-cd03-425f-8775-4202f6a2e339	18	77381751	78452041	827	-0.3035
268d0a2b-cd03-425f-8775-4202f6a2e339	18	78452737	80257174	1006	-0.2124
268d0a2b-cd03-425f-8775-4202f6a2e339	19	90910	255578	4	-0.3698
268d0a2b-cd03-425f-8775-4202f6a2e339	19	255830	2559843	610	0.1028
268d0a2b-cd03-425f-8775-4202f6a2e339	19	2568277	2569047	2	-1.5457
268d0a2b-cd03-425f-8775-4202f6a2e339	19	2569244	21006087	8639	0.0924
268d0a2b-cd03-425f-8775-4202f6a2e339	19	21007867	21632117	355	0.0097
268d0a2b-cd03-425f-8775-4202f6a2e339	19	21632838	21637067	2	-1.4351
268d0a2b-cd03-425f-8775-4202f6a2e339	19	21637309	32062952	4952	0.02
268d0a2b-cd03-425f-8775-4202f6a2e339	19	32063808	35358420	2151	0.0872
268d0a2b-cd03-425f-8775-4202f6a2e339	19	35364451	35370946	21	-0.5431
268d0a2b-cd03-425f-8775-4202f6a2e339	19	35375842	36339409	440	0.1047
268d0a2b-cd03-425f-8775-4202f6a2e339	19	36354973	36355248	2	1.1129
268d0a2b-cd03-425f-8775-4202f6a2e339	19	36355288	39076600	1406	0.0856
268d0a2b-cd03-425f-8775-4202f6a2e339	19	39077276	50873363	5671	-0.1096
268d0a2b-cd03-425f-8775-4202f6a2e339	19	50877194	52476502	1104	-0.1784
268d0a2b-cd03-425f-8775-4202f6a2e339	19	52481281	55761691	1917	-0.1278
268d0a2b-cd03-425f-8775-4202f6a2e339	19	55766684	55771701	6	0.7701
268d0a2b-cd03-425f-8775-4202f6a2e339	19	55774927	58586487	1839	-0.1386
268d0a2b-cd03-425f-8775-4202f6a2e339	20	80664	1586808	1207	0.2789
268d0a2b-cd03-425f-8775-4202f6a2e339	20	1587007	1613247	38	-0.2227
268d0a2b-cd03-425f-8775-4202f6a2e339	20	1617300	21673617	15633	0.2351
268d0a2b-cd03-425f-8775-4202f6a2e339	20	21673709	24064831	1843	0.1704
268d0a2b-cd03-425f-8775-4202f6a2e339	20	24065596	31262783	1366	0.2584
268d0a2b-cd03-425f-8775-4202f6a2e339	20	31263032	36961878	2697	0.1432
268d0a2b-cd03-425f-8775-4202f6a2e339	20	36962811	44019003	5092	0.1002
268d0a2b-cd03-425f-8775-4202f6a2e339	20	44019208	44694228	431	0.131
268d0a2b-cd03-425f-8775-4202f6a2e339	20	44699932	44700888	2	-1.7014
268d0a2b-cd03-425f-8775-4202f6a2e339	20	44706422	52721156	5573	0.1307
268d0a2b-cd03-425f-8775-4202f6a2e339	20	52729148	53005906	210	0.0115
268d0a2b-cd03-425f-8775-4202f6a2e339	20	53006507	54065071	884	0.1174
268d0a2b-cd03-425f-8775-4202f6a2e339	20	54065291	54065389	5	-2.1041
268d0a2b-cd03-425f-8775-4202f6a2e339	20	54065719	63747011	7180	0.1069
268d0a2b-cd03-425f-8775-4202f6a2e339	20	63749189	64324800	232	0.1816
268d0a2b-cd03-425f-8775-4202f6a2e339	21	10354168	13189617	114	-0.0065
268d0a2b-cd03-425f-8775-4202f6a2e339	21	13197963	13964098	203	0.3294
268d0a2b-cd03-425f-8775-4202f6a2e339	21	13964764	15117635	758	0.2281
268d0a2b-cd03-425f-8775-4202f6a2e339	21	15118225	16738711	1145	0.2822
268d0a2b-cd03-425f-8775-4202f6a2e339	21	16740643	16741468	4	-0.8382
268d0a2b-cd03-425f-8775-4202f6a2e339	21	16742039	17059540	219	0.259
268d0a2b-cd03-425f-8775-4202f6a2e339	21	17062128	30726293	10228	0.1737
268d0a2b-cd03-425f-8775-4202f6a2e339	21	30726813	38272877	5242	0.2137
268d0a2b-cd03-425f-8775-4202f6a2e339	21	38274323	46221880	5649	0.1566
268d0a2b-cd03-425f-8775-4202f6a2e339	21	46222358	46677045	304	0.6641
268d0a2b-cd03-425f-8775-4202f6a2e339	22	15294547	18392404	1131	-0.2996
268d0a2b-cd03-425f-8775-4202f6a2e339	22	18547989	18822597	9	0.5706
268d0a2b-cd03-425f-8775-4202f6a2e339	22	18917479	18951419	6	-0.2113
268d0a2b-cd03-425f-8775-4202f6a2e339	22	18964032	19019471	47	-0.765
268d0a2b-cd03-425f-8775-4202f6a2e339	22	19037293	20516469	921	-0.2935
268d0a2b-cd03-425f-8775-4202f6a2e339	22	20520417	21563034	610	0.0098
268d0a2b-cd03-425f-8775-4202f6a2e339	22	21573613	21998604	226	-0.2538
268d0a2b-cd03-425f-8775-4202f6a2e339	22	21998669	21999332	3	-1.6868
268d0a2b-cd03-425f-8775-4202f6a2e339	22	21999583	23987520	1442	-0.267
268d0a2b-cd03-425f-8775-4202f6a2e339	22	23988078	23990739	4	-1.9869
268d0a2b-cd03-425f-8775-4202f6a2e339	22	23995113	25598046	1160	-0.0113
268d0a2b-cd03-425f-8775-4202f6a2e339	22	25598372	27011183	1354	-0.0953
268d0a2b-cd03-425f-8775-4202f6a2e339	22	27011727	27013502	3	-1.4816
268d0a2b-cd03-425f-8775-4202f6a2e339	22	27013892	32260574	3382	-0.0595
268d0a2b-cd03-425f-8775-4202f6a2e339	22	32262293	37246885	4078	-0.3103
268d0a2b-cd03-425f-8775-4202f6a2e339	22	37248075	38269220	510	-0.2368
268d0a2b-cd03-425f-8775-4202f6a2e339	22	38269916	38894915	313	-0.3178
268d0a2b-cd03-425f-8775-4202f6a2e339	22	38899250	38900899	3	-3.5527
268d0a2b-cd03-425f-8775-4202f6a2e339	22	38903109	38947468	31	-0.3409
268d0a2b-cd03-425f-8775-4202f6a2e339	22	38947852	39034450	52	-0.0651
268d0a2b-cd03-425f-8775-4202f6a2e339	22	39053323	43909338	2786	-0.2864
268d0a2b-cd03-425f-8775-4202f6a2e339	22	43910343	48570531	3746	-0.0598
268d0a2b-cd03-425f-8775-4202f6a2e339	22	48572258	49231343	582	-0.3408
268d0a2b-cd03-425f-8775-4202f6a2e339	22	49231924	50796027	881	-0.0361
268d0a2b-cd03-425f-8775-4202f6a2e339	X	251810	1126722	82	0.0616
268d0a2b-cd03-425f-8775-4202f6a2e339	X	1759553	5779660	2247	-0.2165
268d0a2b-cd03-425f-8775-4202f6a2e339	X	5781049	5781353	2	-2.6799
268d0a2b-cd03-425f-8775-4202f6a2e339	X	5783136	26253407	13632	-0.2333
268d0a2b-cd03-425f-8775-4202f6a2e339	X	26253757	27187748	572	0.012
268d0a2b-cd03-425f-8775-4202f6a2e339	X	27192908	27591756	288	0.3069
268d0a2b-cd03-425f-8775-4202f6a2e339	X	27591844	39761209	7845	0.0319
268d0a2b-cd03-425f-8775-4202f6a2e339	X	39762510	44755939	2661	0.0772
268d0a2b-cd03-425f-8775-4202f6a2e339	X	44756827	45425804	310	0.0236
268d0a2b-cd03-425f-8775-4202f6a2e339	X	45426532	46329019	485	0.2691
268d0a2b-cd03-425f-8775-4202f6a2e339	X	46333006	47006728	338	0.0786
268d0a2b-cd03-425f-8775-4202f6a2e339	X	47007106	47088296	34	0.283
268d0a2b-cd03-425f-8775-4202f6a2e339	X	47091284	47348197	119	0.0892
268d0a2b-cd03-425f-8775-4202f6a2e339	X	47351740	48796704	693	0.1903
268d0a2b-cd03-425f-8775-4202f6a2e339	X	48796757	49609017	228	0.5367
268d0a2b-cd03-425f-8775-4202f6a2e339	X	49610754	52557533	1328	0.2679
268d0a2b-cd03-425f-8775-4202f6a2e339	X	52559572	53061750	141	0.5228
268d0a2b-cd03-425f-8775-4202f6a2e339	X	53063744	53417997	151	0.3905
268d0a2b-cd03-425f-8775-4202f6a2e339	X	53430903	53728543	119	0.6011
268d0a2b-cd03-425f-8775-4202f6a2e339	X	53731608	53985494	102	0.2455
268d0a2b-cd03-425f-8775-4202f6a2e339	X	53989707	55674500	717	0.0672
268d0a2b-cd03-425f-8775-4202f6a2e339	X	55674826	55681253	5	0.7514
268d0a2b-cd03-425f-8775-4202f6a2e339	X	55687904	56317206	323	0.0618
268d0a2b-cd03-425f-8775-4202f6a2e339	X	56318694	56455658	62	0.2816
268d0a2b-cd03-425f-8775-4202f6a2e339	X	56456112	58299948	875	0.0778
268d0a2b-cd03-425f-8775-4202f6a2e339	X	58307685	62754763	63	0.329
268d0a2b-cd03-425f-8775-4202f6a2e339	X	62759627	63375952	175	0.135
268d0a2b-cd03-425f-8775-4202f6a2e339	X	63378594	75123802	5195	0.0551
268d0a2b-cd03-425f-8775-4202f6a2e339	X	75125250	76155927	493	0.1308
268d0a2b-cd03-425f-8775-4202f6a2e339	X	76158656	79017478	1076	0.0571
268d0a2b-cd03-425f-8775-4202f6a2e339	X	79018364	113518915	18512	0.0391
268d0a2b-cd03-425f-8775-4202f6a2e339	X	113519263	113523340	2	-1.3566
268d0a2b-cd03-425f-8775-4202f6a2e339	X	113523588	114819910	698	0.0269
268d0a2b-cd03-425f-8775-4202f6a2e339	X	114826837	115614094	438	0.1024
268d0a2b-cd03-425f-8775-4202f6a2e339	X	115614688	115624286	4	-0.9701
268d0a2b-cd03-425f-8775-4202f6a2e339	X	115625087	118253005	1529	0.0757
268d0a2b-cd03-425f-8775-4202f6a2e339	X	118257467	118258872	2	-1.6135
268d0a2b-cd03-425f-8775-4202f6a2e339	X	118260675	135403260	9631	0.0503
268d0a2b-cd03-425f-8775-4202f6a2e339	X	135403684	135404003	2	-1.9953
268d0a2b-cd03-425f-8775-4202f6a2e339	X	135406621	137578852	1195	0.0661
268d0a2b-cd03-425f-8775-4202f6a2e339	X	137581014	139656889	1379	0.0006
268d0a2b-cd03-425f-8775-4202f6a2e339	X	139657414	142888534	2055	0.0558
268d0a2b-cd03-425f-8775-4202f6a2e339	X	142889730	142889782	2	1.4618
268d0a2b-cd03-425f-8775-4202f6a2e339	X	142890656	142939796	29	0.1746
268d0a2b-cd03-425f-8775-4202f6a2e339	X	142942521	148537921	3823	-0.0071
268d0a2b-cd03-425f-8775-4202f6a2e339	X	148538438	150158545	965	0.0575
268d0a2b-cd03-425f-8775-4202f6a2e339	X	150158928	150159809	2	-1.3981
268d0a2b-cd03-425f-8775-4202f6a2e339	X	150160898	151120544	647	0.0488
268d0a2b-cd03-425f-8775-4202f6a2e339	X	151124426	151126987	3	1.1639
268d0a2b-cd03-425f-8775-4202f6a2e339	X	151128083	152736434	1005	0.0249
268d0a2b-cd03-425f-8775-4202f6a2e339	X	152737607	155952689	1359	0.1258
268d0a2b-cd03-425f-8775-4202f6a2e339	Y	2782397	56872112	6639	-0.8278
