GDC_Aliquot	Chromosome	Start	End	Num_Probes	Segment_Mean
c50f9ab3-c448-4289-b6b1-36ddcbd9efb9	1	62920	2084400	353	-0.2937
c50f9ab3-c448-4289-b6b1-36ddcbd9efb9	1	2092625	3369064	429	-0.4397
c50f9ab3-c448-4289-b6b1-36ddcbd9efb9	1	3369689	5716400	1826	-0.2447
c50f9ab3-c448-4289-b6b1-36ddcbd9efb9	1	5718176	5718729	2	-2.6796
c50f9ab3-c448-4289-b6b1-36ddcbd9efb9	1	5722109	36755120	17368	-0.2326
c50f9ab3-c448-4289-b6b1-36ddcbd9efb9	1	36756923	36948073	148	-0.6996
c50f9ab3-c448-4289-b6b1-36ddcbd9efb9	1	36949204	37466687	349	-0.188
c50f9ab3-c448-4289-b6b1-36ddcbd9efb9	1	37467645	38269608	417	-0.1103
c50f9ab3-c448-4289-b6b1-36ddcbd9efb9	1	38270199	38271202	3	-1.5743
c50f9ab3-c448-4289-b6b1-36ddcbd9efb9	1	38273018	39683488	786	-0.0715
c50f9ab3-c448-4289-b6b1-36ddcbd9efb9	1	39686445	39689516	7	-0.7583
c50f9ab3-c448-4289-b6b1-36ddcbd9efb9	1	39693156	72297687	21022	-0.0342
c50f9ab3-c448-4289-b6b1-36ddcbd9efb9	1	72302735	72345465	48	0.948
c50f9ab3-c448-4289-b6b1-36ddcbd9efb9	1	72346221	109690352	23601	-0.0158
c50f9ab3-c448-4289-b6b1-36ddcbd9efb9	1	109690415	109697556	12	-1.456
c50f9ab3-c448-4289-b6b1-36ddcbd9efb9	1	109702376	121106220	7041	-0.0216
c50f9ab3-c448-4289-b6b1-36ddcbd9efb9	1	121113917	121601998	88	0.325
c50f9ab3-c448-4289-b6b1-36ddcbd9efb9	1	121705338	144442092	132	-0.151
c50f9ab3-c448-4289-b6b1-36ddcbd9efb9	1	144442098	145670653	17	0.2216
c50f9ab3-c448-4289-b6b1-36ddcbd9efb9	1	145674253	147076244	205	0.482
c50f9ab3-c448-4289-b6b1-36ddcbd9efb9	1	147076261	147122964	33	0.1162
c50f9ab3-c448-4289-b6b1-36ddcbd9efb9	1	147131046	152787202	2258	0.4428
c50f9ab3-c448-4289-b6b1-36ddcbd9efb9	1	152789447	152796224	37	0.0499
c50f9ab3-c448-4289-b6b1-36ddcbd9efb9	1	152801429	158896783	3616	0.4492
c50f9ab3-c448-4289-b6b1-36ddcbd9efb9	1	158898711	158899969	2	2.2871
c50f9ab3-c448-4289-b6b1-36ddcbd9efb9	1	158905028	169247699	7670	0.4439
c50f9ab3-c448-4289-b6b1-36ddcbd9efb9	1	169264736	169273163	8	-0.1262
c50f9ab3-c448-4289-b6b1-36ddcbd9efb9	1	169285639	182326589	8639	0.4436
c50f9ab3-c448-4289-b6b1-36ddcbd9efb9	1	182331438	182344007	12	-0.1106
c50f9ab3-c448-4289-b6b1-36ddcbd9efb9	1	182347270	189679027	4790	0.4501
c50f9ab3-c448-4289-b6b1-36ddcbd9efb9	1	189679353	189679397	2	-1.3198
c50f9ab3-c448-4289-b6b1-36ddcbd9efb9	1	189682917	193186662	2339	0.4529
c50f9ab3-c448-4289-b6b1-36ddcbd9efb9	1	193187149	193187218	4	-0.5634
c50f9ab3-c448-4289-b6b1-36ddcbd9efb9	1	193190593	195252090	1422	0.442
c50f9ab3-c448-4289-b6b1-36ddcbd9efb9	1	195255940	195383812	77	0.6277
c50f9ab3-c448-4289-b6b1-36ddcbd9efb9	1	195386347	196762956	902	0.4314
c50f9ab3-c448-4289-b6b1-36ddcbd9efb9	1	196769493	196847600	58	-0.2083
c50f9ab3-c448-4289-b6b1-36ddcbd9efb9	1	196854187	203937000	4541	0.4218
c50f9ab3-c448-4289-b6b1-36ddcbd9efb9	1	203939357	203945276	10	-0.3449
c50f9ab3-c448-4289-b6b1-36ddcbd9efb9	1	203952540	209897717	4230	0.4364
c50f9ab3-c448-4289-b6b1-36ddcbd9efb9	1	209908268	209908720	2	-1.7416
c50f9ab3-c448-4289-b6b1-36ddcbd9efb9	1	209910639	211558613	1136	0.4269
c50f9ab3-c448-4289-b6b1-36ddcbd9efb9	1	211563532	211587389	13	-0.3963
c50f9ab3-c448-4289-b6b1-36ddcbd9efb9	1	211591313	220576296	6291	0.4488
c50f9ab3-c448-4289-b6b1-36ddcbd9efb9	1	220577721	248446755	19392	0.3489
c50f9ab3-c448-4289-b6b1-36ddcbd9efb9	1	248447206	248475325	11	-0.3491
c50f9ab3-c448-4289-b6b1-36ddcbd9efb9	1	248477891	248930189	188	0.3593
c50f9ab3-c448-4289-b6b1-36ddcbd9efb9	2	12784	1265465	832	0.1896
c50f9ab3-c448-4289-b6b1-36ddcbd9efb9	2	1274346	1883277	386	0.0899
c50f9ab3-c448-4289-b6b1-36ddcbd9efb9	2	1884437	3143365	960	0.2341
c50f9ab3-c448-4289-b6b1-36ddcbd9efb9	2	3144090	3267188	134	-0.0064
c50f9ab3-c448-4289-b6b1-36ddcbd9efb9	2	3269058	4158097	674	0.2315
c50f9ab3-c448-4289-b6b1-36ddcbd9efb9	2	4166274	4175577	36	-1.8032
c50f9ab3-c448-4289-b6b1-36ddcbd9efb9	2	4175922	4176429	6	-0.4086
c50f9ab3-c448-4289-b6b1-36ddcbd9efb9	2	4182472	4361790	173	0.2658
c50f9ab3-c448-4289-b6b1-36ddcbd9efb9	2	4361968	4362165	2	-1.1574
c50f9ab3-c448-4289-b6b1-36ddcbd9efb9	2	4366437	20615126	12358	0.2493
c50f9ab3-c448-4289-b6b1-36ddcbd9efb9	2	20616204	20623492	7	-0.458
c50f9ab3-c448-4289-b6b1-36ddcbd9efb9	2	20623852	32426025	7018	0.2352
c50f9ab3-c448-4289-b6b1-36ddcbd9efb9	2	32426830	32788373	193	0.3787
c50f9ab3-c448-4289-b6b1-36ddcbd9efb9	2	32791677	34485661	1317	0.2438
c50f9ab3-c448-4289-b6b1-36ddcbd9efb9	2	34485743	34497960	25	-0.0739
c50f9ab3-c448-4289-b6b1-36ddcbd9efb9	2	34498023	35750907	884	0.2732
c50f9ab3-c448-4289-b6b1-36ddcbd9efb9	2	35752724	35762850	6	-1.2424
c50f9ab3-c448-4289-b6b1-36ddcbd9efb9	2	35762881	50855765	10998	0.2573
c50f9ab3-c448-4289-b6b1-36ddcbd9efb9	2	50858345	51133337	189	0.4061
c50f9ab3-c448-4289-b6b1-36ddcbd9efb9	2	51136217	52516787	944	0.247
c50f9ab3-c448-4289-b6b1-36ddcbd9efb9	2	52527330	52554404	40	-2.051
c50f9ab3-c448-4289-b6b1-36ddcbd9efb9	2	52560811	74076885	13785	0.1875
c50f9ab3-c448-4289-b6b1-36ddcbd9efb9	2	74077251	84282078	6711	-0.0291
c50f9ab3-c448-4289-b6b1-36ddcbd9efb9	2	84283898	84872127	351	0.4511
c50f9ab3-c448-4289-b6b1-36ddcbd9efb9	2	84874613	91912654	2086	0.1965
c50f9ab3-c448-4289-b6b1-36ddcbd9efb9	2	91913296	91948765	8	0.5101
c50f9ab3-c448-4289-b6b1-36ddcbd9efb9	2	91951483	178865599	50402	-0.0379
c50f9ab3-c448-4289-b6b1-36ddcbd9efb9	2	178867112	181286453	1591	0.2157
c50f9ab3-c448-4289-b6b1-36ddcbd9efb9	2	181287050	181366802	47	-0.0754
c50f9ab3-c448-4289-b6b1-36ddcbd9efb9	2	181373064	181540836	119	0.2076
c50f9ab3-c448-4289-b6b1-36ddcbd9efb9	2	181545964	183266916	1020	-0.0419
c50f9ab3-c448-4289-b6b1-36ddcbd9efb9	2	183267446	185432630	1346	0.2459
c50f9ab3-c448-4289-b6b1-36ddcbd9efb9	2	185433497	185954016	245	0.3637
c50f9ab3-c448-4289-b6b1-36ddcbd9efb9	2	185956315	193823021	4397	0.2435
c50f9ab3-c448-4289-b6b1-36ddcbd9efb9	2	193825580	193829074	2	1.5884
c50f9ab3-c448-4289-b6b1-36ddcbd9efb9	2	193837590	195366790	856	0.2728
c50f9ab3-c448-4289-b6b1-36ddcbd9efb9	2	195367244	229557466	21632	0.2177
c50f9ab3-c448-4289-b6b1-36ddcbd9efb9	2	229558280	235041276	3367	-0.0458
c50f9ab3-c448-4289-b6b1-36ddcbd9efb9	2	235041358	235078391	29	-0.4482
c50f9ab3-c448-4289-b6b1-36ddcbd9efb9	2	235078605	240708492	3691	-0.0474
c50f9ab3-c448-4289-b6b1-36ddcbd9efb9	2	240711081	240796187	25	-0.408
c50f9ab3-c448-4289-b6b1-36ddcbd9efb9	2	240796243	241840119	443	-0.0447
c50f9ab3-c448-4289-b6b1-36ddcbd9efb9	2	241841181	242092368	106	-0.7343
c50f9ab3-c448-4289-b6b1-36ddcbd9efb9	2	242095460	242147305	24	-0.0472
c50f9ab3-c448-4289-b6b1-36ddcbd9efb9	3	20930	6604856	5806	-0.3447
c50f9ab3-c448-4289-b6b1-36ddcbd9efb9	3	6609441	6611645	23	-2.7886
c50f9ab3-c448-4289-b6b1-36ddcbd9efb9	3	6613391	52998022	29829	-0.3662
c50f9ab3-c448-4289-b6b1-36ddcbd9efb9	3	52999132	53005473	29	-1.2784
c50f9ab3-c448-4289-b6b1-36ddcbd9efb9	3	53005661	62977291	7640	-0.3687
c50f9ab3-c448-4289-b6b1-36ddcbd9efb9	3	62980729	63005833	16	-3.686
c50f9ab3-c448-4289-b6b1-36ddcbd9efb9	3	63009873	72390708	7195	-0.3626
c50f9ab3-c448-4289-b6b1-36ddcbd9efb9	3	72390998	75372019	2009	-0.8415
c50f9ab3-c448-4289-b6b1-36ddcbd9efb9	3	75377956	75400682	8	-1.6039
c50f9ab3-c448-4289-b6b1-36ddcbd9efb9	3	75403134	75417000	17	-3.5318
c50f9ab3-c448-4289-b6b1-36ddcbd9efb9	3	75420058	75590356	46	-1.5537
c50f9ab3-c448-4289-b6b1-36ddcbd9efb9	3	75596233	84639572	4940	-0.7787
c50f9ab3-c448-4289-b6b1-36ddcbd9efb9	3	84639983	84668772	31	-0.3252
c50f9ab3-c448-4289-b6b1-36ddcbd9efb9	3	84669815	89337951	2685	-0.7683
c50f9ab3-c448-4289-b6b1-36ddcbd9efb9	3	89345442	89358106	19	-0.2492
c50f9ab3-c448-4289-b6b1-36ddcbd9efb9	3	89358516	90329544	404	-0.7435
c50f9ab3-c448-4289-b6b1-36ddcbd9efb9	3	90345433	99225754	2864	-0.0086
c50f9ab3-c448-4289-b6b1-36ddcbd9efb9	3	99225775	99232990	36	-0.3626
c50f9ab3-c448-4289-b6b1-36ddcbd9efb9	3	99233548	102102309	1626	-0.0267
c50f9ab3-c448-4289-b6b1-36ddcbd9efb9	3	102104617	103248705	605	-0.3242
c50f9ab3-c448-4289-b6b1-36ddcbd9efb9	3	103248960	103250477	2	-2.5537
c50f9ab3-c448-4289-b6b1-36ddcbd9efb9	3	103253860	103271406	16	-0.4424
c50f9ab3-c448-4289-b6b1-36ddcbd9efb9	3	103272420	103273801	3	-1.8042
c50f9ab3-c448-4289-b6b1-36ddcbd9efb9	3	103275533	111448795	5040	-0.347
c50f9ab3-c448-4289-b6b1-36ddcbd9efb9	3	111452525	123024383	7185	0.2186
c50f9ab3-c448-4289-b6b1-36ddcbd9efb9	3	123026212	125717394	1753	0.439
c50f9ab3-c448-4289-b6b1-36ddcbd9efb9	3	125724765	125739919	10	0.9167
c50f9ab3-c448-4289-b6b1-36ddcbd9efb9	3	125743486	130044016	2457	0.4265
c50f9ab3-c448-4289-b6b1-36ddcbd9efb9	3	130044855	130087393	38	-0.3709
c50f9ab3-c448-4289-b6b1-36ddcbd9efb9	3	130088081	130416162	215	0.4183
c50f9ab3-c448-4289-b6b1-36ddcbd9efb9	3	130416226	130416240	2	-0.9484
c50f9ab3-c448-4289-b6b1-36ddcbd9efb9	3	130416596	146570803	10082	0.431
c50f9ab3-c448-4289-b6b1-36ddcbd9efb9	3	146571016	146571663	3	-1.0552
c50f9ab3-c448-4289-b6b1-36ddcbd9efb9	3	146572004	149245189	1602	0.4703
c50f9ab3-c448-4289-b6b1-36ddcbd9efb9	3	149245608	149250334	25	-1.104
c50f9ab3-c448-4289-b6b1-36ddcbd9efb9	3	149253293	151891927	1718	0.4339
c50f9ab3-c448-4289-b6b1-36ddcbd9efb9	3	151900547	158613262	4000	0.7595
c50f9ab3-c448-4289-b6b1-36ddcbd9efb9	3	158619976	158621752	2	-0.7649
c50f9ab3-c448-4289-b6b1-36ddcbd9efb9	3	158623833	162996729	2760	0.791
c50f9ab3-c448-4289-b6b1-36ddcbd9efb9	3	162999939	163001774	2	-2.9353
c50f9ab3-c448-4289-b6b1-36ddcbd9efb9	3	163008371	164119631	641	0.7856
c50f9ab3-c448-4289-b6b1-36ddcbd9efb9	3	164120198	166614319	1420	0.8315
c50f9ab3-c448-4289-b6b1-36ddcbd9efb9	3	166614509	171815493	3101	0.7715
c50f9ab3-c448-4289-b6b1-36ddcbd9efb9	3	171819320	173265992	948	0.6113
c50f9ab3-c448-4289-b6b1-36ddcbd9efb9	3	173268393	173919601	444	0.7255
c50f9ab3-c448-4289-b6b1-36ddcbd9efb9	3	173919621	175362822	1028	0.6355
c50f9ab3-c448-4289-b6b1-36ddcbd9efb9	3	175362958	176236324	566	0.7108
c50f9ab3-c448-4289-b6b1-36ddcbd9efb9	3	176236398	180753918	2784	0.6185
c50f9ab3-c448-4289-b6b1-36ddcbd9efb9	3	180755037	180759507	3	-0.6484
c50f9ab3-c448-4289-b6b1-36ddcbd9efb9	3	180759715	186669028	3398	0.6062
c50f9ab3-c448-4289-b6b1-36ddcbd9efb9	3	186669510	186678856	16	0.1366
c50f9ab3-c448-4289-b6b1-36ddcbd9efb9	3	186678940	190538297	2913	0.6237
c50f9ab3-c448-4289-b6b1-36ddcbd9efb9	3	190542248	190542906	3	-0.8327
c50f9ab3-c448-4289-b6b1-36ddcbd9efb9	3	190543126	193156958	1832	0.6205
c50f9ab3-c448-4289-b6b1-36ddcbd9efb9	3	193160113	193165114	20	-1.2743
c50f9ab3-c448-4289-b6b1-36ddcbd9efb9	3	193168646	194797501	1066	0.6434
c50f9ab3-c448-4289-b6b1-36ddcbd9efb9	3	194799298	195559056	417	0.7598
c50f9ab3-c448-4289-b6b1-36ddcbd9efb9	3	195656271	195729085	32	-0.0224
c50f9ab3-c448-4289-b6b1-36ddcbd9efb9	3	195729177	195934679	92	0.6629
c50f9ab3-c448-4289-b6b1-36ddcbd9efb9	3	195963975	195991894	7	-0.1574
c50f9ab3-c448-4289-b6b1-36ddcbd9efb9	3	195998433	198111566	1062	0.7855
c50f9ab3-c448-4289-b6b1-36ddcbd9efb9	3	198118345	198124354	10	-0.7683
c50f9ab3-c448-4289-b6b1-36ddcbd9efb9	3	198124600	198169247	7	0.3646
c50f9ab3-c448-4289-b6b1-36ddcbd9efb9	4	68929	450507	168	-0.0783
c50f9ab3-c448-4289-b6b1-36ddcbd9efb9	4	452005	10208766	5513	-0.205
c50f9ab3-c448-4289-b6b1-36ddcbd9efb9	4	10221792	10229625	27	1.2812
c50f9ab3-c448-4289-b6b1-36ddcbd9efb9	4	10229874	25680349	11269	-0.1573
c50f9ab3-c448-4289-b6b1-36ddcbd9efb9	4	25682672	27986625	1520	0.0596
c50f9ab3-c448-4289-b6b1-36ddcbd9efb9	4	27987676	28010554	13	0.2759
c50f9ab3-c448-4289-b6b1-36ddcbd9efb9	4	28010684	28339286	227	0.0946
c50f9ab3-c448-4289-b6b1-36ddcbd9efb9	4	28339632	32800076	2834	0.1935
c50f9ab3-c448-4289-b6b1-36ddcbd9efb9	4	32800731	34777418	1111	0.0041
c50f9ab3-c448-4289-b6b1-36ddcbd9efb9	4	34777432	34823103	39	0.6218
c50f9ab3-c448-4289-b6b1-36ddcbd9efb9	4	34828250	54631719	10817	-0.0125
c50f9ab3-c448-4289-b6b1-36ddcbd9efb9	4	54635559	54639193	4	-1.6693
c50f9ab3-c448-4289-b6b1-36ddcbd9efb9	4	54639766	68352181	8614	-0.0123
c50f9ab3-c448-4289-b6b1-36ddcbd9efb9	4	68352334	68501424	26	0.2594
c50f9ab3-c448-4289-b6b1-36ddcbd9efb9	4	68506285	68620261	66	-0.2633
c50f9ab3-c448-4289-b6b1-36ddcbd9efb9	4	68623617	69261934	317	0.0481
c50f9ab3-c448-4289-b6b1-36ddcbd9efb9	4	69262694	69353689	45	-0.3903
c50f9ab3-c448-4289-b6b1-36ddcbd9efb9	4	69359132	69843827	341	0.0251
c50f9ab3-c448-4289-b6b1-36ddcbd9efb9	4	69845378	87205066	10748	-0.0273
c50f9ab3-c448-4289-b6b1-36ddcbd9efb9	4	87205474	97432453	6227	0.0071
c50f9ab3-c448-4289-b6b1-36ddcbd9efb9	4	97436283	97437154	2	-4.1862
c50f9ab3-c448-4289-b6b1-36ddcbd9efb9	4	97439635	106565102	5244	-0.0109
c50f9ab3-c448-4289-b6b1-36ddcbd9efb9	4	106579107	106579682	3	-1.2804
c50f9ab3-c448-4289-b6b1-36ddcbd9efb9	4	106582052	114252544	4763	-0.0125
c50f9ab3-c448-4289-b6b1-36ddcbd9efb9	4	114254167	114261019	23	-1.1884
c50f9ab3-c448-4289-b6b1-36ddcbd9efb9	4	114263073	115746943	909	0.005
c50f9ab3-c448-4289-b6b1-36ddcbd9efb9	4	115748539	115940804	99	0.1439
c50f9ab3-c448-4289-b6b1-36ddcbd9efb9	4	115941083	129706017	8142	-0.0114
c50f9ab3-c448-4289-b6b1-36ddcbd9efb9	4	129706206	137269022	4230	0.0229
c50f9ab3-c448-4289-b6b1-36ddcbd9efb9	4	137269240	171448195	21260	-0.0127
c50f9ab3-c448-4289-b6b1-36ddcbd9efb9	4	171453733	171456559	10	1.9444
c50f9ab3-c448-4289-b6b1-36ddcbd9efb9	4	171456573	171898134	268	-0.0069
c50f9ab3-c448-4289-b6b1-36ddcbd9efb9	4	171909566	172068222	136	0.7189
c50f9ab3-c448-4289-b6b1-36ddcbd9efb9	4	172068257	172068382	7	1.4934
c50f9ab3-c448-4289-b6b1-36ddcbd9efb9	4	172074828	172501371	231	0.7239
c50f9ab3-c448-4289-b6b1-36ddcbd9efb9	4	172503796	172507492	7	-0.2435
c50f9ab3-c448-4289-b6b1-36ddcbd9efb9	4	172519981	176425313	2274	0.672
c50f9ab3-c448-4289-b6b1-36ddcbd9efb9	4	176426696	177172463	463	-0.002
c50f9ab3-c448-4289-b6b1-36ddcbd9efb9	4	177172806	177182371	6	0.8043
c50f9ab3-c448-4289-b6b1-36ddcbd9efb9	4	177182402	177278098	70	0.4413
c50f9ab3-c448-4289-b6b1-36ddcbd9efb9	4	177278332	177280513	6	0.133
c50f9ab3-c448-4289-b6b1-36ddcbd9efb9	4	177282309	182768292	4147	-0.7909
c50f9ab3-c448-4289-b6b1-36ddcbd9efb9	4	182768476	182904621	98	-1.1822
c50f9ab3-c448-4289-b6b1-36ddcbd9efb9	4	182906406	184881941	1271	-0.8407
c50f9ab3-c448-4289-b6b1-36ddcbd9efb9	4	184882105	184883340	3	-2.3822
c50f9ab3-c448-4289-b6b1-36ddcbd9efb9	4	184885880	185028807	106	-1.0211
c50f9ab3-c448-4289-b6b1-36ddcbd9efb9	4	185030816	185036663	5	-4.5385
c50f9ab3-c448-4289-b6b1-36ddcbd9efb9	4	185037170	190036988	3335	-0.8039
c50f9ab3-c448-4289-b6b1-36ddcbd9efb9	4	190046094	190106768	5	-0.2849
c50f9ab3-c448-4289-b6b1-36ddcbd9efb9	5	15532	29341	7	-0.3669
c50f9ab3-c448-4289-b6b1-36ddcbd9efb9	5	30499	685633	299	0.1225
c50f9ab3-c448-4289-b6b1-36ddcbd9efb9	5	698256	742574	18	0.824
c50f9ab3-c448-4289-b6b1-36ddcbd9efb9	5	760901	779766	10	0.2805
c50f9ab3-c448-4289-b6b1-36ddcbd9efb9	5	800724	833513	19	-0.5285
c50f9ab3-c448-4289-b6b1-36ddcbd9efb9	5	852451	1937809	604	0.1012
c50f9ab3-c448-4289-b6b1-36ddcbd9efb9	5	1938512	3049873	1009	0.2297
c50f9ab3-c448-4289-b6b1-36ddcbd9efb9	5	3050341	3121683	96	0.0201
c50f9ab3-c448-4289-b6b1-36ddcbd9efb9	5	3121873	5802942	2477	0.2308
c50f9ab3-c448-4289-b6b1-36ddcbd9efb9	5	5804788	5810619	8	-0.4366
c50f9ab3-c448-4289-b6b1-36ddcbd9efb9	5	5811114	12819568	5644	0.2258
c50f9ab3-c448-4289-b6b1-36ddcbd9efb9	5	12819866	12819904	2	1.5147
c50f9ab3-c448-4289-b6b1-36ddcbd9efb9	5	12819964	17515692	3175	0.2361
c50f9ab3-c448-4289-b6b1-36ddcbd9efb9	5	17601444	17625524	11	-0.6036
c50f9ab3-c448-4289-b6b1-36ddcbd9efb9	5	17629411	20401435	1712	0.2485
c50f9ab3-c448-4289-b6b1-36ddcbd9efb9	5	20401540	20563641	149	0.3765
c50f9ab3-c448-4289-b6b1-36ddcbd9efb9	5	20563922	21449167	465	0.2346
c50f9ab3-c448-4289-b6b1-36ddcbd9efb9	5	21451091	21452329	5	0.8901
c50f9ab3-c448-4289-b6b1-36ddcbd9efb9	5	21452387	27525800	3532	0.241
c50f9ab3-c448-4289-b6b1-36ddcbd9efb9	5	27525809	27527372	8	0.7889
c50f9ab3-c448-4289-b6b1-36ddcbd9efb9	5	27528377	31060470	2129	0.2512
c50f9ab3-c448-4289-b6b1-36ddcbd9efb9	5	31060812	44346222	8541	0.2219
c50f9ab3-c448-4289-b6b1-36ddcbd9efb9	5	44348597	46209906	731	0.2724
c50f9ab3-c448-4289-b6b1-36ddcbd9efb9	5	46209987	46251204	9	0.1367
c50f9ab3-c448-4289-b6b1-36ddcbd9efb9	5	46270906	46273400	8	-0.553
c50f9ab3-c448-4289-b6b1-36ddcbd9efb9	5	46278110	50146124	20	0.1892
c50f9ab3-c448-4289-b6b1-36ddcbd9efb9	5	50151472	56357305	3824	-0.3512
c50f9ab3-c448-4289-b6b1-36ddcbd9efb9	5	56357347	56358112	10	-1.0178
c50f9ab3-c448-4289-b6b1-36ddcbd9efb9	5	56358318	58025819	1213	-0.3728
c50f9ab3-c448-4289-b6b1-36ddcbd9efb9	5	58030200	58037706	32	0.3506
c50f9ab3-c448-4289-b6b1-36ddcbd9efb9	5	58042530	98597967	23387	-0.3571
c50f9ab3-c448-4289-b6b1-36ddcbd9efb9	5	98599393	98599430	2	-2.2576
c50f9ab3-c448-4289-b6b1-36ddcbd9efb9	5	98600066	99258129	358	-0.3591
c50f9ab3-c448-4289-b6b1-36ddcbd9efb9	5	99259605	99817288	308	-0.2596
c50f9ab3-c448-4289-b6b1-36ddcbd9efb9	5	99817435	99817584	2	-2.1042
c50f9ab3-c448-4289-b6b1-36ddcbd9efb9	5	99823673	100732771	538	-0.2837
c50f9ab3-c448-4289-b6b1-36ddcbd9efb9	5	100733170	100737382	3	-1.4148
c50f9ab3-c448-4289-b6b1-36ddcbd9efb9	5	100740230	101767317	605	-0.3315
c50f9ab3-c448-4289-b6b1-36ddcbd9efb9	5	101772980	101865663	95	-0.1313
c50f9ab3-c448-4289-b6b1-36ddcbd9efb9	5	101865963	104373645	1417	-0.3291
c50f9ab3-c448-4289-b6b1-36ddcbd9efb9	5	104374188	104515520	81	-0.5026
c50f9ab3-c448-4289-b6b1-36ddcbd9efb9	5	104524672	104524847	3	1.0551
c50f9ab3-c448-4289-b6b1-36ddcbd9efb9	5	104524903	104710142	180	-0.516
c50f9ab3-c448-4289-b6b1-36ddcbd9efb9	5	104712796	106897146	1237	-0.2924
c50f9ab3-c448-4289-b6b1-36ddcbd9efb9	5	106897163	106897416	8	0.3217
c50f9ab3-c448-4289-b6b1-36ddcbd9efb9	5	106904875	107032805	84	-0.257
c50f9ab3-c448-4289-b6b1-36ddcbd9efb9	5	107034305	117495033	7492	-0.3609
c50f9ab3-c448-4289-b6b1-36ddcbd9efb9	5	117495433	118148239	429	-0.2109
c50f9ab3-c448-4289-b6b1-36ddcbd9efb9	5	118151086	123995898	3786	-0.3493
c50f9ab3-c448-4289-b6b1-36ddcbd9efb9	5	123996716	123996840	2	-2.9499
c50f9ab3-c448-4289-b6b1-36ddcbd9efb9	5	123997680	152135937	17498	-0.3706
c50f9ab3-c448-4289-b6b1-36ddcbd9efb9	5	152136158	152136330	4	-2.8072
c50f9ab3-c448-4289-b6b1-36ddcbd9efb9	5	152137227	180947523	19222	-0.3789
c50f9ab3-c448-4289-b6b1-36ddcbd9efb9	5	180951710	180991103	19	-1.8397
c50f9ab3-c448-4289-b6b1-36ddcbd9efb9	5	181006225	181363319	170	-0.4176
c50f9ab3-c448-4289-b6b1-36ddcbd9efb9	6	149661	385687	209	0.0855
c50f9ab3-c448-4289-b6b1-36ddcbd9efb9	6	385784	16087003	12351	0.242
c50f9ab3-c448-4289-b6b1-36ddcbd9efb9	6	16087418	16088500	5	-1.5466
c50f9ab3-c448-4289-b6b1-36ddcbd9efb9	6	16088820	26743855	7669	0.2493
c50f9ab3-c448-4289-b6b1-36ddcbd9efb9	6	26747492	26759781	5	-1.1538
c50f9ab3-c448-4289-b6b1-36ddcbd9efb9	6	26831719	26962520	32	0.0631
c50f9ab3-c448-4289-b6b1-36ddcbd9efb9	6	26968286	29862094	1367	0.2435
c50f9ab3-c448-4289-b6b1-36ddcbd9efb9	6	29865090	29882497	34	-0.0161
c50f9ab3-c448-4289-b6b1-36ddcbd9efb9	6	29882589	29948709	25	-0.4454
c50f9ab3-c448-4289-b6b1-36ddcbd9efb9	6	29948728	32463515	1144	0.184
c50f9ab3-c448-4289-b6b1-36ddcbd9efb9	6	32463775	32533522	19	1.2699
c50f9ab3-c448-4289-b6b1-36ddcbd9efb9	6	32540699	32722250	91	0.3522
c50f9ab3-c448-4289-b6b1-36ddcbd9efb9	6	32723020	32723053	3	2.4349
c50f9ab3-c448-4289-b6b1-36ddcbd9efb9	6	32732907	54060406	13650	0.2483
c50f9ab3-c448-4289-b6b1-36ddcbd9efb9	6	54066269	54070550	10	-0.5598
c50f9ab3-c448-4289-b6b1-36ddcbd9efb9	6	54070617	66314441	5339	0.2536
c50f9ab3-c448-4289-b6b1-36ddcbd9efb9	6	66315477	66321687	21	-0.2975
c50f9ab3-c448-4289-b6b1-36ddcbd9efb9	6	66322086	66328153	7	-0.7225
c50f9ab3-c448-4289-b6b1-36ddcbd9efb9	6	66331020	66333004	6	-2.2103
c50f9ab3-c448-4289-b6b1-36ddcbd9efb9	6	66333299	66338736	15	-0.5541
c50f9ab3-c448-4289-b6b1-36ddcbd9efb9	6	66339513	68991466	1861	0.2814
c50f9ab3-c448-4289-b6b1-36ddcbd9efb9	6	68991657	73882142	3140	0.235
c50f9ab3-c448-4289-b6b1-36ddcbd9efb9	6	73882509	73891694	10	1.0536
c50f9ab3-c448-4289-b6b1-36ddcbd9efb9	6	73893839	76190575	1399	0.2497
c50f9ab3-c448-4289-b6b1-36ddcbd9efb9	6	76191934	78252909	1368	-0.0046
c50f9ab3-c448-4289-b6b1-36ddcbd9efb9	6	78253157	78325468	115	-0.3595
c50f9ab3-c448-4289-b6b1-36ddcbd9efb9	6	78329517	80248225	1201	-0.0239
c50f9ab3-c448-4289-b6b1-36ddcbd9efb9	6	80249198	80249987	3	-1.3241
c50f9ab3-c448-4289-b6b1-36ddcbd9efb9	6	80250195	85992372	3608	-0.0278
c50f9ab3-c448-4289-b6b1-36ddcbd9efb9	6	85995537	85996204	3	-1.3898
c50f9ab3-c448-4289-b6b1-36ddcbd9efb9	6	85998530	86628613	356	-0.0337
c50f9ab3-c448-4289-b6b1-36ddcbd9efb9	6	86628908	86775961	112	-0.2666
c50f9ab3-c448-4289-b6b1-36ddcbd9efb9	6	86778363	91304149	2910	-0.3881
c50f9ab3-c448-4289-b6b1-36ddcbd9efb9	6	91304462	93795530	1719	-0.3161
c50f9ab3-c448-4289-b6b1-36ddcbd9efb9	6	93797690	95388756	769	-0.2443
c50f9ab3-c448-4289-b6b1-36ddcbd9efb9	6	95389491	103290101	4782	-0.3388
c50f9ab3-c448-4289-b6b1-36ddcbd9efb9	6	103290164	103290313	3	-1.5136
c50f9ab3-c448-4289-b6b1-36ddcbd9efb9	6	103290349	103299721	10	-0.5571
c50f9ab3-c448-4289-b6b1-36ddcbd9efb9	6	103299735	103314186	32	-1.3997
c50f9ab3-c448-4289-b6b1-36ddcbd9efb9	6	103317795	166995231	41873	-0.3533
c50f9ab3-c448-4289-b6b1-36ddcbd9efb9	6	166996283	167382425	243	-0.5253
c50f9ab3-c448-4289-b6b1-36ddcbd9efb9	6	167392339	167425505	35	0.0366
c50f9ab3-c448-4289-b6b1-36ddcbd9efb9	6	167652277	168725351	669	-0.4545
c50f9ab3-c448-4289-b6b1-36ddcbd9efb9	6	168727261	169769963	867	-0.3578
c50f9ab3-c448-4289-b6b1-36ddcbd9efb9	6	169772165	170263653	194	-0.5929
c50f9ab3-c448-4289-b6b1-36ddcbd9efb9	6	170263910	170741917	221	-0.378
c50f9ab3-c448-4289-b6b1-36ddcbd9efb9	7	43355	1216602	364	-0.1874
c50f9ab3-c448-4289-b6b1-36ddcbd9efb9	7	1221000	7754905	3760	-0.0512
c50f9ab3-c448-4289-b6b1-36ddcbd9efb9	7	7755776	19487324	9723	0.0011
c50f9ab3-c448-4289-b6b1-36ddcbd9efb9	7	19487472	19501423	14	-0.1894
c50f9ab3-c448-4289-b6b1-36ddcbd9efb9	7	19505594	48541346	20348	0.2609
c50f9ab3-c448-4289-b6b1-36ddcbd9efb9	7	48542256	48552429	8	-0.5509
c50f9ab3-c448-4289-b6b1-36ddcbd9efb9	7	48560583	52828822	3170	0.2748
c50f9ab3-c448-4289-b6b1-36ddcbd9efb9	7	52829323	53668157	621	0.5142
c50f9ab3-c448-4289-b6b1-36ddcbd9efb9	7	53673369	54305455	457	0.2815
c50f9ab3-c448-4289-b6b1-36ddcbd9efb9	7	54318812	54318824	6	-1.1326
c50f9ab3-c448-4289-b6b1-36ddcbd9efb9	7	54325795	56997653	1614	0.2625
c50f9ab3-c448-4289-b6b1-36ddcbd9efb9	7	56999885	57016425	3	-1.2262
c50f9ab3-c448-4289-b6b1-36ddcbd9efb9	7	57048761	62257850	435	0.1949
c50f9ab3-c448-4289-b6b1-36ddcbd9efb9	7	62258057	68664591	2657	-0.0426
c50f9ab3-c448-4289-b6b1-36ddcbd9efb9	7	68666988	68934786	197	0.2398
c50f9ab3-c448-4289-b6b1-36ddcbd9efb9	7	68941073	68944005	7	-0.7669
c50f9ab3-c448-4289-b6b1-36ddcbd9efb9	7	68946213	69812389	508	0.2133
c50f9ab3-c448-4289-b6b1-36ddcbd9efb9	7	69816125	76648085	2877	-0.0494
c50f9ab3-c448-4289-b6b1-36ddcbd9efb9	7	76648317	82497755	3906	0.008
c50f9ab3-c448-4289-b6b1-36ddcbd9efb9	7	82512435	83300936	498	0.2878
c50f9ab3-c448-4289-b6b1-36ddcbd9efb9	7	83300962	88693054	3278	0.0041
c50f9ab3-c448-4289-b6b1-36ddcbd9efb9	7	88693266	89715025	668	0.0755
c50f9ab3-c448-4289-b6b1-36ddcbd9efb9	7	89716223	98091335	5342	-0.0128
c50f9ab3-c448-4289-b6b1-36ddcbd9efb9	7	98093268	103103507	2072	-0.053
c50f9ab3-c448-4289-b6b1-36ddcbd9efb9	7	103119575	103197500	28	0.1263
c50f9ab3-c448-4289-b6b1-36ddcbd9efb9	7	103203015	103203886	2	-1.3915
c50f9ab3-c448-4289-b6b1-36ddcbd9efb9	7	103204516	106844969	2502	-0.0211
c50f9ab3-c448-4289-b6b1-36ddcbd9efb9	7	106846529	109793728	1832	0.2533
c50f9ab3-c448-4289-b6b1-36ddcbd9efb9	7	109793741	109801722	28	-0.0774
c50f9ab3-c448-4289-b6b1-36ddcbd9efb9	7	109801752	111228041	958	0.2641
c50f9ab3-c448-4289-b6b1-36ddcbd9efb9	7	111228109	111561480	213	0.3874
c50f9ab3-c448-4289-b6b1-36ddcbd9efb9	7	111561897	126404920	8864	0.2611
c50f9ab3-c448-4289-b6b1-36ddcbd9efb9	7	126405428	126406823	14	1.3504
c50f9ab3-c448-4289-b6b1-36ddcbd9efb9	7	126406824	134100424	4697	0.2534
c50f9ab3-c448-4289-b6b1-36ddcbd9efb9	7	134100442	134105690	22	0.8325
c50f9ab3-c448-4289-b6b1-36ddcbd9efb9	7	134110881	134561354	353	0.2338
c50f9ab3-c448-4289-b6b1-36ddcbd9efb9	7	134565570	134570698	8	-0.4983
c50f9ab3-c448-4289-b6b1-36ddcbd9efb9	7	134571331	142063324	4840	0.2547
c50f9ab3-c448-4289-b6b1-36ddcbd9efb9	7	142069843	142092307	34	-0.5016
c50f9ab3-c448-4289-b6b1-36ddcbd9efb9	7	142099190	144207186	1203	0.2585
c50f9ab3-c448-4289-b6b1-36ddcbd9efb9	7	144249785	144352208	14	0.9465
c50f9ab3-c448-4289-b6b1-36ddcbd9efb9	7	144377836	157808021	8702	0.2597
c50f9ab3-c448-4289-b6b1-36ddcbd9efb9	7	157812116	159236855	859	0.1847
c50f9ab3-c448-4289-b6b1-36ddcbd9efb9	7	159245908	159334314	82	0.2947
c50f9ab3-c448-4289-b6b1-36ddcbd9efb9	8	81254	2118244	1439	-0.9323
c50f9ab3-c448-4289-b6b1-36ddcbd9efb9	8	2119107	9213463	7192	-0.8428
c50f9ab3-c448-4289-b6b1-36ddcbd9efb9	8	9213523	11987997	2226	-0.9361
c50f9ab3-c448-4289-b6b1-36ddcbd9efb9	8	11988973	16912403	3992	-0.7881
c50f9ab3-c448-4289-b6b1-36ddcbd9efb9	8	16913334	25116961	6386	-0.866
c50f9ab3-c448-4289-b6b1-36ddcbd9efb9	8	25117007	25126735	24	-1.9725
c50f9ab3-c448-4289-b6b1-36ddcbd9efb9	8	25126818	33388260	5720	-0.8447
c50f9ab3-c448-4289-b6b1-36ddcbd9efb9	8	33388281	33389044	2	-3.6376
c50f9ab3-c448-4289-b6b1-36ddcbd9efb9	8	33389167	34036049	322	-0.8349
c50f9ab3-c448-4289-b6b1-36ddcbd9efb9	8	34041221	39373140	2907	-0.4032
c50f9ab3-c448-4289-b6b1-36ddcbd9efb9	8	39378084	39529446	59	0.1887
c50f9ab3-c448-4289-b6b1-36ddcbd9efb9	8	39530780	43290195	2420	-0.3845
c50f9ab3-c448-4289-b6b1-36ddcbd9efb9	8	43293420	46261373	242	0.0568
c50f9ab3-c448-4289-b6b1-36ddcbd9efb9	8	46263783	46613954	98	0.1901
c50f9ab3-c448-4289-b6b1-36ddcbd9efb9	8	46615926	46624924	9	0.8319
c50f9ab3-c448-4289-b6b1-36ddcbd9efb9	8	46634473	67959522	13030	0.2174
c50f9ab3-c448-4289-b6b1-36ddcbd9efb9	8	67964412	69887129	1294	0.2664
c50f9ab3-c448-4289-b6b1-36ddcbd9efb9	8	69888688	70429338	307	0.223
c50f9ab3-c448-4289-b6b1-36ddcbd9efb9	8	70429718	72514792	1332	0.4629
c50f9ab3-c448-4289-b6b1-36ddcbd9efb9	8	72515653	75045357	1729	0.6071
c50f9ab3-c448-4289-b6b1-36ddcbd9efb9	8	75045945	80056235	2953	0.6616
c50f9ab3-c448-4289-b6b1-36ddcbd9efb9	8	80057964	83683539	2052	0.6239
c50f9ab3-c448-4289-b6b1-36ddcbd9efb9	8	83686766	83787613	65	1.2104
c50f9ab3-c448-4289-b6b1-36ddcbd9efb9	8	83793001	85202443	783	0.6387
c50f9ab3-c448-4289-b6b1-36ddcbd9efb9	8	85202500	86564946	695	1.1449
c50f9ab3-c448-4289-b6b1-36ddcbd9efb9	8	86565625	86866526	208	0.8035
c50f9ab3-c448-4289-b6b1-36ddcbd9efb9	8	86869131	86869313	2	-0.3494
c50f9ab3-c448-4289-b6b1-36ddcbd9efb9	8	86871732	87817156	493	0.7865
c50f9ab3-c448-4289-b6b1-36ddcbd9efb9	8	87819402	91047867	1950	0.9208
c50f9ab3-c448-4289-b6b1-36ddcbd9efb9	8	91051160	91051415	3	-0.043
c50f9ab3-c448-4289-b6b1-36ddcbd9efb9	8	91051873	91944823	450	0.9211
c50f9ab3-c448-4289-b6b1-36ddcbd9efb9	8	91945859	94547604	1624	0.7905
c50f9ab3-c448-4289-b6b1-36ddcbd9efb9	8	94547824	94564122	13	0.3129
c50f9ab3-c448-4289-b6b1-36ddcbd9efb9	8	94566121	95992200	1067	0.7818
c50f9ab3-c448-4289-b6b1-36ddcbd9efb9	8	95996202	101002364	2835	0.6282
c50f9ab3-c448-4289-b6b1-36ddcbd9efb9	8	101003616	110997918	6186	0.7849
c50f9ab3-c448-4289-b6b1-36ddcbd9efb9	8	111000954	114626166	2005	0.8314
c50f9ab3-c448-4289-b6b1-36ddcbd9efb9	8	114626238	114628679	8	0.227
c50f9ab3-c448-4289-b6b1-36ddcbd9efb9	8	114628759	115123816	343	0.8716
c50f9ab3-c448-4289-b6b1-36ddcbd9efb9	8	115124823	136825523	15694	0.7862
c50f9ab3-c448-4289-b6b1-36ddcbd9efb9	8	136825697	136825777	2	-1.2517
c50f9ab3-c448-4289-b6b1-36ddcbd9efb9	8	136825896	136881227	63	0.7832
c50f9ab3-c448-4289-b6b1-36ddcbd9efb9	8	136882257	136882271	2	-1.5849
c50f9ab3-c448-4289-b6b1-36ddcbd9efb9	8	136888490	140713021	3028	0.7896
c50f9ab3-c448-4289-b6b1-36ddcbd9efb9	8	140727624	140984319	119	0.9667
c50f9ab3-c448-4289-b6b1-36ddcbd9efb9	8	140984704	141079981	99	0.7418
c50f9ab3-c448-4289-b6b1-36ddcbd9efb9	8	141081754	141089213	6	0.1144
c50f9ab3-c448-4289-b6b1-36ddcbd9efb9	8	141089270	141222605	86	0.7884
c50f9ab3-c448-4289-b6b1-36ddcbd9efb9	8	141222779	141229111	7	0.268
c50f9ab3-c448-4289-b6b1-36ddcbd9efb9	8	141230075	141323326	49	0.8118
c50f9ab3-c448-4289-b6b1-36ddcbd9efb9	8	141323524	141560745	116	0.6344
c50f9ab3-c448-4289-b6b1-36ddcbd9efb9	8	141560942	141561074	2	-0.8086
c50f9ab3-c448-4289-b6b1-36ddcbd9efb9	8	141561123	142423765	518	0.6446
c50f9ab3-c448-4289-b6b1-36ddcbd9efb9	8	142425828	143227622	304	0.7938
c50f9ab3-c448-4289-b6b1-36ddcbd9efb9	8	143227655	143228447	8	-0.0636
c50f9ab3-c448-4289-b6b1-36ddcbd9efb9	8	143232207	143610163	114	0.8496
c50f9ab3-c448-4289-b6b1-36ddcbd9efb9	8	143611680	143625638	14	0.1737
c50f9ab3-c448-4289-b6b1-36ddcbd9efb9	8	143636819	144230103	175	0.8189
c50f9ab3-c448-4289-b6b1-36ddcbd9efb9	8	144230225	145072769	328	0.67
c50f9ab3-c448-4289-b6b1-36ddcbd9efb9	9	46587	9311838	8881	0.2075
c50f9ab3-c448-4289-b6b1-36ddcbd9efb9	9	9312095	13690719	3648	0.2658
c50f9ab3-c448-4289-b6b1-36ddcbd9efb9	9	13691326	23361807	7894	0.2048
c50f9ab3-c448-4289-b6b1-36ddcbd9efb9	9	23363117	23373486	8	-2.1154
c50f9ab3-c448-4289-b6b1-36ddcbd9efb9	9	23378490	24467700	748	0.2181
c50f9ab3-c448-4289-b6b1-36ddcbd9efb9	9	24467998	30784844	4755	0.2444
c50f9ab3-c448-4289-b6b1-36ddcbd9efb9	9	30792323	41703463	5349	0.2066
c50f9ab3-c448-4289-b6b1-36ddcbd9efb9	9	41703482	42179276	25	-0.361
c50f9ab3-c448-4289-b6b1-36ddcbd9efb9	9	42202227	64493528	197	0.0644
c50f9ab3-c448-4289-b6b1-36ddcbd9efb9	9	64495298	64543764	10	-0.7919
c50f9ab3-c448-4289-b6b1-36ddcbd9efb9	9	64543777	92878099	17661	-0.0142
c50f9ab3-c448-4289-b6b1-36ddcbd9efb9	9	92884838	92885555	2	-1.5443
c50f9ab3-c448-4289-b6b1-36ddcbd9efb9	9	92887727	95749500	1919	-0.0271
c50f9ab3-c448-4289-b6b1-36ddcbd9efb9	9	95753914	102034094	4019	0.1897
c50f9ab3-c448-4289-b6b1-36ddcbd9efb9	9	102039007	104299327	1652	0.2587
c50f9ab3-c448-4289-b6b1-36ddcbd9efb9	9	104304488	107558859	2376	0.1885
c50f9ab3-c448-4289-b6b1-36ddcbd9efb9	9	107560747	107560794	2	-1.7359
c50f9ab3-c448-4289-b6b1-36ddcbd9efb9	9	107564593	114414669	5295	0.2071
c50f9ab3-c448-4289-b6b1-36ddcbd9efb9	9	114415334	114423115	12	-0.2306
c50f9ab3-c448-4289-b6b1-36ddcbd9efb9	9	114423432	135324566	13919	0.206
c50f9ab3-c448-4289-b6b1-36ddcbd9efb9	9	135325951	135420175	73	-0.0017
c50f9ab3-c448-4289-b6b1-36ddcbd9efb9	9	135424679	138043623	911	0.2132
c50f9ab3-c448-4289-b6b1-36ddcbd9efb9	9	138044300	138200944	119	-0.0011
c50f9ab3-c448-4289-b6b1-36ddcbd9efb9	10	45792	1754119	1183	-0.0865
c50f9ab3-c448-4289-b6b1-36ddcbd9efb9	10	1754303	30764799	22898	-0.0279
c50f9ab3-c448-4289-b6b1-36ddcbd9efb9	10	30765175	30957581	117	-0.1035
c50f9ab3-c448-4289-b6b1-36ddcbd9efb9	10	30962405	30962809	10	-2.3838
c50f9ab3-c448-4289-b6b1-36ddcbd9efb9	10	30962850	41715085	4829	-0.0322
c50f9ab3-c448-4289-b6b1-36ddcbd9efb9	10	41716748	42255424	45	0.4393
c50f9ab3-c448-4289-b6b1-36ddcbd9efb9	10	42264605	43199601	616	0.5924
c50f9ab3-c448-4289-b6b1-36ddcbd9efb9	10	43200036	43772132	332	0.4588
c50f9ab3-c448-4289-b6b1-36ddcbd9efb9	10	43772162	44662493	747	0.6295
c50f9ab3-c448-4289-b6b1-36ddcbd9efb9	10	44664977	46204128	714	0.4312
c50f9ab3-c448-4289-b6b1-36ddcbd9efb9	10	46215430	46331946	144	0.2186
c50f9ab3-c448-4289-b6b1-36ddcbd9efb9	10	46331987	46560525	51	0.4232
c50f9ab3-c448-4289-b6b1-36ddcbd9efb9	10	46606240	46810571	15	0.8754
c50f9ab3-c448-4289-b6b1-36ddcbd9efb9	10	46836986	47460004	288	0.4522
c50f9ab3-c448-4289-b6b1-36ddcbd9efb9	10	47559592	47954600	12	0.989
c50f9ab3-c448-4289-b6b1-36ddcbd9efb9	10	48079548	49166172	864	0.4164
c50f9ab3-c448-4289-b6b1-36ddcbd9efb9	10	49167282	49407760	186	0.5122
c50f9ab3-c448-4289-b6b1-36ddcbd9efb9	10	49408718	49467258	38	0.396
c50f9ab3-c448-4289-b6b1-36ddcbd9efb9	10	49467878	54854985	3899	-0.0128
c50f9ab3-c448-4289-b6b1-36ddcbd9efb9	10	54855464	55927510	719	0.0655
c50f9ab3-c448-4289-b6b1-36ddcbd9efb9	10	55927515	65549249	6694	-0.0259
c50f9ab3-c448-4289-b6b1-36ddcbd9efb9	10	65549252	65554672	13	0.6236
c50f9ab3-c448-4289-b6b1-36ddcbd9efb9	10	65554688	67331640	1331	0.0111
c50f9ab3-c448-4289-b6b1-36ddcbd9efb9	10	67335171	70327142	1890	-0.0446
c50f9ab3-c448-4289-b6b1-36ddcbd9efb9	10	70329933	70331755	4	-0.8594
c50f9ab3-c448-4289-b6b1-36ddcbd9efb9	10	70332015	70664556	238	-0.0461
c50f9ab3-c448-4289-b6b1-36ddcbd9efb9	10	70664696	70781091	107	-0.2342
c50f9ab3-c448-4289-b6b1-36ddcbd9efb9	10	70783416	70892882	69	-0.0209
c50f9ab3-c448-4289-b6b1-36ddcbd9efb9	10	70893254	75089200	2200	0.24
c50f9ab3-c448-4289-b6b1-36ddcbd9efb9	10	75089639	76493093	937	0.6231
c50f9ab3-c448-4289-b6b1-36ddcbd9efb9	10	76497303	76497852	2	-0.8721
c50f9ab3-c448-4289-b6b1-36ddcbd9efb9	10	76501509	79595316	2442	0.6628
c50f9ab3-c448-4289-b6b1-36ddcbd9efb9	10	79624118	79737715	13	-0.0845
c50f9ab3-c448-4289-b6b1-36ddcbd9efb9	10	79737848	83649610	2795	0.6272
c50f9ab3-c448-4289-b6b1-36ddcbd9efb9	10	83649653	87117044	2377	0.2119
c50f9ab3-c448-4289-b6b1-36ddcbd9efb9	10	87118074	87136681	2	-1.1859
c50f9ab3-c448-4289-b6b1-36ddcbd9efb9	10	87139608	87191477	19	0.334
c50f9ab3-c448-4289-b6b1-36ddcbd9efb9	10	87196584	87310039	10	-0.2958
c50f9ab3-c448-4289-b6b1-36ddcbd9efb9	10	87310988	107338691	12723	0.2137
c50f9ab3-c448-4289-b6b1-36ddcbd9efb9	10	107339114	119173812	8339	0.296
c50f9ab3-c448-4289-b6b1-36ddcbd9efb9	10	119175289	130429459	8686	0.2203
c50f9ab3-c448-4289-b6b1-36ddcbd9efb9	10	130430374	130836159	368	0.0683
c50f9ab3-c448-4289-b6b1-36ddcbd9efb9	10	130836246	130836768	2	-1.6062
c50f9ab3-c448-4289-b6b1-36ddcbd9efb9	10	130836995	131084391	237	0.0698
c50f9ab3-c448-4289-b6b1-36ddcbd9efb9	10	131086023	133279086	1215	0.174
c50f9ab3-c448-4289-b6b1-36ddcbd9efb9	10	133279882	133654968	202	0.3751
c50f9ab3-c448-4289-b6b1-36ddcbd9efb9	11	198510	456012	104	0.0048
c50f9ab3-c448-4289-b6b1-36ddcbd9efb9	11	456120	4946420	2311	0.173
c50f9ab3-c448-4289-b6b1-36ddcbd9efb9	11	4947280	4955042	30	-1.3045
c50f9ab3-c448-4289-b6b1-36ddcbd9efb9	11	4955781	5186944	191	0.231
c50f9ab3-c448-4289-b6b1-36ddcbd9efb9	11	5186978	5188762	6	0.8993
c50f9ab3-c448-4289-b6b1-36ddcbd9efb9	11	5189020	5499745	341	0.1772
c50f9ab3-c448-4289-b6b1-36ddcbd9efb9	11	5500921	5501334	6	-0.988
c50f9ab3-c448-4289-b6b1-36ddcbd9efb9	11	5502363	7820036	1778	0.1894
c50f9ab3-c448-4289-b6b1-36ddcbd9efb9	11	7820250	19402732	8327	-0.0817
c50f9ab3-c448-4289-b6b1-36ddcbd9efb9	11	19403356	20403305	932	0.2087
c50f9ab3-c448-4289-b6b1-36ddcbd9efb9	11	20403782	36318123	11521	0.3892
c50f9ab3-c448-4289-b6b1-36ddcbd9efb9	11	36320085	42647655	4244	-0.0402
c50f9ab3-c448-4289-b6b1-36ddcbd9efb9	11	42648212	47048032	2804	-0.0823
c50f9ab3-c448-4289-b6b1-36ddcbd9efb9	11	47048874	55977274	2143	0.2068
c50f9ab3-c448-4289-b6b1-36ddcbd9efb9	11	55979415	55985085	7	-0.8772
c50f9ab3-c448-4289-b6b1-36ddcbd9efb9	11	55992648	56986918	642	0.2628
c50f9ab3-c448-4289-b6b1-36ddcbd9efb9	11	56989413	59719061	1554	0.1948
c50f9ab3-c448-4289-b6b1-36ddcbd9efb9	11	59722190	65061490	2753	-0.0324
c50f9ab3-c448-4289-b6b1-36ddcbd9efb9	11	65065024	65072225	6	-1.0353
c50f9ab3-c448-4289-b6b1-36ddcbd9efb9	11	65072447	79727603	7676	-0.0411
c50f9ab3-c448-4289-b6b1-36ddcbd9efb9	11	79728398	89741663	6972	-0.0047
c50f9ab3-c448-4289-b6b1-36ddcbd9efb9	11	89754781	89796439	5	-1.1858
c50f9ab3-c448-4289-b6b1-36ddcbd9efb9	11	89802300	107359993	12490	-0.0092
c50f9ab3-c448-4289-b6b1-36ddcbd9efb9	11	107367930	107368402	7	-0.7209
c50f9ab3-c448-4289-b6b1-36ddcbd9efb9	11	107381636	133069875	18411	-0.0327
c50f9ab3-c448-4289-b6b1-36ddcbd9efb9	11	133070013	134339014	902	0.1809
c50f9ab3-c448-4289-b6b1-36ddcbd9efb9	11	134340635	134846498	435	0.064
c50f9ab3-c448-4289-b6b1-36ddcbd9efb9	11	134846515	134972318	86	0.1802
c50f9ab3-c448-4289-b6b1-36ddcbd9efb9	11	134972320	135001697	21	-0.0561
c50f9ab3-c448-4289-b6b1-36ddcbd9efb9	11	135002410	135074876	50	-0.5087
c50f9ab3-c448-4289-b6b1-36ddcbd9efb9	12	51460	140391	41	-0.1245
c50f9ab3-c448-4289-b6b1-36ddcbd9efb9	12	140964	207206	45	-0.3872
c50f9ab3-c448-4289-b6b1-36ddcbd9efb9	12	212187	7842191	5269	-0.0299
c50f9ab3-c448-4289-b6b1-36ddcbd9efb9	12	7851829	7971304	58	0.3497
c50f9ab3-c448-4289-b6b1-36ddcbd9efb9	12	7978362	9481274	753	-0.0693
c50f9ab3-c448-4289-b6b1-36ddcbd9efb9	12	9485313	9575696	23	-1.5456
c50f9ab3-c448-4289-b6b1-36ddcbd9efb9	12	9582373	11672638	1411	0.0115
c50f9ab3-c448-4289-b6b1-36ddcbd9efb9	12	11674695	11675004	3	-1.1332
c50f9ab3-c448-4289-b6b1-36ddcbd9efb9	12	11675128	19423521	5250	-0.0165
c50f9ab3-c448-4289-b6b1-36ddcbd9efb9	12	19424002	30086381	7638	0.2335
c50f9ab3-c448-4289-b6b1-36ddcbd9efb9	12	30086486	30090628	16	-0.3526
c50f9ab3-c448-4289-b6b1-36ddcbd9efb9	12	30090642	33148492	2264	0.2369
c50f9ab3-c448-4289-b6b1-36ddcbd9efb9	12	33148586	33154440	25	-0.3555
c50f9ab3-c448-4289-b6b1-36ddcbd9efb9	12	33155426	34199467	642	0.2658
c50f9ab3-c448-4289-b6b1-36ddcbd9efb9	12	34203240	34423775	89	0.0535
c50f9ab3-c448-4289-b6b1-36ddcbd9efb9	12	34424876	37494865	64	0.1976
c50f9ab3-c448-4289-b6b1-36ddcbd9efb9	12	37495819	37660361	44	-0.2396
c50f9ab3-c448-4289-b6b1-36ddcbd9efb9	12	37678291	45510655	4743	0.241
c50f9ab3-c448-4289-b6b1-36ddcbd9efb9	12	45512057	45515754	3	-1.5815
c50f9ab3-c448-4289-b6b1-36ddcbd9efb9	12	45519509	52285116	3711	0.2229
c50f9ab3-c448-4289-b6b1-36ddcbd9efb9	12	52291988	52394296	118	-0.5473
c50f9ab3-c448-4289-b6b1-36ddcbd9efb9	12	52398116	53039372	554	0.2336
c50f9ab3-c448-4289-b6b1-36ddcbd9efb9	12	53044022	53104143	32	0.0046
c50f9ab3-c448-4289-b6b1-36ddcbd9efb9	12	53105790	56084552	1601	0.2354
c50f9ab3-c448-4289-b6b1-36ddcbd9efb9	12	56084572	56084625	4	1.0444
c50f9ab3-c448-4289-b6b1-36ddcbd9efb9	12	56087291	68268831	7658	0.2342
c50f9ab3-c448-4289-b6b1-36ddcbd9efb9	12	68269534	68270678	5	-0.5222
c50f9ab3-c448-4289-b6b1-36ddcbd9efb9	12	68271709	68478916	171	0.2008
c50f9ab3-c448-4289-b6b1-36ddcbd9efb9	12	68483457	70478078	1308	0.4453
c50f9ab3-c448-4289-b6b1-36ddcbd9efb9	12	70478895	70484247	9	-0.5147
c50f9ab3-c448-4289-b6b1-36ddcbd9efb9	12	70485605	74301644	2307	0.4607
c50f9ab3-c448-4289-b6b1-36ddcbd9efb9	12	74301900	75543976	815	0.2468
c50f9ab3-c448-4289-b6b1-36ddcbd9efb9	12	75545892	82529096	4508	0.4517
c50f9ab3-c448-4289-b6b1-36ddcbd9efb9	12	82531920	84192996	1062	0.2412
c50f9ab3-c448-4289-b6b1-36ddcbd9efb9	12	84195375	98215508	9088	0.4499
c50f9ab3-c448-4289-b6b1-36ddcbd9efb9	12	98221392	99398036	744	-0.0138
c50f9ab3-c448-4289-b6b1-36ddcbd9efb9	12	99401515	99404956	31	-0.6666
c50f9ab3-c448-4289-b6b1-36ddcbd9efb9	12	99409315	127839773	18782	-0.0286
c50f9ab3-c448-4289-b6b1-36ddcbd9efb9	12	127842769	131613371	3313	-0.0872
c50f9ab3-c448-4289-b6b1-36ddcbd9efb9	12	131613387	131616532	5	-1.2501
c50f9ab3-c448-4289-b6b1-36ddcbd9efb9	12	131618173	132889144	439	-0.0772
c50f9ab3-c448-4289-b6b1-36ddcbd9efb9	12	132889530	133201603	146	-0.0091
c50f9ab3-c448-4289-b6b1-36ddcbd9efb9	13	18452809	18601035	14	-0.0128
c50f9ab3-c448-4289-b6b1-36ddcbd9efb9	13	18603030	23496486	3201	0.2667
c50f9ab3-c448-4289-b6b1-36ddcbd9efb9	13	23496931	23697754	138	0.5346
c50f9ab3-c448-4289-b6b1-36ddcbd9efb9	13	23702365	23886331	146	0.2923
c50f9ab3-c448-4289-b6b1-36ddcbd9efb9	13	23890516	23929142	26	-0.0299
c50f9ab3-c448-4289-b6b1-36ddcbd9efb9	13	23929679	24337542	408	0.2985
c50f9ab3-c448-4289-b6b1-36ddcbd9efb9	13	24341939	33687207	6922	0.0191
c50f9ab3-c448-4289-b6b1-36ddcbd9efb9	13	33691972	40387423	4796	-0.7516
c50f9ab3-c448-4289-b6b1-36ddcbd9efb9	13	40388032	40396002	10	-1.6339
c50f9ab3-c448-4289-b6b1-36ddcbd9efb9	13	40396337	43121313	1748	-0.7417
c50f9ab3-c448-4289-b6b1-36ddcbd9efb9	13	43122849	43123465	2	-3.0706
c50f9ab3-c448-4289-b6b1-36ddcbd9efb9	13	43124116	48284551	3437	-0.7677
c50f9ab3-c448-4289-b6b1-36ddcbd9efb9	13	48286605	48485585	236	-0.6089
c50f9ab3-c448-4289-b6b1-36ddcbd9efb9	13	48486702	48957415	362	-0.7238
c50f9ab3-c448-4289-b6b1-36ddcbd9efb9	13	48959579	48962368	2	-3.1584
c50f9ab3-c448-4289-b6b1-36ddcbd9efb9	13	48963569	53761634	2611	-0.7383
c50f9ab3-c448-4289-b6b1-36ddcbd9efb9	13	53761727	57119320	1837	-0.6844
c50f9ab3-c448-4289-b6b1-36ddcbd9efb9	13	57120137	57441104	201	-0.5051
c50f9ab3-c448-4289-b6b1-36ddcbd9efb9	13	57441147	63733128	3696	-0.7192
c50f9ab3-c448-4289-b6b1-36ddcbd9efb9	13	63733142	64363350	362	-0.5387
c50f9ab3-c448-4289-b6b1-36ddcbd9efb9	13	64372045	71853634	4729	-0.6883
c50f9ab3-c448-4289-b6b1-36ddcbd9efb9	13	71854515	71902850	37	-0.9077
c50f9ab3-c448-4289-b6b1-36ddcbd9efb9	13	71903417	71906418	4	-2.3189
c50f9ab3-c448-4289-b6b1-36ddcbd9efb9	13	71906467	74550080	1966	-0.7529
c50f9ab3-c448-4289-b6b1-36ddcbd9efb9	13	74556804	76478623	1404	0.0076
c50f9ab3-c448-4289-b6b1-36ddcbd9efb9	13	76479259	80689254	2761	-0.7651
c50f9ab3-c448-4289-b6b1-36ddcbd9efb9	13	80695533	86637366	3678	-0.6822
c50f9ab3-c448-4289-b6b1-36ddcbd9efb9	13	86637664	86640835	3	-2.2645
c50f9ab3-c448-4289-b6b1-36ddcbd9efb9	13	86641160	87251339	294	-0.6658
c50f9ab3-c448-4289-b6b1-36ddcbd9efb9	13	87252186	88166344	501	-0.2286
c50f9ab3-c448-4289-b6b1-36ddcbd9efb9	13	88167078	91862388	2306	-0.7238
c50f9ab3-c448-4289-b6b1-36ddcbd9efb9	13	91862560	100844299	5942	0.0161
c50f9ab3-c448-4289-b6b1-36ddcbd9efb9	13	100847443	100870412	14	-2.0987
c50f9ab3-c448-4289-b6b1-36ddcbd9efb9	13	100870513	101653315	662	-1.6329
c50f9ab3-c448-4289-b6b1-36ddcbd9efb9	13	101653479	101655501	9	-4.4217
c50f9ab3-c448-4289-b6b1-36ddcbd9efb9	13	101656253	101773937	84	-1.5017
c50f9ab3-c448-4289-b6b1-36ddcbd9efb9	13	101780913	105390009	3016	0.0374
c50f9ab3-c448-4289-b6b1-36ddcbd9efb9	13	105393985	105525716	125	-1.6843
c50f9ab3-c448-4289-b6b1-36ddcbd9efb9	13	105526167	105554770	32	-2.9599
c50f9ab3-c448-4289-b6b1-36ddcbd9efb9	13	105554992	105965736	333	-1.6059
c50f9ab3-c448-4289-b6b1-36ddcbd9efb9	13	105966328	105967107	3	-6.6326
c50f9ab3-c448-4289-b6b1-36ddcbd9efb9	13	105967280	105990392	30	-1.8766
c50f9ab3-c448-4289-b6b1-36ddcbd9efb9	13	105991522	112862607	5180	-0.3839
c50f9ab3-c448-4289-b6b1-36ddcbd9efb9	13	112866048	113083399	125	-0.5973
c50f9ab3-c448-4289-b6b1-36ddcbd9efb9	13	113100590	114342922	529	-0.4136
c50f9ab3-c448-4289-b6b1-36ddcbd9efb9	14	18239283	19689684	64	0.4529
c50f9ab3-c448-4289-b6b1-36ddcbd9efb9	14	19732024	19954424	102	0.8468
c50f9ab3-c448-4289-b6b1-36ddcbd9efb9	14	19955213	21917596	1334	0.2768
c50f9ab3-c448-4289-b6b1-36ddcbd9efb9	14	21918611	22387280	411	0.3951
c50f9ab3-c448-4289-b6b1-36ddcbd9efb9	14	22389830	23975769	967	0.244
c50f9ab3-c448-4289-b6b1-36ddcbd9efb9	14	23975815	24010500	20	-0.7852
c50f9ab3-c448-4289-b6b1-36ddcbd9efb9	14	24015250	28227832	2726	0.2998
c50f9ab3-c448-4289-b6b1-36ddcbd9efb9	14	28231813	28555430	171	-0.0335
c50f9ab3-c448-4289-b6b1-36ddcbd9efb9	14	28556113	59575234	19691	0.2882
c50f9ab3-c448-4289-b6b1-36ddcbd9efb9	14	59576221	60199149	318	0.393
c50f9ab3-c448-4289-b6b1-36ddcbd9efb9	14	60201806	63887701	2296	0.1726
c50f9ab3-c448-4289-b6b1-36ddcbd9efb9	14	63890970	67468979	2119	-0.1322
c50f9ab3-c448-4289-b6b1-36ddcbd9efb9	14	67471175	67575857	91	0.2333
c50f9ab3-c448-4289-b6b1-36ddcbd9efb9	14	67577288	67687388	63	-0.1472
c50f9ab3-c448-4289-b6b1-36ddcbd9efb9	14	67698770	67715892	15	0.3364
c50f9ab3-c448-4289-b6b1-36ddcbd9efb9	14	67718697	68857927	782	-0.1448
c50f9ab3-c448-4289-b6b1-36ddcbd9efb9	14	68857973	73534419	3060	0.1901
c50f9ab3-c448-4289-b6b1-36ddcbd9efb9	14	73540003	73563211	10	0.8959
c50f9ab3-c448-4289-b6b1-36ddcbd9efb9	14	73564027	76625163	1854	0.1931
c50f9ab3-c448-4289-b6b1-36ddcbd9efb9	14	76625736	77419403	537	-0.1244
c50f9ab3-c448-4289-b6b1-36ddcbd9efb9	14	77421834	82873195	3753	0.202
c50f9ab3-c448-4289-b6b1-36ddcbd9efb9	14	82874224	84037349	808	-0.1027
c50f9ab3-c448-4289-b6b1-36ddcbd9efb9	14	84037724	84037763	2	-2.4265
c50f9ab3-c448-4289-b6b1-36ddcbd9efb9	14	84038468	89132562	3329	-0.1025
c50f9ab3-c448-4289-b6b1-36ddcbd9efb9	14	89135114	89202403	52	-0.6252
c50f9ab3-c448-4289-b6b1-36ddcbd9efb9	14	89203610	89203880	2	-2.0019
c50f9ab3-c448-4289-b6b1-36ddcbd9efb9	14	89205502	90041486	561	-0.5988
c50f9ab3-c448-4289-b6b1-36ddcbd9efb9	14	90043220	106249511	9898	-0.3656
c50f9ab3-c448-4289-b6b1-36ddcbd9efb9	14	106249546	106346129	47	-0.1809
c50f9ab3-c448-4289-b6b1-36ddcbd9efb9	14	106360014	106365807	4	0.6067
c50f9ab3-c448-4289-b6b1-36ddcbd9efb9	14	106369985	106407612	23	-0.3491
c50f9ab3-c448-4289-b6b1-36ddcbd9efb9	14	106407614	106487827	56	0.0746
c50f9ab3-c448-4289-b6b1-36ddcbd9efb9	14	106492557	106873771	186	-0.3492
c50f9ab3-c448-4289-b6b1-36ddcbd9efb9	14	106874800	106877229	5	0.0988
c50f9ab3-c448-4289-b6b1-36ddcbd9efb9	15	19811075	20206125	57	-0.3352
c50f9ab3-c448-4289-b6b1-36ddcbd9efb9	15	20206395	22385639	150	0.2448
c50f9ab3-c448-4289-b6b1-36ddcbd9efb9	15	22395047	24269473	931	-0.3608
c50f9ab3-c448-4289-b6b1-36ddcbd9efb9	15	24269707	24271197	3	-1.9206
c50f9ab3-c448-4289-b6b1-36ddcbd9efb9	15	24271726	24326202	22	-0.3974
c50f9ab3-c448-4289-b6b1-36ddcbd9efb9	15	24329610	24424598	36	0.4525
c50f9ab3-c448-4289-b6b1-36ddcbd9efb9	15	24429604	24473449	34	-0.5934
c50f9ab3-c448-4289-b6b1-36ddcbd9efb9	15	24480146	24533744	25	0.3822
c50f9ab3-c448-4289-b6b1-36ddcbd9efb9	15	24537120	35538586	6873	-0.3972
c50f9ab3-c448-4289-b6b1-36ddcbd9efb9	15	35541038	35810026	190	-0.8271
c50f9ab3-c448-4289-b6b1-36ddcbd9efb9	15	35813160	76599170	25498	-0.3608
c50f9ab3-c448-4289-b6b1-36ddcbd9efb9	15	76599286	76599700	7	-2.4066
c50f9ab3-c448-4289-b6b1-36ddcbd9efb9	15	76599852	76603003	6	-1.0685
c50f9ab3-c448-4289-b6b1-36ddcbd9efb9	15	76603426	77009541	188	-0.3472
c50f9ab3-c448-4289-b6b1-36ddcbd9efb9	15	77015060	77015411	3	-1.7085
c50f9ab3-c448-4289-b6b1-36ddcbd9efb9	15	77017609	81265496	2787	-0.3937
c50f9ab3-c448-4289-b6b1-36ddcbd9efb9	15	81266983	81269018	3	-2.5378
c50f9ab3-c448-4289-b6b1-36ddcbd9efb9	15	81269765	93425153	8249	-0.3704
c50f9ab3-c448-4289-b6b1-36ddcbd9efb9	15	93426467	93426666	2	-2.8501
c50f9ab3-c448-4289-b6b1-36ddcbd9efb9	15	93426720	101346618	5914	-0.3726
c50f9ab3-c448-4289-b6b1-36ddcbd9efb9	15	101346648	101622705	258	-0.562
c50f9ab3-c448-4289-b6b1-36ddcbd9efb9	15	101624877	101928837	153	-0.3226
c50f9ab3-c448-4289-b6b1-36ddcbd9efb9	16	10777	603284	282	0.0257
c50f9ab3-c448-4289-b6b1-36ddcbd9efb9	16	603333	15654732	11053	0.1386
c50f9ab3-c448-4289-b6b1-36ddcbd9efb9	16	15656399	17788830	1188	0.0694
c50f9ab3-c448-4289-b6b1-36ddcbd9efb9	16	17790949	19196204	490	0.1411
c50f9ab3-c448-4289-b6b1-36ddcbd9efb9	16	19196993	27045320	4950	-0.0155
c50f9ab3-c448-4289-b6b1-36ddcbd9efb9	16	27045778	30131762	1307	-0.0883
c50f9ab3-c448-4289-b6b1-36ddcbd9efb9	16	30133575	53746190	5928	-0.0139
c50f9ab3-c448-4289-b6b1-36ddcbd9efb9	16	53748026	55504019	1500	-0.3678
c50f9ab3-c448-4289-b6b1-36ddcbd9efb9	16	55507896	55542249	27	0.0745
c50f9ab3-c448-4289-b6b1-36ddcbd9efb9	16	55545524	55808603	213	-0.4004
c50f9ab3-c448-4289-b6b1-36ddcbd9efb9	16	55809606	55839497	12	-0.899
c50f9ab3-c448-4289-b6b1-36ddcbd9efb9	16	55840074	57742406	1157	-0.376
c50f9ab3-c448-4289-b6b1-36ddcbd9efb9	16	57744576	57814414	37	-0.0429
c50f9ab3-c448-4289-b6b1-36ddcbd9efb9	16	57815023	60934568	1986	-0.3415
c50f9ab3-c448-4289-b6b1-36ddcbd9efb9	16	60936278	61335122	256	0.0233
c50f9ab3-c448-4289-b6b1-36ddcbd9efb9	16	61336541	61780287	263	-0.3567
c50f9ab3-c448-4289-b6b1-36ddcbd9efb9	16	61782062	61838804	34	0.0332
c50f9ab3-c448-4289-b6b1-36ddcbd9efb9	16	61841178	62014335	111	-0.3577
c50f9ab3-c448-4289-b6b1-36ddcbd9efb9	16	62014898	65525303	2448	0.0202
c50f9ab3-c448-4289-b6b1-36ddcbd9efb9	16	65526392	66961211	1041	-0.0385
c50f9ab3-c448-4289-b6b1-36ddcbd9efb9	16	66969088	67800802	307	-0.3431
c50f9ab3-c448-4289-b6b1-36ddcbd9efb9	16	67800816	69943532	1049	0.0027
c50f9ab3-c448-4289-b6b1-36ddcbd9efb9	16	69954483	70018481	7	-0.5188
c50f9ab3-c448-4289-b6b1-36ddcbd9efb9	16	70018522	70090445	22	0.0242
c50f9ab3-c448-4289-b6b1-36ddcbd9efb9	16	70090447	70164427	18	-0.4178
c50f9ab3-c448-4289-b6b1-36ddcbd9efb9	16	70164453	70780455	254	-0.0299
c50f9ab3-c448-4289-b6b1-36ddcbd9efb9	16	70780884	70784800	3	-0.8465
c50f9ab3-c448-4289-b6b1-36ddcbd9efb9	16	70785221	71244786	70	0.0114
c50f9ab3-c448-4289-b6b1-36ddcbd9efb9	16	71245630	71673029	269	-0.2124
c50f9ab3-c448-4289-b6b1-36ddcbd9efb9	16	71675552	74902133	1996	-0.6149
c50f9ab3-c448-4289-b6b1-36ddcbd9efb9	16	74902409	74902553	2	-2.1677
c50f9ab3-c448-4289-b6b1-36ddcbd9efb9	16	74903825	75244943	196	-0.6082
c50f9ab3-c448-4289-b6b1-36ddcbd9efb9	16	75245940	75247060	5	-1.4495
c50f9ab3-c448-4289-b6b1-36ddcbd9efb9	16	75248066	75260691	5	-0.691
c50f9ab3-c448-4289-b6b1-36ddcbd9efb9	16	75264139	76810620	1107	-0.5526
c50f9ab3-c448-4289-b6b1-36ddcbd9efb9	16	76816258	78337711	1584	-0.6441
c50f9ab3-c448-4289-b6b1-36ddcbd9efb9	16	78338543	78350868	16	0.5535
c50f9ab3-c448-4289-b6b1-36ddcbd9efb9	16	78351104	79224440	1194	-0.6567
c50f9ab3-c448-4289-b6b1-36ddcbd9efb9	16	79226621	80457421	1370	-0.1901
c50f9ab3-c448-4289-b6b1-36ddcbd9efb9	16	80457990	80458781	3	-1.5486
c50f9ab3-c448-4289-b6b1-36ddcbd9efb9	16	80458928	81016195	531	-0.1895
c50f9ab3-c448-4289-b6b1-36ddcbd9efb9	16	81018146	81717774	608	-0.7717
c50f9ab3-c448-4289-b6b1-36ddcbd9efb9	16	81718124	83793013	2435	-0.6545
c50f9ab3-c448-4289-b6b1-36ddcbd9efb9	16	83793161	85108055	1123	-0.7763
c50f9ab3-c448-4289-b6b1-36ddcbd9efb9	16	85108461	88082524	2459	-0.2528
c50f9ab3-c448-4289-b6b1-36ddcbd9efb9	16	88082877	90096867	830	-0.3514
c50f9ab3-c448-4289-b6b1-36ddcbd9efb9	17	150733	497898	157	-0.5942
c50f9ab3-c448-4289-b6b1-36ddcbd9efb9	17	498685	18455635	11201	-0.3841
c50f9ab3-c448-4289-b6b1-36ddcbd9efb9	17	18458372	18550123	22	-1.4263
c50f9ab3-c448-4289-b6b1-36ddcbd9efb9	17	18561272	22736323	1476	-0.3636
c50f9ab3-c448-4289-b6b1-36ddcbd9efb9	17	26943491	30684424	1734	0.2604
c50f9ab3-c448-4289-b6b1-36ddcbd9efb9	17	30685581	34357370	2417	-0.0148
c50f9ab3-c448-4289-b6b1-36ddcbd9efb9	17	34358623	34662970	323	-0.1382
c50f9ab3-c448-4289-b6b1-36ddcbd9efb9	17	34666590	36109315	877	-0.0144
c50f9ab3-c448-4289-b6b1-36ddcbd9efb9	17	36109735	36157718	35	0.8442
c50f9ab3-c448-4289-b6b1-36ddcbd9efb9	17	36200725	39142508	1402	-0.0167
c50f9ab3-c448-4289-b6b1-36ddcbd9efb9	17	39143424	41305121	1183	0.2582
c50f9ab3-c448-4289-b6b1-36ddcbd9efb9	17	41307306	41727839	307	0.4695
c50f9ab3-c448-4289-b6b1-36ddcbd9efb9	17	41729239	41921764	90	-0.0645
c50f9ab3-c448-4289-b6b1-36ddcbd9efb9	17	41925742	42022823	52	0.2377
c50f9ab3-c448-4289-b6b1-36ddcbd9efb9	17	42023313	42989954	422	-0.0224
c50f9ab3-c448-4289-b6b1-36ddcbd9efb9	17	42990001	43354897	196	0.2386
c50f9ab3-c448-4289-b6b1-36ddcbd9efb9	17	43361222	44651160	673	0.4544
c50f9ab3-c448-4289-b6b1-36ddcbd9efb9	17	44654040	45000579	161	-0.0034
c50f9ab3-c448-4289-b6b1-36ddcbd9efb9	17	45010734	45184750	83	0.4429
c50f9ab3-c448-4289-b6b1-36ddcbd9efb9	17	45184964	45626448	146	-0.0262
c50f9ab3-c448-4289-b6b1-36ddcbd9efb9	17	45632798	45919312	188	0.5893
c50f9ab3-c448-4289-b6b1-36ddcbd9efb9	17	45920006	45998535	73	0.2194
c50f9ab3-c448-4289-b6b1-36ddcbd9efb9	17	45998551	46136800	106	-0.0059
c50f9ab3-c448-4289-b6b1-36ddcbd9efb9	17	46137998	46275506	83	0.3455
c50f9ab3-c448-4289-b6b1-36ddcbd9efb9	17	46276519	46988901	207	0.4916
c50f9ab3-c448-4289-b6b1-36ddcbd9efb9	17	46989235	52844873	3359	0.2482
c50f9ab3-c448-4289-b6b1-36ddcbd9efb9	17	52845213	53232210	238	0.3781
c50f9ab3-c448-4289-b6b1-36ddcbd9efb9	17	53234551	59548899	4244	0.2584
c50f9ab3-c448-4289-b6b1-36ddcbd9efb9	17	59549241	60290443	316	-0.0125
c50f9ab3-c448-4289-b6b1-36ddcbd9efb9	17	60293528	61982279	879	0.2727
c50f9ab3-c448-4289-b6b1-36ddcbd9efb9	17	61982685	73838033	7585	0.5054
c50f9ab3-c448-4289-b6b1-36ddcbd9efb9	17	73838553	74695492	561	0.4036
c50f9ab3-c448-4289-b6b1-36ddcbd9efb9	17	74695789	82613184	3939	0.488
c50f9ab3-c448-4289-b6b1-36ddcbd9efb9	17	82613253	82614057	5	1.4402
c50f9ab3-c448-4289-b6b1-36ddcbd9efb9	17	82616656	83082750	241	0.5043
c50f9ab3-c448-4289-b6b1-36ddcbd9efb9	17	83083928	83091923	4	0.072
c50f9ab3-c448-4289-b6b1-36ddcbd9efb9	18	48133	1827434	1254	0.1224
c50f9ab3-c448-4289-b6b1-36ddcbd9efb9	18	1827481	22102176	9632	-0.0153
c50f9ab3-c448-4289-b6b1-36ddcbd9efb9	18	22105153	22899823	471	-0.3573
c50f9ab3-c448-4289-b6b1-36ddcbd9efb9	18	22904636	26785899	2498	-0.012
c50f9ab3-c448-4289-b6b1-36ddcbd9efb9	18	26785951	26786181	3	-2.131
c50f9ab3-c448-4289-b6b1-36ddcbd9efb9	18	26786415	28613572	1193	0.0152
c50f9ab3-c448-4289-b6b1-36ddcbd9efb9	18	28615803	28616166	4	-1.4138
c50f9ab3-c448-4289-b6b1-36ddcbd9efb9	18	28616668	39323659	6860	-0.0071
c50f9ab3-c448-4289-b6b1-36ddcbd9efb9	18	39327678	40680516	853	0.2813
c50f9ab3-c448-4289-b6b1-36ddcbd9efb9	18	40680526	40685425	14	-1.358
c50f9ab3-c448-4289-b6b1-36ddcbd9efb9	18	40688060	41308125	417	0.1873
c50f9ab3-c448-4289-b6b1-36ddcbd9efb9	18	41313212	41658252	249	0.3644
c50f9ab3-c448-4289-b6b1-36ddcbd9efb9	18	41660531	43735250	1336	-0.1488
c50f9ab3-c448-4289-b6b1-36ddcbd9efb9	18	43738066	44343414	343	0.1136
c50f9ab3-c448-4289-b6b1-36ddcbd9efb9	18	44344072	44461011	66	0.4022
c50f9ab3-c448-4289-b6b1-36ddcbd9efb9	18	44461098	44572502	83	0.0515
c50f9ab3-c448-4289-b6b1-36ddcbd9efb9	18	44576635	45105797	362	0.3632
c50f9ab3-c448-4289-b6b1-36ddcbd9efb9	18	45106357	45192606	66	0.1419
c50f9ab3-c448-4289-b6b1-36ddcbd9efb9	18	45195256	48036727	1982	-0.1904
c50f9ab3-c448-4289-b6b1-36ddcbd9efb9	18	48038591	49325745	853	0.1449
c50f9ab3-c448-4289-b6b1-36ddcbd9efb9	18	49326085	60019941	7494	-0.1704
c50f9ab3-c448-4289-b6b1-36ddcbd9efb9	18	60020619	61699539	1178	0.1528
c50f9ab3-c448-4289-b6b1-36ddcbd9efb9	18	61700438	62874231	715	-0.1685
c50f9ab3-c448-4289-b6b1-36ddcbd9efb9	18	62878780	63085922	119	0.1382
c50f9ab3-c448-4289-b6b1-36ddcbd9efb9	18	63091086	65632775	1902	-0.1542
c50f9ab3-c448-4289-b6b1-36ddcbd9efb9	18	65632947	65760641	67	-0.5232
c50f9ab3-c448-4289-b6b1-36ddcbd9efb9	18	65761813	66095064	303	-0.1196
c50f9ab3-c448-4289-b6b1-36ddcbd9efb9	18	66099904	66100686	3	-1.9526
c50f9ab3-c448-4289-b6b1-36ddcbd9efb9	18	66108359	71180258	3637	-0.1391
c50f9ab3-c448-4289-b6b1-36ddcbd9efb9	18	71182778	73665926	1943	-0.0879
c50f9ab3-c448-4289-b6b1-36ddcbd9efb9	18	73670753	74631582	820	-0.1859
c50f9ab3-c448-4289-b6b1-36ddcbd9efb9	18	74632267	75523634	635	0.1691
c50f9ab3-c448-4289-b6b1-36ddcbd9efb9	18	75524135	75530576	9	-0.2416
c50f9ab3-c448-4289-b6b1-36ddcbd9efb9	18	75532344	75548372	10	0.2829
c50f9ab3-c448-4289-b6b1-36ddcbd9efb9	18	75549947	75555016	5	-0.1674
c50f9ab3-c448-4289-b6b1-36ddcbd9efb9	18	75555928	75572698	11	0.2452
c50f9ab3-c448-4289-b6b1-36ddcbd9efb9	18	75573042	75573995	3	-0.4394
c50f9ab3-c448-4289-b6b1-36ddcbd9efb9	18	75574101	75733006	143	0.1884
c50f9ab3-c448-4289-b6b1-36ddcbd9efb9	18	75733027	78920709	2448	-0.1808
c50f9ab3-c448-4289-b6b1-36ddcbd9efb9	18	78921269	79127893	151	0.1496
c50f9ab3-c448-4289-b6b1-36ddcbd9efb9	18	79131372	80081190	442	-0.6412
c50f9ab3-c448-4289-b6b1-36ddcbd9efb9	18	80081794	80257174	101	-0.2388
c50f9ab3-c448-4289-b6b1-36ddcbd9efb9	19	90910	2507043	575	-0.4204
c50f9ab3-c448-4289-b6b1-36ddcbd9efb9	19	2507999	2573902	40	0.0305
c50f9ab3-c448-4289-b6b1-36ddcbd9efb9	19	2581839	2924343	145	-0.3663
c50f9ab3-c448-4289-b6b1-36ddcbd9efb9	19	2924900	3599136	202	-0.0153
c50f9ab3-c448-4289-b6b1-36ddcbd9efb9	19	3605541	4658892	256	-0.3683
c50f9ab3-c448-4289-b6b1-36ddcbd9efb9	19	4662098	35358420	15467	-0.005
c50f9ab3-c448-4289-b6b1-36ddcbd9efb9	19	35364451	35379534	27	-0.7313
c50f9ab3-c448-4289-b6b1-36ddcbd9efb9	19	35383481	37919402	1240	-0.0017
c50f9ab3-c448-4289-b6b1-36ddcbd9efb9	19	37925174	37926744	2	-1.4497
c50f9ab3-c448-4289-b6b1-36ddcbd9efb9	19	37927565	38890185	517	-0.0003
c50f9ab3-c448-4289-b6b1-36ddcbd9efb9	19	38897076	38897202	2	-1.3182
c50f9ab3-c448-4289-b6b1-36ddcbd9efb9	19	38897279	43514900	2244	-0.0095
c50f9ab3-c448-4289-b6b1-36ddcbd9efb9	19	43516257	43523654	4	-1.2144
c50f9ab3-c448-4289-b6b1-36ddcbd9efb9	19	43524879	47898254	2158	-0.0055
c50f9ab3-c448-4289-b6b1-36ddcbd9efb9	19	47898605	47898966	6	-0.9819
c50f9ab3-c448-4289-b6b1-36ddcbd9efb9	19	47959373	54815158	3892	-0.0152
c50f9ab3-c448-4289-b6b1-36ddcbd9efb9	19	54819199	54862363	20	-0.5528
c50f9ab3-c448-4289-b6b1-36ddcbd9efb9	19	54866553	58586487	2278	-0.0074
c50f9ab3-c448-4289-b6b1-36ddcbd9efb9	20	80664	1571811	1183	0.2206
c50f9ab3-c448-4289-b6b1-36ddcbd9efb9	20	1576544	1579916	16	-0.6487
c50f9ab3-c448-4289-b6b1-36ddcbd9efb9	20	1580141	1580353	5	0.2088
c50f9ab3-c448-4289-b6b1-36ddcbd9efb9	20	1580934	1613247	41	1.5114
c50f9ab3-c448-4289-b6b1-36ddcbd9efb9	20	1617300	3830786	1570	0.2497
c50f9ab3-c448-4289-b6b1-36ddcbd9efb9	20	3832059	4123863	188	0.1152
c50f9ab3-c448-4289-b6b1-36ddcbd9efb9	20	4127368	22574216	14510	0.2518
c50f9ab3-c448-4289-b6b1-36ddcbd9efb9	20	22576461	46274335	11786	0.2196
c50f9ab3-c448-4289-b6b1-36ddcbd9efb9	20	46275524	63080185	12596	0.2413
c50f9ab3-c448-4289-b6b1-36ddcbd9efb9	20	63081166	63141749	38	-0.0537
c50f9ab3-c448-4289-b6b1-36ddcbd9efb9	20	63144417	63610578	145	0.2591
c50f9ab3-c448-4289-b6b1-36ddcbd9efb9	20	63610702	64324800	299	0.0784
c50f9ab3-c448-4289-b6b1-36ddcbd9efb9	21	10354168	10559033	53	-0.4278
c50f9ab3-c448-4289-b6b1-36ddcbd9efb9	21	10568903	13028693	44	0.058
c50f9ab3-c448-4289-b6b1-36ddcbd9efb9	21	13080541	19269246	3928	-0.3329
c50f9ab3-c448-4289-b6b1-36ddcbd9efb9	21	19269283	19269657	6	0.5505
c50f9ab3-c448-4289-b6b1-36ddcbd9efb9	21	19270989	22215439	2225	-0.3156
c50f9ab3-c448-4289-b6b1-36ddcbd9efb9	21	22215584	23223947	751	-0.2259
c50f9ab3-c448-4289-b6b1-36ddcbd9efb9	21	23224045	31153027	5916	-0.3338
c50f9ab3-c448-4289-b6b1-36ddcbd9efb9	21	31153494	38732522	5505	-0.3802
c50f9ab3-c448-4289-b6b1-36ddcbd9efb9	21	38742218	38781826	37	0.3233
c50f9ab3-c448-4289-b6b1-36ddcbd9efb9	21	38782388	43201578	3595	-0.3789
c50f9ab3-c448-4289-b6b1-36ddcbd9efb9	21	43201650	43373304	72	-0.6588
c50f9ab3-c448-4289-b6b1-36ddcbd9efb9	21	43373568	45348615	906	-0.4102
c50f9ab3-c448-4289-b6b1-36ddcbd9efb9	21	45355558	45606427	122	-0.6426
c50f9ab3-c448-4289-b6b1-36ddcbd9efb9	21	45608010	46677045	635	-0.4098
c50f9ab3-c448-4289-b6b1-36ddcbd9efb9	22	15294547	18148598	1117	-0.0275
c50f9ab3-c448-4289-b6b1-36ddcbd9efb9	22	18148937	18783014	18	0.3835
c50f9ab3-c448-4289-b6b1-36ddcbd9efb9	22	18818348	19636556	452	0.1415
c50f9ab3-c448-4289-b6b1-36ddcbd9efb9	22	19639893	20218128	379	0.0436
c50f9ab3-c448-4289-b6b1-36ddcbd9efb9	22	20221964	20223805	3	-1.4793
c50f9ab3-c448-4289-b6b1-36ddcbd9efb9	22	20226155	20362646	44	-0.0075
c50f9ab3-c448-4289-b6b1-36ddcbd9efb9	22	20362916	20402401	25	0.3154
c50f9ab3-c448-4289-b6b1-36ddcbd9efb9	22	20402438	20440770	35	-0.0676
c50f9ab3-c448-4289-b6b1-36ddcbd9efb9	22	20442951	20798214	336	0.3017
c50f9ab3-c448-4289-b6b1-36ddcbd9efb9	22	20798230	21052795	194	0.3264
c50f9ab3-c448-4289-b6b1-36ddcbd9efb9	22	21052809	21454896	110	0.5343
c50f9ab3-c448-4289-b6b1-36ddcbd9efb9	22	21486385	21491066	6	-1.116
c50f9ab3-c448-4289-b6b1-36ddcbd9efb9	22	21562864	21579941	8	0.549
c50f9ab3-c448-4289-b6b1-36ddcbd9efb9	22	21580279	22180692	522	0.8363
c50f9ab3-c448-4289-b6b1-36ddcbd9efb9	22	22181505	23173438	648	0.5161
c50f9ab3-c448-4289-b6b1-36ddcbd9efb9	22	23174595	23458108	182	0.7434
c50f9ab3-c448-4289-b6b1-36ddcbd9efb9	22	23458354	23641308	114	0.8716
c50f9ab3-c448-4289-b6b1-36ddcbd9efb9	22	23646701	25153265	915	1.071
c50f9ab3-c448-4289-b6b1-36ddcbd9efb9	22	25154280	25550178	423	0.919
c50f9ab3-c448-4289-b6b1-36ddcbd9efb9	22	25550858	27009206	1372	1.0424
c50f9ab3-c448-4289-b6b1-36ddcbd9efb9	22	27009264	27142363	199	0.8699
c50f9ab3-c448-4289-b6b1-36ddcbd9efb9	22	27143241	27607305	502	1.1228
c50f9ab3-c448-4289-b6b1-36ddcbd9efb9	22	27609788	27615085	3	-0.0925
c50f9ab3-c448-4289-b6b1-36ddcbd9efb9	22	27615106	28290996	464	1.1248
c50f9ab3-c448-4289-b6b1-36ddcbd9efb9	22	28298222	28534721	119	1.2843
c50f9ab3-c448-4289-b6b1-36ddcbd9efb9	22	28536890	28862549	137	1.5232
c50f9ab3-c448-4289-b6b1-36ddcbd9efb9	22	28862916	29450334	376	1.7983
c50f9ab3-c448-4289-b6b1-36ddcbd9efb9	22	29450350	29564183	86	1.5447
c50f9ab3-c448-4289-b6b1-36ddcbd9efb9	22	29564346	30234026	365	1.2105
c50f9ab3-c448-4289-b6b1-36ddcbd9efb9	22	30234154	32156850	1062	0.9426
c50f9ab3-c448-4289-b6b1-36ddcbd9efb9	22	32158998	32543733	309	-0.3478
c50f9ab3-c448-4289-b6b1-36ddcbd9efb9	22	32543828	32544551	2	-1.6057
c50f9ab3-c448-4289-b6b1-36ddcbd9efb9	22	32544674	33135420	506	-0.3581
c50f9ab3-c448-4289-b6b1-36ddcbd9efb9	22	33136267	33374636	209	1.0029
c50f9ab3-c448-4289-b6b1-36ddcbd9efb9	22	33376679	34525254	1127	1.183
c50f9ab3-c448-4289-b6b1-36ddcbd9efb9	22	34526459	34535892	10	0.7914
c50f9ab3-c448-4289-b6b1-36ddcbd9efb9	22	34536307	34621401	69	1.4281
c50f9ab3-c448-4289-b6b1-36ddcbd9efb9	22	34623159	35013890	360	1.2065
c50f9ab3-c448-4289-b6b1-36ddcbd9efb9	22	35014476	35100070	89	0.8946
c50f9ab3-c448-4289-b6b1-36ddcbd9efb9	22	35101734	36603621	995	-0.4038
c50f9ab3-c448-4289-b6b1-36ddcbd9efb9	22	36606017	36677702	65	0.2429
c50f9ab3-c448-4289-b6b1-36ddcbd9efb9	22	36678142	37346951	453	-0.3916
c50f9ab3-c448-4289-b6b1-36ddcbd9efb9	22	37352689	37353906	4	-1.5117
c50f9ab3-c448-4289-b6b1-36ddcbd9efb9	22	37354627	37399243	33	-0.5287
c50f9ab3-c448-4289-b6b1-36ddcbd9efb9	22	37401601	37422307	17	0.0265
c50f9ab3-c448-4289-b6b1-36ddcbd9efb9	22	37424039	37493033	36	0.2211
c50f9ab3-c448-4289-b6b1-36ddcbd9efb9	22	37493623	37811061	140	-0.0054
c50f9ab3-c448-4289-b6b1-36ddcbd9efb9	22	37822630	37875789	25	0.4115
c50f9ab3-c448-4289-b6b1-36ddcbd9efb9	22	37876922	38894915	513	-0.0536
c50f9ab3-c448-4289-b6b1-36ddcbd9efb9	22	38899250	38900899	3	0.921
c50f9ab3-c448-4289-b6b1-36ddcbd9efb9	22	38903109	39213844	157	-0.0853
c50f9ab3-c448-4289-b6b1-36ddcbd9efb9	22	39214434	48445115	6320	-0.387
c50f9ab3-c448-4289-b6b1-36ddcbd9efb9	22	48445245	48445293	2	-3.1188
c50f9ab3-c448-4289-b6b1-36ddcbd9efb9	22	48446524	48933821	359	-0.4215
c50f9ab3-c448-4289-b6b1-36ddcbd9efb9	22	48934328	50535325	1040	-0.5524
c50f9ab3-c448-4289-b6b1-36ddcbd9efb9	22	50535883	50796027	141	-0.3948
c50f9ab3-c448-4289-b6b1-36ddcbd9efb9	X	251810	19753286	11897	0.0674
c50f9ab3-c448-4289-b6b1-36ddcbd9efb9	X	19756812	21796321	933	-0.3316
c50f9ab3-c448-4289-b6b1-36ddcbd9efb9	X	21800315	32364917	7134	0.0353
c50f9ab3-c448-4289-b6b1-36ddcbd9efb9	X	32365029	34555866	1628	0.0873
c50f9ab3-c448-4289-b6b1-36ddcbd9efb9	X	34555938	88868978	24585	0.0155
c50f9ab3-c448-4289-b6b1-36ddcbd9efb9	X	88873165	91524751	1023	-0.2304
c50f9ab3-c448-4289-b6b1-36ddcbd9efb9	X	91530448	141470995	27576	0.0184
c50f9ab3-c448-4289-b6b1-36ddcbd9efb9	X	141475366	141559094	3	-1.2528
c50f9ab3-c448-4289-b6b1-36ddcbd9efb9	X	141578177	143257128	1258	0.0283
c50f9ab3-c448-4289-b6b1-36ddcbd9efb9	X	143259414	144229532	594	0.2912
c50f9ab3-c448-4289-b6b1-36ddcbd9efb9	X	144235853	149211481	3478	0.0384
c50f9ab3-c448-4289-b6b1-36ddcbd9efb9	X	149212274	149212637	2	-1.4562
c50f9ab3-c448-4289-b6b1-36ddcbd9efb9	X	149213116	152672005	2140	0.0047
c50f9ab3-c448-4289-b6b1-36ddcbd9efb9	X	152672755	152921855	135	-0.085
c50f9ab3-c448-4289-b6b1-36ddcbd9efb9	X	152922007	152922539	4	-0.7134
c50f9ab3-c448-4289-b6b1-36ddcbd9efb9	X	152923145	153031760	91	-0.0703
c50f9ab3-c448-4289-b6b1-36ddcbd9efb9	X	153031937	153037475	9	-0.6613
c50f9ab3-c448-4289-b6b1-36ddcbd9efb9	X	153042014	153152629	30	-0.126
c50f9ab3-c448-4289-b6b1-36ddcbd9efb9	X	153152718	153558270	230	0.0006
c50f9ab3-c448-4289-b6b1-36ddcbd9efb9	X	153559975	153565037	7	-0.6547
c50f9ab3-c448-4289-b6b1-36ddcbd9efb9	X	153565525	155952689	862	0.0113
c50f9ab3-c448-4289-b6b1-36ddcbd9efb9	Y	2782397	6075631	718	-2.6148
c50f9ab3-c448-4289-b6b1-36ddcbd9efb9	Y	6076562	12912709	2295	-2.939
c50f9ab3-c448-4289-b6b1-36ddcbd9efb9	Y	12914512	12918905	5	-6.3799
c50f9ab3-c448-4289-b6b1-36ddcbd9efb9	Y	12920376	13478396	246	-2.8636
c50f9ab3-c448-4289-b6b1-36ddcbd9efb9	Y	13478462	13482643	3	-7.8202
c50f9ab3-c448-4289-b6b1-36ddcbd9efb9	Y	13483009	22804854	3170	-2.9486
c50f9ab3-c448-4289-b6b1-36ddcbd9efb9	Y	22913244	56872112	202	-2.6527
