GDC_Aliquot	Chromosome	Start	End	Num_Probes	Segment_Mean
f7aa01e5-56c8-4c23-94f5-c028f5b8057c	1	62920	259926	16	0.3171
f7aa01e5-56c8-4c23-94f5-c028f5b8057c	1	266187	16721910	8671	0.0051
f7aa01e5-56c8-4c23-94f5-c028f5b8057c	1	16721984	16931448	61	0.3099
f7aa01e5-56c8-4c23-94f5-c028f5b8057c	1	16932568	20556710	2547	0.0186
f7aa01e5-56c8-4c23-94f5-c028f5b8057c	1	20556929	20560274	6	-0.9524
f7aa01e5-56c8-4c23-94f5-c028f5b8057c	1	20560287	25266637	2717	-0.002
f7aa01e5-56c8-4c23-94f5-c028f5b8057c	1	25269390	25278567	11	0.8769
f7aa01e5-56c8-4c23-94f5-c028f5b8057c	1	25284629	40130169	7959	0.0117
f7aa01e5-56c8-4c23-94f5-c028f5b8057c	1	40133243	54624527	8054	-0.0251
f7aa01e5-56c8-4c23-94f5-c028f5b8057c	1	54627618	54628716	2	-1.7725
f7aa01e5-56c8-4c23-94f5-c028f5b8057c	1	54630777	56432185	1432	-0.0235
f7aa01e5-56c8-4c23-94f5-c028f5b8057c	1	56437053	65039666	6554	0.0034
f7aa01e5-56c8-4c23-94f5-c028f5b8057c	1	65042903	72303233	4741	-0.1256
f7aa01e5-56c8-4c23-94f5-c028f5b8057c	1	72303253	72346757	47	-1.0547
f7aa01e5-56c8-4c23-94f5-c028f5b8057c	1	72351072	75205272	1700	-0.1259
f7aa01e5-56c8-4c23-94f5-c028f5b8057c	1	75208706	105470754	19246	0.0171
f7aa01e5-56c8-4c23-94f5-c028f5b8057c	1	105476583	105479753	17	1.0096
f7aa01e5-56c8-4c23-94f5-c028f5b8057c	1	105481433	109690949	2640	0.0218
f7aa01e5-56c8-4c23-94f5-c028f5b8057c	1	109691609	109692006	4	-1.3012
f7aa01e5-56c8-4c23-94f5-c028f5b8057c	1	109696900	112147704	1953	0.0195
f7aa01e5-56c8-4c23-94f5-c028f5b8057c	1	112153343	112154375	17	-1.6168
f7aa01e5-56c8-4c23-94f5-c028f5b8057c	1	112154390	143494500	5168	0.0173
f7aa01e5-56c8-4c23-94f5-c028f5b8057c	1	143541857	143762042	117	-0.4651
f7aa01e5-56c8-4c23-94f5-c028f5b8057c	1	143796140	144442342	14	0.0442
f7aa01e5-56c8-4c23-94f5-c028f5b8057c	1	144445555	144487217	7	0.5064
f7aa01e5-56c8-4c23-94f5-c028f5b8057c	1	144491166	152583291	2303	0.1678
f7aa01e5-56c8-4c23-94f5-c028f5b8057c	1	152583319	152613802	30	0.7097
f7aa01e5-56c8-4c23-94f5-c028f5b8057c	1	152614064	152795883	205	0.19
f7aa01e5-56c8-4c23-94f5-c028f5b8057c	1	152796094	158896783	3613	0.125
f7aa01e5-56c8-4c23-94f5-c028f5b8057c	1	158898711	158899969	2	2.3987
f7aa01e5-56c8-4c23-94f5-c028f5b8057c	1	158905028	163068910	2838	0.1451
f7aa01e5-56c8-4c23-94f5-c028f5b8057c	1	163074137	174657083	8268	0.1921
f7aa01e5-56c8-4c23-94f5-c028f5b8057c	1	174664167	175236035	364	0.3925
f7aa01e5-56c8-4c23-94f5-c028f5b8057c	1	175240742	178690874	2255	0.2019
f7aa01e5-56c8-4c23-94f5-c028f5b8057c	1	178691010	178691099	2	1.7334
f7aa01e5-56c8-4c23-94f5-c028f5b8057c	1	178691175	187746723	6155	0.1906
f7aa01e5-56c8-4c23-94f5-c028f5b8057c	1	187748429	187752238	2	-1.7979
f7aa01e5-56c8-4c23-94f5-c028f5b8057c	1	187755479	189407865	1042	0.209
f7aa01e5-56c8-4c23-94f5-c028f5b8057c	1	189409301	189409595	2	2.1018
f7aa01e5-56c8-4c23-94f5-c028f5b8057c	1	189409765	210842595	14500	0.2025
f7aa01e5-56c8-4c23-94f5-c028f5b8057c	1	210843076	217155778	4342	0.0369
f7aa01e5-56c8-4c23-94f5-c028f5b8057c	1	217162312	223876269	4540	0.172
f7aa01e5-56c8-4c23-94f5-c028f5b8057c	1	223876411	248930189	17418	0.3059
f7aa01e5-56c8-4c23-94f5-c028f5b8057c	2	12784	844736	576	0.0197
f7aa01e5-56c8-4c23-94f5-c028f5b8057c	2	845101	1123366	182	0.4935
f7aa01e5-56c8-4c23-94f5-c028f5b8057c	2	1123541	1615448	288	-0.0015
f7aa01e5-56c8-4c23-94f5-c028f5b8057c	2	1615831	1857561	151	0.4833
f7aa01e5-56c8-4c23-94f5-c028f5b8057c	2	1857776	34427804	22862	0.0179
f7aa01e5-56c8-4c23-94f5-c028f5b8057c	2	34434869	34511446	56	0.6693
f7aa01e5-56c8-4c23-94f5-c028f5b8057c	2	34511990	88846446	35635	0.0141
f7aa01e5-56c8-4c23-94f5-c028f5b8057c	2	88846526	91784176	323	0.1553
f7aa01e5-56c8-4c23-94f5-c028f5b8057c	2	91793514	97359885	918	0.0119
f7aa01e5-56c8-4c23-94f5-c028f5b8057c	2	97524284	97545726	9	-0.7794
f7aa01e5-56c8-4c23-94f5-c028f5b8057c	2	97550415	109701928	7688	0.0225
f7aa01e5-56c8-4c23-94f5-c028f5b8057c	2	109704919	110044146	5	1.0723
f7aa01e5-56c8-4c23-94f5-c028f5b8057c	2	110097158	111082873	353	-0.0183
f7aa01e5-56c8-4c23-94f5-c028f5b8057c	2	111083465	114781783	2047	0.1249
f7aa01e5-56c8-4c23-94f5-c028f5b8057c	2	114781802	114784928	17	0.7014
f7aa01e5-56c8-4c23-94f5-c028f5b8057c	2	114785021	118365710	2210	0.1567
f7aa01e5-56c8-4c23-94f5-c028f5b8057c	2	118366066	125684646	4702	0.0217
f7aa01e5-56c8-4c23-94f5-c028f5b8057c	2	125694074	125694336	2	1.9218
f7aa01e5-56c8-4c23-94f5-c028f5b8057c	2	125694355	129027826	2067	0.0079
f7aa01e5-56c8-4c23-94f5-c028f5b8057c	2	129027847	129031762	3	1.7382
f7aa01e5-56c8-4c23-94f5-c028f5b8057c	2	129031994	139603816	6284	0.0227
f7aa01e5-56c8-4c23-94f5-c028f5b8057c	2	139608522	139615765	2	-3.1748
f7aa01e5-56c8-4c23-94f5-c028f5b8057c	2	139620979	146106875	4012	0.026
f7aa01e5-56c8-4c23-94f5-c028f5b8057c	2	146106889	146109139	18	-1.5601
f7aa01e5-56c8-4c23-94f5-c028f5b8057c	2	146109230	152892081	4176	0.0133
f7aa01e5-56c8-4c23-94f5-c028f5b8057c	2	152892107	152894076	2	-2.6525
f7aa01e5-56c8-4c23-94f5-c028f5b8057c	2	152901689	192428710	24030	0.0309
f7aa01e5-56c8-4c23-94f5-c028f5b8057c	2	192428853	192428917	2	-1.9548
f7aa01e5-56c8-4c23-94f5-c028f5b8057c	2	192431673	203888966	6290	0.0331
f7aa01e5-56c8-4c23-94f5-c028f5b8057c	2	203889173	203891998	2	-2.0422
f7aa01e5-56c8-4c23-94f5-c028f5b8057c	2	203892182	210285292	4120	0.0249
f7aa01e5-56c8-4c23-94f5-c028f5b8057c	2	210289287	210291804	4	-1.7502
f7aa01e5-56c8-4c23-94f5-c028f5b8057c	2	210291892	224554541	9409	0.0274
f7aa01e5-56c8-4c23-94f5-c028f5b8057c	2	224555079	225209850	445	0.1575
f7aa01e5-56c8-4c23-94f5-c028f5b8057c	2	225210214	225210842	2	-1.9657
f7aa01e5-56c8-4c23-94f5-c028f5b8057c	2	225212063	226709505	976	0.1988
f7aa01e5-56c8-4c23-94f5-c028f5b8057c	2	226709684	236542392	6226	0.0155
f7aa01e5-56c8-4c23-94f5-c028f5b8057c	2	236545163	237606584	819	-0.1633
f7aa01e5-56c8-4c23-94f5-c028f5b8057c	2	237615773	238842563	761	0.0217
f7aa01e5-56c8-4c23-94f5-c028f5b8057c	2	238910991	238911116	2	-2.5558
f7aa01e5-56c8-4c23-94f5-c028f5b8057c	2	238911628	239247222	217	-0.0095
f7aa01e5-56c8-4c23-94f5-c028f5b8057c	2	239249507	242147305	1553	-0.1452
f7aa01e5-56c8-4c23-94f5-c028f5b8057c	3	20930	38846736	28225	0.0117
f7aa01e5-56c8-4c23-94f5-c028f5b8057c	3	38848023	59326633	11653	-0.1405
f7aa01e5-56c8-4c23-94f5-c028f5b8057c	3	59327157	59330284	2	-2.908
f7aa01e5-56c8-4c23-94f5-c028f5b8057c	3	59330605	70734282	9468	-0.1423
f7aa01e5-56c8-4c23-94f5-c028f5b8057c	3	70734340	70734510	2	-2.0293
f7aa01e5-56c8-4c23-94f5-c028f5b8057c	3	70734529	79742750	5703	-0.1283
f7aa01e5-56c8-4c23-94f5-c028f5b8057c	3	79743890	116527835	19133	0.0293
f7aa01e5-56c8-4c23-94f5-c028f5b8057c	3	116527859	116527889	2	-1.9144
f7aa01e5-56c8-4c23-94f5-c028f5b8057c	3	116527977	130047743	8216	0.0149
f7aa01e5-56c8-4c23-94f5-c028f5b8057c	3	130057015	130087393	36	-0.9724
f7aa01e5-56c8-4c23-94f5-c028f5b8057c	3	130088081	162790480	20260	0.0246
f7aa01e5-56c8-4c23-94f5-c028f5b8057c	3	162794869	162910826	73	0.4735
f7aa01e5-56c8-4c23-94f5-c028f5b8057c	3	162910855	193156958	19156	0.021
f7aa01e5-56c8-4c23-94f5-c028f5b8057c	3	193160113	193165114	20	0.7283
f7aa01e5-56c8-4c23-94f5-c028f5b8057c	3	193168646	195656271	1483	0.0102
f7aa01e5-56c8-4c23-94f5-c028f5b8057c	3	195663809	195729005	27	0.5322
f7aa01e5-56c8-4c23-94f5-c028f5b8057c	3	195729040	198169247	1181	0.0404
f7aa01e5-56c8-4c23-94f5-c028f5b8057c	4	68929	802433	271	0.0253
f7aa01e5-56c8-4c23-94f5-c028f5b8057c	4	802617	9430272	4868	-0.0487
f7aa01e5-56c8-4c23-94f5-c028f5b8057c	4	9433608	17455776	6275	0.0228
f7aa01e5-56c8-4c23-94f5-c028f5b8057c	4	17456466	18082496	390	0.159
f7aa01e5-56c8-4c23-94f5-c028f5b8057c	4	18083250	18568071	298	0.0237
f7aa01e5-56c8-4c23-94f5-c028f5b8057c	4	18569276	39530224	13868	-0.1246
f7aa01e5-56c8-4c23-94f5-c028f5b8057c	4	39530308	43143380	2280	0.0302
f7aa01e5-56c8-4c23-94f5-c028f5b8057c	4	43143414	43144118	3	-2.1608
f7aa01e5-56c8-4c23-94f5-c028f5b8057c	4	43144761	69254604	14300	0.0316
f7aa01e5-56c8-4c23-94f5-c028f5b8057c	4	69254981	69366081	59	-0.4555
f7aa01e5-56c8-4c23-94f5-c028f5b8057c	4	69366304	114252500	27321	0.0265
f7aa01e5-56c8-4c23-94f5-c028f5b8057c	4	114252544	114260672	22	0.6584
f7aa01e5-56c8-4c23-94f5-c028f5b8057c	4	114260754	171448195	34636	0.03
f7aa01e5-56c8-4c23-94f5-c028f5b8057c	4	171453733	171456625	12	1.2548
f7aa01e5-56c8-4c23-94f5-c028f5b8057c	4	171459220	180899306	6093	0.0208
f7aa01e5-56c8-4c23-94f5-c028f5b8057c	4	180901538	180904012	3	-1.5432
f7aa01e5-56c8-4c23-94f5-c028f5b8057c	4	180904140	182711830	1484	0.0355
f7aa01e5-56c8-4c23-94f5-c028f5b8057c	4	182712544	190106768	4898	-0.127
f7aa01e5-56c8-4c23-94f5-c028f5b8057c	5	15532	21963	4	-0.179
f7aa01e5-56c8-4c23-94f5-c028f5b8057c	5	24132	8702410	6933	0.2656
f7aa01e5-56c8-4c23-94f5-c028f5b8057c	5	8702945	8747030	46	-0.2356
f7aa01e5-56c8-4c23-94f5-c028f5b8057c	5	8749619	15719241	5186	0.2657
f7aa01e5-56c8-4c23-94f5-c028f5b8057c	5	15719966	15720488	9	-1.017
f7aa01e5-56c8-4c23-94f5-c028f5b8057c	5	15723237	22261881	3951	0.2722
f7aa01e5-56c8-4c23-94f5-c028f5b8057c	5	22265319	58025819	19600	0.0239
f7aa01e5-56c8-4c23-94f5-c028f5b8057c	5	58030200	58037706	32	1.4941
f7aa01e5-56c8-4c23-94f5-c028f5b8057c	5	58042530	69779164	7296	0.0283
f7aa01e5-56c8-4c23-94f5-c028f5b8057c	5	69822096	69822308	2	-1.5706
f7aa01e5-56c8-4c23-94f5-c028f5b8057c	5	69937600	73513801	1317	0.0414
f7aa01e5-56c8-4c23-94f5-c028f5b8057c	5	73515332	82122944	5579	-0.143
f7aa01e5-56c8-4c23-94f5-c028f5b8057c	5	82123459	82131663	3	-2.2857
f7aa01e5-56c8-4c23-94f5-c028f5b8057c	5	82132219	128441704	28723	-0.1257
f7aa01e5-56c8-4c23-94f5-c028f5b8057c	5	128442919	176033084	31420	0.0206
f7aa01e5-56c8-4c23-94f5-c028f5b8057c	5	176038686	176042504	2	-2.6498
f7aa01e5-56c8-4c23-94f5-c028f5b8057c	5	176043321	177771448	722	-0.0057
f7aa01e5-56c8-4c23-94f5-c028f5b8057c	5	177800550	177805604	3	2.0837
f7aa01e5-56c8-4c23-94f5-c028f5b8057c	5	177827964	181363319	1984	-0.0035
f7aa01e5-56c8-4c23-94f5-c028f5b8057c	6	149661	318804	130	0.2202
f7aa01e5-56c8-4c23-94f5-c028f5b8057c	6	320872	384546	77	-0.1366
f7aa01e5-56c8-4c23-94f5-c028f5b8057c	6	385056	5294139	4030	0.2497
f7aa01e5-56c8-4c23-94f5-c028f5b8057c	6	5298129	17486660	9356	0.1227
f7aa01e5-56c8-4c23-94f5-c028f5b8057c	6	17490869	18334099	580	0.2463
f7aa01e5-56c8-4c23-94f5-c028f5b8057c	6	18334188	21599469	2386	0.1531
f7aa01e5-56c8-4c23-94f5-c028f5b8057c	6	21601814	23056049	1143	0.2355
f7aa01e5-56c8-4c23-94f5-c028f5b8057c	6	23057409	23060771	4	-0.9194
f7aa01e5-56c8-4c23-94f5-c028f5b8057c	6	23064026	23324045	182	0.1615
f7aa01e5-56c8-4c23-94f5-c028f5b8057c	6	23325357	32502142	4953	-0.0386
f7aa01e5-56c8-4c23-94f5-c028f5b8057c	6	32502190	32533522	10	1.0644
f7aa01e5-56c8-4c23-94f5-c028f5b8057c	6	32540699	32636595	37	0.0806
f7aa01e5-56c8-4c23-94f5-c028f5b8057c	6	32637799	32658841	10	0.7963
f7aa01e5-56c8-4c23-94f5-c028f5b8057c	6	32682835	40257449	4799	-0.0578
f7aa01e5-56c8-4c23-94f5-c028f5b8057c	6	40257574	94648792	32638	-0.1202
f7aa01e5-56c8-4c23-94f5-c028f5b8057c	6	94657074	94657466	2	-2.7895
f7aa01e5-56c8-4c23-94f5-c028f5b8057c	6	94659841	103290101	4980	-0.1223
f7aa01e5-56c8-4c23-94f5-c028f5b8057c	6	103290164	103314186	45	0.7139
f7aa01e5-56c8-4c23-94f5-c028f5b8057c	6	103317795	149968822	29466	-0.1293
f7aa01e5-56c8-4c23-94f5-c028f5b8057c	6	149971745	150484087	399	0.0219
f7aa01e5-56c8-4c23-94f5-c028f5b8057c	6	150484102	168127339	12535	-0.1382
f7aa01e5-56c8-4c23-94f5-c028f5b8057c	6	168134224	168138002	7	-1.2174
f7aa01e5-56c8-4c23-94f5-c028f5b8057c	6	168139846	170741917	1719	-0.1533
f7aa01e5-56c8-4c23-94f5-c028f5b8057c	7	43355	39810548	28503	0.1546
f7aa01e5-56c8-4c23-94f5-c028f5b8057c	7	39814008	140128474	57106	0.0196
f7aa01e5-56c8-4c23-94f5-c028f5b8057c	7	140131785	159254165	12091	-0.1381
f7aa01e5-56c8-4c23-94f5-c028f5b8057c	7	159254194	159334314	73	0.0254
f7aa01e5-56c8-4c23-94f5-c028f5b8057c	8	81254	7397588	7740	-0.145
f7aa01e5-56c8-4c23-94f5-c028f5b8057c	8	7414835	7513956	11	0.8079
f7aa01e5-56c8-4c23-94f5-c028f5b8057c	8	7514723	7890177	13	0.1138
f7aa01e5-56c8-4c23-94f5-c028f5b8057c	8	7919608	7974123	5	0.955
f7aa01e5-56c8-4c23-94f5-c028f5b8057c	8	7981252	12176798	3237	0.0043
f7aa01e5-56c8-4c23-94f5-c028f5b8057c	8	12177488	12545544	38	0.7225
f7aa01e5-56c8-4c23-94f5-c028f5b8057c	8	12545655	20483967	7173	0.0267
f7aa01e5-56c8-4c23-94f5-c028f5b8057c	8	20484390	25122472	3247	-0.0486
f7aa01e5-56c8-4c23-94f5-c028f5b8057c	8	25126554	25126626	2	-1.9896
f7aa01e5-56c8-4c23-94f5-c028f5b8057c	8	25126641	27064595	1517	-0.0288
f7aa01e5-56c8-4c23-94f5-c028f5b8057c	8	27065541	55287441	15506	0.0228
f7aa01e5-56c8-4c23-94f5-c028f5b8057c	8	55288562	57005385	1105	0.1681
f7aa01e5-56c8-4c23-94f5-c028f5b8057c	8	57006920	57016644	7	-0.6541
f7aa01e5-56c8-4c23-94f5-c028f5b8057c	8	57025292	77198057	12638	0.1631
f7aa01e5-56c8-4c23-94f5-c028f5b8057c	8	77209077	114622325	22120	0.2732
f7aa01e5-56c8-4c23-94f5-c028f5b8057c	8	114622424	114629502	33	-0.3554
f7aa01e5-56c8-4c23-94f5-c028f5b8057c	8	114638468	144857113	20935	0.2677
f7aa01e5-56c8-4c23-94f5-c028f5b8057c	8	144858403	145072769	127	0.1919
f7aa01e5-56c8-4c23-94f5-c028f5b8057c	9	46587	32463966	27119	-0.1112
f7aa01e5-56c8-4c23-94f5-c028f5b8057c	9	32465448	42073850	4144	0.0182
f7aa01e5-56c8-4c23-94f5-c028f5b8057c	9	42080170	42151226	10	0.9212
f7aa01e5-56c8-4c23-94f5-c028f5b8057c	9	42151481	61561095	94	0.0024
f7aa01e5-56c8-4c23-94f5-c028f5b8057c	9	61566296	61572014	2	-2.1458
f7aa01e5-56c8-4c23-94f5-c028f5b8057c	9	61573452	114308806	32982	0.019
f7aa01e5-56c8-4c23-94f5-c028f5b8057c	9	114312057	123495757	6919	0.0671
f7aa01e5-56c8-4c23-94f5-c028f5b8057c	9	123496332	138200944	8185	0.0123
f7aa01e5-56c8-4c23-94f5-c028f5b8057c	10	45792	1125794	624	0.167
f7aa01e5-56c8-4c23-94f5-c028f5b8057c	10	1125883	1150719	16	-0.4373
f7aa01e5-56c8-4c23-94f5-c028f5b8057c	10	1151717	14033897	11217	0.1382
f7aa01e5-56c8-4c23-94f5-c028f5b8057c	10	14036853	15706479	1406	0.0086
f7aa01e5-56c8-4c23-94f5-c028f5b8057c	10	15707444	15709824	2	-1.8669
f7aa01e5-56c8-4c23-94f5-c028f5b8057c	10	15712729	18501574	2085	-0.0084
f7aa01e5-56c8-4c23-94f5-c028f5b8057c	10	18501798	18501890	2	-1.8458
f7aa01e5-56c8-4c23-94f5-c028f5b8057c	10	18505966	46225795	16166	0.0116
f7aa01e5-56c8-4c23-94f5-c028f5b8057c	10	46226215	46226691	2	-2.6169
f7aa01e5-56c8-4c23-94f5-c028f5b8057c	10	46228771	50081224	1871	0.0437
f7aa01e5-56c8-4c23-94f5-c028f5b8057c	10	50097459	50132160	3	-1.6689
f7aa01e5-56c8-4c23-94f5-c028f5b8057c	10	50144008	54920517	3640	0.023
f7aa01e5-56c8-4c23-94f5-c028f5b8057c	10	54923330	54929747	4	-1.3685
f7aa01e5-56c8-4c23-94f5-c028f5b8057c	10	54929994	80121266	16777	0.0119
f7aa01e5-56c8-4c23-94f5-c028f5b8057c	10	80122198	80237692	85	0.135
f7aa01e5-56c8-4c23-94f5-c028f5b8057c	10	80248392	115247729	23281	-0.1297
f7aa01e5-56c8-4c23-94f5-c028f5b8057c	10	115252373	116220129	684	0.0948
f7aa01e5-56c8-4c23-94f5-c028f5b8057c	10	116220940	133654968	12747	-0.1458
f7aa01e5-56c8-4c23-94f5-c028f5b8057c	11	198510	218011	10	0.3296
f7aa01e5-56c8-4c23-94f5-c028f5b8057c	11	221584	743020	169	-0.0166
f7aa01e5-56c8-4c23-94f5-c028f5b8057c	11	743813	5757293	3042	0.0631
f7aa01e5-56c8-4c23-94f5-c028f5b8057c	11	5761695	5795002	46	0.4034
f7aa01e5-56c8-4c23-94f5-c028f5b8057c	11	5795055	18912365	9394	0.0752
f7aa01e5-56c8-4c23-94f5-c028f5b8057c	11	18913287	18949201	58	0.4075
f7aa01e5-56c8-4c23-94f5-c028f5b8057c	11	18949628	21733139	2518	0.0546
f7aa01e5-56c8-4c23-94f5-c028f5b8057c	11	21735961	21741547	3	-1.2152
f7aa01e5-56c8-4c23-94f5-c028f5b8057c	11	21741865	22092537	247	0.0915
f7aa01e5-56c8-4c23-94f5-c028f5b8057c	11	22092547	65441793	24366	0.0209
f7aa01e5-56c8-4c23-94f5-c028f5b8057c	11	65443548	82499227	9735	0.144
f7aa01e5-56c8-4c23-94f5-c028f5b8057c	11	82503373	135074876	37187	-0.1307
f7aa01e5-56c8-4c23-94f5-c028f5b8057c	12	51460	228278	102	0.0111
f7aa01e5-56c8-4c23-94f5-c028f5b8057c	12	229307	9481274	6072	0.11
f7aa01e5-56c8-4c23-94f5-c028f5b8057c	12	9485313	9561078	21	-1.2391
f7aa01e5-56c8-4c23-94f5-c028f5b8057c	12	9562969	11350505	1175	0.1121
f7aa01e5-56c8-4c23-94f5-c028f5b8057c	12	11350579	11399258	37	0.587
f7aa01e5-56c8-4c23-94f5-c028f5b8057c	12	11399668	20039523	5948	0.1145
f7aa01e5-56c8-4c23-94f5-c028f5b8057c	12	20043065	33148600	9423	0.0195
f7aa01e5-56c8-4c23-94f5-c028f5b8057c	12	33148627	33155929	30	0.4346
f7aa01e5-56c8-4c23-94f5-c028f5b8057c	12	33155999	33565876	258	0.0049
f7aa01e5-56c8-4c23-94f5-c028f5b8057c	12	33569867	39002388	1158	0.1106
f7aa01e5-56c8-4c23-94f5-c028f5b8057c	12	39005111	56787096	10531	0.0152
f7aa01e5-56c8-4c23-94f5-c028f5b8057c	12	56787478	57511802	342	0.1499
f7aa01e5-56c8-4c23-94f5-c028f5b8057c	12	57511904	64337510	4311	0.0071
f7aa01e5-56c8-4c23-94f5-c028f5b8057c	12	64338514	81413944	11144	0.1494
f7aa01e5-56c8-4c23-94f5-c028f5b8057c	12	81416664	133201603	34247	0.011
f7aa01e5-56c8-4c23-94f5-c028f5b8057c	13	18452809	19199239	328	0.0185
f7aa01e5-56c8-4c23-94f5-c028f5b8057c	13	19199374	19207320	4	1.0431
f7aa01e5-56c8-4c23-94f5-c028f5b8057c	13	19207626	19227954	8	-0.5105
f7aa01e5-56c8-4c23-94f5-c028f5b8057c	13	19228339	19265464	17	0.1178
f7aa01e5-56c8-4c23-94f5-c028f5b8057c	13	19265534	19268392	4	-1.2781
f7aa01e5-56c8-4c23-94f5-c028f5b8057c	13	19268392	22959233	2410	0.0195
f7aa01e5-56c8-4c23-94f5-c028f5b8057c	13	22971458	22978361	8	-1.1806
f7aa01e5-56c8-4c23-94f5-c028f5b8057c	13	22978828	29184750	4669	0.0296
f7aa01e5-56c8-4c23-94f5-c028f5b8057c	13	29184786	91420344	40228	-0.1245
f7aa01e5-56c8-4c23-94f5-c028f5b8057c	13	91421562	94696371	2303	0.0283
f7aa01e5-56c8-4c23-94f5-c028f5b8057c	13	94696794	95929717	828	-0.1496
f7aa01e5-56c8-4c23-94f5-c028f5b8057c	13	95933984	114342922	13309	0.0168
f7aa01e5-56c8-4c23-94f5-c028f5b8057c	14	18239283	18640726	15	0.0463
f7aa01e5-56c8-4c23-94f5-c028f5b8057c	14	18646056	19955213	152	0.4871
f7aa01e5-56c8-4c23-94f5-c028f5b8057c	14	19956767	22474486	1803	-0.0166
f7aa01e5-56c8-4c23-94f5-c028f5b8057c	14	22474596	22486728	11	-0.9345
f7aa01e5-56c8-4c23-94f5-c028f5b8057c	14	22490304	26689706	2737	0.0275
f7aa01e5-56c8-4c23-94f5-c028f5b8057c	14	26690312	26691271	2	-1.7291
f7aa01e5-56c8-4c23-94f5-c028f5b8057c	14	26692813	35231356	5338	0.027
f7aa01e5-56c8-4c23-94f5-c028f5b8057c	14	35232043	35234315	4	-1.1023
f7aa01e5-56c8-4c23-94f5-c028f5b8057c	14	35234633	41572007	3968	0.0143
f7aa01e5-56c8-4c23-94f5-c028f5b8057c	14	41572918	47991007	3782	0.0637
f7aa01e5-56c8-4c23-94f5-c028f5b8057c	14	47992031	64439547	10727	0.0169
f7aa01e5-56c8-4c23-94f5-c028f5b8057c	14	64442127	106321086	26540	-0.123
f7aa01e5-56c8-4c23-94f5-c028f5b8057c	14	106340102	106365807	11	-1.1411
f7aa01e5-56c8-4c23-94f5-c028f5b8057c	14	106369985	106603061	134	-0.163
f7aa01e5-56c8-4c23-94f5-c028f5b8057c	14	106610265	106877229	136	0.0221
f7aa01e5-56c8-4c23-94f5-c028f5b8057c	15	19811075	21070355	163	-0.0813
f7aa01e5-56c8-4c23-94f5-c028f5b8057c	15	21071626	22003073	16	-0.6999
f7aa01e5-56c8-4c23-94f5-c028f5b8057c	15	22005276	61612835	24811	0.0112
f7aa01e5-56c8-4c23-94f5-c028f5b8057c	15	61613626	64987252	2132	0.1372
f7aa01e5-56c8-4c23-94f5-c028f5b8057c	15	64991096	69037475	2533	0.0161
f7aa01e5-56c8-4c23-94f5-c028f5b8057c	15	69038945	69039020	2	2.3687
f7aa01e5-56c8-4c23-94f5-c028f5b8057c	15	69045335	101928837	21869	0.006
f7aa01e5-56c8-4c23-94f5-c028f5b8057c	16	10777	6075543	3225	0.0074
f7aa01e5-56c8-4c23-94f5-c028f5b8057c	16	6077568	6077991	2	1.9184
f7aa01e5-56c8-4c23-94f5-c028f5b8057c	16	6078399	12555002	6180	0.011
f7aa01e5-56c8-4c23-94f5-c028f5b8057c	16	12555121	12555138	2	2.1471
f7aa01e5-56c8-4c23-94f5-c028f5b8057c	16	12556390	55762663	17511	0.0234
f7aa01e5-56c8-4c23-94f5-c028f5b8057c	16	55762682	55775312	10	1.3662
f7aa01e5-56c8-4c23-94f5-c028f5b8057c	16	55775554	70105639	8763	0.0193
f7aa01e5-56c8-4c23-94f5-c028f5b8057c	16	70117657	70163864	12	0.6377
f7aa01e5-56c8-4c23-94f5-c028f5b8057c	16	70164427	75026200	2677	0.0105
f7aa01e5-56c8-4c23-94f5-c028f5b8057c	16	75029112	78337711	2833	-0.1393
f7aa01e5-56c8-4c23-94f5-c028f5b8057c	16	78338543	78345778	13	-1.645
f7aa01e5-56c8-4c23-94f5-c028f5b8057c	16	78349243	90096867	10608	-0.146
f7aa01e5-56c8-4c23-94f5-c028f5b8057c	17	150733	21399126	12564	-0.1353
f7aa01e5-56c8-4c23-94f5-c028f5b8057c	17	21399695	46124022	10775	0.0176
f7aa01e5-56c8-4c23-94f5-c028f5b8057c	17	46124072	46284643	95	-0.3296
f7aa01e5-56c8-4c23-94f5-c028f5b8057c	17	46284997	46446360	6	0.9279
f7aa01e5-56c8-4c23-94f5-c028f5b8057c	17	46569894	48076385	713	0.031
f7aa01e5-56c8-4c23-94f5-c028f5b8057c	17	48080344	58516164	6848	0.14
f7aa01e5-56c8-4c23-94f5-c028f5b8057c	17	58521630	66087570	3720	0.2567
f7aa01e5-56c8-4c23-94f5-c028f5b8057c	17	66094364	66118795	12	-0.5174
f7aa01e5-56c8-4c23-94f5-c028f5b8057c	17	66120648	83091923	10271	0.2598
f7aa01e5-56c8-4c23-94f5-c028f5b8057c	18	48133	14419092	10116	0.0025
f7aa01e5-56c8-4c23-94f5-c028f5b8057c	18	14420243	44468249	15095	0.0326
f7aa01e5-56c8-4c23-94f5-c028f5b8057c	18	44468530	65532829	14684	0.01
f7aa01e5-56c8-4c23-94f5-c028f5b8057c	18	65532840	65540145	21	0.6727
f7aa01e5-56c8-4c23-94f5-c028f5b8057c	18	65540175	66054343	355	0.0497
f7aa01e5-56c8-4c23-94f5-c028f5b8057c	18	66060256	66061104	12	-1.2543
f7aa01e5-56c8-4c23-94f5-c028f5b8057c	18	66065502	75639434	7186	0.0124
f7aa01e5-56c8-4c23-94f5-c028f5b8057c	18	75639957	75640874	2	-2.1988
f7aa01e5-56c8-4c23-94f5-c028f5b8057c	18	75641031	77168644	1212	-0.0067
f7aa01e5-56c8-4c23-94f5-c028f5b8057c	18	77169420	77169704	2	-1.9431
f7aa01e5-56c8-4c23-94f5-c028f5b8057c	18	77170422	80257174	2018	-0.0021
f7aa01e5-56c8-4c23-94f5-c028f5b8057c	19	90910	27798320	11252	0.014
f7aa01e5-56c8-4c23-94f5-c028f5b8057c	19	27803571	27826435	21	-0.6945
f7aa01e5-56c8-4c23-94f5-c028f5b8057c	19	27828826	51628560	13483	0.0051
f7aa01e5-56c8-4c23-94f5-c028f5b8057c	19	51639099	51644944	11	-0.7173
f7aa01e5-56c8-4c23-94f5-c028f5b8057c	19	51651652	58586487	4336	0.0204
f7aa01e5-56c8-4c23-94f5-c028f5b8057c	20	80664	175765	78	0.1511
f7aa01e5-56c8-4c23-94f5-c028f5b8057c	20	176706	37466037	23037	0.0079
f7aa01e5-56c8-4c23-94f5-c028f5b8057c	20	37466486	50772694	9348	0.1433
f7aa01e5-56c8-4c23-94f5-c028f5b8057c	20	50777407	64186406	9822	0.2603
f7aa01e5-56c8-4c23-94f5-c028f5b8057c	20	64188192	64324800	80	0.1432
f7aa01e5-56c8-4c23-94f5-c028f5b8057c	21	10354168	46677045	23846	0.0278
f7aa01e5-56c8-4c23-94f5-c028f5b8057c	22	15294547	23981995	4392	0.0158
f7aa01e5-56c8-4c23-94f5-c028f5b8057c	22	23987520	23989773	3	-2.412
f7aa01e5-56c8-4c23-94f5-c028f5b8057c	22	23990431	25340707	869	0.0148
f7aa01e5-56c8-4c23-94f5-c028f5b8057c	22	25340708	25340710	3	1.948
f7aa01e5-56c8-4c23-94f5-c028f5b8057c	22	25340711	27089997	1778	0.0111
f7aa01e5-56c8-4c23-94f5-c028f5b8057c	22	27093348	27095081	2	-2.0683
f7aa01e5-56c8-4c23-94f5-c028f5b8057c	22	27095236	31406735	2749	0.0065
f7aa01e5-56c8-4c23-94f5-c028f5b8057c	22	31414243	41842566	6986	-0.1307
f7aa01e5-56c8-4c23-94f5-c028f5b8057c	22	41843218	45810499	2791	0.0184
f7aa01e5-56c8-4c23-94f5-c028f5b8057c	22	45810820	50622315	3597	-0.1447
f7aa01e5-56c8-4c23-94f5-c028f5b8057c	22	50622976	50796027	84	0.0488
f7aa01e5-56c8-4c23-94f5-c028f5b8057c	X	251810	126799266	66597	0.0161
f7aa01e5-56c8-4c23-94f5-c028f5b8057c	X	126804907	126826893	16	-0.8052
f7aa01e5-56c8-4c23-94f5-c028f5b8057c	X	126830749	127017056	96	-0.0081
f7aa01e5-56c8-4c23-94f5-c028f5b8057c	X	127022447	127211734	102	-0.6378
f7aa01e5-56c8-4c23-94f5-c028f5b8057c	X	127219549	155952689	16794	0.0126
f7aa01e5-56c8-4c23-94f5-c028f5b8057c	Y	2782397	3137227	151	-2.4503
f7aa01e5-56c8-4c23-94f5-c028f5b8057c	Y	3138099	6076562	567	-2.1504
f7aa01e5-56c8-4c23-94f5-c028f5b8057c	Y	6080059	12912709	2293	-2.5652
f7aa01e5-56c8-4c23-94f5-c028f5b8057c	Y	12914512	12918905	5	-6.1995
f7aa01e5-56c8-4c23-94f5-c028f5b8057c	Y	12920376	13478396	246	-2.45
f7aa01e5-56c8-4c23-94f5-c028f5b8057c	Y	13478462	13482643	3	-7.8202
f7aa01e5-56c8-4c23-94f5-c028f5b8057c	Y	13483009	17056257	1752	-2.5364
f7aa01e5-56c8-4c23-94f5-c028f5b8057c	Y	17056790	17067583	4	-6.8147
f7aa01e5-56c8-4c23-94f5-c028f5b8057c	Y	17067660	56872112	1615	-2.5744
