GDC_Aliquot	Chromosome	Start	End	Num_Probes	Segment_Mean
37d17072-0bcc-41ed-a80e-87a27ea956d4	1	62920	2647902	516	0.4566
37d17072-0bcc-41ed-a80e-87a27ea956d4	1	2777898	16689764	8129	-0.7425
37d17072-0bcc-41ed-a80e-87a27ea956d4	1	16718963	16721984	6	-2.4657
37d17072-0bcc-41ed-a80e-87a27ea956d4	1	16766762	16898730	27	-1.3285
37d17072-0bcc-41ed-a80e-87a27ea956d4	1	16898872	16909373	7	-0.3137
37d17072-0bcc-41ed-a80e-87a27ea956d4	1	16909713	16934716	27	-1.4936
37d17072-0bcc-41ed-a80e-87a27ea956d4	1	16934753	61846308	26738	-0.7354
37d17072-0bcc-41ed-a80e-87a27ea956d4	1	61852260	72303233	7164	0.5518
37d17072-0bcc-41ed-a80e-87a27ea956d4	1	72303253	72345450	44	1.6466
37d17072-0bcc-41ed-a80e-87a27ea956d4	1	72345465	105470132	20926	0.5536
37d17072-0bcc-41ed-a80e-87a27ea956d4	1	105470754	105479753	18	1.271
37d17072-0bcc-41ed-a80e-87a27ea956d4	1	105481433	108223733	1954	0.5388
37d17072-0bcc-41ed-a80e-87a27ea956d4	1	108226680	108274557	2	-2.3605
37d17072-0bcc-41ed-a80e-87a27ea956d4	1	108310648	108358141	45	0.5506
37d17072-0bcc-41ed-a80e-87a27ea956d4	1	108358744	108367395	3	-0.532
37d17072-0bcc-41ed-a80e-87a27ea956d4	1	108368123	109684893	628	0.5619
37d17072-0bcc-41ed-a80e-87a27ea956d4	1	109690352	109697556	13	2.5528
37d17072-0bcc-41ed-a80e-87a27ea956d4	1	109702376	110833598	835	0.5696
37d17072-0bcc-41ed-a80e-87a27ea956d4	1	110834746	110845604	39	0.1094
37d17072-0bcc-41ed-a80e-87a27ea956d4	1	110849445	143547139	6271	0.555
37d17072-0bcc-41ed-a80e-87a27ea956d4	1	143547196	143811517	113	0.7829
37d17072-0bcc-41ed-a80e-87a27ea956d4	1	143890323	152583051	2319	0.5501
37d17072-0bcc-41ed-a80e-87a27ea956d4	1	152583230	152614118	35	-0.2446
37d17072-0bcc-41ed-a80e-87a27ea956d4	1	152618018	189679027	24894	0.5512
37d17072-0bcc-41ed-a80e-87a27ea956d4	1	189679353	189679397	2	-1.2828
37d17072-0bcc-41ed-a80e-87a27ea956d4	1	189682917	198782093	5934	0.5287
37d17072-0bcc-41ed-a80e-87a27ea956d4	1	198782411	212518439	9330	0.5636
37d17072-0bcc-41ed-a80e-87a27ea956d4	1	212519903	227238371	9915	-0.7533
37d17072-0bcc-41ed-a80e-87a27ea956d4	1	227238504	227238705	2	-3.9384
37d17072-0bcc-41ed-a80e-87a27ea956d4	1	227241477	230315666	1851	-0.7495
37d17072-0bcc-41ed-a80e-87a27ea956d4	1	230316577	230318297	4	-4.1735
37d17072-0bcc-41ed-a80e-87a27ea956d4	1	230318539	248930189	13437	-0.7515
37d17072-0bcc-41ed-a80e-87a27ea956d4	2	12784	4158097	2987	0.0396
37d17072-0bcc-41ed-a80e-87a27ea956d4	2	4166274	4176429	42	-0.5258
37d17072-0bcc-41ed-a80e-87a27ea956d4	2	4182472	52527743	34066	0.0515
37d17072-0bcc-41ed-a80e-87a27ea956d4	2	52531615	52554404	33	0.7104
37d17072-0bcc-41ed-a80e-87a27ea956d4	2	52560811	97192190	23790	0.0402
37d17072-0bcc-41ed-a80e-87a27ea956d4	2	97199600	97211436	14	0.8307
37d17072-0bcc-41ed-a80e-87a27ea956d4	2	97310327	97359885	13	0.181
37d17072-0bcc-41ed-a80e-87a27ea956d4	2	97524284	97545726	9	-1.1358
37d17072-0bcc-41ed-a80e-87a27ea956d4	2	97550415	105731748	5112	0.0461
37d17072-0bcc-41ed-a80e-87a27ea956d4	2	105731859	105734754	7	-0.9996
37d17072-0bcc-41ed-a80e-87a27ea956d4	2	105737681	107824280	1446	0.0336
37d17072-0bcc-41ed-a80e-87a27ea956d4	2	107830513	107864451	2	-1.8247
37d17072-0bcc-41ed-a80e-87a27ea956d4	2	107875632	146106875	22801	0.0406
37d17072-0bcc-41ed-a80e-87a27ea956d4	2	146106889	146109366	21	0.767
37d17072-0bcc-41ed-a80e-87a27ea956d4	2	146120238	159102108	7765	0.0373
37d17072-0bcc-41ed-a80e-87a27ea956d4	2	159103831	159104461	2	-1.7959
37d17072-0bcc-41ed-a80e-87a27ea956d4	2	159106775	163780342	2795	0.0487
37d17072-0bcc-41ed-a80e-87a27ea956d4	2	163786978	163788616	5	-1.1511
37d17072-0bcc-41ed-a80e-87a27ea956d4	2	163790132	179933826	10197	0.0491
37d17072-0bcc-41ed-a80e-87a27ea956d4	2	179943325	199056025	11046	0.0287
37d17072-0bcc-41ed-a80e-87a27ea956d4	2	199057162	242147305	27146	0.0594
37d17072-0bcc-41ed-a80e-87a27ea956d4	3	20930	2875681	2494	-0.0389
37d17072-0bcc-41ed-a80e-87a27ea956d4	3	2875753	3570914	694	0.4431
37d17072-0bcc-41ed-a80e-87a27ea956d4	3	3572598	6706363	2717	-0.0167
37d17072-0bcc-41ed-a80e-87a27ea956d4	3	6706382	16197556	6965	0.0802
37d17072-0bcc-41ed-a80e-87a27ea956d4	3	16199049	16199672	6	-2.2982
37d17072-0bcc-41ed-a80e-87a27ea956d4	3	16199818	37935926	14697	0.0542
37d17072-0bcc-41ed-a80e-87a27ea956d4	3	37940617	37945392	17	-0.8192
37d17072-0bcc-41ed-a80e-87a27ea956d4	3	37945437	38375220	265	0.0022
37d17072-0bcc-41ed-a80e-87a27ea956d4	3	38375854	76790200	25443	0.0671
37d17072-0bcc-41ed-a80e-87a27ea956d4	3	76791105	99218940	10304	0.0315
37d17072-0bcc-41ed-a80e-87a27ea956d4	3	99225614	99230464	36	-0.5934
37d17072-0bcc-41ed-a80e-87a27ea956d4	3	99230470	130047743	18682	0.0494
37d17072-0bcc-41ed-a80e-87a27ea956d4	3	130057015	130092428	44	0.3515
37d17072-0bcc-41ed-a80e-87a27ea956d4	3	130092512	143566923	8346	0.0611
37d17072-0bcc-41ed-a80e-87a27ea956d4	3	143566958	143567132	4	1.2391
37d17072-0bcc-41ed-a80e-87a27ea956d4	3	143567959	158632329	9274	0.0474
37d17072-0bcc-41ed-a80e-87a27ea956d4	3	158633095	158633756	2	-2.2512
37d17072-0bcc-41ed-a80e-87a27ea956d4	3	158641083	195737995	23355	0.0536
37d17072-0bcc-41ed-a80e-87a27ea956d4	3	195746925	195747892	3	-1.3543
37d17072-0bcc-41ed-a80e-87a27ea956d4	3	195751823	198111566	1148	0.0515
37d17072-0bcc-41ed-a80e-87a27ea956d4	3	198118345	198169247	17	-0.4515
37d17072-0bcc-41ed-a80e-87a27ea956d4	4	68929	1058451	353	-0.0335
37d17072-0bcc-41ed-a80e-87a27ea956d4	4	1058613	3597723	1082	0.0711
37d17072-0bcc-41ed-a80e-87a27ea956d4	4	3598142	3600457	2	-2.5531
37d17072-0bcc-41ed-a80e-87a27ea956d4	4	3607663	10221792	4259	0.0934
37d17072-0bcc-41ed-a80e-87a27ea956d4	4	10222004	10232642	29	-1.5792
37d17072-0bcc-41ed-a80e-87a27ea956d4	4	10232984	34676796	16885	0.0512
37d17072-0bcc-41ed-a80e-87a27ea956d4	4	34683428	34685549	4	1.5873
37d17072-0bcc-41ed-a80e-87a27ea956d4	4	34698272	34777432	61	0.0455
37d17072-0bcc-41ed-a80e-87a27ea956d4	4	34784878	34823103	38	-0.4763
37d17072-0bcc-41ed-a80e-87a27ea956d4	4	34828250	49112078	8949	0.0438
37d17072-0bcc-41ed-a80e-87a27ea956d4	4	49113964	49141246	2	-1.6935
37d17072-0bcc-41ed-a80e-87a27ea956d4	4	49146817	53797580	1214	0.0522
37d17072-0bcc-41ed-a80e-87a27ea956d4	4	53799254	53799392	2	-1.585
37d17072-0bcc-41ed-a80e-87a27ea956d4	4	53800784	68509237	9249	0.0382
37d17072-0bcc-41ed-a80e-87a27ea956d4	4	68509442	68623617	63	-1.1581
37d17072-0bcc-41ed-a80e-87a27ea956d4	4	68639397	129802344	36846	0.0538
37d17072-0bcc-41ed-a80e-87a27ea956d4	4	129802567	135505427	3064	0.0173
37d17072-0bcc-41ed-a80e-87a27ea956d4	4	135509462	155964036	12523	0.0621
37d17072-0bcc-41ed-a80e-87a27ea956d4	4	155966920	155967143	4	-1.3552
37d17072-0bcc-41ed-a80e-87a27ea956d4	4	155967160	156029226	50	0.0483
37d17072-0bcc-41ed-a80e-87a27ea956d4	4	156030597	156053545	21	-0.5223
37d17072-0bcc-41ed-a80e-87a27ea956d4	4	156056476	160041837	2369	0.0715
37d17072-0bcc-41ed-a80e-87a27ea956d4	4	160045000	160055139	8	-0.8508
37d17072-0bcc-41ed-a80e-87a27ea956d4	4	160057744	160952848	675	0.0761
37d17072-0bcc-41ed-a80e-87a27ea956d4	4	160958866	160963448	20	0.5913
37d17072-0bcc-41ed-a80e-87a27ea956d4	4	160963756	188300104	17992	0.0553
37d17072-0bcc-41ed-a80e-87a27ea956d4	4	188300206	188300221	2	-1.7874
37d17072-0bcc-41ed-a80e-87a27ea956d4	4	188300270	188373439	73	0.0358
37d17072-0bcc-41ed-a80e-87a27ea956d4	4	188379142	188379470	2	-1.7441
37d17072-0bcc-41ed-a80e-87a27ea956d4	4	188379569	190106768	1067	0.052
37d17072-0bcc-41ed-a80e-87a27ea956d4	5	15532	642714	278	0.0259
37d17072-0bcc-41ed-a80e-87a27ea956d4	5	642865	852451	76	-0.2208
37d17072-0bcc-41ed-a80e-87a27ea956d4	5	863682	7230289	5406	0.0724
37d17072-0bcc-41ed-a80e-87a27ea956d4	5	7238099	7255808	18	0.7611
37d17072-0bcc-41ed-a80e-87a27ea956d4	5	7255871	7281087	19	0.0786
37d17072-0bcc-41ed-a80e-87a27ea956d4	5	7285718	7299587	3	-0.648
37d17072-0bcc-41ed-a80e-87a27ea956d4	5	7302780	7409916	72	0.1431
37d17072-0bcc-41ed-a80e-87a27ea956d4	5	7414045	7473941	57	0.679
37d17072-0bcc-41ed-a80e-87a27ea956d4	5	7477808	17828029	7583	0.0694
37d17072-0bcc-41ed-a80e-87a27ea956d4	5	17828744	17828760	2	-2.2737
37d17072-0bcc-41ed-a80e-87a27ea956d4	5	17829678	21449167	2175	0.0377
37d17072-0bcc-41ed-a80e-87a27ea956d4	5	21451091	21452329	5	-1.7774
37d17072-0bcc-41ed-a80e-87a27ea956d4	5	21452387	46271006	14924	0.0438
37d17072-0bcc-41ed-a80e-87a27ea956d4	5	46271828	46273400	6	-1.5133
37d17072-0bcc-41ed-a80e-87a27ea956d4	5	46278110	50151472	21	0.0481
37d17072-0bcc-41ed-a80e-87a27ea956d4	5	50159802	50279343	31	0.5342
37d17072-0bcc-41ed-a80e-87a27ea956d4	5	50287719	166317018	72009	0.0504
37d17072-0bcc-41ed-a80e-87a27ea956d4	5	166317364	179468398	8956	0.0844
37d17072-0bcc-41ed-a80e-87a27ea956d4	5	179469618	179498842	19	-0.0571
37d17072-0bcc-41ed-a80e-87a27ea956d4	5	179501760	179509721	5	-0.9764
37d17072-0bcc-41ed-a80e-87a27ea956d4	5	179510391	180960138	837	0.0532
37d17072-0bcc-41ed-a80e-87a27ea956d4	5	180964302	181006225	16	-0.5023
37d17072-0bcc-41ed-a80e-87a27ea956d4	5	181006264	181363319	169	0.0458
37d17072-0bcc-41ed-a80e-87a27ea956d4	6	149661	291082	119	-0.0028
37d17072-0bcc-41ed-a80e-87a27ea956d4	6	294286	381149	83	0.4315
37d17072-0bcc-41ed-a80e-87a27ea956d4	6	382559	31313046	22097	0.0623
37d17072-0bcc-41ed-a80e-87a27ea956d4	6	31318499	31327629	7	-1.6572
37d17072-0bcc-41ed-a80e-87a27ea956d4	6	31328176	32486746	506	0.052
37d17072-0bcc-41ed-a80e-87a27ea956d4	6	32488906	32605994	29	1.1249
37d17072-0bcc-41ed-a80e-87a27ea956d4	6	32606237	32735244	82	0.3396
37d17072-0bcc-41ed-a80e-87a27ea956d4	6	32735385	46942313	9034	0.0704
37d17072-0bcc-41ed-a80e-87a27ea956d4	6	46942678	64643440	8831	0.0413
37d17072-0bcc-41ed-a80e-87a27ea956d4	6	64644215	74059509	6235	-0.768
37d17072-0bcc-41ed-a80e-87a27ea956d4	6	74061932	74062363	2	-3.4901
37d17072-0bcc-41ed-a80e-87a27ea956d4	6	74062837	76726815	1664	-0.7213
37d17072-0bcc-41ed-a80e-87a27ea956d4	6	76730151	76733530	11	-3.5485
37d17072-0bcc-41ed-a80e-87a27ea956d4	6	76736482	78253172	977	-0.7624
37d17072-0bcc-41ed-a80e-87a27ea956d4	6	78259348	78322600	107	-1.7223
37d17072-0bcc-41ed-a80e-87a27ea956d4	6	78322875	103286954	15391	-0.7557
37d17072-0bcc-41ed-a80e-87a27ea956d4	6	103290101	103314186	46	0.3561
37d17072-0bcc-41ed-a80e-87a27ea956d4	6	103317795	150659890	29878	-0.7557
37d17072-0bcc-41ed-a80e-87a27ea956d4	6	150660829	152597649	1487	0.0424
37d17072-0bcc-41ed-a80e-87a27ea956d4	6	152599525	164120292	8192	-0.769
37d17072-0bcc-41ed-a80e-87a27ea956d4	6	164121189	164130859	5	-2.7014
37d17072-0bcc-41ed-a80e-87a27ea956d4	6	164135716	170741917	4409	-0.802
37d17072-0bcc-41ed-a80e-87a27ea956d4	7	43355	6791305	3414	0.2972
37d17072-0bcc-41ed-a80e-87a27ea956d4	7	6797375	6799093	3	-1.4037
37d17072-0bcc-41ed-a80e-87a27ea956d4	7	6814479	12710011	4786	0.3049
37d17072-0bcc-41ed-a80e-87a27ea956d4	7	12714412	14363159	1412	0.732
37d17072-0bcc-41ed-a80e-87a27ea956d4	7	14368738	16657813	1759	0.2968
37d17072-0bcc-41ed-a80e-87a27ea956d4	7	16660822	16662121	9	-1.0393
37d17072-0bcc-41ed-a80e-87a27ea956d4	7	16662219	38246926	15927	0.3045
37d17072-0bcc-41ed-a80e-87a27ea956d4	7	38248326	38345240	121	0.5309
37d17072-0bcc-41ed-a80e-87a27ea956d4	7	38347190	49340013	7297	0.3083
37d17072-0bcc-41ed-a80e-87a27ea956d4	7	49341639	49349588	6	-0.7244
37d17072-0bcc-41ed-a80e-87a27ea956d4	7	49351430	54000925	3430	0.3023
37d17072-0bcc-41ed-a80e-87a27ea956d4	7	54007398	54305455	247	0.5208
37d17072-0bcc-41ed-a80e-87a27ea956d4	7	54318812	54318824	6	-1.4567
37d17072-0bcc-41ed-a80e-87a27ea956d4	7	54325795	57960277	2039	0.5459
37d17072-0bcc-41ed-a80e-87a27ea956d4	7	61083061	63049498	188	0.348
37d17072-0bcc-41ed-a80e-87a27ea956d4	7	63049605	70955452	3896	0.5503
37d17072-0bcc-41ed-a80e-87a27ea956d4	7	70958264	70961155	2	-1.6689
37d17072-0bcc-41ed-a80e-87a27ea956d4	7	70963257	126404920	32336	0.5508
37d17072-0bcc-41ed-a80e-87a27ea956d4	7	126405428	126406822	13	-0.6633
37d17072-0bcc-41ed-a80e-87a27ea956d4	7	126406823	142063324	9923	0.571
37d17072-0bcc-41ed-a80e-87a27ea956d4	7	142069843	142092307	34	-0.6746
37d17072-0bcc-41ed-a80e-87a27ea956d4	7	142099190	142470387	301	0.5676
37d17072-0bcc-41ed-a80e-87a27ea956d4	7	142471173	142828548	171	0.7408
37d17072-0bcc-41ed-a80e-87a27ea956d4	7	142829989	144207186	730	0.5565
37d17072-0bcc-41ed-a80e-87a27ea956d4	7	144249785	144264193	7	-0.2303
37d17072-0bcc-41ed-a80e-87a27ea956d4	7	144295437	159324212	9623	0.5773
37d17072-0bcc-41ed-a80e-87a27ea956d4	7	159324255	159324952	11	0.1667
37d17072-0bcc-41ed-a80e-87a27ea956d4	7	159325204	159334314	12	-0.6975
37d17072-0bcc-41ed-a80e-87a27ea956d4	8	81254	163380	3	0.3213
37d17072-0bcc-41ed-a80e-87a27ea956d4	8	208062	5741274	5960	-0.7957
37d17072-0bcc-41ed-a80e-87a27ea956d4	8	5741633	5746973	20	-2.3717
37d17072-0bcc-41ed-a80e-87a27ea956d4	8	5749566	7380497	1712	-0.7845
37d17072-0bcc-41ed-a80e-87a27ea956d4	8	7396819	8214781	48	-0.1559
37d17072-0bcc-41ed-a80e-87a27ea956d4	8	8234503	12382326	3220	-0.7952
37d17072-0bcc-41ed-a80e-87a27ea956d4	8	12382653	12695342	60	-0.2954
37d17072-0bcc-41ed-a80e-87a27ea956d4	8	12697234	31214875	14549	-0.7679
37d17072-0bcc-41ed-a80e-87a27ea956d4	8	31215726	32571417	993	0.0643
37d17072-0bcc-41ed-a80e-87a27ea956d4	8	32571946	32811333	200	0.5905
37d17072-0bcc-41ed-a80e-87a27ea956d4	8	32811754	32834624	19	0.1163
37d17072-0bcc-41ed-a80e-87a27ea956d4	8	32834820	33089933	154	0.5832
37d17072-0bcc-41ed-a80e-87a27ea956d4	8	33090555	35599601	1419	0.0545
37d17072-0bcc-41ed-a80e-87a27ea956d4	8	35606737	36024008	205	2.1806
37d17072-0bcc-41ed-a80e-87a27ea956d4	8	36034294	36307372	153	2.6488
37d17072-0bcc-41ed-a80e-87a27ea956d4	8	36308274	37189552	507	2.9237
37d17072-0bcc-41ed-a80e-87a27ea956d4	8	37189638	37189709	2	0.5566
37d17072-0bcc-41ed-a80e-87a27ea956d4	8	37190115	38107738	463	2.932
37d17072-0bcc-41ed-a80e-87a27ea956d4	8	38112562	38433805	167	2.6943
37d17072-0bcc-41ed-a80e-87a27ea956d4	8	38433828	39761641	719	2.3247
37d17072-0bcc-41ed-a80e-87a27ea956d4	8	39763671	40890148	900	1.5311
37d17072-0bcc-41ed-a80e-87a27ea956d4	8	40893634	41192561	194	1.2815
37d17072-0bcc-41ed-a80e-87a27ea956d4	8	41196737	41862482	418	1.5624
37d17072-0bcc-41ed-a80e-87a27ea956d4	8	41863510	42555582	456	1.7014
37d17072-0bcc-41ed-a80e-87a27ea956d4	8	42564653	42928572	165	1.4789
37d17072-0bcc-41ed-a80e-87a27ea956d4	8	42934585	42938451	3	0.241
37d17072-0bcc-41ed-a80e-87a27ea956d4	8	42942814	43104811	61	1.4893
37d17072-0bcc-41ed-a80e-87a27ea956d4	8	43105361	43257349	59	1.9108
37d17072-0bcc-41ed-a80e-87a27ea956d4	8	43257853	43931659	175	1.504
37d17072-0bcc-41ed-a80e-87a27ea956d4	8	45951913	79708776	20625	0.9185
37d17072-0bcc-41ed-a80e-87a27ea956d4	8	79722781	79752713	22	0.1554
37d17072-0bcc-41ed-a80e-87a27ea956d4	8	79755813	104825104	14826	0.9225
37d17072-0bcc-41ed-a80e-87a27ea956d4	8	104830335	106754996	1205	1.4632
37d17072-0bcc-41ed-a80e-87a27ea956d4	8	106761391	111282809	2698	0.0291
37d17072-0bcc-41ed-a80e-87a27ea956d4	8	111282852	111283031	4	-2.51
37d17072-0bcc-41ed-a80e-87a27ea956d4	8	111288052	145072769	22886	0.0595
37d17072-0bcc-41ed-a80e-87a27ea956d4	9	46587	5074727	5221	0.0595
37d17072-0bcc-41ed-a80e-87a27ea956d4	9	5074740	5081766	21	-0.5427
37d17072-0bcc-41ed-a80e-87a27ea956d4	9	5081852	9980977	4346	0.047
37d17072-0bcc-41ed-a80e-87a27ea956d4	9	9981005	9981069	2	-1.8485
37d17072-0bcc-41ed-a80e-87a27ea956d4	9	9985419	23361807	10800	0.0641
37d17072-0bcc-41ed-a80e-87a27ea956d4	9	23363117	23373486	8	-1.9971
37d17072-0bcc-41ed-a80e-87a27ea956d4	9	23378490	41714376	10832	0.048
37d17072-0bcc-41ed-a80e-87a27ea956d4	9	41741096	42546668	38	-0.5914
37d17072-0bcc-41ed-a80e-87a27ea956d4	9	42566207	68965291	759	0.0719
37d17072-0bcc-41ed-a80e-87a27ea956d4	9	68966891	68967030	2	-1.6332
37d17072-0bcc-41ed-a80e-87a27ea956d4	9	68967997	103804216	24268	0.06
37d17072-0bcc-41ed-a80e-87a27ea956d4	9	103806415	103807009	2	-2.7387
37d17072-0bcc-41ed-a80e-87a27ea956d4	9	103808421	138200944	23084	0.0676
37d17072-0bcc-41ed-a80e-87a27ea956d4	10	45792	6749230	5758	-0.7727
37d17072-0bcc-41ed-a80e-87a27ea956d4	10	6750469	6759969	14	0.1039
37d17072-0bcc-41ed-a80e-87a27ea956d4	10	6764439	38186710	22976	-0.7526
37d17072-0bcc-41ed-a80e-87a27ea956d4	10	38196958	38305117	43	0.1175
37d17072-0bcc-41ed-a80e-87a27ea956d4	10	38307726	38388861	26	-0.7083
37d17072-0bcc-41ed-a80e-87a27ea956d4	10	38388941	45761333	2437	0.0632
37d17072-0bcc-41ed-a80e-87a27ea956d4	10	45798061	45817039	3	-1.3341
37d17072-0bcc-41ed-a80e-87a27ea956d4	10	45936113	46560525	275	0.0163
37d17072-0bcc-41ed-a80e-87a27ea956d4	10	46606240	46632302	5	-1.2461
37d17072-0bcc-41ed-a80e-87a27ea956d4	10	46657149	48523157	572	0.0612
37d17072-0bcc-41ed-a80e-87a27ea956d4	10	48524930	48524943	2	-2.0319
37d17072-0bcc-41ed-a80e-87a27ea956d4	10	48525216	65548193	12104	0.0465
37d17072-0bcc-41ed-a80e-87a27ea956d4	10	65548259	65551372	14	0.6235
37d17072-0bcc-41ed-a80e-87a27ea956d4	10	65551386	68443452	1908	0.0457
37d17072-0bcc-41ed-a80e-87a27ea956d4	10	68443477	68492961	18	0.5541
37d17072-0bcc-41ed-a80e-87a27ea956d4	10	68493137	76493093	4862	0.052
37d17072-0bcc-41ed-a80e-87a27ea956d4	10	76497303	76497852	2	-1.7566
37d17072-0bcc-41ed-a80e-87a27ea956d4	10	76501509	113884281	25045	0.0639
37d17072-0bcc-41ed-a80e-87a27ea956d4	10	113891332	125554420	8404	-0.7347
37d17072-0bcc-41ed-a80e-87a27ea956d4	10	125555466	125555957	2	-4.0034
37d17072-0bcc-41ed-a80e-87a27ea956d4	10	125556289	133654968	5880	-0.7642
37d17072-0bcc-41ed-a80e-87a27ea956d4	11	198510	4705210	2146	0.8782
37d17072-0bcc-41ed-a80e-87a27ea956d4	11	4705388	4705661	5	-0.8231
37d17072-0bcc-41ed-a80e-87a27ea956d4	11	4707904	5768495	1081	0.887
37d17072-0bcc-41ed-a80e-87a27ea956d4	11	5768511	5787909	28	1.3272
37d17072-0bcc-41ed-a80e-87a27ea956d4	11	5788108	6841826	741	0.8969
37d17072-0bcc-41ed-a80e-87a27ea956d4	11	6846663	6869010	41	1.5514
37d17072-0bcc-41ed-a80e-87a27ea956d4	11	6869670	18919323	8619	0.8876
37d17072-0bcc-41ed-a80e-87a27ea956d4	11	18927525	18939631	35	1.4563
37d17072-0bcc-41ed-a80e-87a27ea956d4	11	18939734	25633389	5292	0.8809
37d17072-0bcc-41ed-a80e-87a27ea956d4	11	25633667	25639130	2	-0.9107
37d17072-0bcc-41ed-a80e-87a27ea956d4	11	25641188	32291972	4391	0.874
37d17072-0bcc-41ed-a80e-87a27ea956d4	11	32293368	32347198	42	0.5676
37d17072-0bcc-41ed-a80e-87a27ea956d4	11	32347228	32421090	113	0.7932
37d17072-0bcc-41ed-a80e-87a27ea956d4	11	32421236	32432451	18	0.5801
37d17072-0bcc-41ed-a80e-87a27ea956d4	11	32432508	32520238	69	0.9031
37d17072-0bcc-41ed-a80e-87a27ea956d4	11	32520296	32811197	151	0.489
37d17072-0bcc-41ed-a80e-87a27ea956d4	11	32811665	49427234	10812	0.8768
37d17072-0bcc-41ed-a80e-87a27ea956d4	11	49428175	50703640	477	0.5111
37d17072-0bcc-41ed-a80e-87a27ea956d4	11	50710522	54723273	82	0.1959
37d17072-0bcc-41ed-a80e-87a27ea956d4	11	54725877	54782206	18	0.7541
37d17072-0bcc-41ed-a80e-87a27ea956d4	11	54790483	55608547	286	0.0924
37d17072-0bcc-41ed-a80e-87a27ea956d4	11	55608760	55724631	79	0.4119
37d17072-0bcc-41ed-a80e-87a27ea956d4	11	55724714	62495406	4045	0.0459
37d17072-0bcc-41ed-a80e-87a27ea956d4	11	62503078	66197911	1592	-0.7534
37d17072-0bcc-41ed-a80e-87a27ea956d4	11	66206009	66509105	116	1.7786
37d17072-0bcc-41ed-a80e-87a27ea956d4	11	66513049	66584269	23	1.2526
37d17072-0bcc-41ed-a80e-87a27ea956d4	11	66595411	66953557	121	1.7712
37d17072-0bcc-41ed-a80e-87a27ea956d4	11	66956919	67557462	218	0.9928
37d17072-0bcc-41ed-a80e-87a27ea956d4	11	67563060	67798355	88	0.1137
37d17072-0bcc-41ed-a80e-87a27ea956d4	11	67804357	68694616	348	0.5541
37d17072-0bcc-41ed-a80e-87a27ea956d4	11	68701287	68769544	41	0.9599
37d17072-0bcc-41ed-a80e-87a27ea956d4	11	68771600	68788912	9	1.7097
37d17072-0bcc-41ed-a80e-87a27ea956d4	11	68788962	69148397	216	2.0311
37d17072-0bcc-41ed-a80e-87a27ea956d4	11	69148417	69688161	360	2.3631
37d17072-0bcc-41ed-a80e-87a27ea956d4	11	69689162	69689724	3	-0.8934
37d17072-0bcc-41ed-a80e-87a27ea956d4	11	69697321	70518005	424	2.565
37d17072-0bcc-41ed-a80e-87a27ea956d4	11	70518051	70849761	223	1.3248
37d17072-0bcc-41ed-a80e-87a27ea956d4	11	70850149	74957359	2057	-0.7358
37d17072-0bcc-41ed-a80e-87a27ea956d4	11	74964464	75222593	150	0.0463
37d17072-0bcc-41ed-a80e-87a27ea956d4	11	75226944	88810183	9249	-0.7561
37d17072-0bcc-41ed-a80e-87a27ea956d4	11	88810547	90219297	580	-0.6159
37d17072-0bcc-41ed-a80e-87a27ea956d4	11	90219874	101022437	7914	-0.7647
37d17072-0bcc-41ed-a80e-87a27ea956d4	11	101022823	101173559	265	-0.553
37d17072-0bcc-41ed-a80e-87a27ea956d4	11	101173850	135074876	24009	-0.7548
37d17072-0bcc-41ed-a80e-87a27ea956d4	12	51460	16266471	10914	0.0623
37d17072-0bcc-41ed-a80e-87a27ea956d4	12	16268053	16268391	2	-1.8642
37d17072-0bcc-41ed-a80e-87a27ea956d4	12	16275623	33233822	11894	0.0419
37d17072-0bcc-41ed-a80e-87a27ea956d4	12	33235894	33242207	4	-2.4793
37d17072-0bcc-41ed-a80e-87a27ea956d4	12	33242483	34078005	520	0.0394
37d17072-0bcc-41ed-a80e-87a27ea956d4	12	34078180	34078588	3	-1.3601
37d17072-0bcc-41ed-a80e-87a27ea956d4	12	34087056	37593924	255	0.1282
37d17072-0bcc-41ed-a80e-87a27ea956d4	12	37618765	37620216	2	-2.0096
37d17072-0bcc-41ed-a80e-87a27ea956d4	12	37640556	45510655	4748	0.039
37d17072-0bcc-41ed-a80e-87a27ea956d4	12	45512057	45515754	3	-1.6217
37d17072-0bcc-41ed-a80e-87a27ea956d4	12	45519509	48331236	1717	0.046
37d17072-0bcc-41ed-a80e-87a27ea956d4	12	48331259	48331632	4	-1.6064
37d17072-0bcc-41ed-a80e-87a27ea956d4	12	48336253	130277706	52949	0.0548
37d17072-0bcc-41ed-a80e-87a27ea956d4	12	130278459	130279362	2	-2.1639
37d17072-0bcc-41ed-a80e-87a27ea956d4	12	130280395	133201603	1679	0.0529
37d17072-0bcc-41ed-a80e-87a27ea956d4	13	18452809	114342922	63781	-0.7498
37d17072-0bcc-41ed-a80e-87a27ea956d4	14	18239283	19011729	28	0.0839
37d17072-0bcc-41ed-a80e-87a27ea956d4	14	19012857	19954424	138	-0.3245
37d17072-0bcc-41ed-a80e-87a27ea956d4	14	19955213	20733007	580	0.0729
37d17072-0bcc-41ed-a80e-87a27ea956d4	14	20733655	20734474	3	-1.3771
37d17072-0bcc-41ed-a80e-87a27ea956d4	14	20734846	21945704	794	0.0919
37d17072-0bcc-41ed-a80e-87a27ea956d4	14	21945987	22541919	510	0.2648
37d17072-0bcc-41ed-a80e-87a27ea956d4	14	22542522	52156666	18363	0.0506
37d17072-0bcc-41ed-a80e-87a27ea956d4	14	52156921	52157168	2	-2.1565
37d17072-0bcc-41ed-a80e-87a27ea956d4	14	52158408	106396870	34647	0.0643
37d17072-0bcc-41ed-a80e-87a27ea956d4	14	106403147	106462144	54	-0.4737
37d17072-0bcc-41ed-a80e-87a27ea956d4	14	106462169	106877229	197	0.0211
37d17072-0bcc-41ed-a80e-87a27ea956d4	15	19811075	24240681	1126	0.0584
37d17072-0bcc-41ed-a80e-87a27ea956d4	15	24247869	24259010	7	-1.0415
37d17072-0bcc-41ed-a80e-87a27ea956d4	15	24263561	30094208	3694	0.0577
37d17072-0bcc-41ed-a80e-87a27ea956d4	15	30106026	30156392	3	-1.6345
37d17072-0bcc-41ed-a80e-87a27ea956d4	15	30157841	30304026	20	-0.2507
37d17072-0bcc-41ed-a80e-87a27ea956d4	15	30307497	34421922	2573	0.0533
37d17072-0bcc-41ed-a80e-87a27ea956d4	15	34430601	34520918	62	-0.591
37d17072-0bcc-41ed-a80e-87a27ea956d4	15	34522159	84860444	31168	0.0612
37d17072-0bcc-41ed-a80e-87a27ea956d4	15	84860587	87322861	1931	-0.7499
37d17072-0bcc-41ed-a80e-87a27ea956d4	15	87323229	87324134	2	-3.5356
37d17072-0bcc-41ed-a80e-87a27ea956d4	15	87325817	91203769	2565	-0.7564
37d17072-0bcc-41ed-a80e-87a27ea956d4	15	91207003	101928837	8306	0.0616
37d17072-0bcc-41ed-a80e-87a27ea956d4	16	10777	34209701	20053	0.3766
37d17072-0bcc-41ed-a80e-87a27ea956d4	16	35080991	35237121	106	-0.7367
37d17072-0bcc-41ed-a80e-87a27ea956d4	16	35237149	35268863	18	0.1423
37d17072-0bcc-41ed-a80e-87a27ea956d4	16	35277684	35357681	40	0.6684
37d17072-0bcc-41ed-a80e-87a27ea956d4	16	35359296	35522700	105	0.0324
37d17072-0bcc-41ed-a80e-87a27ea956d4	16	35526596	55761136	6570	-0.7289
37d17072-0bcc-41ed-a80e-87a27ea956d4	16	55762477	55782734	18	-1.7289
37d17072-0bcc-41ed-a80e-87a27ea956d4	16	55782793	65932449	6651	-0.751
37d17072-0bcc-41ed-a80e-87a27ea956d4	16	65932526	65934713	4	-2.7385
37d17072-0bcc-41ed-a80e-87a27ea956d4	16	65935948	78337711	7560	-0.7339
37d17072-0bcc-41ed-a80e-87a27ea956d4	16	78338543	78357320	24	-2.0199
37d17072-0bcc-41ed-a80e-87a27ea956d4	16	78357366	90096867	10547	-0.7782
37d17072-0bcc-41ed-a80e-87a27ea956d4	17	150733	5453593	2789	0.0468
37d17072-0bcc-41ed-a80e-87a27ea956d4	17	5454180	5455870	2	-1.8893
37d17072-0bcc-41ed-a80e-87a27ea956d4	17	5458293	36109735	15443	0.0592
37d17072-0bcc-41ed-a80e-87a27ea956d4	17	36112585	36208249	36	0.5202
37d17072-0bcc-41ed-a80e-87a27ea956d4	17	36460442	41266838	2530	0.0383
37d17072-0bcc-41ed-a80e-87a27ea956d4	17	41266851	41274279	19	-1.028
37d17072-0bcc-41ed-a80e-87a27ea956d4	17	41276472	41372886	115	0.0459
37d17072-0bcc-41ed-a80e-87a27ea956d4	17	41376617	41380422	7	0.8272
37d17072-0bcc-41ed-a80e-87a27ea956d4	17	41391076	46085732	2373	0.055
37d17072-0bcc-41ed-a80e-87a27ea956d4	17	46088437	46286804	124	0.6532
37d17072-0bcc-41ed-a80e-87a27ea956d4	17	46323701	57610128	7004	0.0552
37d17072-0bcc-41ed-a80e-87a27ea956d4	17	57610972	57611632	2	-1.8905
37d17072-0bcc-41ed-a80e-87a27ea956d4	17	57614632	76786609	11339	0.0561
37d17072-0bcc-41ed-a80e-87a27ea956d4	17	76789516	76792055	2	-2.5962
37d17072-0bcc-41ed-a80e-87a27ea956d4	17	76792592	79246981	1475	0.0513
37d17072-0bcc-41ed-a80e-87a27ea956d4	17	79249578	79250308	3	-1.0009
37d17072-0bcc-41ed-a80e-87a27ea956d4	17	79250962	83091923	1735	0.065
37d17072-0bcc-41ed-a80e-87a27ea956d4	18	48133	42471713	23965	0.0595
37d17072-0bcc-41ed-a80e-87a27ea956d4	18	42476604	42477506	24	-0.6123
37d17072-0bcc-41ed-a80e-87a27ea956d4	18	42477802	45801500	2197	0.0429
37d17072-0bcc-41ed-a80e-87a27ea956d4	18	45801836	46222573	188	0.9343
37d17072-0bcc-41ed-a80e-87a27ea956d4	18	46224612	46915179	461	0.0596
37d17072-0bcc-41ed-a80e-87a27ea956d4	18	46915973	47078774	53	0.9512
37d17072-0bcc-41ed-a80e-87a27ea956d4	18	47084132	47778685	462	0.0643
37d17072-0bcc-41ed-a80e-87a27ea956d4	18	47784814	53740491	4361	0.9217
37d17072-0bcc-41ed-a80e-87a27ea956d4	18	53740727	53740840	4	-0.3842
37d17072-0bcc-41ed-a80e-87a27ea956d4	18	53740980	58724079	3256	0.9252
37d17072-0bcc-41ed-a80e-87a27ea956d4	18	58726561	58728776	2	-2.057
37d17072-0bcc-41ed-a80e-87a27ea956d4	18	58739856	73296862	10575	0.9139
37d17072-0bcc-41ed-a80e-87a27ea956d4	18	73300351	78943721	4407	0.9571
37d17072-0bcc-41ed-a80e-87a27ea956d4	18	78944917	80257174	682	0.876
37d17072-0bcc-41ed-a80e-87a27ea956d4	19	90910	29921648	12948	0.0377
37d17072-0bcc-41ed-a80e-87a27ea956d4	19	29922281	29922950	2	-4.9334
37d17072-0bcc-41ed-a80e-87a27ea956d4	19	29923460	54215136	13529	0.0505
37d17072-0bcc-41ed-a80e-87a27ea956d4	19	54226329	54237443	16	0.936
37d17072-0bcc-41ed-a80e-87a27ea956d4	19	54249482	58586487	2586	0.0423
37d17072-0bcc-41ed-a80e-87a27ea956d4	20	80664	24189995	18807	0.0513
37d17072-0bcc-41ed-a80e-87a27ea956d4	20	24191652	25495005	870	-0.7702
37d17072-0bcc-41ed-a80e-87a27ea956d4	20	25501030	25673012	100	0.7537
37d17072-0bcc-41ed-a80e-87a27ea956d4	20	25673829	26125809	124	0.5671
37d17072-0bcc-41ed-a80e-87a27ea956d4	20	26127235	26324943	88	0.0679
37d17072-0bcc-41ed-a80e-87a27ea956d4	20	30185676	36688688	2642	0.4907
37d17072-0bcc-41ed-a80e-87a27ea956d4	20	36689064	37094427	281	0.3779
37d17072-0bcc-41ed-a80e-87a27ea956d4	20	37097999	43162530	4367	0.5086
37d17072-0bcc-41ed-a80e-87a27ea956d4	20	43162620	43162642	2	-0.8787
37d17072-0bcc-41ed-a80e-87a27ea956d4	20	43163928	50150314	4688	0.5104
37d17072-0bcc-41ed-a80e-87a27ea956d4	20	50159915	50182546	13	1.8778
37d17072-0bcc-41ed-a80e-87a27ea956d4	20	50186081	55682857	4252	0.5175
37d17072-0bcc-41ed-a80e-87a27ea956d4	20	55683132	64324800	6098	0.9044
37d17072-0bcc-41ed-a80e-87a27ea956d4	21	10354168	13004391	92	-0.4264
37d17072-0bcc-41ed-a80e-87a27ea956d4	21	13008398	28438026	10935	0.0411
37d17072-0bcc-41ed-a80e-87a27ea956d4	21	28439087	28439796	2	-1.6946
37d17072-0bcc-41ed-a80e-87a27ea956d4	21	28440026	46677045	12796	0.0547
37d17072-0bcc-41ed-a80e-87a27ea956d4	22	15294547	24685371	4744	0.0439
37d17072-0bcc-41ed-a80e-87a27ea956d4	22	24686148	24686548	2	-2.2116
37d17072-0bcc-41ed-a80e-87a27ea956d4	22	24686567	25265731	460	0.0749
37d17072-0bcc-41ed-a80e-87a27ea956d4	22	25268018	25522742	285	0.5881
37d17072-0bcc-41ed-a80e-87a27ea956d4	22	25526375	28230537	2530	0.0931
37d17072-0bcc-41ed-a80e-87a27ea956d4	22	28232221	29297873	583	0.5559
37d17072-0bcc-41ed-a80e-87a27ea956d4	22	29299939	37346951	5806	0.0701
37d17072-0bcc-41ed-a80e-87a27ea956d4	22	37352689	37353906	4	-1.15
37d17072-0bcc-41ed-a80e-87a27ea956d4	22	37354627	42830593	2875	0.0536
37d17072-0bcc-41ed-a80e-87a27ea956d4	22	42831743	49054319	4893	0.0988
37d17072-0bcc-41ed-a80e-87a27ea956d4	22	49054595	50796027	1069	0.0332
37d17072-0bcc-41ed-a80e-87a27ea956d4	X	251810	23291509	14088	0.0737
37d17072-0bcc-41ed-a80e-87a27ea956d4	X	23293652	24292438	652	0.6714
37d17072-0bcc-41ed-a80e-87a27ea956d4	X	24292937	34872607	7013	0.0735
37d17072-0bcc-41ed-a80e-87a27ea956d4	X	34873212	135615501	49491	-0.0275
37d17072-0bcc-41ed-a80e-87a27ea956d4	X	135619994	135668591	32	0.5523
37d17072-0bcc-41ed-a80e-87a27ea956d4	X	135673726	155952689	12274	-0.0197
37d17072-0bcc-41ed-a80e-87a27ea956d4	Y	2782397	56872112	6619	-0.9213
