GDC_Aliquot	Chromosome	Start	End	Num_Probes	Segment_Mean
6c7999b5-d6a6-423e-b993-cfabcc35482e	1	62920	1575421	210	0.1802
6c7999b5-d6a6-423e-b993-cfabcc35482e	1	1696479	1756148	17	0.8348
6c7999b5-d6a6-423e-b993-cfabcc35482e	1	1756211	3298168	510	0.1803
6c7999b5-d6a6-423e-b993-cfabcc35482e	1	3301765	16855942	7955	0.0226
6c7999b5-d6a6-423e-b993-cfabcc35482e	1	16863509	16898730	14	0.4488
6c7999b5-d6a6-423e-b993-cfabcc35482e	1	16898872	16902211	3	-0.5175
6c7999b5-d6a6-423e-b993-cfabcc35482e	1	16909189	16981663	56	0.4172
6c7999b5-d6a6-423e-b993-cfabcc35482e	1	16985328	25256850	5235	0.01
6c7999b5-d6a6-423e-b993-cfabcc35482e	1	25266637	25320198	22	0.4124
6c7999b5-d6a6-423e-b993-cfabcc35482e	1	25320253	63967872	23011	0.0087
6c7999b5-d6a6-423e-b993-cfabcc35482e	1	63976633	63987435	10	-1.0879
6c7999b5-d6a6-423e-b993-cfabcc35482e	1	63988632	72305460	5677	0.0085
6c7999b5-d6a6-423e-b993-cfabcc35482e	1	72305684	72345465	43	-0.4253
6c7999b5-d6a6-423e-b993-cfabcc35482e	1	72346221	112153880	25521	0.0025
6c7999b5-d6a6-423e-b993-cfabcc35482e	1	112153915	112154754	17	0.5054
6c7999b5-d6a6-423e-b993-cfabcc35482e	1	112154768	143459641	5161	0.0045
6c7999b5-d6a6-423e-b993-cfabcc35482e	1	143494500	144932423	143	0.3466
6c7999b5-d6a6-423e-b993-cfabcc35482e	1	145642976	196843377	32000	0.0041
6c7999b5-d6a6-423e-b993-cfabcc35482e	1	196843400	196846661	2	2.7165
6c7999b5-d6a6-423e-b993-cfabcc35482e	1	196847600	215318153	12495	0.0064
6c7999b5-d6a6-423e-b993-cfabcc35482e	1	215320126	215325761	7	-1.046
6c7999b5-d6a6-423e-b993-cfabcc35482e	1	215327688	248422999	23035	0.0069
6c7999b5-d6a6-423e-b993-cfabcc35482e	1	248424525	248446755	7	0.2937
6c7999b5-d6a6-423e-b993-cfabcc35482e	1	248447206	248471839	9	0.9031
6c7999b5-d6a6-423e-b993-cfabcc35482e	1	248473963	248546369	15	0.0244
6c7999b5-d6a6-423e-b993-cfabcc35482e	1	248550567	248645808	37	-1.7755
6c7999b5-d6a6-423e-b993-cfabcc35482e	1	248646068	248930189	139	0.0902
6c7999b5-d6a6-423e-b993-cfabcc35482e	2	12784	1194574	802	0.0178
6c7999b5-d6a6-423e-b993-cfabcc35482e	2	1195003	1201559	4	-1.4904
6c7999b5-d6a6-423e-b993-cfabcc35482e	2	1202443	34466002	23248	-0.0012
6c7999b5-d6a6-423e-b993-cfabcc35482e	2	34474248	34511990	46	-1.9084
6c7999b5-d6a6-423e-b993-cfabcc35482e	2	34512096	36108463	1145	-0.0312
6c7999b5-d6a6-423e-b993-cfabcc35482e	2	36109476	36112167	8	-0.9876
6c7999b5-d6a6-423e-b993-cfabcc35482e	2	36112205	44144582	5905	-0.0002
6c7999b5-d6a6-423e-b993-cfabcc35482e	2	44144674	44145770	2	-1.7616
6c7999b5-d6a6-423e-b993-cfabcc35482e	2	44150623	48582734	3094	-0.0031
6c7999b5-d6a6-423e-b993-cfabcc35482e	2	48586913	48595078	7	0.7201
6c7999b5-d6a6-423e-b993-cfabcc35482e	2	48600358	49305903	533	-0.0137
6c7999b5-d6a6-423e-b993-cfabcc35482e	2	49308629	49314051	5	-1.0682
6c7999b5-d6a6-423e-b993-cfabcc35482e	2	49317902	52527330	2266	-0.019
6c7999b5-d6a6-423e-b993-cfabcc35482e	2	52527342	52554404	39	-1.6279
6c7999b5-d6a6-423e-b993-cfabcc35482e	2	52560811	88862158	22581	-0.0043
6c7999b5-d6a6-423e-b993-cfabcc35482e	2	88862467	91913296	308	0.1209
6c7999b5-d6a6-423e-b993-cfabcc35482e	2	91917312	105525905	5834	0.0056
6c7999b5-d6a6-423e-b993-cfabcc35482e	2	105529918	105535647	2	-2.1094
6c7999b5-d6a6-423e-b993-cfabcc35482e	2	105535795	106263639	638	0.0167
6c7999b5-d6a6-423e-b993-cfabcc35482e	2	106264257	106266773	4	-0.9431
6c7999b5-d6a6-423e-b993-cfabcc35482e	2	106266875	106268901	7	-2.1256
6c7999b5-d6a6-423e-b993-cfabcc35482e	2	106270799	128880904	13367	0.0035
6c7999b5-d6a6-423e-b993-cfabcc35482e	2	128880928	128882741	14	-0.9387
6c7999b5-d6a6-423e-b993-cfabcc35482e	2	128882755	242147305	69353	-0.0042
6c7999b5-d6a6-423e-b993-cfabcc35482e	3	20930	95737262	61742	-0.0006
6c7999b5-d6a6-423e-b993-cfabcc35482e	3	95748036	95749266	2	-1.9349
6c7999b5-d6a6-423e-b993-cfabcc35482e	3	95749836	124624819	17389	-0.0039
6c7999b5-d6a6-423e-b993-cfabcc35482e	3	124626319	124627136	5	-1.2006
6c7999b5-d6a6-423e-b993-cfabcc35482e	3	124627555	130035092	3147	0.017
6c7999b5-d6a6-423e-b993-cfabcc35482e	3	130035506	130088155	46	0.3185
6c7999b5-d6a6-423e-b993-cfabcc35482e	3	130089433	162498857	20027	0.0011
6c7999b5-d6a6-423e-b993-cfabcc35482e	3	162499044	162508950	24	-0.8432
6c7999b5-d6a6-423e-b993-cfabcc35482e	3	162509006	162790480	175	-0.0043
6c7999b5-d6a6-423e-b993-cfabcc35482e	3	162794869	162898127	64	-0.9275
6c7999b5-d6a6-423e-b993-cfabcc35482e	3	162906054	193160256	19144	-0.0002
6c7999b5-d6a6-423e-b993-cfabcc35482e	3	193160406	193165114	17	1.0135
6c7999b5-d6a6-423e-b993-cfabcc35482e	3	193168646	195559056	1483	0.0066
6c7999b5-d6a6-423e-b993-cfabcc35482e	3	195656271	195715711	21	-0.6222
6c7999b5-d6a6-423e-b993-cfabcc35482e	3	195719726	198169247	1188	0.0276
6c7999b5-d6a6-423e-b993-cfabcc35482e	4	68929	5308576	2519	0.0364
6c7999b5-d6a6-423e-b993-cfabcc35482e	4	5308694	5319207	6	-0.7452
6c7999b5-d6a6-423e-b993-cfabcc35482e	4	5321568	9455251	2624	0.032
6c7999b5-d6a6-423e-b993-cfabcc35482e	4	9459504	9477560	5	-0.8914
6c7999b5-d6a6-423e-b993-cfabcc35482e	4	9477699	10194247	504	0.0462
6c7999b5-d6a6-423e-b993-cfabcc35482e	4	10195137	10242989	79	0.2688
6c7999b5-d6a6-423e-b993-cfabcc35482e	4	10243331	10397663	173	0.0479
6c7999b5-d6a6-423e-b993-cfabcc35482e	4	10397677	32398929	15409	0.0028
6c7999b5-d6a6-423e-b993-cfabcc35482e	4	32398943	32398961	2	-1.6649
6c7999b5-d6a6-423e-b993-cfabcc35482e	4	32398977	34777432	1341	0.0155
6c7999b5-d6a6-423e-b993-cfabcc35482e	4	34784878	34828291	40	-0.446
6c7999b5-d6a6-423e-b993-cfabcc35482e	4	34828306	68478894	19398	0.0032
6c7999b5-d6a6-423e-b993-cfabcc35482e	4	68494770	68623617	68	-1.0533
6c7999b5-d6a6-423e-b993-cfabcc35482e	4	68639397	114252544	27630	-0.0002
6c7999b5-d6a6-423e-b993-cfabcc35482e	4	114254167	114263110	26	0.5384
6c7999b5-d6a6-423e-b993-cfabcc35482e	4	114263154	121360818	4331	-0.0003
6c7999b5-d6a6-423e-b993-cfabcc35482e	4	121361313	121363980	28	-0.5725
6c7999b5-d6a6-423e-b993-cfabcc35482e	4	121369976	160958989	23535	0.005
6c7999b5-d6a6-423e-b993-cfabcc35482e	4	160959045	160963448	17	-1.6989
6c7999b5-d6a6-423e-b993-cfabcc35482e	4	160963756	188300104	17978	0.0043
6c7999b5-d6a6-423e-b993-cfabcc35482e	4	188300206	188300285	4	1.2695
6c7999b5-d6a6-423e-b993-cfabcc35482e	4	188301659	190106768	1140	-0.01
6c7999b5-d6a6-423e-b993-cfabcc35482e	5	15532	1020239	426	0.0519
6c7999b5-d6a6-423e-b993-cfabcc35482e	5	1021104	1934376	521	0.1158
6c7999b5-d6a6-423e-b993-cfabcc35482e	5	1934664	5802942	3589	0.0217
6c7999b5-d6a6-423e-b993-cfabcc35482e	5	5804788	5805002	2	-2.8772
6c7999b5-d6a6-423e-b993-cfabcc35482e	5	5806762	17637752	8830	0.0064
6c7999b5-d6a6-423e-b993-cfabcc35482e	5	17640105	17642176	3	-1.3616
6c7999b5-d6a6-423e-b993-cfabcc35482e	5	17642442	46191782	17224	0.005
6c7999b5-d6a6-423e-b993-cfabcc35482e	5	46195781	46199333	4	-1.2435
6c7999b5-d6a6-423e-b993-cfabcc35482e	5	46209197	46271006	15	-0.0957
6c7999b5-d6a6-423e-b993-cfabcc35482e	5	46271828	46273400	6	1.4404
6c7999b5-d6a6-423e-b993-cfabcc35482e	5	46278110	99422605	28926	0.0032
6c7999b5-d6a6-423e-b993-cfabcc35482e	5	99422743	99423328	2	-1.7704
6c7999b5-d6a6-423e-b993-cfabcc35482e	5	99432040	181363319	53097	0.0066
6c7999b5-d6a6-423e-b993-cfabcc35482e	6	149661	254283	101	0.0846
6c7999b5-d6a6-423e-b993-cfabcc35482e	6	257353	294837	23	-0.8061
6c7999b5-d6a6-423e-b993-cfabcc35482e	6	302306	303121	3	0.4499
6c7999b5-d6a6-423e-b993-cfabcc35482e	6	314962	375277	69	-0.2872
6c7999b5-d6a6-423e-b993-cfabcc35482e	6	375759	29869295	21413	0.0075
6c7999b5-d6a6-423e-b993-cfabcc35482e	6	29869410	29913570	28	0.7674
6c7999b5-d6a6-423e-b993-cfabcc35482e	6	29928196	170741917	87693	0.0024
6c7999b5-d6a6-423e-b993-cfabcc35482e	7	43355	33130576	23716	0.0018
6c7999b5-d6a6-423e-b993-cfabcc35482e	7	33138424	33138577	2	-2.8539
6c7999b5-d6a6-423e-b993-cfabcc35482e	7	33139033	79840228	25052	0.0123
6c7999b5-d6a6-423e-b993-cfabcc35482e	7	79849646	79980951	70	0.5041
6c7999b5-d6a6-423e-b993-cfabcc35482e	7	79982875	80288384	231	0.0017
6c7999b5-d6a6-423e-b993-cfabcc35482e	7	80293170	80386568	49	0.5736
6c7999b5-d6a6-423e-b993-cfabcc35482e	7	80388256	91402190	7071	0.0009
6c7999b5-d6a6-423e-b993-cfabcc35482e	7	91402420	91410954	21	-0.7833
6c7999b5-d6a6-423e-b993-cfabcc35482e	7	91411029	91578827	121	0.0046
6c7999b5-d6a6-423e-b993-cfabcc35482e	7	91589569	91589817	3	-1.3189
6c7999b5-d6a6-423e-b993-cfabcc35482e	7	91595717	97756658	3840	0.0047
6c7999b5-d6a6-423e-b993-cfabcc35482e	7	97766148	97773163	16	-0.7389
6c7999b5-d6a6-423e-b993-cfabcc35482e	7	97774928	109801155	6612	0.0085
6c7999b5-d6a6-423e-b993-cfabcc35482e	7	109801187	109813853	11	-0.7839
6c7999b5-d6a6-423e-b993-cfabcc35482e	7	109813925	126405502	10019	-0.0035
6c7999b5-d6a6-423e-b993-cfabcc35482e	7	126405597	126406823	12	0.9433
6c7999b5-d6a6-423e-b993-cfabcc35482e	7	126406824	159334314	20796	0.0127
6c7999b5-d6a6-423e-b993-cfabcc35482e	8	81254	644973	323	0.0121
6c7999b5-d6a6-423e-b993-cfabcc35482e	8	645220	645908	8	1.49
6c7999b5-d6a6-423e-b993-cfabcc35482e	8	656117	1418902	563	0.0606
6c7999b5-d6a6-423e-b993-cfabcc35482e	8	1419196	1419436	2	-1.3381
6c7999b5-d6a6-423e-b993-cfabcc35482e	8	1419522	2194580	672	0.0204
6c7999b5-d6a6-423e-b993-cfabcc35482e	8	2194696	6206785	5044	-0.0257
6c7999b5-d6a6-423e-b993-cfabcc35482e	8	6207520	6262405	131	0.0988
6c7999b5-d6a6-423e-b993-cfabcc35482e	8	6265022	6270470	9	-1.0799
6c7999b5-d6a6-423e-b993-cfabcc35482e	8	6271307	7185818	958	0.0152
6c7999b5-d6a6-423e-b993-cfabcc35482e	8	7296545	7440674	31	0.4348
6c7999b5-d6a6-423e-b993-cfabcc35482e	8	7455757	39398982	22711	0.0076
6c7999b5-d6a6-423e-b993-cfabcc35482e	8	39399220	39526605	47	0.4861
6c7999b5-d6a6-423e-b993-cfabcc35482e	8	39527181	40914477	1078	-0.006
6c7999b5-d6a6-423e-b993-cfabcc35482e	8	40920333	40920952	2	-1.781
6c7999b5-d6a6-423e-b993-cfabcc35482e	8	40926161	114619814	42663	0.0047
6c7999b5-d6a6-423e-b993-cfabcc35482e	8	114622258	114642539	38	-0.4438
6c7999b5-d6a6-423e-b993-cfabcc35482e	8	114650365	141081754	19302	0.0066
6c7999b5-d6a6-423e-b993-cfabcc35482e	8	141087091	142486635	805	0.1455
6c7999b5-d6a6-423e-b993-cfabcc35482e	8	142487506	143616987	408	0.0418
6c7999b5-d6a6-423e-b993-cfabcc35482e	8	143622987	143625638	9	-1.7868
6c7999b5-d6a6-423e-b993-cfabcc35482e	8	143636819	145072769	504	0.1146
6c7999b5-d6a6-423e-b993-cfabcc35482e	9	46587	5076691	5221	0
6c7999b5-d6a6-423e-b993-cfabcc35482e	9	5077915	5081953	19	-0.4703
6c7999b5-d6a6-423e-b993-cfabcc35482e	9	5082995	5302551	170	-0.0087
6c7999b5-d6a6-423e-b993-cfabcc35482e	9	5302634	5337707	13	-1.0288
6c7999b5-d6a6-423e-b993-cfabcc35482e	9	5340984	61405110	25891	-0.004
6c7999b5-d6a6-423e-b993-cfabcc35482e	9	61520021	61647899	30	-1.1545
6c7999b5-d6a6-423e-b993-cfabcc35482e	9	61665362	63580418	38	-0.0599
6c7999b5-d6a6-423e-b993-cfabcc35482e	9	63590317	63592813	7	-1.0858
6c7999b5-d6a6-423e-b993-cfabcc35482e	9	63614182	69496451	1090	-0.0064
6c7999b5-d6a6-423e-b993-cfabcc35482e	9	69496575	69496681	4	-1.5306
6c7999b5-d6a6-423e-b993-cfabcc35482e	9	69497032	138200944	46871	0.0068
6c7999b5-d6a6-423e-b993-cfabcc35482e	10	45792	1787950	1199	0.0465
6c7999b5-d6a6-423e-b993-cfabcc35482e	10	1788621	4248622	2365	0.0066
6c7999b5-d6a6-423e-b993-cfabcc35482e	10	4248646	4248824	3	1.724
6c7999b5-d6a6-423e-b993-cfabcc35482e	10	4251879	17885034	11249	0.0027
6c7999b5-d6a6-423e-b993-cfabcc35482e	10	17896194	17910884	3	-1.5069
6c7999b5-d6a6-423e-b993-cfabcc35482e	10	17929793	65548259	29503	0.0024
6c7999b5-d6a6-423e-b993-cfabcc35482e	10	65548272	65566308	28	-0.4144
6c7999b5-d6a6-423e-b993-cfabcc35482e	10	65566389	66463993	708	0.015
6c7999b5-d6a6-423e-b993-cfabcc35482e	10	66464250	67238633	558	-0.0704
6c7999b5-d6a6-423e-b993-cfabcc35482e	10	67240805	79595316	7946	0.0104
6c7999b5-d6a6-423e-b993-cfabcc35482e	10	79624118	79737848	14	-0.7711
6c7999b5-d6a6-423e-b993-cfabcc35482e	10	79747269	126201754	31523	0.0069
6c7999b5-d6a6-423e-b993-cfabcc35482e	10	126206011	126206650	3	-1.5206
6c7999b5-d6a6-423e-b993-cfabcc35482e	10	126211731	130429459	3370	0.0184
6c7999b5-d6a6-423e-b993-cfabcc35482e	10	130430374	133654968	2029	0.0661
6c7999b5-d6a6-423e-b993-cfabcc35482e	11	198510	3622493	1345	0.0486
6c7999b5-d6a6-423e-b993-cfabcc35482e	11	3623077	3651083	23	0.4375
6c7999b5-d6a6-423e-b993-cfabcc35482e	11	3651521	4946420	1048	0.0066
6c7999b5-d6a6-423e-b993-cfabcc35482e	11	4947280	4955042	30	-1.3485
6c7999b5-d6a6-423e-b993-cfabcc35482e	11	4955781	5768371	782	-0.0111
6c7999b5-d6a6-423e-b993-cfabcc35482e	11	5768495	5787909	29	0.3951
6c7999b5-d6a6-423e-b993-cfabcc35482e	11	5788108	18913287	9385	0.0067
6c7999b5-d6a6-423e-b993-cfabcc35482e	11	18914707	18940050	48	-0.3386
6c7999b5-d6a6-423e-b993-cfabcc35482e	11	18940066	24880686	4712	0.0068
6c7999b5-d6a6-423e-b993-cfabcc35482e	11	24880809	24880928	2	-2.1438
6c7999b5-d6a6-423e-b993-cfabcc35482e	11	24883144	35221691	7166	-0.0102
6c7999b5-d6a6-423e-b993-cfabcc35482e	11	35222497	35237860	17	0.5691
6c7999b5-d6a6-423e-b993-cfabcc35482e	11	35241477	37022920	1440	0.0064
6c7999b5-d6a6-423e-b993-cfabcc35482e	11	37023071	37724437	490	-0.0904
6c7999b5-d6a6-423e-b993-cfabcc35482e	11	37724785	55595864	7902	0.0043
6c7999b5-d6a6-423e-b993-cfabcc35482e	11	55606556	55672514	47	0.3547
6c7999b5-d6a6-423e-b993-cfabcc35482e	11	55674842	64825254	5120	-0.0052
6c7999b5-d6a6-423e-b993-cfabcc35482e	11	64825436	65925596	424	0.1563
6c7999b5-d6a6-423e-b993-cfabcc35482e	11	65927337	133891207	45796	0.0059
6c7999b5-d6a6-423e-b993-cfabcc35482e	11	133891237	134754120	627	0.1101
6c7999b5-d6a6-423e-b993-cfabcc35482e	11	134754529	135074876	251	0.0081
6c7999b5-d6a6-423e-b993-cfabcc35482e	12	51460	175888	69	0.1332
6c7999b5-d6a6-423e-b993-cfabcc35482e	12	178770	181540	2	1.4642
6c7999b5-d6a6-423e-b993-cfabcc35482e	12	186359	4279366	2815	0.0386
6c7999b5-d6a6-423e-b993-cfabcc35482e	12	4279989	4280040	4	-0.9953
6c7999b5-d6a6-423e-b993-cfabcc35482e	12	4280183	8168303	2631	0.0066
6c7999b5-d6a6-423e-b993-cfabcc35482e	12	8170242	8354649	55	0.3145
6c7999b5-d6a6-423e-b993-cfabcc35482e	12	8357674	9481274	590	0.0081
6c7999b5-d6a6-423e-b993-cfabcc35482e	12	9485313	9562969	22	0.701
6c7999b5-d6a6-423e-b993-cfabcc35482e	12	9575696	21166780	7827	0.0019
6c7999b5-d6a6-423e-b993-cfabcc35482e	12	21168436	21168828	3	-1.634
6c7999b5-d6a6-423e-b993-cfabcc35482e	12	21176827	33233822	8778	0.0065
6c7999b5-d6a6-423e-b993-cfabcc35482e	12	33235894	33242207	4	-2.5322
6c7999b5-d6a6-423e-b993-cfabcc35482e	12	33242483	34297530	631	-0.0158
6c7999b5-d6a6-423e-b993-cfabcc35482e	12	34297599	37568181	138	0.1736
6c7999b5-d6a6-423e-b993-cfabcc35482e	12	37572505	90089573	31926	0.0017
6c7999b5-d6a6-423e-b993-cfabcc35482e	12	90097892	90098297	7	-1.6984
6c7999b5-d6a6-423e-b993-cfabcc35482e	12	90099780	133201603	29147	0.0067
6c7999b5-d6a6-423e-b993-cfabcc35482e	13	18452809	31957984	9546	0.0115
6c7999b5-d6a6-423e-b993-cfabcc35482e	13	31958485	31964286	18	-0.8619
6c7999b5-d6a6-423e-b993-cfabcc35482e	13	31965910	58010656	16865	-0.0016
6c7999b5-d6a6-423e-b993-cfabcc35482e	13	58016147	58016973	3	-1.6291
6c7999b5-d6a6-423e-b993-cfabcc35482e	13	58019138	67285798	5677	0.0004
6c7999b5-d6a6-423e-b993-cfabcc35482e	13	67287864	67294230	5	1.5898
6c7999b5-d6a6-423e-b993-cfabcc35482e	13	67295723	108999258	28449	-0.0004
6c7999b5-d6a6-423e-b993-cfabcc35482e	13	109010526	114342922	3424	0.0358
6c7999b5-d6a6-423e-b993-cfabcc35482e	14	18239283	19256296	43	0.0797
6c7999b5-d6a6-423e-b993-cfabcc35482e	14	19280948	19956767	125	0.2971
6c7999b5-d6a6-423e-b993-cfabcc35482e	14	19957350	106321086	54845	0.0042
6c7999b5-d6a6-423e-b993-cfabcc35482e	14	106340102	106346129	7	-1.4447
6c7999b5-d6a6-423e-b993-cfabcc35482e	14	106360014	106877229	274	0.0192
6c7999b5-d6a6-423e-b993-cfabcc35482e	15	19811075	20011702	46	0.0913
6c7999b5-d6a6-423e-b993-cfabcc35482e	15	20026653	22666339	189	0.4332
6c7999b5-d6a6-423e-b993-cfabcc35482e	15	22684600	24240681	888	0.0335
6c7999b5-d6a6-423e-b993-cfabcc35482e	15	24247869	24258119	4	-1.3231
6c7999b5-d6a6-423e-b993-cfabcc35482e	15	24258513	30231102	3706	0.0255
6c7999b5-d6a6-423e-b993-cfabcc35482e	15	30252720	30595753	25	0.664
6c7999b5-d6a6-423e-b993-cfabcc35482e	15	30608675	76586021	29003	0.0048
6c7999b5-d6a6-423e-b993-cfabcc35482e	15	76598900	76603434	22	0.5101
6c7999b5-d6a6-423e-b993-cfabcc35482e	15	76609838	83871965	4407	0.0107
6c7999b5-d6a6-423e-b993-cfabcc35482e	15	83871986	83874798	6	-2.7325
6c7999b5-d6a6-423e-b993-cfabcc35482e	15	83878525	101928837	13168	0.0095
6c7999b5-d6a6-423e-b993-cfabcc35482e	16	10777	1299186	433	0.1408
6c7999b5-d6a6-423e-b993-cfabcc35482e	16	1299208	12331159	8740	0.0111
6c7999b5-d6a6-423e-b993-cfabcc35482e	16	12332623	12332788	2	-1.7814
6c7999b5-d6a6-423e-b993-cfabcc35482e	16	12332812	14254222	1703	0.0259
6c7999b5-d6a6-423e-b993-cfabcc35482e	16	14254244	14256675	2	1.3984
6c7999b5-d6a6-423e-b993-cfabcc35482e	16	14257234	14683771	200	-0.0457
6c7999b5-d6a6-423e-b993-cfabcc35482e	16	14686797	14955801	26	0.2377
6c7999b5-d6a6-423e-b993-cfabcc35482e	16	14956028	14993320	40	-0.4403
6c7999b5-d6a6-423e-b993-cfabcc35482e	16	15009819	16574666	613	0.092
6c7999b5-d6a6-423e-b993-cfabcc35482e	16	16585488	16743769	16	-0.4941
6c7999b5-d6a6-423e-b993-cfabcc35482e	16	16761504	18104860	969	0.0351
6c7999b5-d6a6-423e-b993-cfabcc35482e	16	18134261	18144432	2	-1.9786
6c7999b5-d6a6-423e-b993-cfabcc35482e	16	18148869	32867014	7224	0.0159
6c7999b5-d6a6-423e-b993-cfabcc35482e	16	32887926	32904231	10	1.0374
6c7999b5-d6a6-423e-b993-cfabcc35482e	16	32938932	55761136	6923	0.0109
6c7999b5-d6a6-423e-b993-cfabcc35482e	16	55762477	55782734	18	-1.9413
6c7999b5-d6a6-423e-b993-cfabcc35482e	16	55782793	55834527	18	0.2866
6c7999b5-d6a6-423e-b993-cfabcc35482e	16	55836505	83978341	20563	0.007
6c7999b5-d6a6-423e-b993-cfabcc35482e	16	83982064	85278272	1105	0.0885
6c7999b5-d6a6-423e-b993-cfabcc35482e	16	85279729	86222284	744	0.0214
6c7999b5-d6a6-423e-b993-cfabcc35482e	16	86223502	86223607	2	-1.4041
6c7999b5-d6a6-423e-b993-cfabcc35482e	16	86227158	88398893	1728	0.0276
6c7999b5-d6a6-423e-b993-cfabcc35482e	16	88399007	90096867	716	0.1594
6c7999b5-d6a6-423e-b993-cfabcc35482e	17	150733	8339592	4530	0.0204
6c7999b5-d6a6-423e-b993-cfabcc35482e	17	8344229	8344415	2	-1.7989
6c7999b5-d6a6-423e-b993-cfabcc35482e	17	8346140	21020437	7871	0.0083
6c7999b5-d6a6-423e-b993-cfabcc35482e	17	21021210	21021307	2	-1.7257
6c7999b5-d6a6-423e-b993-cfabcc35482e	17	21021385	41266838	8384	0.0116
6c7999b5-d6a6-423e-b993-cfabcc35482e	17	41266851	41274279	19	-0.8254
6c7999b5-d6a6-423e-b993-cfabcc35482e	17	41276472	46042621	2464	0.0225
6c7999b5-d6a6-423e-b993-cfabcc35482e	17	46043076	46284643	151	-0.1955
6c7999b5-d6a6-423e-b993-cfabcc35482e	17	46284997	71598148	15076	-0.0017
6c7999b5-d6a6-423e-b993-cfabcc35482e	17	71598758	83091923	6477	0.0392
6c7999b5-d6a6-423e-b993-cfabcc35482e	18	48133	64493028	39150	0.0021
6c7999b5-d6a6-423e-b993-cfabcc35482e	18	64508606	64508842	3	-1.9196
6c7999b5-d6a6-423e-b993-cfabcc35482e	18	64509065	79365333	11034	-0.0018
6c7999b5-d6a6-423e-b993-cfabcc35482e	18	79365547	80257174	419	0.1176
6c7999b5-d6a6-423e-b993-cfabcc35482e	19	90910	46770011	22408	0.0123
6c7999b5-d6a6-423e-b993-cfabcc35482e	19	46772787	46810150	20	0.5448
6c7999b5-d6a6-423e-b993-cfabcc35482e	19	46828663	58586487	6654	0.0217
6c7999b5-d6a6-423e-b993-cfabcc35482e	20	80664	1580156	1199	0.0341
6c7999b5-d6a6-423e-b993-cfabcc35482e	20	1580276	1613247	44	1.0119
6c7999b5-d6a6-423e-b993-cfabcc35482e	20	1617300	47148347	28776	0.0051
6c7999b5-d6a6-423e-b993-cfabcc35482e	20	47151467	47160047	11	-0.9958
6c7999b5-d6a6-423e-b993-cfabcc35482e	20	47160290	63589896	11970	0.0167
6c7999b5-d6a6-423e-b993-cfabcc35482e	20	63591105	64155383	216	0.1831
6c7999b5-d6a6-423e-b993-cfabcc35482e	20	64162647	64324800	94	0.0656
6c7999b5-d6a6-423e-b993-cfabcc35482e	21	10354168	45237368	22983	0.0086
6c7999b5-d6a6-423e-b993-cfabcc35482e	21	45237653	45595598	177	0.1701
6c7999b5-d6a6-423e-b993-cfabcc35482e	21	45596923	45897654	221	-0.0428
6c7999b5-d6a6-423e-b993-cfabcc35482e	21	45897667	46677045	428	0.0689
6c7999b5-d6a6-423e-b993-cfabcc35482e	22	15294547	18146386	1116	0.01
6c7999b5-d6a6-423e-b993-cfabcc35482e	22	18147293	22131875	2024	0.0982
6c7999b5-d6a6-423e-b993-cfabcc35482e	22	22132159	22132397	3	-1.3364
6c7999b5-d6a6-423e-b993-cfabcc35482e	22	22133024	23927385	1220	0.0834
6c7999b5-d6a6-423e-b993-cfabcc35482e	22	23927482	23987520	23	-0.1304
6c7999b5-d6a6-423e-b993-cfabcc35482e	22	23988078	23990431	3	-2.5189
6c7999b5-d6a6-423e-b993-cfabcc35482e	22	23990739	49498200	18223	0.0186
6c7999b5-d6a6-423e-b993-cfabcc35482e	22	49498519	50796027	630	0.1494
6c7999b5-d6a6-423e-b993-cfabcc35482e	X	251810	7906260	3965	0.0093
6c7999b5-d6a6-423e-b993-cfabcc35482e	X	7906462	7907405	2	-1.5956
6c7999b5-d6a6-423e-b993-cfabcc35482e	X	7907497	34243159	17379	0.0021
6c7999b5-d6a6-423e-b993-cfabcc35482e	X	34243209	34247106	2	-1.5901
6c7999b5-d6a6-423e-b993-cfabcc35482e	X	34247272	34929834	441	-0.0159
6c7999b5-d6a6-423e-b993-cfabcc35482e	X	34930432	34931141	3	-1.4047
6c7999b5-d6a6-423e-b993-cfabcc35482e	X	34931595	152796190	60392	0.0056
6c7999b5-d6a6-423e-b993-cfabcc35482e	X	152802078	155207259	1126	0.076
6c7999b5-d6a6-423e-b993-cfabcc35482e	X	155207479	155952689	221	-0.0282
6c7999b5-d6a6-423e-b993-cfabcc35482e	Y	2782397	56872112	6619	-0.8875
