GDC_Aliquot	Chromosome	Start	End	Num_Probes	Segment_Mean
df0ea333-0f5a-4da4-9242-f74a28e6a9ac	1	62920	777165	23	0.5721
df0ea333-0f5a-4da4-9242-f74a28e6a9ac	1	783283	15823420	8316	-0.089
df0ea333-0f5a-4da4-9242-f74a28e6a9ac	1	15827002	15828471	9	0.6955
df0ea333-0f5a-4da4-9242-f74a28e6a9ac	1	15828515	16489595	290	-0.075
df0ea333-0f5a-4da4-9242-f74a28e6a9ac	1	16493138	16617118	16	0.3998
df0ea333-0f5a-4da4-9242-f74a28e6a9ac	1	16617143	16766762	35	0.0457
df0ea333-0f5a-4da4-9242-f74a28e6a9ac	1	16766922	16949746	69	0.417
df0ea333-0f5a-4da4-9242-f74a28e6a9ac	1	16951445	16975177	14	-0.2864
df0ea333-0f5a-4da4-9242-f74a28e6a9ac	1	16976074	30261189	7653	-0.0653
df0ea333-0f5a-4da4-9242-f74a28e6a9ac	1	30264526	30268809	10	-0.8167
df0ea333-0f5a-4da4-9242-f74a28e6a9ac	1	30269103	46435874	9067	-0.0779
df0ea333-0f5a-4da4-9242-f74a28e6a9ac	1	46436727	46436789	2	-1.5985
df0ea333-0f5a-4da4-9242-f74a28e6a9ac	1	46439395	53065871	3533	-0.079
df0ea333-0f5a-4da4-9242-f74a28e6a9ac	1	53066157	72284165	13721	-0.1001
df0ea333-0f5a-4da4-9242-f74a28e6a9ac	1	72284670	72362638	73	0.1382
df0ea333-0f5a-4da4-9242-f74a28e6a9ac	1	72363664	75585159	1917	-0.1171
df0ea333-0f5a-4da4-9242-f74a28e6a9ac	1	75589078	75589169	2	-2.169
df0ea333-0f5a-4da4-9242-f74a28e6a9ac	1	75593824	102515539	17574	-0.0996
df0ea333-0f5a-4da4-9242-f74a28e6a9ac	1	102515862	103560608	498	0.101
df0ea333-0f5a-4da4-9242-f74a28e6a9ac	1	103566616	103620877	28	0.5292
df0ea333-0f5a-4da4-9242-f74a28e6a9ac	1	103621165	105470754	922	-0.0953
df0ea333-0f5a-4da4-9242-f74a28e6a9ac	1	105476583	105479753	17	-1.9488
df0ea333-0f5a-4da4-9242-f74a28e6a9ac	1	105481433	107875930	1705	-0.0987
df0ea333-0f5a-4da4-9242-f74a28e6a9ac	1	107876735	107877868	2	1.5801
df0ea333-0f5a-4da4-9242-f74a28e6a9ac	1	107878374	143541857	8078	-0.0867
df0ea333-0f5a-4da4-9242-f74a28e6a9ac	1	143545399	143708096	73	-0.5722
df0ea333-0f5a-4da4-9242-f74a28e6a9ac	1	143708149	143927887	50	-0.1853
df0ea333-0f5a-4da4-9242-f74a28e6a9ac	1	143928045	146062439	181	0.5659
df0ea333-0f5a-4da4-9242-f74a28e6a9ac	1	146150530	146250588	4	1.5989
df0ea333-0f5a-4da4-9242-f74a28e6a9ac	1	146716041	152583051	2131	0.5413
df0ea333-0f5a-4da4-9242-f74a28e6a9ac	1	152583230	152614100	34	-1.8896
df0ea333-0f5a-4da4-9242-f74a28e6a9ac	1	152614118	152790414	183	0.5076
df0ea333-0f5a-4da4-9242-f74a28e6a9ac	1	152790427	152795447	14	1.16
df0ea333-0f5a-4da4-9242-f74a28e6a9ac	1	152795471	158095744	2956	0.5459
df0ea333-0f5a-4da4-9242-f74a28e6a9ac	1	158097044	158097257	3	-0.8299
df0ea333-0f5a-4da4-9242-f74a28e6a9ac	1	158098554	158544739	334	0.5037
df0ea333-0f5a-4da4-9242-f74a28e6a9ac	1	158544845	158545295	8	-0.1049
df0ea333-0f5a-4da4-9242-f74a28e6a9ac	1	158547206	169247699	7994	0.5444
df0ea333-0f5a-4da4-9242-f74a28e6a9ac	1	169264736	169272528	7	-0.7735
df0ea333-0f5a-4da4-9242-f74a28e6a9ac	1	169273163	196745692	18182	0.5337
df0ea333-0f5a-4da4-9242-f74a28e6a9ac	1	196745743	196832525	58	-0.2272
df0ea333-0f5a-4da4-9242-f74a28e6a9ac	1	196832720	227237600	20466	0.5421
df0ea333-0f5a-4da4-9242-f74a28e6a9ac	1	227238371	227238705	3	-1.1884
df0ea333-0f5a-4da4-9242-f74a28e6a9ac	1	227241477	229675422	1377	0.5393
df0ea333-0f5a-4da4-9242-f74a28e6a9ac	1	229681109	229684449	3	-3.3496
df0ea333-0f5a-4da4-9242-f74a28e6a9ac	1	229684709	248930189	13985	0.5354
df0ea333-0f5a-4da4-9242-f74a28e6a9ac	2	12784	600575	392	0.0973
df0ea333-0f5a-4da4-9242-f74a28e6a9ac	2	600828	2642818	1401	0.0167
df0ea333-0f5a-4da4-9242-f74a28e6a9ac	2	2643257	34466002	22296	0.0831
df0ea333-0f5a-4da4-9242-f74a28e6a9ac	2	34474248	34511990	46	-2.1456
df0ea333-0f5a-4da4-9242-f74a28e6a9ac	2	34512096	41011095	4805	0.0801
df0ea333-0f5a-4da4-9242-f74a28e6a9ac	2	41011303	41024662	28	-0.5005
df0ea333-0f5a-4da4-9242-f74a28e6a9ac	2	41024677	44615517	2566	0.09
df0ea333-0f5a-4da4-9242-f74a28e6a9ac	2	44622652	44624195	2	1.6432
df0ea333-0f5a-4da4-9242-f74a28e6a9ac	2	44625164	50990776	4550	0.0911
df0ea333-0f5a-4da4-9242-f74a28e6a9ac	2	50994438	51006897	14	-1.089
df0ea333-0f5a-4da4-9242-f74a28e6a9ac	2	51009386	52537675	1060	0.0867
df0ea333-0f5a-4da4-9242-f74a28e6a9ac	2	52538254	52554404	20	0.6557
df0ea333-0f5a-4da4-9242-f74a28e6a9ac	2	52560811	78708374	16882	0.0871
df0ea333-0f5a-4da4-9242-f74a28e6a9ac	2	78708501	79407898	553	-0.0001
df0ea333-0f5a-4da4-9242-f74a28e6a9ac	2	79408137	86882149	4544	0.0826
df0ea333-0f5a-4da4-9242-f74a28e6a9ac	2	86893372	87229739	55	0.3529
df0ea333-0f5a-4da4-9242-f74a28e6a9ac	2	87245291	88932284	629	0.104
df0ea333-0f5a-4da4-9242-f74a28e6a9ac	2	88933156	94717559	323	0.2055
df0ea333-0f5a-4da4-9242-f74a28e6a9ac	2	94719149	97047398	783	0.105
df0ea333-0f5a-4da4-9242-f74a28e6a9ac	2	97048036	97624729	105	0.349
df0ea333-0f5a-4da4-9242-f74a28e6a9ac	2	97627711	105519180	4903	0.0889
df0ea333-0f5a-4da4-9242-f74a28e6a9ac	2	105521668	105522355	2	-1.8971
df0ea333-0f5a-4da4-9242-f74a28e6a9ac	2	105522759	116828073	6392	0.0884
df0ea333-0f5a-4da4-9242-f74a28e6a9ac	2	116831010	116832277	3	-1.1717
df0ea333-0f5a-4da4-9242-f74a28e6a9ac	2	116833669	119287958	1713	0.0745
df0ea333-0f5a-4da4-9242-f74a28e6a9ac	2	119288886	119292266	4	-1.33
df0ea333-0f5a-4da4-9242-f74a28e6a9ac	2	119293268	146106875	16376	0.0846
df0ea333-0f5a-4da4-9242-f74a28e6a9ac	2	146106889	146121331	31	-0.386
df0ea333-0f5a-4da4-9242-f74a28e6a9ac	2	146121420	154836284	5358	0.0757
df0ea333-0f5a-4da4-9242-f74a28e6a9ac	2	154838327	154838542	2	-2.2569
df0ea333-0f5a-4da4-9242-f74a28e6a9ac	2	154838542	212316597	34652	0.0812
df0ea333-0f5a-4da4-9242-f74a28e6a9ac	2	212321824	212327101	25	-0.8876
df0ea333-0f5a-4da4-9242-f74a28e6a9ac	2	212327402	242147305	19007	0.089
df0ea333-0f5a-4da4-9242-f74a28e6a9ac	3	20930	6275672	5553	-0.1021
df0ea333-0f5a-4da4-9242-f74a28e6a9ac	3	6277576	6293785	19	0.5082
df0ea333-0f5a-4da4-9242-f74a28e6a9ac	3	6296749	21899861	10908	-0.0918
df0ea333-0f5a-4da4-9242-f74a28e6a9ac	3	21901699	21910415	14	-0.6642
df0ea333-0f5a-4da4-9242-f74a28e6a9ac	3	21910618	26154580	3229	-0.1042
df0ea333-0f5a-4da4-9242-f74a28e6a9ac	3	26155820	26174441	12	0.4723
df0ea333-0f5a-4da4-9242-f74a28e6a9ac	3	26182244	33520622	5037	-0.0911
df0ea333-0f5a-4da4-9242-f74a28e6a9ac	3	33521784	33525652	3	-1.6873
df0ea333-0f5a-4da4-9242-f74a28e6a9ac	3	33527627	37935926	2841	-0.0902
df0ea333-0f5a-4da4-9242-f74a28e6a9ac	3	37940617	37945437	18	-1.0253
df0ea333-0f5a-4da4-9242-f74a28e6a9ac	3	37945615	46733893	5532	-0.0873
df0ea333-0f5a-4da4-9242-f74a28e6a9ac	3	46734326	53374460	2790	-0.0455
df0ea333-0f5a-4da4-9242-f74a28e6a9ac	3	53378783	64753116	8892	-0.0905
df0ea333-0f5a-4da4-9242-f74a28e6a9ac	3	64753551	64758376	2	-2.2794
df0ea333-0f5a-4da4-9242-f74a28e6a9ac	3	64758508	68697013	2925	-0.0774
df0ea333-0f5a-4da4-9242-f74a28e6a9ac	3	68697108	68698262	14	0.8956
df0ea333-0f5a-4da4-9242-f74a28e6a9ac	3	68699607	69616151	723	-0.0861
df0ea333-0f5a-4da4-9242-f74a28e6a9ac	3	69623864	69628810	2	-1.3916
df0ea333-0f5a-4da4-9242-f74a28e6a9ac	3	69629193	71076453	1102	-0.086
df0ea333-0f5a-4da4-9242-f74a28e6a9ac	3	71077262	71219916	96	0.2668
df0ea333-0f5a-4da4-9242-f74a28e6a9ac	3	71230709	75450463	2982	-0.0871
df0ea333-0f5a-4da4-9242-f74a28e6a9ac	3	75451613	75864091	102	0.2197
df0ea333-0f5a-4da4-9242-f74a28e6a9ac	3	75864822	84651178	4913	-0.0925
df0ea333-0f5a-4da4-9242-f74a28e6a9ac	3	84651212	84653449	12	0.5262
df0ea333-0f5a-4da4-9242-f74a28e6a9ac	3	84657133	97020136	4768	-0.0838
df0ea333-0f5a-4da4-9242-f74a28e6a9ac	3	97022044	97022174	2	-1.3809
df0ea333-0f5a-4da4-9242-f74a28e6a9ac	3	97022390	99226551	1219	-0.0984
df0ea333-0f5a-4da4-9242-f74a28e6a9ac	3	99226566	99230212	12	-1.0233
df0ea333-0f5a-4da4-9242-f74a28e6a9ac	3	99230225	144181395	27514	-0.0935
df0ea333-0f5a-4da4-9242-f74a28e6a9ac	3	144181435	144181751	2	-2.0821
df0ea333-0f5a-4da4-9242-f74a28e6a9ac	3	144183185	149245176	3147	-0.0938
df0ea333-0f5a-4da4-9242-f74a28e6a9ac	3	149245189	149250334	26	-1.172
df0ea333-0f5a-4da4-9242-f74a28e6a9ac	3	149253293	162795361	8338	-0.0896
df0ea333-0f5a-4da4-9242-f74a28e6a9ac	3	162795671	162897919	59	0.3264
df0ea333-0f5a-4da4-9242-f74a28e6a9ac	3	162898127	169012392	3447	-0.0991
df0ea333-0f5a-4da4-9242-f74a28e6a9ac	3	169015614	169020840	2	-2.0198
df0ea333-0f5a-4da4-9242-f74a28e6a9ac	3	169022039	173519113	2912	-0.094
df0ea333-0f5a-4da4-9242-f74a28e6a9ac	3	173522845	173571890	24	0.4707
df0ea333-0f5a-4da4-9242-f74a28e6a9ac	3	173582403	193160173	12786	-0.0927
df0ea333-0f5a-4da4-9242-f74a28e6a9ac	3	193160256	193165114	18	-1.1261
df0ea333-0f5a-4da4-9242-f74a28e6a9ac	3	193168646	195715696	1504	-0.0902
df0ea333-0f5a-4da4-9242-f74a28e6a9ac	3	195715711	195746925	22	0.696
df0ea333-0f5a-4da4-9242-f74a28e6a9ac	3	195747311	198169247	1168	-0.0514
df0ea333-0f5a-4da4-9242-f74a28e6a9ac	4	68929	3876063	1566	-0.0885
df0ea333-0f5a-4da4-9242-f74a28e6a9ac	4	3877891	4183759	82	0.2343
df0ea333-0f5a-4da4-9242-f74a28e6a9ac	4	4183883	9383120	3453	-0.0949
df0ea333-0f5a-4da4-9242-f74a28e6a9ac	4	9383234	9625216	99	0.2097
df0ea333-0f5a-4da4-9242-f74a28e6a9ac	4	9630824	10208766	499	-0.0676
df0ea333-0f5a-4da4-9242-f74a28e6a9ac	4	10221792	10229874	28	1.1573
df0ea333-0f5a-4da4-9242-f74a28e6a9ac	4	10232590	10388498	177	-0.1032
df0ea333-0f5a-4da4-9242-f74a28e6a9ac	4	10389091	10399044	17	-0.6073
df0ea333-0f5a-4da4-9242-f74a28e6a9ac	4	10401094	11168130	646	-0.0884
df0ea333-0f5a-4da4-9242-f74a28e6a9ac	4	11173831	11177220	3	1.3586
df0ea333-0f5a-4da4-9242-f74a28e6a9ac	4	11177949	49078996	25130	-0.0933
df0ea333-0f5a-4da4-9242-f74a28e6a9ac	4	49080266	49588639	29	0.5133
df0ea333-0f5a-4da4-9242-f74a28e6a9ac	4	49618868	63841887	7589	-0.0958
df0ea333-0f5a-4da4-9242-f74a28e6a9ac	4	63842036	63842540	6	-1.3379
df0ea333-0f5a-4da4-9242-f74a28e6a9ac	4	63850713	68349208	2845	-0.0943
df0ea333-0f5a-4da4-9242-f74a28e6a9ac	4	68352050	68663241	99	0.4387
df0ea333-0f5a-4da4-9242-f74a28e6a9ac	4	68671434	69165940	271	-0.1181
df0ea333-0f5a-4da4-9242-f74a28e6a9ac	4	69166653	69433003	132	0.1273
df0ea333-0f5a-4da4-9242-f74a28e6a9ac	4	69433747	94842468	15516	-0.0914
df0ea333-0f5a-4da4-9242-f74a28e6a9ac	4	94842721	94848216	2	1.6275
df0ea333-0f5a-4da4-9242-f74a28e6a9ac	4	94849692	97432453	1757	-0.1056
df0ea333-0f5a-4da4-9242-f74a28e6a9ac	4	97436283	97437154	2	-3.7883
df0ea333-0f5a-4da4-9242-f74a28e6a9ac	4	97439635	115244712	10641	-0.0957
df0ea333-0f5a-4da4-9242-f74a28e6a9ac	4	115244948	115254969	21	-1.3453
df0ea333-0f5a-4da4-9242-f74a28e6a9ac	4	115259026	129141596	8087	-0.0939
df0ea333-0f5a-4da4-9242-f74a28e6a9ac	4	129146391	129147005	2	-2.8942
df0ea333-0f5a-4da4-9242-f74a28e6a9ac	4	129151408	143988382	8999	-0.0925
df0ea333-0f5a-4da4-9242-f74a28e6a9ac	4	143988396	144109393	60	0.1649
df0ea333-0f5a-4da4-9242-f74a28e6a9ac	4	144109548	160950731	10173	-0.1013
df0ea333-0f5a-4da4-9242-f74a28e6a9ac	4	160952454	160966393	45	0.2514
df0ea333-0f5a-4da4-9242-f74a28e6a9ac	4	160966965	171448195	6653	-0.1001
df0ea333-0f5a-4da4-9242-f74a28e6a9ac	4	171453733	171456307	9	0.9564
df0ea333-0f5a-4da4-9242-f74a28e6a9ac	4	171456559	172068149	403	-0.0941
df0ea333-0f5a-4da4-9242-f74a28e6a9ac	4	172068222	172068368	7	-1.5434
df0ea333-0f5a-4da4-9242-f74a28e6a9ac	4	172068382	186893455	10019	-0.1012
df0ea333-0f5a-4da4-9242-f74a28e6a9ac	4	186893712	186894096	3	-1.7653
df0ea333-0f5a-4da4-9242-f74a28e6a9ac	4	186894493	190010040	2049	-0.0826
df0ea333-0f5a-4da4-9242-f74a28e6a9ac	4	190013781	190106768	9	0.7934
df0ea333-0f5a-4da4-9242-f74a28e6a9ac	5	15532	626163	274	0.0746
df0ea333-0f5a-4da4-9242-f74a28e6a9ac	5	637162	817877	66	-0.1481
df0ea333-0f5a-4da4-9242-f74a28e6a9ac	5	818426	58025819	35421	0.0978
df0ea333-0f5a-4da4-9242-f74a28e6a9ac	5	58030200	58037688	31	-0.3236
df0ea333-0f5a-4da4-9242-f74a28e6a9ac	5	58037706	118050922	36223	0.0999
df0ea333-0f5a-4da4-9242-f74a28e6a9ac	5	118052727	118053390	11	-0.6873
df0ea333-0f5a-4da4-9242-f74a28e6a9ac	5	118068645	181363319	40851	0.1001
df0ea333-0f5a-4da4-9242-f74a28e6a9ac	6	149661	294725	123	0.0908
df0ea333-0f5a-4da4-9242-f74a28e6a9ac	6	294837	380821	76	-0.3667
df0ea333-0f5a-4da4-9242-f74a28e6a9ac	6	381149	18788547	14361	0.0987
df0ea333-0f5a-4da4-9242-f74a28e6a9ac	6	18789526	18789733	2	-2.2528
df0ea333-0f5a-4da4-9242-f74a28e6a9ac	6	18791200	28043874	6263	0.1053
df0ea333-0f5a-4da4-9242-f74a28e6a9ac	6	28051166	28053855	3	-1.1079
df0ea333-0f5a-4da4-9242-f74a28e6a9ac	6	28055973	29868462	822	0.1067
df0ea333-0f5a-4da4-9242-f74a28e6a9ac	6	29868698	29868926	4	-1.506
df0ea333-0f5a-4da4-9242-f74a28e6a9ac	6	29868964	29882603	22	0.4335
df0ea333-0f5a-4da4-9242-f74a28e6a9ac	6	29903859	29907031	4	-2.6418
df0ea333-0f5a-4da4-9242-f74a28e6a9ac	6	29909182	29931120	7	-6.1491
df0ea333-0f5a-4da4-9242-f74a28e6a9ac	6	29931900	29948709	12	-0.794
df0ea333-0f5a-4da4-9242-f74a28e6a9ac	6	29948728	31313046	636	0.1059
df0ea333-0f5a-4da4-9242-f74a28e6a9ac	6	31318499	31327629	7	0.7799
df0ea333-0f5a-4da4-9242-f74a28e6a9ac	6	31328176	31369093	26	0.0725
df0ea333-0f5a-4da4-9242-f74a28e6a9ac	6	31370073	31373030	8	-1.0861
df0ea333-0f5a-4da4-9242-f74a28e6a9ac	6	31375827	32463515	466	0.1109
df0ea333-0f5a-4da4-9242-f74a28e6a9ac	6	32463775	32605994	35	0.9356
df0ea333-0f5a-4da4-9242-f74a28e6a9ac	6	32606237	32718419	67	0.155
df0ea333-0f5a-4da4-9242-f74a28e6a9ac	6	32720838	32732907	12	0.915
df0ea333-0f5a-4da4-9242-f74a28e6a9ac	6	32733056	34418858	988	0.1107
df0ea333-0f5a-4da4-9242-f74a28e6a9ac	6	34424954	34985133	302	0.4308
df0ea333-0f5a-4da4-9242-f74a28e6a9ac	6	34992869	54066353	12362	0.1068
df0ea333-0f5a-4da4-9242-f74a28e6a9ac	6	54066432	54067057	6	1.1167
df0ea333-0f5a-4da4-9242-f74a28e6a9ac	6	54070550	55960697	1213	0.0927
df0ea333-0f5a-4da4-9242-f74a28e6a9ac	6	55961357	55978862	10	-0.9849
df0ea333-0f5a-4da4-9242-f74a28e6a9ac	6	55986080	67528872	5097	0.1066
df0ea333-0f5a-4da4-9242-f74a28e6a9ac	6	67530259	73882142	4068	-0.3418
df0ea333-0f5a-4da4-9242-f74a28e6a9ac	6	73882509	73893889	12	0.2553
df0ea333-0f5a-4da4-9242-f74a28e6a9ac	6	73893903	76726815	1766	-0.3144
df0ea333-0f5a-4da4-9242-f74a28e6a9ac	6	76730151	76742972	20	0.2202
df0ea333-0f5a-4da4-9242-f74a28e6a9ac	6	76743040	76790809	47	-0.3092
df0ea333-0f5a-4da4-9242-f74a28e6a9ac	6	76790825	76791548	3	-2.6389
df0ea333-0f5a-4da4-9242-f74a28e6a9ac	6	76791571	78252522	920	-0.3291
df0ea333-0f5a-4da4-9242-f74a28e6a9ac	6	78252576	78318053	112	-0.5708
df0ea333-0f5a-4da4-9242-f74a28e6a9ac	6	78322600	103286950	15467	-0.3341
df0ea333-0f5a-4da4-9242-f74a28e6a9ac	6	103286954	103314186	47	0.4818
df0ea333-0f5a-4da4-9242-f74a28e6a9ac	6	103317795	107730796	2784	-0.3256
df0ea333-0f5a-4da4-9242-f74a28e6a9ac	6	107732160	107732702	2	-2.5015
df0ea333-0f5a-4da4-9242-f74a28e6a9ac	6	107733966	138753143	19605	-0.3389
df0ea333-0f5a-4da4-9242-f74a28e6a9ac	6	138754204	138754707	2	-3.1323
df0ea333-0f5a-4da4-9242-f74a28e6a9ac	6	138755633	148528293	6121	-0.3352
df0ea333-0f5a-4da4-9242-f74a28e6a9ac	6	148528426	148530173	2	-2.2074
df0ea333-0f5a-4da4-9242-f74a28e6a9ac	6	148530201	150470357	1318	-0.3369
df0ea333-0f5a-4da4-9242-f74a28e6a9ac	6	150470529	150480168	9	-1.0209
df0ea333-0f5a-4da4-9242-f74a28e6a9ac	6	150480928	150484087	4	-2.8922
df0ea333-0f5a-4da4-9242-f74a28e6a9ac	6	150484102	170591303	14257	-0.3528
df0ea333-0f5a-4da4-9242-f74a28e6a9ac	6	170593844	170741917	11	0.0474
df0ea333-0f5a-4da4-9242-f74a28e6a9ac	7	43355	29634124	21432	-0.0341
df0ea333-0f5a-4da4-9242-f74a28e6a9ac	7	29634172	29646732	5	-1.1951
df0ea333-0f5a-4da4-9242-f74a28e6a9ac	7	29648549	38347190	6045	-0.0405
df0ea333-0f5a-4da4-9242-f74a28e6a9ac	7	38347211	38365496	11	0.5372
df0ea333-0f5a-4da4-9242-f74a28e6a9ac	7	38368593	56686405	12543	-0.0321
df0ea333-0f5a-4da4-9242-f74a28e6a9ac	7	56687890	65476974	1631	0.0355
df0ea333-0f5a-4da4-9242-f74a28e6a9ac	7	65477936	65595136	19	0.5708
df0ea333-0f5a-4da4-9242-f74a28e6a9ac	7	65601789	65684237	24	0.0778
df0ea333-0f5a-4da4-9242-f74a28e6a9ac	7	65696403	70955452	2900	-0.0276
df0ea333-0f5a-4da4-9242-f74a28e6a9ac	7	70958264	70961155	2	-2.4121
df0ea333-0f5a-4da4-9242-f74a28e6a9ac	7	70963257	97766197	15695	-0.0312
df0ea333-0f5a-4da4-9242-f74a28e6a9ac	7	97772620	97773163	8	-1.0306
df0ea333-0f5a-4da4-9242-f74a28e6a9ac	7	97774928	101313284	1508	-0.0101
df0ea333-0f5a-4da4-9242-f74a28e6a9ac	7	101317674	101320594	4	-1.7237
df0ea333-0f5a-4da4-9242-f74a28e6a9ac	7	101322320	108045495	3909	-0.0314
df0ea333-0f5a-4da4-9242-f74a28e6a9ac	7	108046012	108072585	18	0.4656
df0ea333-0f5a-4da4-9242-f74a28e6a9ac	7	108073607	134100424	15934	-0.0358
df0ea333-0f5a-4da4-9242-f74a28e6a9ac	7	134100442	134105690	24	-2.4406
df0ea333-0f5a-4da4-9242-f74a28e6a9ac	7	134110881	144264193	6446	-0.0296
df0ea333-0f5a-4da4-9242-f74a28e6a9ac	7	144295437	144336758	5	1.057
df0ea333-0f5a-4da4-9242-f74a28e6a9ac	7	144343967	153450553	5556	-0.0293
df0ea333-0f5a-4da4-9242-f74a28e6a9ac	7	153450560	153450627	2	-1.8163
df0ea333-0f5a-4da4-9242-f74a28e6a9ac	7	153450630	154598185	852	-0.0331
df0ea333-0f5a-4da4-9242-f74a28e6a9ac	7	154601461	154607903	4	-2.0574
df0ea333-0f5a-4da4-9242-f74a28e6a9ac	7	154609120	155412404	737	-0.0349
df0ea333-0f5a-4da4-9242-f74a28e6a9ac	7	155413823	155414572	3	-1.4653
df0ea333-0f5a-4da4-9242-f74a28e6a9ac	7	155415881	159334314	2494	-0.0446
df0ea333-0f5a-4da4-9242-f74a28e6a9ac	8	81254	2370575	1639	-0.3762
df0ea333-0f5a-4da4-9242-f74a28e6a9ac	8	2370724	2370865	3	-3.5108
df0ea333-0f5a-4da4-9242-f74a28e6a9ac	8	2371071	6813838	5765	-0.3812
df0ea333-0f5a-4da4-9242-f74a28e6a9ac	8	6814145	6815022	3	-2.8391
df0ea333-0f5a-4da4-9242-f74a28e6a9ac	8	6816936	6843611	24	-0.3083
df0ea333-0f5a-4da4-9242-f74a28e6a9ac	8	6852226	6852835	2	-2.0397
df0ea333-0f5a-4da4-9242-f74a28e6a9ac	8	6853173	7082704	251	-0.3286
df0ea333-0f5a-4da4-9242-f74a28e6a9ac	8	7084593	8078333	84	0.3999
df0ea333-0f5a-4da4-9242-f74a28e6a9ac	8	8085660	12037736	3228	-0.3621
df0ea333-0f5a-4da4-9242-f74a28e6a9ac	8	12092042	12376891	20	0.3048
df0ea333-0f5a-4da4-9242-f74a28e6a9ac	8	12382326	12496252	24	0.7496
df0ea333-0f5a-4da4-9242-f74a28e6a9ac	8	12519969	12695342	37	0.1609
df0ea333-0f5a-4da4-9242-f74a28e6a9ac	8	12697234	18994251	5815	-0.3361
df0ea333-0f5a-4da4-9242-f74a28e6a9ac	8	18994964	19001036	21	-1.0451
df0ea333-0f5a-4da4-9242-f74a28e6a9ac	8	19001217	25116961	4528	-0.3389
df0ea333-0f5a-4da4-9242-f74a28e6a9ac	8	25117007	25126818	25	-1.1516
df0ea333-0f5a-4da4-9242-f74a28e6a9ac	8	25133589	39373140	9006	-0.3326
df0ea333-0f5a-4da4-9242-f74a28e6a9ac	8	39378084	39529446	58	-2.0478
df0ea333-0f5a-4da4-9242-f74a28e6a9ac	8	39530780	40326280	591	-0.3305
df0ea333-0f5a-4da4-9242-f74a28e6a9ac	8	40326286	40331963	30	-1.0371
df0ea333-0f5a-4da4-9242-f74a28e6a9ac	8	40331978	42197955	1220	-0.3473
df0ea333-0f5a-4da4-9242-f74a28e6a9ac	8	42198531	43505549	661	-0.242
df0ea333-0f5a-4da4-9242-f74a28e6a9ac	8	43506476	43807613	61	-0.3808
df0ea333-0f5a-4da4-9242-f74a28e6a9ac	8	43808532	71300130	15327	0.0926
df0ea333-0f5a-4da4-9242-f74a28e6a9ac	8	71303076	71307892	10	-0.6
df0ea333-0f5a-4da4-9242-f74a28e6a9ac	8	71308086	77115770	3744	0.0893
df0ea333-0f5a-4da4-9242-f74a28e6a9ac	8	77115842	77116216	3	-1.8593
df0ea333-0f5a-4da4-9242-f74a28e6a9ac	8	77116784	94545084	10078	0.087
df0ea333-0f5a-4da4-9242-f74a28e6a9ac	8	94545324	94545764	7	1.1298
df0ea333-0f5a-4da4-9242-f74a28e6a9ac	8	94545887	111282809	10269	0.0892
df0ea333-0f5a-4da4-9242-f74a28e6a9ac	8	111282852	111283016	3	-2.0393
df0ea333-0f5a-4da4-9242-f74a28e6a9ac	8	111283031	114619814	1819	0.0939
df0ea333-0f5a-4da4-9242-f74a28e6a9ac	8	114622258	114626238	16	-0.7014
df0ea333-0f5a-4da4-9242-f74a28e6a9ac	8	114626472	114628679	7	0.4876
df0ea333-0f5a-4da4-9242-f74a28e6a9ac	8	114628759	114629502	12	-0.6961
df0ea333-0f5a-4da4-9242-f74a28e6a9ac	8	114638468	141215063	19418	0.087
df0ea333-0f5a-4da4-9242-f74a28e6a9ac	8	141216984	141217755	2	-1.4379
df0ea333-0f5a-4da4-9242-f74a28e6a9ac	8	141220093	141564139	183	0.062
df0ea333-0f5a-4da4-9242-f74a28e6a9ac	8	141564862	141570717	12	-0.5879
df0ea333-0f5a-4da4-9242-f74a28e6a9ac	8	141573436	143616987	929	0.0593
df0ea333-0f5a-4da4-9242-f74a28e6a9ac	8	143622987	143624575	4	-0.9877
df0ea333-0f5a-4da4-9242-f74a28e6a9ac	8	143624639	145072769	509	0.0826
df0ea333-0f5a-4da4-9242-f74a28e6a9ac	9	46587	32685509	27278	0.411
df0ea333-0f5a-4da4-9242-f74a28e6a9ac	9	32690445	32695800	7	1.3008
df0ea333-0f5a-4da4-9242-f74a28e6a9ac	9	32696998	32710129	19	0.9821
df0ea333-0f5a-4da4-9242-f74a28e6a9ac	9	32710251	39487690	3878	0.4078
df0ea333-0f5a-4da4-9242-f74a28e6a9ac	9	39547279	39747848	6	1.2013
df0ea333-0f5a-4da4-9242-f74a28e6a9ac	9	39807498	41639988	91	0.4861
df0ea333-0f5a-4da4-9242-f74a28e6a9ac	9	41644133	42574420	51	0.8335
df0ea333-0f5a-4da4-9242-f74a28e6a9ac	9	42585140	61405110	55	0.4291
df0ea333-0f5a-4da4-9242-f74a28e6a9ac	9	61520021	61647899	30	-0.5679
df0ea333-0f5a-4da4-9242-f74a28e6a9ac	9	61665362	96310246	20095	0.404
df0ea333-0f5a-4da4-9242-f74a28e6a9ac	9	96310766	96310987	4	1.4684
df0ea333-0f5a-4da4-9242-f74a28e6a9ac	9	96313104	117412536	15446	0.41
df0ea333-0f5a-4da4-9242-f74a28e6a9ac	9	117417143	117417308	2	-1.4425
df0ea333-0f5a-4da4-9242-f74a28e6a9ac	9	117417754	136532614	11952	0.4199
df0ea333-0f5a-4da4-9242-f74a28e6a9ac	9	136536903	136537300	3	-1.0415
df0ea333-0f5a-4da4-9242-f74a28e6a9ac	9	136539349	138200944	594	0.3931
df0ea333-0f5a-4da4-9242-f74a28e6a9ac	10	45792	26938836	21197	0.0984
df0ea333-0f5a-4da4-9242-f74a28e6a9ac	10	26939421	26941808	8	-0.7392
df0ea333-0f5a-4da4-9242-f74a28e6a9ac	10	26942681	30957581	3018	0.1118
df0ea333-0f5a-4da4-9242-f74a28e6a9ac	10	30962405	30962850	11	-0.593
df0ea333-0f5a-4da4-9242-f74a28e6a9ac	10	30962893	42157337	4860	0.0989
df0ea333-0f5a-4da4-9242-f74a28e6a9ac	10	42159354	42330980	26	0.6024
df0ea333-0f5a-4da4-9242-f74a28e6a9ac	10	42331264	46446814	2552	0.1043
df0ea333-0f5a-4da4-9242-f74a28e6a9ac	10	46446817	46532940	23	-0.3997
df0ea333-0f5a-4da4-9242-f74a28e6a9ac	10	46538819	46836986	36	0.1989
df0ea333-0f5a-4da4-9242-f74a28e6a9ac	10	46898735	46901552	2	2.3775
df0ea333-0f5a-4da4-9242-f74a28e6a9ac	10	46967412	53377685	4155	0.0786
df0ea333-0f5a-4da4-9242-f74a28e6a9ac	10	53378279	53382341	2	1.796
df0ea333-0f5a-4da4-9242-f74a28e6a9ac	10	53382403	57443289	2968	0.0993
df0ea333-0f5a-4da4-9242-f74a28e6a9ac	10	57450745	57451013	4	-2.2927
df0ea333-0f5a-4da4-9242-f74a28e6a9ac	10	57458735	65546518	5560	0.1013
df0ea333-0f5a-4da4-9242-f74a28e6a9ac	10	65548165	65554688	28	-1.8144
df0ea333-0f5a-4da4-9242-f74a28e6a9ac	10	65563037	89367014	15993	0.1035
df0ea333-0f5a-4da4-9242-f74a28e6a9ac	10	89371306	89393942	25	-0.3165
df0ea333-0f5a-4da4-9242-f74a28e6a9ac	10	89394510	130461878	28203	0.1015
df0ea333-0f5a-4da4-9242-f74a28e6a9ac	10	130462363	131045823	550	-0.0092
df0ea333-0f5a-4da4-9242-f74a28e6a9ac	10	131047431	133654968	1454	0.0857
df0ea333-0f5a-4da4-9242-f74a28e6a9ac	11	198510	4274526	1753	0.1012
df0ea333-0f5a-4da4-9242-f74a28e6a9ac	11	4280126	4280161	4	1.0714
df0ea333-0f5a-4da4-9242-f74a28e6a9ac	11	4286190	5498832	1229	0.0872
df0ea333-0f5a-4da4-9242-f74a28e6a9ac	11	5499342	5503234	10	-0.5614
df0ea333-0f5a-4da4-9242-f74a28e6a9ac	11	5503922	5761729	231	0.0547
df0ea333-0f5a-4da4-9242-f74a28e6a9ac	11	5761746	5787909	39	0.3742
df0ea333-0f5a-4da4-9242-f74a28e6a9ac	11	5788108	18919323	9405	0.0971
df0ea333-0f5a-4da4-9242-f74a28e6a9ac	11	18927525	18940191	42	0.8304
df0ea333-0f5a-4da4-9242-f74a28e6a9ac	11	18940271	31371747	9090	0.0854
df0ea333-0f5a-4da4-9242-f74a28e6a9ac	11	31372721	31375533	2	-2.1394
df0ea333-0f5a-4da4-9242-f74a28e6a9ac	11	31376660	49686823	11928	0.0978
df0ea333-0f5a-4da4-9242-f74a28e6a9ac	11	49689309	49736039	15	-0.5543
df0ea333-0f5a-4da4-9242-f74a28e6a9ac	11	49736119	55606572	736	0.1351
df0ea333-0f5a-4da4-9242-f74a28e6a9ac	11	55606712	55674842	46	0.6332
df0ea333-0f5a-4da4-9242-f74a28e6a9ac	11	55676735	67704674	6234	0.1095
df0ea333-0f5a-4da4-9242-f74a28e6a9ac	11	67704862	67941902	62	0.3261
df0ea333-0f5a-4da4-9242-f74a28e6a9ac	11	67941969	80256469	6980	0.1046
df0ea333-0f5a-4da4-9242-f74a28e6a9ac	11	80256504	80256520	2	-2.5519
df0ea333-0f5a-4da4-9242-f74a28e6a9ac	11	80256642	83152844	2218	0.0999
df0ea333-0f5a-4da4-9242-f74a28e6a9ac	11	83153226	83156158	3	-0.9464
df0ea333-0f5a-4da4-9242-f74a28e6a9ac	11	83159435	86583910	2271	0.0924
df0ea333-0f5a-4da4-9242-f74a28e6a9ac	11	86589739	86595012	8	-0.8771
df0ea333-0f5a-4da4-9242-f74a28e6a9ac	11	86604132	88638080	1443	0.1006
df0ea333-0f5a-4da4-9242-f74a28e6a9ac	11	88640562	88647450	15	-1.3268
df0ea333-0f5a-4da4-9242-f74a28e6a9ac	11	88648950	92682533	2504	0.0876
df0ea333-0f5a-4da4-9242-f74a28e6a9ac	11	92683093	92684435	4	-1.1734
df0ea333-0f5a-4da4-9242-f74a28e6a9ac	11	92685991	123650732	21873	0.089
df0ea333-0f5a-4da4-9242-f74a28e6a9ac	11	123652013	123652399	4	-1.7269
df0ea333-0f5a-4da4-9242-f74a28e6a9ac	11	123652650	135074876	8678	0.0775
df0ea333-0f5a-4da4-9242-f74a28e6a9ac	12	51460	8241781	5546	0.095
df0ea333-0f5a-4da4-9242-f74a28e6a9ac	12	8249238	8432076	67	0.3469
df0ea333-0f5a-4da4-9242-f74a28e6a9ac	12	8442298	11359558	1762	0.0899
df0ea333-0f5a-4da4-9242-f74a28e6a9ac	12	11359597	11390452	27	-0.7271
df0ea333-0f5a-4da4-9242-f74a28e6a9ac	12	11390472	18771257	5076	0.1048
df0ea333-0f5a-4da4-9242-f74a28e6a9ac	12	18773098	18782560	3	-1.113
df0ea333-0f5a-4da4-9242-f74a28e6a9ac	12	18782999	30086381	8023	0.0925
df0ea333-0f5a-4da4-9242-f74a28e6a9ac	12	30086486	30087238	8	-0.6869
df0ea333-0f5a-4da4-9242-f74a28e6a9ac	12	30087363	30985383	814	0.0946
df0ea333-0f5a-4da4-9242-f74a28e6a9ac	12	30986334	30987031	4	-0.9176
df0ea333-0f5a-4da4-9242-f74a28e6a9ac	12	30989680	33136024	1443	0.1017
df0ea333-0f5a-4da4-9242-f74a28e6a9ac	12	33137723	33176904	55	0.4183
df0ea333-0f5a-4da4-9242-f74a28e6a9ac	12	33179951	33233822	26	0.1638
df0ea333-0f5a-4da4-9242-f74a28e6a9ac	12	33235894	33242207	4	-0.823
df0ea333-0f5a-4da4-9242-f74a28e6a9ac	12	33242483	33854255	416	0.0605
df0ea333-0f5a-4da4-9242-f74a28e6a9ac	12	33855181	38219278	517	0.19
df0ea333-0f5a-4da4-9242-f74a28e6a9ac	12	38220169	45510655	4606	0.0864
df0ea333-0f5a-4da4-9242-f74a28e6a9ac	12	45512057	45515754	3	-1.9934
df0ea333-0f5a-4da4-9242-f74a28e6a9ac	12	45519509	83769408	23611	0.0975
df0ea333-0f5a-4da4-9242-f74a28e6a9ac	12	83769511	83771462	3	-1.3934
df0ea333-0f5a-4da4-9242-f74a28e6a9ac	12	83771500	99397830	10078	0.0893
df0ea333-0f5a-4da4-9242-f74a28e6a9ac	12	99397874	99404956	35	-0.2826
df0ea333-0f5a-4da4-9242-f74a28e6a9ac	12	99409315	108087640	5893	0.0911
df0ea333-0f5a-4da4-9242-f74a28e6a9ac	12	108089997	108090347	3	1.5019
df0ea333-0f5a-4da4-9242-f74a28e6a9ac	12	108092446	127784079	12858	0.099
df0ea333-0f5a-4da4-9242-f74a28e6a9ac	12	127785458	130575632	2517	0.0335
df0ea333-0f5a-4da4-9242-f74a28e6a9ac	12	130576205	133201603	1433	0.0798
df0ea333-0f5a-4da4-9242-f74a28e6a9ac	13	18452809	58010656	26479	0.0927
df0ea333-0f5a-4da4-9242-f74a28e6a9ac	13	58016147	58019138	4	-1.7834
df0ea333-0f5a-4da4-9242-f74a28e6a9ac	13	58019212	71902850	8570	0.0848
df0ea333-0f5a-4da4-9242-f74a28e6a9ac	13	71903417	71906418	4	-2.8761
df0ea333-0f5a-4da4-9242-f74a28e6a9ac	13	71906467	114342922	29095	0.0863
df0ea333-0f5a-4da4-9242-f74a28e6a9ac	14	18239283	19964642	177	0.0553
df0ea333-0f5a-4da4-9242-f74a28e6a9ac	14	19964829	22053638	1443	-0.0886
df0ea333-0f5a-4da4-9242-f74a28e6a9ac	14	22059302	22490387	366	-0.2217
df0ea333-0f5a-4da4-9242-f74a28e6a9ac	14	22490482	69551330	29615	-0.0949
df0ea333-0f5a-4da4-9242-f74a28e6a9ac	14	69551651	69555750	8	-1.3195
df0ea333-0f5a-4da4-9242-f74a28e6a9ac	14	69555996	106412640	23540	-0.0921
df0ea333-0f5a-4da4-9242-f74a28e6a9ac	14	106416146	106492557	55	-0.5514
df0ea333-0f5a-4da4-9242-f74a28e6a9ac	14	106493062	106877229	190	-0.0824
df0ea333-0f5a-4da4-9242-f74a28e6a9ac	15	19811075	19947475	27	0.2709
df0ea333-0f5a-4da4-9242-f74a28e6a9ac	15	19950385	20376311	68	-0.3168
df0ea333-0f5a-4da4-9242-f74a28e6a9ac	15	20380735	20380851	3	-1.389
df0ea333-0f5a-4da4-9242-f74a28e6a9ac	15	20381108	20988347	58	-0.6075
df0ea333-0f5a-4da4-9242-f74a28e6a9ac	15	21005443	21078947	9	-1.3513
df0ea333-0f5a-4da4-9242-f74a28e6a9ac	15	21085447	28294842	3807	-0.336
df0ea333-0f5a-4da4-9242-f74a28e6a9ac	15	28300781	28763908	32	0.0727
df0ea333-0f5a-4da4-9242-f74a28e6a9ac	15	28765123	38393461	6122	-0.3377
df0ea333-0f5a-4da4-9242-f74a28e6a9ac	15	38395727	38396589	2	-2.4173
df0ea333-0f5a-4da4-9242-f74a28e6a9ac	15	38396870	44931456	3570	-0.3105
df0ea333-0f5a-4da4-9242-f74a28e6a9ac	15	44933059	44942884	6	-1.8766
df0ea333-0f5a-4da4-9242-f74a28e6a9ac	15	44946546	53492794	5373	-0.3254
df0ea333-0f5a-4da4-9242-f74a28e6a9ac	15	53492842	53498521	7	-1.3402
df0ea333-0f5a-4da4-9242-f74a28e6a9ac	15	53503994	101424716	32061	-0.3226
df0ea333-0f5a-4da4-9242-f74a28e6a9ac	15	101424916	101636508	176	-0.5289
df0ea333-0f5a-4da4-9242-f74a28e6a9ac	15	101636921	101859834	134	-0.2918
df0ea333-0f5a-4da4-9242-f74a28e6a9ac	15	101864933	101928837	13	0.4827
df0ea333-0f5a-4da4-9242-f74a28e6a9ac	16	10777	15176361	11212	0.4169
df0ea333-0f5a-4da4-9242-f74a28e6a9ac	16	15184961	15210241	4	-0.7895
df0ea333-0f5a-4da4-9242-f74a28e6a9ac	16	15222832	17019051	762	0.4315
df0ea333-0f5a-4da4-9242-f74a28e6a9ac	16	17019326	17577654	427	0.3251
df0ea333-0f5a-4da4-9242-f74a28e6a9ac	16	17578761	29589571	6707	0.4206
df0ea333-0f5a-4da4-9242-f74a28e6a9ac	16	29589688	29602186	3	1.8054
df0ea333-0f5a-4da4-9242-f74a28e6a9ac	16	29604641	35225230	1060	0.4168
df0ea333-0f5a-4da4-9242-f74a28e6a9ac	16	35225338	35520357	167	0.812
df0ea333-0f5a-4da4-9242-f74a28e6a9ac	16	35521195	46463450	138	0.44
df0ea333-0f5a-4da4-9242-f74a28e6a9ac	16	46469294	55761136	6459	-0.3187
df0ea333-0f5a-4da4-9242-f74a28e6a9ac	16	55762477	55782734	18	-1.224
df0ea333-0f5a-4da4-9242-f74a28e6a9ac	16	55782793	77013497	12866	-0.3107
df0ea333-0f5a-4da4-9242-f74a28e6a9ac	16	77013519	84664404	8352	-0.3507
df0ea333-0f5a-4da4-9242-f74a28e6a9ac	16	84664482	84664517	3	-2.5256
df0ea333-0f5a-4da4-9242-f74a28e6a9ac	16	84664788	90096867	3655	-0.3519
df0ea333-0f5a-4da4-9242-f74a28e6a9ac	17	150733	388402	134	-0.5329
df0ea333-0f5a-4da4-9242-f74a28e6a9ac	17	402345	46130967	23218	-0.3114
df0ea333-0f5a-4da4-9242-f74a28e6a9ac	17	46131308	46351954	93	-0.4789
df0ea333-0f5a-4da4-9242-f74a28e6a9ac	17	46446345	46446360	2	2.3675
df0ea333-0f5a-4da4-9242-f74a28e6a9ac	17	46569894	79245925	19805	-0.3193
df0ea333-0f5a-4da4-9242-f74a28e6a9ac	17	79246197	79250308	8	-1.6613
df0ea333-0f5a-4da4-9242-f74a28e6a9ac	17	79250962	83091923	1729	-0.3359
df0ea333-0f5a-4da4-9242-f74a28e6a9ac	18	48133	14104214	10039	-0.096
df0ea333-0f5a-4da4-9242-f74a28e6a9ac	18	14108789	15401764	360	0.0722
df0ea333-0f5a-4da4-9242-f74a28e6a9ac	18	15402409	40678652	12372	-0.0974
df0ea333-0f5a-4da4-9242-f74a28e6a9ac	18	40678741	40685425	21	0.639
df0ea333-0f5a-4da4-9242-f74a28e6a9ac	18	40688060	80257174	27925	-0.1006
df0ea333-0f5a-4da4-9242-f74a28e6a9ac	19	90910	20415964	8929	-0.0601
df0ea333-0f5a-4da4-9242-f74a28e6a9ac	19	20420524	20449594	14	-0.5642
df0ea333-0f5a-4da4-9242-f74a28e6a9ac	19	20449708	20450416	4	-1.6562
df0ea333-0f5a-4da4-9242-f74a28e6a9ac	19	20450862	20538428	47	-0.5233
df0ea333-0f5a-4da4-9242-f74a28e6a9ac	19	20538656	21632117	614	-0.032
df0ea333-0f5a-4da4-9242-f74a28e6a9ac	19	21632838	21637067	2	-1.5812
df0ea333-0f5a-4da4-9242-f74a28e6a9ac	19	21637309	21749772	51	0.0142
df0ea333-0f5a-4da4-9242-f74a28e6a9ac	19	21752898	21752940	2	-1.7428
df0ea333-0f5a-4da4-9242-f74a28e6a9ac	19	21755548	27690019	1560	-0.0672
df0ea333-0f5a-4da4-9242-f74a28e6a9ac	19	27703853	27707365	7	0.7152
df0ea333-0f5a-4da4-9242-f74a28e6a9ac	19	27707531	42764471	9171	-0.0803
df0ea333-0f5a-4da4-9242-f74a28e6a9ac	19	42768594	43249149	209	0.0875
df0ea333-0f5a-4da4-9242-f74a28e6a9ac	19	43249358	46335107	1630	-0.0701
df0ea333-0f5a-4da4-9242-f74a28e6a9ac	19	46338037	46340866	2	-1.9679
df0ea333-0f5a-4da4-9242-f74a28e6a9ac	19	46340952	51628560	2517	-0.073
df0ea333-0f5a-4da4-9242-f74a28e6a9ac	19	51639099	51644944	11	-2.7864
df0ea333-0f5a-4da4-9242-f74a28e6a9ac	19	51651652	55760777	2489	-0.0703
df0ea333-0f5a-4da4-9242-f74a28e6a9ac	19	55761691	55771701	7	-1.1668
df0ea333-0f5a-4da4-9242-f74a28e6a9ac	19	55774927	58429147	1784	-0.0898
df0ea333-0f5a-4da4-9242-f74a28e6a9ac	19	58432041	58433008	2	-3.7139
df0ea333-0f5a-4da4-9242-f74a28e6a9ac	19	58434689	58586487	52	-0.1912
df0ea333-0f5a-4da4-9242-f74a28e6a9ac	20	80664	1571811	1183	0.0921
df0ea333-0f5a-4da4-9242-f74a28e6a9ac	20	1576544	1601446	56	-0.3809
df0ea333-0f5a-4da4-9242-f74a28e6a9ac	20	1601561	15254778	10346	0.0921
df0ea333-0f5a-4da4-9242-f74a28e6a9ac	20	15256406	15257226	3	-3.6187
df0ea333-0f5a-4da4-9242-f74a28e6a9ac	20	15258823	16681573	1401	0.116
df0ea333-0f5a-4da4-9242-f74a28e6a9ac	20	16682100	16687127	13	-1.2767
df0ea333-0f5a-4da4-9242-f74a28e6a9ac	20	16689232	55723279	23317	0.1048
df0ea333-0f5a-4da4-9242-f74a28e6a9ac	20	55725540	55727340	4	-0.9731
df0ea333-0f5a-4da4-9242-f74a28e6a9ac	20	55728230	64324800	6050	0.0873
df0ea333-0f5a-4da4-9242-f74a28e6a9ac	21	10354168	16738711	2221	0.1143
df0ea333-0f5a-4da4-9242-f74a28e6a9ac	21	16740643	16741338	3	-1.606
df0ea333-0f5a-4da4-9242-f74a28e6a9ac	21	16741468	41727214	18884	0.1032
df0ea333-0f5a-4da4-9242-f74a28e6a9ac	21	41729736	41730314	3	-2.4373
df0ea333-0f5a-4da4-9242-f74a28e6a9ac	21	41730428	46677045	2752	0.0925
df0ea333-0f5a-4da4-9242-f74a28e6a9ac	22	15294547	16708378	122	-0.0571
df0ea333-0f5a-4da4-9242-f74a28e6a9ac	22	16712355	25349934	5139	-0.3054
df0ea333-0f5a-4da4-9242-f74a28e6a9ac	22	25349949	25522742	227	-0.9102
df0ea333-0f5a-4da4-9242-f74a28e6a9ac	22	25526375	49087151	16721	-0.3117
df0ea333-0f5a-4da4-9242-f74a28e6a9ac	22	49087169	50117902	738	-0.43
df0ea333-0f5a-4da4-9242-f74a28e6a9ac	22	50118691	50796027	286	-0.3066
df0ea333-0f5a-4da4-9242-f74a28e6a9ac	X	251810	48617756	29256	0.013
df0ea333-0f5a-4da4-9242-f74a28e6a9ac	X	48618092	49292895	257	0.3019
df0ea333-0f5a-4da4-9242-f74a28e6a9ac	X	49293112	95084882	19460	0.0165
df0ea333-0f5a-4da4-9242-f74a28e6a9ac	X	95088521	95141136	49	0.5153
df0ea333-0f5a-4da4-9242-f74a28e6a9ac	X	95141397	155952689	34631	0.0134
df0ea333-0f5a-4da4-9242-f74a28e6a9ac	Y	2782397	3314408	191	-2.686
df0ea333-0f5a-4da4-9242-f74a28e6a9ac	Y	3326047	6233384	593	-2.1245
df0ea333-0f5a-4da4-9242-f74a28e6a9ac	Y	6249869	6270476	8	-4.6563
df0ea333-0f5a-4da4-9242-f74a28e6a9ac	Y	6274726	8505342	1084	-2.8097
df0ea333-0f5a-4da4-9242-f74a28e6a9ac	Y	8507534	8711164	126	-3.3238
df0ea333-0f5a-4da4-9242-f74a28e6a9ac	Y	8711614	9327138	224	-2.9013
df0ea333-0f5a-4da4-9242-f74a28e6a9ac	Y	9329696	9553467	26	-5.2358
df0ea333-0f5a-4da4-9242-f74a28e6a9ac	Y	9554275	16731279	2610	-2.6561
df0ea333-0f5a-4da4-9242-f74a28e6a9ac	Y	16738883	21464316	1358	-2.1935
df0ea333-0f5a-4da4-9242-f74a28e6a9ac	Y	21469249	21469743	3	-6.7256
df0ea333-0f5a-4da4-9242-f74a28e6a9ac	Y	21470778	25971733	243	-2.2702
df0ea333-0f5a-4da4-9242-f74a28e6a9ac	Y	26077669	26496290	87	-1.6568
df0ea333-0f5a-4da4-9242-f74a28e6a9ac	Y	26499220	56872112	84	-2.0364
