GDC_Aliquot	Chromosome	Start	End	Num_Probes	Segment_Mean
0783cd69-1b38-42f9-b08e-32176c43ac40	1	3301765	247650984	129728	0.0051
0783cd69-1b38-42f9-b08e-32176c43ac40	2	480597	241537572	132153	0.0009
0783cd69-1b38-42f9-b08e-32176c43ac40	3	2170634	197812401	107146	0.0056
0783cd69-1b38-42f9-b08e-32176c43ac40	4	1059384	107713424	59958	0.0028
0783cd69-1b38-42f9-b08e-32176c43ac40	4	107714338	107749370	10	-0.6135
0783cd69-1b38-42f9-b08e-32176c43ac40	4	107756802	187842528	43490	0.005
0783cd69-1b38-42f9-b08e-32176c43ac40	5	913983	180934240	101080	0.0034
0783cd69-1b38-42f9-b08e-32176c43ac40	6	1011760	91849276	51200	0.0019
0783cd69-1b38-42f9-b08e-32176c43ac40	6	91850875	91855696	5	-1.5864
0783cd69-1b38-42f9-b08e-32176c43ac40	6	91856428	141648860	28528	0.0052
0783cd69-1b38-42f9-b08e-32176c43ac40	6	141650565	141650770	2	-1.6599
0783cd69-1b38-42f9-b08e-32176c43ac40	6	141651512	170596889	17411	0.0016
0783cd69-1b38-42f9-b08e-32176c43ac40	7	664936	158592540	81914	0.0042
0783cd69-1b38-42f9-b08e-32176c43ac40	8	667625	144182542	82190	0.0053
0783cd69-1b38-42f9-b08e-32176c43ac40	9	789794	138044505	68470	0.0036
0783cd69-1b38-42f9-b08e-32176c43ac40	10	366509	133411599	81252	0.0025
0783cd69-1b38-42f9-b08e-32176c43ac40	11	456012	69772815	36704	0.0064
0783cd69-1b38-42f9-b08e-32176c43ac40	11	69778046	69778408	2	-1.6583
0783cd69-1b38-42f9-b08e-32176c43ac40	11	69779237	134272740	40840	0.0049
0783cd69-1b38-42f9-b08e-32176c43ac40	12	780472	132605822	74337	0.0046
0783cd69-1b38-42f9-b08e-32176c43ac40	13	18874255	44225155	16084	0.0035
0783cd69-1b38-42f9-b08e-32176c43ac40	13	44225460	44253745	27	-0.8196
0783cd69-1b38-42f9-b08e-32176c43ac40	13	44255034	114226675	40857	0.0056
0783cd69-1b38-42f9-b08e-32176c43ac40	14	20033191	105533894	49765	0.0041
0783cd69-1b38-42f9-b08e-32176c43ac40	15	23437561	101344124	44769	0.0035
0783cd69-1b38-42f9-b08e-32176c43ac40	16	603333	19667347	8750	-0.0002
0783cd69-1b38-42f9-b08e-32176c43ac40	16	19667820	19668129	2	-1.5728
0783cd69-1b38-42f9-b08e-32176c43ac40	16	19671897	89317317	32436	0.0032
0783cd69-1b38-42f9-b08e-32176c43ac40	17	1074619	82959812	37271	0.0053
0783cd69-1b38-42f9-b08e-32176c43ac40	18	326691	79349796	42953	0.0029
0783cd69-1b38-42f9-b08e-32176c43ac40	19	283868	58370362	24151	0.0061
0783cd69-1b38-42f9-b08e-32176c43ac40	20	472817	63588502	37544	0.0034
0783cd69-1b38-42f9-b08e-32176c43ac40	21	13974127	46262057	20589	0.0054
0783cd69-1b38-42f9-b08e-32176c43ac40	22	16934932	48940621	17087	0.0024
0783cd69-1b38-42f9-b08e-32176c43ac40	X	3236359	151685980	63058	0.0063
0783cd69-1b38-42f9-b08e-32176c43ac40	X	151686226	151686633	2	-2.9606
0783cd69-1b38-42f9-b08e-32176c43ac40	X	151691291	155677414	902	-0.0077
