GDC_Aliquot	Chromosome	Start	End	Num_Probes	Segment_Mean
741e5076-bf4e-44d4-a143-231bb585f781	1	3301765	4821979	1064	-0.0057
741e5076-bf4e-44d4-a143-231bb585f781	1	4822582	4822596	2	-1.5675
741e5076-bf4e-44d4-a143-231bb585f781	1	4823035	81426822	43698	0.0035
741e5076-bf4e-44d4-a143-231bb585f781	1	81427880	81430804	14	0.3982
741e5076-bf4e-44d4-a143-231bb585f781	1	81430820	85065131	2400	0.0016
741e5076-bf4e-44d4-a143-231bb585f781	1	85065368	85068962	2	-1.3024
741e5076-bf4e-44d4-a143-231bb585f781	1	85071429	231108655	71822	0.0027
741e5076-bf4e-44d4-a143-231bb585f781	1	231108720	231109090	3	0.9903
741e5076-bf4e-44d4-a143-231bb585f781	1	231110993	247650984	10737	0.0028
741e5076-bf4e-44d4-a143-231bb585f781	2	480597	241537572	132189	0.0014
741e5076-bf4e-44d4-a143-231bb585f781	3	2170634	197812401	107159	0.003
741e5076-bf4e-44d4-a143-231bb585f781	4	1059384	65700083	36488	0.001
741e5076-bf4e-44d4-a143-231bb585f781	4	65701338	65701480	3	-1.4485
741e5076-bf4e-44d4-a143-231bb585f781	4	65703050	187842528	66967	0.0018
741e5076-bf4e-44d4-a143-231bb585f781	5	914118	180934240	101109	0.0009
741e5076-bf4e-44d4-a143-231bb585f781	6	1011760	9957925	6524	-0.0001
741e5076-bf4e-44d4-a143-231bb585f781	6	9961705	9961900	2	-1.4596
741e5076-bf4e-44d4-a143-231bb585f781	6	9965180	24946443	10433	-0.0002
741e5076-bf4e-44d4-a143-231bb585f781	6	24947544	24947577	2	1.2568
741e5076-bf4e-44d4-a143-231bb585f781	6	24950971	44481960	9430	0.0001
741e5076-bf4e-44d4-a143-231bb585f781	6	44482743	44484497	5	-1.1535
741e5076-bf4e-44d4-a143-231bb585f781	6	44486280	98200359	27711	0.0007
741e5076-bf4e-44d4-a143-231bb585f781	6	98204334	98204719	2	-1.3202
741e5076-bf4e-44d4-a143-231bb585f781	6	98207186	170596889	43045	0.0048
741e5076-bf4e-44d4-a143-231bb585f781	7	664936	26523390	14185	-0.0023
741e5076-bf4e-44d4-a143-231bb585f781	7	26523404	26526454	6	-0.742
741e5076-bf4e-44d4-a143-231bb585f781	7	26530523	52661195	16919	0.0054
741e5076-bf4e-44d4-a143-231bb585f781	7	52669031	52675050	4	1.3109
741e5076-bf4e-44d4-a143-231bb585f781	7	52682077	140828771	41783	0.0028
741e5076-bf4e-44d4-a143-231bb585f781	7	140829022	140829299	3	-1.142
741e5076-bf4e-44d4-a143-231bb585f781	7	140831761	158592540	9029	0.0031
741e5076-bf4e-44d4-a143-231bb585f781	8	667625	144182542	82210	0.0003
741e5076-bf4e-44d4-a143-231bb585f781	9	789794	17400074	10153	-0.0042
741e5076-bf4e-44d4-a143-231bb585f781	9	17406024	17406383	3	-1.06
741e5076-bf4e-44d4-a143-231bb585f781	9	17407204	114510741	44337	0.0023
741e5076-bf4e-44d4-a143-231bb585f781	9	114512849	114513216	3	-0.9787
741e5076-bf4e-44d4-a143-231bb585f781	9	114518153	138044505	13971	0.0047
741e5076-bf4e-44d4-a143-231bb585f781	10	366509	133411599	81283	0.0019
741e5076-bf4e-44d4-a143-231bb585f781	11	456012	25727375	16255	0.002
741e5076-bf4e-44d4-a143-231bb585f781	11	25729531	25730954	3	-1.0204
741e5076-bf4e-44d4-a143-231bb585f781	11	25732805	134272740	61297	0.0026
741e5076-bf4e-44d4-a143-231bb585f781	12	780472	45166263	23201	-0.0037
741e5076-bf4e-44d4-a143-231bb585f781	12	45166349	45172146	4	-0.9911
741e5076-bf4e-44d4-a143-231bb585f781	12	45172950	132605822	51134	0.0021
741e5076-bf4e-44d4-a143-231bb585f781	13	18874255	114226675	56988	0.002
741e5076-bf4e-44d4-a143-231bb585f781	14	20033191	24779087	1914	0.0136
741e5076-bf4e-44d4-a143-231bb585f781	14	24779340	24780616	2	-2.3659
741e5076-bf4e-44d4-a143-231bb585f781	14	24780895	95987167	42604	0.0021
741e5076-bf4e-44d4-a143-231bb585f781	14	95987225	95999085	12	-1.0469
741e5076-bf4e-44d4-a143-231bb585f781	14	96008643	105533894	5243	0.0053
741e5076-bf4e-44d4-a143-231bb585f781	15	23437561	73418519	28605	-0.0002
741e5076-bf4e-44d4-a143-231bb585f781	15	73421736	73422384	2	1.385
741e5076-bf4e-44d4-a143-231bb585f781	15	73425604	101344124	16168	0.0034
741e5076-bf4e-44d4-a143-231bb585f781	16	603333	54335546	19128	-0.0027
741e5076-bf4e-44d4-a143-231bb585f781	16	54335598	54335611	2	-1.4377
741e5076-bf4e-44d4-a143-231bb585f781	16	54338951	89317317	22070	0.0003
741e5076-bf4e-44d4-a143-231bb585f781	17	1074619	78233930	35467	0.0027
741e5076-bf4e-44d4-a143-231bb585f781	17	78234607	78235214	2	-1.5804
741e5076-bf4e-44d4-a143-231bb585f781	17	78238714	82959812	1809	0.0005
741e5076-bf4e-44d4-a143-231bb585f781	18	326691	79349796	42956	-0.0013
741e5076-bf4e-44d4-a143-231bb585f781	19	283868	30793899	11343	0.0053
741e5076-bf4e-44d4-a143-231bb585f781	19	30797211	30797633	2	-1.4074
741e5076-bf4e-44d4-a143-231bb585f781	19	30799692	58370362	12808	0.0078
741e5076-bf4e-44d4-a143-231bb585f781	20	472817	23730068	15724	0.0042
741e5076-bf4e-44d4-a143-231bb585f781	20	23809952	23815517	3	-1.2998
741e5076-bf4e-44d4-a143-231bb585f781	20	23816026	63588502	21820	0.0018
741e5076-bf4e-44d4-a143-231bb585f781	21	13974127	46262057	20596	0.0051
741e5076-bf4e-44d4-a143-231bb585f781	22	16934932	27760030	3835	-0.0008
741e5076-bf4e-44d4-a143-231bb585f781	22	27762661	27763323	2	1.3871
741e5076-bf4e-44d4-a143-231bb585f781	22	27763684	42354612	8628	0.0004
741e5076-bf4e-44d4-a143-231bb585f781	22	42355085	42356921	2	-1.3578
741e5076-bf4e-44d4-a143-231bb585f781	22	42357220	48940621	4620	0.0015
741e5076-bf4e-44d4-a143-231bb585f781	X	3236359	45028205	18857	0.0014
741e5076-bf4e-44d4-a143-231bb585f781	X	45028725	82277144	12420	-0.014
741e5076-bf4e-44d4-a143-231bb585f781	X	82280790	155677414	32699	-0.0018
