GDC_Aliquot	Chromosome	Start	End	Num_Probes	Segment_Mean
522b6d2e-b8b1-46d0-b0cb-3823d574e549	1	62920	86341	11	-0.8287
522b6d2e-b8b1-46d0-b0cb-3823d574e549	1	98588	10074490	5022	0.1205
522b6d2e-b8b1-46d0-b0cb-3823d574e549	1	10075402	12779433	1458	-0.0475
522b6d2e-b8b1-46d0-b0cb-3823d574e549	1	12792599	12867264	31	-0.5954
522b6d2e-b8b1-46d0-b0cb-3823d574e549	1	12868035	15823420	1819	-0.0454
522b6d2e-b8b1-46d0-b0cb-3823d574e549	1	15827002	15827259	3	-3.4447
522b6d2e-b8b1-46d0-b0cb-3823d574e549	1	15827338	21134654	3286	-0.0348
522b6d2e-b8b1-46d0-b0cb-3823d574e549	1	21135060	21991690	474	0.1264
522b6d2e-b8b1-46d0-b0cb-3823d574e549	1	21992508	22010750	6	-1.0099
522b6d2e-b8b1-46d0-b0cb-3823d574e549	1	22011632	25256850	1916	0.1156
522b6d2e-b8b1-46d0-b0cb-3823d574e549	1	25266637	25319693	21	-1.8141
522b6d2e-b8b1-46d0-b0cb-3823d574e549	1	25320198	26429718	520	0.0897
522b6d2e-b8b1-46d0-b0cb-3823d574e549	1	26429892	34638226	4446	-0.0482
522b6d2e-b8b1-46d0-b0cb-3823d574e549	1	34638263	34638890	9	-0.8614
522b6d2e-b8b1-46d0-b0cb-3823d574e549	1	34648667	44214794	5396	-0.061
522b6d2e-b8b1-46d0-b0cb-3823d574e549	1	44215441	60511630	10215	0.0942
522b6d2e-b8b1-46d0-b0cb-3823d574e549	1	60517529	60518110	4	-0.7911
522b6d2e-b8b1-46d0-b0cb-3823d574e549	1	60519714	65408145	3636	0.0765
522b6d2e-b8b1-46d0-b0cb-3823d574e549	1	65408189	67090495	1243	0.4138
522b6d2e-b8b1-46d0-b0cb-3823d574e549	1	67098399	67145930	41	0.0433
522b6d2e-b8b1-46d0-b0cb-3823d574e549	1	67146089	67215319	42	1.143
522b6d2e-b8b1-46d0-b0cb-3823d574e549	1	67219433	67275155	53	0.0716
522b6d2e-b8b1-46d0-b0cb-3823d574e549	1	67278817	67534610	180	1.1597
522b6d2e-b8b1-46d0-b0cb-3823d574e549	1	67537945	67573659	34	0.0148
522b6d2e-b8b1-46d0-b0cb-3823d574e549	1	67576089	67861196	231	1.1456
522b6d2e-b8b1-46d0-b0cb-3823d574e549	1	67863302	67866990	5	0.1019
522b6d2e-b8b1-46d0-b0cb-3823d574e549	1	67870640	68629720	538	1.1397
522b6d2e-b8b1-46d0-b0cb-3823d574e549	1	68636254	68814272	98	0.0837
522b6d2e-b8b1-46d0-b0cb-3823d574e549	1	68819524	69057461	117	0.4216
522b6d2e-b8b1-46d0-b0cb-3823d574e549	1	69058163	72303233	1938	0.0684
522b6d2e-b8b1-46d0-b0cb-3823d574e549	1	72303253	72345465	45	-1.4496
522b6d2e-b8b1-46d0-b0cb-3823d574e549	1	72346221	85151891	8363	0.0713
522b6d2e-b8b1-46d0-b0cb-3823d574e549	1	85152425	85284365	72	0.4109
522b6d2e-b8b1-46d0-b0cb-3823d574e549	1	85295980	85304141	12	1.1148
522b6d2e-b8b1-46d0-b0cb-3823d574e549	1	85309503	85372730	44	0.0924
522b6d2e-b8b1-46d0-b0cb-3823d574e549	1	85377555	85740319	246	1.1368
522b6d2e-b8b1-46d0-b0cb-3823d574e549	1	85742066	85743698	4	0.0521
522b6d2e-b8b1-46d0-b0cb-3823d574e549	1	85758239	85811922	48	1.1436
522b6d2e-b8b1-46d0-b0cb-3823d574e549	1	85817388	85842662	13	0.1103
522b6d2e-b8b1-46d0-b0cb-3823d574e549	1	85851424	85926392	51	0.4454
522b6d2e-b8b1-46d0-b0cb-3823d574e549	1	85926395	86062865	130	1.0148
522b6d2e-b8b1-46d0-b0cb-3823d574e549	1	86063867	86190068	98	0.0438
522b6d2e-b8b1-46d0-b0cb-3823d574e549	1	86201990	86218196	16	0.9484
522b6d2e-b8b1-46d0-b0cb-3823d574e549	1	86220163	86873485	352	0.0653
522b6d2e-b8b1-46d0-b0cb-3823d574e549	1	86876680	86952788	36	1.0862
522b6d2e-b8b1-46d0-b0cb-3823d574e549	1	86956377	87661452	506	0.0529
522b6d2e-b8b1-46d0-b0cb-3823d574e549	1	87661469	87916034	238	0.4348
522b6d2e-b8b1-46d0-b0cb-3823d574e549	1	87921524	87930400	17	0.0327
522b6d2e-b8b1-46d0-b0cb-3823d574e549	1	87933477	88304816	243	0.6977
522b6d2e-b8b1-46d0-b0cb-3823d574e549	1	88304980	88413311	79	0.4303
522b6d2e-b8b1-46d0-b0cb-3823d574e549	1	88415519	88461411	22	0.0838
522b6d2e-b8b1-46d0-b0cb-3823d574e549	1	88468137	88500596	35	1.1521
522b6d2e-b8b1-46d0-b0cb-3823d574e549	1	88503696	89342171	513	0.0433
522b6d2e-b8b1-46d0-b0cb-3823d574e549	1	89347454	89445874	56	1.117
522b6d2e-b8b1-46d0-b0cb-3823d574e549	1	89449165	90336174	545	0.0367
522b6d2e-b8b1-46d0-b0cb-3823d574e549	1	90336458	90361059	29	1.1517
522b6d2e-b8b1-46d0-b0cb-3823d574e549	1	90364793	90372338	14	0.0809
522b6d2e-b8b1-46d0-b0cb-3823d574e549	1	90375745	90414343	37	1.2442
522b6d2e-b8b1-46d0-b0cb-3823d574e549	1	90417560	91243809	540	0.0774
522b6d2e-b8b1-46d0-b0cb-3823d574e549	1	91244157	91761330	388	0.2328
522b6d2e-b8b1-46d0-b0cb-3823d574e549	1	91762291	91762470	2	1.2411
522b6d2e-b8b1-46d0-b0cb-3823d574e549	1	91762651	92492269	380	0.2504
522b6d2e-b8b1-46d0-b0cb-3823d574e549	1	92497935	92727497	108	0.7569
522b6d2e-b8b1-46d0-b0cb-3823d574e549	1	92730840	104711525	7314	0.0761
522b6d2e-b8b1-46d0-b0cb-3823d574e549	1	104711636	104712351	3	-0.9998
522b6d2e-b8b1-46d0-b0cb-3823d574e549	1	104714678	105470754	409	0.0909
522b6d2e-b8b1-46d0-b0cb-3823d574e549	1	105476583	105479753	17	-1.8951
522b6d2e-b8b1-46d0-b0cb-3823d574e549	1	105481433	109690352	2637	0.0754
522b6d2e-b8b1-46d0-b0cb-3823d574e549	1	109690415	109697556	12	1.3872
522b6d2e-b8b1-46d0-b0cb-3823d574e549	1	109702376	115672544	4182	0.0817
522b6d2e-b8b1-46d0-b0cb-3823d574e549	1	115675042	115703278	24	0.4583
522b6d2e-b8b1-46d0-b0cb-3823d574e549	1	115709145	115871567	144	0.1026
522b6d2e-b8b1-46d0-b0cb-3823d574e549	1	115873629	117087038	823	-0.2893
522b6d2e-b8b1-46d0-b0cb-3823d574e549	1	117093283	119841442	1757	0.0887
522b6d2e-b8b1-46d0-b0cb-3823d574e549	1	119842626	120414592	110	1.9467
522b6d2e-b8b1-46d0-b0cb-3823d574e549	1	120885464	120954128	3	0.0246
522b6d2e-b8b1-46d0-b0cb-3823d574e549	1	120954165	121275630	15	1.2487
522b6d2e-b8b1-46d0-b0cb-3823d574e549	1	121347642	143494500	82	0.1772
522b6d2e-b8b1-46d0-b0cb-3823d574e549	1	143541857	147008051	312	0.4279
522b6d2e-b8b1-46d0-b0cb-3823d574e549	1	147016587	152787202	2331	0.313
522b6d2e-b8b1-46d0-b0cb-3823d574e549	1	152789447	152796224	37	-0.2923
522b6d2e-b8b1-46d0-b0cb-3823d574e549	1	152801429	193186662	27079	0.308
522b6d2e-b8b1-46d0-b0cb-3823d574e549	1	193187149	193187202	3	-1.1727
522b6d2e-b8b1-46d0-b0cb-3823d574e549	1	193187218	196740316	2392	0.2959
522b6d2e-b8b1-46d0-b0cb-3823d574e549	1	196740630	196832525	62	-0.0459
522b6d2e-b8b1-46d0-b0cb-3823d574e549	1	196832720	199142235	1380	0.2737
522b6d2e-b8b1-46d0-b0cb-3823d574e549	1	199142298	199144712	8	-2.4764
522b6d2e-b8b1-46d0-b0cb-3823d574e549	1	199145110	222843064	16355	0.31
522b6d2e-b8b1-46d0-b0cb-3823d574e549	1	222843983	222850427	6	-0.9316
522b6d2e-b8b1-46d0-b0cb-3823d574e549	1	222853375	248930189	18082	0.3106
522b6d2e-b8b1-46d0-b0cb-3823d574e549	2	12784	948452	647	-0.0874
522b6d2e-b8b1-46d0-b0cb-3823d574e549	2	948741	1561783	392	-0.1667
522b6d2e-b8b1-46d0-b0cb-3823d574e549	2	1561899	34466002	23052	-0.0754
522b6d2e-b8b1-46d0-b0cb-3823d574e549	2	34474248	34511990	46	0.61
522b6d2e-b8b1-46d0-b0cb-3823d574e549	2	34512096	41011449	4809	-0.1054
522b6d2e-b8b1-46d0-b0cb-3823d574e549	2	41011463	50591967	6858	-0.0756
522b6d2e-b8b1-46d0-b0cb-3823d574e549	2	50592095	52531652	1351	-0.1022
522b6d2e-b8b1-46d0-b0cb-3823d574e549	2	52531677	52554157	22	-0.7439
522b6d2e-b8b1-46d0-b0cb-3823d574e549	2	52554188	122724152	38951	-0.0864
522b6d2e-b8b1-46d0-b0cb-3823d574e549	2	122724331	122724665	5	-1.2654
522b6d2e-b8b1-46d0-b0cb-3823d574e549	2	122726077	129229318	4193	-0.0822
522b6d2e-b8b1-46d0-b0cb-3823d574e549	2	129231356	129781894	428	-0.9164
522b6d2e-b8b1-46d0-b0cb-3823d574e549	2	129782082	133259481	1608	-0.0538
522b6d2e-b8b1-46d0-b0cb-3823d574e549	2	133260925	143056787	6365	-0.0976
522b6d2e-b8b1-46d0-b0cb-3823d574e549	2	143058772	146129711	1783	-0.146
522b6d2e-b8b1-46d0-b0cb-3823d574e549	2	146130445	149651246	1833	-0.1054
522b6d2e-b8b1-46d0-b0cb-3823d574e549	2	149651823	150526158	613	-0.06
522b6d2e-b8b1-46d0-b0cb-3823d574e549	2	150526335	150528551	2	1.3452
522b6d2e-b8b1-46d0-b0cb-3823d574e549	2	150533567	163780342	8119	-0.1043
522b6d2e-b8b1-46d0-b0cb-3823d574e549	2	163786978	163788616	5	-1.032
522b6d2e-b8b1-46d0-b0cb-3823d574e549	2	163790132	166309351	1437	-0.1051
522b6d2e-b8b1-46d0-b0cb-3823d574e549	2	166311801	166314171	2	-1.3942
522b6d2e-b8b1-46d0-b0cb-3823d574e549	2	166314399	179196928	8245	-0.1058
522b6d2e-b8b1-46d0-b0cb-3823d574e549	2	179202465	179211936	2	-1.8051
522b6d2e-b8b1-46d0-b0cb-3823d574e549	2	179214417	179553606	221	-0.0757
522b6d2e-b8b1-46d0-b0cb-3823d574e549	2	179553661	179556770	20	-1.4347
522b6d2e-b8b1-46d0-b0cb-3823d574e549	2	179556785	212316597	19509	-0.1085
522b6d2e-b8b1-46d0-b0cb-3823d574e549	2	212321824	212327101	25	-0.9425
522b6d2e-b8b1-46d0-b0cb-3823d574e549	2	212327402	228397576	10515	-0.0881
522b6d2e-b8b1-46d0-b0cb-3823d574e549	2	228399698	228401658	2	-1.4053
522b6d2e-b8b1-46d0-b0cb-3823d574e549	2	228404140	231344511	1801	-0.0903
522b6d2e-b8b1-46d0-b0cb-3823d574e549	2	231344606	241831203	6572	-0.0601
522b6d2e-b8b1-46d0-b0cb-3823d574e549	2	241832814	241832881	2	1.521
522b6d2e-b8b1-46d0-b0cb-3823d574e549	2	241840119	242147305	131	-0.0976
522b6d2e-b8b1-46d0-b0cb-3823d574e549	3	20930	160351	130	-0.1131
522b6d2e-b8b1-46d0-b0cb-3823d574e549	3	163782	182919	24	0.2671
522b6d2e-b8b1-46d0-b0cb-3823d574e549	3	188339	191117	4	-0.6029
522b6d2e-b8b1-46d0-b0cb-3823d574e549	3	193194	249859	54	0.1549
522b6d2e-b8b1-46d0-b0cb-3823d574e549	3	252714	8780118	7519	0.2466
522b6d2e-b8b1-46d0-b0cb-3823d574e549	3	8783681	8816515	27	0.6038
522b6d2e-b8b1-46d0-b0cb-3823d574e549	3	8825123	15283495	4545	0.2619
522b6d2e-b8b1-46d0-b0cb-3823d574e549	3	15283642	16038251	457	0.1826
522b6d2e-b8b1-46d0-b0cb-3823d574e549	3	16038683	16199049	142	0.2411
522b6d2e-b8b1-46d0-b0cb-3823d574e549	3	16199122	16199672	5	-2.0255
522b6d2e-b8b1-46d0-b0cb-3823d574e549	3	16199818	17488053	846	0.2202
522b6d2e-b8b1-46d0-b0cb-3823d574e549	3	17488456	17502521	5	-0.468
522b6d2e-b8b1-46d0-b0cb-3823d574e549	3	17504946	17889583	166	0.23
522b6d2e-b8b1-46d0-b0cb-3823d574e549	3	17889947	18578057	399	0.0603
522b6d2e-b8b1-46d0-b0cb-3823d574e549	3	18578067	18581931	6	-0.6239
522b6d2e-b8b1-46d0-b0cb-3823d574e549	3	18582166	23937812	3547	0.0864
522b6d2e-b8b1-46d0-b0cb-3823d574e549	3	23939938	23940837	2	-1.6522
522b6d2e-b8b1-46d0-b0cb-3823d574e549	3	23940839	26384700	2015	0.1123
522b6d2e-b8b1-46d0-b0cb-3823d574e549	3	26392633	26397852	5	-1.0007
522b6d2e-b8b1-46d0-b0cb-3823d574e549	3	26404482	34541375	5451	0.1059
522b6d2e-b8b1-46d0-b0cb-3823d574e549	3	34543866	34544220	2	-1.1086
522b6d2e-b8b1-46d0-b0cb-3823d574e549	3	34546376	37940970	2290	0.127
522b6d2e-b8b1-46d0-b0cb-3823d574e549	3	37941181	37945437	16	-0.5212
522b6d2e-b8b1-46d0-b0cb-3823d574e549	3	37945615	43267957	3465	0.1316
522b6d2e-b8b1-46d0-b0cb-3823d574e549	3	43272719	46380207	1824	-0.4772
522b6d2e-b8b1-46d0-b0cb-3823d574e549	3	46380286	53484322	3099	-0.4257
522b6d2e-b8b1-46d0-b0cb-3823d574e549	3	53484593	65210632	9297	-0.4808
522b6d2e-b8b1-46d0-b0cb-3823d574e549	3	65211204	65232734	49	-0.0962
522b6d2e-b8b1-46d0-b0cb-3823d574e549	3	65232767	68676600	2408	-0.4888
522b6d2e-b8b1-46d0-b0cb-3823d574e549	3	68682877	68699607	17	0.5579
522b6d2e-b8b1-46d0-b0cb-3823d574e549	3	68699635	75519398	4924	-0.499
522b6d2e-b8b1-46d0-b0cb-3823d574e549	3	75523398	75537654	6	-1.703
522b6d2e-b8b1-46d0-b0cb-3823d574e549	3	75546030	78190313	1469	-0.4794
522b6d2e-b8b1-46d0-b0cb-3823d574e549	3	78201155	82815398	2633	0.1232
522b6d2e-b8b1-46d0-b0cb-3823d574e549	3	82823628	82823892	6	-0.7315
522b6d2e-b8b1-46d0-b0cb-3823d574e549	3	82831894	84053071	567	0.1232
522b6d2e-b8b1-46d0-b0cb-3823d574e549	3	84056282	84057015	2	-3.3777
522b6d2e-b8b1-46d0-b0cb-3823d574e549	3	84061816	84650607	302	0.1346
522b6d2e-b8b1-46d0-b0cb-3823d574e549	3	84650642	84653010	13	-0.3846
522b6d2e-b8b1-46d0-b0cb-3823d574e549	3	84653084	89211176	2537	0.1068
522b6d2e-b8b1-46d0-b0cb-3823d574e549	3	89211498	89211511	2	-1.1552
522b6d2e-b8b1-46d0-b0cb-3823d574e549	3	89211843	99218119	3441	0.1231
522b6d2e-b8b1-46d0-b0cb-3823d574e549	3	99218940	99229557	18	-0.4307
522b6d2e-b8b1-46d0-b0cb-3823d574e549	3	99229699	99230187	8	-1.1557
522b6d2e-b8b1-46d0-b0cb-3823d574e549	3	99230194	99230577	13	-0.5149
522b6d2e-b8b1-46d0-b0cb-3823d574e549	3	99232120	101786663	1428	0.0995
522b6d2e-b8b1-46d0-b0cb-3823d574e549	3	101790260	102356591	327	0.4737
522b6d2e-b8b1-46d0-b0cb-3823d574e549	3	102359675	115778025	8207	0.0952
522b6d2e-b8b1-46d0-b0cb-3823d574e549	3	115779170	121571465	3670	0.115
522b6d2e-b8b1-46d0-b0cb-3823d574e549	3	121572059	121572551	2	1.3107
522b6d2e-b8b1-46d0-b0cb-3823d574e549	3	121572742	136300257	9148	0.1243
522b6d2e-b8b1-46d0-b0cb-3823d574e549	3	136304109	136306584	2	-2.8927
522b6d2e-b8b1-46d0-b0cb-3823d574e549	3	136319699	162812527	16257	0.1094
522b6d2e-b8b1-46d0-b0cb-3823d574e549	3	162813082	162822221	6	0.7425
522b6d2e-b8b1-46d0-b0cb-3823d574e549	3	162822685	162822702	2	3.0443
522b6d2e-b8b1-46d0-b0cb-3823d574e549	3	162827928	163941155	626	0.1188
522b6d2e-b8b1-46d0-b0cb-3823d574e549	3	163941157	163945129	14	-0.5574
522b6d2e-b8b1-46d0-b0cb-3823d574e549	3	163952660	190538297	16749	0.1071
522b6d2e-b8b1-46d0-b0cb-3823d574e549	3	190542248	190542906	3	-1.3377
522b6d2e-b8b1-46d0-b0cb-3823d574e549	3	190543126	198109014	4526	0.1325
522b6d2e-b8b1-46d0-b0cb-3823d574e549	3	198111342	198169247	20	-0.4426
522b6d2e-b8b1-46d0-b0cb-3823d574e549	4	68929	10270469	5783	0.1254
522b6d2e-b8b1-46d0-b0cb-3823d574e549	4	10271164	10273370	11	-0.6875
522b6d2e-b8b1-46d0-b0cb-3823d574e549	4	10274358	10389091	118	0.1139
522b6d2e-b8b1-46d0-b0cb-3823d574e549	4	10390730	10399044	16	0.5603
522b6d2e-b8b1-46d0-b0cb-3823d574e549	4	10401094	11180417	651	0.1174
522b6d2e-b8b1-46d0-b0cb-3823d574e549	4	11180545	34777353	16139	0.0758
522b6d2e-b8b1-46d0-b0cb-3823d574e549	4	34777382	34823103	42	0.4213
522b6d2e-b8b1-46d0-b0cb-3823d574e549	4	34828250	37963871	2208	0.0785
522b6d2e-b8b1-46d0-b0cb-3823d574e549	4	37963897	37964291	4	-0.877
522b6d2e-b8b1-46d0-b0cb-3823d574e549	4	37965462	49214614	6763	0.0684
522b6d2e-b8b1-46d0-b0cb-3823d574e549	4	49289175	49656206	20	0.7508
522b6d2e-b8b1-46d0-b0cb-3823d574e549	4	49656595	63828222	7569	0.0758
522b6d2e-b8b1-46d0-b0cb-3823d574e549	4	63831751	63831891	4	-0.9884
522b6d2e-b8b1-46d0-b0cb-3823d574e549	4	63832015	63832110	2	-3.1657
522b6d2e-b8b1-46d0-b0cb-3823d574e549	4	63838575	63841863	15	-0.5557
522b6d2e-b8b1-46d0-b0cb-3823d574e549	4	63841887	63842540	7	-2.9194
522b6d2e-b8b1-46d0-b0cb-3823d574e549	4	63850713	68663241	2945	0.0613
522b6d2e-b8b1-46d0-b0cb-3823d574e549	4	68671434	68674307	2	1.3312
522b6d2e-b8b1-46d0-b0cb-3823d574e549	4	68686026	69523998	472	0.0587
522b6d2e-b8b1-46d0-b0cb-3823d574e549	4	69524143	69525061	2	-2.3043
522b6d2e-b8b1-46d0-b0cb-3823d574e549	4	69526170	104397326	21223	0.0626
522b6d2e-b8b1-46d0-b0cb-3823d574e549	4	104401597	104407282	2	-1.5345
522b6d2e-b8b1-46d0-b0cb-3823d574e549	4	104409702	107130343	1556	0.0472
522b6d2e-b8b1-46d0-b0cb-3823d574e549	4	107144594	107155376	38	-0.7095
522b6d2e-b8b1-46d0-b0cb-3823d574e549	4	107156277	117284896	6263	0.0512
522b6d2e-b8b1-46d0-b0cb-3823d574e549	4	117293814	117293923	2	-1.1774
522b6d2e-b8b1-46d0-b0cb-3823d574e549	4	117306742	121360818	2508	0.0416
522b6d2e-b8b1-46d0-b0cb-3823d574e549	4	121361313	121363980	28	-0.6116
522b6d2e-b8b1-46d0-b0cb-3823d574e549	4	121369976	137171085	8875	0.0529
522b6d2e-b8b1-46d0-b0cb-3823d574e549	4	137171266	137172260	13	-1.0782
522b6d2e-b8b1-46d0-b0cb-3823d574e549	4	137173804	147706481	6513	0.051
522b6d2e-b8b1-46d0-b0cb-3823d574e549	4	147709060	147992705	167	-0.1105
522b6d2e-b8b1-46d0-b0cb-3823d574e549	4	147993771	160952848	8033	0.0528
522b6d2e-b8b1-46d0-b0cb-3823d574e549	4	160958866	160963448	20	-0.8597
522b6d2e-b8b1-46d0-b0cb-3823d574e549	4	160963756	161019769	53	0.0938
522b6d2e-b8b1-46d0-b0cb-3823d574e549	4	161023010	161082114	48	0.4309
522b6d2e-b8b1-46d0-b0cb-3823d574e549	4	161085672	171448195	6566	0.0515
522b6d2e-b8b1-46d0-b0cb-3823d574e549	4	171453733	171456625	12	-0.9784
522b6d2e-b8b1-46d0-b0cb-3823d574e549	4	171459220	172501371	639	0.0672
522b6d2e-b8b1-46d0-b0cb-3823d574e549	4	172503796	172507320	5	0.5486
522b6d2e-b8b1-46d0-b0cb-3823d574e549	4	172507437	172507492	2	2.17
522b6d2e-b8b1-46d0-b0cb-3823d574e549	4	172519981	185904472	9093	0.0651
522b6d2e-b8b1-46d0-b0cb-3823d574e549	4	185907225	187599630	1200	-0.1147
522b6d2e-b8b1-46d0-b0cb-3823d574e549	4	187600732	187758153	93	0.2533
522b6d2e-b8b1-46d0-b0cb-3823d574e549	4	187766612	188299749	314	0.0345
522b6d2e-b8b1-46d0-b0cb-3823d574e549	4	188300076	188300104	2	-1.4538
522b6d2e-b8b1-46d0-b0cb-3823d574e549	4	188300206	188300270	3	2.2276
522b6d2e-b8b1-46d0-b0cb-3823d574e549	4	188300285	188516141	214	0.0833
522b6d2e-b8b1-46d0-b0cb-3823d574e549	4	188516242	188516256	2	-3.6362
522b6d2e-b8b1-46d0-b0cb-3823d574e549	4	188518718	190106768	924	0.0494
522b6d2e-b8b1-46d0-b0cb-3823d574e549	5	15532	4164728	3036	-0.4793
522b6d2e-b8b1-46d0-b0cb-3823d574e549	5	4164969	34708820	20898	-0.5207
522b6d2e-b8b1-46d0-b0cb-3823d574e549	5	34709176	34922851	135	-0.1535
522b6d2e-b8b1-46d0-b0cb-3823d574e549	5	34926546	37218356	1517	-0.4933
522b6d2e-b8b1-46d0-b0cb-3823d574e549	5	37220399	37313896	37	-0.2876
522b6d2e-b8b1-46d0-b0cb-3823d574e549	5	37316981	38145905	551	-0.0332
522b6d2e-b8b1-46d0-b0cb-3823d574e549	5	38147384	39853617	1246	-0.3991
522b6d2e-b8b1-46d0-b0cb-3823d574e549	5	39854304	40078048	150	-0.1339
522b6d2e-b8b1-46d0-b0cb-3823d574e549	5	40078834	41254460	772	-0.3995
522b6d2e-b8b1-46d0-b0cb-3823d574e549	5	41257449	44551143	1697	-0.0738
522b6d2e-b8b1-46d0-b0cb-3823d574e549	5	44555290	44589661	21	-0.4946
522b6d2e-b8b1-46d0-b0cb-3823d574e549	5	44592172	44677071	37	-0.1114
522b6d2e-b8b1-46d0-b0cb-3823d574e549	5	44677358	45124156	187	-0.5075
522b6d2e-b8b1-46d0-b0cb-3823d574e549	5	45127049	46161516	362	-0.1474
522b6d2e-b8b1-46d0-b0cb-3823d574e549	5	46161707	46199333	12	0.3378
522b6d2e-b8b1-46d0-b0cb-3823d574e549	5	46209197	46271006	15	-0.0785
522b6d2e-b8b1-46d0-b0cb-3823d574e549	5	46271828	46273400	6	-2.117
522b6d2e-b8b1-46d0-b0cb-3823d574e549	5	46278110	46381680	15	0.0806
522b6d2e-b8b1-46d0-b0cb-3823d574e549	5	46382550	58025759	5051	-0.554
522b6d2e-b8b1-46d0-b0cb-3823d574e549	5	58025819	58037706	33	0.1062
522b6d2e-b8b1-46d0-b0cb-3823d574e549	5	58042530	60285412	1641	-0.5736
522b6d2e-b8b1-46d0-b0cb-3823d574e549	5	60285720	81004672	11893	-0.5429
522b6d2e-b8b1-46d0-b0cb-3823d574e549	5	81004705	104515520	13302	-0.57
522b6d2e-b8b1-46d0-b0cb-3823d574e549	5	104524672	104524903	4	-2.1529
522b6d2e-b8b1-46d0-b0cb-3823d574e549	5	104525348	110547633	3865	-0.5616
522b6d2e-b8b1-46d0-b0cb-3823d574e549	5	110549325	112199819	1051	-0.4509
522b6d2e-b8b1-46d0-b0cb-3823d574e549	5	112200254	150822643	24891	0.0948
522b6d2e-b8b1-46d0-b0cb-3823d574e549	5	150825938	150839042	8	-0.6337
522b6d2e-b8b1-46d0-b0cb-3823d574e549	5	150843825	152135825	965	0.1104
522b6d2e-b8b1-46d0-b0cb-3823d574e549	5	152135909	152138790	13	-0.4813
522b6d2e-b8b1-46d0-b0cb-3823d574e549	5	152140710	155580985	2288	0.1017
522b6d2e-b8b1-46d0-b0cb-3823d574e549	5	155582709	155585068	2	-1.0819
522b6d2e-b8b1-46d0-b0cb-3823d574e549	5	155588956	156048095	367	0.1007
522b6d2e-b8b1-46d0-b0cb-3823d574e549	5	156049762	156068247	16	0.5571
522b6d2e-b8b1-46d0-b0cb-3823d574e549	5	156068249	167506770	7637	0.0811
522b6d2e-b8b1-46d0-b0cb-3823d574e549	5	167507599	180783118	8882	0.1228
522b6d2e-b8b1-46d0-b0cb-3823d574e549	5	180783208	180951710	87	0.0797
522b6d2e-b8b1-46d0-b0cb-3823d574e549	5	180951888	180975843	8	-0.4941
522b6d2e-b8b1-46d0-b0cb-3823d574e549	5	180979558	181363319	179	0.1041
522b6d2e-b8b1-46d0-b0cb-3823d574e549	6	149661	265113	106	-0.0544
522b6d2e-b8b1-46d0-b0cb-3823d574e549	6	265143	294837	18	-0.7792
522b6d2e-b8b1-46d0-b0cb-3823d574e549	6	302306	323326	10	0.1509
522b6d2e-b8b1-46d0-b0cb-3823d574e549	6	323576	379015	66	0.4188
522b6d2e-b8b1-46d0-b0cb-3823d574e549	6	380821	29869295	21458	-0.0356
522b6d2e-b8b1-46d0-b0cb-3823d574e549	6	29869410	29940692	37	0.7607
522b6d2e-b8b1-46d0-b0cb-3823d574e549	6	29946443	31319445	648	0
522b6d2e-b8b1-46d0-b0cb-3823d574e549	6	31319724	31327629	2	-2.7301
522b6d2e-b8b1-46d0-b0cb-3823d574e549	6	31328176	31349570	6	-0.5707
522b6d2e-b8b1-46d0-b0cb-3823d574e549	6	31349920	32619680	543	0.0191
522b6d2e-b8b1-46d0-b0cb-3823d574e549	6	32625244	32637799	9	-0.9672
522b6d2e-b8b1-46d0-b0cb-3823d574e549	6	32638107	32656527	4	-0.364
522b6d2e-b8b1-46d0-b0cb-3823d574e549	6	32656814	32658841	5	0.8548
522b6d2e-b8b1-46d0-b0cb-3823d574e549	6	32682835	32718419	36	0.0296
522b6d2e-b8b1-46d0-b0cb-3823d574e549	6	32720838	32723053	11	0.7153
522b6d2e-b8b1-46d0-b0cb-3823d574e549	6	32732907	44736955	7616	-0.0231
522b6d2e-b8b1-46d0-b0cb-3823d574e549	6	44737566	44957556	121	-0.072
522b6d2e-b8b1-46d0-b0cb-3823d574e549	6	44957659	45347481	182	-0.2514
522b6d2e-b8b1-46d0-b0cb-3823d574e549	6	45348068	48963228	2425	-0.0641
522b6d2e-b8b1-46d0-b0cb-3823d574e549	6	48964092	48967563	5	-0.8995
522b6d2e-b8b1-46d0-b0cb-3823d574e549	6	48978926	49055576	54	-0.0523
522b6d2e-b8b1-46d0-b0cb-3823d574e549	6	49063224	49063404	2	-0.9271
522b6d2e-b8b1-46d0-b0cb-3823d574e549	6	49070524	50925015	1045	-0.0525
522b6d2e-b8b1-46d0-b0cb-3823d574e549	6	50925538	50925578	2	1.4287
522b6d2e-b8b1-46d0-b0cb-3823d574e549	6	50931560	66971937	8113	-0.0644
522b6d2e-b8b1-46d0-b0cb-3823d574e549	6	66973914	66974638	7	-0.9434
522b6d2e-b8b1-46d0-b0cb-3823d574e549	6	66978190	68755457	1173	-0.0653
522b6d2e-b8b1-46d0-b0cb-3823d574e549	6	68756475	68765430	6	-0.8356
522b6d2e-b8b1-46d0-b0cb-3823d574e549	6	68766038	78253172	6078	-0.0652
522b6d2e-b8b1-46d0-b0cb-3823d574e549	6	78259348	78332002	116	0.4607
522b6d2e-b8b1-46d0-b0cb-3823d574e549	6	78332056	86933799	5361	-0.0608
522b6d2e-b8b1-46d0-b0cb-3823d574e549	6	86933850	99570964	7908	-0.0879
522b6d2e-b8b1-46d0-b0cb-3823d574e549	6	99571075	101609008	1222	-0.0608
522b6d2e-b8b1-46d0-b0cb-3823d574e549	6	101609563	101609568	2	-1.4614
522b6d2e-b8b1-46d0-b0cb-3823d574e549	6	101610691	103290101	986	-0.09
522b6d2e-b8b1-46d0-b0cb-3823d574e549	6	103290164	103314186	45	-1.1481
522b6d2e-b8b1-46d0-b0cb-3823d574e549	6	103317795	104315783	626	-0.0519
522b6d2e-b8b1-46d0-b0cb-3823d574e549	6	104317693	123397238	11531	-0.0757
522b6d2e-b8b1-46d0-b0cb-3823d574e549	6	123403897	143506596	13045	-0.0925
522b6d2e-b8b1-46d0-b0cb-3823d574e549	6	143507188	154639748	7805	-0.0726
522b6d2e-b8b1-46d0-b0cb-3823d574e549	6	154642532	154650798	5	-1.0225
522b6d2e-b8b1-46d0-b0cb-3823d574e549	6	154654106	163313992	6059	-0.0722
522b6d2e-b8b1-46d0-b0cb-3823d574e549	6	163315172	170741917	5116	-0.0459
522b6d2e-b8b1-46d0-b0cb-3823d574e549	7	43355	1308001	381	-0.2824
522b6d2e-b8b1-46d0-b0cb-3823d574e549	7	1308037	1372739	19	0.1337
522b6d2e-b8b1-46d0-b0cb-3823d574e549	7	1376729	3474618	1158	-0.0472
522b6d2e-b8b1-46d0-b0cb-3823d574e549	7	3481368	6860976	1882	0.1089
522b6d2e-b8b1-46d0-b0cb-3823d574e549	7	6862089	6880649	7	-0.6026
522b6d2e-b8b1-46d0-b0cb-3823d574e549	7	6889070	7165556	172	0.1354
522b6d2e-b8b1-46d0-b0cb-3823d574e549	7	7167359	7449514	313	-0.337
522b6d2e-b8b1-46d0-b0cb-3823d574e549	7	7449901	10252959	2327	-0.5321
522b6d2e-b8b1-46d0-b0cb-3823d574e549	7	10254254	12574915	1879	-0.8558
522b6d2e-b8b1-46d0-b0cb-3823d574e549	7	12579010	13394922	589	-0.2886
522b6d2e-b8b1-46d0-b0cb-3823d574e549	7	13395042	14728339	1147	-0.0951
522b6d2e-b8b1-46d0-b0cb-3823d574e549	7	14733284	15079260	265	0.677
522b6d2e-b8b1-46d0-b0cb-3823d574e549	7	15086528	15628467	427	0.4715
522b6d2e-b8b1-46d0-b0cb-3823d574e549	7	15628628	15864095	197	0.7563
522b6d2e-b8b1-46d0-b0cb-3823d574e549	7	15864157	16058656	183	0.589
522b6d2e-b8b1-46d0-b0cb-3823d574e549	7	16060918	16090189	28	0.7566
522b6d2e-b8b1-46d0-b0cb-3823d574e549	7	16090394	16431081	252	0.8985
522b6d2e-b8b1-46d0-b0cb-3823d574e549	7	16447344	16456689	10	0.4363
522b6d2e-b8b1-46d0-b0cb-3823d574e549	7	16459628	16701655	214	0.9952
522b6d2e-b8b1-46d0-b0cb-3823d574e549	7	16704788	16730310	17	1.4819
522b6d2e-b8b1-46d0-b0cb-3823d574e549	7	16730970	16742212	13	1.0961
522b6d2e-b8b1-46d0-b0cb-3823d574e549	7	16744373	16763475	18	1.5458
522b6d2e-b8b1-46d0-b0cb-3823d574e549	7	16763837	16842031	73	1.8305
522b6d2e-b8b1-46d0-b0cb-3823d574e549	7	16842281	17462707	463	1.4579
522b6d2e-b8b1-46d0-b0cb-3823d574e549	7	17464515	17464569	2	3.467
522b6d2e-b8b1-46d0-b0cb-3823d574e549	7	17465005	17653403	166	1.4788
522b6d2e-b8b1-46d0-b0cb-3823d574e549	7	17655476	18321552	500	1.222
522b6d2e-b8b1-46d0-b0cb-3823d574e549	7	18321988	18484510	92	1.406
522b6d2e-b8b1-46d0-b0cb-3823d574e549	7	18484660	18543983	24	1.7757
522b6d2e-b8b1-46d0-b0cb-3823d574e549	7	18544583	18626517	58	1.5155
522b6d2e-b8b1-46d0-b0cb-3823d574e549	7	18626594	18721785	74	1.798
522b6d2e-b8b1-46d0-b0cb-3823d574e549	7	18722547	19104834	521	1.941
522b6d2e-b8b1-46d0-b0cb-3823d574e549	7	19114220	20404458	1062	1.7574
522b6d2e-b8b1-46d0-b0cb-3823d574e549	7	20407170	21514709	782	1.9529
522b6d2e-b8b1-46d0-b0cb-3823d574e549	7	21518236	23270832	1392	1.7664
522b6d2e-b8b1-46d0-b0cb-3823d574e549	7	23270931	23955743	397	1.4336
522b6d2e-b8b1-46d0-b0cb-3823d574e549	7	23955947	24262638	286	1.0886
522b6d2e-b8b1-46d0-b0cb-3823d574e549	7	24262663	24741461	396	0.8694
522b6d2e-b8b1-46d0-b0cb-3823d574e549	7	24741863	25006722	206	1.0969
522b6d2e-b8b1-46d0-b0cb-3823d574e549	7	25008400	25137193	81	1.2749
522b6d2e-b8b1-46d0-b0cb-3823d574e549	7	25137410	25427204	250	1.0951
522b6d2e-b8b1-46d0-b0cb-3823d574e549	7	25430572	25967962	424	1.5945
522b6d2e-b8b1-46d0-b0cb-3823d574e549	7	25968432	25998964	31	0.9494
522b6d2e-b8b1-46d0-b0cb-3823d574e549	7	26001278	26228854	109	-0.1936
522b6d2e-b8b1-46d0-b0cb-3823d574e549	7	26230578	26302217	29	0.1174
522b6d2e-b8b1-46d0-b0cb-3823d574e549	7	26304297	26851536	446	0.9877
522b6d2e-b8b1-46d0-b0cb-3823d574e549	7	26852821	27117352	120	1.1863
522b6d2e-b8b1-46d0-b0cb-3823d574e549	7	27120999	27510206	260	1.335
522b6d2e-b8b1-46d0-b0cb-3823d574e549	7	27510326	27561015	45	1.1584
522b6d2e-b8b1-46d0-b0cb-3823d574e549	7	27561544	28730891	880	0.4555
522b6d2e-b8b1-46d0-b0cb-3823d574e549	7	28733186	28798636	41	0.8508
522b6d2e-b8b1-46d0-b0cb-3823d574e549	7	28798949	29279074	395	1.1277
522b6d2e-b8b1-46d0-b0cb-3823d574e549	7	29279168	30096826	635	1.0079
522b6d2e-b8b1-46d0-b0cb-3823d574e549	7	30106762	30427312	202	1.122
522b6d2e-b8b1-46d0-b0cb-3823d574e549	7	30427402	30708077	157	1.2727
522b6d2e-b8b1-46d0-b0cb-3823d574e549	7	30710873	30936366	163	1.5091
522b6d2e-b8b1-46d0-b0cb-3823d574e549	7	30941404	31233812	196	1.2785
522b6d2e-b8b1-46d0-b0cb-3823d574e549	7	31234097	31617315	322	1.1327
522b6d2e-b8b1-46d0-b0cb-3823d574e549	7	31617674	31976427	258	1.305
522b6d2e-b8b1-46d0-b0cb-3823d574e549	7	31976943	32412483	386	1.1976
522b6d2e-b8b1-46d0-b0cb-3823d574e549	7	32413022	32580888	121	1.3633
522b6d2e-b8b1-46d0-b0cb-3823d574e549	7	32582257	32611261	21	0.4684
522b6d2e-b8b1-46d0-b0cb-3823d574e549	7	32621190	33479037	430	1.056
522b6d2e-b8b1-46d0-b0cb-3823d574e549	7	33481171	33612586	94	1.4349
522b6d2e-b8b1-46d0-b0cb-3823d574e549	7	33618460	33633653	6	1.0107
522b6d2e-b8b1-46d0-b0cb-3823d574e549	7	33634889	34365826	542	0.7837
522b6d2e-b8b1-46d0-b0cb-3823d574e549	7	34371057	35653633	819	0.1028
522b6d2e-b8b1-46d0-b0cb-3823d574e549	7	35658876	35748992	53	0.7499
522b6d2e-b8b1-46d0-b0cb-3823d574e549	7	35756767	36160312	270	0.065
522b6d2e-b8b1-46d0-b0cb-3823d574e549	7	36160858	37239846	819	-0.3099
522b6d2e-b8b1-46d0-b0cb-3823d574e549	7	37241372	37282337	36	0.1493
522b6d2e-b8b1-46d0-b0cb-3823d574e549	7	37283813	37312508	20	-0.2389
522b6d2e-b8b1-46d0-b0cb-3823d574e549	7	37314487	37430681	96	0.4535
522b6d2e-b8b1-46d0-b0cb-3823d574e549	7	37431049	37436265	10	0.9897
522b6d2e-b8b1-46d0-b0cb-3823d574e549	7	37436826	37443492	6	0.1281
522b6d2e-b8b1-46d0-b0cb-3823d574e549	7	37443572	37796653	254	0.4567
522b6d2e-b8b1-46d0-b0cb-3823d574e549	7	37799229	37814751	8	0.2171
522b6d2e-b8b1-46d0-b0cb-3823d574e549	7	37816360	38255395	349	-0.8693
522b6d2e-b8b1-46d0-b0cb-3823d574e549	7	38258234	38293434	62	-0.4949
522b6d2e-b8b1-46d0-b0cb-3823d574e549	7	38295217	38295445	3	0.1105
522b6d2e-b8b1-46d0-b0cb-3823d574e549	7	38295507	38301466	7	-0.4526
522b6d2e-b8b1-46d0-b0cb-3823d574e549	7	38304355	38356875	51	0.1538
522b6d2e-b8b1-46d0-b0cb-3823d574e549	7	38361356	38436857	64	-0.1032
522b6d2e-b8b1-46d0-b0cb-3823d574e549	7	38436974	38768698	281	0.0855
522b6d2e-b8b1-46d0-b0cb-3823d574e549	7	38770367	39164028	271	-0.8183
522b6d2e-b8b1-46d0-b0cb-3823d574e549	7	39164601	39448539	183	-0.0684
522b6d2e-b8b1-46d0-b0cb-3823d574e549	7	39449092	39479966	38	0.1058
522b6d2e-b8b1-46d0-b0cb-3823d574e549	7	39480553	39685580	129	-0.764
522b6d2e-b8b1-46d0-b0cb-3823d574e549	7	39688899	39711559	16	-0.1398
522b6d2e-b8b1-46d0-b0cb-3823d574e549	7	39713822	43307290	2362	-0.8348
522b6d2e-b8b1-46d0-b0cb-3823d574e549	7	43310590	43461128	107	-0.084
522b6d2e-b8b1-46d0-b0cb-3823d574e549	7	43461606	48053295	2974	-0.7862
522b6d2e-b8b1-46d0-b0cb-3823d574e549	7	48053808	50104342	1360	-0.1025
522b6d2e-b8b1-46d0-b0cb-3823d574e549	7	50104360	50483182	281	0.0756
522b6d2e-b8b1-46d0-b0cb-3823d574e549	7	50486569	50519319	25	-0.1072
522b6d2e-b8b1-46d0-b0cb-3823d574e549	7	50523372	50674920	167	-0.8567
522b6d2e-b8b1-46d0-b0cb-3823d574e549	7	50675240	51005632	262	-0.5179
522b6d2e-b8b1-46d0-b0cb-3823d574e549	7	51007407	52453092	1066	-0.8218
522b6d2e-b8b1-46d0-b0cb-3823d574e549	7	52458718	54235987	1334	-0.0969
522b6d2e-b8b1-46d0-b0cb-3823d574e549	7	54236476	54248178	12	-0.82
522b6d2e-b8b1-46d0-b0cb-3823d574e549	7	54250998	54305455	51	-0.1551
522b6d2e-b8b1-46d0-b0cb-3823d574e549	7	54318812	54318824	6	-1.6398
522b6d2e-b8b1-46d0-b0cb-3823d574e549	7	54325795	56038070	1263	-0.8079
522b6d2e-b8b1-46d0-b0cb-3823d574e549	7	56041811	56535439	193	-0.5266
522b6d2e-b8b1-46d0-b0cb-3823d574e549	7	56535785	56717979	116	-0.8093
522b6d2e-b8b1-46d0-b0cb-3823d574e549	7	56718152	57127404	59	-0.4573
522b6d2e-b8b1-46d0-b0cb-3823d574e549	7	57130116	57960277	409	-0.7687
522b6d2e-b8b1-46d0-b0cb-3823d574e549	7	61083061	62977067	141	-0.1061
522b6d2e-b8b1-46d0-b0cb-3823d574e549	7	62977099	68394921	2340	-0.2555
522b6d2e-b8b1-46d0-b0cb-3823d574e549	7	68397579	70132086	1081	-0.0638
522b6d2e-b8b1-46d0-b0cb-3823d574e549	7	70135811	70468963	174	-0.2851
522b6d2e-b8b1-46d0-b0cb-3823d574e549	7	70472415	70955452	351	-0.0938
522b6d2e-b8b1-46d0-b0cb-3823d574e549	7	70958264	70961155	2	-2.5598
522b6d2e-b8b1-46d0-b0cb-3823d574e549	7	70963257	76645393	2172	-0.0452
522b6d2e-b8b1-46d0-b0cb-3823d574e549	7	76645738	79849646	2092	-0.0981
522b6d2e-b8b1-46d0-b0cb-3823d574e549	7	79850834	84180840	3029	-0.3022
522b6d2e-b8b1-46d0-b0cb-3823d574e549	7	84181753	84938536	452	-0.1128
522b6d2e-b8b1-46d0-b0cb-3823d574e549	7	84941927	85509349	308	-0.3299
522b6d2e-b8b1-46d0-b0cb-3823d574e549	7	85510359	85771969	163	-0.1277
522b6d2e-b8b1-46d0-b0cb-3823d574e549	7	85773770	88041705	1233	-0.3161
522b6d2e-b8b1-46d0-b0cb-3823d574e549	7	88041792	88043658	11	0.2413
522b6d2e-b8b1-46d0-b0cb-3823d574e549	7	88043691	90098938	1349	-0.3091
522b6d2e-b8b1-46d0-b0cb-3823d574e549	7	90099627	90103043	3	0.8624
522b6d2e-b8b1-46d0-b0cb-3823d574e549	7	90104743	97756261	4881	-0.3031
522b6d2e-b8b1-46d0-b0cb-3823d574e549	7	97756328	97772620	14	0.2977
522b6d2e-b8b1-46d0-b0cb-3823d574e549	7	97772647	102708738	2070	-0.251
522b6d2e-b8b1-46d0-b0cb-3823d574e549	7	102715075	102765997	15	0.0631
522b6d2e-b8b1-46d0-b0cb-3823d574e549	7	102766233	109793741	4524	-0.2952
522b6d2e-b8b1-46d0-b0cb-3823d574e549	7	109797035	109813853	35	0.3244
522b6d2e-b8b1-46d0-b0cb-3823d574e549	7	109813925	113134946	2159	-0.2819
522b6d2e-b8b1-46d0-b0cb-3823d574e549	7	113136325	116285536	1721	-0.3258
522b6d2e-b8b1-46d0-b0cb-3823d574e549	7	116287872	116289641	12	-0.804
522b6d2e-b8b1-46d0-b0cb-3823d574e549	7	116289776	122082220	3502	-0.3176
522b6d2e-b8b1-46d0-b0cb-3823d574e549	7	122084769	125817944	2232	-0.2892
522b6d2e-b8b1-46d0-b0cb-3823d574e549	7	125819039	126404920	405	-0.1096
522b6d2e-b8b1-46d0-b0cb-3823d574e549	7	126405428	126406561	12	0.8144
522b6d2e-b8b1-46d0-b0cb-3823d574e549	7	126406822	132889263	3980	-0.0838
522b6d2e-b8b1-46d0-b0cb-3823d574e549	7	132891967	133625465	405	-0.2491
522b6d2e-b8b1-46d0-b0cb-3823d574e549	7	133627482	134100458	319	-0.0912
522b6d2e-b8b1-46d0-b0cb-3823d574e549	7	134100556	134111088	26	0.465
522b6d2e-b8b1-46d0-b0cb-3823d574e549	7	134113300	144013116	6295	-0.0874
522b6d2e-b8b1-46d0-b0cb-3823d574e549	7	144013528	144014058	4	-1.3265
522b6d2e-b8b1-46d0-b0cb-3823d574e549	7	144014076	144255220	141	-0.1063
522b6d2e-b8b1-46d0-b0cb-3823d574e549	7	144255475	144312471	8	-0.8389
522b6d2e-b8b1-46d0-b0cb-3823d574e549	7	144326306	147195808	1767	-0.1083
522b6d2e-b8b1-46d0-b0cb-3823d574e549	7	147199873	159334314	7886	-0.2629
522b6d2e-b8b1-46d0-b0cb-3823d574e549	8	81254	640379	320	-0.8978
522b6d2e-b8b1-46d0-b0cb-3823d574e549	8	643041	645908	11	-0.0037
522b6d2e-b8b1-46d0-b0cb-3823d574e549	8	656117	7141698	7366	-0.9078
522b6d2e-b8b1-46d0-b0cb-3823d574e549	8	7152073	8234503	83	-0.453
522b6d2e-b8b1-46d0-b0cb-3823d574e549	8	8235660	12323772	3219	-0.8915
522b6d2e-b8b1-46d0-b0cb-3823d574e549	8	12358500	12470324	32	0.0093
522b6d2e-b8b1-46d0-b0cb-3823d574e549	8	12496221	12701420	42	-0.5054
522b6d2e-b8b1-46d0-b0cb-3823d574e549	8	12702326	25117062	10365	-0.9044
522b6d2e-b8b1-46d0-b0cb-3823d574e549	8	25117985	25126735	22	-1.5467
522b6d2e-b8b1-46d0-b0cb-3823d574e549	8	25126818	32809827	5417	-0.9019
522b6d2e-b8b1-46d0-b0cb-3823d574e549	8	32810321	32821348	11	1.1865
522b6d2e-b8b1-46d0-b0cb-3823d574e549	8	32825580	32830895	8	0.2427
522b6d2e-b8b1-46d0-b0cb-3823d574e549	8	32834588	33477656	398	1.2103
522b6d2e-b8b1-46d0-b0cb-3823d574e549	8	33481464	37928675	2456	0.5643
522b6d2e-b8b1-46d0-b0cb-3823d574e549	8	37931364	38101291	50	1.2584
522b6d2e-b8b1-46d0-b0cb-3823d574e549	8	38102763	38112562	3	0.3146
522b6d2e-b8b1-46d0-b0cb-3823d574e549	8	38114424	38179909	35	1.1902
522b6d2e-b8b1-46d0-b0cb-3823d574e549	8	38186240	39373140	637	0.5437
522b6d2e-b8b1-46d0-b0cb-3823d574e549	8	39378084	39529446	59	-2.2471
522b6d2e-b8b1-46d0-b0cb-3823d574e549	8	39530780	40670666	903	0.5655
522b6d2e-b8b1-46d0-b0cb-3823d574e549	8	40671549	43472922	1590	0.4489
522b6d2e-b8b1-46d0-b0cb-3823d574e549	8	43474669	46000692	97	0.5656
522b6d2e-b8b1-46d0-b0cb-3823d574e549	8	46007651	46204235	60	1.1908
522b6d2e-b8b1-46d0-b0cb-3823d574e549	8	46212750	46410835	44	0.726
522b6d2e-b8b1-46d0-b0cb-3823d574e549	8	46413492	48172237	751	1.0416
522b6d2e-b8b1-46d0-b0cb-3823d574e549	8	48179251	48245406	25	0.6769
522b6d2e-b8b1-46d0-b0cb-3823d574e549	8	48250004	49984870	1023	0.2017
522b6d2e-b8b1-46d0-b0cb-3823d574e549	8	49986997	50118212	89	-0.0605
522b6d2e-b8b1-46d0-b0cb-3823d574e549	8	50119451	50126059	11	0.2703
522b6d2e-b8b1-46d0-b0cb-3823d574e549	8	50126317	50400128	200	-0.1407
522b6d2e-b8b1-46d0-b0cb-3823d574e549	8	50401235	50546257	77	0.0031
522b6d2e-b8b1-46d0-b0cb-3823d574e549	8	50546808	51109570	322	-0.1443
522b6d2e-b8b1-46d0-b0cb-3823d574e549	8	51110960	51590066	319	0.0612
522b6d2e-b8b1-46d0-b0cb-3823d574e549	8	51590517	51681794	67	0.3526
522b6d2e-b8b1-46d0-b0cb-3823d574e549	8	51684019	51755043	48	0.4948
522b6d2e-b8b1-46d0-b0cb-3823d574e549	8	51755611	51984385	120	0.2839
522b6d2e-b8b1-46d0-b0cb-3823d574e549	8	51984730	52825383	581	0.0312
522b6d2e-b8b1-46d0-b0cb-3823d574e549	8	52825473	53203869	274	-0.3455
522b6d2e-b8b1-46d0-b0cb-3823d574e549	8	53204493	53204975	4	0.5576
522b6d2e-b8b1-46d0-b0cb-3823d574e549	8	53205135	53219483	15	1.0765
522b6d2e-b8b1-46d0-b0cb-3823d574e549	8	53221412	56511779	2108	0.8987
522b6d2e-b8b1-46d0-b0cb-3823d574e549	8	56511965	91099102	20981	1.0149
522b6d2e-b8b1-46d0-b0cb-3823d574e549	8	91101034	91173841	43	0.4322
522b6d2e-b8b1-46d0-b0cb-3823d574e549	8	91174785	92007424	479	1.0111
522b6d2e-b8b1-46d0-b0cb-3823d574e549	8	92007733	92007901	4	-0.2974
522b6d2e-b8b1-46d0-b0cb-3823d574e549	8	92008360	94545084	1508	0.9928
522b6d2e-b8b1-46d0-b0cb-3823d574e549	8	94545324	94545764	7	2.017
522b6d2e-b8b1-46d0-b0cb-3823d574e549	8	94545887	110608908	9915	1.0029
522b6d2e-b8b1-46d0-b0cb-3823d574e549	8	110609036	111282065	354	1.0856
522b6d2e-b8b1-46d0-b0cb-3823d574e549	8	111282237	111283031	8	1.7884
522b6d2e-b8b1-46d0-b0cb-3823d574e549	8	111288052	113421781	1130	1.057
522b6d2e-b8b1-46d0-b0cb-3823d574e549	8	113422371	113561897	78	1.0193
522b6d2e-b8b1-46d0-b0cb-3823d574e549	8	113567382	113567383	2	-0.1918
522b6d2e-b8b1-46d0-b0cb-3823d574e549	8	113580472	114619814	613	1.0329
522b6d2e-b8b1-46d0-b0cb-3823d574e549	8	114622258	114629502	35	-0.0124
522b6d2e-b8b1-46d0-b0cb-3823d574e549	8	114638468	126426783	8042	0.9958
522b6d2e-b8b1-46d0-b0cb-3823d574e549	8	126427094	133214954	5091	1.0601
522b6d2e-b8b1-46d0-b0cb-3823d574e549	8	133215457	134154285	861	0.9755
522b6d2e-b8b1-46d0-b0cb-3823d574e549	8	134154287	134154292	4	-0.2205
522b6d2e-b8b1-46d0-b0cb-3823d574e549	8	134156845	135534630	1040	0.9915
522b6d2e-b8b1-46d0-b0cb-3823d574e549	8	135536505	139966695	3657	1.127
522b6d2e-b8b1-46d0-b0cb-3823d574e549	8	139966814	139966849	4	0.1674
522b6d2e-b8b1-46d0-b0cb-3823d574e549	8	139966859	143227622	1729	1.1499
522b6d2e-b8b1-46d0-b0cb-3823d574e549	8	143227655	143228447	8	0.2393
522b6d2e-b8b1-46d0-b0cb-3823d574e549	8	143232207	145072769	632	1.1548
522b6d2e-b8b1-46d0-b0cb-3823d574e549	9	46587	1446459	1459	-0.1122
522b6d2e-b8b1-46d0-b0cb-3823d574e549	9	1446987	1450320	12	-1.813
522b6d2e-b8b1-46d0-b0cb-3823d574e549	9	1453039	42726239	29879	-0.1335
522b6d2e-b8b1-46d0-b0cb-3823d574e549	9	42727685	61525350	46	-0.1988
522b6d2e-b8b1-46d0-b0cb-3823d574e549	9	61527247	61573452	15	-0.8536
522b6d2e-b8b1-46d0-b0cb-3823d574e549	9	61574022	64917775	136	-0.1852
522b6d2e-b8b1-46d0-b0cb-3823d574e549	9	64929736	67832316	38	0.1738
522b6d2e-b8b1-46d0-b0cb-3823d574e549	9	67832331	88200773	14377	-0.1756
522b6d2e-b8b1-46d0-b0cb-3823d574e549	9	88204848	88207198	5	-1.2442
522b6d2e-b8b1-46d0-b0cb-3823d574e549	9	88208131	120184350	23317	-0.1653
522b6d2e-b8b1-46d0-b0cb-3823d574e549	9	120185696	120709055	363	-0.1269
522b6d2e-b8b1-46d0-b0cb-3823d574e549	9	120715451	125376362	2779	0.0247
522b6d2e-b8b1-46d0-b0cb-3823d574e549	9	125377309	132987245	4637	-0.1392
522b6d2e-b8b1-46d0-b0cb-3823d574e549	9	132988790	138151368	2455	-0.0943
522b6d2e-b8b1-46d0-b0cb-3823d574e549	9	138160309	138200944	9	-0.3339
522b6d2e-b8b1-46d0-b0cb-3823d574e549	10	45792	628115	351	0.8466
522b6d2e-b8b1-46d0-b0cb-3823d574e549	10	628193	1747465	834	1.0176
522b6d2e-b8b1-46d0-b0cb-3823d574e549	10	1747688	1878846	138	0.6137
522b6d2e-b8b1-46d0-b0cb-3823d574e549	10	1879212	1879226	2	-0.6708
522b6d2e-b8b1-46d0-b0cb-3823d574e549	10	1880102	2194493	299	0.6514
522b6d2e-b8b1-46d0-b0cb-3823d574e549	10	2202487	4131474	1857	0.833
522b6d2e-b8b1-46d0-b0cb-3823d574e549	10	4132057	4309504	199	0.5705
522b6d2e-b8b1-46d0-b0cb-3823d574e549	10	4309581	4378313	69	0.9877
522b6d2e-b8b1-46d0-b0cb-3823d574e549	10	4378517	5143390	675	0.8174
522b6d2e-b8b1-46d0-b0cb-3823d574e549	10	5146970	5183404	24	1.0376
522b6d2e-b8b1-46d0-b0cb-3823d574e549	10	5183721	6347543	926	0.6547
522b6d2e-b8b1-46d0-b0cb-3823d574e549	10	6347643	6382528	53	0.4466
522b6d2e-b8b1-46d0-b0cb-3823d574e549	10	6385269	6734500	361	0.6255
522b6d2e-b8b1-46d0-b0cb-3823d574e549	10	6734513	7568106	781	0.3816
522b6d2e-b8b1-46d0-b0cb-3823d574e549	10	7568250	7982104	312	0.6172
522b6d2e-b8b1-46d0-b0cb-3823d574e549	10	7983431	8675927	621	0.8247
522b6d2e-b8b1-46d0-b0cb-3823d574e549	10	8676986	9040071	317	0.6402
522b6d2e-b8b1-46d0-b0cb-3823d574e549	10	9041857	9158139	93	0.3987
522b6d2e-b8b1-46d0-b0cb-3823d574e549	10	9158406	9330184	148	0.5976
522b6d2e-b8b1-46d0-b0cb-3823d574e549	10	9332605	11037203	1313	0.391
522b6d2e-b8b1-46d0-b0cb-3823d574e549	10	11037715	14419503	2880	0.6329
522b6d2e-b8b1-46d0-b0cb-3823d574e549	10	14419580	14499805	79	0.4415
522b6d2e-b8b1-46d0-b0cb-3823d574e549	10	14499891	15129950	471	0.6318
522b6d2e-b8b1-46d0-b0cb-3823d574e549	10	15130226	15132728	2	-0.4749
522b6d2e-b8b1-46d0-b0cb-3823d574e549	10	15133459	15299220	115	0.6299
522b6d2e-b8b1-46d0-b0cb-3823d574e549	10	15301554	15473483	141	0.8305
522b6d2e-b8b1-46d0-b0cb-3823d574e549	10	15478941	16506576	771	0.6198
522b6d2e-b8b1-46d0-b0cb-3823d574e549	10	16513088	18161603	1199	1.006
522b6d2e-b8b1-46d0-b0cb-3823d574e549	10	18161871	18341955	169	0.8502
522b6d2e-b8b1-46d0-b0cb-3823d574e549	10	18342056	18594376	236	0.9812
522b6d2e-b8b1-46d0-b0cb-3823d574e549	10	18596811	18596923	2	-0.1796
522b6d2e-b8b1-46d0-b0cb-3823d574e549	10	18596954	18718890	81	0.985
522b6d2e-b8b1-46d0-b0cb-3823d574e549	10	18718915	20616727	1534	0.6271
522b6d2e-b8b1-46d0-b0cb-3823d574e549	10	20616817	22095114	877	0.8422
522b6d2e-b8b1-46d0-b0cb-3823d574e549	10	22095510	22097488	2	-0.3191
522b6d2e-b8b1-46d0-b0cb-3823d574e549	10	22101333	22848900	450	0.8252
522b6d2e-b8b1-46d0-b0cb-3823d574e549	10	22852415	24088746	824	0.6492
522b6d2e-b8b1-46d0-b0cb-3823d574e549	10	24088747	24088753	5	-0.371
522b6d2e-b8b1-46d0-b0cb-3823d574e549	10	24088989	24792926	507	0.642
522b6d2e-b8b1-46d0-b0cb-3823d574e549	10	24794296	27298602	1690	0.3916
522b6d2e-b8b1-46d0-b0cb-3823d574e549	10	27304498	29933142	2041	0.6452
522b6d2e-b8b1-46d0-b0cb-3823d574e549	10	29933568	33105823	2158	0.5992
522b6d2e-b8b1-46d0-b0cb-3823d574e549	10	33106704	36843198	2561	0.6477
522b6d2e-b8b1-46d0-b0cb-3823d574e549	10	36847591	37354060	271	0.8467
522b6d2e-b8b1-46d0-b0cb-3823d574e549	10	37356042	38783090	638	-0.4357
522b6d2e-b8b1-46d0-b0cb-3823d574e549	10	41715085	42817839	341	1.5968
522b6d2e-b8b1-46d0-b0cb-3823d574e549	10	42818943	43093174	173	1.0213
522b6d2e-b8b1-46d0-b0cb-3823d574e549	10	43093256	43093583	7	0.1681
522b6d2e-b8b1-46d0-b0cb-3823d574e549	10	43093826	44142430	760	1.0213
522b6d2e-b8b1-46d0-b0cb-3823d574e549	10	44154495	44476637	322	0.8398
522b6d2e-b8b1-46d0-b0cb-3823d574e549	10	44476755	44685886	157	1.1362
522b6d2e-b8b1-46d0-b0cb-3823d574e549	10	44691326	44719798	16	1.3093
522b6d2e-b8b1-46d0-b0cb-3823d574e549	10	44722944	46222715	691	-0.5097
522b6d2e-b8b1-46d0-b0cb-3823d574e549	10	46223605	46225568	2	-1.9855
522b6d2e-b8b1-46d0-b0cb-3823d574e549	10	46225606	53651462	4538	-0.5172
522b6d2e-b8b1-46d0-b0cb-3823d574e549	10	53652907	53836821	168	1.2546
522b6d2e-b8b1-46d0-b0cb-3823d574e549	10	53837892	56350086	1791	0.6086
522b6d2e-b8b1-46d0-b0cb-3823d574e549	10	56350645	56634574	150	0.8056
522b6d2e-b8b1-46d0-b0cb-3823d574e549	10	56635013	56753095	87	0.5862
522b6d2e-b8b1-46d0-b0cb-3823d574e549	10	56756615	56767077	41	-0.5355
522b6d2e-b8b1-46d0-b0cb-3823d574e549	10	56772992	57443289	551	0.6245
522b6d2e-b8b1-46d0-b0cb-3823d574e549	10	57450745	57451013	4	-1.9773
522b6d2e-b8b1-46d0-b0cb-3823d574e549	10	57458735	57685107	168	0.623
522b6d2e-b8b1-46d0-b0cb-3823d574e549	10	57686052	58786945	756	1.2332
522b6d2e-b8b1-46d0-b0cb-3823d574e549	10	58793218	58896649	79	0.6264
522b6d2e-b8b1-46d0-b0cb-3823d574e549	10	58897741	59053227	131	0.8222
522b6d2e-b8b1-46d0-b0cb-3823d574e549	10	59054469	59692244	501	1.2796
522b6d2e-b8b1-46d0-b0cb-3823d574e549	10	59692627	59812974	76	1.5056
522b6d2e-b8b1-46d0-b0cb-3823d574e549	10	59813628	60646847	659	1.69
522b6d2e-b8b1-46d0-b0cb-3823d574e549	10	60647219	60999968	254	1.4195
522b6d2e-b8b1-46d0-b0cb-3823d574e549	10	61000150	61710592	446	1.7221
522b6d2e-b8b1-46d0-b0cb-3823d574e549	10	61710613	62246013	369	1.4534
522b6d2e-b8b1-46d0-b0cb-3823d574e549	10	62254336	65546518	2120	-0.532
522b6d2e-b8b1-46d0-b0cb-3823d574e549	10	65548165	65549203	11	0.0813
522b6d2e-b8b1-46d0-b0cb-3823d574e549	10	65549213	68303849	1859	-0.5339
522b6d2e-b8b1-46d0-b0cb-3823d574e549	10	68303904	80613039	7887	-0.4931
522b6d2e-b8b1-46d0-b0cb-3823d574e549	10	80613225	95173392	9786	-0.5227
522b6d2e-b8b1-46d0-b0cb-3823d574e549	10	95176900	95177697	2	-2.974
522b6d2e-b8b1-46d0-b0cb-3823d574e549	10	95178148	105296521	6143	-0.5095
522b6d2e-b8b1-46d0-b0cb-3823d574e549	10	105297280	105299412	3	-1.8698
522b6d2e-b8b1-46d0-b0cb-3823d574e549	10	105302718	106163611	628	-0.5103
522b6d2e-b8b1-46d0-b0cb-3823d574e549	10	106164611	106164796	2	-2.0058
522b6d2e-b8b1-46d0-b0cb-3823d574e549	10	106168490	133654968	19918	-0.5074
522b6d2e-b8b1-46d0-b0cb-3823d574e549	11	198510	1569075	442	-0.212
522b6d2e-b8b1-46d0-b0cb-3823d574e549	11	1575016	1626349	43	-0.497
522b6d2e-b8b1-46d0-b0cb-3823d574e549	11	1627184	1627418	2	-2.7047
522b6d2e-b8b1-46d0-b0cb-3823d574e549	11	1628657	1886035	116	-0.4682
522b6d2e-b8b1-46d0-b0cb-3823d574e549	11	1887776	4217824	1133	-0.2421
522b6d2e-b8b1-46d0-b0cb-3823d574e549	11	4228783	4314648	25	-0.6014
522b6d2e-b8b1-46d0-b0cb-3823d574e549	11	4314837	4705210	383	-0.2741
522b6d2e-b8b1-46d0-b0cb-3823d574e549	11	4705388	4705661	5	-1.4302
522b6d2e-b8b1-46d0-b0cb-3823d574e549	11	4707904	4942489	259	-0.2878
522b6d2e-b8b1-46d0-b0cb-3823d574e549	11	4942873	4952503	28	-0.6457
522b6d2e-b8b1-46d0-b0cb-3823d574e549	11	4952518	9219810	3309	-0.2733
522b6d2e-b8b1-46d0-b0cb-3823d574e549	11	9219901	9975982	441	-0.0732
522b6d2e-b8b1-46d0-b0cb-3823d574e549	11	9976451	13488070	3007	-0.2829
522b6d2e-b8b1-46d0-b0cb-3823d574e549	11	13491644	14628018	721	-0.5397
522b6d2e-b8b1-46d0-b0cb-3823d574e549	11	14634675	15919778	846	0.8218
522b6d2e-b8b1-46d0-b0cb-3823d574e549	11	15923722	16988020	644	1.1194
522b6d2e-b8b1-46d0-b0cb-3823d574e549	11	16989629	16994204	9	0.8885
522b6d2e-b8b1-46d0-b0cb-3823d574e549	11	16996237	17596751	416	0.5394
522b6d2e-b8b1-46d0-b0cb-3823d574e549	11	17597892	17606563	8	0.8627
522b6d2e-b8b1-46d0-b0cb-3823d574e549	11	17609544	18390604	519	-0.0424
522b6d2e-b8b1-46d0-b0cb-3823d574e549	11	18394140	18671140	116	0.4444
522b6d2e-b8b1-46d0-b0cb-3823d574e549	11	18671299	18950075	254	0.6815
522b6d2e-b8b1-46d0-b0cb-3823d574e549	11	18950147	20379265	1303	0.854
522b6d2e-b8b1-46d0-b0cb-3823d574e549	11	20379461	20684366	241	0.7042
522b6d2e-b8b1-46d0-b0cb-3823d574e549	11	20684913	20716090	16	0.2704
522b6d2e-b8b1-46d0-b0cb-3823d574e549	11	20716393	20726505	21	0.513
522b6d2e-b8b1-46d0-b0cb-3823d574e549	11	20728111	20765022	43	0.2252
522b6d2e-b8b1-46d0-b0cb-3823d574e549	11	20767774	20822345	43	0.1079
522b6d2e-b8b1-46d0-b0cb-3823d574e549	11	20823306	22345740	1228	-0.2376
522b6d2e-b8b1-46d0-b0cb-3823d574e549	11	22346074	22384974	28	0.0886
522b6d2e-b8b1-46d0-b0cb-3823d574e549	11	22385042	25235648	2056	-0.8508
522b6d2e-b8b1-46d0-b0cb-3823d574e549	11	25242182	25272005	26	-0.6554
522b6d2e-b8b1-46d0-b0cb-3823d574e549	11	25274907	25274948	8	0.0235
522b6d2e-b8b1-46d0-b0cb-3823d574e549	11	25275147	25714470	356	-0.7151
522b6d2e-b8b1-46d0-b0cb-3823d574e549	11	25716041	26653681	764	-0.5402
522b6d2e-b8b1-46d0-b0cb-3823d574e549	11	26656163	26719591	56	0.3623
522b6d2e-b8b1-46d0-b0cb-3823d574e549	11	26721055	33074330	4025	-0.5353
522b6d2e-b8b1-46d0-b0cb-3823d574e549	11	33075814	33538911	230	0.7939
522b6d2e-b8b1-46d0-b0cb-3823d574e549	11	33540108	34693282	945	0.5589
522b6d2e-b8b1-46d0-b0cb-3823d574e549	11	34696385	34836287	99	0.6792
522b6d2e-b8b1-46d0-b0cb-3823d574e549	11	34836415	35032853	223	0.8188
522b6d2e-b8b1-46d0-b0cb-3823d574e549	11	35033324	35046469	10	1.3005
522b6d2e-b8b1-46d0-b0cb-3823d574e549	11	35046552	35163582	112	0.9883
522b6d2e-b8b1-46d0-b0cb-3823d574e549	11	35165801	35249950	81	1.2039
522b6d2e-b8b1-46d0-b0cb-3823d574e549	11	35250653	35346245	99	0.8347
522b6d2e-b8b1-46d0-b0cb-3823d574e549	11	35346378	35377773	52	0.6973
522b6d2e-b8b1-46d0-b0cb-3823d574e549	11	35379664	35812964	345	0.294
522b6d2e-b8b1-46d0-b0cb-3823d574e549	11	35823380	38436978	1835	-0.5462
522b6d2e-b8b1-46d0-b0cb-3823d574e549	11	38437382	38441141	7	0.9022
522b6d2e-b8b1-46d0-b0cb-3823d574e549	11	38441372	38755125	199	0.2854
522b6d2e-b8b1-46d0-b0cb-3823d574e549	11	38758315	38778157	9	-0.3423
522b6d2e-b8b1-46d0-b0cb-3823d574e549	11	38781348	38800397	6	0.3633
522b6d2e-b8b1-46d0-b0cb-3823d574e549	11	38802626	40601036	1148	-0.2939
522b6d2e-b8b1-46d0-b0cb-3823d574e549	11	40601269	41882069	921	-0.5189
522b6d2e-b8b1-46d0-b0cb-3823d574e549	11	41882813	42069803	128	-0.2106
522b6d2e-b8b1-46d0-b0cb-3823d574e549	11	42069837	42220565	99	-0.3612
522b6d2e-b8b1-46d0-b0cb-3823d574e549	11	42222337	42406607	133	-0.2318
522b6d2e-b8b1-46d0-b0cb-3823d574e549	11	42408951	42791601	273	-0.5809
522b6d2e-b8b1-46d0-b0cb-3823d574e549	11	42794936	42796489	2	-3.639
522b6d2e-b8b1-46d0-b0cb-3823d574e549	11	42799053	43839382	710	-0.5459
522b6d2e-b8b1-46d0-b0cb-3823d574e549	11	43842767	44615708	581	-0.2491
522b6d2e-b8b1-46d0-b0cb-3823d574e549	11	44618001	45094293	444	-0.0643
522b6d2e-b8b1-46d0-b0cb-3823d574e549	11	45096106	45453063	236	-0.3011
522b6d2e-b8b1-46d0-b0cb-3823d574e549	11	45453899	46027607	326	-0.0669
522b6d2e-b8b1-46d0-b0cb-3823d574e549	11	46028387	55672514	2334	-0.259
522b6d2e-b8b1-46d0-b0cb-3823d574e549	11	55674842	58411123	1761	-0.5367
522b6d2e-b8b1-46d0-b0cb-3823d574e549	11	58411921	60418717	1165	-0.2974
522b6d2e-b8b1-46d0-b0cb-3823d574e549	11	60423204	60782697	201	-0.5068
522b6d2e-b8b1-46d0-b0cb-3823d574e549	11	60788745	61111517	216	0.7706
522b6d2e-b8b1-46d0-b0cb-3823d574e549	11	61113194	61252993	69	-0.4797
522b6d2e-b8b1-46d0-b0cb-3823d574e549	11	61254683	63629725	1271	-0.2531
522b6d2e-b8b1-46d0-b0cb-3823d574e549	11	63634542	64168158	194	-0.4519
522b6d2e-b8b1-46d0-b0cb-3823d574e549	11	64169789	64170477	2	-1.8739
522b6d2e-b8b1-46d0-b0cb-3823d574e549	11	64176898	67065057	1111	-0.4558
522b6d2e-b8b1-46d0-b0cb-3823d574e549	11	67068144	67969022	315	0.6276
522b6d2e-b8b1-46d0-b0cb-3823d574e549	11	67979689	68292635	152	0.7888
522b6d2e-b8b1-46d0-b0cb-3823d574e549	11	68298566	69796026	844	-0.489
522b6d2e-b8b1-46d0-b0cb-3823d574e549	11	69799558	70825962	561	0.8837
522b6d2e-b8b1-46d0-b0cb-3823d574e549	11	70826185	70927782	67	1.1053
522b6d2e-b8b1-46d0-b0cb-3823d574e549	11	70930202	71097018	22	0.806
522b6d2e-b8b1-46d0-b0cb-3823d574e549	11	71097714	71245451	92	1.4814
522b6d2e-b8b1-46d0-b0cb-3823d574e549	11	71255817	72125261	477	-0.4624
522b6d2e-b8b1-46d0-b0cb-3823d574e549	11	72127162	74228390	980	1.2555
522b6d2e-b8b1-46d0-b0cb-3823d574e549	11	74229106	77103425	1646	1.5533
522b6d2e-b8b1-46d0-b0cb-3823d574e549	11	77107967	77146216	25	1.3104
522b6d2e-b8b1-46d0-b0cb-3823d574e549	11	77152948	77460620	150	1.828
522b6d2e-b8b1-46d0-b0cb-3823d574e549	11	77460846	78931668	865	2.0657
522b6d2e-b8b1-46d0-b0cb-3823d574e549	11	78931801	79321439	362	1.9415
522b6d2e-b8b1-46d0-b0cb-3823d574e549	11	79322035	79862533	428	1.638
522b6d2e-b8b1-46d0-b0cb-3823d574e549	11	79870599	80072857	144	0.6505
522b6d2e-b8b1-46d0-b0cb-3823d574e549	11	80074417	81154462	853	1.537
522b6d2e-b8b1-46d0-b0cb-3823d574e549	11	81159261	81979565	763	1.2037
522b6d2e-b8b1-46d0-b0cb-3823d574e549	11	81984747	81984796	2	-0.4918
522b6d2e-b8b1-46d0-b0cb-3823d574e549	11	81987303	82351577	254	1.2217
522b6d2e-b8b1-46d0-b0cb-3823d574e549	11	82354126	83250082	560	0.6382
522b6d2e-b8b1-46d0-b0cb-3823d574e549	11	83250832	83393136	69	-0.6003
522b6d2e-b8b1-46d0-b0cb-3823d574e549	11	83398172	84217874	569	0.8549
522b6d2e-b8b1-46d0-b0cb-3823d574e549	11	84220013	84553595	218	-0.5439
522b6d2e-b8b1-46d0-b0cb-3823d574e549	11	84557318	85832718	803	1.3518
522b6d2e-b8b1-46d0-b0cb-3823d574e549	11	85836298	85880625	23	2.1028
522b6d2e-b8b1-46d0-b0cb-3823d574e549	11	85882863	86082192	138	1.7362
522b6d2e-b8b1-46d0-b0cb-3823d574e549	11	86089237	88105798	1464	1.3961
522b6d2e-b8b1-46d0-b0cb-3823d574e549	11	88110178	89175295	729	1.2245
522b6d2e-b8b1-46d0-b0cb-3823d574e549	11	89179022	89231204	38	1.3669
522b6d2e-b8b1-46d0-b0cb-3823d574e549	11	89232639	89847184	278	-0.4923
522b6d2e-b8b1-46d0-b0cb-3823d574e549	11	89878176	89903029	2	-2.2201
522b6d2e-b8b1-46d0-b0cb-3823d574e549	11	89923071	89966336	3	0.5581
522b6d2e-b8b1-46d0-b0cb-3823d574e549	11	90043678	92414702	1680	-0.5471
522b6d2e-b8b1-46d0-b0cb-3823d574e549	11	92422874	92423345	2	1.3133
522b6d2e-b8b1-46d0-b0cb-3823d574e549	11	92425717	101723653	7004	-0.5384
522b6d2e-b8b1-46d0-b0cb-3823d574e549	11	101727129	101727233	4	1.5903
522b6d2e-b8b1-46d0-b0cb-3823d574e549	11	101727481	102221020	308	-0.5428
522b6d2e-b8b1-46d0-b0cb-3823d574e549	11	102221305	102232367	6	0.1651
522b6d2e-b8b1-46d0-b0cb-3823d574e549	11	102233493	103675033	963	-0.5603
522b6d2e-b8b1-46d0-b0cb-3823d574e549	11	103675310	103680221	5	1.2034
522b6d2e-b8b1-46d0-b0cb-3823d574e549	11	103681144	115507031	7932	-0.5417
522b6d2e-b8b1-46d0-b0cb-3823d574e549	11	115508087	120828975	3740	-0.4911
522b6d2e-b8b1-46d0-b0cb-3823d574e549	11	120829438	128468346	5661	-0.5263
522b6d2e-b8b1-46d0-b0cb-3823d574e549	11	128468419	128468686	6	-1.754
522b6d2e-b8b1-46d0-b0cb-3823d574e549	11	128468734	135074876	5101	-0.5248
522b6d2e-b8b1-46d0-b0cb-3823d574e549	12	51460	148770	51	0.0623
522b6d2e-b8b1-46d0-b0cb-3823d574e549	12	148821	8042477	5406	0.1473
522b6d2e-b8b1-46d0-b0cb-3823d574e549	12	8044932	9282648	633	0.1051
522b6d2e-b8b1-46d0-b0cb-3823d574e549	12	9282796	9282918	3	-0.8418
522b6d2e-b8b1-46d0-b0cb-3823d574e549	12	9282978	11068125	1147	0.1002
522b6d2e-b8b1-46d0-b0cb-3823d574e549	12	11070111	11088933	9	-0.9102
522b6d2e-b8b1-46d0-b0cb-3823d574e549	12	11099275	11358643	132	0.1307
522b6d2e-b8b1-46d0-b0cb-3823d574e549	12	11358644	11390472	30	-1.135
522b6d2e-b8b1-46d0-b0cb-3823d574e549	12	11399258	12377763	822	0.1202
522b6d2e-b8b1-46d0-b0cb-3823d574e549	12	12383285	12388935	17	-0.8751
522b6d2e-b8b1-46d0-b0cb-3823d574e549	12	12389946	16653942	2978	0.1145
522b6d2e-b8b1-46d0-b0cb-3823d574e549	12	16661612	20618635	2488	0.2681
522b6d2e-b8b1-46d0-b0cb-3823d574e549	12	20620418	33148472	9079	0.1106
522b6d2e-b8b1-46d0-b0cb-3823d574e549	12	33148492	33154440	26	0.4331
522b6d2e-b8b1-46d0-b0cb-3823d574e549	12	33155426	33936685	505	0.1317
522b6d2e-b8b1-46d0-b0cb-3823d574e549	12	33937999	33938090	2	-1.3122
522b6d2e-b8b1-46d0-b0cb-3823d574e549	12	33942093	42318748	3125	0.102
522b6d2e-b8b1-46d0-b0cb-3823d574e549	12	42322143	42705822	247	0.2368
522b6d2e-b8b1-46d0-b0cb-3823d574e549	12	42705962	47380929	2826	0.0993
522b6d2e-b8b1-46d0-b0cb-3823d574e549	12	47381028	47504121	74	0.215
522b6d2e-b8b1-46d0-b0cb-3823d574e549	12	47507701	48030633	355	0.3013
522b6d2e-b8b1-46d0-b0cb-3823d574e549	12	48030714	48395194	218	0.2087
522b6d2e-b8b1-46d0-b0cb-3823d574e549	12	48402766	49390207	441	0.3681
522b6d2e-b8b1-46d0-b0cb-3823d574e549	12	49390373	52108855	1349	0.1188
522b6d2e-b8b1-46d0-b0cb-3823d574e549	12	52111526	52339434	210	0.4888
522b6d2e-b8b1-46d0-b0cb-3823d574e549	12	52339700	52558895	231	0.1629
522b6d2e-b8b1-46d0-b0cb-3823d574e549	12	52560213	52729418	164	0.5541
522b6d2e-b8b1-46d0-b0cb-3823d574e549	12	52729456	52779329	61	0.1827
522b6d2e-b8b1-46d0-b0cb-3823d574e549	12	52779924	52856648	51	0.4292
522b6d2e-b8b1-46d0-b0cb-3823d574e549	12	52856677	52953763	70	0.1934
522b6d2e-b8b1-46d0-b0cb-3823d574e549	12	52954232	55712193	1560	0.1134
522b6d2e-b8b1-46d0-b0cb-3823d574e549	12	55713907	55767035	23	0.4985
522b6d2e-b8b1-46d0-b0cb-3823d574e549	12	55773631	57015455	601	0.1044
522b6d2e-b8b1-46d0-b0cb-3823d574e549	12	57025141	57106074	41	0.4849
522b6d2e-b8b1-46d0-b0cb-3823d574e549	12	57115050	57707548	244	0.1276
522b6d2e-b8b1-46d0-b0cb-3823d574e549	12	57711099	58327273	384	0.3892
522b6d2e-b8b1-46d0-b0cb-3823d574e549	12	58327297	58336379	7	-0.4721
522b6d2e-b8b1-46d0-b0cb-3823d574e549	12	58337065	58491137	181	0.3798
522b6d2e-b8b1-46d0-b0cb-3823d574e549	12	58494801	58822475	237	0.5054
522b6d2e-b8b1-46d0-b0cb-3823d574e549	12	58828192	58828619	12	0.0139
522b6d2e-b8b1-46d0-b0cb-3823d574e549	12	58828895	59954590	744	0.484
522b6d2e-b8b1-46d0-b0cb-3823d574e549	12	59958904	61578044	962	0.1149
522b6d2e-b8b1-46d0-b0cb-3823d574e549	12	61583211	61589337	4	-0.9836
522b6d2e-b8b1-46d0-b0cb-3823d574e549	12	61589668	61885880	184	0.0884
522b6d2e-b8b1-46d0-b0cb-3823d574e549	12	61888355	62073120	128	1.6317
522b6d2e-b8b1-46d0-b0cb-3823d574e549	12	62074255	63010325	624	1.3404
522b6d2e-b8b1-46d0-b0cb-3823d574e549	12	63011998	63081078	65	0.9362
522b6d2e-b8b1-46d0-b0cb-3823d574e549	12	63084827	63087651	5	0.851
522b6d2e-b8b1-46d0-b0cb-3823d574e549	12	63090369	63690554	331	0.1284
522b6d2e-b8b1-46d0-b0cb-3823d574e549	12	63690664	63691356	3	-0.8884
522b6d2e-b8b1-46d0-b0cb-3823d574e549	12	63693918	64282057	319	0.0978
522b6d2e-b8b1-46d0-b0cb-3823d574e549	12	64283563	64537903	116	1.0047
522b6d2e-b8b1-46d0-b0cb-3823d574e549	12	64538866	64697251	118	0.8311
522b6d2e-b8b1-46d0-b0cb-3823d574e549	12	64697534	65649641	520	1.0299
522b6d2e-b8b1-46d0-b0cb-3823d574e549	12	65651878	65885319	153	0.3493
522b6d2e-b8b1-46d0-b0cb-3823d574e549	12	65885592	65910481	10	-0.0191
522b6d2e-b8b1-46d0-b0cb-3823d574e549	12	65914001	66067236	87	0.4747
522b6d2e-b8b1-46d0-b0cb-3823d574e549	12	66071577	66678943	435	-0.324
522b6d2e-b8b1-46d0-b0cb-3823d574e549	12	66683195	66988678	266	0.4584
522b6d2e-b8b1-46d0-b0cb-3823d574e549	12	66995395	67202946	170	1.5988
522b6d2e-b8b1-46d0-b0cb-3823d574e549	12	67203580	67309087	69	1.2875
522b6d2e-b8b1-46d0-b0cb-3823d574e549	12	67311407	68286069	773	1.5511
522b6d2e-b8b1-46d0-b0cb-3823d574e549	12	68286911	69630400	886	1.8776
522b6d2e-b8b1-46d0-b0cb-3823d574e549	12	69630474	69716927	99	1.6055
522b6d2e-b8b1-46d0-b0cb-3823d574e549	12	69718783	69934169	127	1.392
522b6d2e-b8b1-46d0-b0cb-3823d574e549	12	69935596	71097725	822	0.8272
522b6d2e-b8b1-46d0-b0cb-3823d574e549	12	71105261	71209126	70	1.1299
522b6d2e-b8b1-46d0-b0cb-3823d574e549	12	71211034	71254690	22	1.31
522b6d2e-b8b1-46d0-b0cb-3823d574e549	12	71254778	72992356	1066	1.594
522b6d2e-b8b1-46d0-b0cb-3823d574e549	12	72992372	73109692	85	1.3358
522b6d2e-b8b1-46d0-b0cb-3823d574e549	12	73113508	73193165	44	1.6718
522b6d2e-b8b1-46d0-b0cb-3823d574e549	12	73193703	73496324	156	1.4132
522b6d2e-b8b1-46d0-b0cb-3823d574e549	12	73498493	74031681	278	0.8813
522b6d2e-b8b1-46d0-b0cb-3823d574e549	12	74039612	74099313	26	-0.3241
522b6d2e-b8b1-46d0-b0cb-3823d574e549	12	74105392	74426367	180	0.8409
522b6d2e-b8b1-46d0-b0cb-3823d574e549	12	74427012	76302459	1263	-0.3251
522b6d2e-b8b1-46d0-b0cb-3823d574e549	12	76304763	76428072	64	0.8436
522b6d2e-b8b1-46d0-b0cb-3823d574e549	12	76428254	77553811	753	1.4451
522b6d2e-b8b1-46d0-b0cb-3823d574e549	12	77555239	77696460	149	1.7555
522b6d2e-b8b1-46d0-b0cb-3823d574e549	12	77696861	78664799	689	1.9779
522b6d2e-b8b1-46d0-b0cb-3823d574e549	12	78666040	90097892	6750	-0.3149
522b6d2e-b8b1-46d0-b0cb-3823d574e549	12	90097910	90099780	7	-1.6268
522b6d2e-b8b1-46d0-b0cb-3823d574e549	12	90099836	98987258	6199	-0.3172
522b6d2e-b8b1-46d0-b0cb-3823d574e549	12	98987902	99295810	189	-0.5195
522b6d2e-b8b1-46d0-b0cb-3823d574e549	12	99297670	101555493	1387	-0.3021
522b6d2e-b8b1-46d0-b0cb-3823d574e549	12	101557305	101557953	4	-1.8906
522b6d2e-b8b1-46d0-b0cb-3823d574e549	12	101559326	105840533	2984	-0.3128
522b6d2e-b8b1-46d0-b0cb-3823d574e549	12	105840562	113847043	4939	-0.2779
522b6d2e-b8b1-46d0-b0cb-3823d574e549	12	113847668	113849547	3	-1.4214
522b6d2e-b8b1-46d0-b0cb-3823d574e549	12	113849643	113997967	163	-0.2555
522b6d2e-b8b1-46d0-b0cb-3823d574e549	12	114001019	114001327	5	0.4796
522b6d2e-b8b1-46d0-b0cb-3823d574e549	12	114001595	127149591	8851	-0.2728
522b6d2e-b8b1-46d0-b0cb-3823d574e549	12	127149742	127150302	7	-1.2458
522b6d2e-b8b1-46d0-b0cb-3823d574e549	12	127150415	133201603	4464	-0.2821
522b6d2e-b8b1-46d0-b0cb-3823d574e549	13	18452809	18895448	118	0.2917
522b6d2e-b8b1-46d0-b0cb-3823d574e549	13	18904860	21910702	1859	0.4472
522b6d2e-b8b1-46d0-b0cb-3823d574e549	13	21912926	22102801	170	0.3074
522b6d2e-b8b1-46d0-b0cb-3823d574e549	13	22103220	22517784	342	0.4324
522b6d2e-b8b1-46d0-b0cb-3823d574e549	13	22518745	22540513	10	0.8009
522b6d2e-b8b1-46d0-b0cb-3823d574e549	13	22541182	23058721	361	0.4424
522b6d2e-b8b1-46d0-b0cb-3823d574e549	13	23058737	23059376	10	-0.2306
522b6d2e-b8b1-46d0-b0cb-3823d574e549	13	23064056	31957984	6700	0.4381
522b6d2e-b8b1-46d0-b0cb-3823d574e549	13	31958485	31964286	18	-0.4133
522b6d2e-b8b1-46d0-b0cb-3823d574e549	13	31965910	34697523	2046	0.4266
522b6d2e-b8b1-46d0-b0cb-3823d574e549	13	34697633	34826433	89	0.3301
522b6d2e-b8b1-46d0-b0cb-3823d574e549	13	34828904	37496998	1766	0.1874
522b6d2e-b8b1-46d0-b0cb-3823d574e549	13	37497899	37514193	17	-0.2965
522b6d2e-b8b1-46d0-b0cb-3823d574e549	13	37514237	38478674	700	0.1999
522b6d2e-b8b1-46d0-b0cb-3823d574e549	13	38483435	38495302	8	-0.4476
522b6d2e-b8b1-46d0-b0cb-3823d574e549	13	38495705	40344502	1435	0.3075
522b6d2e-b8b1-46d0-b0cb-3823d574e549	13	40344908	42499021	1345	0.4123
522b6d2e-b8b1-46d0-b0cb-3823d574e549	13	42502341	43073355	451	0.3039
522b6d2e-b8b1-46d0-b0cb-3823d574e549	13	43075681	43340058	226	0.1863
522b6d2e-b8b1-46d0-b0cb-3823d574e549	13	43340427	48347353	3342	0.3195
522b6d2e-b8b1-46d0-b0cb-3823d574e549	13	48347476	48524200	184	0.191
522b6d2e-b8b1-46d0-b0cb-3823d574e549	13	48525627	53305951	2673	0.3229
522b6d2e-b8b1-46d0-b0cb-3823d574e549	13	53306653	53367083	48	0.1172
522b6d2e-b8b1-46d0-b0cb-3823d574e549	13	53367616	54274771	614	0.2122
522b6d2e-b8b1-46d0-b0cb-3823d574e549	13	54280169	57176962	1504	0.0365
522b6d2e-b8b1-46d0-b0cb-3823d574e549	13	57184136	57204246	34	-0.8169
522b6d2e-b8b1-46d0-b0cb-3823d574e549	13	57215580	57403314	128	-0.0169
522b6d2e-b8b1-46d0-b0cb-3823d574e549	13	57403840	57404180	2	-1.1972
522b6d2e-b8b1-46d0-b0cb-3823d574e549	13	57404500	59463719	1256	0.0477
522b6d2e-b8b1-46d0-b0cb-3823d574e549	13	59465234	60134887	368	0.1668
522b6d2e-b8b1-46d0-b0cb-3823d574e549	13	60135334	60942129	552	0.1905
522b6d2e-b8b1-46d0-b0cb-3823d574e549	13	60942410	61021294	43	0.3082
522b6d2e-b8b1-46d0-b0cb-3823d574e549	13	61021464	62232848	675	0.4166
522b6d2e-b8b1-46d0-b0cb-3823d574e549	13	62235141	63544137	713	0.3184
522b6d2e-b8b1-46d0-b0cb-3823d574e549	13	63545014	64409207	506	0.1321
522b6d2e-b8b1-46d0-b0cb-3823d574e549	13	64415638	65351261	556	0.3148
522b6d2e-b8b1-46d0-b0cb-3823d574e549	13	65354422	66412706	668	0.0374
522b6d2e-b8b1-46d0-b0cb-3823d574e549	13	66412716	66744093	258	0.1524
522b6d2e-b8b1-46d0-b0cb-3823d574e549	13	66745712	66856911	86	0.3324
522b6d2e-b8b1-46d0-b0cb-3823d574e549	13	66859028	67015885	138	0.1656
522b6d2e-b8b1-46d0-b0cb-3823d574e549	13	67025613	67649582	381	0.0017
522b6d2e-b8b1-46d0-b0cb-3823d574e549	13	67652050	68041410	198	0.1792
522b6d2e-b8b1-46d0-b0cb-3823d574e549	13	68041714	68068234	13	-0.0695
522b6d2e-b8b1-46d0-b0cb-3823d574e549	13	68070128	75129324	4807	0.3149
522b6d2e-b8b1-46d0-b0cb-3823d574e549	13	75130696	76142666	792	0.1654
522b6d2e-b8b1-46d0-b0cb-3823d574e549	13	76144208	77331082	793	0.0164
522b6d2e-b8b1-46d0-b0cb-3823d574e549	13	77331604	77416540	56	0.181
522b6d2e-b8b1-46d0-b0cb-3823d574e549	13	77416847	78137861	455	-0.0339
522b6d2e-b8b1-46d0-b0cb-3823d574e549	13	78140723	78140799	2	-1.575
522b6d2e-b8b1-46d0-b0cb-3823d574e549	13	78141265	79865300	1139	0.0119
522b6d2e-b8b1-46d0-b0cb-3823d574e549	13	79869682	82590399	1695	0.1738
522b6d2e-b8b1-46d0-b0cb-3823d574e549	13	82594832	82596543	2	-1.4015
522b6d2e-b8b1-46d0-b0cb-3823d574e549	13	82598520	85374486	1829	0.1845
522b6d2e-b8b1-46d0-b0cb-3823d574e549	13	85379414	87545917	1191	0.3281
522b6d2e-b8b1-46d0-b0cb-3823d574e549	13	87546137	88028469	268	0.1787
522b6d2e-b8b1-46d0-b0cb-3823d574e549	13	88037767	94830510	4470	0.037
522b6d2e-b8b1-46d0-b0cb-3823d574e549	13	94830778	96402647	987	0.1843
522b6d2e-b8b1-46d0-b0cb-3823d574e549	13	96408503	101460451	3409	0.3184
522b6d2e-b8b1-46d0-b0cb-3823d574e549	13	101461012	106473211	4208	0.1835
522b6d2e-b8b1-46d0-b0cb-3823d574e549	13	106473457	106928876	320	0.3687
522b6d2e-b8b1-46d0-b0cb-3823d574e549	13	106935698	107268712	258	0.2389
522b6d2e-b8b1-46d0-b0cb-3823d574e549	13	107270515	107324734	47	0.161
522b6d2e-b8b1-46d0-b0cb-3823d574e549	13	107325503	108354778	853	0.0376
522b6d2e-b8b1-46d0-b0cb-3823d574e549	13	108355044	108839614	408	0.2091
522b6d2e-b8b1-46d0-b0cb-3823d574e549	13	108840068	108957603	114	0.3553
522b6d2e-b8b1-46d0-b0cb-3823d574e549	13	108958457	108958514	2	1.4262
522b6d2e-b8b1-46d0-b0cb-3823d574e549	13	108962029	109286597	248	0.227
522b6d2e-b8b1-46d0-b0cb-3823d574e549	13	109287172	111513761	1781	0.3408
522b6d2e-b8b1-46d0-b0cb-3823d574e549	13	111515073	114342922	1426	0.2341
522b6d2e-b8b1-46d0-b0cb-3823d574e549	14	18239283	18640726	15	-0.0008
522b6d2e-b8b1-46d0-b0cb-3823d574e549	14	18646056	18693043	10	0.9289
522b6d2e-b8b1-46d0-b0cb-3823d574e549	14	18950560	19824032	72	0.2652
522b6d2e-b8b1-46d0-b0cb-3823d574e549	14	19824246	19954424	69	0.5191
522b6d2e-b8b1-46d0-b0cb-3823d574e549	14	19955213	21945987	1381	0.3
522b6d2e-b8b1-46d0-b0cb-3823d574e549	14	21950479	22484618	437	0.5629
522b6d2e-b8b1-46d0-b0cb-3823d574e549	14	22486728	22490565	6	1.2096
522b6d2e-b8b1-46d0-b0cb-3823d574e549	14	22490580	22501463	25	0.4785
522b6d2e-b8b1-46d0-b0cb-3823d574e549	14	22501487	22748133	194	0.3482
522b6d2e-b8b1-46d0-b0cb-3823d574e549	14	22748162	23275723	246	1.1046
522b6d2e-b8b1-46d0-b0cb-3823d574e549	14	23287717	23418831	64	0.2717
522b6d2e-b8b1-46d0-b0cb-3823d574e549	14	23428215	23429262	4	1.2262
522b6d2e-b8b1-46d0-b0cb-3823d574e549	14	23432821	28732569	3408	0.2986
522b6d2e-b8b1-46d0-b0cb-3823d574e549	14	28732672	28746187	11	0.956
522b6d2e-b8b1-46d0-b0cb-3823d574e549	14	28746448	28824080	40	1.4061
522b6d2e-b8b1-46d0-b0cb-3823d574e549	14	28828613	28862456	11	0.2163
522b6d2e-b8b1-46d0-b0cb-3823d574e549	14	28865245	29199813	182	0.6173
522b6d2e-b8b1-46d0-b0cb-3823d574e549	14	29203578	29216742	6	0.3495
522b6d2e-b8b1-46d0-b0cb-3823d574e549	14	29218640	29602115	212	0.8811
522b6d2e-b8b1-46d0-b0cb-3823d574e549	14	29602732	30006310	226	0.7802
522b6d2e-b8b1-46d0-b0cb-3823d574e549	14	30008716	30156186	89	0.5711
522b6d2e-b8b1-46d0-b0cb-3823d574e549	14	30157097	30530467	230	1.0192
522b6d2e-b8b1-46d0-b0cb-3823d574e549	14	30530591	31131235	323	0.5693
522b6d2e-b8b1-46d0-b0cb-3823d574e549	14	31140919	31744989	268	1.0175
522b6d2e-b8b1-46d0-b0cb-3823d574e549	14	31748530	31829879	48	0.4708
522b6d2e-b8b1-46d0-b0cb-3823d574e549	14	31833698	32012188	143	0.6491
522b6d2e-b8b1-46d0-b0cb-3823d574e549	14	32013459	32018705	7	1.2206
522b6d2e-b8b1-46d0-b0cb-3823d574e549	14	32019127	32995364	697	0.6131
522b6d2e-b8b1-46d0-b0cb-3823d574e549	14	32996582	33596315	622	0.305
522b6d2e-b8b1-46d0-b0cb-3823d574e549	14	33606003	33709198	102	1.2039
522b6d2e-b8b1-46d0-b0cb-3823d574e549	14	33710161	33888115	142	0.2968
522b6d2e-b8b1-46d0-b0cb-3823d574e549	14	33897464	34025050	100	0.815
522b6d2e-b8b1-46d0-b0cb-3823d574e549	14	34028028	34370546	258	0.2924
522b6d2e-b8b1-46d0-b0cb-3823d574e549	14	34371566	38112863	2206	0.8937
522b6d2e-b8b1-46d0-b0cb-3823d574e549	14	38112936	39598044	894	0.2842
522b6d2e-b8b1-46d0-b0cb-3823d574e549	14	39603459	40139724	300	-0.1272
522b6d2e-b8b1-46d0-b0cb-3823d574e549	14	40144718	40147715	2	1.4044
522b6d2e-b8b1-46d0-b0cb-3823d574e549	14	40148961	41139155	721	-0.1277
522b6d2e-b8b1-46d0-b0cb-3823d574e549	14	41141293	41188146	15	-2.927
522b6d2e-b8b1-46d0-b0cb-3823d574e549	14	41200899	44198131	1837	-0.1196
522b6d2e-b8b1-46d0-b0cb-3823d574e549	14	44198293	44198554	2	-1.7873
522b6d2e-b8b1-46d0-b0cb-3823d574e549	14	44198561	49381791	2993	-0.1354
522b6d2e-b8b1-46d0-b0cb-3823d574e549	14	49383921	49581729	123	0.6511
522b6d2e-b8b1-46d0-b0cb-3823d574e549	14	49589523	55614411	3935	-0.1388
522b6d2e-b8b1-46d0-b0cb-3823d574e549	14	55617359	58753283	2215	0.0392
522b6d2e-b8b1-46d0-b0cb-3823d574e549	14	58754284	58885207	107	0.761
522b6d2e-b8b1-46d0-b0cb-3823d574e549	14	58887073	58890327	5	1.4317
522b6d2e-b8b1-46d0-b0cb-3823d574e549	14	58894034	59204155	248	0.7755
522b6d2e-b8b1-46d0-b0cb-3823d574e549	14	59207157	106877229	30179	0.0508
522b6d2e-b8b1-46d0-b0cb-3823d574e549	15	19811075	19989485	43	-0.4008
522b6d2e-b8b1-46d0-b0cb-3823d574e549	15	19998708	20060725	9	0.3011
522b6d2e-b8b1-46d0-b0cb-3823d574e549	15	20062609	20376200	39	-0.2715
522b6d2e-b8b1-46d0-b0cb-3823d574e549	15	20376201	20384774	15	-0.9554
522b6d2e-b8b1-46d0-b0cb-3823d574e549	15	20384789	20670989	45	-0.373
522b6d2e-b8b1-46d0-b0cb-3823d574e549	15	20981071	21266481	19	-0.7217
522b6d2e-b8b1-46d0-b0cb-3823d574e549	15	21266991	22748221	79	-0.1339
522b6d2e-b8b1-46d0-b0cb-3823d574e549	15	22749411	22778845	9	-1.3729
522b6d2e-b8b1-46d0-b0cb-3823d574e549	15	22790728	24424598	941	-0.2741
522b6d2e-b8b1-46d0-b0cb-3823d574e549	15	24429604	24473026	33	-2.1623
522b6d2e-b8b1-46d0-b0cb-3823d574e549	15	24473449	30252720	3607	-0.2696
522b6d2e-b8b1-46d0-b0cb-3823d574e549	15	30253290	30269364	4	-1.4931
522b6d2e-b8b1-46d0-b0cb-3823d574e549	15	30281107	40758389	6968	-0.285
522b6d2e-b8b1-46d0-b0cb-3823d574e549	15	40759416	65934798	15764	-0.0865
522b6d2e-b8b1-46d0-b0cb-3823d574e549	15	65937075	79902138	8415	-0.0628
522b6d2e-b8b1-46d0-b0cb-3823d574e549	15	79906020	83293353	2042	-0.0936
522b6d2e-b8b1-46d0-b0cb-3823d574e549	15	83293555	86520858	1883	-0.2699
522b6d2e-b8b1-46d0-b0cb-3823d574e549	15	86520959	100584624	10678	-0.0724
522b6d2e-b8b1-46d0-b0cb-3823d574e549	15	100585198	101434448	669	-0.2489
522b6d2e-b8b1-46d0-b0cb-3823d574e549	15	101438243	101928837	307	-0.0819
522b6d2e-b8b1-46d0-b0cb-3823d574e549	16	10777	5557889	2624	0.8378
522b6d2e-b8b1-46d0-b0cb-3823d574e549	16	5558088	5558150	2	-1.2648
522b6d2e-b8b1-46d0-b0cb-3823d574e549	16	5558336	5743397	230	0.8252
522b6d2e-b8b1-46d0-b0cb-3823d574e549	16	5743683	14013509	7882	0.6991
522b6d2e-b8b1-46d0-b0cb-3823d574e549	16	14013601	14538887	305	0.8896
522b6d2e-b8b1-46d0-b0cb-3823d574e549	16	14540359	15876151	465	0.7452
522b6d2e-b8b1-46d0-b0cb-3823d574e549	16	15878284	16550385	266	0.8741
522b6d2e-b8b1-46d0-b0cb-3823d574e549	16	16558842	16563603	3	-0.4912
522b6d2e-b8b1-46d0-b0cb-3823d574e549	16	16569719	18104860	991	0.861
522b6d2e-b8b1-46d0-b0cb-3823d574e549	16	18134261	18144432	2	3.1264
522b6d2e-b8b1-46d0-b0cb-3823d574e549	16	18148869	18705983	26	0.8723
522b6d2e-b8b1-46d0-b0cb-3823d574e549	16	18713525	18714714	2	-0.464
522b6d2e-b8b1-46d0-b0cb-3823d574e549	16	18730788	23728681	2710	0.8521
522b6d2e-b8b1-46d0-b0cb-3823d574e549	16	23729279	24544307	597	0.7033
522b6d2e-b8b1-46d0-b0cb-3823d574e549	16	24545630	25589376	650	0.8312
522b6d2e-b8b1-46d0-b0cb-3823d574e549	16	25589861	25601795	10	0.4395
522b6d2e-b8b1-46d0-b0cb-3823d574e549	16	25607247	25696741	70	0.6631
522b6d2e-b8b1-46d0-b0cb-3823d574e549	16	25698393	26750645	872	0.4855
522b6d2e-b8b1-46d0-b0cb-3823d574e549	16	26751369	28827845	1214	0.6761
522b6d2e-b8b1-46d0-b0cb-3823d574e549	16	28829120	29268429	142	0.493
522b6d2e-b8b1-46d0-b0cb-3823d574e549	16	29269203	29272383	5	-0.6862
522b6d2e-b8b1-46d0-b0cb-3823d574e549	16	29276882	33928108	975	0.4988
522b6d2e-b8b1-46d0-b0cb-3823d574e549	16	33964702	35087005	36	0.2283
522b6d2e-b8b1-46d0-b0cb-3823d574e549	16	35087092	35253853	114	-0.1039
522b6d2e-b8b1-46d0-b0cb-3823d574e549	16	35254418	46473753	291	0.0461
522b6d2e-b8b1-46d0-b0cb-3823d574e549	16	46474548	55761136	6459	-0.056
522b6d2e-b8b1-46d0-b0cb-3823d574e549	16	55762477	55764867	7	-0.5371
522b6d2e-b8b1-46d0-b0cb-3823d574e549	16	55770436	55782734	11	-1.2478
522b6d2e-b8b1-46d0-b0cb-3823d574e549	16	55782793	55836505	19	0.3667
522b6d2e-b8b1-46d0-b0cb-3823d574e549	16	55839497	61258858	3400	-0.0604
522b6d2e-b8b1-46d0-b0cb-3823d574e549	16	61260802	61581744	181	0.0638
522b6d2e-b8b1-46d0-b0cb-3823d574e549	16	61582739	61660068	47	-0.166
522b6d2e-b8b1-46d0-b0cb-3823d574e549	16	61660274	61661948	3	-1.5325
522b6d2e-b8b1-46d0-b0cb-3823d574e549	16	61668433	61872061	132	-0.0855
522b6d2e-b8b1-46d0-b0cb-3823d574e549	16	61872340	62045298	115	0.1084
522b6d2e-b8b1-46d0-b0cb-3823d574e549	16	62051748	62811096	493	0.2768
522b6d2e-b8b1-46d0-b0cb-3823d574e549	16	62813473	63879785	734	0.0945
522b6d2e-b8b1-46d0-b0cb-3823d574e549	16	63881072	68156637	2683	-0.059
522b6d2e-b8b1-46d0-b0cb-3823d574e549	16	68161338	68962889	432	0.2583
522b6d2e-b8b1-46d0-b0cb-3823d574e549	16	68966685	68972407	6	0.6914
522b6d2e-b8b1-46d0-b0cb-3823d574e549	16	68972447	68997141	11	0.303
522b6d2e-b8b1-46d0-b0cb-3823d574e549	16	69000895	74363160	2816	-0.0618
522b6d2e-b8b1-46d0-b0cb-3823d574e549	16	74364089	74373481	6	0.6184
522b6d2e-b8b1-46d0-b0cb-3823d574e549	16	74418138	78338714	3209	-0.0681
522b6d2e-b8b1-46d0-b0cb-3823d574e549	16	78338949	78350868	15	0.5713
522b6d2e-b8b1-46d0-b0cb-3823d574e549	16	78351104	78727829	490	-0.0622
522b6d2e-b8b1-46d0-b0cb-3823d574e549	16	78728440	78879490	220	-0.2842
522b6d2e-b8b1-46d0-b0cb-3823d574e549	16	78879543	79939812	1274	-0.0798
522b6d2e-b8b1-46d0-b0cb-3823d574e549	16	79939998	82179912	2191	0.1164
522b6d2e-b8b1-46d0-b0cb-3823d574e549	16	82180194	83020024	950	-0.2761
522b6d2e-b8b1-46d0-b0cb-3823d574e549	16	83021827	83022539	2	-2.5219
522b6d2e-b8b1-46d0-b0cb-3823d574e549	16	83023736	84630846	1760	-0.2419
522b6d2e-b8b1-46d0-b0cb-3823d574e549	16	84631008	90096867	3732	-0.4678
522b6d2e-b8b1-46d0-b0cb-3823d574e549	17	150733	26943491	12876	-0.769
522b6d2e-b8b1-46d0-b0cb-3823d574e549	17	26943774	30049540	1448	0.0739
522b6d2e-b8b1-46d0-b0cb-3823d574e549	17	30049845	41265456	6474	0.2329
522b6d2e-b8b1-46d0-b0cb-3823d574e549	17	41266762	41274279	24	-0.2323
522b6d2e-b8b1-46d0-b0cb-3823d574e549	17	41276472	46137998	2538	0.2393
522b6d2e-b8b1-46d0-b0cb-3823d574e549	17	46138108	46286804	86	-0.0751
522b6d2e-b8b1-46d0-b0cb-3823d574e549	17	46323701	48312591	846	0.2355
522b6d2e-b8b1-46d0-b0cb-3823d574e549	17	48312604	49539212	656	0.3602
522b6d2e-b8b1-46d0-b0cb-3823d574e549	17	49541907	52418323	1745	0.2371
522b6d2e-b8b1-46d0-b0cb-3823d574e549	17	52421764	65103209	7381	0.3527
522b6d2e-b8b1-46d0-b0cb-3823d574e549	17	65103285	69773831	3002	0.3972
522b6d2e-b8b1-46d0-b0cb-3823d574e549	17	69778972	70451045	534	0.2178
522b6d2e-b8b1-46d0-b0cb-3823d574e549	17	70452588	71314082	699	0.3786
522b6d2e-b8b1-46d0-b0cb-3823d574e549	17	71314318	71446680	123	0.5044
522b6d2e-b8b1-46d0-b0cb-3823d574e549	17	71447196	76090843	2985	0.4163
522b6d2e-b8b1-46d0-b0cb-3823d574e549	17	76091886	76589865	277	0.3097
522b6d2e-b8b1-46d0-b0cb-3823d574e549	17	76592348	80820583	2491	0.4156
522b6d2e-b8b1-46d0-b0cb-3823d574e549	17	80820703	83091923	844	0.5163
522b6d2e-b8b1-46d0-b0cb-3823d574e549	18	48133	26785899	13874	-0.5178
522b6d2e-b8b1-46d0-b0cb-3823d574e549	18	26785951	26785977	2	-2.6634
522b6d2e-b8b1-46d0-b0cb-3823d574e549	18	26786181	28613572	1194	-0.5154
522b6d2e-b8b1-46d0-b0cb-3823d574e549	18	28615803	28616166	3	-4.4306
522b6d2e-b8b1-46d0-b0cb-3823d574e549	18	28616668	46053722	11297	-0.5185
522b6d2e-b8b1-46d0-b0cb-3823d574e549	18	46056181	48896975	1994	-0.4702
522b6d2e-b8b1-46d0-b0cb-3823d574e549	18	48900247	53675521	3354	-0.5155
522b6d2e-b8b1-46d0-b0cb-3823d574e549	18	53677765	53681706	4	-2.1129
522b6d2e-b8b1-46d0-b0cb-3823d574e549	18	53683207	53684270	2	-7.5123
522b6d2e-b8b1-46d0-b0cb-3823d574e549	18	53685778	71507145	12540	-0.5272
522b6d2e-b8b1-46d0-b0cb-3823d574e549	18	71507366	71829975	245	-0.8874
522b6d2e-b8b1-46d0-b0cb-3823d574e549	18	71830005	78291087	5123	-0.5446
522b6d2e-b8b1-46d0-b0cb-3823d574e549	18	78294123	79625977	774	-0.4556
522b6d2e-b8b1-46d0-b0cb-3823d574e549	18	79626055	80257174	330	-0.5177
522b6d2e-b8b1-46d0-b0cb-3823d574e549	19	90910	24413948	11163	-0.2303
522b6d2e-b8b1-46d0-b0cb-3823d574e549	19	27257085	28485887	684	0.1127
522b6d2e-b8b1-46d0-b0cb-3823d574e549	19	28489374	35358420	4869	-0.2461
522b6d2e-b8b1-46d0-b0cb-3823d574e549	19	35364451	35375842	22	-0.9438
522b6d2e-b8b1-46d0-b0cb-3823d574e549	19	35375884	36267995	431	-0.2321
522b6d2e-b8b1-46d0-b0cb-3823d574e549	19	36314803	36339409	8	-0.611
522b6d2e-b8b1-46d0-b0cb-3823d574e549	19	36354973	36356735	12	0.2153
522b6d2e-b8b1-46d0-b0cb-3823d574e549	19	36356789	40657145	2214	-0.2417
522b6d2e-b8b1-46d0-b0cb-3823d574e549	19	40659347	40659708	2	-1.5214
522b6d2e-b8b1-46d0-b0cb-3823d574e549	19	40667467	43193181	1199	-0.2496
522b6d2e-b8b1-46d0-b0cb-3823d574e549	19	43198881	43262507	23	-0.7056
522b6d2e-b8b1-46d0-b0cb-3823d574e549	19	43262860	58586487	8494	-0.2361
522b6d2e-b8b1-46d0-b0cb-3823d574e549	20	80664	1580353	1203	0.2193
522b6d2e-b8b1-46d0-b0cb-3823d574e549	20	1580934	1601561	36	1.7856
522b6d2e-b8b1-46d0-b0cb-3823d574e549	20	1609611	6406433	3493	0.1962
522b6d2e-b8b1-46d0-b0cb-3823d574e549	20	6408458	6750597	315	0.0955
522b6d2e-b8b1-46d0-b0cb-3823d574e549	20	6753051	8823593	1621	-0.223
522b6d2e-b8b1-46d0-b0cb-3823d574e549	20	8824207	11119285	1881	0.1274
522b6d2e-b8b1-46d0-b0cb-3823d574e549	20	11120029	13267647	1717	-0.3262
522b6d2e-b8b1-46d0-b0cb-3823d574e549	20	13268707	14775377	867	0.102
522b6d2e-b8b1-46d0-b0cb-3823d574e549	20	14775520	15101900	327	-0.2032
522b6d2e-b8b1-46d0-b0cb-3823d574e549	20	15102298	15265858	136	-0.5
522b6d2e-b8b1-46d0-b0cb-3823d574e549	20	15266338	15272197	6	-0.3362
522b6d2e-b8b1-46d0-b0cb-3823d574e549	20	15275497	15424005	136	0.0375
522b6d2e-b8b1-46d0-b0cb-3823d574e549	20	15424676	15741555	321	-0.2561
522b6d2e-b8b1-46d0-b0cb-3823d574e549	20	15742063	16083704	337	0.1229
522b6d2e-b8b1-46d0-b0cb-3823d574e549	20	16084439	18224146	1855	0.2576
522b6d2e-b8b1-46d0-b0cb-3823d574e549	20	18224329	18224387	2	-0.7735
522b6d2e-b8b1-46d0-b0cb-3823d574e549	20	18231535	18705367	349	0.2031
522b6d2e-b8b1-46d0-b0cb-3823d574e549	20	18708076	18709046	2	-0.923
522b6d2e-b8b1-46d0-b0cb-3823d574e549	20	18709460	26324943	5418	0.2365
522b6d2e-b8b1-46d0-b0cb-3823d574e549	20	30185676	36896408	2725	0.6183
522b6d2e-b8b1-46d0-b0cb-3823d574e549	20	36896959	37170697	227	0.49
522b6d2e-b8b1-46d0-b0cb-3823d574e549	20	37171650	42272906	3503	0.6253
522b6d2e-b8b1-46d0-b0cb-3823d574e549	20	42273083	42634781	354	1.3642
522b6d2e-b8b1-46d0-b0cb-3823d574e549	20	42636668	42636859	4	0.3786
522b6d2e-b8b1-46d0-b0cb-3823d574e549	20	42639451	43136731	459	1.3536
522b6d2e-b8b1-46d0-b0cb-3823d574e549	20	43136850	43549218	284	1.1232
522b6d2e-b8b1-46d0-b0cb-3823d574e549	20	43549795	49223966	3913	0.5836
522b6d2e-b8b1-46d0-b0cb-3823d574e549	20	49226609	49698840	291	0.7823
522b6d2e-b8b1-46d0-b0cb-3823d574e549	20	49700341	50530318	518	0.8817
522b6d2e-b8b1-46d0-b0cb-3823d574e549	20	50530767	51009480	339	0.739
522b6d2e-b8b1-46d0-b0cb-3823d574e549	20	51011742	51334994	260	0.593
522b6d2e-b8b1-46d0-b0cb-3823d574e549	20	51344680	52775467	1032	1.2081
522b6d2e-b8b1-46d0-b0cb-3823d574e549	20	52775728	53321299	451	1.076
522b6d2e-b8b1-46d0-b0cb-3823d574e549	20	53322737	54832651	1233	1.465
522b6d2e-b8b1-46d0-b0cb-3823d574e549	20	54839237	55623046	613	1.0845
522b6d2e-b8b1-46d0-b0cb-3823d574e549	20	55629681	56114196	399	0.3362
522b6d2e-b8b1-46d0-b0cb-3823d574e549	20	56114806	56993676	744	0.9948
522b6d2e-b8b1-46d0-b0cb-3823d574e549	20	56994446	58678076	1359	0.3446
522b6d2e-b8b1-46d0-b0cb-3823d574e549	20	58680514	58709977	14	0.7912
522b6d2e-b8b1-46d0-b0cb-3823d574e549	20	58719097	60273745	1216	0.3249
522b6d2e-b8b1-46d0-b0cb-3823d574e549	20	60277908	60283384	13	0.8204
522b6d2e-b8b1-46d0-b0cb-3823d574e549	20	60289982	60627458	279	1.369
522b6d2e-b8b1-46d0-b0cb-3823d574e549	20	60627719	61593736	910	1.2396
522b6d2e-b8b1-46d0-b0cb-3823d574e549	20	61593738	62052191	291	1.3214
522b6d2e-b8b1-46d0-b0cb-3823d574e549	20	62055947	63004093	434	1.5803
522b6d2e-b8b1-46d0-b0cb-3823d574e549	20	63027448	64324800	504	-0.2994
522b6d2e-b8b1-46d0-b0cb-3823d574e549	21	10354168	10638732	79	0.021
522b6d2e-b8b1-46d0-b0cb-3823d574e549	21	10641372	14091763	280	-0.2948
522b6d2e-b8b1-46d0-b0cb-3823d574e549	21	14097609	14315172	144	-0.865
522b6d2e-b8b1-46d0-b0cb-3823d574e549	21	14315466	14315948	2	-2.4936
522b6d2e-b8b1-46d0-b0cb-3823d574e549	21	14317309	14989990	469	-0.8556
522b6d2e-b8b1-46d0-b0cb-3823d574e549	21	14991038	17458152	1673	-0.2973
522b6d2e-b8b1-46d0-b0cb-3823d574e549	21	17458304	17560918	85	-0.0723
522b6d2e-b8b1-46d0-b0cb-3823d574e549	21	17563314	18680981	811	0.0803
522b6d2e-b8b1-46d0-b0cb-3823d574e549	21	18681525	18770892	81	-0.0674
522b6d2e-b8b1-46d0-b0cb-3823d574e549	21	18772831	19100098	281	0.0958
522b6d2e-b8b1-46d0-b0cb-3823d574e549	21	19102842	19343929	193	-0.0802
522b6d2e-b8b1-46d0-b0cb-3823d574e549	21	19344050	20463228	816	0.0825
522b6d2e-b8b1-46d0-b0cb-3823d574e549	21	20463310	21657591	890	0.3808
522b6d2e-b8b1-46d0-b0cb-3823d574e549	21	21662334	22200476	455	0.0864
522b6d2e-b8b1-46d0-b0cb-3823d574e549	21	22203758	22789508	412	0.3616
522b6d2e-b8b1-46d0-b0cb-3823d574e549	21	22793152	29170139	4903	0.0658
522b6d2e-b8b1-46d0-b0cb-3823d574e549	21	29170512	29348513	119	0.321
522b6d2e-b8b1-46d0-b0cb-3823d574e549	21	29348650	31851126	1734	0.086
522b6d2e-b8b1-46d0-b0cb-3823d574e549	21	31858860	33483522	1145	0.3634
522b6d2e-b8b1-46d0-b0cb-3823d574e549	21	33483743	33910665	236	0.4761
522b6d2e-b8b1-46d0-b0cb-3823d574e549	21	33913197	33962798	30	0.646
522b6d2e-b8b1-46d0-b0cb-3823d574e549	21	33962964	33989856	32	0.9079
522b6d2e-b8b1-46d0-b0cb-3823d574e549	21	33991852	34105917	96	0.706
522b6d2e-b8b1-46d0-b0cb-3823d574e549	21	34107235	34110480	18	0.3779
522b6d2e-b8b1-46d0-b0cb-3823d574e549	21	34110695	34719660	365	0.7139
522b6d2e-b8b1-46d0-b0cb-3823d574e549	21	34720625	35737023	830	0.5583
522b6d2e-b8b1-46d0-b0cb-3823d574e549	21	35737501	35737911	3	-0.8204
522b6d2e-b8b1-46d0-b0cb-3823d574e549	21	35738435	36137654	282	0.4815
522b6d2e-b8b1-46d0-b0cb-3823d574e549	21	36137754	36161738	13	0.3274
522b6d2e-b8b1-46d0-b0cb-3823d574e549	21	36163974	37139543	626	0.117
522b6d2e-b8b1-46d0-b0cb-3823d574e549	21	37144964	38536271	1197	0.3703
522b6d2e-b8b1-46d0-b0cb-3823d574e549	21	38536489	38856513	298	0.1208
522b6d2e-b8b1-46d0-b0cb-3823d574e549	21	38856526	39684411	633	0.3828
522b6d2e-b8b1-46d0-b0cb-3823d574e549	21	39684817	40894915	1133	0.1327
522b6d2e-b8b1-46d0-b0cb-3823d574e549	21	40898003	44026708	2090	0.3913
522b6d2e-b8b1-46d0-b0cb-3823d574e549	21	44028257	44508172	130	0.7811
522b6d2e-b8b1-46d0-b0cb-3823d574e549	21	44514639	45245293	473	0.6025
522b6d2e-b8b1-46d0-b0cb-3823d574e549	21	45246481	45690603	227	0.8742
522b6d2e-b8b1-46d0-b0cb-3823d574e549	21	45690924	45813913	80	0.6507
522b6d2e-b8b1-46d0-b0cb-3823d574e549	21	45813926	46068159	143	0.8895
522b6d2e-b8b1-46d0-b0cb-3823d574e549	21	46069632	46677045	365	1.3994
522b6d2e-b8b1-46d0-b0cb-3823d574e549	22	15294547	15825902	34	-0.3034
522b6d2e-b8b1-46d0-b0cb-3823d574e549	22	15825930	20772585	2315	-0.7553
522b6d2e-b8b1-46d0-b0cb-3823d574e549	22	20772633	20776261	15	-0.0638
522b6d2e-b8b1-46d0-b0cb-3823d574e549	22	20781058	20923183	148	-0.7165
522b6d2e-b8b1-46d0-b0cb-3823d574e549	22	20928415	20936191	15	-0.0439
522b6d2e-b8b1-46d0-b0cb-3823d574e549	22	20936276	23981995	1863	-0.7256
522b6d2e-b8b1-46d0-b0cb-3823d574e549	22	23987520	23989773	3	-2.8665
522b6d2e-b8b1-46d0-b0cb-3823d574e549	22	23990431	24339545	195	-0.711
522b6d2e-b8b1-46d0-b0cb-3823d574e549	22	24349530	24489781	71	-0.2763
522b6d2e-b8b1-46d0-b0cb-3823d574e549	22	24496892	25115163	413	-0.774
522b6d2e-b8b1-46d0-b0cb-3823d574e549	22	25116113	25458912	312	-0.6199
522b6d2e-b8b1-46d0-b0cb-3823d574e549	22	25459526	29187263	3170	-0.7806
522b6d2e-b8b1-46d0-b0cb-3823d574e549	22	29189568	29472866	157	-0.4807
522b6d2e-b8b1-46d0-b0cb-3823d574e549	22	29473201	29485839	8	0.3158
522b6d2e-b8b1-46d0-b0cb-3823d574e549	22	29485895	34179331	3307	-0.4803
522b6d2e-b8b1-46d0-b0cb-3823d574e549	22	34180108	38967967	3201	-0.7629
522b6d2e-b8b1-46d0-b0cb-3823d574e549	22	38967995	38998468	24	-0.3396
522b6d2e-b8b1-46d0-b0cb-3823d574e549	22	38999277	38999502	6	0.2653
522b6d2e-b8b1-46d0-b0cb-3823d574e549	22	39003307	39100407	26	-0.469
522b6d2e-b8b1-46d0-b0cb-3823d574e549	22	39103599	41208168	1190	-0.7644
522b6d2e-b8b1-46d0-b0cb-3823d574e549	22	41210026	49065939	5719	-0.4545
522b6d2e-b8b1-46d0-b0cb-3823d574e549	22	49065952	49077578	22	-0.8285
522b6d2e-b8b1-46d0-b0cb-3823d574e549	22	49077634	49227255	155	-0.5034
522b6d2e-b8b1-46d0-b0cb-3823d574e549	22	49229360	49229548	2	-2.2459
522b6d2e-b8b1-46d0-b0cb-3823d574e549	22	49231343	50796027	880	-0.4991
522b6d2e-b8b1-46d0-b0cb-3823d574e549	X	251810	4068615	865	0.0206
522b6d2e-b8b1-46d0-b0cb-3823d574e549	X	4069615	5240323	1010	-0.0255
522b6d2e-b8b1-46d0-b0cb-3823d574e549	X	5242906	5244183	2	-1.4241
522b6d2e-b8b1-46d0-b0cb-3823d574e549	X	5247771	6673288	1186	-0.0114
522b6d2e-b8b1-46d0-b0cb-3823d574e549	X	6675631	7764286	788	-0.0802
522b6d2e-b8b1-46d0-b0cb-3823d574e549	X	7764900	17167471	6635	-0.0028
522b6d2e-b8b1-46d0-b0cb-3823d574e549	X	17168537	17168720	6	-1.2506
522b6d2e-b8b1-46d0-b0cb-3823d574e549	X	17168790	51625370	20090	-0.0032
522b6d2e-b8b1-46d0-b0cb-3823d574e549	X	51629355	56599096	1983	0.0318
522b6d2e-b8b1-46d0-b0cb-3823d574e549	X	56599138	56603623	2	1.3092
522b6d2e-b8b1-46d0-b0cb-3823d574e549	X	56604554	78199745	7435	0.0375
522b6d2e-b8b1-46d0-b0cb-3823d574e549	X	78201654	149932109	40534	0.0184
522b6d2e-b8b1-46d0-b0cb-3823d574e549	X	149934982	155551021	3039	0.0529
522b6d2e-b8b1-46d0-b0cb-3823d574e549	X	155553352	155574222	10	-1.7469
522b6d2e-b8b1-46d0-b0cb-3823d574e549	X	155575153	155952689	89	0.0598
522b6d2e-b8b1-46d0-b0cb-3823d574e549	Y	2782397	4045631	326	-0.8553
522b6d2e-b8b1-46d0-b0cb-3823d574e549	Y	4063598	6779969	535	-1.0084
522b6d2e-b8b1-46d0-b0cb-3823d574e549	Y	6780142	56872112	5779	-0.8424
