GDC_Aliquot	Chromosome	Start	End	Num_Probes	Segment_Mean
6074ec88-9b5e-43bb-8383-1511c31f6369	1	3301765	14947456	6510	0.0009
6074ec88-9b5e-43bb-8383-1511c31f6369	1	14949734	14952800	7	-0.9473
6074ec88-9b5e-43bb-8383-1511c31f6369	1	14953161	108100804	54099	0.0014
6074ec88-9b5e-43bb-8383-1511c31f6369	1	108103935	108115312	18	-1.1099
6074ec88-9b5e-43bb-8383-1511c31f6369	1	108119014	247650984	68425	0.0003
6074ec88-9b5e-43bb-8383-1511c31f6369	2	480597	74864903	43741	0.0056
6074ec88-9b5e-43bb-8383-1511c31f6369	2	74865434	74865647	2	-4.7876
6074ec88-9b5e-43bb-8383-1511c31f6369	2	74865845	166914002	44841	0.0038
6074ec88-9b5e-43bb-8383-1511c31f6369	2	166915783	166924934	8	-0.8869
6074ec88-9b5e-43bb-8383-1511c31f6369	2	166928390	206735479	21900	0.0046
6074ec88-9b5e-43bb-8383-1511c31f6369	2	206738750	206738811	2	-2.0364
6074ec88-9b5e-43bb-8383-1511c31f6369	2	206739240	208364430	961	0.0065
6074ec88-9b5e-43bb-8383-1511c31f6369	2	208374882	208382496	39	-0.7236
6074ec88-9b5e-43bb-8383-1511c31f6369	2	208382659	217523790	5639	0.0093
6074ec88-9b5e-43bb-8383-1511c31f6369	2	217525291	217525383	2	-1.3419
6074ec88-9b5e-43bb-8383-1511c31f6369	2	217527478	222762940	3223	-0.0008
6074ec88-9b5e-43bb-8383-1511c31f6369	2	222767221	222773184	9	-0.8848
6074ec88-9b5e-43bb-8383-1511c31f6369	2	222775485	229453765	4284	0.008
6074ec88-9b5e-43bb-8383-1511c31f6369	2	229454199	229462927	8	-0.8829
6074ec88-9b5e-43bb-8383-1511c31f6369	2	229465183	241537572	6923	0.0039
6074ec88-9b5e-43bb-8383-1511c31f6369	3	2170634	197812401	106668	-0.0004
6074ec88-9b5e-43bb-8383-1511c31f6369	4	1059384	187842528	103038	0
6074ec88-9b5e-43bb-8383-1511c31f6369	5	913983	180934240	100614	0.0007
6074ec88-9b5e-43bb-8383-1511c31f6369	6	1011760	134140802	74939	0.002
6074ec88-9b5e-43bb-8383-1511c31f6369	6	134144402	134145423	5	-1.0986
6074ec88-9b5e-43bb-8383-1511c31f6369	6	134145556	152216430	11349	0
6074ec88-9b5e-43bb-8383-1511c31f6369	6	152219222	152219333	2	1.345
6074ec88-9b5e-43bb-8383-1511c31f6369	6	152221099	170596889	10396	-0.0027
6074ec88-9b5e-43bb-8383-1511c31f6369	7	664936	158592540	81584	0.0015
6074ec88-9b5e-43bb-8383-1511c31f6369	8	667625	23745516	13317	0.0038
6074ec88-9b5e-43bb-8383-1511c31f6369	8	23746166	23746918	2	-1.5633
6074ec88-9b5e-43bb-8383-1511c31f6369	8	23747075	144182542	68514	0.0013
6074ec88-9b5e-43bb-8383-1511c31f6369	9	789794	138044505	68148	0
6074ec88-9b5e-43bb-8383-1511c31f6369	10	366509	69552267	40846	0.0002
6074ec88-9b5e-43bb-8383-1511c31f6369	10	69553065	69553193	2	-2.5627
6074ec88-9b5e-43bb-8383-1511c31f6369	10	69557726	133411599	40019	-0.0028
6074ec88-9b5e-43bb-8383-1511c31f6369	11	456012	20117417	12456	0.0001
6074ec88-9b5e-43bb-8383-1511c31f6369	11	20118809	20118909	2	-1.5886
6074ec88-9b5e-43bb-8383-1511c31f6369	11	20118925	74648021	26474	-0.0006
6074ec88-9b5e-43bb-8383-1511c31f6369	11	74653516	74653521	2	-1.49
6074ec88-9b5e-43bb-8383-1511c31f6369	11	74653685	101796971	16947	0.0018
6074ec88-9b5e-43bb-8383-1511c31f6369	11	101797335	101797599	2	-1.6102
6074ec88-9b5e-43bb-8383-1511c31f6369	11	101798089	134272740	21297	0.0053
6074ec88-9b5e-43bb-8383-1511c31f6369	12	780472	68222494	36230	-0.0005
6074ec88-9b5e-43bb-8383-1511c31f6369	12	68225060	68226017	5	-1.109
6074ec88-9b5e-43bb-8383-1511c31f6369	12	68226251	132605822	37777	0.001
6074ec88-9b5e-43bb-8383-1511c31f6369	13	18874255	30133299	6713	0.0021
6074ec88-9b5e-43bb-8383-1511c31f6369	13	30133716	30134437	3	-1.1187
6074ec88-9b5e-43bb-8383-1511c31f6369	13	30136790	72506298	23662	-0.0008
6074ec88-9b5e-43bb-8383-1511c31f6369	13	72511301	72511302	2	-2.2193
6074ec88-9b5e-43bb-8383-1511c31f6369	13	72512411	109473396	23698	0.0014
6074ec88-9b5e-43bb-8383-1511c31f6369	13	109473870	109474189	4	-1.0379
6074ec88-9b5e-43bb-8383-1511c31f6369	13	109474283	114226675	2623	0.0012
6074ec88-9b5e-43bb-8383-1511c31f6369	14	20033191	105533894	49520	0.0002
6074ec88-9b5e-43bb-8383-1511c31f6369	15	23437561	101344124	44573	0.0015
6074ec88-9b5e-43bb-8383-1511c31f6369	16	603333	89317317	41010	0.0043
6074ec88-9b5e-43bb-8383-1511c31f6369	17	1074619	10873201	5070	0.0005
6074ec88-9b5e-43bb-8383-1511c31f6369	17	10878485	10880394	4	-1.2553
6074ec88-9b5e-43bb-8383-1511c31f6369	17	10880771	12215130	1019	0.0172
6074ec88-9b5e-43bb-8383-1511c31f6369	17	12215341	12216162	5	-0.9216
6074ec88-9b5e-43bb-8383-1511c31f6369	17	12226449	66538782	22570	0.0016
6074ec88-9b5e-43bb-8383-1511c31f6369	17	66538895	66539020	2	-1.6265
6074ec88-9b5e-43bb-8383-1511c31f6369	17	66539761	82959812	8429	-0.0041
6074ec88-9b5e-43bb-8383-1511c31f6369	18	326691	23345113	9376	0.0014
6074ec88-9b5e-43bb-8383-1511c31f6369	18	23350030	23350166	2	-1.524
6074ec88-9b5e-43bb-8383-1511c31f6369	18	23355869	79349796	33399	-0.0001
6074ec88-9b5e-43bb-8383-1511c31f6369	19	283868	34038840	13477	0.0024
6074ec88-9b5e-43bb-8383-1511c31f6369	19	34039181	34041931	2	-1.5357
6074ec88-9b5e-43bb-8383-1511c31f6369	19	34042217	58370362	10576	-0.0018
6074ec88-9b5e-43bb-8383-1511c31f6369	20	472817	63588502	37385	0.0001
6074ec88-9b5e-43bb-8383-1511c31f6369	21	13974127	46262057	20517	0.0002
6074ec88-9b5e-43bb-8383-1511c31f6369	22	16934932	48940621	17014	0.0008
6074ec88-9b5e-43bb-8383-1511c31f6369	X	3236359	35693467	14435	0.0031
6074ec88-9b5e-43bb-8383-1511c31f6369	X	35696818	35697136	2	-1.6367
6074ec88-9b5e-43bb-8383-1511c31f6369	X	35699435	52630034	7458	0.0014
6074ec88-9b5e-43bb-8383-1511c31f6369	X	52631920	52792830	15	0.4015
6074ec88-9b5e-43bb-8383-1511c31f6369	X	52804837	87273490	11586	-0.0013
6074ec88-9b5e-43bb-8383-1511c31f6369	X	87274951	87276700	5	-0.9622
6074ec88-9b5e-43bb-8383-1511c31f6369	X	87277403	87498254	143	-0.0024
6074ec88-9b5e-43bb-8383-1511c31f6369	X	87498348	87498419	2	-2.6035
6074ec88-9b5e-43bb-8383-1511c31f6369	X	87499549	155677414	30052	0.0019
