GDC_Aliquot	Chromosome	Start	End	Num_Probes	Segment_Mean
80300c22-3f72-4523-ac20-4e145d0d8a63	1	62920	259422	15	0.1804
80300c22-3f72-4523-ac20-4e145d0d8a63	1	259926	3303537	726	-0.0376
80300c22-3f72-4523-ac20-4e145d0d8a63	1	3303596	12779433	5745	0.0228
80300c22-3f72-4523-ac20-4e145d0d8a63	1	12792599	13012913	34	0.3796
80300c22-3f72-4523-ac20-4e145d0d8a63	1	13110913	16542868	2120	0.0316
80300c22-3f72-4523-ac20-4e145d0d8a63	1	16544783	16643961	30	0.4295
80300c22-3f72-4523-ac20-4e145d0d8a63	1	16679239	16864367	28	0.0001
80300c22-3f72-4523-ac20-4e145d0d8a63	1	16868660	16973488	66	-0.2917
80300c22-3f72-4523-ac20-4e145d0d8a63	1	16973678	25256850	5246	0.0264
80300c22-3f72-4523-ac20-4e145d0d8a63	1	25266637	25336853	26	0.4389
80300c22-3f72-4523-ac20-4e145d0d8a63	1	25346663	37433067	6461	0.0276
80300c22-3f72-4523-ac20-4e145d0d8a63	1	37434572	37434814	2	-1.7809
80300c22-3f72-4523-ac20-4e145d0d8a63	1	37436534	55657266	10389	0.0299
80300c22-3f72-4523-ac20-4e145d0d8a63	1	55659066	64944602	7037	-0.0535
80300c22-3f72-4523-ac20-4e145d0d8a63	1	64946367	64946391	2	-1.3701
80300c22-3f72-4523-ac20-4e145d0d8a63	1	64946438	67525427	1857	-0.0523
80300c22-3f72-4523-ac20-4e145d0d8a63	1	67526399	67527394	3	-1.1339
80300c22-3f72-4523-ac20-4e145d0d8a63	1	67528099	72302735	2960	-0.0545
80300c22-3f72-4523-ac20-4e145d0d8a63	1	72302815	72345450	46	-1.1243
80300c22-3f72-4523-ac20-4e145d0d8a63	1	72345465	95689620	15192	-0.0581
80300c22-3f72-4523-ac20-4e145d0d8a63	1	95690160	95690510	2	-1.6181
80300c22-3f72-4523-ac20-4e145d0d8a63	1	95690660	103560608	4810	-0.0608
80300c22-3f72-4523-ac20-4e145d0d8a63	1	103566616	103717410	32	0.3932
80300c22-3f72-4523-ac20-4e145d0d8a63	1	103717617	119890730	10540	-0.0477
80300c22-3f72-4523-ac20-4e145d0d8a63	1	119894823	152782154	2814	0.1114
80300c22-3f72-4523-ac20-4e145d0d8a63	1	152783832	152796224	44	-0.3451
80300c22-3f72-4523-ac20-4e145d0d8a63	1	152801429	163484532	6795	0.1161
80300c22-3f72-4523-ac20-4e145d0d8a63	1	163488966	163495355	6	-0.692
80300c22-3f72-4523-ac20-4e145d0d8a63	1	163495738	174827128	8005	0.1088
80300c22-3f72-4523-ac20-4e145d0d8a63	1	174827267	174832716	18	-0.5903
80300c22-3f72-4523-ac20-4e145d0d8a63	1	174832734	196745743	14644	0.1079
80300c22-3f72-4523-ac20-4e145d0d8a63	1	196758720	196846661	61	0.4346
80300c22-3f72-4523-ac20-4e145d0d8a63	1	196847600	248930189	35810	0.1084
80300c22-3f72-4523-ac20-4e145d0d8a63	2	12784	190288	105	-0.0575
80300c22-3f72-4523-ac20-4e145d0d8a63	2	191931	205446	8	-0.7352
80300c22-3f72-4523-ac20-4e145d0d8a63	2	206253	1912207	1122	-0.076
80300c22-3f72-4523-ac20-4e145d0d8a63	2	1912805	1912858	2	-1.6473
80300c22-3f72-4523-ac20-4e145d0d8a63	2	1913832	14563570	9798	-0.0346
80300c22-3f72-4523-ac20-4e145d0d8a63	2	14564825	14569968	12	-1.0743
80300c22-3f72-4523-ac20-4e145d0d8a63	2	14570240	34476327	13032	-0.0306
80300c22-3f72-4523-ac20-4e145d0d8a63	2	34476516	34511990	44	0.2815
80300c22-3f72-4523-ac20-4e145d0d8a63	2	34512096	37829329	2519	-0.0313
80300c22-3f72-4523-ac20-4e145d0d8a63	2	37829808	37830150	2	-1.7889
80300c22-3f72-4523-ac20-4e145d0d8a63	2	37831944	52527727	10479	-0.0221
80300c22-3f72-4523-ac20-4e145d0d8a63	2	52527743	52554359	31	-0.4451
80300c22-3f72-4523-ac20-4e145d0d8a63	2	52554366	86710564	21920	-0.0311
80300c22-3f72-4523-ac20-4e145d0d8a63	2	86725947	86726731	2	1.6042
80300c22-3f72-4523-ac20-4e145d0d8a63	2	86743283	87286164	129	-0.0613
80300c22-3f72-4523-ac20-4e145d0d8a63	2	87287256	87295819	3	-1.306
80300c22-3f72-4523-ac20-4e145d0d8a63	2	87299357	87462096	21	-0.0937
80300c22-3f72-4523-ac20-4e145d0d8a63	2	87463778	87465499	2	-1.4118
80300c22-3f72-4523-ac20-4e145d0d8a63	2	87466706	97359380	1774	-0.0201
80300c22-3f72-4523-ac20-4e145d0d8a63	2	97359885	97545247	9	0.7943
80300c22-3f72-4523-ac20-4e145d0d8a63	2	97545726	106258266	5566	-0.0237
80300c22-3f72-4523-ac20-4e145d0d8a63	2	106263639	106270952	14	-0.5495
80300c22-3f72-4523-ac20-4e145d0d8a63	2	106271414	129437919	13857	-0.031
80300c22-3f72-4523-ac20-4e145d0d8a63	2	129438526	129441961	10	-1.3026
80300c22-3f72-4523-ac20-4e145d0d8a63	2	129447971	242147305	68999	-0.032
80300c22-3f72-4523-ac20-4e145d0d8a63	3	20930	193347	159	0.0885
80300c22-3f72-4523-ac20-4e145d0d8a63	3	193922	195076	3	-1.4654
80300c22-3f72-4523-ac20-4e145d0d8a63	3	195392	6604856	5653	0.0509
80300c22-3f72-4523-ac20-4e145d0d8a63	3	6609441	6611645	23	-0.6885
80300c22-3f72-4523-ac20-4e145d0d8a63	3	6613391	20985168	9865	0.0563
80300c22-3f72-4523-ac20-4e145d0d8a63	3	20985212	46760515	17473	-0.115
80300c22-3f72-4523-ac20-4e145d0d8a63	3	46760755	46808099	36	-0.7822
80300c22-3f72-4523-ac20-4e145d0d8a63	3	46817989	52989195	2491	-0.117
80300c22-3f72-4523-ac20-4e145d0d8a63	3	52994359	53007838	48	-0.5333
80300c22-3f72-4523-ac20-4e145d0d8a63	3	53007869	68697108	12014	-0.1172
80300c22-3f72-4523-ac20-4e145d0d8a63	3	68697133	68698262	13	-1.1654
80300c22-3f72-4523-ac20-4e145d0d8a63	3	68699607	80899292	7951	-0.1226
80300c22-3f72-4523-ac20-4e145d0d8a63	3	80901225	86277837	2921	0.066
80300c22-3f72-4523-ac20-4e145d0d8a63	3	86281944	90258522	2160	0.2205
80300c22-3f72-4523-ac20-4e145d0d8a63	3	90258727	99218940	2867	-0.0469
80300c22-3f72-4523-ac20-4e145d0d8a63	3	99225614	99226455	14	-1.5712
80300c22-3f72-4523-ac20-4e145d0d8a63	3	99226551	99230187	11	-3.6323
80300c22-3f72-4523-ac20-4e145d0d8a63	3	99230194	99230577	13	-1.6479
80300c22-3f72-4523-ac20-4e145d0d8a63	3	99232120	104252766	2829	-0.0405
80300c22-3f72-4523-ac20-4e145d0d8a63	3	104252976	112546019	5234	0.0176
80300c22-3f72-4523-ac20-4e145d0d8a63	3	112546929	125950205	8253	-0.1327
80300c22-3f72-4523-ac20-4e145d0d8a63	3	125954540	125957120	3	-1.804
80300c22-3f72-4523-ac20-4e145d0d8a63	3	125961657	130035762	2379	-0.1415
80300c22-3f72-4523-ac20-4e145d0d8a63	3	130038990	130137637	62	0.1222
80300c22-3f72-4523-ac20-4e145d0d8a63	3	130137903	147892751	11021	-0.1185
80300c22-3f72-4523-ac20-4e145d0d8a63	3	147893654	147920671	17	0.4558
80300c22-3f72-4523-ac20-4e145d0d8a63	3	147921472	151775482	2502	-0.1048
80300c22-3f72-4523-ac20-4e145d0d8a63	3	151775808	154242928	1554	0.0809
80300c22-3f72-4523-ac20-4e145d0d8a63	3	154244164	154654374	215	-0.1062
80300c22-3f72-4523-ac20-4e145d0d8a63	3	154654717	158632329	2318	0.0753
80300c22-3f72-4523-ac20-4e145d0d8a63	3	158633095	158633756	2	-2.4895
80300c22-3f72-4523-ac20-4e145d0d8a63	3	158641083	160291309	1039	0.0936
80300c22-3f72-4523-ac20-4e145d0d8a63	3	160295647	160633233	152	-0.0777
80300c22-3f72-4523-ac20-4e145d0d8a63	3	160633613	162813082	1429	0.0929
80300c22-3f72-4523-ac20-4e145d0d8a63	3	162815162	162818795	3	1.5543
80300c22-3f72-4523-ac20-4e145d0d8a63	3	162819035	162898127	46	0.0097
80300c22-3f72-4523-ac20-4e145d0d8a63	3	162906054	162908815	8	-0.5112
80300c22-3f72-4523-ac20-4e145d0d8a63	3	162910826	163941170	580	0.0934
80300c22-3f72-4523-ac20-4e145d0d8a63	3	163941173	165158715	648	-0.0788
80300c22-3f72-4523-ac20-4e145d0d8a63	3	165159216	165162445	2	-1.1438
80300c22-3f72-4523-ac20-4e145d0d8a63	3	165164260	167331928	1235	-0.0586
80300c22-3f72-4523-ac20-4e145d0d8a63	3	167333026	173614990	3948	0.0846
80300c22-3f72-4523-ac20-4e145d0d8a63	3	173622729	173816287	149	-0.1232
80300c22-3f72-4523-ac20-4e145d0d8a63	3	173821613	186129652	7415	0.0833
80300c22-3f72-4523-ac20-4e145d0d8a63	3	186129817	189645889	2685	0.2406
80300c22-3f72-4523-ac20-4e145d0d8a63	3	189646041	189646849	10	-0.2877
80300c22-3f72-4523-ac20-4e145d0d8a63	3	189653199	193156958	2491	0.2413
80300c22-3f72-4523-ac20-4e145d0d8a63	3	193160113	193165114	20	-0.575
80300c22-3f72-4523-ac20-4e145d0d8a63	3	193168646	198107277	2661	0.2448
80300c22-3f72-4523-ac20-4e145d0d8a63	3	198107475	198108134	8	-0.1635
80300c22-3f72-4523-ac20-4e145d0d8a63	3	198108567	198111566	7	0.2908
80300c22-3f72-4523-ac20-4e145d0d8a63	3	198118345	198169247	17	-0.1915
80300c22-3f72-4523-ac20-4e145d0d8a63	4	68929	3467927	1394	0.0354
80300c22-3f72-4523-ac20-4e145d0d8a63	4	3470435	3470639	3	-1.4244
80300c22-3f72-4523-ac20-4e145d0d8a63	4	3471166	3884081	171	0.0511
80300c22-3f72-4523-ac20-4e145d0d8a63	4	3896017	3899125	2	-1.3596
80300c22-3f72-4523-ac20-4e145d0d8a63	4	3901987	10208766	4132	0.0463
80300c22-3f72-4523-ac20-4e145d0d8a63	4	10221792	10229173	22	0.5366
80300c22-3f72-4523-ac20-4e145d0d8a63	4	10229188	10388498	183	0.0539
80300c22-3f72-4523-ac20-4e145d0d8a63	4	10389091	10398532	15	-0.5976
80300c22-3f72-4523-ac20-4e145d0d8a63	4	10398887	32392452	15439	0.0417
80300c22-3f72-4523-ac20-4e145d0d8a63	4	32398929	32399891	5	-0.937
80300c22-3f72-4523-ac20-4e145d0d8a63	4	32403692	34785333	1344	0.0472
80300c22-3f72-4523-ac20-4e145d0d8a63	4	34785368	34828250	37	-0.2918
80300c22-3f72-4523-ac20-4e145d0d8a63	4	34828291	49112078	8961	0.0524
80300c22-3f72-4523-ac20-4e145d0d8a63	4	49113964	49647774	25	-0.3263
80300c22-3f72-4523-ac20-4e145d0d8a63	4	49648089	61071220	6066	0.0423
80300c22-3f72-4523-ac20-4e145d0d8a63	4	61075217	61076234	2	-1.3277
80300c22-3f72-4523-ac20-4e145d0d8a63	4	61079968	63841863	1522	0.0566
80300c22-3f72-4523-ac20-4e145d0d8a63	4	63841887	63842099	3	1.0703
80300c22-3f72-4523-ac20-4e145d0d8a63	4	63842411	68378716	2856	0.0506
80300c22-3f72-4523-ac20-4e145d0d8a63	4	68389352	68395346	5	1.4444
80300c22-3f72-4523-ac20-4e145d0d8a63	4	68416487	114254167	27770	0.0464
80300c22-3f72-4523-ac20-4e145d0d8a63	4	114254188	114261019	22	-1.5944
80300c22-3f72-4523-ac20-4e145d0d8a63	4	114263073	154881396	24040	0.046
80300c22-3f72-4523-ac20-4e145d0d8a63	4	154881853	154881926	3	-3.7896
80300c22-3f72-4523-ac20-4e145d0d8a63	4	154882047	160120152	3286	0.0468
80300c22-3f72-4523-ac20-4e145d0d8a63	4	160131622	160149115	34	-0.7702
80300c22-3f72-4523-ac20-4e145d0d8a63	4	160149352	188583950	18917	0.045
80300c22-3f72-4523-ac20-4e145d0d8a63	4	188584300	188584766	3	-1.0881
80300c22-3f72-4523-ac20-4e145d0d8a63	4	188585374	190106768	856	0.0569
80300c22-3f72-4523-ac20-4e145d0d8a63	5	15532	1798024	862	0.0416
80300c22-3f72-4523-ac20-4e145d0d8a63	5	1798129	12998813	9391	0.0851
80300c22-3f72-4523-ac20-4e145d0d8a63	5	13005102	13079907	17	-0.3059
80300c22-3f72-4523-ac20-4e145d0d8a63	5	13081507	15719241	1899	0.093
80300c22-3f72-4523-ac20-4e145d0d8a63	5	15719966	15720488	9	-0.7083
80300c22-3f72-4523-ac20-4e145d0d8a63	5	15723237	17625524	1202	0.0745
80300c22-3f72-4523-ac20-4e145d0d8a63	5	17629411	17642176	7	-0.8713
80300c22-3f72-4523-ac20-4e145d0d8a63	5	17642442	18442123	544	0.0757
80300c22-3f72-4523-ac20-4e145d0d8a63	5	18442843	18453901	5	-1.2802
80300c22-3f72-4523-ac20-4e145d0d8a63	5	18458441	25844609	4313	0.0858
80300c22-3f72-4523-ac20-4e145d0d8a63	5	25851630	25852953	3	-1.0593
80300c22-3f72-4523-ac20-4e145d0d8a63	5	25858256	32102625	4010	0.0828
80300c22-3f72-4523-ac20-4e145d0d8a63	5	32106978	32170181	41	0.9919
80300c22-3f72-4523-ac20-4e145d0d8a63	5	32170990	50800080	8633	0.0906
80300c22-3f72-4523-ac20-4e145d0d8a63	5	50803134	58025819	4801	0.0494
80300c22-3f72-4523-ac20-4e145d0d8a63	5	58030200	58037706	32	-0.5579
80300c22-3f72-4523-ac20-4e145d0d8a63	5	58042530	69533520	7294	0.0536
80300c22-3f72-4523-ac20-4e145d0d8a63	5	69550476	69779150	3	-1.4105
80300c22-3f72-4523-ac20-4e145d0d8a63	5	69779164	104515520	19532	0.0414
80300c22-3f72-4523-ac20-4e145d0d8a63	5	104524672	104524903	4	-1.6786
80300c22-3f72-4523-ac20-4e145d0d8a63	5	104525348	181363319	50226	0.0455
80300c22-3f72-4523-ac20-4e145d0d8a63	6	149661	254283	100	0.0288
80300c22-3f72-4523-ac20-4e145d0d8a63	6	257353	366333	93	0.3131
80300c22-3f72-4523-ac20-4e145d0d8a63	6	373453	29869295	21453	0.0299
80300c22-3f72-4523-ac20-4e145d0d8a63	6	29869410	29881490	16	-1.2175
80300c22-3f72-4523-ac20-4e145d0d8a63	6	29882419	32463515	1172	0.0469
80300c22-3f72-4523-ac20-4e145d0d8a63	6	32463775	32606604	39	1.1183
80300c22-3f72-4523-ac20-4e145d0d8a63	6	32610305	32641650	21	-0.0566
80300c22-3f72-4523-ac20-4e145d0d8a63	6	32656527	32658841	6	1.1866
80300c22-3f72-4523-ac20-4e145d0d8a63	6	32682835	32718419	36	0.0664
80300c22-3f72-4523-ac20-4e145d0d8a63	6	32720838	32723053	11	1.2013
80300c22-3f72-4523-ac20-4e145d0d8a63	6	32732907	83717328	30332	0.0242
80300c22-3f72-4523-ac20-4e145d0d8a63	6	83718561	83722037	3	-1.864
80300c22-3f72-4523-ac20-4e145d0d8a63	6	83724392	103286954	12053	0.019
80300c22-3f72-4523-ac20-4e145d0d8a63	6	103290101	103314186	46	-1.0421
80300c22-3f72-4523-ac20-4e145d0d8a63	6	103317795	118716509	9438	0.0243
80300c22-3f72-4523-ac20-4e145d0d8a63	6	118717955	118718319	2	-1.3493
80300c22-3f72-4523-ac20-4e145d0d8a63	6	118718703	123913061	3051	0.028
80300c22-3f72-4523-ac20-4e145d0d8a63	6	123913214	123915173	7	-0.7174
80300c22-3f72-4523-ac20-4e145d0d8a63	6	123915590	133945130	6570	0.0222
80300c22-3f72-4523-ac20-4e145d0d8a63	6	133947933	133948494	2	-1.5557
80300c22-3f72-4523-ac20-4e145d0d8a63	6	133950934	152047788	11970	0.0169
80300c22-3f72-4523-ac20-4e145d0d8a63	6	152047808	152048043	5	1.1417
80300c22-3f72-4523-ac20-4e145d0d8a63	6	152048082	157607938	3796	0.0189
80300c22-3f72-4523-ac20-4e145d0d8a63	6	157607948	157613477	4	-1.0088
80300c22-3f72-4523-ac20-4e145d0d8a63	6	157613485	167982946	7479	0.0152
80300c22-3f72-4523-ac20-4e145d0d8a63	6	167984265	168238232	182	-0.1905
80300c22-3f72-4523-ac20-4e145d0d8a63	6	168243338	170741917	1645	0.0099
80300c22-3f72-4523-ac20-4e145d0d8a63	7	43355	2823680	983	-0.1302
80300c22-3f72-4523-ac20-4e145d0d8a63	7	2823888	16130033	10007	0.0254
80300c22-3f72-4523-ac20-4e145d0d8a63	7	16131935	16132634	2	-1.6058
80300c22-3f72-4523-ac20-4e145d0d8a63	7	16137216	22395161	5061	0.0357
80300c22-3f72-4523-ac20-4e145d0d8a63	7	22395853	22396868	2	-2.5723
80300c22-3f72-4523-ac20-4e145d0d8a63	7	22399135	29450390	5209	0.0363
80300c22-3f72-4523-ac20-4e145d0d8a63	7	29451918	29462669	16	-0.4283
80300c22-3f72-4523-ac20-4e145d0d8a63	7	29462696	38251092	6076	0.0304
80300c22-3f72-4523-ac20-4e145d0d8a63	7	38251113	38263833	8	-0.8494
80300c22-3f72-4523-ac20-4e145d0d8a63	7	38271122	46513574	5329	0.0257
80300c22-3f72-4523-ac20-4e145d0d8a63	7	46513773	48541346	1521	-0.0326
80300c22-3f72-4523-ac20-4e145d0d8a63	7	48542256	48552429	8	-0.8175
80300c22-3f72-4523-ac20-4e145d0d8a63	7	48560583	54305455	4243	-0.0503
80300c22-3f72-4523-ac20-4e145d0d8a63	7	54318812	54318824	6	-1.8339
80300c22-3f72-4523-ac20-4e145d0d8a63	7	54325795	109801187	28449	-0.0308
80300c22-3f72-4523-ac20-4e145d0d8a63	7	109801572	109813853	10	0.6504
80300c22-3f72-4523-ac20-4e145d0d8a63	7	109813925	126405428	10027	-0.0282
80300c22-3f72-4523-ac20-4e145d0d8a63	7	126405502	126406824	14	-1.0776
80300c22-3f72-4523-ac20-4e145d0d8a63	7	126406825	134101018	4702	-0.0368
80300c22-3f72-4523-ac20-4e145d0d8a63	7	134101035	134138133	40	-0.3051
80300c22-3f72-4523-ac20-4e145d0d8a63	7	134138230	144199159	6410	-0.0318
80300c22-3f72-4523-ac20-4e145d0d8a63	7	144207186	144352208	15	0.6135
80300c22-3f72-4523-ac20-4e145d0d8a63	7	144377836	159334314	9641	-0.0438
80300c22-3f72-4523-ac20-4e145d0d8a63	8	81254	4928618	4960	-0.0313
80300c22-3f72-4523-ac20-4e145d0d8a63	8	4929491	4937510	12	-0.5983
80300c22-3f72-4523-ac20-4e145d0d8a63	8	4939730	5566909	784	-0.0004
80300c22-3f72-4523-ac20-4e145d0d8a63	8	5566952	5567033	2	-1.7959
80300c22-3f72-4523-ac20-4e145d0d8a63	8	5567354	5668141	142	-0.0456
80300c22-3f72-4523-ac20-4e145d0d8a63	8	5668461	5672879	5	-0.9669
80300c22-3f72-4523-ac20-4e145d0d8a63	8	5673036	6968741	1712	-0.04
80300c22-3f72-4523-ac20-4e145d0d8a63	8	6968768	6969664	10	-0.7117
80300c22-3f72-4523-ac20-4e145d0d8a63	8	6969677	7167045	87	0.0384
80300c22-3f72-4523-ac20-4e145d0d8a63	8	7172468	7380497	29	-0.4306
80300c22-3f72-4523-ac20-4e145d0d8a63	8	7396819	7886542	22	0.4149
80300c22-3f72-4523-ac20-4e145d0d8a63	8	7888457	7890177	4	-1.3448
80300c22-3f72-4523-ac20-4e145d0d8a63	8	7919608	12092042	3238	-0.0227
80300c22-3f72-4523-ac20-4e145d0d8a63	8	12130217	12454103	40	0.428
80300c22-3f72-4523-ac20-4e145d0d8a63	8	12470324	39356427	19442	-0.0155
80300c22-3f72-4523-ac20-4e145d0d8a63	8	39357136	39378084	11	0.0978
80300c22-3f72-4523-ac20-4e145d0d8a63	8	39389156	39529446	58	0.6526
80300c22-3f72-4523-ac20-4e145d0d8a63	8	39530780	40523609	791	0.0044
80300c22-3f72-4523-ac20-4e145d0d8a63	8	40524280	40525435	5	0.7701
80300c22-3f72-4523-ac20-4e145d0d8a63	8	40527509	40914477	277	0.0231
80300c22-3f72-4523-ac20-4e145d0d8a63	8	40920333	40920952	2	-2.0113
80300c22-3f72-4523-ac20-4e145d0d8a63	8	40926161	50115782	3495	0.046
80300c22-3f72-4523-ac20-4e145d0d8a63	8	50117789	50120863	17	-0.3397
80300c22-3f72-4523-ac20-4e145d0d8a63	8	50126018	71300130	13303	0.0637
80300c22-3f72-4523-ac20-4e145d0d8a63	8	71303076	71304364	8	-1.8599
80300c22-3f72-4523-ac20-4e145d0d8a63	8	71307628	93241826	13006	0.0745
80300c22-3f72-4523-ac20-4e145d0d8a63	8	93242011	106371741	8124	0.0996
80300c22-3f72-4523-ac20-4e145d0d8a63	8	106373265	106378854	6	-0.2817
80300c22-3f72-4523-ac20-4e145d0d8a63	8	106378994	111279265	2961	0.0777
80300c22-3f72-4523-ac20-4e145d0d8a63	8	111282050	111282852	7	-0.4578
80300c22-3f72-4523-ac20-4e145d0d8a63	8	111282973	111283031	3	-2.9736
80300c22-3f72-4523-ac20-4e145d0d8a63	8	111288052	141412629	21366	0.067
80300c22-3f72-4523-ac20-4e145d0d8a63	8	141412771	145072769	1542	0.0085
80300c22-3f72-4523-ac20-4e145d0d8a63	9	46587	41659472	31275	0.0069
80300c22-3f72-4523-ac20-4e145d0d8a63	9	41666811	42546668	42	0.6517
80300c22-3f72-4523-ac20-4e145d0d8a63	9	42566207	42697878	4	0.0837
80300c22-3f72-4523-ac20-4e145d0d8a63	9	42698168	42726239	11	-0.5872
80300c22-3f72-4523-ac20-4e145d0d8a63	9	42727685	64467459	163	-0.0144
80300c22-3f72-4523-ac20-4e145d0d8a63	9	64480563	64507211	11	0.6249
80300c22-3f72-4523-ac20-4e145d0d8a63	9	64510407	103804216	24866	0.006
80300c22-3f72-4523-ac20-4e145d0d8a63	9	103806415	103807009	2	-3.2474
80300c22-3f72-4523-ac20-4e145d0d8a63	9	103808421	107556501	2768	0.0017
80300c22-3f72-4523-ac20-4e145d0d8a63	9	107558859	107560747	2	-1.7454
80300c22-3f72-4523-ac20-4e145d0d8a63	9	107560794	138200944	20329	0.0049
80300c22-3f72-4523-ac20-4e145d0d8a63	10	45792	3088581	2515	-0.0125
80300c22-3f72-4523-ac20-4e145d0d8a63	10	3089342	17885034	12336	0.048
80300c22-3f72-4523-ac20-4e145d0d8a63	10	17896194	17910884	3	-1.9775
80300c22-3f72-4523-ac20-4e145d0d8a63	10	17929793	26937062	6336	0.0337
80300c22-3f72-4523-ac20-4e145d0d8a63	10	26937169	26939544	11	0.7002
80300c22-3f72-4523-ac20-4e145d0d8a63	10	26941064	30957581	3020	0.041
80300c22-3f72-4523-ac20-4e145d0d8a63	10	30962405	30962850	11	-0.5447
80300c22-3f72-4523-ac20-4e145d0d8a63	10	30962893	46221032	7295	0.0408
80300c22-3f72-4523-ac20-4e145d0d8a63	10	46221236	46560525	187	-0.1315
80300c22-3f72-4523-ac20-4e145d0d8a63	10	46606240	50070600	1694	0.0159
80300c22-3f72-4523-ac20-4e145d0d8a63	10	50081224	50132160	4	-1.4667
80300c22-3f72-4523-ac20-4e145d0d8a63	10	50144008	65548951	11009	0.0265
80300c22-3f72-4523-ac20-4e145d0d8a63	10	65548979	65554688	21	0.3881
80300c22-3f72-4523-ac20-4e145d0d8a63	10	65563037	66607916	812	0.0209
80300c22-3f72-4523-ac20-4e145d0d8a63	10	66608324	66767727	132	-0.9251
80300c22-3f72-4523-ac20-4e145d0d8a63	10	66771932	130426831	43235	0.028
80300c22-3f72-4523-ac20-4e145d0d8a63	10	130427195	131707670	1103	-0.0475
80300c22-3f72-4523-ac20-4e145d0d8a63	10	131708136	133654968	927	-0.0022
80300c22-3f72-4523-ac20-4e145d0d8a63	11	198510	681922	158	-0.0944
80300c22-3f72-4523-ac20-4e145d0d8a63	11	684538	6086560	3344	-0.029
80300c22-3f72-4523-ac20-4e145d0d8a63	11	6087039	6100864	8	-1.1495
80300c22-3f72-4523-ac20-4e145d0d8a63	11	6101273	37733866	23034	-0.0296
80300c22-3f72-4523-ac20-4e145d0d8a63	11	37746263	47237428	6103	0.0516
80300c22-3f72-4523-ac20-4e145d0d8a63	11	47238117	48576870	623	-0.0136
80300c22-3f72-4523-ac20-4e145d0d8a63	11	48579882	48581124	2	-1.6643
80300c22-3f72-4523-ac20-4e145d0d8a63	11	48584766	50442685	749	-0.0071
80300c22-3f72-4523-ac20-4e145d0d8a63	11	50443697	58929523	2495	-0.0688
80300c22-3f72-4523-ac20-4e145d0d8a63	11	58931718	59662181	396	0.0028
80300c22-3f72-4523-ac20-4e145d0d8a63	11	59662223	60101646	282	0.0928
80300c22-3f72-4523-ac20-4e145d0d8a63	11	60101857	69466459	4387	-0.0178
80300c22-3f72-4523-ac20-4e145d0d8a63	11	69467061	70402628	523	0.1268
80300c22-3f72-4523-ac20-4e145d0d8a63	11	70402794	75847601	2863	0.0109
80300c22-3f72-4523-ac20-4e145d0d8a63	11	75848804	76133302	108	0.2732
80300c22-3f72-4523-ac20-4e145d0d8a63	11	76135655	76825038	414	-0.0016
80300c22-3f72-4523-ac20-4e145d0d8a63	11	76825866	77111303	151	-0.1393
80300c22-3f72-4523-ac20-4e145d0d8a63	11	77111529	83410733	4477	-0.0812
80300c22-3f72-4523-ac20-4e145d0d8a63	11	83410879	83733595	214	0.0701
80300c22-3f72-4523-ac20-4e145d0d8a63	11	83738817	83924058	139	-0.1483
80300c22-3f72-4523-ac20-4e145d0d8a63	11	83924134	83924304	2	-1.4562
80300c22-3f72-4523-ac20-4e145d0d8a63	11	83930465	89814936	3893	-0.1102
80300c22-3f72-4523-ac20-4e145d0d8a63	11	89815724	90077170	13	-0.8249
80300c22-3f72-4523-ac20-4e145d0d8a63	11	90085142	134336099	31791	-0.1196
80300c22-3f72-4523-ac20-4e145d0d8a63	11	134339014	134837268	426	-0.2043
80300c22-3f72-4523-ac20-4e145d0d8a63	11	134837525	134837880	3	-1.3221
80300c22-3f72-4523-ac20-4e145d0d8a63	11	134838634	135074876	163	-0.2052
80300c22-3f72-4523-ac20-4e145d0d8a63	12	51460	9481274	6173	0.0506
80300c22-3f72-4523-ac20-4e145d0d8a63	12	9485313	9582373	24	-1.7025
80300c22-3f72-4523-ac20-4e145d0d8a63	12	9582374	11359558	1180	0.059
80300c22-3f72-4523-ac20-4e145d0d8a63	12	11359597	11390472	28	0.5303
80300c22-3f72-4523-ac20-4e145d0d8a63	12	11399258	19788042	5752	0.0452
80300c22-3f72-4523-ac20-4e145d0d8a63	12	19790847	23619447	2532	-0.088
80300c22-3f72-4523-ac20-4e145d0d8a63	12	23619660	25071487	1079	0.0141
80300c22-3f72-4523-ac20-4e145d0d8a63	12	25071886	25604748	508	-0.103
80300c22-3f72-4523-ac20-4e145d0d8a63	12	25614236	27094636	1054	0.0072
80300c22-3f72-4523-ac20-4e145d0d8a63	12	27096850	27203550	67	0.1603
80300c22-3f72-4523-ac20-4e145d0d8a63	12	27207836	27224008	7	-0.3604
80300c22-3f72-4523-ac20-4e145d0d8a63	12	27225307	27493053	188	0.1447
80300c22-3f72-4523-ac20-4e145d0d8a63	12	27493059	27498429	29	-0.4941
80300c22-3f72-4523-ac20-4e145d0d8a63	12	27504228	27717754	172	0.1515
80300c22-3f72-4523-ac20-4e145d0d8a63	12	27717874	31258117	2688	0.0408
80300c22-3f72-4523-ac20-4e145d0d8a63	12	31258280	33141726	1293	0.1286
80300c22-3f72-4523-ac20-4e145d0d8a63	12	33148472	33154440	27	-0.5467
80300c22-3f72-4523-ac20-4e145d0d8a63	12	33155426	34701563	788	0.0979
80300c22-3f72-4523-ac20-4e145d0d8a63	12	37463949	38653403	456	-0.0374
80300c22-3f72-4523-ac20-4e145d0d8a63	12	38656037	45512057	4341	0.0884
80300c22-3f72-4523-ac20-4e145d0d8a63	12	45514957	45515754	2	1.4514
80300c22-3f72-4523-ac20-4e145d0d8a63	12	45519509	57123223	6568	0.0934
80300c22-3f72-4523-ac20-4e145d0d8a63	12	57123561	60478823	2107	-0.0103
80300c22-3f72-4523-ac20-4e145d0d8a63	12	60480818	60483567	6	-1.1814
80300c22-3f72-4523-ac20-4e145d0d8a63	12	60486777	62940462	1537	-0.0087
80300c22-3f72-4523-ac20-4e145d0d8a63	12	62941069	63289118	276	-0.1168
80300c22-3f72-4523-ac20-4e145d0d8a63	12	63291663	64833857	797	0.0248
80300c22-3f72-4523-ac20-4e145d0d8a63	12	64835453	64844095	8	0.8632
80300c22-3f72-4523-ac20-4e145d0d8a63	12	64849478	64990782	103	0.0449
80300c22-3f72-4523-ac20-4e145d0d8a63	12	64990926	65314078	165	-0.1452
80300c22-3f72-4523-ac20-4e145d0d8a63	12	65317955	65620463	163	0.8026
80300c22-3f72-4523-ac20-4e145d0d8a63	12	65623511	65873530	164	0.6926
80300c22-3f72-4523-ac20-4e145d0d8a63	12	65877243	66187097	175	0.8637
80300c22-3f72-4523-ac20-4e145d0d8a63	12	66187836	66511857	224	1.0051
80300c22-3f72-4523-ac20-4e145d0d8a63	12	66512030	67241837	599	0.7872
80300c22-3f72-4523-ac20-4e145d0d8a63	12	67242259	67851079	424	0.9169
80300c22-3f72-4523-ac20-4e145d0d8a63	12	67852653	68718456	668	0.5416
80300c22-3f72-4523-ac20-4e145d0d8a63	12	68721914	68723733	3	1.2891
80300c22-3f72-4523-ac20-4e145d0d8a63	12	68726338	69010511	205	0.8154
80300c22-3f72-4523-ac20-4e145d0d8a63	12	69011233	69391968	241	0.9609
80300c22-3f72-4523-ac20-4e145d0d8a63	12	69392690	69697576	246	0.6424
80300c22-3f72-4523-ac20-4e145d0d8a63	12	69697652	69908079	128	0.4099
80300c22-3f72-4523-ac20-4e145d0d8a63	12	69909443	69974055	50	0.6779
80300c22-3f72-4523-ac20-4e145d0d8a63	12	69977273	69988357	13	-0.1426
80300c22-3f72-4523-ac20-4e145d0d8a63	12	69989940	70026704	28	0.459
80300c22-3f72-4523-ac20-4e145d0d8a63	12	70026744	70050428	22	-0.0702
80300c22-3f72-4523-ac20-4e145d0d8a63	12	70051070	70051302	4	0.537
80300c22-3f72-4523-ac20-4e145d0d8a63	12	70052336	70216822	96	0.8921
80300c22-3f72-4523-ac20-4e145d0d8a63	12	70227036	70234636	9	-0.0872
80300c22-3f72-4523-ac20-4e145d0d8a63	12	70239141	70478078	137	1.0089
80300c22-3f72-4523-ac20-4e145d0d8a63	12	70478895	70484247	9	-0.653
80300c22-3f72-4523-ac20-4e145d0d8a63	12	70485605	70502152	12	0.8953
80300c22-3f72-4523-ac20-4e145d0d8a63	12	70502576	71664636	807	1.1169
80300c22-3f72-4523-ac20-4e145d0d8a63	12	71666614	72063078	248	0.8027
80300c22-3f72-4523-ac20-4e145d0d8a63	12	72071277	72806145	426	0.9525
80300c22-3f72-4523-ac20-4e145d0d8a63	12	72806577	72992356	134	0.8246
80300c22-3f72-4523-ac20-4e145d0d8a63	12	72992372	73404403	245	0.6863
80300c22-3f72-4523-ac20-4e145d0d8a63	12	73405030	74157002	381	0.8692
80300c22-3f72-4523-ac20-4e145d0d8a63	12	74161433	127990519	35208	-0.1203
80300c22-3f72-4523-ac20-4e145d0d8a63	12	127992319	131613371	3181	-0.1658
80300c22-3f72-4523-ac20-4e145d0d8a63	12	131613387	131657925	33	-0.5953
80300c22-3f72-4523-ac20-4e145d0d8a63	12	131658450	132677859	328	-0.1547
80300c22-3f72-4523-ac20-4e145d0d8a63	12	132681263	133201603	230	-0.1088
80300c22-3f72-4523-ac20-4e145d0d8a63	13	18452809	19630197	566	-0.1388
80300c22-3f72-4523-ac20-4e145d0d8a63	13	19634092	20809941	699	0.1192
80300c22-3f72-4523-ac20-4e145d0d8a63	13	20810332	23668510	2063	0.2024
80300c22-3f72-4523-ac20-4e145d0d8a63	13	23669288	30736088	5281	0.1243
80300c22-3f72-4523-ac20-4e145d0d8a63	13	30736318	37496998	4868	0.0307
80300c22-3f72-4523-ac20-4e145d0d8a63	13	37497899	37514193	17	-0.4354
80300c22-3f72-4523-ac20-4e145d0d8a63	13	37514237	40168097	1973	0.0245
80300c22-3f72-4523-ac20-4e145d0d8a63	13	40171647	45716403	3699	-0.2192
80300c22-3f72-4523-ac20-4e145d0d8a63	13	45718852	45721701	8	-1.5826
80300c22-3f72-4523-ac20-4e145d0d8a63	13	45724336	57959179	7257	-0.2094
80300c22-3f72-4523-ac20-4e145d0d8a63	13	57961947	64623700	3977	-0.0245
80300c22-3f72-4523-ac20-4e145d0d8a63	13	64624029	71902850	4620	-0.0553
80300c22-3f72-4523-ac20-4e145d0d8a63	13	71903417	71906418	4	1.0119
80300c22-3f72-4523-ac20-4e145d0d8a63	13	71906467	95758272	15709	-0.0549
80300c22-3f72-4523-ac20-4e145d0d8a63	13	95762005	101336693	3613	-0.0274
80300c22-3f72-4523-ac20-4e145d0d8a63	13	101342459	101342648	3	-1.4095
80300c22-3f72-4523-ac20-4e145d0d8a63	13	101343230	105449006	3429	-0.0303
80300c22-3f72-4523-ac20-4e145d0d8a63	13	105449471	105449568	2	-1.5202
80300c22-3f72-4523-ac20-4e145d0d8a63	13	105451433	107064800	1289	-0.012
80300c22-3f72-4523-ac20-4e145d0d8a63	13	107067681	110438258	2793	0.0393
80300c22-3f72-4523-ac20-4e145d0d8a63	13	110440890	111148094	543	-0.032
80300c22-3f72-4523-ac20-4e145d0d8a63	13	111148184	111667195	402	0.059
80300c22-3f72-4523-ac20-4e145d0d8a63	13	111667749	112253112	272	-0.0276
80300c22-3f72-4523-ac20-4e145d0d8a63	13	112253445	112825234	346	0.0707
80300c22-3f72-4523-ac20-4e145d0d8a63	13	112826599	114342922	679	-0.0674
80300c22-3f72-4523-ac20-4e145d0d8a63	14	18239283	21835401	1416	-0.0099
80300c22-3f72-4523-ac20-4e145d0d8a63	14	21840190	22425274	522	0.0576
80300c22-3f72-4523-ac20-4e145d0d8a63	14	22426884	106434898	53198	-0.0336
80300c22-3f72-4523-ac20-4e145d0d8a63	14	106437363	106475361	45	-0.4714
80300c22-3f72-4523-ac20-4e145d0d8a63	14	106487515	106877229	193	-0.0018
80300c22-3f72-4523-ac20-4e145d0d8a63	15	19811075	19998708	44	-0.0558
80300c22-3f72-4523-ac20-4e145d0d8a63	15	20001686	20011702	2	-1.6782
80300c22-3f72-4523-ac20-4e145d0d8a63	15	20026653	22395047	162	0.1321
80300c22-3f72-4523-ac20-4e145d0d8a63	15	22413894	22595648	9	-0.6921
80300c22-3f72-4523-ac20-4e145d0d8a63	15	22606745	30307497	4631	-0.0039
80300c22-3f72-4523-ac20-4e145d0d8a63	15	30313650	30487788	7	-0.9315
80300c22-3f72-4523-ac20-4e145d0d8a63	15	30488460	31100696	271	-0.0036
80300c22-3f72-4523-ac20-4e145d0d8a63	15	31101271	32219403	785	0.1145
80300c22-3f72-4523-ac20-4e145d0d8a63	15	32219773	32363170	14	-0.5757
80300c22-3f72-4523-ac20-4e145d0d8a63	15	32381666	65521764	21424	0
80300c22-3f72-4523-ac20-4e145d0d8a63	15	65524604	65525186	2	-2.8329
80300c22-3f72-4523-ac20-4e145d0d8a63	15	65526049	101928837	24172	0.0051
80300c22-3f72-4523-ac20-4e145d0d8a63	16	10777	19933041	13465	0.0416
80300c22-3f72-4523-ac20-4e145d0d8a63	16	19934328	19958932	30	-0.6733
80300c22-3f72-4523-ac20-4e145d0d8a63	16	19959168	20046578	67	0.0409
80300c22-3f72-4523-ac20-4e145d0d8a63	16	20047451	20047761	3	-1.4861
80300c22-3f72-4523-ac20-4e145d0d8a63	16	20048355	32198553	6406	0.0449
80300c22-3f72-4523-ac20-4e145d0d8a63	16	32198778	32513457	11	-0.5247
80300c22-3f72-4523-ac20-4e145d0d8a63	16	32553191	46463450	487	0.0159
80300c22-3f72-4523-ac20-4e145d0d8a63	16	46469294	47173636	288	0.5567
80300c22-3f72-4523-ac20-4e145d0d8a63	16	47176085	47337251	67	0.9407
80300c22-3f72-4523-ac20-4e145d0d8a63	16	47344877	47898428	246	1.0794
80300c22-3f72-4523-ac20-4e145d0d8a63	16	47899044	48166449	142	0.8865
80300c22-3f72-4523-ac20-4e145d0d8a63	16	48168592	48180992	4	0.6188
80300c22-3f72-4523-ac20-4e145d0d8a63	16	48182311	90096867	30609	-0.1252
80300c22-3f72-4523-ac20-4e145d0d8a63	17	150733	1033696	479	0.0345
80300c22-3f72-4523-ac20-4e145d0d8a63	17	1036804	1047718	4	-1.3584
80300c22-3f72-4523-ac20-4e145d0d8a63	17	1055442	18455632	10907	0.0253
80300c22-3f72-4523-ac20-4e145d0d8a63	17	18455635	18561907	25	0.3976
80300c22-3f72-4523-ac20-4e145d0d8a63	17	18565883	22479056	1365	0.0268
80300c22-3f72-4523-ac20-4e145d0d8a63	17	22479519	28452035	889	0.0743
80300c22-3f72-4523-ac20-4e145d0d8a63	17	28454323	28455301	2	-1.6591
80300c22-3f72-4523-ac20-4e145d0d8a63	17	28462253	41265456	7134	0.0602
80300c22-3f72-4523-ac20-4e145d0d8a63	17	41266762	41284649	41	0.4149
80300c22-3f72-4523-ac20-4e145d0d8a63	17	41284704	46092761	2487	0.0638
80300c22-3f72-4523-ac20-4e145d0d8a63	17	46099618	46687628	124	-0.1576
80300c22-3f72-4523-ac20-4e145d0d8a63	17	46707286	82979429	21504	0.0632
80300c22-3f72-4523-ac20-4e145d0d8a63	17	82979952	83091923	57	-0.0392
80300c22-3f72-4523-ac20-4e145d0d8a63	18	48133	2626845	1873	0.0043
80300c22-3f72-4523-ac20-4e145d0d8a63	18	2629102	2629163	2	-1.5194
80300c22-3f72-4523-ac20-4e145d0d8a63	18	2629369	28613464	13185	0.0138
80300c22-3f72-4523-ac20-4e145d0d8a63	18	28613572	28616166	5	-1.3407
80300c22-3f72-4523-ac20-4e145d0d8a63	18	28616668	40678763	7716	0.0314
80300c22-3f72-4523-ac20-4e145d0d8a63	18	40680456	40685413	18	-0.3476
80300c22-3f72-4523-ac20-4e145d0d8a63	18	40685425	63497369	15725	0.0274
80300c22-3f72-4523-ac20-4e145d0d8a63	18	63498522	63498685	2	-1.5091
80300c22-3f72-4523-ac20-4e145d0d8a63	18	63498981	66054343	1763	0.0288
80300c22-3f72-4523-ac20-4e145d0d8a63	18	66060256	66061104	12	-0.5918
80300c22-3f72-4523-ac20-4e145d0d8a63	18	66065502	67292086	823	0.0383
80300c22-3f72-4523-ac20-4e145d0d8a63	18	67292135	67300028	18	-0.7938
80300c22-3f72-4523-ac20-4e145d0d8a63	18	67300481	69540616	1773	0.0275
80300c22-3f72-4523-ac20-4e145d0d8a63	18	69541156	69550035	7	-0.7786
80300c22-3f72-4523-ac20-4e145d0d8a63	18	69550306	73840023	3178	0.0304
80300c22-3f72-4523-ac20-4e145d0d8a63	18	73840164	73840339	2	-1.7498
80300c22-3f72-4523-ac20-4e145d0d8a63	18	73840645	80257174	4623	0.0188
80300c22-3f72-4523-ac20-4e145d0d8a63	19	90910	9825002	3732	0.003
80300c22-3f72-4523-ac20-4e145d0d8a63	19	9830545	12037347	1014	0.1262
80300c22-3f72-4523-ac20-4e145d0d8a63	19	12041177	12326322	140	-0.1244
80300c22-3f72-4523-ac20-4e145d0d8a63	19	12328434	13772285	675	0.1541
80300c22-3f72-4523-ac20-4e145d0d8a63	19	13777533	13777672	2	1.4127
80300c22-3f72-4523-ac20-4e145d0d8a63	19	13779203	14850580	438	0.1793
80300c22-3f72-4523-ac20-4e145d0d8a63	19	14850684	15872787	742	0.0443
80300c22-3f72-4523-ac20-4e145d0d8a63	19	15872926	18095286	1080	-0.0385
80300c22-3f72-4523-ac20-4e145d0d8a63	19	18096053	19458148	546	0.0305
80300c22-3f72-4523-ac20-4e145d0d8a63	19	19459519	22303994	1625	0.0896
80300c22-3f72-4523-ac20-4e145d0d8a63	19	22306056	35364547	6701	0.0247
80300c22-3f72-4523-ac20-4e145d0d8a63	19	35365141	35370946	19	-0.5663
80300c22-3f72-4523-ac20-4e145d0d8a63	19	35375842	58586487	12376	0.0513
80300c22-3f72-4523-ac20-4e145d0d8a63	20	80664	1580156	1201	0.0472
80300c22-3f72-4523-ac20-4e145d0d8a63	20	1580276	1617300	45	-0.5984
80300c22-3f72-4523-ac20-4e145d0d8a63	20	1617460	3842483	1573	0.0795
80300c22-3f72-4523-ac20-4e145d0d8a63	20	3845061	3863648	11	-0.4961
80300c22-3f72-4523-ac20-4e145d0d8a63	20	3865213	14812166	8341	0.0659
80300c22-3f72-4523-ac20-4e145d0d8a63	20	14812188	14812192	2	-2.6029
80300c22-3f72-4523-ac20-4e145d0d8a63	20	14812769	15320728	463	0.0367
80300c22-3f72-4523-ac20-4e145d0d8a63	20	15321256	15321403	2	-1.9215
80300c22-3f72-4523-ac20-4e145d0d8a63	20	15321728	26324943	8379	0.0575
80300c22-3f72-4523-ac20-4e145d0d8a63	20	30185676	30295239	19	-0.5277
80300c22-3f72-4523-ac20-4e145d0d8a63	20	30299006	64324800	22323	0.06
80300c22-3f72-4523-ac20-4e145d0d8a63	21	10354168	24310184	7957	0.0092
80300c22-3f72-4523-ac20-4e145d0d8a63	21	24310551	24312438	2	-1.9626
80300c22-3f72-4523-ac20-4e145d0d8a63	21	24314604	46677045	15899	-0.0017
80300c22-3f72-4523-ac20-4e145d0d8a63	22	15294547	48942839	22050	-0.102
80300c22-3f72-4523-ac20-4e145d0d8a63	22	48942893	49745504	746	-0.2108
80300c22-3f72-4523-ac20-4e145d0d8a63	22	49752020	50796027	441	-0.1222
80300c22-3f72-4523-ac20-4e145d0d8a63	X	251810	5040401	1685	0.0015
80300c22-3f72-4523-ac20-4e145d0d8a63	X	5040541	5048810	3	-1.1666
80300c22-3f72-4523-ac20-4e145d0d8a63	X	5049293	23044050	12188	0.0094
80300c22-3f72-4523-ac20-4e145d0d8a63	X	23044941	23045032	2	-1.4537
80300c22-3f72-4523-ac20-4e145d0d8a63	X	23047294	27450738	2838	0.0137
80300c22-3f72-4523-ac20-4e145d0d8a63	X	27451652	27452008	2	-1.3096
80300c22-3f72-4523-ac20-4e145d0d8a63	X	27454459	31627784	2708	0.0039
80300c22-3f72-4523-ac20-4e145d0d8a63	X	31628752	31628757	2	-1.496
80300c22-3f72-4523-ac20-4e145d0d8a63	X	31631998	84723547	24019	0.011
80300c22-3f72-4523-ac20-4e145d0d8a63	X	84724333	84724871	2	-1.3748
80300c22-3f72-4523-ac20-4e145d0d8a63	X	84731743	89728272	3102	-0.0032
80300c22-3f72-4523-ac20-4e145d0d8a63	X	89730844	89731087	2	-1.4264
80300c22-3f72-4523-ac20-4e145d0d8a63	X	89732626	155180293	36876	0.0076
80300c22-3f72-4523-ac20-4e145d0d8a63	X	155188794	155189126	3	-1.1268
80300c22-3f72-4523-ac20-4e145d0d8a63	X	155190019	155952689	223	0.0449
80300c22-3f72-4523-ac20-4e145d0d8a63	Y	2782397	56872112	6640	-1.0418
