GDC_Aliquot	Chromosome	Start	End	Num_Probes	Segment_Mean
815c2a7a-a33b-4899-a2aa-df187eccf1bd	1	62920	2998148	603	0.0914
815c2a7a-a33b-4899-a2aa-df187eccf1bd	1	3003378	3268421	123	-0.0452
815c2a7a-a33b-4899-a2aa-df187eccf1bd	1	3274375	16689764	7941	0.0302
815c2a7a-a33b-4899-a2aa-df187eccf1bd	1	16718963	16891412	32	-0.2324
815c2a7a-a33b-4899-a2aa-df187eccf1bd	1	16898475	24757617	4959	0.0188
815c2a7a-a33b-4899-a2aa-df187eccf1bd	1	24760503	25125946	248	-0.0645
815c2a7a-a33b-4899-a2aa-df187eccf1bd	1	25126604	25133069	17	0.2118
815c2a7a-a33b-4899-a2aa-df187eccf1bd	1	25133084	25256352	73	-0.0546
815c2a7a-a33b-4899-a2aa-df187eccf1bd	1	25256800	25277975	13	0.4665
815c2a7a-a33b-4899-a2aa-df187eccf1bd	1	25278567	25318693	8	0.7991
815c2a7a-a33b-4899-a2aa-df187eccf1bd	1	25319167	25390874	29	0.1012
815c2a7a-a33b-4899-a2aa-df187eccf1bd	1	25393020	34626073	4924	-0.0491
815c2a7a-a33b-4899-a2aa-df187eccf1bd	1	34637053	34638890	20	-0.4735
815c2a7a-a33b-4899-a2aa-df187eccf1bd	1	34648667	56310149	12359	-0.0365
815c2a7a-a33b-4899-a2aa-df187eccf1bd	1	56310697	56545989	184	0.0202
815c2a7a-a33b-4899-a2aa-df187eccf1bd	1	56545994	58016357	1275	0.0737
815c2a7a-a33b-4899-a2aa-df187eccf1bd	1	58016644	58018605	7	-0.8482
815c2a7a-a33b-4899-a2aa-df187eccf1bd	1	58018792	61647430	2622	0.0646
815c2a7a-a33b-4899-a2aa-df187eccf1bd	1	61648334	61654306	6	0.6075
815c2a7a-a33b-4899-a2aa-df187eccf1bd	1	61654892	63311502	1173	0.0496
815c2a7a-a33b-4899-a2aa-df187eccf1bd	1	63313675	63327484	2	-0.8926
815c2a7a-a33b-4899-a2aa-df187eccf1bd	1	63330661	72284165	6094	0.0669
815c2a7a-a33b-4899-a2aa-df187eccf1bd	1	72284670	72297687	10	-0.5644
815c2a7a-a33b-4899-a2aa-df187eccf1bd	1	72302735	72345393	46	0.3303
815c2a7a-a33b-4899-a2aa-df187eccf1bd	1	72345450	89009572	10917	0.0686
815c2a7a-a33b-4899-a2aa-df187eccf1bd	1	89012275	89012522	2	-2.4565
815c2a7a-a33b-4899-a2aa-df187eccf1bd	1	89015841	103560608	9037	0.0626
815c2a7a-a33b-4899-a2aa-df187eccf1bd	1	103566616	103616762	26	0.4392
815c2a7a-a33b-4899-a2aa-df187eccf1bd	1	103620877	103697364	4	-0.5913
815c2a7a-a33b-4899-a2aa-df187eccf1bd	1	103717410	103760781	3	0.7816
815c2a7a-a33b-4899-a2aa-df187eccf1bd	1	103760879	105476583	914	0.06
815c2a7a-a33b-4899-a2aa-df187eccf1bd	1	105476614	105479753	16	0.6434
815c2a7a-a33b-4899-a2aa-df187eccf1bd	1	105481433	109638683	2612	0.059
815c2a7a-a33b-4899-a2aa-df187eccf1bd	1	109640204	109697556	30	0.3143
815c2a7a-a33b-4899-a2aa-df187eccf1bd	1	109702376	121705338	7123	0.0629
815c2a7a-a33b-4899-a2aa-df187eccf1bd	1	143459641	143748012	98	-0.4531
815c2a7a-a33b-4899-a2aa-df187eccf1bd	1	143748074	143754798	18	0.0894
815c2a7a-a33b-4899-a2aa-df187eccf1bd	1	143759680	143942271	12	-0.4203
815c2a7a-a33b-4899-a2aa-df187eccf1bd	1	144432083	152583051	2300	0.1007
815c2a7a-a33b-4899-a2aa-df187eccf1bd	1	152583230	152588065	9	-0.6146
815c2a7a-a33b-4899-a2aa-df187eccf1bd	1	152588392	152613762	22	-1.4782
815c2a7a-a33b-4899-a2aa-df187eccf1bd	1	152613802	152787202	170	0.0655
815c2a7a-a33b-4899-a2aa-df187eccf1bd	1	152789447	152796224	37	-1.3653
815c2a7a-a33b-4899-a2aa-df187eccf1bd	1	152801429	167795598	10140	0.104
815c2a7a-a33b-4899-a2aa-df187eccf1bd	1	167796946	167797682	4	-0.9883
815c2a7a-a33b-4899-a2aa-df187eccf1bd	1	167799276	189053468	14089	0.1131
815c2a7a-a33b-4899-a2aa-df187eccf1bd	1	189053479	189061213	9	-0.3911
815c2a7a-a33b-4899-a2aa-df187eccf1bd	1	189063349	189679027	413	0.1031
815c2a7a-a33b-4899-a2aa-df187eccf1bd	1	189679353	189679397	2	-0.8654
815c2a7a-a33b-4899-a2aa-df187eccf1bd	1	189682917	193186662	2329	0.1128
815c2a7a-a33b-4899-a2aa-df187eccf1bd	1	193187149	193187202	3	-0.6607
815c2a7a-a33b-4899-a2aa-df187eccf1bd	1	193187218	196745743	2385	0.1167
815c2a7a-a33b-4899-a2aa-df187eccf1bd	1	196758720	196829513	50	0.4894
815c2a7a-a33b-4899-a2aa-df187eccf1bd	1	196829534	199142235	1382	0.1185
815c2a7a-a33b-4899-a2aa-df187eccf1bd	1	199142298	199144712	8	-0.5831
815c2a7a-a33b-4899-a2aa-df187eccf1bd	1	199145110	209897717	7390	0.106
815c2a7a-a33b-4899-a2aa-df187eccf1bd	1	209908268	209908720	2	-1.0373
815c2a7a-a33b-4899-a2aa-df187eccf1bd	1	209910639	210435155	356	0.1183
815c2a7a-a33b-4899-a2aa-df187eccf1bd	1	210435623	210436070	3	-0.8081
815c2a7a-a33b-4899-a2aa-df187eccf1bd	1	210436164	222274411	8270	0.1098
815c2a7a-a33b-4899-a2aa-df187eccf1bd	1	222276791	227533384	3197	0.0277
815c2a7a-a33b-4899-a2aa-df187eccf1bd	1	227533532	228169816	301	0.1186
815c2a7a-a33b-4899-a2aa-df187eccf1bd	1	228172258	248550567	14659	0.0321
815c2a7a-a33b-4899-a2aa-df187eccf1bd	1	248572774	248645808	36	0.3181
815c2a7a-a33b-4899-a2aa-df187eccf1bd	1	248646068	248930189	139	0.0419
815c2a7a-a33b-4899-a2aa-df187eccf1bd	2	12784	34466002	24046	-0.1167
815c2a7a-a33b-4899-a2aa-df187eccf1bd	2	34474248	34511990	46	-0.6344
815c2a7a-a33b-4899-a2aa-df187eccf1bd	2	34512096	35750907	871	-0.1126
815c2a7a-a33b-4899-a2aa-df187eccf1bd	2	35752724	35761650	4	-1.2033
815c2a7a-a33b-4899-a2aa-df187eccf1bd	2	35761842	48982809	9587	-0.1141
815c2a7a-a33b-4899-a2aa-df187eccf1bd	2	48985370	52514599	2511	-0.026
815c2a7a-a33b-4899-a2aa-df187eccf1bd	2	52516787	52554404	41	0.543
815c2a7a-a33b-4899-a2aa-df187eccf1bd	2	52560811	59770909	5045	-0.016
815c2a7a-a33b-4899-a2aa-df187eccf1bd	2	59773001	146104517	48101	-0.1086
815c2a7a-a33b-4899-a2aa-df187eccf1bd	2	146106836	146109366	24	-1.383
815c2a7a-a33b-4899-a2aa-df187eccf1bd	2	146120238	202755309	33853	-0.1006
815c2a7a-a33b-4899-a2aa-df187eccf1bd	2	202755550	205258156	1560	-0.0039
815c2a7a-a33b-4899-a2aa-df187eccf1bd	2	205260242	207490231	1441	-0.1006
815c2a7a-a33b-4899-a2aa-df187eccf1bd	2	207490454	207494612	15	-0.8599
815c2a7a-a33b-4899-a2aa-df187eccf1bd	2	207494752	221470681	8961	-0.0997
815c2a7a-a33b-4899-a2aa-df187eccf1bd	2	221470854	228895452	4884	-0.0106
815c2a7a-a33b-4899-a2aa-df187eccf1bd	2	228895503	242147305	8180	-0.1212
815c2a7a-a33b-4899-a2aa-df187eccf1bd	3	20930	3659922	3286	-0.0072
815c2a7a-a33b-4899-a2aa-df187eccf1bd	3	3662436	3662725	2	-1.7096
815c2a7a-a33b-4899-a2aa-df187eccf1bd	3	3662738	46751887	29830	0.0075
815c2a7a-a33b-4899-a2aa-df187eccf1bd	3	46760327	46771582	20	-0.565
815c2a7a-a33b-4899-a2aa-df187eccf1bd	3	46776750	46790560	6	-0.0672
815c2a7a-a33b-4899-a2aa-df187eccf1bd	3	46790591	46807689	13	-0.7305
815c2a7a-a33b-4899-a2aa-df187eccf1bd	3	46808099	47797207	401	-0.0034
815c2a7a-a33b-4899-a2aa-df187eccf1bd	3	47797288	52492820	1831	-0.0454
815c2a7a-a33b-4899-a2aa-df187eccf1bd	3	52496771	65202778	9839	-0.0009
815c2a7a-a33b-4899-a2aa-df187eccf1bd	3	65203560	65214027	31	-0.4983
815c2a7a-a33b-4899-a2aa-df187eccf1bd	3	65214192	68697108	2439	0.0002
815c2a7a-a33b-4899-a2aa-df187eccf1bd	3	68697133	68698262	13	-0.9278
815c2a7a-a33b-4899-a2aa-df187eccf1bd	3	68699607	69472614	608	-0.0014
815c2a7a-a33b-4899-a2aa-df187eccf1bd	3	69473384	72797807	2500	-0.2642
815c2a7a-a33b-4899-a2aa-df187eccf1bd	3	72800612	75450463	1791	-0.0009
815c2a7a-a33b-4899-a2aa-df187eccf1bd	3	75451613	75481836	10	0.4542
815c2a7a-a33b-4899-a2aa-df187eccf1bd	3	75481943	75519398	16	-0.0239
815c2a7a-a33b-4899-a2aa-df187eccf1bd	3	75523398	75537654	6	0.7836
815c2a7a-a33b-4899-a2aa-df187eccf1bd	3	75546030	89345576	7677	0.0107
815c2a7a-a33b-4899-a2aa-df187eccf1bd	3	89345592	89366674	32	0.26
815c2a7a-a33b-4899-a2aa-df187eccf1bd	3	89366755	95737262	1390	0.0185
815c2a7a-a33b-4899-a2aa-df187eccf1bd	3	95748036	95749266	2	1.091
815c2a7a-a33b-4899-a2aa-df187eccf1bd	3	95749836	99225614	1841	0.0282
815c2a7a-a33b-4899-a2aa-df187eccf1bd	3	99225632	99230264	29	-0.4628
815c2a7a-a33b-4899-a2aa-df187eccf1bd	3	99230312	130044855	18682	0.0152
815c2a7a-a33b-4899-a2aa-df187eccf1bd	3	130047743	130087393	37	-1.133
815c2a7a-a33b-4899-a2aa-df187eccf1bd	3	130088081	136300257	4019	0.0143
815c2a7a-a33b-4899-a2aa-df187eccf1bd	3	136304109	136306584	2	-1.9646
815c2a7a-a33b-4899-a2aa-df187eccf1bd	3	136319699	143566923	4327	0.0163
815c2a7a-a33b-4899-a2aa-df187eccf1bd	3	143566958	143567132	4	0.8375
815c2a7a-a33b-4899-a2aa-df187eccf1bd	3	143567959	162509006	11693	0.0238
815c2a7a-a33b-4899-a2aa-df187eccf1bd	3	162509019	162509033	2	-1.0975
815c2a7a-a33b-4899-a2aa-df187eccf1bd	3	162509049	162813082	186	-0.0091
815c2a7a-a33b-4899-a2aa-df187eccf1bd	3	162815162	162822702	7	-1.1482
815c2a7a-a33b-4899-a2aa-df187eccf1bd	3	162827928	193160256	19172	0.0175
815c2a7a-a33b-4899-a2aa-df187eccf1bd	3	193160406	193165114	17	-0.9786
815c2a7a-a33b-4899-a2aa-df187eccf1bd	3	193168646	195673928	1484	-0.0005
815c2a7a-a33b-4899-a2aa-df187eccf1bd	3	195683075	195715711	18	0.532
815c2a7a-a33b-4899-a2aa-df187eccf1bd	3	195719726	198169247	1186	0.0033
815c2a7a-a33b-4899-a2aa-df187eccf1bd	4	68929	10208766	5697	0.0866
815c2a7a-a33b-4899-a2aa-df187eccf1bd	4	10212536	10233644	36	1.2829
815c2a7a-a33b-4899-a2aa-df187eccf1bd	4	10234518	10389091	171	0.1572
815c2a7a-a33b-4899-a2aa-df187eccf1bd	4	10390730	10399044	16	-0.3023
815c2a7a-a33b-4899-a2aa-df187eccf1bd	4	10401094	23828615	9709	0.0986
815c2a7a-a33b-4899-a2aa-df187eccf1bd	4	23830905	34777340	7031	0.0192
815c2a7a-a33b-4899-a2aa-df187eccf1bd	4	34777353	34823103	43	0.4179
815c2a7a-a33b-4899-a2aa-df187eccf1bd	4	34828250	35666645	545	0.0117
815c2a7a-a33b-4899-a2aa-df187eccf1bd	4	35667121	45003738	6074	-0.0721
815c2a7a-a33b-4899-a2aa-df187eccf1bd	4	45003835	45004318	4	-0.9732
815c2a7a-a33b-4899-a2aa-df187eccf1bd	4	45008952	46860081	955	-0.0718
815c2a7a-a33b-4899-a2aa-df187eccf1bd	4	46861682	49214614	1372	0.0164
815c2a7a-a33b-4899-a2aa-df187eccf1bd	4	49289175	49295203	3	-1.558
815c2a7a-a33b-4899-a2aa-df187eccf1bd	4	49501149	52288273	292	0.0349
815c2a7a-a33b-4899-a2aa-df187eccf1bd	4	52288608	62622777	6604	0.0873
815c2a7a-a33b-4899-a2aa-df187eccf1bd	4	62625827	66225179	2227	0.0235
815c2a7a-a33b-4899-a2aa-df187eccf1bd	4	66225213	67689790	872	-0.078
815c2a7a-a33b-4899-a2aa-df187eccf1bd	4	67689906	68395346	433	-0.0156
815c2a7a-a33b-4899-a2aa-df187eccf1bd	4	68416487	68422424	5	0.9493
815c2a7a-a33b-4899-a2aa-df187eccf1bd	4	68429081	68509237	14	-0.1746
815c2a7a-a33b-4899-a2aa-df187eccf1bd	4	68509442	68620261	62	-1.4613
815c2a7a-a33b-4899-a2aa-df187eccf1bd	4	68623617	69079291	217	-0.005
815c2a7a-a33b-4899-a2aa-df187eccf1bd	4	69080374	69257792	97	-0.0809
815c2a7a-a33b-4899-a2aa-df187eccf1bd	4	69261926	69366406	56	-0.5143
815c2a7a-a33b-4899-a2aa-df187eccf1bd	4	69370433	69523998	108	-0.0068
815c2a7a-a33b-4899-a2aa-df187eccf1bd	4	69524143	69525061	2	-1.5592
815c2a7a-a33b-4899-a2aa-df187eccf1bd	4	69526170	89743097	12575	-0.068
815c2a7a-a33b-4899-a2aa-df187eccf1bd	4	89746283	101645554	6967	0.0285
815c2a7a-a33b-4899-a2aa-df187eccf1bd	4	101646129	122428821	12526	0.1253
815c2a7a-a33b-4899-a2aa-df187eccf1bd	4	122429031	127074347	2790	0.0297
815c2a7a-a33b-4899-a2aa-df187eccf1bd	4	127075235	134511629	4050	0.1048
815c2a7a-a33b-4899-a2aa-df187eccf1bd	4	134511809	137170949	1467	0.0306
815c2a7a-a33b-4899-a2aa-df187eccf1bd	4	137171041	137173818	17	-0.4147
815c2a7a-a33b-4899-a2aa-df187eccf1bd	4	137173967	141788570	3076	0.0316
815c2a7a-a33b-4899-a2aa-df187eccf1bd	4	141789176	144653692	1732	0.116
815c2a7a-a33b-4899-a2aa-df187eccf1bd	4	144653980	160958989	9869	0.0311
815c2a7a-a33b-4899-a2aa-df187eccf1bd	4	160959045	160963756	18	-0.4797
815c2a7a-a33b-4899-a2aa-df187eccf1bd	4	160963767	166050775	3296	0.1142
815c2a7a-a33b-4899-a2aa-df187eccf1bd	4	166059815	171448195	3347	0.0297
815c2a7a-a33b-4899-a2aa-df187eccf1bd	4	171453733	171456573	11	1.0786
815c2a7a-a33b-4899-a2aa-df187eccf1bd	4	171456625	171769950	183	0.0262
815c2a7a-a33b-4899-a2aa-df187eccf1bd	4	171775122	190094046	12263	0.1532
815c2a7a-a33b-4899-a2aa-df187eccf1bd	4	190095009	190106768	3	-1.3204
815c2a7a-a33b-4899-a2aa-df187eccf1bd	5	15532	698390	309	0.0606
815c2a7a-a33b-4899-a2aa-df187eccf1bd	5	717264	773453	24	0.7095
815c2a7a-a33b-4899-a2aa-df187eccf1bd	5	779766	12819263	9835	0.0601
815c2a7a-a33b-4899-a2aa-df187eccf1bd	5	12819554	12838421	10	0.6326
815c2a7a-a33b-4899-a2aa-df187eccf1bd	5	12849089	15734905	1985	0.0677
815c2a7a-a33b-4899-a2aa-df187eccf1bd	5	15735424	15783487	29	-0.2044
815c2a7a-a33b-4899-a2aa-df187eccf1bd	5	15784929	33969523	11273	0.0576
815c2a7a-a33b-4899-a2aa-df187eccf1bd	5	33969901	34700599	397	-0.0225
815c2a7a-a33b-4899-a2aa-df187eccf1bd	5	34700960	34701084	2	-1.3713
815c2a7a-a33b-4899-a2aa-df187eccf1bd	5	34703258	58025819	11799	0.0627
815c2a7a-a33b-4899-a2aa-df187eccf1bd	5	58030200	58037706	32	1.4084
815c2a7a-a33b-4899-a2aa-df187eccf1bd	5	58042530	58667156	476	0.0393
815c2a7a-a33b-4899-a2aa-df187eccf1bd	5	58667916	59001876	248	0.1165
815c2a7a-a33b-4899-a2aa-df187eccf1bd	5	59002054	59008327	14	-0.0351
815c2a7a-a33b-4899-a2aa-df187eccf1bd	5	59008560	59008743	2	-0.7776
815c2a7a-a33b-4899-a2aa-df187eccf1bd	5	59008878	59300487	259	0.0723
815c2a7a-a33b-4899-a2aa-df187eccf1bd	5	59300661	59313785	4	-0.5942
815c2a7a-a33b-4899-a2aa-df187eccf1bd	5	59315200	62277545	1821	0.0579
815c2a7a-a33b-4899-a2aa-df187eccf1bd	5	62279164	62280446	3	-1.0377
815c2a7a-a33b-4899-a2aa-df187eccf1bd	5	62286365	123810516	37017	0.0644
815c2a7a-a33b-4899-a2aa-df187eccf1bd	5	123810750	123810832	2	-1.3792
815c2a7a-a33b-4899-a2aa-df187eccf1bd	5	123811156	156048095	20280	0.056
815c2a7a-a33b-4899-a2aa-df187eccf1bd	5	156049762	156055719	14	-1.4353
815c2a7a-a33b-4899-a2aa-df187eccf1bd	5	156068240	177800550	14766	0.0559
815c2a7a-a33b-4899-a2aa-df187eccf1bd	5	177801578	177805604	2	1.7598
815c2a7a-a33b-4899-a2aa-df187eccf1bd	5	177827964	180947523	1795	0.0506
815c2a7a-a33b-4899-a2aa-df187eccf1bd	5	180951710	180991103	19	-1.5715
815c2a7a-a33b-4899-a2aa-df187eccf1bd	5	181006225	181363319	170	0.0575
815c2a7a-a33b-4899-a2aa-df187eccf1bd	6	149661	254283	101	0.0818
815c2a7a-a33b-4899-a2aa-df187eccf1bd	6	257353	322696	31	-0.5003
815c2a7a-a33b-4899-a2aa-df187eccf1bd	6	323084	31313046	22160	0.0583
815c2a7a-a33b-4899-a2aa-df187eccf1bd	6	31318499	31328674	11	-1.0788
815c2a7a-a33b-4899-a2aa-df187eccf1bd	6	31342147	32481273	498	0.037
815c2a7a-a33b-4899-a2aa-df187eccf1bd	6	32485024	32486746	4	-0.8258
815c2a7a-a33b-4899-a2aa-df187eccf1bd	6	32488906	32619680	42	-0.1945
815c2a7a-a33b-4899-a2aa-df187eccf1bd	6	32625244	32634330	6	-0.9142
815c2a7a-a33b-4899-a2aa-df187eccf1bd	6	32634492	38690363	3641	0.0377
815c2a7a-a33b-4899-a2aa-df187eccf1bd	6	38690440	41493657	2162	0.0785
815c2a7a-a33b-4899-a2aa-df187eccf1bd	6	41493696	44437516	1617	0.0198
815c2a7a-a33b-4899-a2aa-df187eccf1bd	6	44437531	54066286	6270	0.076
815c2a7a-a33b-4899-a2aa-df187eccf1bd	6	54066353	54067057	7	-0.7442
815c2a7a-a33b-4899-a2aa-df187eccf1bd	6	54070550	54980887	604	0.0741
815c2a7a-a33b-4899-a2aa-df187eccf1bd	6	54983657	54985341	4	-0.8539
815c2a7a-a33b-4899-a2aa-df187eccf1bd	6	54987314	58096364	1467	0.0582
815c2a7a-a33b-4899-a2aa-df187eccf1bd	6	58099774	58100791	4	-2.3346
815c2a7a-a33b-4899-a2aa-df187eccf1bd	6	58106296	60351931	140	0.0743
815c2a7a-a33b-4899-a2aa-df187eccf1bd	6	60352984	72508989	7292	-0.3786
815c2a7a-a33b-4899-a2aa-df187eccf1bd	6	72512139	73882142	847	0.054
815c2a7a-a33b-4899-a2aa-df187eccf1bd	6	73882509	73891694	10	0.826
815c2a7a-a33b-4899-a2aa-df187eccf1bd	6	73893839	76730151	1763	0.0699
815c2a7a-a33b-4899-a2aa-df187eccf1bd	6	76730331	76743040	20	0.6138
815c2a7a-a33b-4899-a2aa-df187eccf1bd	6	76751356	78252909	971	0.0588
815c2a7a-a33b-4899-a2aa-df187eccf1bd	6	78253157	78325310	113	0.3273
815c2a7a-a33b-4899-a2aa-df187eccf1bd	6	78325457	80574472	1425	0.0545
815c2a7a-a33b-4899-a2aa-df187eccf1bd	6	80574526	80579817	32	-0.6454
815c2a7a-a33b-4899-a2aa-df187eccf1bd	6	80584624	83208846	1663	0.0726
815c2a7a-a33b-4899-a2aa-df187eccf1bd	6	83208932	83209402	2	-0.8751
815c2a7a-a33b-4899-a2aa-df187eccf1bd	6	83209465	84923267	1060	0.072
815c2a7a-a33b-4899-a2aa-df187eccf1bd	6	84929902	86364226	812	-0.4012
815c2a7a-a33b-4899-a2aa-df187eccf1bd	6	86364520	86372433	5	-1.4833
815c2a7a-a33b-4899-a2aa-df187eccf1bd	6	86373855	90496746	2627	-0.39
815c2a7a-a33b-4899-a2aa-df187eccf1bd	6	90497372	90498974	4	-1.7356
815c2a7a-a33b-4899-a2aa-df187eccf1bd	6	90499432	103286954	7784	-0.3915
815c2a7a-a33b-4899-a2aa-df187eccf1bd	6	103290101	103314186	46	0.2536
815c2a7a-a33b-4899-a2aa-df187eccf1bd	6	103317795	153636235	32143	-0.3943
815c2a7a-a33b-4899-a2aa-df187eccf1bd	6	153639651	153640284	2	-2.3734
815c2a7a-a33b-4899-a2aa-df187eccf1bd	6	153640764	158201359	2980	-0.4054
815c2a7a-a33b-4899-a2aa-df187eccf1bd	6	158205300	158493481	245	0.0597
815c2a7a-a33b-4899-a2aa-df187eccf1bd	6	158495940	167303671	6626	-0.4128
815c2a7a-a33b-4899-a2aa-df187eccf1bd	6	167305948	167392339	44	-0.0267
815c2a7a-a33b-4899-a2aa-df187eccf1bd	6	167394732	170741917	1984	-0.4285
815c2a7a-a33b-4899-a2aa-df187eccf1bd	7	43355	9693442	5825	-0.0141
815c2a7a-a33b-4899-a2aa-df187eccf1bd	7	9694694	11273526	1130	0.0888
815c2a7a-a33b-4899-a2aa-df187eccf1bd	7	11273744	11276091	5	0.7222
815c2a7a-a33b-4899-a2aa-df187eccf1bd	7	11276167	12803095	1281	0.0843
815c2a7a-a33b-4899-a2aa-df187eccf1bd	7	12805379	38251092	19050	0.0068
815c2a7a-a33b-4899-a2aa-df187eccf1bd	7	38251113	38317707	103	0.2812
815c2a7a-a33b-4899-a2aa-df187eccf1bd	7	38317722	126405502	49410	0.0068
815c2a7a-a33b-4899-a2aa-df187eccf1bd	7	126405597	126406561	10	0.7838
815c2a7a-a33b-4899-a2aa-df187eccf1bd	7	126406822	130910288	2505	0.0225
815c2a7a-a33b-4899-a2aa-df187eccf1bd	7	130911049	134100424	2190	0.0679
815c2a7a-a33b-4899-a2aa-df187eccf1bd	7	134100442	134114444	35	0.3881
815c2a7a-a33b-4899-a2aa-df187eccf1bd	7	134121491	142063324	5175	0.0685
815c2a7a-a33b-4899-a2aa-df187eccf1bd	7	142069843	142090403	32	-0.4048
815c2a7a-a33b-4899-a2aa-df187eccf1bd	7	142092108	158339473	10214	0.0681
815c2a7a-a33b-4899-a2aa-df187eccf1bd	7	158344294	159334314	632	0.0316
815c2a7a-a33b-4899-a2aa-df187eccf1bd	8	81254	7329124	7724	0.0639
815c2a7a-a33b-4899-a2aa-df187eccf1bd	8	7336299	7380497	20	0.5764
815c2a7a-a33b-4899-a2aa-df187eccf1bd	8	7396819	7838739	20	0.1787
815c2a7a-a33b-4899-a2aa-df187eccf1bd	8	7873171	7890177	6	0.6768
815c2a7a-a33b-4899-a2aa-df187eccf1bd	8	7919608	39153207	22582	0.0717
815c2a7a-a33b-4899-a2aa-df187eccf1bd	8	39155653	39495103	145	0.1019
815c2a7a-a33b-4899-a2aa-df187eccf1bd	8	39495168	39498870	2	-0.9827
815c2a7a-a33b-4899-a2aa-df187eccf1bd	8	39499202	40914477	1090	0.0984
815c2a7a-a33b-4899-a2aa-df187eccf1bd	8	40920333	40920952	2	-1.4725
815c2a7a-a33b-4899-a2aa-df187eccf1bd	8	40926161	67635434	14431	0.0907
815c2a7a-a33b-4899-a2aa-df187eccf1bd	8	67635897	67636165	6	-0.5491
815c2a7a-a33b-4899-a2aa-df187eccf1bd	8	67636256	71299946	2348	0.0904
815c2a7a-a33b-4899-a2aa-df187eccf1bd	8	71300130	71304364	9	-0.5192
815c2a7a-a33b-4899-a2aa-df187eccf1bd	8	71307628	110612334	23710	0.0896
815c2a7a-a33b-4899-a2aa-df187eccf1bd	8	110612697	111282417	348	0.0503
815c2a7a-a33b-4899-a2aa-df187eccf1bd	8	111282441	111283016	5	-1.3171
815c2a7a-a33b-4899-a2aa-df187eccf1bd	8	111283031	114622678	1823	0.0965
815c2a7a-a33b-4899-a2aa-df187eccf1bd	8	114622851	114629502	29	-0.3948
815c2a7a-a33b-4899-a2aa-df187eccf1bd	8	114638468	136755501	15909	0.0868
815c2a7a-a33b-4899-a2aa-df187eccf1bd	8	136755820	136756058	2	-1.0534
815c2a7a-a33b-4899-a2aa-df187eccf1bd	8	136756230	137295182	424	0.0938
815c2a7a-a33b-4899-a2aa-df187eccf1bd	8	137297496	137297713	3	-0.809
815c2a7a-a33b-4899-a2aa-df187eccf1bd	8	137298455	143486289	4121	0.0943
815c2a7a-a33b-4899-a2aa-df187eccf1bd	8	143490588	143490953	2	-0.9424
815c2a7a-a33b-4899-a2aa-df187eccf1bd	8	143491285	143616987	40	0.1055
815c2a7a-a33b-4899-a2aa-df187eccf1bd	8	143622987	143625638	9	-0.5003
815c2a7a-a33b-4899-a2aa-df187eccf1bd	8	143636819	145072769	500	0.105
815c2a7a-a33b-4899-a2aa-df187eccf1bd	9	46587	12141524	11339	0.0442
815c2a7a-a33b-4899-a2aa-df187eccf1bd	9	12144717	12147460	6	-1.0796
815c2a7a-a33b-4899-a2aa-df187eccf1bd	9	12148057	21666067	7883	0.0464
815c2a7a-a33b-4899-a2aa-df187eccf1bd	9	21667296	21682261	18	-0.2977
815c2a7a-a33b-4899-a2aa-df187eccf1bd	9	21682303	23361807	1127	0.0462
815c2a7a-a33b-4899-a2aa-df187eccf1bd	9	23363117	23373486	8	-1.6555
815c2a7a-a33b-4899-a2aa-df187eccf1bd	9	23378490	42014203	10828	0.039
815c2a7a-a33b-4899-a2aa-df187eccf1bd	9	42037471	42202227	21	-0.3586
815c2a7a-a33b-4899-a2aa-df187eccf1bd	9	42211663	60898630	64	0.1601
815c2a7a-a33b-4899-a2aa-df187eccf1bd	9	61337631	62929035	60	0.3695
815c2a7a-a33b-4899-a2aa-df187eccf1bd	9	63253816	87907679	14327	0.0396
815c2a7a-a33b-4899-a2aa-df187eccf1bd	9	87939236	87939304	2	-1.3502
815c2a7a-a33b-4899-a2aa-df187eccf1bd	9	87943042	102178547	9455	0.0366
815c2a7a-a33b-4899-a2aa-df187eccf1bd	9	102178679	102191871	24	-0.8898
815c2a7a-a33b-4899-a2aa-df187eccf1bd	9	102199297	106913073	3380	0.0395
815c2a7a-a33b-4899-a2aa-df187eccf1bd	9	106913992	106914149	2	-1.1569
815c2a7a-a33b-4899-a2aa-df187eccf1bd	9	106914612	119581402	10054	0.0416
815c2a7a-a33b-4899-a2aa-df187eccf1bd	9	119584649	136161669	10029	0.0193
815c2a7a-a33b-4899-a2aa-df187eccf1bd	9	136164933	136168810	5	-0.7335
815c2a7a-a33b-4899-a2aa-df187eccf1bd	9	136169628	138045447	584	0.0188
815c2a7a-a33b-4899-a2aa-df187eccf1bd	9	138047989	138200944	115	0.0934
815c2a7a-a33b-4899-a2aa-df187eccf1bd	10	45792	16424371	13729	0.0548
815c2a7a-a33b-4899-a2aa-df187eccf1bd	10	16425243	16428934	3	-2.0325
815c2a7a-a33b-4899-a2aa-df187eccf1bd	10	16434272	20551945	3219	0.0512
815c2a7a-a33b-4899-a2aa-df187eccf1bd	10	20561183	20564605	6	-0.738
815c2a7a-a33b-4899-a2aa-df187eccf1bd	10	20573498	26933116	4179	0.0518
815c2a7a-a33b-4899-a2aa-df187eccf1bd	10	26934974	26939544	14	0.548
815c2a7a-a33b-4899-a2aa-df187eccf1bd	10	26941064	65546518	23154	0.0613
815c2a7a-a33b-4899-a2aa-df187eccf1bd	10	65548165	65566308	32	0.5223
815c2a7a-a33b-4899-a2aa-df187eccf1bd	10	65566389	66022240	396	0.0669
815c2a7a-a33b-4899-a2aa-df187eccf1bd	10	66024671	66025419	3	-0.7005
815c2a7a-a33b-4899-a2aa-df187eccf1bd	10	66030637	68251597	1385	0.0591
815c2a7a-a33b-4899-a2aa-df187eccf1bd	10	68252436	75400924	4207	0.0324
815c2a7a-a33b-4899-a2aa-df187eccf1bd	10	75403530	81118403	4102	0.0625
815c2a7a-a33b-4899-a2aa-df187eccf1bd	10	81121574	81130027	10	-1.0538
815c2a7a-a33b-4899-a2aa-df187eccf1bd	10	81134713	89178916	5685	0.0651
815c2a7a-a33b-4899-a2aa-df187eccf1bd	10	89183210	89190337	13	-0.8237
815c2a7a-a33b-4899-a2aa-df187eccf1bd	10	89190649	133654968	30336	0.0584
815c2a7a-a33b-4899-a2aa-df187eccf1bd	11	198510	4946420	2413	-0.0191
815c2a7a-a33b-4899-a2aa-df187eccf1bd	11	4947280	4955042	30	-1.3875
815c2a7a-a33b-4899-a2aa-df187eccf1bd	11	4955781	5500921	532	0.0026
815c2a7a-a33b-4899-a2aa-df187eccf1bd	11	5500945	5501180	3	-1.0468
815c2a7a-a33b-4899-a2aa-df187eccf1bd	11	5501298	5768639	246	-0.0115
815c2a7a-a33b-4899-a2aa-df187eccf1bd	11	5769582	5787909	26	0.534
815c2a7a-a33b-4899-a2aa-df187eccf1bd	11	5788108	8300175	1878	-0.0009
815c2a7a-a33b-4899-a2aa-df187eccf1bd	11	8301349	11439841	2260	-0.2548
815c2a7a-a33b-4899-a2aa-df187eccf1bd	11	11442616	11443243	2	-1.7961
815c2a7a-a33b-4899-a2aa-df187eccf1bd	11	11443342	12914191	1267	-0.2595
815c2a7a-a33b-4899-a2aa-df187eccf1bd	11	12916362	18919309	3984	0.0022
815c2a7a-a33b-4899-a2aa-df187eccf1bd	11	18919323	18939631	36	0.6392
815c2a7a-a33b-4899-a2aa-df187eccf1bd	11	18939734	41619168	16344	0.008
815c2a7a-a33b-4899-a2aa-df187eccf1bd	11	41619559	48576870	4200	-0.0918
815c2a7a-a33b-4899-a2aa-df187eccf1bd	11	48579882	48581124	2	-1.5449
815c2a7a-a33b-4899-a2aa-df187eccf1bd	11	48584766	50614055	780	-0.0736
815c2a7a-a33b-4899-a2aa-df187eccf1bd	11	50630048	55498438	322	0.0444
815c2a7a-a33b-4899-a2aa-df187eccf1bd	11	55498543	71841619	8484	-0.017
815c2a7a-a33b-4899-a2aa-df187eccf1bd	11	71845993	71846382	2	1.036
815c2a7a-a33b-4899-a2aa-df187eccf1bd	11	71856692	77446187	2928	-0.0189
815c2a7a-a33b-4899-a2aa-df187eccf1bd	11	77460604	77460620	2	-1.0169
815c2a7a-a33b-4899-a2aa-df187eccf1bd	11	77460846	78279720	424	-0.0101
815c2a7a-a33b-4899-a2aa-df187eccf1bd	11	78281921	80256469	1525	0.0174
815c2a7a-a33b-4899-a2aa-df187eccf1bd	11	80256504	80256520	2	-2.25
815c2a7a-a33b-4899-a2aa-df187eccf1bd	11	80256642	87843221	5355	-0.0074
815c2a7a-a33b-4899-a2aa-df187eccf1bd	11	87844540	135030575	33534	-0.0835
815c2a7a-a33b-4899-a2aa-df187eccf1bd	11	135032173	135074876	30	0.0839
815c2a7a-a33b-4899-a2aa-df187eccf1bd	12	51460	756804	415	0.0501
815c2a7a-a33b-4899-a2aa-df187eccf1bd	12	759943	766188	19	-0.7398
815c2a7a-a33b-4899-a2aa-df187eccf1bd	12	767080	6158072	4119	0.0602
815c2a7a-a33b-4899-a2aa-df187eccf1bd	12	6162022	6905443	361	0.0186
815c2a7a-a33b-4899-a2aa-df187eccf1bd	12	6906543	6913959	5	0.4803
815c2a7a-a33b-4899-a2aa-df187eccf1bd	12	6919230	7113984	78	0.0079
815c2a7a-a33b-4899-a2aa-df187eccf1bd	12	7114138	7114396	2	1.4214
815c2a7a-a33b-4899-a2aa-df187eccf1bd	12	7117309	8289689	555	0.0348
815c2a7a-a33b-4899-a2aa-df187eccf1bd	12	8296516	8296621	2	1.2973
815c2a7a-a33b-4899-a2aa-df187eccf1bd	12	8300870	11078856	1670	-0.0179
815c2a7a-a33b-4899-a2aa-df187eccf1bd	12	11080319	11088933	5	-1.328
815c2a7a-a33b-4899-a2aa-df187eccf1bd	12	11099275	11359597	135	-0.0339
815c2a7a-a33b-4899-a2aa-df187eccf1bd	12	11359637	11399258	28	0.2561
815c2a7a-a33b-4899-a2aa-df187eccf1bd	12	11399668	15585592	3109	-0.0277
815c2a7a-a33b-4899-a2aa-df187eccf1bd	12	15586386	15600667	5	-0.7191
815c2a7a-a33b-4899-a2aa-df187eccf1bd	12	15601994	18845523	1975	-0.0084
815c2a7a-a33b-4899-a2aa-df187eccf1bd	12	18846893	29006640	7184	0.1058
815c2a7a-a33b-4899-a2aa-df187eccf1bd	12	29006848	29011589	4	-0.6472
815c2a7a-a33b-4899-a2aa-df187eccf1bd	12	29015050	58327448	15844	0.1017
815c2a7a-a33b-4899-a2aa-df187eccf1bd	12	58336368	58336379	2	1.2183
815c2a7a-a33b-4899-a2aa-df187eccf1bd	12	58337065	63717757	3486	0.1103
815c2a7a-a33b-4899-a2aa-df187eccf1bd	12	63723488	63725129	3	-1.0728
815c2a7a-a33b-4899-a2aa-df187eccf1bd	12	63726862	70478078	4466	0.1053
815c2a7a-a33b-4899-a2aa-df187eccf1bd	12	70478895	70485605	10	-0.3829
815c2a7a-a33b-4899-a2aa-df187eccf1bd	12	70485653	101555328	19793	0.1098
815c2a7a-a33b-4899-a2aa-df187eccf1bd	12	101555493	101570303	25	0.5002
815c2a7a-a33b-4899-a2aa-df187eccf1bd	12	101571223	129516041	19011	0.0998
815c2a7a-a33b-4899-a2aa-df187eccf1bd	12	129518945	129519049	2	-1.6746
815c2a7a-a33b-4899-a2aa-df187eccf1bd	12	129519225	133201603	2354	0.0941
815c2a7a-a33b-4899-a2aa-df187eccf1bd	13	18452809	23055048	2847	-0.0134
815c2a7a-a33b-4899-a2aa-df187eccf1bd	13	23055071	23065741	19	-0.4164
815c2a7a-a33b-4899-a2aa-df187eccf1bd	13	23065761	24845038	1388	-0.0159
815c2a7a-a33b-4899-a2aa-df187eccf1bd	13	24845587	28264975	2522	0.1065
815c2a7a-a33b-4899-a2aa-df187eccf1bd	13	28266740	36043936	5676	-0.0126
815c2a7a-a33b-4899-a2aa-df187eccf1bd	13	36049309	36050952	3	-0.9019
815c2a7a-a33b-4899-a2aa-df187eccf1bd	13	36056960	37497899	998	-0.0125
815c2a7a-a33b-4899-a2aa-df187eccf1bd	13	37498087	37504215	8	-1.3259
815c2a7a-a33b-4899-a2aa-df187eccf1bd	13	37504282	37510620	7	-2.4206
815c2a7a-a33b-4899-a2aa-df187eccf1bd	13	37514193	38478674	697	-0.0287
815c2a7a-a33b-4899-a2aa-df187eccf1bd	13	38483435	38483919	2	1.1546
815c2a7a-a33b-4899-a2aa-df187eccf1bd	13	38490920	48957415	7314	-0.0129
815c2a7a-a33b-4899-a2aa-df187eccf1bd	13	48959579	48962368	2	1.129
815c2a7a-a33b-4899-a2aa-df187eccf1bd	13	48963569	55499567	3659	-0.0117
815c2a7a-a33b-4899-a2aa-df187eccf1bd	13	55502778	56470440	494	0.0688
815c2a7a-a33b-4899-a2aa-df187eccf1bd	13	56475225	57189903	340	-0.0208
815c2a7a-a33b-4899-a2aa-df187eccf1bd	13	57189923	57200942	15	0.348
815c2a7a-a33b-4899-a2aa-df187eccf1bd	13	57200966	58016147	425	-0.0013
815c2a7a-a33b-4899-a2aa-df187eccf1bd	13	58016945	58022896	5	-1.2582
815c2a7a-a33b-4899-a2aa-df187eccf1bd	13	58027918	63650072	3363	-0.0038
815c2a7a-a33b-4899-a2aa-df187eccf1bd	13	63650659	63662559	9	-0.8544
815c2a7a-a33b-4899-a2aa-df187eccf1bd	13	63665430	93369602	19104	-0.0057
815c2a7a-a33b-4899-a2aa-df187eccf1bd	13	93370037	94860776	1070	0.0751
815c2a7a-a33b-4899-a2aa-df187eccf1bd	13	94863501	103437833	6020	-0.019
815c2a7a-a33b-4899-a2aa-df187eccf1bd	13	103438498	111034875	6190	0.0653
815c2a7a-a33b-4899-a2aa-df187eccf1bd	13	111036711	114342922	1780	-0.018
815c2a7a-a33b-4899-a2aa-df187eccf1bd	14	18239283	19675350	63	0.1902
815c2a7a-a33b-4899-a2aa-df187eccf1bd	14	19689684	19957350	106	-0.2163
815c2a7a-a33b-4899-a2aa-df187eccf1bd	14	19957701	21912650	1320	0.0513
815c2a7a-a33b-4899-a2aa-df187eccf1bd	14	21913024	22509094	539	0.2533
815c2a7a-a33b-4899-a2aa-df187eccf1bd	14	22509114	26314697	2468	0.0562
815c2a7a-a33b-4899-a2aa-df187eccf1bd	14	26314707	26314712	6	0.8913
815c2a7a-a33b-4899-a2aa-df187eccf1bd	14	26315707	48159720	13382	0.0626
815c2a7a-a33b-4899-a2aa-df187eccf1bd	14	48159839	48159965	2	-1.1222
815c2a7a-a33b-4899-a2aa-df187eccf1bd	14	48162508	105578033	36899	0.0514
815c2a7a-a33b-4899-a2aa-df187eccf1bd	14	105588560	106644606	390	0.1516
815c2a7a-a33b-4899-a2aa-df187eccf1bd	14	106646232	106877229	118	0.0652
815c2a7a-a33b-4899-a2aa-df187eccf1bd	15	19811075	20056983	50	0.1011
815c2a7a-a33b-4899-a2aa-df187eccf1bd	15	20059033	20376311	45	-0.5408
815c2a7a-a33b-4899-a2aa-df187eccf1bd	15	20380735	20384789	12	-1.6792
815c2a7a-a33b-4899-a2aa-df187eccf1bd	15	20384907	22299523	98	-0.6414
815c2a7a-a33b-4899-a2aa-df187eccf1bd	15	22385639	24226855	913	-0.0324
815c2a7a-a33b-4899-a2aa-df187eccf1bd	15	24227083	24259010	14	-0.6263
815c2a7a-a33b-4899-a2aa-df187eccf1bd	15	24263561	24429986	67	-0.003
815c2a7a-a33b-4899-a2aa-df187eccf1bd	15	24435245	24488093	36	0.2639
815c2a7a-a33b-4899-a2aa-df187eccf1bd	15	24492131	25327457	541	-0.0388
815c2a7a-a33b-4899-a2aa-df187eccf1bd	15	25327675	30094208	3043	-0.1222
815c2a7a-a33b-4899-a2aa-df187eccf1bd	15	30106026	30656433	45	0.1582
815c2a7a-a33b-4899-a2aa-df187eccf1bd	15	30658326	34421922	2549	-0.1309
815c2a7a-a33b-4899-a2aa-df187eccf1bd	15	34430601	34439084	11	-0.354
815c2a7a-a33b-4899-a2aa-df187eccf1bd	15	34447671	34526116	53	-0.7301
815c2a7a-a33b-4899-a2aa-df187eccf1bd	15	34570058	42083780	4941	-0.1321
815c2a7a-a33b-4899-a2aa-df187eccf1bd	15	42088231	51970414	5569	-0.0433
815c2a7a-a33b-4899-a2aa-df187eccf1bd	15	51973538	51979322	4	-0.9211
815c2a7a-a33b-4899-a2aa-df187eccf1bd	15	51981087	57521931	3696	-0.041
815c2a7a-a33b-4899-a2aa-df187eccf1bd	15	57522123	57919248	379	0.0539
815c2a7a-a33b-4899-a2aa-df187eccf1bd	15	57919453	71516424	9172	-0.0551
815c2a7a-a33b-4899-a2aa-df187eccf1bd	15	71521212	89323129	10739	0.0248
815c2a7a-a33b-4899-a2aa-df187eccf1bd	15	89325718	89326098	2	-1.1086
815c2a7a-a33b-4899-a2aa-df187eccf1bd	15	89326435	93374954	3066	0.0204
815c2a7a-a33b-4899-a2aa-df187eccf1bd	15	93375069	93375733	2	-1.537
815c2a7a-a33b-4899-a2aa-df187eccf1bd	15	93379565	93693330	291	0.0203
815c2a7a-a33b-4899-a2aa-df187eccf1bd	15	93694348	93694392	2	-1.2922
815c2a7a-a33b-4899-a2aa-df187eccf1bd	15	93705607	100320104	4928	0.0367
815c2a7a-a33b-4899-a2aa-df187eccf1bd	15	100320180	100320223	2	-1.0337
815c2a7a-a33b-4899-a2aa-df187eccf1bd	15	100322319	101425587	855	0.0303
815c2a7a-a33b-4899-a2aa-df187eccf1bd	15	101425591	101429067	2	-0.9669
815c2a7a-a33b-4899-a2aa-df187eccf1bd	15	101429334	101928837	316	0.0255
815c2a7a-a33b-4899-a2aa-df187eccf1bd	16	10777	8134142	5735	0.2439
815c2a7a-a33b-4899-a2aa-df187eccf1bd	16	8134192	11218542	2705	0.2746
815c2a7a-a33b-4899-a2aa-df187eccf1bd	16	11219194	21349109	5928	0.2281
815c2a7a-a33b-4899-a2aa-df187eccf1bd	16	21352084	21608963	41	0.4288
815c2a7a-a33b-4899-a2aa-df187eccf1bd	16	21609085	22614298	366	0.296
815c2a7a-a33b-4899-a2aa-df187eccf1bd	16	22614315	22707065	60	0.4693
815c2a7a-a33b-4899-a2aa-df187eccf1bd	16	22707617	26903143	2985	0.2288
815c2a7a-a33b-4899-a2aa-df187eccf1bd	16	26904141	30513879	1525	0.2815
815c2a7a-a33b-4899-a2aa-df187eccf1bd	16	30520709	35225338	803	0.2222
815c2a7a-a33b-4899-a2aa-df187eccf1bd	16	35232200	35266753	22	0.7116
815c2a7a-a33b-4899-a2aa-df187eccf1bd	16	35268863	35282555	6	0.2078
815c2a7a-a33b-4899-a2aa-df187eccf1bd	16	35282935	35511822	135	0.7554
815c2a7a-a33b-4899-a2aa-df187eccf1bd	16	35514333	46470502	143	0.2933
815c2a7a-a33b-4899-a2aa-df187eccf1bd	16	46473753	55761039	6447	-0.3697
815c2a7a-a33b-4899-a2aa-df187eccf1bd	16	55761136	55788485	22	-1.1647
815c2a7a-a33b-4899-a2aa-df187eccf1bd	16	55788532	55808544	4	-0.2731
815c2a7a-a33b-4899-a2aa-df187eccf1bd	16	55808603	55824881	10	0.273
815c2a7a-a33b-4899-a2aa-df187eccf1bd	16	55834527	73347807	10240	-0.3718
815c2a7a-a33b-4899-a2aa-df187eccf1bd	16	73356385	73357243	5	-1.7824
815c2a7a-a33b-4899-a2aa-df187eccf1bd	16	73359422	78337711	3988	-0.3759
815c2a7a-a33b-4899-a2aa-df187eccf1bd	16	78338543	78350868	17	0.7835
815c2a7a-a33b-4899-a2aa-df187eccf1bd	16	78351104	78507435	234	-0.3525
815c2a7a-a33b-4899-a2aa-df187eccf1bd	16	78507458	87984050	9472	-0.4036
815c2a7a-a33b-4899-a2aa-df187eccf1bd	16	87986057	90089117	876	-0.3225
815c2a7a-a33b-4899-a2aa-df187eccf1bd	16	90089235	90096867	5	0.0852
815c2a7a-a33b-4899-a2aa-df187eccf1bd	17	150733	1033248	476	-0.3624
815c2a7a-a33b-4899-a2aa-df187eccf1bd	17	1033611	18221775	10775	-0.425
815c2a7a-a33b-4899-a2aa-df187eccf1bd	17	18221955	18375453	87	-0.3713
815c2a7a-a33b-4899-a2aa-df187eccf1bd	17	18375514	18593989	52	-0.0942
815c2a7a-a33b-4899-a2aa-df187eccf1bd	17	18596118	21774057	1244	-0.3695
815c2a7a-a33b-4899-a2aa-df187eccf1bd	17	22050386	22319095	61	0.0073
815c2a7a-a33b-4899-a2aa-df187eccf1bd	17	22321736	27453867	419	0.2395
815c2a7a-a33b-4899-a2aa-df187eccf1bd	17	27458163	28028008	344	0.3783
815c2a7a-a33b-4899-a2aa-df187eccf1bd	17	28030073	28348367	136	0.19
815c2a7a-a33b-4899-a2aa-df187eccf1bd	17	28350472	33218390	2363	0.3684
815c2a7a-a33b-4899-a2aa-df187eccf1bd	17	33219431	41265456	4810	0.449
815c2a7a-a33b-4899-a2aa-df187eccf1bd	17	41266762	41274279	24	-0.6441
815c2a7a-a33b-4899-a2aa-df187eccf1bd	17	41276472	41553156	271	0.4846
815c2a7a-a33b-4899-a2aa-df187eccf1bd	17	41554308	43361222	834	0.4106
815c2a7a-a33b-4899-a2aa-df187eccf1bd	17	43362318	43362553	2	-0.6499
815c2a7a-a33b-4899-a2aa-df187eccf1bd	17	43366336	44227276	475	0.4647
815c2a7a-a33b-4899-a2aa-df187eccf1bd	17	44227526	44227964	2	-0.7311
815c2a7a-a33b-4899-a2aa-df187eccf1bd	17	44231196	45497555	564	0.4521
815c2a7a-a33b-4899-a2aa-df187eccf1bd	17	45508731	45571138	4	-0.356
815c2a7a-a33b-4899-a2aa-df187eccf1bd	17	45571174	45632798	16	0.2055
815c2a7a-a33b-4899-a2aa-df187eccf1bd	17	45632942	46803880	532	0.5501
815c2a7a-a33b-4899-a2aa-df187eccf1bd	17	46803956	50565233	1955	0.4585
815c2a7a-a33b-4899-a2aa-df187eccf1bd	17	50566354	57610128	4968	0.5086
815c2a7a-a33b-4899-a2aa-df187eccf1bd	17	57610972	57611632	2	-1.6135
815c2a7a-a33b-4899-a2aa-df187eccf1bd	17	57614632	65088877	3601	0.4722
815c2a7a-a33b-4899-a2aa-df187eccf1bd	17	65094815	74643971	6721	0.5073
815c2a7a-a33b-4899-a2aa-df187eccf1bd	17	74644553	78676336	2161	0.4732
815c2a7a-a33b-4899-a2aa-df187eccf1bd	17	78677915	78678151	2	-0.8057
815c2a7a-a33b-4899-a2aa-df187eccf1bd	17	78680303	83091923	2065	0.489
815c2a7a-a33b-4899-a2aa-df187eccf1bd	18	48133	1723387	1171	0.0341
815c2a7a-a33b-4899-a2aa-df187eccf1bd	18	1725757	1838111	90	-1.0274
815c2a7a-a33b-4899-a2aa-df187eccf1bd	18	1841468	2447670	469	0.0307
815c2a7a-a33b-4899-a2aa-df187eccf1bd	18	2448513	14776224	8478	-0.0451
815c2a7a-a33b-4899-a2aa-df187eccf1bd	18	14778692	15402409	173	0.0647
815c2a7a-a33b-4899-a2aa-df187eccf1bd	18	20949392	28801132	4768	-0.1265
815c2a7a-a33b-4899-a2aa-df187eccf1bd	18	28801901	31000524	1307	-0.0339
815c2a7a-a33b-4899-a2aa-df187eccf1bd	18	31000711	36344918	3343	-0.1348
815c2a7a-a33b-4899-a2aa-df187eccf1bd	18	36345792	36345877	2	-1.415
815c2a7a-a33b-4899-a2aa-df187eccf1bd	18	36348005	42768731	4353	-0.122
815c2a7a-a33b-4899-a2aa-df187eccf1bd	18	42769501	42770775	3	-1.3254
815c2a7a-a33b-4899-a2aa-df187eccf1bd	18	42770884	44444592	968	-0.1317
815c2a7a-a33b-4899-a2aa-df187eccf1bd	18	44448552	44454280	6	-0.852
815c2a7a-a33b-4899-a2aa-df187eccf1bd	18	44455877	58429283	9626	-0.1314
815c2a7a-a33b-4899-a2aa-df187eccf1bd	18	58429546	58432175	2	-1.276
815c2a7a-a33b-4899-a2aa-df187eccf1bd	18	58432260	60600083	1652	-0.1355
815c2a7a-a33b-4899-a2aa-df187eccf1bd	18	60600610	60603213	2	-1.2593
815c2a7a-a33b-4899-a2aa-df187eccf1bd	18	60603611	65805650	3589	-0.1275
815c2a7a-a33b-4899-a2aa-df187eccf1bd	18	65805815	65806321	2	-1.1096
815c2a7a-a33b-4899-a2aa-df187eccf1bd	18	65806648	66099904	253	-0.1171
815c2a7a-a33b-4899-a2aa-df187eccf1bd	18	66100052	66100686	2	-2.016
815c2a7a-a33b-4899-a2aa-df187eccf1bd	18	66108359	80257174	10353	-0.1367
815c2a7a-a33b-4899-a2aa-df187eccf1bd	19	90910	3305832	884	-0.4057
815c2a7a-a33b-4899-a2aa-df187eccf1bd	19	3308078	3308098	2	-2.043
815c2a7a-a33b-4899-a2aa-df187eccf1bd	19	3319720	3383498	24	-0.3858
815c2a7a-a33b-4899-a2aa-df187eccf1bd	19	3389634	4844140	382	0.0734
815c2a7a-a33b-4899-a2aa-df187eccf1bd	19	4844621	6138016	579	0.3953
815c2a7a-a33b-4899-a2aa-df187eccf1bd	19	6139058	7206062	565	0.0742
815c2a7a-a33b-4899-a2aa-df187eccf1bd	19	7208905	7597408	167	-0.1903
815c2a7a-a33b-4899-a2aa-df187eccf1bd	19	7597643	11600764	1895	-0.2876
815c2a7a-a33b-4899-a2aa-df187eccf1bd	19	11601147	12665488	559	-0.2297
815c2a7a-a33b-4899-a2aa-df187eccf1bd	19	12668356	12857022	73	-0.0443
815c2a7a-a33b-4899-a2aa-df187eccf1bd	19	12857822	14941853	958	-0.2149
815c2a7a-a33b-4899-a2aa-df187eccf1bd	19	14943167	16342457	925	-0.0173
815c2a7a-a33b-4899-a2aa-df187eccf1bd	19	16343717	17379204	512	-0.2131
815c2a7a-a33b-4899-a2aa-df187eccf1bd	19	17381877	18590689	492	0.0031
815c2a7a-a33b-4899-a2aa-df187eccf1bd	19	18596238	18865073	93	0.3351
815c2a7a-a33b-4899-a2aa-df187eccf1bd	19	18871838	19987882	542	0.192
815c2a7a-a33b-4899-a2aa-df187eccf1bd	19	19990255	20563384	343	0.3571
815c2a7a-a33b-4899-a2aa-df187eccf1bd	19	20576271	20577052	2	1.4318
815c2a7a-a33b-4899-a2aa-df187eccf1bd	19	20582324	27884549	2304	0.3173
815c2a7a-a33b-4899-a2aa-df187eccf1bd	19	27884820	30793899	2240	0.356
815c2a7a-a33b-4899-a2aa-df187eccf1bd	19	30797211	30797633	2	-0.7484
815c2a7a-a33b-4899-a2aa-df187eccf1bd	19	30799692	32184501	1090	0.3766
815c2a7a-a33b-4899-a2aa-df187eccf1bd	19	32185509	36354973	2510	0.3205
815c2a7a-a33b-4899-a2aa-df187eccf1bd	19	36355248	36356596	10	-0.8665
815c2a7a-a33b-4899-a2aa-df187eccf1bd	19	36356735	37849175	758	0.32
815c2a7a-a33b-4899-a2aa-df187eccf1bd	19	37850859	37853577	3	-0.5414
815c2a7a-a33b-4899-a2aa-df187eccf1bd	19	37855094	47898676	4965	0.3123
815c2a7a-a33b-4899-a2aa-df187eccf1bd	19	47898691	47959373	5	-0.4688
815c2a7a-a33b-4899-a2aa-df187eccf1bd	19	47959877	51628560	1847	0.3252
815c2a7a-a33b-4899-a2aa-df187eccf1bd	19	51639099	51644944	11	-0.3016
815c2a7a-a33b-4899-a2aa-df187eccf1bd	19	51651652	54740939	2016	0.3436
815c2a7a-a33b-4899-a2aa-df187eccf1bd	19	54772391	54786431	3	-1.1175
815c2a7a-a33b-4899-a2aa-df187eccf1bd	19	54787128	55757730	466	0.3357
815c2a7a-a33b-4899-a2aa-df187eccf1bd	19	55760397	55774927	10	0.807
815c2a7a-a33b-4899-a2aa-df187eccf1bd	19	55777575	58586487	1835	0.3468
815c2a7a-a33b-4899-a2aa-df187eccf1bd	20	80664	1580353	1202	0.0748
815c2a7a-a33b-4899-a2aa-df187eccf1bd	20	1580934	1613247	41	-0.9329
815c2a7a-a33b-4899-a2aa-df187eccf1bd	20	1617300	25463899	18404	0.0839
815c2a7a-a33b-4899-a2aa-df187eccf1bd	20	25466839	52224307	13812	0.0606
815c2a7a-a33b-4899-a2aa-df187eccf1bd	20	52225219	57539439	4247	0.0813
815c2a7a-a33b-4899-a2aa-df187eccf1bd	20	57540627	57544076	2	-0.9509
815c2a7a-a33b-4899-a2aa-df187eccf1bd	20	57544613	58094923	464	0.0996
815c2a7a-a33b-4899-a2aa-df187eccf1bd	20	58095518	58095551	2	1.2359
815c2a7a-a33b-4899-a2aa-df187eccf1bd	20	58095773	64284215	4124	0.0892
815c2a7a-a33b-4899-a2aa-df187eccf1bd	20	64284715	64324800	6	-0.7137
815c2a7a-a33b-4899-a2aa-df187eccf1bd	21	10354168	46677045	23794	0.0295
815c2a7a-a33b-4899-a2aa-df187eccf1bd	22	15294547	18134748	1105	0.2088
815c2a7a-a33b-4899-a2aa-df187eccf1bd	22	18138194	18142004	3	0.966
815c2a7a-a33b-4899-a2aa-df187eccf1bd	22	18143362	18146386	8	-0.7521
815c2a7a-a33b-4899-a2aa-df187eccf1bd	22	18147293	18649244	17	0.2668
815c2a7a-a33b-4899-a2aa-df187eccf1bd	22	18760927	18822597	6	-0.3434
815c2a7a-a33b-4899-a2aa-df187eccf1bd	22	18917479	19019471	53	-0.8585
815c2a7a-a33b-4899-a2aa-df187eccf1bd	22	19037293	19694232	418	0.2262
815c2a7a-a33b-4899-a2aa-df187eccf1bd	22	19694298	20796967	790	0.3116
815c2a7a-a33b-4899-a2aa-df187eccf1bd	22	20797016	22398345	1054	0.2452
815c2a7a-a33b-4899-a2aa-df187eccf1bd	22	22398407	22398545	3	-0.8049
815c2a7a-a33b-4899-a2aa-df187eccf1bd	22	22402989	24320954	1114	0.2641
815c2a7a-a33b-4899-a2aa-df187eccf1bd	22	24321373	25598372	982	0.3339
815c2a7a-a33b-4899-a2aa-df187eccf1bd	22	25602486	26398972	781	0.2501
815c2a7a-a33b-4899-a2aa-df187eccf1bd	22	26400389	38954217	8875	-0.4284
815c2a7a-a33b-4899-a2aa-df187eccf1bd	22	38955461	39053323	47	-0.1041
815c2a7a-a33b-4899-a2aa-df187eccf1bd	22	39053498	42663518	1938	-0.4082
815c2a7a-a33b-4899-a2aa-df187eccf1bd	22	42665476	49432269	5361	-0.4646
815c2a7a-a33b-4899-a2aa-df187eccf1bd	22	49432321	50796027	675	-0.4125
815c2a7a-a33b-4899-a2aa-df187eccf1bd	X	251810	67231227	35268	0.0034
815c2a7a-a33b-4899-a2aa-df187eccf1bd	X	67239634	67725898	200	0.3047
815c2a7a-a33b-4899-a2aa-df187eccf1bd	X	67728163	117461743	25501	0.0041
815c2a7a-a33b-4899-a2aa-df187eccf1bd	X	117463322	117465773	2	-1.3261
815c2a7a-a33b-4899-a2aa-df187eccf1bd	X	117466671	151124426	20174	0.0034
815c2a7a-a33b-4899-a2aa-df187eccf1bd	X	151125462	151126987	2	-1.7433
815c2a7a-a33b-4899-a2aa-df187eccf1bd	X	151128083	154350140	1785	-0.0016
815c2a7a-a33b-4899-a2aa-df187eccf1bd	X	154352308	154365810	21	0.3119
815c2a7a-a33b-4899-a2aa-df187eccf1bd	X	154367050	155952689	549	0.0349
815c2a7a-a33b-4899-a2aa-df187eccf1bd	Y	2782397	56872112	6640	-0.8336
