GDC_Aliquot	Chromosome	Start	End	Num_Probes	Segment_Mean
7266b08c-75d0-4307-9852-73fc482f5644	1	62920	72297687	42681	-0.0849
7266b08c-75d0-4307-9852-73fc482f5644	1	72302735	72345465	48	0.8177
7266b08c-75d0-4307-9852-73fc482f5644	1	72346221	75585159	1929	-0.0754
7266b08c-75d0-4307-9852-73fc482f5644	1	75589078	75589169	2	-2.2596
7266b08c-75d0-4307-9852-73fc482f5644	1	75593824	95689620	13234	-0.0865
7266b08c-75d0-4307-9852-73fc482f5644	1	95690160	95690510	2	-2.1885
7266b08c-75d0-4307-9852-73fc482f5644	1	95690660	103614539	4819	-0.0775
7266b08c-75d0-4307-9852-73fc482f5644	1	103614695	103620877	6	0.9658
7266b08c-75d0-4307-9852-73fc482f5644	1	103621165	109684695	3566	-0.0867
7266b08c-75d0-4307-9852-73fc482f5644	1	109684893	109697533	13	-1.0048
7266b08c-75d0-4307-9852-73fc482f5644	1	109697556	143494500	7122	-0.0913
7266b08c-75d0-4307-9852-73fc482f5644	1	143541857	143927887	124	0.7379
7266b08c-75d0-4307-9852-73fc482f5644	1	143928045	144442092	5	-0.5586
7266b08c-75d0-4307-9852-73fc482f5644	1	144442098	146044884	175	0.7649
7266b08c-75d0-4307-9852-73fc482f5644	1	146062439	146788785	7	-0.2238
7266b08c-75d0-4307-9852-73fc482f5644	1	147004967	152583051	2129	0.7011
7266b08c-75d0-4307-9852-73fc482f5644	1	152583230	152618018	36	1.3108
7266b08c-75d0-4307-9852-73fc482f5644	1	152618089	152787202	166	0.724
7266b08c-75d0-4307-9852-73fc482f5644	1	152789447	152795783	32	1.0624
7266b08c-75d0-4307-9852-73fc482f5644	1	152795805	158542020	3270	0.7384
7266b08c-75d0-4307-9852-73fc482f5644	1	158542634	158545295	25	0.3849
7266b08c-75d0-4307-9852-73fc482f5644	1	158547206	158989785	385	0.7301
7266b08c-75d0-4307-9852-73fc482f5644	1	158992249	158993006	2	-0.911
7266b08c-75d0-4307-9852-73fc482f5644	1	158997074	160175917	773	0.738
7266b08c-75d0-4307-9852-73fc482f5644	1	160176383	160178881	6	0.0594
7266b08c-75d0-4307-9852-73fc482f5644	1	160181084	161553345	801	0.717
7266b08c-75d0-4307-9852-73fc482f5644	1	161647612	161649268	10	-0.3277
7266b08c-75d0-4307-9852-73fc482f5644	1	161678447	163322572	1369	0.7293
7266b08c-75d0-4307-9852-73fc482f5644	1	163324544	163324738	3	-0.6188
7266b08c-75d0-4307-9852-73fc482f5644	1	163325544	174733487	8096	0.715
7266b08c-75d0-4307-9852-73fc482f5644	1	174734492	174742253	2	-0.5628
7266b08c-75d0-4307-9852-73fc482f5644	1	174743384	174827267	57	0.6159
7266b08c-75d0-4307-9852-73fc482f5644	1	174827418	174832716	17	-0.6745
7266b08c-75d0-4307-9852-73fc482f5644	1	174832734	187746723	8662	0.7204
7266b08c-75d0-4307-9852-73fc482f5644	1	187748429	187752238	2	-1.8195
7266b08c-75d0-4307-9852-73fc482f5644	1	187755479	191686815	2551	0.6916
7266b08c-75d0-4307-9852-73fc482f5644	1	191689687	191691704	2	-0.8863
7266b08c-75d0-4307-9852-73fc482f5644	1	191695184	198335406	4294	0.6985
7266b08c-75d0-4307-9852-73fc482f5644	1	198337730	198338649	3	-0.4409
7266b08c-75d0-4307-9852-73fc482f5644	1	198342229	200793746	1691	0.7053
7266b08c-75d0-4307-9852-73fc482f5644	1	200793914	212716525	8138	0.7431
7266b08c-75d0-4307-9852-73fc482f5644	1	212716803	212826477	81	0.6175
7266b08c-75d0-4307-9852-73fc482f5644	1	212831113	212837094	8	0.0859
7266b08c-75d0-4307-9852-73fc482f5644	1	212841111	213830375	627	0.7269
7266b08c-75d0-4307-9852-73fc482f5644	1	213833847	213838562	3	-0.9544
7266b08c-75d0-4307-9852-73fc482f5644	1	213840793	242874036	20625	0.7278
7266b08c-75d0-4307-9852-73fc482f5644	1	242875257	243146790	95	0.5223
7266b08c-75d0-4307-9852-73fc482f5644	1	243147219	248930189	3710	0.7343
7266b08c-75d0-4307-9852-73fc482f5644	2	12784	4158097	2983	-0.0799
7266b08c-75d0-4307-9852-73fc482f5644	2	4166274	4176429	42	-0.722
7266b08c-75d0-4307-9852-73fc482f5644	2	4182472	10840591	5274	-0.0737
7266b08c-75d0-4307-9852-73fc482f5644	2	10841805	15196447	3217	-0.1583
7266b08c-75d0-4307-9852-73fc482f5644	2	15198787	17776980	1820	-0.0773
7266b08c-75d0-4307-9852-73fc482f5644	2	17777495	20617733	2187	-0.1528
7266b08c-75d0-4307-9852-73fc482f5644	2	20617913	20623492	5	-0.9177
7266b08c-75d0-4307-9852-73fc482f5644	2	20623852	30731755	6037	-0.0793
7266b08c-75d0-4307-9852-73fc482f5644	2	30732220	30732597	2	-2.1606
7266b08c-75d0-4307-9852-73fc482f5644	2	30734814	52527590	15491	-0.0807
7266b08c-75d0-4307-9852-73fc482f5644	2	52527727	52554404	35	0.5968
7266b08c-75d0-4307-9852-73fc482f5644	2	52560811	54195834	1226	-0.0921
7266b08c-75d0-4307-9852-73fc482f5644	2	54196860	54200997	4	-1.0119
7266b08c-75d0-4307-9852-73fc482f5644	2	54201533	54255416	42	-0.1435
7266b08c-75d0-4307-9852-73fc482f5644	2	54255805	54255827	2	-1.4768
7266b08c-75d0-4307-9852-73fc482f5644	2	54259004	62267366	5180	-0.0833
7266b08c-75d0-4307-9852-73fc482f5644	2	62267387	62268074	2	-1.3068
7266b08c-75d0-4307-9852-73fc482f5644	2	62269405	65489482	1764	-0.0809
7266b08c-75d0-4307-9852-73fc482f5644	2	65490878	65491040	3	-1.8998
7266b08c-75d0-4307-9852-73fc482f5644	2	65491681	67718500	1692	-0.0756
7266b08c-75d0-4307-9852-73fc482f5644	2	67718602	67718746	2	-1.4223
7266b08c-75d0-4307-9852-73fc482f5644	2	67719196	86250186	11697	-0.0817
7266b08c-75d0-4307-9852-73fc482f5644	2	86250341	86251506	2	-1.9297
7266b08c-75d0-4307-9852-73fc482f5644	2	86251857	87286164	382	-0.1625
7266b08c-75d0-4307-9852-73fc482f5644	2	87287256	87295819	3	-1.4267
7266b08c-75d0-4307-9852-73fc482f5644	2	87299357	97192190	1768	-0.0892
7266b08c-75d0-4307-9852-73fc482f5644	2	97199600	97211436	14	-0.9015
7266b08c-75d0-4307-9852-73fc482f5644	2	97310327	97359885	13	-0.0864
7266b08c-75d0-4307-9852-73fc482f5644	2	97524284	97545247	8	0.919
7266b08c-75d0-4307-9852-73fc482f5644	2	97545726	128786348	18863	-0.0777
7266b08c-75d0-4307-9852-73fc482f5644	2	128786515	138033119	5526	-0.1218
7266b08c-75d0-4307-9852-73fc482f5644	2	138034591	139987757	1182	-0.0588
7266b08c-75d0-4307-9852-73fc482f5644	2	139991873	139992399	2	-1.4172
7266b08c-75d0-4307-9852-73fc482f5644	2	139992621	146104517	3770	-0.0871
7266b08c-75d0-4307-9852-73fc482f5644	2	146106836	146109366	24	-1.4792
7266b08c-75d0-4307-9852-73fc482f5644	2	146120238	157699095	6882	-0.1187
7266b08c-75d0-4307-9852-73fc482f5644	2	157705641	174464938	10404	-0.0806
7266b08c-75d0-4307-9852-73fc482f5644	2	174465423	183220725	5507	-0.1155
7266b08c-75d0-4307-9852-73fc482f5644	2	183221060	183224996	9	-1.1459
7266b08c-75d0-4307-9852-73fc482f5644	2	183229270	212321824	17134	-0.0747
7266b08c-75d0-4307-9852-73fc482f5644	2	212322478	212327101	24	-0.7766
7266b08c-75d0-4307-9852-73fc482f5644	2	212327402	242147305	18981	-0.0789
7266b08c-75d0-4307-9852-73fc482f5644	3	20930	298010	261	-0.0967
7266b08c-75d0-4307-9852-73fc482f5644	3	298430	298538	2	-3.0711
7266b08c-75d0-4307-9852-73fc482f5644	3	298629	107314617	68104	-0.0774
7266b08c-75d0-4307-9852-73fc482f5644	3	107316951	107317337	2	-2.6093
7266b08c-75d0-4307-9852-73fc482f5644	3	107320614	122895373	9607	-0.0798
7266b08c-75d0-4307-9852-73fc482f5644	3	122900445	122923447	10	-0.6436
7266b08c-75d0-4307-9852-73fc482f5644	3	122923568	128454001	3538	-0.0845
7266b08c-75d0-4307-9852-73fc482f5644	3	128455175	128459148	3	-1.3599
7266b08c-75d0-4307-9852-73fc482f5644	3	128459899	130067531	760	-0.0721
7266b08c-75d0-4307-9852-73fc482f5644	3	130067896	130087393	29	0.5399
7266b08c-75d0-4307-9852-73fc482f5644	3	130088081	193162798	39424	-0.0802
7266b08c-75d0-4307-9852-73fc482f5644	3	193162937	193165114	11	0.7388
7266b08c-75d0-4307-9852-73fc482f5644	3	193168646	193856072	462	-0.0752
7266b08c-75d0-4307-9852-73fc482f5644	3	193856142	193863470	6	-0.8657
7266b08c-75d0-4307-9852-73fc482f5644	3	193863939	194913439	689	-0.0772
7266b08c-75d0-4307-9852-73fc482f5644	3	194913859	194921116	6	-0.8583
7266b08c-75d0-4307-9852-73fc482f5644	3	194921751	196046906	477	-0.0601
7266b08c-75d0-4307-9852-73fc482f5644	3	196049719	196049866	2	1.3648
7266b08c-75d0-4307-9852-73fc482f5644	3	196049956	196937288	424	-0.0794
7266b08c-75d0-4307-9852-73fc482f5644	3	196938927	196939188	2	-2.1206
7266b08c-75d0-4307-9852-73fc482f5644	3	196947878	198169247	619	-0.0653
7266b08c-75d0-4307-9852-73fc482f5644	4	68929	10208766	5691	-0.0828
7266b08c-75d0-4307-9852-73fc482f5644	4	10221792	10229874	28	2.2212
7266b08c-75d0-4307-9852-73fc482f5644	4	10232590	10234518	8	0.7768
7266b08c-75d0-4307-9852-73fc482f5644	4	10236812	10389091	169	-0.0554
7266b08c-75d0-4307-9852-73fc482f5644	4	10390730	10397244	8	-1.1217
7266b08c-75d0-4307-9852-73fc482f5644	4	10397651	34777238	16767	-0.0806
7266b08c-75d0-4307-9852-73fc482f5644	4	34777340	34839742	55	0.4782
7266b08c-75d0-4307-9852-73fc482f5644	4	34839764	68509237	19409	-0.0771
7266b08c-75d0-4307-9852-73fc482f5644	4	68509442	68663241	67	0.3482
7266b08c-75d0-4307-9852-73fc482f5644	4	68671434	137168393	40875	-0.0786
7266b08c-75d0-4307-9852-73fc482f5644	4	137170949	137173967	19	-0.8029
7266b08c-75d0-4307-9852-73fc482f5644	4	137187209	141192981	2761	-0.0887
7266b08c-75d0-4307-9852-73fc482f5644	4	141193382	141193785	2	-1.653
7266b08c-75d0-4307-9852-73fc482f5644	4	141194537	160952848	11905	-0.0829
7266b08c-75d0-4307-9852-73fc482f5644	4	160958866	160963432	19	-0.5135
7266b08c-75d0-4307-9852-73fc482f5644	4	160963448	167886977	4351	-0.0851
7266b08c-75d0-4307-9852-73fc482f5644	4	167887449	168071290	160	-0.8233
7266b08c-75d0-4307-9852-73fc482f5644	4	168072733	171448195	2147	-0.086
7266b08c-75d0-4307-9852-73fc482f5644	4	171453733	171456559	10	0.8603
7266b08c-75d0-4307-9852-73fc482f5644	4	171456573	188300104	11322	-0.0778
7266b08c-75d0-4307-9852-73fc482f5644	4	188300206	188300270	3	1.5226
7266b08c-75d0-4307-9852-73fc482f5644	4	188300285	189267889	788	-0.055
7266b08c-75d0-4307-9852-73fc482f5644	4	189273964	189278617	5	-1.5987
7266b08c-75d0-4307-9852-73fc482f5644	4	189290117	190106768	348	-0.0782
7266b08c-75d0-4307-9852-73fc482f5644	5	15532	685633	305	-0.0769
7266b08c-75d0-4307-9852-73fc482f5644	5	698256	779766	28	1.0775
7266b08c-75d0-4307-9852-73fc482f5644	5	800724	12800777	9824	-0.0804
7266b08c-75d0-4307-9852-73fc482f5644	5	12815668	12838421	14	-1.2852
7266b08c-75d0-4307-9852-73fc482f5644	5	12849089	27524345	9029	-0.0808
7266b08c-75d0-4307-9852-73fc482f5644	5	27525283	27525407	2	-2.3357
7266b08c-75d0-4307-9852-73fc482f5644	5	27525800	46271006	11403	-0.0834
7266b08c-75d0-4307-9852-73fc482f5644	5	46271828	46273400	6	-1.8522
7266b08c-75d0-4307-9852-73fc482f5644	5	46278110	58025759	5059	-0.081
7266b08c-75d0-4307-9852-73fc482f5644	5	58025819	58044246	35	-0.6989
7266b08c-75d0-4307-9852-73fc482f5644	5	58045187	58894053	642	-0.0588
7266b08c-75d0-4307-9852-73fc482f5644	5	58894581	58894626	2	-3.0058
7266b08c-75d0-4307-9852-73fc482f5644	5	58895074	99097906	23018	-0.085
7266b08c-75d0-4307-9852-73fc482f5644	5	99098671	101963189	1705	-0.037
7266b08c-75d0-4307-9852-73fc482f5644	5	101964286	110939477	5496	-0.0754
7266b08c-75d0-4307-9852-73fc482f5644	5	110940444	110976811	33	-1.0732
7266b08c-75d0-4307-9852-73fc482f5644	5	110981463	152135923	26626	-0.0841
7266b08c-75d0-4307-9852-73fc482f5644	5	152135937	152137227	6	-1.3919
7266b08c-75d0-4307-9852-73fc482f5644	5	152138502	169970056	12306	-0.0838
7266b08c-75d0-4307-9852-73fc482f5644	5	169972786	169973390	2	-1.8733
7266b08c-75d0-4307-9852-73fc482f5644	5	169973633	173775504	2727	-0.082
7266b08c-75d0-4307-9852-73fc482f5644	5	173778055	173779213	6	-1.1429
7266b08c-75d0-4307-9852-73fc482f5644	5	173779368	176033084	1670	-0.0853
7266b08c-75d0-4307-9852-73fc482f5644	5	176038686	176144148	17	0.3468
7266b08c-75d0-4307-9852-73fc482f5644	5	176144576	179676725	1778	-0.0901
7266b08c-75d0-4307-9852-73fc482f5644	5	179677049	179677132	4	-1.1059
7266b08c-75d0-4307-9852-73fc482f5644	5	179677599	180951888	725	-0.0979
7266b08c-75d0-4307-9852-73fc482f5644	5	180953203	180990207	13	0.4781
7266b08c-75d0-4307-9852-73fc482f5644	5	180990614	181363319	173	-0.1135
7266b08c-75d0-4307-9852-73fc482f5644	6	149661	254283	101	-0.2609
7266b08c-75d0-4307-9852-73fc482f5644	6	257353	376937	97	0.1527
7266b08c-75d0-4307-9852-73fc482f5644	6	378703	4399282	3273	-0.2643
7266b08c-75d0-4307-9852-73fc482f5644	6	4399563	7554376	2629	-0.332
7266b08c-75d0-4307-9852-73fc482f5644	6	7555016	10106386	1872	-0.258
7266b08c-75d0-4307-9852-73fc482f5644	6	10108958	12710055	2036	0.0133
7266b08c-75d0-4307-9852-73fc482f5644	6	12717924	19374020	4960	0.0395
7266b08c-75d0-4307-9852-73fc482f5644	6	19374847	26184703	4898	0.0049
7266b08c-75d0-4307-9852-73fc482f5644	6	26186897	26466954	199	-0.3185
7266b08c-75d0-4307-9852-73fc482f5644	6	26471347	26670022	107	-0.006
7266b08c-75d0-4307-9852-73fc482f5644	6	26671100	27688184	371	-0.2474
7266b08c-75d0-4307-9852-73fc482f5644	6	27688282	27688396	6	0.599
7266b08c-75d0-4307-9852-73fc482f5644	6	27688499	27751985	63	-0.3062
7266b08c-75d0-4307-9852-73fc482f5644	6	27755881	29881490	995	0.0372
7266b08c-75d0-4307-9852-73fc482f5644	6	29882419	30142747	143	-0.1638
7266b08c-75d0-4307-9852-73fc482f5644	6	30146297	30317628	64	0.0621
7266b08c-75d0-4307-9852-73fc482f5644	6	30318178	30333823	3	-1.0662
7266b08c-75d0-4307-9852-73fc482f5644	6	30338529	31309909	452	0.0138
7266b08c-75d0-4307-9852-73fc482f5644	6	31313046	31328674	12	-1.6571
7266b08c-75d0-4307-9852-73fc482f5644	6	31342147	32533522	515	-0.059
7266b08c-75d0-4307-9852-73fc482f5644	6	32540699	32658841	47	-0.4959
7266b08c-75d0-4307-9852-73fc482f5644	6	32682835	32718419	36	0.0049
7266b08c-75d0-4307-9852-73fc482f5644	6	32720838	32733056	13	-0.5008
7266b08c-75d0-4307-9852-73fc482f5644	6	32733071	38023347	3132	0.0366
7266b08c-75d0-4307-9852-73fc482f5644	6	38024783	46960083	5923	-0.0815
7266b08c-75d0-4307-9852-73fc482f5644	6	46963821	53645907	4234	-0.1205
7266b08c-75d0-4307-9852-73fc482f5644	6	53646217	54066477	340	-0.0665
7266b08c-75d0-4307-9852-73fc482f5644	6	54066582	54067057	4	0.7332
7266b08c-75d0-4307-9852-73fc482f5644	6	54070550	55960697	1208	-0.0776
7266b08c-75d0-4307-9852-73fc482f5644	6	55961357	55978862	10	-0.777
7266b08c-75d0-4307-9852-73fc482f5644	6	55986080	61195329	1268	-0.0679
7266b08c-75d0-4307-9852-73fc482f5644	6	61195461	61197150	2	-2.682
7266b08c-75d0-4307-9852-73fc482f5644	6	61197186	62651290	715	-0.0663
7266b08c-75d0-4307-9852-73fc482f5644	6	62652066	62653962	3	-1.2806
7266b08c-75d0-4307-9852-73fc482f5644	6	62654205	76730151	8938	-0.0718
7266b08c-75d0-4307-9852-73fc482f5644	6	76730331	76743040	20	0.419
7266b08c-75d0-4307-9852-73fc482f5644	6	76751356	78253172	972	-0.0818
7266b08c-75d0-4307-9852-73fc482f5644	6	78259348	78325468	113	-0.6343
7266b08c-75d0-4307-9852-73fc482f5644	6	78329517	103286299	15430	-0.079
7266b08c-75d0-4307-9852-73fc482f5644	6	103286770	103317795	52	0.53
7266b08c-75d0-4307-9852-73fc482f5644	6	103317836	117491234	8687	-0.0561
7266b08c-75d0-4307-9852-73fc482f5644	6	117494696	118414631	554	0.0733
7266b08c-75d0-4307-9852-73fc482f5644	6	118418441	118447124	8	-0.7303
7266b08c-75d0-4307-9852-73fc482f5644	6	118447892	133945130	9785	0.0537
7266b08c-75d0-4307-9852-73fc482f5644	6	133947933	133948494	2	-1.3899
7266b08c-75d0-4307-9852-73fc482f5644	6	133950934	135566970	1127	-0.0008
7266b08c-75d0-4307-9852-73fc482f5644	6	135567022	167931821	22046	-0.2496
7266b08c-75d0-4307-9852-73fc482f5644	6	167934598	168195239	179	0.3678
7266b08c-75d0-4307-9852-73fc482f5644	6	168196562	170741917	1673	-0.2359
7266b08c-75d0-4307-9852-73fc482f5644	7	43355	91634837	56434	0.2478
7266b08c-75d0-4307-9852-73fc482f5644	7	91638848	91640172	3	-2.1081
7266b08c-75d0-4307-9852-73fc482f5644	7	91643029	97777749	3840	0.2308
7266b08c-75d0-4307-9852-73fc482f5644	7	97788295	97791340	5	-0.9026
7266b08c-75d0-4307-9852-73fc482f5644	7	97791778	126405690	16633	0.238
7266b08c-75d0-4307-9852-73fc482f5644	7	126405970	126406827	13	-0.2953
7266b08c-75d0-4307-9852-73fc482f5644	7	126412712	128446778	1366	0.2388
7266b08c-75d0-4307-9852-73fc482f5644	7	128448919	128682980	57	0.0033
7266b08c-75d0-4307-9852-73fc482f5644	7	128683135	155095403	16596	0.2505
7266b08c-75d0-4307-9852-73fc482f5644	7	155095437	155097835	21	-0.2538
7266b08c-75d0-4307-9852-73fc482f5644	7	155100242	159334314	2764	0.273
7266b08c-75d0-4307-9852-73fc482f5644	8	81254	643041	322	0.2741
7266b08c-75d0-4307-9852-73fc482f5644	8	644944	656117	11	-0.386
7266b08c-75d0-4307-9852-73fc482f5644	8	656356	2844412	1701	0.2883
7266b08c-75d0-4307-9852-73fc482f5644	8	2846011	2846377	7	-1.4001
7266b08c-75d0-4307-9852-73fc482f5644	8	2849649	4137245	1644	0.254
7266b08c-75d0-4307-9852-73fc482f5644	8	4140085	4145783	19	-0.1085
7266b08c-75d0-4307-9852-73fc482f5644	8	4145941	4145956	2	-2.2781
7266b08c-75d0-4307-9852-73fc482f5644	8	4146039	5515194	1982	0.2823
7266b08c-75d0-4307-9852-73fc482f5644	8	5515537	5515646	2	-1.474
7266b08c-75d0-4307-9852-73fc482f5644	8	5516968	5667224	201	0.2481
7266b08c-75d0-4307-9852-73fc482f5644	8	5667553	5672879	7	-0.531
7266b08c-75d0-4307-9852-73fc482f5644	8	5673036	7473830	1850	0.2582
7266b08c-75d0-4307-9852-73fc482f5644	8	7477487	8120649	31	-0.6426
7266b08c-75d0-4307-9852-73fc482f5644	8	8132772	9213319	940	0.2705
7266b08c-75d0-4307-9852-73fc482f5644	8	9213463	9213906	3	-0.9672
7266b08c-75d0-4307-9852-73fc482f5644	8	9215219	12024888	2273	0.2683
7266b08c-75d0-4307-9852-73fc482f5644	8	12025748	12585546	60	-0.1617
7266b08c-75d0-4307-9852-73fc482f5644	8	12616034	25117007	10384	0.2709
7266b08c-75d0-4307-9852-73fc482f5644	8	25117062	25122039	11	0.8744
7266b08c-75d0-4307-9852-73fc482f5644	8	25122389	39373140	9022	0.2554
7266b08c-75d0-4307-9852-73fc482f5644	8	39378084	39529446	58	-1.5179
7266b08c-75d0-4307-9852-73fc482f5644	8	39530780	40914477	1073	0.2494
7266b08c-75d0-4307-9852-73fc482f5644	8	40920333	40920952	2	-1.7852
7266b08c-75d0-4307-9852-73fc482f5644	8	40926161	84345736	24771	0.2467
7266b08c-75d0-4307-9852-73fc482f5644	8	84345754	84354479	17	-0.2873
7266b08c-75d0-4307-9852-73fc482f5644	8	84354554	103678365	11547	0.2457
7266b08c-75d0-4307-9852-73fc482f5644	8	103678698	103678712	2	-1.4743
7266b08c-75d0-4307-9852-73fc482f5644	8	103681457	111282417	4556	0.2458
7266b08c-75d0-4307-9852-73fc482f5644	8	111282441	111283031	6	-1.3185
7266b08c-75d0-4307-9852-73fc482f5644	8	111288052	145072769	22890	0.2558
7266b08c-75d0-4307-9852-73fc482f5644	9	46587	592306	478	-0.1059
7266b08c-75d0-4307-9852-73fc482f5644	9	592552	592567	2	-1.7949
7266b08c-75d0-4307-9852-73fc482f5644	9	592718	602903	28	-0.0866
7266b08c-75d0-4307-9852-73fc482f5644	9	606699	606961	4	-1.2491
7266b08c-75d0-4307-9852-73fc482f5644	9	607307	6695986	5848	-0.0885
7266b08c-75d0-4307-9852-73fc482f5644	9	6701145	6708357	6	-2.452
7266b08c-75d0-4307-9852-73fc482f5644	9	6712314	9265499	2459	-0.085
7266b08c-75d0-4307-9852-73fc482f5644	9	9269903	12379463	2726	-0.0421
7266b08c-75d0-4307-9852-73fc482f5644	9	12383703	22492890	8241	-0.0872
7266b08c-75d0-4307-9852-73fc482f5644	9	22501914	22502700	2	-2.9914
7266b08c-75d0-4307-9852-73fc482f5644	9	22509341	23361807	581	-0.0814
7266b08c-75d0-4307-9852-73fc482f5644	9	23363117	23373486	8	0.7231
7266b08c-75d0-4307-9852-73fc482f5644	9	23378490	24504127	795	-0.0922
7266b08c-75d0-4307-9852-73fc482f5644	9	24504670	24506104	4	-1.0662
7266b08c-75d0-4307-9852-73fc482f5644	9	24506151	24514688	9	-0.4853
7266b08c-75d0-4307-9852-73fc482f5644	9	24514900	24517684	5	-0.8976
7266b08c-75d0-4307-9852-73fc482f5644	9	24519686	29091099	3509	-0.0742
7266b08c-75d0-4307-9852-73fc482f5644	9	29094551	29097682	3	-1.9154
7266b08c-75d0-4307-9852-73fc482f5644	9	29101434	82749190	17138	-0.0856
7266b08c-75d0-4307-9852-73fc482f5644	9	82749856	82763051	7	-1.202
7266b08c-75d0-4307-9852-73fc482f5644	9	82764006	138200944	37464	-0.087
7266b08c-75d0-4307-9852-73fc482f5644	10	45792	24083828	19135	-0.0887
7266b08c-75d0-4307-9852-73fc482f5644	10	24086334	24089125	12	0.9016
7266b08c-75d0-4307-9852-73fc482f5644	10	24089979	133654968	71311	-0.0871
7266b08c-75d0-4307-9852-73fc482f5644	11	198510	4949137	2422	-0.0834
7266b08c-75d0-4307-9852-73fc482f5644	11	4950775	4955042	23	0.7008
7266b08c-75d0-4307-9852-73fc482f5644	11	4955781	5500921	538	-0.0724
7266b08c-75d0-4307-9852-73fc482f5644	11	5500945	5501298	4	-0.9176
7266b08c-75d0-4307-9852-73fc482f5644	11	5501334	5766175	240	-0.0875
7266b08c-75d0-4307-9852-73fc482f5644	11	5766850	5787909	32	-0.6583
7266b08c-75d0-4307-9852-73fc482f5644	11	5788108	34885015	20945	-0.0881
7266b08c-75d0-4307-9852-73fc482f5644	11	34888128	34903344	34	-0.4563
7266b08c-75d0-4307-9852-73fc482f5644	11	34904189	49692155	9406	-0.0817
7266b08c-75d0-4307-9852-73fc482f5644	11	49692188	49738504	24	-0.6049
7266b08c-75d0-4307-9852-73fc482f5644	11	49739136	55608804	731	-0.0856
7266b08c-75d0-4307-9852-73fc482f5644	11	55609022	55695678	56	0.3551
7266b08c-75d0-4307-9852-73fc482f5644	11	55701048	135074876	52140	-0.0849
7266b08c-75d0-4307-9852-73fc482f5644	12	51460	9307938	6084	-0.0838
7266b08c-75d0-4307-9852-73fc482f5644	12	9308632	9315213	2	-2.159
7266b08c-75d0-4307-9852-73fc482f5644	12	9320561	9481274	77	-0.2457
7266b08c-75d0-4307-9852-73fc482f5644	12	9485313	9575696	23	-1.3968
7266b08c-75d0-4307-9852-73fc482f5644	12	9582373	10663980	769	-0.0788
7266b08c-75d0-4307-9852-73fc482f5644	12	10665012	10665486	6	0.579
7266b08c-75d0-4307-9852-73fc482f5644	12	10665583	11048088	248	-0.0756
7266b08c-75d0-4307-9852-73fc482f5644	12	11048615	11066824	12	-0.1298
7266b08c-75d0-4307-9852-73fc482f5644	12	11068125	11088933	10	0.6975
7266b08c-75d0-4307-9852-73fc482f5644	12	11099275	45506042	21092	-0.0798
7266b08c-75d0-4307-9852-73fc482f5644	12	45510655	45515754	4	-1.526
7266b08c-75d0-4307-9852-73fc482f5644	12	45519509	128052091	52606	-0.0831
7266b08c-75d0-4307-9852-73fc482f5644	12	128053241	128066360	17	-0.68
7266b08c-75d0-4307-9852-73fc482f5644	12	128066429	133201603	3693	-0.0967
7266b08c-75d0-4307-9852-73fc482f5644	13	18452809	48957415	21479	-0.0931
7266b08c-75d0-4307-9852-73fc482f5644	13	48959579	48962368	2	-2.3381
7266b08c-75d0-4307-9852-73fc482f5644	13	48963569	50669264	870	-0.1045
7266b08c-75d0-4307-9852-73fc482f5644	13	50669770	50671240	3	-1.5919
7266b08c-75d0-4307-9852-73fc482f5644	13	50673074	71902850	12632	-0.0678
7266b08c-75d0-4307-9852-73fc482f5644	13	71903417	71906418	4	-2.2548
7266b08c-75d0-4307-9852-73fc482f5644	13	71906467	114342922	29030	-0.0824
7266b08c-75d0-4307-9852-73fc482f5644	14	18239283	19957350	166	-0.3548
7266b08c-75d0-4307-9852-73fc482f5644	14	19957701	22011358	1413	-0.0727
7266b08c-75d0-4307-9852-73fc482f5644	14	22011573	22509533	446	0.1176
7266b08c-75d0-4307-9852-73fc482f5644	14	22509594	41139155	11702	-0.0836
7266b08c-75d0-4307-9852-73fc482f5644	14	41141293	41188146	13	-1.4669
7266b08c-75d0-4307-9852-73fc482f5644	14	41200899	47284456	3548	-0.0493
7266b08c-75d0-4307-9852-73fc482f5644	14	47284480	73534419	16865	-0.0868
7266b08c-75d0-4307-9852-73fc482f5644	14	73540003	73554275	8	0.7302
7266b08c-75d0-4307-9852-73fc482f5644	14	73563196	85985567	8249	-0.0752
7266b08c-75d0-4307-9852-73fc482f5644	14	85994282	86022097	37	-0.8279
7266b08c-75d0-4307-9852-73fc482f5644	14	86023867	95662616	6426	-0.0794
7266b08c-75d0-4307-9852-73fc482f5644	14	95663114	95664618	3	-1.4673
7266b08c-75d0-4307-9852-73fc482f5644	14	95665095	98916988	2575	-0.0707
7266b08c-75d0-4307-9852-73fc482f5644	14	98919221	98919585	4	-0.955
7266b08c-75d0-4307-9852-73fc482f5644	14	98920030	98955293	31	-0.0517
7266b08c-75d0-4307-9852-73fc482f5644	14	98955367	98955388	2	-1.9784
7266b08c-75d0-4307-9852-73fc482f5644	14	98956671	106016256	3394	-0.0756
7266b08c-75d0-4307-9852-73fc482f5644	14	106030809	106345838	118	0.0844
7266b08c-75d0-4307-9852-73fc482f5644	14	106346115	106365807	6	-0.5417
7266b08c-75d0-4307-9852-73fc482f5644	14	106369985	106496501	82	0.1817
7266b08c-75d0-4307-9852-73fc482f5644	14	106496822	106877229	188	-0.0685
7266b08c-75d0-4307-9852-73fc482f5644	15	19811075	20026653	47	0.1343
7266b08c-75d0-4307-9852-73fc482f5644	15	20041119	20056983	3	1.1506
7266b08c-75d0-4307-9852-73fc482f5644	15	20059033	20289044	21	0.2625
7266b08c-75d0-4307-9852-73fc482f5644	15	20305901	20327364	3	-1.0332
7266b08c-75d0-4307-9852-73fc482f5644	15	20336727	20373168	14	0.2961
7266b08c-75d0-4307-9852-73fc482f5644	15	20376198	20376202	5	-1.1629
7266b08c-75d0-4307-9852-73fc482f5644	15	20376309	21417107	82	0.3064
7266b08c-75d0-4307-9852-73fc482f5644	15	21975606	22656540	56	-0.2164
7266b08c-75d0-4307-9852-73fc482f5644	15	22658744	24424509	967	0.2405
7266b08c-75d0-4307-9852-73fc482f5644	15	24424598	24482084	37	-0.212
7266b08c-75d0-4307-9852-73fc482f5644	15	24485848	28315870	2747	0.2668
7266b08c-75d0-4307-9852-73fc482f5644	15	28315964	28701313	13	-0.3263
7266b08c-75d0-4307-9852-73fc482f5644	15	28713646	44929332	9705	0.2439
7266b08c-75d0-4307-9852-73fc482f5644	15	44931456	44942884	7	-0.5364
7266b08c-75d0-4307-9852-73fc482f5644	15	44946546	56497449	7403	0.242
7266b08c-75d0-4307-9852-73fc482f5644	15	56498505	56508779	25	-0.5351
7266b08c-75d0-4307-9852-73fc482f5644	15	56509425	76599170	12742	0.2541
7266b08c-75d0-4307-9852-73fc482f5644	15	76599286	76603434	20	0.9501
7266b08c-75d0-4307-9852-73fc482f5644	15	76609838	101928837	17597	0.2471
7266b08c-75d0-4307-9852-73fc482f5644	16	10777	14686797	11095	0.5251
7266b08c-75d0-4307-9852-73fc482f5644	16	14794738	15014730	68	0.0315
7266b08c-75d0-4307-9852-73fc482f5644	16	15022400	22579924	3617	0.5092
7266b08c-75d0-4307-9852-73fc482f5644	16	22591547	22699421	62	0.8588
7266b08c-75d0-4307-9852-73fc482f5644	16	22701658	34142720	5208	0.5156
7266b08c-75d0-4307-9852-73fc482f5644	16	34145885	34161502	3	-0.8411
7266b08c-75d0-4307-9852-73fc482f5644	16	34165318	46470502	413	0.5088
7266b08c-75d0-4307-9852-73fc482f5644	16	46473753	80602287	23309	-0.5429
7266b08c-75d0-4307-9852-73fc482f5644	16	80606381	88089992	6993	-0.6136
7266b08c-75d0-4307-9852-73fc482f5644	16	88094079	90096867	823	-0.5649
7266b08c-75d0-4307-9852-73fc482f5644	17	150733	8339592	4529	-0.0522
7266b08c-75d0-4307-9852-73fc482f5644	17	8344229	8344415	2	-2.1029
7266b08c-75d0-4307-9852-73fc482f5644	17	8346140	14473680	4566	-0.0644
7266b08c-75d0-4307-9852-73fc482f5644	17	14474188	14474297	2	-2.101
7266b08c-75d0-4307-9852-73fc482f5644	17	14477365	41266838	11687	-0.0629
7266b08c-75d0-4307-9852-73fc482f5644	17	41266851	41274279	19	-0.639
7266b08c-75d0-4307-9852-73fc482f5644	17	41276472	46076156	2482	-0.0391
7266b08c-75d0-4307-9852-73fc482f5644	17	46078715	46267493	121	0.278
7266b08c-75d0-4307-9852-73fc482f5644	17	46267527	46446360	15	-0.2577
7266b08c-75d0-4307-9852-73fc482f5644	17	46569894	54502491	4563	-0.0499
7266b08c-75d0-4307-9852-73fc482f5644	17	54502513	54502751	2	-1.2652
7266b08c-75d0-4307-9852-73fc482f5644	17	54502950	56086275	1236	-0.0565
7266b08c-75d0-4307-9852-73fc482f5644	17	56086735	56087574	4	0.8716
7266b08c-75d0-4307-9852-73fc482f5644	17	56087668	69961547	7922	-0.0564
7266b08c-75d0-4307-9852-73fc482f5644	17	69961571	69961686	3	1.1629
7266b08c-75d0-4307-9852-73fc482f5644	17	69963203	74623338	3569	-0.0561
7266b08c-75d0-4307-9852-73fc482f5644	17	74623648	74652981	24	-0.5852
7266b08c-75d0-4307-9852-73fc482f5644	17	74653324	79246981	2478	-0.0571
7266b08c-75d0-4307-9852-73fc482f5644	17	79249578	79250134	2	-2.0263
7266b08c-75d0-4307-9852-73fc482f5644	17	79250308	83091923	1731	-0.0441
7266b08c-75d0-4307-9852-73fc482f5644	18	48133	80257174	50672	0.2554
7266b08c-75d0-4307-9852-73fc482f5644	19	90910	42782612	20364	-0.0852
7266b08c-75d0-4307-9852-73fc482f5644	19	42783304	42845697	29	0.4551
7266b08c-75d0-4307-9852-73fc482f5644	19	42850300	58586487	8651	-0.087
7266b08c-75d0-4307-9852-73fc482f5644	20	80664	1580353	1200	-0.1181
7266b08c-75d0-4307-9852-73fc482f5644	20	1580934	1613247	41	0.9302
7266b08c-75d0-4307-9852-73fc482f5644	20	1617300	52574564	32410	-0.0908
7266b08c-75d0-4307-9852-73fc482f5644	20	52576021	52578702	4	-1.7565
7266b08c-75d0-4307-9852-73fc482f5644	20	52582146	57009990	3629	-0.0854
7266b08c-75d0-4307-9852-73fc482f5644	20	57011758	57012392	2	-1.5871
7266b08c-75d0-4307-9852-73fc482f5644	20	57019630	64324800	4985	-0.0844
7266b08c-75d0-4307-9852-73fc482f5644	21	10354168	23923855	7570	-0.0701
7266b08c-75d0-4307-9852-73fc482f5644	21	23924193	23927374	3	-1.5411
7266b08c-75d0-4307-9852-73fc482f5644	21	23927443	46677045	16236	-0.0882
7266b08c-75d0-4307-9852-73fc482f5644	22	15294547	20217401	1961	-0.0991
7266b08c-75d0-4307-9852-73fc482f5644	22	20217810	20223805	5	-1.4119
7266b08c-75d0-4307-9852-73fc482f5644	22	20226155	20596277	196	-0.0787
7266b08c-75d0-4307-9852-73fc482f5644	22	20598622	20599032	2	-3.0338
7266b08c-75d0-4307-9852-73fc482f5644	22	20601876	23987520	2220	-0.0879
7266b08c-75d0-4307-9852-73fc482f5644	22	23988078	23990739	4	-1.4166
7266b08c-75d0-4307-9852-73fc482f5644	22	23995113	49135684	17865	-0.083
7266b08c-75d0-4307-9852-73fc482f5644	22	49135976	49416027	278	-0.2709
7266b08c-75d0-4307-9852-73fc482f5644	22	49416753	50796027	693	-0.1172
7266b08c-75d0-4307-9852-73fc482f5644	X	251810	77158195	39743	-0.0009
7266b08c-75d0-4307-9852-73fc482f5644	X	77173605	77296889	12	-0.7183
7266b08c-75d0-4307-9852-73fc482f5644	X	77324696	155952689	43737	0.0035
7266b08c-75d0-4307-9852-73fc482f5644	Y	2782397	3037676	125	-2.5623
7266b08c-75d0-4307-9852-73fc482f5644	Y	3037955	6076562	595	-2.23
7266b08c-75d0-4307-9852-73fc482f5644	Y	6080059	8484811	1137	-2.6948
7266b08c-75d0-4307-9852-73fc482f5644	Y	8485666	9554275	396	-3.0564
7266b08c-75d0-4307-9852-73fc482f5644	Y	9554586	13478396	1012	-2.6295
7266b08c-75d0-4307-9852-73fc482f5644	Y	13478462	13482643	3	-7.6487
7266b08c-75d0-4307-9852-73fc482f5644	Y	13483009	56872112	3372	-2.6533
