GDC_Aliquot	Chromosome	Start	End	Num_Probes	Segment_Mean
600c9a77-047f-44b3-b9d1-be5581e54805	1	62920	86341	11	-0.7702
600c9a77-047f-44b3-b9d1-be5581e54805	1	98588	15822848	8323	0.0173
600c9a77-047f-44b3-b9d1-be5581e54805	1	15823420	15827744	9	0.957
600c9a77-047f-44b3-b9d1-be5581e54805	1	15828471	16641879	322	-0.0138
600c9a77-047f-44b3-b9d1-be5581e54805	1	16641978	16935302	86	-0.4206
600c9a77-047f-44b3-b9d1-be5581e54805	1	16935393	16999460	26	0.4216
600c9a77-047f-44b3-b9d1-be5581e54805	1	17003142	25256138	5235	0.0099
600c9a77-047f-44b3-b9d1-be5581e54805	1	25256188	25320455	28	0.8007
600c9a77-047f-44b3-b9d1-be5581e54805	1	25336819	30265687	2392	0.001
600c9a77-047f-44b3-b9d1-be5581e54805	1	30266452	30266949	3	-2.7895
600c9a77-047f-44b3-b9d1-be5581e54805	1	30268649	72297687	26346	0.0022
600c9a77-047f-44b3-b9d1-be5581e54805	1	72302735	72345393	46	0.41
600c9a77-047f-44b3-b9d1-be5581e54805	1	72345450	109679105	23611	0.0096
600c9a77-047f-44b3-b9d1-be5581e54805	1	109684695	109690949	8	0.9658
600c9a77-047f-44b3-b9d1-be5581e54805	1	109691609	143546851	7147	0.0158
600c9a77-047f-44b3-b9d1-be5581e54805	1	143547055	143890323	116	-0.6195
600c9a77-047f-44b3-b9d1-be5581e54805	1	143893019	152583051	2320	0.0081
600c9a77-047f-44b3-b9d1-be5581e54805	1	152583230	152614118	35	1.2332
600c9a77-047f-44b3-b9d1-be5581e54805	1	152618018	152789463	169	0.0216
600c9a77-047f-44b3-b9d1-be5581e54805	1	152789479	152796224	35	0.7244
600c9a77-047f-44b3-b9d1-be5581e54805	1	152801429	248930189	65349	0.0031
600c9a77-047f-44b3-b9d1-be5581e54805	2	12784	7961206	6264	0.0032
600c9a77-047f-44b3-b9d1-be5581e54805	2	7961984	7964463	6	-1.204
600c9a77-047f-44b3-b9d1-be5581e54805	2	7965499	52510045	30864	0.0009
600c9a77-047f-44b3-b9d1-be5581e54805	2	52510874	52581564	67	0.3886
600c9a77-047f-44b3-b9d1-be5581e54805	2	52584576	146107526	53242	0.0022
600c9a77-047f-44b3-b9d1-be5581e54805	2	146107615	146109366	17	-2.0676
600c9a77-047f-44b3-b9d1-be5581e54805	2	146120238	241793708	58936	0.0018
600c9a77-047f-44b3-b9d1-be5581e54805	2	241829234	241832881	5	1.2357
600c9a77-047f-44b3-b9d1-be5581e54805	2	241840119	242147305	131	0.0824
600c9a77-047f-44b3-b9d1-be5581e54805	3	20930	8783681	7731	-0.0006
600c9a77-047f-44b3-b9d1-be5581e54805	3	8784222	8816515	26	0.6156
600c9a77-047f-44b3-b9d1-be5581e54805	3	8825123	34721424	17690	0.003
600c9a77-047f-44b3-b9d1-be5581e54805	3	34723879	34724278	2	-2.2506
600c9a77-047f-44b3-b9d1-be5581e54805	3	34733959	59935921	15090	-0.0001
600c9a77-047f-44b3-b9d1-be5581e54805	3	59936291	59947529	10	-0.8498
600c9a77-047f-44b3-b9d1-be5581e54805	3	59948065	84053071	16868	0.0038
600c9a77-047f-44b3-b9d1-be5581e54805	3	84056282	84057015	2	-2.2826
600c9a77-047f-44b3-b9d1-be5581e54805	3	84061816	84649532	296	0.0089
600c9a77-047f-44b3-b9d1-be5581e54805	3	84649683	84653449	23	0.5714
600c9a77-047f-44b3-b9d1-be5581e54805	3	84657133	99225754	5982	0.0066
600c9a77-047f-44b3-b9d1-be5581e54805	3	99225775	99230464	31	-2.4267
600c9a77-047f-44b3-b9d1-be5581e54805	3	99230470	100683454	789	-0.0012
600c9a77-047f-44b3-b9d1-be5581e54805	3	100692517	100693033	2	-2.2897
600c9a77-047f-44b3-b9d1-be5581e54805	3	100694337	143402097	26192	0.0029
600c9a77-047f-44b3-b9d1-be5581e54805	3	143405442	143410080	6	-1.3692
600c9a77-047f-44b3-b9d1-be5581e54805	3	143413883	149245725	3667	-0.0036
600c9a77-047f-44b3-b9d1-be5581e54805	3	149245834	149253293	22	-0.736
600c9a77-047f-44b3-b9d1-be5581e54805	3	149253404	151817764	1666	-0.0093
600c9a77-047f-44b3-b9d1-be5581e54805	3	151818667	151825513	11	-0.7226
600c9a77-047f-44b3-b9d1-be5581e54805	3	151828091	162794869	6662	0.0016
600c9a77-047f-44b3-b9d1-be5581e54805	3	162794951	162908207	69	0.8231
600c9a77-047f-44b3-b9d1-be5581e54805	3	162908784	164991161	1159	0.0028
600c9a77-047f-44b3-b9d1-be5581e54805	3	164993409	164993886	2	-3.6859
600c9a77-047f-44b3-b9d1-be5581e54805	3	164993897	167113455	1203	0.0039
600c9a77-047f-44b3-b9d1-be5581e54805	3	167117151	167120252	3	-2.5885
600c9a77-047f-44b3-b9d1-be5581e54805	3	167120433	169012392	1073	-0.0043
600c9a77-047f-44b3-b9d1-be5581e54805	3	169015614	169020840	2	-2.1809
600c9a77-047f-44b3-b9d1-be5581e54805	3	169022039	196690733	17706	0.0046
600c9a77-047f-44b3-b9d1-be5581e54805	3	196695199	196698024	2	1.9893
600c9a77-047f-44b3-b9d1-be5581e54805	3	196698973	198169247	731	0.0389
600c9a77-047f-44b3-b9d1-be5581e54805	4	68929	10208766	5705	0.0012
600c9a77-047f-44b3-b9d1-be5581e54805	4	10212536	10233558	35	1.1203
600c9a77-047f-44b3-b9d1-be5581e54805	4	10233644	10389091	172	-0.0681
600c9a77-047f-44b3-b9d1-be5581e54805	4	10390730	10399044	16	-2.2342
600c9a77-047f-44b3-b9d1-be5581e54805	4	10401094	29853736	13872	0.0024
600c9a77-047f-44b3-b9d1-be5581e54805	4	29856163	29863139	5	-1.6741
600c9a77-047f-44b3-b9d1-be5581e54805	4	29868123	31445866	957	0.0091
600c9a77-047f-44b3-b9d1-be5581e54805	4	31446852	31448621	5	-1.5761
600c9a77-047f-44b3-b9d1-be5581e54805	4	31448758	34777382	1942	-0.0046
600c9a77-047f-44b3-b9d1-be5581e54805	4	34777403	34828291	43	0.5744
600c9a77-047f-44b3-b9d1-be5581e54805	4	34828306	44996767	6630	0.0062
600c9a77-047f-44b3-b9d1-be5581e54805	4	44996872	45001503	5	-1.1415
600c9a77-047f-44b3-b9d1-be5581e54805	4	45003738	48266147	1976	0.0078
600c9a77-047f-44b3-b9d1-be5581e54805	4	48266272	48293590	11	0.7973
600c9a77-047f-44b3-b9d1-be5581e54805	4	48294365	49112078	341	0.0026
600c9a77-047f-44b3-b9d1-be5581e54805	4	49113964	49152752	6	-1.1566
600c9a77-047f-44b3-b9d1-be5581e54805	4	49159741	49656595	25	0.6471
600c9a77-047f-44b3-b9d1-be5581e54805	4	51819533	63280986	7252	0.0066
600c9a77-047f-44b3-b9d1-be5581e54805	4	63281375	63286195	3	-2.0978
600c9a77-047f-44b3-b9d1-be5581e54805	4	63288849	63828222	308	-0.005
600c9a77-047f-44b3-b9d1-be5581e54805	4	63831751	63842540	28	0.4685
600c9a77-047f-44b3-b9d1-be5581e54805	4	63850713	65073800	779	-0.0051
600c9a77-047f-44b3-b9d1-be5581e54805	4	65075488	65081482	6	-0.9691
600c9a77-047f-44b3-b9d1-be5581e54805	4	65086696	68506285	2088	-0.0046
600c9a77-047f-44b3-b9d1-be5581e54805	4	68509223	68615205	58	-0.5576
600c9a77-047f-44b3-b9d1-be5581e54805	4	68615219	69254604	317	0.0252
600c9a77-047f-44b3-b9d1-be5581e54805	4	69254981	69377178	66	0.4099
600c9a77-047f-44b3-b9d1-be5581e54805	4	69378363	103294549	20649	-0.0061
600c9a77-047f-44b3-b9d1-be5581e54805	4	103296943	103296945	3	1.8874
600c9a77-047f-44b3-b9d1-be5581e54805	4	103298947	171447291	41352	0.0068
600c9a77-047f-44b3-b9d1-be5581e54805	4	171447380	171456559	12	-1.0651
600c9a77-047f-44b3-b9d1-be5581e54805	4	171456573	180971617	6150	0.0072
600c9a77-047f-44b3-b9d1-be5581e54805	4	180973692	180977717	2	-1.9844
600c9a77-047f-44b3-b9d1-be5581e54805	4	180977894	183010841	1646	-0.0068
600c9a77-047f-44b3-b9d1-be5581e54805	4	183011481	183012233	3	-2.9555
600c9a77-047f-44b3-b9d1-be5581e54805	4	183014086	190106768	4694	-0.0035
600c9a77-047f-44b3-b9d1-be5581e54805	5	15532	15719241	12177	0.0063
600c9a77-047f-44b3-b9d1-be5581e54805	5	15719966	15720488	9	-1.3301
600c9a77-047f-44b3-b9d1-be5581e54805	5	15723237	21376735	3482	0.0139
600c9a77-047f-44b3-b9d1-be5581e54805	5	21377730	21377744	2	-2.3205
600c9a77-047f-44b3-b9d1-be5581e54805	5	21385957	97575366	42938	-0.0003
600c9a77-047f-44b3-b9d1-be5581e54805	5	97575825	97580979	2	-2.6546
600c9a77-047f-44b3-b9d1-be5581e54805	5	97582130	100002436	1418	0.003
600c9a77-047f-44b3-b9d1-be5581e54805	5	100002726	100006367	5	-1.5324
600c9a77-047f-44b3-b9d1-be5581e54805	5	100006774	110017241	6085	0.0066
600c9a77-047f-44b3-b9d1-be5581e54805	5	110017795	110145682	134	-0.9863
600c9a77-047f-44b3-b9d1-be5581e54805	5	110147077	177739139	44626	-0.0012
600c9a77-047f-44b3-b9d1-be5581e54805	5	177740962	177827964	7	1.5899
600c9a77-047f-44b3-b9d1-be5581e54805	5	177832414	179677069	1068	-0.0011
600c9a77-047f-44b3-b9d1-be5581e54805	5	179677116	179677132	2	1.7571
600c9a77-047f-44b3-b9d1-be5581e54805	5	179677599	180951710	725	0.0174
600c9a77-047f-44b3-b9d1-be5581e54805	5	180951888	181062103	63	0.3284
600c9a77-047f-44b3-b9d1-be5581e54805	5	181064474	181363319	125	0.0401
600c9a77-047f-44b3-b9d1-be5581e54805	6	149661	2435712	1871	0.0089
600c9a77-047f-44b3-b9d1-be5581e54805	6	2435838	2437311	4	-2.3177
600c9a77-047f-44b3-b9d1-be5581e54805	6	2440853	26423673	18211	0.0002
600c9a77-047f-44b3-b9d1-be5581e54805	6	26425194	26451325	18	-0.5421
600c9a77-047f-44b3-b9d1-be5581e54805	6	26453514	26664304	122	0.021
600c9a77-047f-44b3-b9d1-be5581e54805	6	26670022	26855247	16	0.7094
600c9a77-047f-44b3-b9d1-be5581e54805	6	26855781	29865090	1394	0.0143
600c9a77-047f-44b3-b9d1-be5581e54805	6	29866002	29866171	2	-2.6562
600c9a77-047f-44b3-b9d1-be5581e54805	6	29866672	31313046	689	-0.0117
600c9a77-047f-44b3-b9d1-be5581e54805	6	31318499	31328674	11	1.5975
600c9a77-047f-44b3-b9d1-be5581e54805	6	31342147	32619680	544	0.0216
600c9a77-047f-44b3-b9d1-be5581e54805	6	32625244	32702718	37	-0.5207
600c9a77-047f-44b3-b9d1-be5581e54805	6	32707193	50946613	11493	0
600c9a77-047f-44b3-b9d1-be5581e54805	6	50947083	50947099	3	-1.6449
600c9a77-047f-44b3-b9d1-be5581e54805	6	50948562	54060406	2182	0.0067
600c9a77-047f-44b3-b9d1-be5581e54805	6	54066269	54067057	9	1.4038
600c9a77-047f-44b3-b9d1-be5581e54805	6	54070550	68976737	7240	0.0025
600c9a77-047f-44b3-b9d1-be5581e54805	6	68977806	68981476	4	-1.2569
600c9a77-047f-44b3-b9d1-be5581e54805	6	68987514	73882142	3145	0.0091
600c9a77-047f-44b3-b9d1-be5581e54805	6	73882509	73893839	11	0.7116
600c9a77-047f-44b3-b9d1-be5581e54805	6	73893889	78253172	2768	0.0183
600c9a77-047f-44b3-b9d1-be5581e54805	6	78259348	78325468	113	0.4038
600c9a77-047f-44b3-b9d1-be5581e54805	6	78329517	80574999	1435	0.0041
600c9a77-047f-44b3-b9d1-be5581e54805	6	80575042	80579817	28	-1.0315
600c9a77-047f-44b3-b9d1-be5581e54805	6	80584624	103280350	14005	-0.0004
600c9a77-047f-44b3-b9d1-be5581e54805	6	103282618	103299596	21	0.4408
600c9a77-047f-44b3-b9d1-be5581e54805	6	103299721	103311304	21	1.1911
600c9a77-047f-44b3-b9d1-be5581e54805	6	103311341	103317855	15	0.6012
600c9a77-047f-44b3-b9d1-be5581e54805	6	103320903	133945130	19072	0.0013
600c9a77-047f-44b3-b9d1-be5581e54805	6	133947933	133948494	2	-2.6887
600c9a77-047f-44b3-b9d1-be5581e54805	6	133950934	158218803	16186	0.0043
600c9a77-047f-44b3-b9d1-be5581e54805	6	158219339	158221520	13	0.6008
600c9a77-047f-44b3-b9d1-be5581e54805	6	158221534	167981477	7064	-0.0006
600c9a77-047f-44b3-b9d1-be5581e54805	6	167982946	168001243	21	0.4889
600c9a77-047f-44b3-b9d1-be5581e54805	6	168002605	169084041	825	0.0021
600c9a77-047f-44b3-b9d1-be5581e54805	6	169084177	169085951	6	-1.1468
600c9a77-047f-44b3-b9d1-be5581e54805	6	169088689	170741917	977	0.0045
600c9a77-047f-44b3-b9d1-be5581e54805	7	43355	26092037	18825	-0.0021
600c9a77-047f-44b3-b9d1-be5581e54805	7	26092670	26103638	3	-1.6336
600c9a77-047f-44b3-b9d1-be5581e54805	7	26105584	45520256	13211	-0.0005
600c9a77-047f-44b3-b9d1-be5581e54805	7	45521723	45523764	3	-2.4648
600c9a77-047f-44b3-b9d1-be5581e54805	7	45525159	48541346	2187	-0.0072
600c9a77-047f-44b3-b9d1-be5581e54805	7	48542256	48552429	8	-1.1382
600c9a77-047f-44b3-b9d1-be5581e54805	7	48560583	56712441	5818	-0.0008
600c9a77-047f-44b3-b9d1-be5581e54805	7	56713675	63500432	774	0.1106
600c9a77-047f-44b3-b9d1-be5581e54805	7	63510457	109793741	26101	0.0031
600c9a77-047f-44b3-b9d1-be5581e54805	7	109797035	109801722	27	0.9486
600c9a77-047f-44b3-b9d1-be5581e54805	7	109801752	126405428	10040	-0.0008
600c9a77-047f-44b3-b9d1-be5581e54805	7	126405502	126406826	16	0.7626
600c9a77-047f-44b3-b9d1-be5581e54805	7	126406827	134100458	4698	0.0035
600c9a77-047f-44b3-b9d1-be5581e54805	7	134100556	134114444	34	0.5543
600c9a77-047f-44b3-b9d1-be5581e54805	7	134121491	140782431	4291	-0.0057
600c9a77-047f-44b3-b9d1-be5581e54805	7	140782860	140783030	2	-2.0249
600c9a77-047f-44b3-b9d1-be5581e54805	7	140783061	142070732	907	0.0071
600c9a77-047f-44b3-b9d1-be5581e54805	7	142070827	142092108	26	-0.8733
600c9a77-047f-44b3-b9d1-be5581e54805	7	142092307	158324903	10231	0.006
600c9a77-047f-44b3-b9d1-be5581e54805	7	158335896	158339473	2	2.2324
600c9a77-047f-44b3-b9d1-be5581e54805	7	158344294	159334314	632	0.0116
600c9a77-047f-44b3-b9d1-be5581e54805	8	81254	296363	88	0.1106
600c9a77-047f-44b3-b9d1-be5581e54805	8	296667	297841	2	-2.4667
600c9a77-047f-44b3-b9d1-be5581e54805	8	301822	7312952	7636	0.0077
600c9a77-047f-44b3-b9d1-be5581e54805	8	7329110	7329124	2	2.5354
600c9a77-047f-44b3-b9d1-be5581e54805	8	7336299	12176798	3295	0.0063
600c9a77-047f-44b3-b9d1-be5581e54805	8	12177488	12389977	30	-1.2332
600c9a77-047f-44b3-b9d1-be5581e54805	8	12418301	12788880	112	0.0679
600c9a77-047f-44b3-b9d1-be5581e54805	8	12791219	12795017	4	-1.8389
600c9a77-047f-44b3-b9d1-be5581e54805	8	12796024	16059469	3145	0.0006
600c9a77-047f-44b3-b9d1-be5581e54805	8	16063351	16110804	40	-0.4575
600c9a77-047f-44b3-b9d1-be5581e54805	8	16110921	25113973	7117	0.002
600c9a77-047f-44b3-b9d1-be5581e54805	8	25114126	25133612	32	-0.4715
600c9a77-047f-44b3-b9d1-be5581e54805	8	25133720	32826447	5434	-0.0002
600c9a77-047f-44b3-b9d1-be5581e54805	8	32826507	32830685	5	1.1487
600c9a77-047f-44b3-b9d1-be5581e54805	8	32830895	39389156	3582	0.0136
600c9a77-047f-44b3-b9d1-be5581e54805	8	39389592	39466384	31	-0.5606
600c9a77-047f-44b3-b9d1-be5581e54805	8	39466955	40326280	617	-0.0133
600c9a77-047f-44b3-b9d1-be5581e54805	8	40326286	40335391	33	-1.0408
600c9a77-047f-44b3-b9d1-be5581e54805	8	40336910	40914477	450	0.0079
600c9a77-047f-44b3-b9d1-be5581e54805	8	40920333	40920952	2	-2.2267
600c9a77-047f-44b3-b9d1-be5581e54805	8	40926161	111279265	40928	-0.001
600c9a77-047f-44b3-b9d1-be5581e54805	8	111282050	111283031	10	1.023
600c9a77-047f-44b3-b9d1-be5581e54805	8	111288052	114622851	1828	0.0072
600c9a77-047f-44b3-b9d1-be5581e54805	8	114622891	114623457	5	-1.1383
600c9a77-047f-44b3-b9d1-be5581e54805	8	114623472	114871047	176	-0.0145
600c9a77-047f-44b3-b9d1-be5581e54805	8	114874003	114874204	3	-1.5372
600c9a77-047f-44b3-b9d1-be5581e54805	8	114879397	128735944	9652	-0.0001
600c9a77-047f-44b3-b9d1-be5581e54805	8	128739928	128750889	5	-1.2755
600c9a77-047f-44b3-b9d1-be5581e54805	8	128751839	130839453	1426	0.0092
600c9a77-047f-44b3-b9d1-be5581e54805	8	130840369	130842946	2	-1.5469
600c9a77-047f-44b3-b9d1-be5581e54805	8	130843478	140686113	7867	0.0065
600c9a77-047f-44b3-b9d1-be5581e54805	8	140695007	140739572	21	0.4994
600c9a77-047f-44b3-b9d1-be5581e54805	8	140740173	141565045	485	0.0172
600c9a77-047f-44b3-b9d1-be5581e54805	8	141565500	141580496	18	0.5705
600c9a77-047f-44b3-b9d1-be5581e54805	8	141585696	145072769	1435	0.0373
600c9a77-047f-44b3-b9d1-be5581e54805	9	46587	5106698	5278	0.0063
600c9a77-047f-44b3-b9d1-be5581e54805	9	5106705	5106800	3	2.0554
600c9a77-047f-44b3-b9d1-be5581e54805	9	5108574	7085817	1438	0.0114
600c9a77-047f-44b3-b9d1-be5581e54805	9	7086495	7088043	2	-2.0523
600c9a77-047f-44b3-b9d1-be5581e54805	9	7088915	9534074	2393	-0.0046
600c9a77-047f-44b3-b9d1-be5581e54805	9	9539367	9544525	5	-2.2574
600c9a77-047f-44b3-b9d1-be5581e54805	9	9551773	42202227	22194	0.0106
600c9a77-047f-44b3-b9d1-be5581e54805	9	42211663	67832599	266	0.2555
600c9a77-047f-44b3-b9d1-be5581e54805	9	67915741	102048493	23565	0.0039
600c9a77-047f-44b3-b9d1-be5581e54805	9	102049417	102049845	3	-2.1321
600c9a77-047f-44b3-b9d1-be5581e54805	9	102050456	114320531	9250	0.0032
600c9a77-047f-44b3-b9d1-be5581e54805	9	114325122	114326042	2	2.1614
600c9a77-047f-44b3-b9d1-be5581e54805	9	114330749	135326957	14001	0.0101
600c9a77-047f-44b3-b9d1-be5581e54805	9	135327017	135335019	17	0.6816
600c9a77-047f-44b3-b9d1-be5581e54805	9	135335157	138200944	1087	0.0332
600c9a77-047f-44b3-b9d1-be5581e54805	10	45792	3904877	3277	0.0119
600c9a77-047f-44b3-b9d1-be5581e54805	10	3905635	3906062	3	-3.0214
600c9a77-047f-44b3-b9d1-be5581e54805	10	3906824	9750010	5061	0.0051
600c9a77-047f-44b3-b9d1-be5581e54805	10	9753268	9754575	5	-1.5874
600c9a77-047f-44b3-b9d1-be5581e54805	10	9754737	17659538	6431	0.0067
600c9a77-047f-44b3-b9d1-be5581e54805	10	17664121	17665872	3	-1.4744
600c9a77-047f-44b3-b9d1-be5581e54805	10	17665887	24088753	4419	0.0117
600c9a77-047f-44b3-b9d1-be5581e54805	10	24088989	24089125	4	-1.8433
600c9a77-047f-44b3-b9d1-be5581e54805	10	24089979	46522571	12472	0.0101
600c9a77-047f-44b3-b9d1-be5581e54805	10	46525652	46526280	14	1.219
600c9a77-047f-44b3-b9d1-be5581e54805	10	46526920	130818592	57306	0.0069
600c9a77-047f-44b3-b9d1-be5581e54805	10	130819849	130820499	5	-1.8895
600c9a77-047f-44b3-b9d1-be5581e54805	10	130822731	133654968	1675	0.0246
600c9a77-047f-44b3-b9d1-be5581e54805	11	198510	4946420	2420	0.0247
600c9a77-047f-44b3-b9d1-be5581e54805	11	4947280	4952799	25	-1.7246
600c9a77-047f-44b3-b9d1-be5581e54805	11	4953934	5762165	785	-0.0091
600c9a77-047f-44b3-b9d1-be5581e54805	11	5762452	5777663	21	0.4997
600c9a77-047f-44b3-b9d1-be5581e54805	11	5778446	18940191	9464	0.001
600c9a77-047f-44b3-b9d1-be5581e54805	11	18940271	18949866	10	0.714
600c9a77-047f-44b3-b9d1-be5581e54805	11	18950075	21825348	2592	-0.0094
600c9a77-047f-44b3-b9d1-be5581e54805	11	21825960	21827134	4	-1.4254
600c9a77-047f-44b3-b9d1-be5581e54805	11	21827206	55090446	18946	0.0047
600c9a77-047f-44b3-b9d1-be5581e54805	11	55090832	55123806	2	-1.9186
600c9a77-047f-44b3-b9d1-be5581e54805	11	55130021	55480868	132	0.1411
600c9a77-047f-44b3-b9d1-be5581e54805	11	55480959	55482305	2	-1.9651
600c9a77-047f-44b3-b9d1-be5581e54805	11	55484875	55741892	192	0.1394
600c9a77-047f-44b3-b9d1-be5581e54805	11	55753280	55753284	2	2.2138
600c9a77-047f-44b3-b9d1-be5581e54805	11	55756095	80256469	13212	0.0092
600c9a77-047f-44b3-b9d1-be5581e54805	11	80256504	80256520	2	-3.9917
600c9a77-047f-44b3-b9d1-be5581e54805	11	80256642	83972110	2750	-0.0032
600c9a77-047f-44b3-b9d1-be5581e54805	11	83972402	83972733	2	-2.134
600c9a77-047f-44b3-b9d1-be5581e54805	11	83972747	122307093	26584	0.003
600c9a77-047f-44b3-b9d1-be5581e54805	11	122307560	122311184	3	-1.8872
600c9a77-047f-44b3-b9d1-be5581e54805	11	122314466	124901635	1922	-0.0011
600c9a77-047f-44b3-b9d1-be5581e54805	11	124906091	124907522	3	-2.1705
600c9a77-047f-44b3-b9d1-be5581e54805	11	124918772	131037266	4522	-0.0043
600c9a77-047f-44b3-b9d1-be5581e54805	11	131038848	131044747	15	-1.0187
600c9a77-047f-44b3-b9d1-be5581e54805	11	131046878	135074876	3231	0.0059
600c9a77-047f-44b3-b9d1-be5581e54805	12	51460	9481274	6176	-0.0115
600c9a77-047f-44b3-b9d1-be5581e54805	12	9485313	9562969	22	-1.3795
600c9a77-047f-44b3-b9d1-be5581e54805	12	9575696	11358644	1181	0.015
600c9a77-047f-44b3-b9d1-be5581e54805	12	11359558	11373355	19	-0.9227
600c9a77-047f-44b3-b9d1-be5581e54805	12	11383179	133201603	77452	0.0038
600c9a77-047f-44b3-b9d1-be5581e54805	13	18452809	29455681	7694	0.0104
600c9a77-047f-44b3-b9d1-be5581e54805	13	29457425	29459091	2	-2.2964
600c9a77-047f-44b3-b9d1-be5581e54805	13	29462056	37496998	5793	0.0055
600c9a77-047f-44b3-b9d1-be5581e54805	13	37497899	37514193	17	0.7816
600c9a77-047f-44b3-b9d1-be5581e54805	13	37514237	38478674	699	0.015
600c9a77-047f-44b3-b9d1-be5581e54805	13	38483435	38483919	2	-2.6151
600c9a77-047f-44b3-b9d1-be5581e54805	13	38490920	112995438	49378	0.0036
600c9a77-047f-44b3-b9d1-be5581e54805	13	112999532	113028731	10	-0.8871
600c9a77-047f-44b3-b9d1-be5581e54805	13	113029058	114059410	433	-0.0113
600c9a77-047f-44b3-b9d1-be5581e54805	13	114059672	114072232	6	0.971
600c9a77-047f-44b3-b9d1-be5581e54805	13	114072251	114342922	125	-0.0255
600c9a77-047f-44b3-b9d1-be5581e54805	14	18239283	19689684	64	0.382
600c9a77-047f-44b3-b9d1-be5581e54805	14	19732024	22542522	1995	0.0137
600c9a77-047f-44b3-b9d1-be5581e54805	14	22543601	22560962	22	-0.5661
600c9a77-047f-44b3-b9d1-be5581e54805	14	22560975	24010178	814	0.0081
600c9a77-047f-44b3-b9d1-be5581e54805	14	24010185	24019810	10	0.8158
600c9a77-047f-44b3-b9d1-be5581e54805	14	24019956	69545885	28699	0.0064
600c9a77-047f-44b3-b9d1-be5581e54805	14	69546084	69555750	17	-0.5998
600c9a77-047f-44b3-b9d1-be5581e54805	14	69555996	95179683	16967	0.0056
600c9a77-047f-44b3-b9d1-be5581e54805	14	95181932	95182320	2	-2.4483
600c9a77-047f-44b3-b9d1-be5581e54805	14	95184712	106253393	6503	0.0074
600c9a77-047f-44b3-b9d1-be5581e54805	14	106257142	106340774	40	0.3534
600c9a77-047f-44b3-b9d1-be5581e54805	14	106345431	106365807	8	-1.7244
600c9a77-047f-44b3-b9d1-be5581e54805	14	106369985	106877229	270	0.0301
600c9a77-047f-44b3-b9d1-be5581e54805	15	19811075	20217125	62	0.1042
600c9a77-047f-44b3-b9d1-be5581e54805	15	20235285	20373168	26	-0.7138
600c9a77-047f-44b3-b9d1-be5581e54805	15	20376198	20376311	7	1.1545
600c9a77-047f-44b3-b9d1-be5581e54805	15	20380735	22299523	111	-0.5432
600c9a77-047f-44b3-b9d1-be5581e54805	15	22385639	43637153	12975	0.0125
600c9a77-047f-44b3-b9d1-be5581e54805	15	43637180	43646608	11	-1.3199
600c9a77-047f-44b3-b9d1-be5581e54805	15	43692744	76599286	20728	0.0069
600c9a77-047f-44b3-b9d1-be5581e54805	15	76599400	76599884	8	-3.057
600c9a77-047f-44b3-b9d1-be5581e54805	15	76602723	76609838	12	-0.8446
600c9a77-047f-44b3-b9d1-be5581e54805	15	76609853	78124842	723	0.0068
600c9a77-047f-44b3-b9d1-be5581e54805	15	78125865	78143199	12	0.794
600c9a77-047f-44b3-b9d1-be5581e54805	15	78144672	81757526	2564	0.0042
600c9a77-047f-44b3-b9d1-be5581e54805	15	81759452	81761454	2	-1.782
600c9a77-047f-44b3-b9d1-be5581e54805	15	81764666	81796730	15	-0.0798
600c9a77-047f-44b3-b9d1-be5581e54805	15	81796850	81796869	2	-2.3526
600c9a77-047f-44b3-b9d1-be5581e54805	15	81804153	97265179	10858	0.0023
600c9a77-047f-44b3-b9d1-be5581e54805	15	97274562	97285447	10	-2.8516
600c9a77-047f-44b3-b9d1-be5581e54805	15	97288957	101928837	3422	0.0091
600c9a77-047f-44b3-b9d1-be5581e54805	16	10777	2603155	889	0.0328
600c9a77-047f-44b3-b9d1-be5581e54805	16	2655940	2697856	19	0.6673
600c9a77-047f-44b3-b9d1-be5581e54805	16	2699084	35282548	19286	0.0203
600c9a77-047f-44b3-b9d1-be5581e54805	16	35282553	35282555	3	2.0294
600c9a77-047f-44b3-b9d1-be5581e54805	16	35282935	55782793	6757	0.0085
600c9a77-047f-44b3-b9d1-be5581e54805	16	55788057	55788532	3	1.425
600c9a77-047f-44b3-b9d1-be5581e54805	16	55808442	77609049	13531	0.0082
600c9a77-047f-44b3-b9d1-be5581e54805	16	77609481	77609524	3	-2.3821
600c9a77-047f-44b3-b9d1-be5581e54805	16	77610101	77998407	449	0.0275
600c9a77-047f-44b3-b9d1-be5581e54805	16	77998698	77999311	3	-1.5724
600c9a77-047f-44b3-b9d1-be5581e54805	16	78002273	78337711	295	0.0357
600c9a77-047f-44b3-b9d1-be5581e54805	16	78338543	78345778	13	-1.4556
600c9a77-047f-44b3-b9d1-be5581e54805	16	78349243	81551943	3599	0.0084
600c9a77-047f-44b3-b9d1-be5581e54805	16	81554537	81558420	3	-2.1076
600c9a77-047f-44b3-b9d1-be5581e54805	16	81559329	84225105	2927	-0.0022
600c9a77-047f-44b3-b9d1-be5581e54805	16	84225660	84226547	4	-1.7504
600c9a77-047f-44b3-b9d1-be5581e54805	16	84227250	90096867	4093	0.0254
600c9a77-047f-44b3-b9d1-be5581e54805	17	150733	33673888	16456	0.018
600c9a77-047f-44b3-b9d1-be5581e54805	17	33674726	33676822	2	-3.324
600c9a77-047f-44b3-b9d1-be5581e54805	17	33677294	45968608	6784	0.0039
600c9a77-047f-44b3-b9d1-be5581e54805	17	45969353	45969761	3	1.6195
600c9a77-047f-44b3-b9d1-be5581e54805	17	45970153	46085231	90	0.1028
600c9a77-047f-44b3-b9d1-be5581e54805	17	46085732	46286804	125	0.6151
600c9a77-047f-44b3-b9d1-be5581e54805	17	46323701	83091923	21569	0.0065
600c9a77-047f-44b3-b9d1-be5581e54805	18	48133	15149069	10365	0.0069
600c9a77-047f-44b3-b9d1-be5581e54805	18	15152213	15276771	21	0.6081
600c9a77-047f-44b3-b9d1-be5581e54805	18	15277603	37373418	10220	0.0057
600c9a77-047f-44b3-b9d1-be5581e54805	18	37373574	37377631	6	-1.3169
600c9a77-047f-44b3-b9d1-be5581e54805	18	37378547	40344703	1898	0.0041
600c9a77-047f-44b3-b9d1-be5581e54805	18	40345605	40347409	3	-1.6502
600c9a77-047f-44b3-b9d1-be5581e54805	18	40347641	40680484	280	0.0217
600c9a77-047f-44b3-b9d1-be5581e54805	18	40680506	40688060	17	-0.5969
600c9a77-047f-44b3-b9d1-be5581e54805	18	40689534	42476937	1223	-0.0151
600c9a77-047f-44b3-b9d1-be5581e54805	18	42476974	42477802	17	-0.6663
600c9a77-047f-44b3-b9d1-be5581e54805	18	42478430	50103394	5096	0.0027
600c9a77-047f-44b3-b9d1-be5581e54805	18	50104540	50104730	2	-2.6818
600c9a77-047f-44b3-b9d1-be5581e54805	18	50106120	53740840	2642	-0.0091
600c9a77-047f-44b3-b9d1-be5581e54805	18	53740980	53741022	2	2.302
600c9a77-047f-44b3-b9d1-be5581e54805	18	53741814	66240197	8676	0.0093
600c9a77-047f-44b3-b9d1-be5581e54805	18	66240359	66244352	9	-1.0655
600c9a77-047f-44b3-b9d1-be5581e54805	18	66244639	80257174	10273	0.0092
600c9a77-047f-44b3-b9d1-be5581e54805	19	90910	5506648	1593	0.0257
600c9a77-047f-44b3-b9d1-be5581e54805	19	5510228	5510569	2	-2.7433
600c9a77-047f-44b3-b9d1-be5581e54805	19	5510642	20406235	7326	0.0153
600c9a77-047f-44b3-b9d1-be5581e54805	19	20410682	20538428	75	-0.7738
600c9a77-047f-44b3-b9d1-be5581e54805	19	20538656	20563384	17	-0.0394
600c9a77-047f-44b3-b9d1-be5581e54805	19	20576271	20582744	5	-1.2339
600c9a77-047f-44b3-b9d1-be5581e54805	19	20583108	24202622	2102	0.0311
600c9a77-047f-44b3-b9d1-be5581e54805	19	24219440	24236573	2	-2.0217
600c9a77-047f-44b3-b9d1-be5581e54805	19	24237261	55770704	16151	0.0154
600c9a77-047f-44b3-b9d1-be5581e54805	19	55771003	55771701	4	-3.0579
600c9a77-047f-44b3-b9d1-be5581e54805	19	55774927	58586487	1839	0.0115
600c9a77-047f-44b3-b9d1-be5581e54805	20	80664	1571811	1183	0.021
600c9a77-047f-44b3-b9d1-be5581e54805	20	1576544	1580353	21	-0.6038
600c9a77-047f-44b3-b9d1-be5581e54805	20	1580934	1613247	41	2.1542
600c9a77-047f-44b3-b9d1-be5581e54805	20	1617300	3830556	1567	-0.002
600c9a77-047f-44b3-b9d1-be5581e54805	20	3830786	3865213	17	0.6724
600c9a77-047f-44b3-b9d1-be5581e54805	20	3865750	64324800	39546	0.0079
600c9a77-047f-44b3-b9d1-be5581e54805	21	10354168	10585552	60	0.1472
600c9a77-047f-44b3-b9d1-be5581e54805	21	10589032	12973348	28	-0.497
600c9a77-047f-44b3-b9d1-be5581e54805	21	12992210	13583316	181	0.1522
600c9a77-047f-44b3-b9d1-be5581e54805	21	13612103	13822907	9	0.9129
600c9a77-047f-44b3-b9d1-be5581e54805	21	13823535	46677045	23587	0.0115
600c9a77-047f-44b3-b9d1-be5581e54805	22	15294547	23987520	4394	0.0599
600c9a77-047f-44b3-b9d1-be5581e54805	22	23988078	23989773	2	-3.4107
600c9a77-047f-44b3-b9d1-be5581e54805	22	23990431	38979302	10863	0.0118
600c9a77-047f-44b3-b9d1-be5581e54805	22	38993700	38999502	11	0.8345
600c9a77-047f-44b3-b9d1-be5581e54805	22	39003307	50796027	8003	0.0169
600c9a77-047f-44b3-b9d1-be5581e54805	X	251810	19248987	11609	0.0076
600c9a77-047f-44b3-b9d1-be5581e54805	X	19249334	19252812	2	-2.308
600c9a77-047f-44b3-b9d1-be5581e54805	X	19254634	155952689	72049	0.0053
600c9a77-047f-44b3-b9d1-be5581e54805	Y	2782397	56872112	6639	-0.5482
