GDC_Aliquot	Chromosome	Start	End	Num_Probes	Segment_Mean
8dc08804-7175-4bd2-932e-8a22ee007fc1	1	3301765	12134555	5028	-0.0051
8dc08804-7175-4bd2-932e-8a22ee007fc1	1	12134688	12209650	54	0.2491
8dc08804-7175-4bd2-932e-8a22ee007fc1	1	12209703	19068984	3731	0.0108
8dc08804-7175-4bd2-932e-8a22ee007fc1	1	19070242	19081687	16	0.2405
8dc08804-7175-4bd2-932e-8a22ee007fc1	1	19081836	19448998	225	0.0685
8dc08804-7175-4bd2-932e-8a22ee007fc1	1	19449072	19506073	50	0.2382
8dc08804-7175-4bd2-932e-8a22ee007fc1	1	19509072	21117887	1010	-0.0116
8dc08804-7175-4bd2-932e-8a22ee007fc1	1	21121227	21135060	6	0.3184
8dc08804-7175-4bd2-932e-8a22ee007fc1	1	21135560	21265899	53	0.0872
8dc08804-7175-4bd2-932e-8a22ee007fc1	1	21266599	21464766	50	0.2613
8dc08804-7175-4bd2-932e-8a22ee007fc1	1	21467568	26457095	2540	0.0012
8dc08804-7175-4bd2-932e-8a22ee007fc1	1	26460238	28335499	686	0.0994
8dc08804-7175-4bd2-932e-8a22ee007fc1	1	28338452	36070126	4097	0.011
8dc08804-7175-4bd2-932e-8a22ee007fc1	1	36073106	36422937	157	0.1736
8dc08804-7175-4bd2-932e-8a22ee007fc1	1	36425761	40334417	2161	0.0029
8dc08804-7175-4bd2-932e-8a22ee007fc1	1	40338161	40439085	34	0.2972
8dc08804-7175-4bd2-932e-8a22ee007fc1	1	40440176	40672628	114	0.0099
8dc08804-7175-4bd2-932e-8a22ee007fc1	1	40673375	40713294	26	0.3306
8dc08804-7175-4bd2-932e-8a22ee007fc1	1	40717433	44169804	2083	-0.0029
8dc08804-7175-4bd2-932e-8a22ee007fc1	1	44170809	44171718	2	-1.8154
8dc08804-7175-4bd2-932e-8a22ee007fc1	1	44181708	50177994	3071	0.0118
8dc08804-7175-4bd2-932e-8a22ee007fc1	1	50180211	50186973	12	-0.7262
8dc08804-7175-4bd2-932e-8a22ee007fc1	1	50189590	64785299	9642	0.0111
8dc08804-7175-4bd2-932e-8a22ee007fc1	1	64785337	65079524	352	0.1223
8dc08804-7175-4bd2-932e-8a22ee007fc1	1	65085348	66325695	800	0.0037
8dc08804-7175-4bd2-932e-8a22ee007fc1	1	66327092	66387119	51	0.3467
8dc08804-7175-4bd2-932e-8a22ee007fc1	1	66387165	96626406	18337	0.0192
8dc08804-7175-4bd2-932e-8a22ee007fc1	1	96628173	96631312	3	1.245
8dc08804-7175-4bd2-932e-8a22ee007fc1	1	96634211	108823932	6804	0.0307
8dc08804-7175-4bd2-932e-8a22ee007fc1	1	108824363	108829252	3	-1.0615
8dc08804-7175-4bd2-932e-8a22ee007fc1	1	108830979	110012338	552	0.0216
8dc08804-7175-4bd2-932e-8a22ee007fc1	1	110017996	110055914	21	0.3634
8dc08804-7175-4bd2-932e-8a22ee007fc1	1	110056828	110337964	198	-0.0222
8dc08804-7175-4bd2-932e-8a22ee007fc1	1	110340430	110343114	3	1.0405
8dc08804-7175-4bd2-932e-8a22ee007fc1	1	110343210	113658709	2206	0.0105
8dc08804-7175-4bd2-932e-8a22ee007fc1	1	113659650	113970317	134	0.1643
8dc08804-7175-4bd2-932e-8a22ee007fc1	1	113972956	150148513	3927	0.0193
8dc08804-7175-4bd2-932e-8a22ee007fc1	1	150154910	150638624	121	0.1904
8dc08804-7175-4bd2-932e-8a22ee007fc1	1	150642711	155205866	2304	0.021
8dc08804-7175-4bd2-932e-8a22ee007fc1	1	155210569	155269931	27	0.3326
8dc08804-7175-4bd2-932e-8a22ee007fc1	1	155269959	161026964	3437	0.0332
8dc08804-7175-4bd2-932e-8a22ee007fc1	1	161030659	161242504	103	0.1945
8dc08804-7175-4bd2-932e-8a22ee007fc1	1	161242779	183557203	14872	0.0166
8dc08804-7175-4bd2-932e-8a22ee007fc1	1	183557455	183645111	72	0.2545
8dc08804-7175-4bd2-932e-8a22ee007fc1	1	183645147	198620816	8823	0.021
8dc08804-7175-4bd2-932e-8a22ee007fc1	1	198621103	198691223	42	0.3721
8dc08804-7175-4bd2-932e-8a22ee007fc1	1	198691450	201046839	1428	0.0257
8dc08804-7175-4bd2-932e-8a22ee007fc1	1	201046996	202879163	1214	-0.0298
8dc08804-7175-4bd2-932e-8a22ee007fc1	1	202880595	203253961	247	0.0439
8dc08804-7175-4bd2-932e-8a22ee007fc1	1	203264456	203340838	68	0.3067
8dc08804-7175-4bd2-932e-8a22ee007fc1	1	203345998	204389944	662	-0.0084
8dc08804-7175-4bd2-932e-8a22ee007fc1	1	204390045	204417745	18	0.3565
8dc08804-7175-4bd2-932e-8a22ee007fc1	1	204419193	204591549	158	0.0795
8dc08804-7175-4bd2-932e-8a22ee007fc1	1	204591862	204928444	255	-0.077
8dc08804-7175-4bd2-932e-8a22ee007fc1	1	204930619	206513930	835	0.0201
8dc08804-7175-4bd2-932e-8a22ee007fc1	1	206514025	206560716	24	0.1427
8dc08804-7175-4bd2-932e-8a22ee007fc1	1	206561058	206592818	22	0.4243
8dc08804-7175-4bd2-932e-8a22ee007fc1	1	206593162	206808374	158	0.147
8dc08804-7175-4bd2-932e-8a22ee007fc1	1	206808721	207318144	334	0.0426
8dc08804-7175-4bd2-932e-8a22ee007fc1	1	207319993	207373959	37	0.3601
8dc08804-7175-4bd2-932e-8a22ee007fc1	1	207377271	207793682	250	0.0249
8dc08804-7175-4bd2-932e-8a22ee007fc1	1	207794374	207874090	57	0.2489
8dc08804-7175-4bd2-932e-8a22ee007fc1	1	207874203	207955377	73	0.1058
8dc08804-7175-4bd2-932e-8a22ee007fc1	1	207955510	209642986	1356	0.0051
8dc08804-7175-4bd2-932e-8a22ee007fc1	1	209643026	209679691	44	0.2719
8dc08804-7175-4bd2-932e-8a22ee007fc1	1	209683941	209734403	38	0.0527
8dc08804-7175-4bd2-932e-8a22ee007fc1	1	209735178	209795066	55	0.2363
8dc08804-7175-4bd2-932e-8a22ee007fc1	1	209796557	225958418	10465	0.0161
8dc08804-7175-4bd2-932e-8a22ee007fc1	1	225958648	226097437	72	0.2447
8dc08804-7175-4bd2-932e-8a22ee007fc1	1	226097450	226628733	316	-0.0287
8dc08804-7175-4bd2-932e-8a22ee007fc1	1	226629855	226735804	82	0.1899
8dc08804-7175-4bd2-932e-8a22ee007fc1	1	226739636	227963019	741	0.0004
8dc08804-7175-4bd2-932e-8a22ee007fc1	1	227967062	227985977	3	-1.5476
8dc08804-7175-4bd2-932e-8a22ee007fc1	1	227989116	234322728	4302	-0.0066
8dc08804-7175-4bd2-932e-8a22ee007fc1	1	234322787	234826782	348	0.0432
8dc08804-7175-4bd2-932e-8a22ee007fc1	1	234827911	235338760	241	0.1296
8dc08804-7175-4bd2-932e-8a22ee007fc1	1	235343798	245652821	7081	0.0237
8dc08804-7175-4bd2-932e-8a22ee007fc1	1	245653045	247650984	740	0.0021
8dc08804-7175-4bd2-932e-8a22ee007fc1	2	480597	16613477	10401	0.0052
8dc08804-7175-4bd2-932e-8a22ee007fc1	2	16614150	16670127	58	0.2342
8dc08804-7175-4bd2-932e-8a22ee007fc1	2	16672543	43103317	15149	0.0086
8dc08804-7175-4bd2-932e-8a22ee007fc1	2	43106501	43241676	94	0.247
8dc08804-7175-4bd2-932e-8a22ee007fc1	2	43247533	44163876	533	0.015
8dc08804-7175-4bd2-932e-8a22ee007fc1	2	44165113	44185857	24	0.2873
8dc08804-7175-4bd2-932e-8a22ee007fc1	2	44186940	49368804	3339	0.0112
8dc08804-7175-4bd2-932e-8a22ee007fc1	2	49371682	49372438	2	-1.5455
8dc08804-7175-4bd2-932e-8a22ee007fc1	2	49373284	68128857	10629	0.0112
8dc08804-7175-4bd2-932e-8a22ee007fc1	2	68132443	68286057	81	0.1494
8dc08804-7175-4bd2-932e-8a22ee007fc1	2	68287596	68324530	34	-0.0827
8dc08804-7175-4bd2-932e-8a22ee007fc1	2	68326669	68840640	214	0.1645
8dc08804-7175-4bd2-932e-8a22ee007fc1	2	68841846	69810919	665	-0.0018
8dc08804-7175-4bd2-932e-8a22ee007fc1	2	69812092	69850699	22	0.2899
8dc08804-7175-4bd2-932e-8a22ee007fc1	2	69854951	69895460	24	-0.0469
8dc08804-7175-4bd2-932e-8a22ee007fc1	2	69900114	70150521	141	0.2255
8dc08804-7175-4bd2-932e-8a22ee007fc1	2	70154653	113866118	18845	0.015
8dc08804-7175-4bd2-932e-8a22ee007fc1	2	113872837	113966545	53	0.2503
8dc08804-7175-4bd2-932e-8a22ee007fc1	2	113968205	119251951	2815	0.013
8dc08804-7175-4bd2-932e-8a22ee007fc1	2	119253089	119256007	7	-1.4764
8dc08804-7175-4bd2-932e-8a22ee007fc1	2	119256336	135954736	8146	0.0126
8dc08804-7175-4bd2-932e-8a22ee007fc1	2	135960809	136022784	37	0.2225
8dc08804-7175-4bd2-932e-8a22ee007fc1	2	136025031	136083136	34	0.0462
8dc08804-7175-4bd2-932e-8a22ee007fc1	2	136083562	136103818	6	-0.2612
8dc08804-7175-4bd2-932e-8a22ee007fc1	2	136104539	136145625	20	0.266
8dc08804-7175-4bd2-932e-8a22ee007fc1	2	136149866	136190777	29	-0.0022
8dc08804-7175-4bd2-932e-8a22ee007fc1	2	136191251	136263684	46	0.2354
8dc08804-7175-4bd2-932e-8a22ee007fc1	2	136264608	138724755	1224	-0.005
8dc08804-7175-4bd2-932e-8a22ee007fc1	2	138725296	146896066	4735	0.0418
8dc08804-7175-4bd2-932e-8a22ee007fc1	2	146896434	157406676	6101	0.0109
8dc08804-7175-4bd2-932e-8a22ee007fc1	2	157407516	157480367	47	0.3431
8dc08804-7175-4bd2-932e-8a22ee007fc1	2	157481924	161122883	2250	0.0025
8dc08804-7175-4bd2-932e-8a22ee007fc1	2	161123371	161180100	44	0.3056
8dc08804-7175-4bd2-932e-8a22ee007fc1	2	161180934	175334837	8500	0.0192
8dc08804-7175-4bd2-932e-8a22ee007fc1	2	175335261	175345944	7	-1.0057
8dc08804-7175-4bd2-932e-8a22ee007fc1	2	175347662	196134399	10614	0.0192
8dc08804-7175-4bd2-932e-8a22ee007fc1	2	196135820	196253656	83	0.2559
8dc08804-7175-4bd2-932e-8a22ee007fc1	2	196253773	197130427	529	0.0202
8dc08804-7175-4bd2-932e-8a22ee007fc1	2	197132491	197281171	115	0.1673
8dc08804-7175-4bd2-932e-8a22ee007fc1	2	197379025	201031921	2149	0.0091
8dc08804-7175-4bd2-932e-8a22ee007fc1	2	201043477	201272730	106	0.192
8dc08804-7175-4bd2-932e-8a22ee007fc1	2	201275526	218209842	10179	0.0108
8dc08804-7175-4bd2-932e-8a22ee007fc1	2	218219238	218419564	106	0.1778
8dc08804-7175-4bd2-932e-8a22ee007fc1	2	218421338	237661589	11875	0.0122
8dc08804-7175-4bd2-932e-8a22ee007fc1	2	237661620	237709110	42	0.3381
8dc08804-7175-4bd2-932e-8a22ee007fc1	2	237711256	239255040	772	0.0165
8dc08804-7175-4bd2-932e-8a22ee007fc1	2	239255512	239286785	20	0.3555
8dc08804-7175-4bd2-932e-8a22ee007fc1	2	239287096	241282067	1142	-0.0174
8dc08804-7175-4bd2-932e-8a22ee007fc1	2	241285182	241351844	36	0.2991
8dc08804-7175-4bd2-932e-8a22ee007fc1	2	241357034	241537572	108	0.0104
8dc08804-7175-4bd2-932e-8a22ee007fc1	3	2170634	152181915	83714	0.0183
8dc08804-7175-4bd2-932e-8a22ee007fc1	3	152182436	152521506	216	0.1884
8dc08804-7175-4bd2-932e-8a22ee007fc1	3	152521617	197812401	23281	0.0189
8dc08804-7175-4bd2-932e-8a22ee007fc1	4	1059384	7024842	3252	0.0215
8dc08804-7175-4bd2-932e-8a22ee007fc1	4	7028733	7119184	54	0.2243
8dc08804-7175-4bd2-932e-8a22ee007fc1	4	7119213	10075760	1333	0.0061
8dc08804-7175-4bd2-932e-8a22ee007fc1	4	10075781	10137423	64	0.2437
8dc08804-7175-4bd2-932e-8a22ee007fc1	4	10137533	15629114	4138	0.0072
8dc08804-7175-4bd2-932e-8a22ee007fc1	4	15629360	15696896	40	0.2884
8dc08804-7175-4bd2-932e-8a22ee007fc1	4	15696927	113545980	54504	0.0151
8dc08804-7175-4bd2-932e-8a22ee007fc1	4	113550863	113966455	298	0.1215
8dc08804-7175-4bd2-932e-8a22ee007fc1	4	113966971	184600783	38284	0.0228
8dc08804-7175-4bd2-932e-8a22ee007fc1	4	184752665	185378502	44	0.3269
8dc08804-7175-4bd2-932e-8a22ee007fc1	4	185378604	187842528	1525	0.0085
8dc08804-7175-4bd2-932e-8a22ee007fc1	5	913983	95784138	50971	0.0157
8dc08804-7175-4bd2-932e-8a22ee007fc1	5	95784350	95975499	140	0.2088
8dc08804-7175-4bd2-932e-8a22ee007fc1	5	95977811	119264708	12620	0.0163
8dc08804-7175-4bd2-932e-8a22ee007fc1	5	119272480	119395372	97	0.2166
8dc08804-7175-4bd2-932e-8a22ee007fc1	5	119395531	120820425	775	0.0099
8dc08804-7175-4bd2-932e-8a22ee007fc1	5	120820831	120820927	2	-1.5178
8dc08804-7175-4bd2-932e-8a22ee007fc1	5	120821180	131148470	5914	0.0134
8dc08804-7175-4bd2-932e-8a22ee007fc1	5	131149040	131663496	249	0.1222
8dc08804-7175-4bd2-932e-8a22ee007fc1	5	131664064	132408510	410	0.0046
8dc08804-7175-4bd2-932e-8a22ee007fc1	5	132409098	132504515	76	0.3253
8dc08804-7175-4bd2-932e-8a22ee007fc1	5	132509510	151019664	11230	0.0139
8dc08804-7175-4bd2-932e-8a22ee007fc1	5	151019741	151260073	187	0.203
8dc08804-7175-4bd2-932e-8a22ee007fc1	5	151260113	157093589	3859	0.0012
8dc08804-7175-4bd2-932e-8a22ee007fc1	5	157096393	157287280	122	0.1603
8dc08804-7175-4bd2-932e-8a22ee007fc1	5	157291422	170254091	8684	0.0122
8dc08804-7175-4bd2-932e-8a22ee007fc1	5	170256365	170346889	27	0.3224
8dc08804-7175-4bd2-932e-8a22ee007fc1	5	170349639	172748134	1396	-0.0054
8dc08804-7175-4bd2-932e-8a22ee007fc1	5	172749753	172985671	158	0.1628
8dc08804-7175-4bd2-932e-8a22ee007fc1	5	172998252	174661291	1287	-0.0026
8dc08804-7175-4bd2-932e-8a22ee007fc1	5	174662436	174664918	2	-1.959
8dc08804-7175-4bd2-932e-8a22ee007fc1	5	174664928	177288812	1252	-0.0007
8dc08804-7175-4bd2-932e-8a22ee007fc1	5	177288878	177557162	105	0.1729
8dc08804-7175-4bd2-932e-8a22ee007fc1	5	177559445	179612187	944	-0.0291
8dc08804-7175-4bd2-932e-8a22ee007fc1	5	179612561	179847544	119	0.1709
8dc08804-7175-4bd2-932e-8a22ee007fc1	5	179848041	180934240	507	0.0086
8dc08804-7175-4bd2-932e-8a22ee007fc1	6	1011760	2754560	1337	0.0016
8dc08804-7175-4bd2-932e-8a22ee007fc1	6	2755024	2938588	134	0.1578
8dc08804-7175-4bd2-932e-8a22ee007fc1	6	2938744	2958350	43	-0.0537
8dc08804-7175-4bd2-932e-8a22ee007fc1	6	2958488	3119325	115	0.125
8dc08804-7175-4bd2-932e-8a22ee007fc1	6	3119750	11316547	5676	0.0074
8dc08804-7175-4bd2-932e-8a22ee007fc1	6	11317130	11388130	62	0.2924
8dc08804-7175-4bd2-932e-8a22ee007fc1	6	11388631	19789348	5937	0.0124
8dc08804-7175-4bd2-932e-8a22ee007fc1	6	19790256	19790705	4	-0.96
8dc08804-7175-4bd2-932e-8a22ee007fc1	6	19790748	24631755	3474	0.0244
8dc08804-7175-4bd2-932e-8a22ee007fc1	6	24631909	24673772	30	0.2392
8dc08804-7175-4bd2-932e-8a22ee007fc1	6	24690799	24920679	139	0.0537
8dc08804-7175-4bd2-932e-8a22ee007fc1	6	24923217	25036752	91	0.183
8dc08804-7175-4bd2-932e-8a22ee007fc1	6	25037308	26015520	508	0.0046
8dc08804-7175-4bd2-932e-8a22ee007fc1	6	26016234	26601424	266	0.1894
8dc08804-7175-4bd2-932e-8a22ee007fc1	6	26605823	30977205	1432	0.0332
8dc08804-7175-4bd2-932e-8a22ee007fc1	6	30979265	31074992	52	-0.2204
8dc08804-7175-4bd2-932e-8a22ee007fc1	6	31075472	31154349	48	-0.0633
8dc08804-7175-4bd2-932e-8a22ee007fc1	6	31155220	33450395	296	0.0883
8dc08804-7175-4bd2-932e-8a22ee007fc1	6	33450436	36013553	1275	-0.0058
8dc08804-7175-4bd2-932e-8a22ee007fc1	6	36016706	36223930	111	0.1758
8dc08804-7175-4bd2-932e-8a22ee007fc1	6	36224085	41250914	3588	0.0173
8dc08804-7175-4bd2-932e-8a22ee007fc1	6	41251175	41311898	53	0.272
8dc08804-7175-4bd2-932e-8a22ee007fc1	6	41313660	133543112	50265	0.0214
8dc08804-7175-4bd2-932e-8a22ee007fc1	6	133543320	133544670	4	-0.9185
8dc08804-7175-4bd2-932e-8a22ee007fc1	6	133545729	135014291	966	0.0219
8dc08804-7175-4bd2-932e-8a22ee007fc1	6	135021116	135022100	2	-1.2218
8dc08804-7175-4bd2-932e-8a22ee007fc1	6	135028432	137205737	1446	0.0299
8dc08804-7175-4bd2-932e-8a22ee007fc1	6	137209894	137244763	25	0.404
8dc08804-7175-4bd2-932e-8a22ee007fc1	6	137245851	137702412	377	-0.0011
8dc08804-7175-4bd2-932e-8a22ee007fc1	6	137704063	137906630	114	0.2644
8dc08804-7175-4bd2-932e-8a22ee007fc1	6	137907383	142842670	2561	0.0225
8dc08804-7175-4bd2-932e-8a22ee007fc1	6	142846719	142949852	62	0.2219
8dc08804-7175-4bd2-932e-8a22ee007fc1	6	142950533	152872272	6732	0.0211
8dc08804-7175-4bd2-932e-8a22ee007fc1	6	152874199	152875019	3	-1.2397
8dc08804-7175-4bd2-932e-8a22ee007fc1	6	152875080	159018227	3874	0.0278
8dc08804-7175-4bd2-932e-8a22ee007fc1	6	159019695	159117385	57	0.321
8dc08804-7175-4bd2-932e-8a22ee007fc1	6	159117462	159677190	448	-0.0002
8dc08804-7175-4bd2-932e-8a22ee007fc1	6	159677323	159796464	72	0.254
8dc08804-7175-4bd2-932e-8a22ee007fc1	6	159798519	166032704	3854	0.0187
8dc08804-7175-4bd2-932e-8a22ee007fc1	6	166034476	166036972	3	-0.9671
8dc08804-7175-4bd2-932e-8a22ee007fc1	6	166041792	170596889	1652	0.0129
8dc08804-7175-4bd2-932e-8a22ee007fc1	7	664936	44568438	25450	0.0149
8dc08804-7175-4bd2-932e-8a22ee007fc1	7	44568504	44642998	46	0.3142
8dc08804-7175-4bd2-932e-8a22ee007fc1	7	44646898	45437588	445	0.0165
8dc08804-7175-4bd2-932e-8a22ee007fc1	7	45445978	45446625	2	-1.3433
8dc08804-7175-4bd2-932e-8a22ee007fc1	7	45453212	100070445	25009	0.0158
8dc08804-7175-4bd2-932e-8a22ee007fc1	7	100072705	100159989	35	0.3181
8dc08804-7175-4bd2-932e-8a22ee007fc1	7	100161779	106220737	2928	0.0097
8dc08804-7175-4bd2-932e-8a22ee007fc1	7	106222185	106430575	129	0.2385
8dc08804-7175-4bd2-932e-8a22ee007fc1	7	106431020	130866994	12799	0.0173
8dc08804-7175-4bd2-932e-8a22ee007fc1	7	130867953	130895299	28	0.1048
8dc08804-7175-4bd2-932e-8a22ee007fc1	7	130895584	130939025	34	0.3133
8dc08804-7175-4bd2-932e-8a22ee007fc1	7	130942255	131375476	310	0.0918
8dc08804-7175-4bd2-932e-8a22ee007fc1	7	131375958	158592540	14742	0.0083
8dc08804-7175-4bd2-932e-8a22ee007fc1	8	667625	144182542	82258	0.0163
8dc08804-7175-4bd2-932e-8a22ee007fc1	9	789794	8284789	4625	0.0058
8dc08804-7175-4bd2-932e-8a22ee007fc1	9	8285015	23485745	10011	0.0284
8dc08804-7175-4bd2-932e-8a22ee007fc1	9	23485953	32991331	5498	0.0026
8dc08804-7175-4bd2-932e-8a22ee007fc1	9	32992665	33177184	154	0.1596
8dc08804-7175-4bd2-932e-8a22ee007fc1	9	33180815	33253607	67	-0.0235
8dc08804-7175-4bd2-932e-8a22ee007fc1	9	33254358	33304803	33	0.2202
8dc08804-7175-4bd2-932e-8a22ee007fc1	9	33305033	33811093	275	0.0032
8dc08804-7175-4bd2-932e-8a22ee007fc1	9	33811131	33814449	17	0.2744
8dc08804-7175-4bd2-932e-8a22ee007fc1	9	33814570	33815843	4	0.9178
8dc08804-7175-4bd2-932e-8a22ee007fc1	9	33815844	33843010	19	0.2597
8dc08804-7175-4bd2-932e-8a22ee007fc1	9	33862510	92953770	19768	0.012
8dc08804-7175-4bd2-932e-8a22ee007fc1	9	92955649	93144015	107	0.1864
8dc08804-7175-4bd2-932e-8a22ee007fc1	9	93144825	129748920	23741	0.008
8dc08804-7175-4bd2-932e-8a22ee007fc1	9	129752610	130063344	177	0.1518
8dc08804-7175-4bd2-932e-8a22ee007fc1	9	130063651	131221480	784	-0.0358
8dc08804-7175-4bd2-932e-8a22ee007fc1	9	131222845	131412062	83	0.121
8dc08804-7175-4bd2-932e-8a22ee007fc1	9	131412159	131582533	121	-0.0323
8dc08804-7175-4bd2-932e-8a22ee007fc1	9	131582937	131758175	128	0.1926
8dc08804-7175-4bd2-932e-8a22ee007fc1	9	131758821	138044505	2894	-0.0144
8dc08804-7175-4bd2-932e-8a22ee007fc1	10	366509	3757076	1873	-0.0073
8dc08804-7175-4bd2-932e-8a22ee007fc1	10	3759742	3776962	23	0.2238
8dc08804-7175-4bd2-932e-8a22ee007fc1	10	3776991	3789028	34	0.444
8dc08804-7175-4bd2-932e-8a22ee007fc1	10	3792316	3910630	118	0.1712
8dc08804-7175-4bd2-932e-8a22ee007fc1	10	3913981	6142661	1717	0.0026
8dc08804-7175-4bd2-932e-8a22ee007fc1	10	6142741	6262594	97	0.1754
8dc08804-7175-4bd2-932e-8a22ee007fc1	10	6266521	6283273	31	0.4256
8dc08804-7175-4bd2-932e-8a22ee007fc1	10	6285169	6293806	10	0.253
8dc08804-7175-4bd2-932e-8a22ee007fc1	10	6293823	6332635	32	0.0443
8dc08804-7175-4bd2-932e-8a22ee007fc1	10	6332786	6362738	33	0.3164
8dc08804-7175-4bd2-932e-8a22ee007fc1	10	6365775	11141907	3715	0.0304
8dc08804-7175-4bd2-932e-8a22ee007fc1	10	11143182	11191211	56	0.3525
8dc08804-7175-4bd2-932e-8a22ee007fc1	10	11191694	11261152	67	0.1767
8dc08804-7175-4bd2-932e-8a22ee007fc1	10	11261406	14523454	2580	0.0115
8dc08804-7175-4bd2-932e-8a22ee007fc1	10	14523625	14675100	136	0.2087
8dc08804-7175-4bd2-932e-8a22ee007fc1	10	14678900	29787540	10243	0.016
8dc08804-7175-4bd2-932e-8a22ee007fc1	10	29789554	29801935	16	-0.4981
8dc08804-7175-4bd2-932e-8a22ee007fc1	10	29804352	43385385	6051	0.0192
8dc08804-7175-4bd2-932e-8a22ee007fc1	10	43388294	43445587	34	0.2994
8dc08804-7175-4bd2-932e-8a22ee007fc1	10	43449367	57808564	7042	0.0161
8dc08804-7175-4bd2-932e-8a22ee007fc1	10	57809329	57809966	2	-1.5672
8dc08804-7175-4bd2-932e-8a22ee007fc1	10	57812248	69037102	6808	0.018
8dc08804-7175-4bd2-932e-8a22ee007fc1	10	69042077	69128582	60	0.3137
8dc08804-7175-4bd2-932e-8a22ee007fc1	10	69132371	71712089	1878	-0.013
8dc08804-7175-4bd2-932e-8a22ee007fc1	10	71712731	71728683	10	0.1991
8dc08804-7175-4bd2-932e-8a22ee007fc1	10	71731755	71746372	4	0.6983
8dc08804-7175-4bd2-932e-8a22ee007fc1	10	71746757	71852520	77	0.1769
8dc08804-7175-4bd2-932e-8a22ee007fc1	10	71859256	124893322	33693	0.0163
8dc08804-7175-4bd2-932e-8a22ee007fc1	10	124893356	124893415	2	-1.7867
8dc08804-7175-4bd2-932e-8a22ee007fc1	10	124894452	128037664	2346	0.0173
8dc08804-7175-4bd2-932e-8a22ee007fc1	10	128038878	128084846	40	0.3829
8dc08804-7175-4bd2-932e-8a22ee007fc1	10	128085271	133411599	2484	0.0104
8dc08804-7175-4bd2-932e-8a22ee007fc1	11	456012	3776443	1095	-0.0098
8dc08804-7175-4bd2-932e-8a22ee007fc1	11	3776886	3948599	103	0.2073
8dc08804-7175-4bd2-932e-8a22ee007fc1	11	3949320	34880331	20871	0.0135
8dc08804-7175-4bd2-932e-8a22ee007fc1	11	34880522	35115355	256	0.0995
8dc08804-7175-4bd2-932e-8a22ee007fc1	11	35115726	35219682	88	0.2333
8dc08804-7175-4bd2-932e-8a22ee007fc1	11	35220442	35259248	42	0.1094
8dc08804-7175-4bd2-932e-8a22ee007fc1	11	35259305	62015176	11428	0.0117
8dc08804-7175-4bd2-932e-8a22ee007fc1	11	62015961	62034241	21	0.4647
8dc08804-7175-4bd2-932e-8a22ee007fc1	11	62043460	62531450	282	-0.0435
8dc08804-7175-4bd2-932e-8a22ee007fc1	11	62535152	62821899	105	0.1458
8dc08804-7175-4bd2-932e-8a22ee007fc1	11	62824275	62868700	25	0.3987
8dc08804-7175-4bd2-932e-8a22ee007fc1	11	62871439	64170477	597	-0.0203
8dc08804-7175-4bd2-932e-8a22ee007fc1	11	64176898	64337044	40	0.2372
8dc08804-7175-4bd2-932e-8a22ee007fc1	11	64338457	67235918	717	0.0006
8dc08804-7175-4bd2-932e-8a22ee007fc1	11	67236827	68052144	126	0.174
8dc08804-7175-4bd2-932e-8a22ee007fc1	11	68052158	76333746	4292	-0.0024
8dc08804-7175-4bd2-932e-8a22ee007fc1	11	76336659	76345805	7	-0.6746
8dc08804-7175-4bd2-932e-8a22ee007fc1	11	76349240	80304687	2553	0.0158
8dc08804-7175-4bd2-932e-8a22ee007fc1	11	80305032	80305076	2	1.1994
8dc08804-7175-4bd2-932e-8a22ee007fc1	11	80305092	83149335	1799	0.0121
8dc08804-7175-4bd2-932e-8a22ee007fc1	11	83149673	83202863	31	0.347
8dc08804-7175-4bd2-932e-8a22ee007fc1	11	83203463	108575470	15438	0.0135
8dc08804-7175-4bd2-932e-8a22ee007fc1	11	108576871	119004109	7132	0.031
8dc08804-7175-4bd2-932e-8a22ee007fc1	11	119007103	119116185	75	0.2263
8dc08804-7175-4bd2-932e-8a22ee007fc1	11	119127131	122753961	2528	0.0333
8dc08804-7175-4bd2-932e-8a22ee007fc1	11	122756734	128459726	4139	0.0131
8dc08804-7175-4bd2-932e-8a22ee007fc1	11	128459828	128468346	14	0.2779
8dc08804-7175-4bd2-932e-8a22ee007fc1	11	128468734	128679090	298	0.1097
8dc08804-7175-4bd2-932e-8a22ee007fc1	11	128681794	128758733	60	0.2817
8dc08804-7175-4bd2-932e-8a22ee007fc1	11	128762243	132313626	2483	0.0189
8dc08804-7175-4bd2-932e-8a22ee007fc1	11	132314062	132314227	2	1.3082
8dc08804-7175-4bd2-932e-8a22ee007fc1	11	132314385	134272740	959	0.0056
8dc08804-7175-4bd2-932e-8a22ee007fc1	12	780472	6273087	3526	0.0054
8dc08804-7175-4bd2-932e-8a22ee007fc1	12	6278143	6854554	258	0.0838
8dc08804-7175-4bd2-932e-8a22ee007fc1	12	6856030	6976009	37	0.2607
8dc08804-7175-4bd2-932e-8a22ee007fc1	12	6978896	7982496	378	-0.0391
8dc08804-7175-4bd2-932e-8a22ee007fc1	12	7985126	8110695	71	0.2205
8dc08804-7175-4bd2-932e-8a22ee007fc1	12	8111627	9638628	504	-0.0036
8dc08804-7175-4bd2-932e-8a22ee007fc1	12	9642069	9658241	12	0.3684
8dc08804-7175-4bd2-932e-8a22ee007fc1	12	9658318	9736480	72	0.1053
8dc08804-7175-4bd2-932e-8a22ee007fc1	12	9741565	9775058	33	0.2993
8dc08804-7175-4bd2-932e-8a22ee007fc1	12	9778005	66149620	29958	0.0162
8dc08804-7175-4bd2-932e-8a22ee007fc1	12	66150301	66332575	137	0.2148
8dc08804-7175-4bd2-932e-8a22ee007fc1	12	66332659	94080667	16951	0.0202
8dc08804-7175-4bd2-932e-8a22ee007fc1	12	94081085	94276936	221	0.161
8dc08804-7175-4bd2-932e-8a22ee007fc1	12	94277397	104581238	6670	0.0135
8dc08804-7175-4bd2-932e-8a22ee007fc1	12	104581431	104692715	121	0.1688
8dc08804-7175-4bd2-932e-8a22ee007fc1	12	104695751	106217050	1163	0.0003
8dc08804-7175-4bd2-932e-8a22ee007fc1	12	106219037	106361133	121	0.217
8dc08804-7175-4bd2-932e-8a22ee007fc1	12	106363835	132605822	14125	0.0132
8dc08804-7175-4bd2-932e-8a22ee007fc1	13	18874255	30597891	7027	0.0089
8dc08804-7175-4bd2-932e-8a22ee007fc1	13	30598197	30773084	152	0.1634
8dc08804-7175-4bd2-932e-8a22ee007fc1	13	30776154	46118276	10058	0.0143
8dc08804-7175-4bd2-932e-8a22ee007fc1	13	46118344	46165675	49	0.2353
8dc08804-7175-4bd2-932e-8a22ee007fc1	13	46168878	46175867	7	0.6451
8dc08804-7175-4bd2-932e-8a22ee007fc1	13	46181745	46205817	21	0.2796
8dc08804-7175-4bd2-932e-8a22ee007fc1	13	46206854	57727535	5412	0.0109
8dc08804-7175-4bd2-932e-8a22ee007fc1	13	57734082	57734691	2	-1.4458
8dc08804-7175-4bd2-932e-8a22ee007fc1	13	57737049	99197743	24391	0.0218
8dc08804-7175-4bd2-932e-8a22ee007fc1	13	99202870	99377678	106	0.1796
8dc08804-7175-4bd2-932e-8a22ee007fc1	13	99379413	111517720	8662	0.0098
8dc08804-7175-4bd2-932e-8a22ee007fc1	13	111518677	111518766	2	1.8279
8dc08804-7175-4bd2-932e-8a22ee007fc1	13	111521972	114226675	1121	-0.011
8dc08804-7175-4bd2-932e-8a22ee007fc1	14	20033191	51838516	16683	0.0168
8dc08804-7175-4bd2-932e-8a22ee007fc1	14	51843518	51905533	58	0.4171
8dc08804-7175-4bd2-932e-8a22ee007fc1	14	51906635	61418722	6048	0.015
8dc08804-7175-4bd2-932e-8a22ee007fc1	14	61419139	61768380	282	0.1794
8dc08804-7175-4bd2-932e-8a22ee007fc1	14	61779298	69482470	4491	0.0125
8dc08804-7175-4bd2-932e-8a22ee007fc1	14	69487659	69492243	2	-1.4603
8dc08804-7175-4bd2-932e-8a22ee007fc1	14	69494816	75253070	3477	0.0173
8dc08804-7175-4bd2-932e-8a22ee007fc1	14	75253592	75307170	35	0.3671
8dc08804-7175-4bd2-932e-8a22ee007fc1	14	75313186	94682411	12434	0.0104
8dc08804-7175-4bd2-932e-8a22ee007fc1	14	94684083	94685201	2	1.3592
8dc08804-7175-4bd2-932e-8a22ee007fc1	14	94691009	94914743	192	0.0002
8dc08804-7175-4bd2-932e-8a22ee007fc1	14	94914784	94916543	3	-0.9035
8dc08804-7175-4bd2-932e-8a22ee007fc1	14	94919170	95498583	404	-0.0189
8dc08804-7175-4bd2-932e-8a22ee007fc1	14	95498649	95543411	49	0.2302
8dc08804-7175-4bd2-932e-8a22ee007fc1	14	95549727	105533894	5639	-0.0067
8dc08804-7175-4bd2-932e-8a22ee007fc1	15	23437561	40556152	8671	0.0136
8dc08804-7175-4bd2-932e-8a22ee007fc1	15	40557499	40557629	2	-1.7285
8dc08804-7175-4bd2-932e-8a22ee007fc1	15	40559556	44700277	1800	-0.0112
8dc08804-7175-4bd2-932e-8a22ee007fc1	15	44701871	44728119	24	0.5093
8dc08804-7175-4bd2-932e-8a22ee007fc1	15	44733925	58135251	8228	0.015
8dc08804-7175-4bd2-932e-8a22ee007fc1	15	58136623	58189995	66	0.2175
8dc08804-7175-4bd2-932e-8a22ee007fc1	15	58191968	79954362	13271	0.0121
8dc08804-7175-4bd2-932e-8a22ee007fc1	15	79955030	79994695	26	0.3379
8dc08804-7175-4bd2-932e-8a22ee007fc1	15	79998160	81258800	897	0.0004
8dc08804-7175-4bd2-932e-8a22ee007fc1	15	81259490	81340992	68	0.2084
8dc08804-7175-4bd2-932e-8a22ee007fc1	15	81343835	92788488	6794	0.0123
8dc08804-7175-4bd2-932e-8a22ee007fc1	15	92797878	92859931	28	0.3034
8dc08804-7175-4bd2-932e-8a22ee007fc1	15	92861061	92861590	3	-0.6662
8dc08804-7175-4bd2-932e-8a22ee007fc1	15	92869548	92884062	6	0.2439
8dc08804-7175-4bd2-932e-8a22ee007fc1	15	92884513	92918945	17	0.5062
8dc08804-7175-4bd2-932e-8a22ee007fc1	15	92921146	92982773	37	0.195
8dc08804-7175-4bd2-932e-8a22ee007fc1	15	92987133	101344124	4858	0.0104
8dc08804-7175-4bd2-932e-8a22ee007fc1	16	603333	11475598	6016	0.0109
8dc08804-7175-4bd2-932e-8a22ee007fc1	16	11477437	11695334	89	0.2019
8dc08804-7175-4bd2-932e-8a22ee007fc1	16	11699242	28117345	7107	0.006
8dc08804-7175-4bd2-932e-8a22ee007fc1	16	28117359	28211069	68	0.2382
8dc08804-7175-4bd2-932e-8a22ee007fc1	16	28219611	29417218	186	-0.0173
8dc08804-7175-4bd2-932e-8a22ee007fc1	16	29417224	30772151	138	0.1724
8dc08804-7175-4bd2-932e-8a22ee007fc1	16	30774503	61421425	10158	0.0144
8dc08804-7175-4bd2-932e-8a22ee007fc1	16	61422028	61436711	2	-1.1587
8dc08804-7175-4bd2-932e-8a22ee007fc1	16	61445879	66467212	3447	0.0187
8dc08804-7175-4bd2-932e-8a22ee007fc1	16	66467757	66570701	52	0.2298
8dc08804-7175-4bd2-932e-8a22ee007fc1	16	66570964	73347807	2963	0.0089
8dc08804-7175-4bd2-932e-8a22ee007fc1	16	73356385	73357243	5	-1.0663
8dc08804-7175-4bd2-932e-8a22ee007fc1	16	73359422	75330143	1221	0.0075
8dc08804-7175-4bd2-932e-8a22ee007fc1	16	75334999	82912643	6249	0.0302
8dc08804-7175-4bd2-932e-8a22ee007fc1	16	82913503	89317317	3526	-0.0094
8dc08804-7175-4bd2-932e-8a22ee007fc1	17	1074619	7815177	3263	0.0086
8dc08804-7175-4bd2-932e-8a22ee007fc1	17	7815248	7830661	6	0.1407
8dc08804-7175-4bd2-932e-8a22ee007fc1	17	7830791	7864170	9	0.5318
8dc08804-7175-4bd2-932e-8a22ee007fc1	17	7865324	8304521	184	0.113
8dc08804-7175-4bd2-932e-8a22ee007fc1	17	8304837	8332643	17	-0.1619
8dc08804-7175-4bd2-932e-8a22ee007fc1	17	8333479	8487188	76	0.1449
8dc08804-7175-4bd2-932e-8a22ee007fc1	17	8488835	8884092	289	-0.0566
8dc08804-7175-4bd2-932e-8a22ee007fc1	17	8884178	8972501	62	0.2973
8dc08804-7175-4bd2-932e-8a22ee007fc1	17	8985682	28908259	6713	0.0076
8dc08804-7175-4bd2-932e-8a22ee007fc1	17	28908649	28995213	47	0.2925
8dc08804-7175-4bd2-932e-8a22ee007fc1	17	28995423	34990229	2671	0.004
8dc08804-7175-4bd2-932e-8a22ee007fc1	17	34992120	35595130	301	0.1004
8dc08804-7175-4bd2-932e-8a22ee007fc1	17	35602729	40041052	1890	0.0036
8dc08804-7175-4bd2-932e-8a22ee007fc1	17	40044698	40654625	252	0.1258
8dc08804-7175-4bd2-932e-8a22ee007fc1	17	40654816	68233047	14003	0.0147
8dc08804-7175-4bd2-932e-8a22ee007fc1	17	68235121	68292472	31	0.3275
8dc08804-7175-4bd2-932e-8a22ee007fc1	17	68292900	75221678	4270	0.0082
8dc08804-7175-4bd2-932e-8a22ee007fc1	17	75222082	75418806	93	0.1916
8dc08804-7175-4bd2-932e-8a22ee007fc1	17	75419687	75841061	157	0.0342
8dc08804-7175-4bd2-932e-8a22ee007fc1	17	75841090	75853501	8	0.47
8dc08804-7175-4bd2-932e-8a22ee007fc1	17	75882548	76446023	233	0.0157
8dc08804-7175-4bd2-932e-8a22ee007fc1	17	76451269	76600300	91	0.2029
8dc08804-7175-4bd2-932e-8a22ee007fc1	17	76600320	76667364	46	-0.027
8dc08804-7175-4bd2-932e-8a22ee007fc1	17	76668772	76773402	52	0.1709
8dc08804-7175-4bd2-932e-8a22ee007fc1	17	76802559	77081138	111	-0.0391
8dc08804-7175-4bd2-932e-8a22ee007fc1	17	77081221	77086722	3	0.7586
8dc08804-7175-4bd2-932e-8a22ee007fc1	17	77089301	77449922	218	0.0664
8dc08804-7175-4bd2-932e-8a22ee007fc1	17	77452076	77852735	199	-0.0598
8dc08804-7175-4bd2-932e-8a22ee007fc1	17	77855384	77901625	15	0.4838
8dc08804-7175-4bd2-932e-8a22ee007fc1	17	77901916	78034634	62	0.009
8dc08804-7175-4bd2-932e-8a22ee007fc1	17	78037622	78090939	35	-0.132
8dc08804-7175-4bd2-932e-8a22ee007fc1	17	78091097	78324048	95	0.056
8dc08804-7175-4bd2-932e-8a22ee007fc1	17	78324698	78412343	37	0.235
8dc08804-7175-4bd2-932e-8a22ee007fc1	17	78456702	78562691	75	-0.0732
8dc08804-7175-4bd2-932e-8a22ee007fc1	17	78563081	78876298	81	0.1524
8dc08804-7175-4bd2-932e-8a22ee007fc1	17	78880313	79865872	421	0.014
8dc08804-7175-4bd2-932e-8a22ee007fc1	17	79865996	80977377	566	-0.0553
8dc08804-7175-4bd2-932e-8a22ee007fc1	17	80978587	82959812	606	0.0374
8dc08804-7175-4bd2-932e-8a22ee007fc1	18	326691	9088652	4961	0.0133
8dc08804-7175-4bd2-932e-8a22ee007fc1	18	9090928	9192310	39	0.2901
8dc08804-7175-4bd2-932e-8a22ee007fc1	18	9200114	55589362	24730	0.019
8dc08804-7175-4bd2-932e-8a22ee007fc1	18	55590993	55591915	3	-1.0015
8dc08804-7175-4bd2-932e-8a22ee007fc1	18	55595293	63514365	5256	0.0211
8dc08804-7175-4bd2-932e-8a22ee007fc1	18	63516950	63517079	3	-1.0989
8dc08804-7175-4bd2-932e-8a22ee007fc1	18	63520039	79349796	7986	0.0182
8dc08804-7175-4bd2-932e-8a22ee007fc1	19	283868	630844	66	-0.0631
8dc08804-7175-4bd2-932e-8a22ee007fc1	19	634032	1441984	161	0.0998
8dc08804-7175-4bd2-932e-8a22ee007fc1	19	1442713	1731832	64	-0.0659
8dc08804-7175-4bd2-932e-8a22ee007fc1	19	1846112	2328434	121	0.1914
8dc08804-7175-4bd2-932e-8a22ee007fc1	19	2350210	5080848	735	0.0158
8dc08804-7175-4bd2-932e-8a22ee007fc1	19	5081168	5573450	232	-0.1043
8dc08804-7175-4bd2-932e-8a22ee007fc1	19	5578088	6766202	504	0.0257
8dc08804-7175-4bd2-932e-8a22ee007fc1	19	6766245	6819326	40	0.2829
8dc08804-7175-4bd2-932e-8a22ee007fc1	19	6819807	10199690	1510	0.0005
8dc08804-7175-4bd2-932e-8a22ee007fc1	19	10199716	10782968	234	0.1206
8dc08804-7175-4bd2-932e-8a22ee007fc1	19	10783564	13373389	1083	0.013
8dc08804-7175-4bd2-932e-8a22ee007fc1	19	13373570	13728168	197	-0.1116
8dc08804-7175-4bd2-932e-8a22ee007fc1	19	13728862	17910661	2024	0.0179
8dc08804-7175-4bd2-932e-8a22ee007fc1	19	17912617	18579020	262	0.1236
8dc08804-7175-4bd2-932e-8a22ee007fc1	19	18579094	41250024	9883	0.0085
8dc08804-7175-4bd2-932e-8a22ee007fc1	19	41250133	41414860	85	0.2091
8dc08804-7175-4bd2-932e-8a22ee007fc1	19	41417409	43638037	642	0.0173
8dc08804-7175-4bd2-932e-8a22ee007fc1	19	43638281	43768486	90	0.2209
8dc08804-7175-4bd2-932e-8a22ee007fc1	19	43775000	45322440	864	-0.0212
8dc08804-7175-4bd2-932e-8a22ee007fc1	19	45330543	45664643	84	0.1931
8dc08804-7175-4bd2-932e-8a22ee007fc1	19	45667099	46532068	394	-0.0418
8dc08804-7175-4bd2-932e-8a22ee007fc1	19	46532224	46773257	92	0.1216
8dc08804-7175-4bd2-932e-8a22ee007fc1	19	46775681	47094003	106	-0.0493
8dc08804-7175-4bd2-932e-8a22ee007fc1	19	47096414	47401454	114	0.1909
8dc08804-7175-4bd2-932e-8a22ee007fc1	19	47401687	48236014	474	-0.0309
8dc08804-7175-4bd2-932e-8a22ee007fc1	19	48236645	48261464	34	0.3116
8dc08804-7175-4bd2-932e-8a22ee007fc1	19	48261600	49163997	269	0.0537
8dc08804-7175-4bd2-932e-8a22ee007fc1	19	49165499	49456107	115	-0.0833
8dc08804-7175-4bd2-932e-8a22ee007fc1	19	49457880	50135241	147	0.1246
8dc08804-7175-4bd2-932e-8a22ee007fc1	19	50135318	51101666	395	-0.0419
8dc08804-7175-4bd2-932e-8a22ee007fc1	19	51103268	52982996	759	0.0384
8dc08804-7175-4bd2-932e-8a22ee007fc1	19	52983057	53381940	182	-0.0963
8dc08804-7175-4bd2-932e-8a22ee007fc1	19	53382518	53901924	53	0.1363
8dc08804-7175-4bd2-932e-8a22ee007fc1	19	53913742	53926196	9	-0.2907
8dc08804-7175-4bd2-932e-8a22ee007fc1	19	53926259	54003737	27	0.0059
8dc08804-7175-4bd2-932e-8a22ee007fc1	19	54007463	54483996	151	0.1277
8dc08804-7175-4bd2-932e-8a22ee007fc1	19	54489763	58370362	1960	-0.0157
8dc08804-7175-4bd2-932e-8a22ee007fc1	20	472817	31976294	17311	0.0144
8dc08804-7175-4bd2-932e-8a22ee007fc1	20	31977700	31977893	2	-1.6484
8dc08804-7175-4bd2-932e-8a22ee007fc1	20	31980760	32011981	13	0.0519
8dc08804-7175-4bd2-932e-8a22ee007fc1	20	32012864	32107342	50	0.2462
8dc08804-7175-4bd2-932e-8a22ee007fc1	20	32116126	45779789	8128	0.0057
8dc08804-7175-4bd2-932e-8a22ee007fc1	20	45780926	45901251	70	0.189
8dc08804-7175-4bd2-932e-8a22ee007fc1	20	45901995	45926047	9	-0.2251
8dc08804-7175-4bd2-932e-8a22ee007fc1	20	45929575	46017268	34	0.2756
8dc08804-7175-4bd2-932e-8a22ee007fc1	20	46025027	49162065	2257	-0.0035
8dc08804-7175-4bd2-932e-8a22ee007fc1	20	49171626	49300443	68	0.1934
8dc08804-7175-4bd2-932e-8a22ee007fc1	20	49301505	49669338	176	-0.0313
8dc08804-7175-4bd2-932e-8a22ee007fc1	20	49671092	50582946	516	0.091
8dc08804-7175-4bd2-932e-8a22ee007fc1	20	50583150	56366031	4124	0.0074
8dc08804-7175-4bd2-932e-8a22ee007fc1	20	56369498	56515883	107	0.2039
8dc08804-7175-4bd2-932e-8a22ee007fc1	20	56516601	56991302	325	-0.0162
8dc08804-7175-4bd2-932e-8a22ee007fc1	20	56991724	56991746	2	1.8228
8dc08804-7175-4bd2-932e-8a22ee007fc1	20	56993632	63588502	4384	0.0143
8dc08804-7175-4bd2-932e-8a22ee007fc1	21	13974127	14479756	285	0.0188
8dc08804-7175-4bd2-932e-8a22ee007fc1	21	14479779	14560310	71	0.2506
8dc08804-7175-4bd2-932e-8a22ee007fc1	21	14560725	33355010	12129	0.0216
8dc08804-7175-4bd2-932e-8a22ee007fc1	21	33355181	33445338	49	0.2918
8dc08804-7175-4bd2-932e-8a22ee007fc1	21	33446619	46262057	8073	0.0035
8dc08804-7175-4bd2-932e-8a22ee007fc1	22	16934932	36323140	9398	0.0111
8dc08804-7175-4bd2-932e-8a22ee007fc1	22	36324379	36537208	116	0.1956
8dc08804-7175-4bd2-932e-8a22ee007fc1	22	36537236	48940621	7587	0.0129
8dc08804-7175-4bd2-932e-8a22ee007fc1	X	3236359	155677414	63976	0.0171
