GDC_Aliquot	Chromosome	Start	End	Num_Probes	Segment_Mean
5be2154a-4802-4102-b0d6-13339746b027	1	3301765	247650984	129764	0.0017
5be2154a-4802-4102-b0d6-13339746b027	2	480597	241537572	132216	0.0078
5be2154a-4802-4102-b0d6-13339746b027	3	2170634	197812401	107191	0.0025
5be2154a-4802-4102-b0d6-13339746b027	4	1059384	187842528	103518	-0.0005
5be2154a-4802-4102-b0d6-13339746b027	5	913983	180934240	101113	0.0025
5be2154a-4802-4102-b0d6-13339746b027	6	1011760	148180808	83902	0.0011
5be2154a-4802-4102-b0d6-13339746b027	6	148185476	148185808	2	-1.9077
5be2154a-4802-4102-b0d6-13339746b027	6	148186119	163485870	10005	-0.0001
5be2154a-4802-4102-b0d6-13339746b027	6	163491884	163491899	2	-1.6331
5be2154a-4802-4102-b0d6-13339746b027	6	163492242	170596889	3272	0.0015
5be2154a-4802-4102-b0d6-13339746b027	7	664936	158592540	81950	0.0028
5be2154a-4802-4102-b0d6-13339746b027	8	667625	144182542	82224	-0.0011
5be2154a-4802-4102-b0d6-13339746b027	9	789794	138044505	68493	0.0007
5be2154a-4802-4102-b0d6-13339746b027	10	366509	25389470	17746	-0.0003
5be2154a-4802-4102-b0d6-13339746b027	10	25390583	25396435	3	-1.3461
5be2154a-4802-4102-b0d6-13339746b027	10	25398921	133411599	63562	0.0018
5be2154a-4802-4102-b0d6-13339746b027	11	456012	134272740	77593	0.0016
5be2154a-4802-4102-b0d6-13339746b027	12	780472	106046095	59955	-0.0013
5be2154a-4802-4102-b0d6-13339746b027	12	106046112	106050538	3	-1.4979
5be2154a-4802-4102-b0d6-13339746b027	12	106051141	132605822	14392	-0.0006
5be2154a-4802-4102-b0d6-13339746b027	13	18874255	114226675	57010	0.0012
5be2154a-4802-4102-b0d6-13339746b027	14	20033191	105533894	49790	0.0007
5be2154a-4802-4102-b0d6-13339746b027	15	23437561	101344124	44789	0.0019
5be2154a-4802-4102-b0d6-13339746b027	16	603333	89317317	41219	-0.0018
5be2154a-4802-4102-b0d6-13339746b027	17	1074619	82959812	37278	0.0011
5be2154a-4802-4102-b0d6-13339746b027	18	326691	79349796	42971	-0.0014
5be2154a-4802-4102-b0d6-13339746b027	19	283868	58370362	24152	-0.0013
5be2154a-4802-4102-b0d6-13339746b027	20	472817	63588502	37558	-0.0013
5be2154a-4802-4102-b0d6-13339746b027	21	13974127	46262057	20594	-0.0039
5be2154a-4802-4102-b0d6-13339746b027	22	16934932	48940621	17094	-0.0003
5be2154a-4802-4102-b0d6-13339746b027	X	3236359	155677414	63820	0.002
