GDC_Aliquot	Chromosome	Start	End	Num_Probes	Segment_Mean
65261a78-78b6-4276-be43-f7e7ef91829d	1	62920	3301765	738	-0.1315
65261a78-78b6-4276-be43-f7e7ef91829d	1	3302046	16689764	7942	-0.045
65261a78-78b6-4276-be43-f7e7ef91829d	1	16718963	16868660	23	0.3168
65261a78-78b6-4276-be43-f7e7ef91829d	1	16877002	16909189	15	-0.5409
65261a78-78b6-4276-be43-f7e7ef91829d	1	16909203	16909713	4	0.0709
65261a78-78b6-4276-be43-f7e7ef91829d	1	16909725	16935393	31	-0.5665
65261a78-78b6-4276-be43-f7e7ef91829d	1	16935737	16993283	23	-0.1688
65261a78-78b6-4276-be43-f7e7ef91829d	1	16997950	25256850	5241	-0.0357
65261a78-78b6-4276-be43-f7e7ef91829d	1	25266637	25336853	26	0.337
65261a78-78b6-4276-be43-f7e7ef91829d	1	25346663	40492910	8116	-0.0453
65261a78-78b6-4276-be43-f7e7ef91829d	1	40495895	40514956	11	-0.5132
65261a78-78b6-4276-be43-f7e7ef91829d	1	40515558	48020500	4348	-0.0403
65261a78-78b6-4276-be43-f7e7ef91829d	1	48021047	52997944	2453	-0.0853
65261a78-78b6-4276-be43-f7e7ef91829d	1	52998312	53906451	669	0.0521
65261a78-78b6-4276-be43-f7e7ef91829d	1	53908447	56210031	1640	-0.0519
65261a78-78b6-4276-be43-f7e7ef91829d	1	56211274	72303233	11499	-0.0876
65261a78-78b6-4276-be43-f7e7ef91829d	1	72303253	72345450	44	-1.1147
65261a78-78b6-4276-be43-f7e7ef91829d	1	72345465	72563930	133	-0.1336
65261a78-78b6-4276-be43-f7e7ef91829d	1	72564459	75969735	2054	-0.0242
65261a78-78b6-4276-be43-f7e7ef91829d	1	75970526	76006953	35	-0.0913
65261a78-78b6-4276-be43-f7e7ef91829d	1	76012620	76014754	5	-0.6096
65261a78-78b6-4276-be43-f7e7ef91829d	1	76019142	76063650	67	-0.0719
65261a78-78b6-4276-be43-f7e7ef91829d	1	76064624	76064942	2	-2.4327
65261a78-78b6-4276-be43-f7e7ef91829d	1	76065197	79228331	2027	-0.0786
65261a78-78b6-4276-be43-f7e7ef91829d	1	79228623	87438777	5520	-0.0215
65261a78-78b6-4276-be43-f7e7ef91829d	1	87439125	94698773	4653	-0.0576
65261a78-78b6-4276-be43-f7e7ef91829d	1	94700906	94701198	2	0.8645
65261a78-78b6-4276-be43-f7e7ef91829d	1	94701830	98381470	2248	0.2777
65261a78-78b6-4276-be43-f7e7ef91829d	1	98382785	99880269	1011	0.3255
65261a78-78b6-4276-be43-f7e7ef91829d	1	99880419	104329708	2593	0.2555
65261a78-78b6-4276-be43-f7e7ef91829d	1	104331800	105470754	610	0.3687
65261a78-78b6-4276-be43-f7e7ef91829d	1	105476583	105479753	17	-1.8869
65261a78-78b6-4276-be43-f7e7ef91829d	1	105481433	106842889	909	0.3394
65261a78-78b6-4276-be43-f7e7ef91829d	1	106845271	106845549	4	1.0914
65261a78-78b6-4276-be43-f7e7ef91829d	1	106845721	108187137	1027	0.3539
65261a78-78b6-4276-be43-f7e7ef91829d	1	108191613	108192255	2	-3.795
65261a78-78b6-4276-be43-f7e7ef91829d	1	108194874	109684893	695	0.3344
65261a78-78b6-4276-be43-f7e7ef91829d	1	109690352	109697556	13	-1.0206
65261a78-78b6-4276-be43-f7e7ef91829d	1	109702376	143494500	7137	0.3158
65261a78-78b6-4276-be43-f7e7ef91829d	1	143541857	143942271	126	-0.3747
65261a78-78b6-4276-be43-f7e7ef91829d	1	144432083	146062439	179	0.2625
65261a78-78b6-4276-be43-f7e7ef91829d	1	146150530	146174153	3	1.6465
65261a78-78b6-4276-be43-f7e7ef91829d	1	146250588	151731536	1604	0.2768
65261a78-78b6-4276-be43-f7e7ef91829d	1	151734728	167173585	10488	0.3002
65261a78-78b6-4276-be43-f7e7ef91829d	1	167174659	169247699	1568	0.2781
65261a78-78b6-4276-be43-f7e7ef91829d	1	169264736	169272528	7	0.9003
65261a78-78b6-4276-be43-f7e7ef91829d	1	169273163	176287493	4514	0.2699
65261a78-78b6-4276-be43-f7e7ef91829d	1	176294104	176294151	2	1.6773
65261a78-78b6-4276-be43-f7e7ef91829d	1	176298908	180479646	2792	0.2929
65261a78-78b6-4276-be43-f7e7ef91829d	1	180481085	180593408	80	0.53
65261a78-78b6-4276-be43-f7e7ef91829d	1	180593603	193244080	8500	0.2853
65261a78-78b6-4276-be43-f7e7ef91829d	1	193244261	193244344	4	2.0976
65261a78-78b6-4276-be43-f7e7ef91829d	1	193252785	194479104	838	0.2607
65261a78-78b6-4276-be43-f7e7ef91829d	1	194482281	194485888	2	-0.8933
65261a78-78b6-4276-be43-f7e7ef91829d	1	194487886	194492369	5	0.537
65261a78-78b6-4276-be43-f7e7ef91829d	1	194495592	196758720	1447	0.2825
65261a78-78b6-4276-be43-f7e7ef91829d	1	196761905	196788990	34	0.4839
65261a78-78b6-4276-be43-f7e7ef91829d	1	196789019	196790158	4	-0.7689
65261a78-78b6-4276-be43-f7e7ef91829d	1	196792690	196843377	20	0.3401
65261a78-78b6-4276-be43-f7e7ef91829d	1	196843400	196846661	2	-1.8754
65261a78-78b6-4276-be43-f7e7ef91829d	1	196847600	196983144	91	0.339
65261a78-78b6-4276-be43-f7e7ef91829d	1	196983271	200805955	2427	0.2661
65261a78-78b6-4276-be43-f7e7ef91829d	1	200811577	209897717	6272	0.3208
65261a78-78b6-4276-be43-f7e7ef91829d	1	209908268	209910639	3	-2.2365
65261a78-78b6-4276-be43-f7e7ef91829d	1	209913207	240228440	21166	0.2956
65261a78-78b6-4276-be43-f7e7ef91829d	1	240230715	240230839	6	-1.1091
65261a78-78b6-4276-be43-f7e7ef91829d	1	240232805	248930189	5861	0.2922
65261a78-78b6-4276-be43-f7e7ef91829d	2	12784	250958	150	-0.0628
65261a78-78b6-4276-be43-f7e7ef91829d	2	251673	255468	4	-0.5918
65261a78-78b6-4276-be43-f7e7ef91829d	2	259296	295255	26	-0.0495
65261a78-78b6-4276-be43-f7e7ef91829d	2	296789	296852	3	-1.3584
65261a78-78b6-4276-be43-f7e7ef91829d	2	300879	419457	71	-0.0783
65261a78-78b6-4276-be43-f7e7ef91829d	2	419464	700580	240	0.0069
65261a78-78b6-4276-be43-f7e7ef91829d	2	701122	1857814	707	-0.1147
65261a78-78b6-4276-be43-f7e7ef91829d	2	1858663	11796672	7758	0.0193
65261a78-78b6-4276-be43-f7e7ef91829d	2	11797695	34439683	15131	-0.0041
65261a78-78b6-4276-be43-f7e7ef91829d	2	34450400	34502784	48	0.2333
65261a78-78b6-4276-be43-f7e7ef91829d	2	34502800	35750907	874	-0.0259
65261a78-78b6-4276-be43-f7e7ef91829d	2	35752724	35762850	6	-1.1954
65261a78-78b6-4276-be43-f7e7ef91829d	2	35762881	49433197	9957	-0.0104
65261a78-78b6-4276-be43-f7e7ef91829d	2	49433483	49433618	2	2.2258
65261a78-78b6-4276-be43-f7e7ef91829d	2	49434197	52527727	2172	-0.01
65261a78-78b6-4276-be43-f7e7ef91829d	2	52527743	52554259	29	-0.2922
65261a78-78b6-4276-be43-f7e7ef91829d	2	52554274	54201533	1243	-0.0172
65261a78-78b6-4276-be43-f7e7ef91829d	2	54206615	54206889	2	1.2828
65261a78-78b6-4276-be43-f7e7ef91829d	2	54207604	55394608	929	0.0022
65261a78-78b6-4276-be43-f7e7ef91829d	2	55400503	55400777	3	1.3269
65261a78-78b6-4276-be43-f7e7ef91829d	2	55405109	86901078	19818	-0.0075
65261a78-78b6-4276-be43-f7e7ef91829d	2	86902080	86910262	2	-1.4793
65261a78-78b6-4276-be43-f7e7ef91829d	2	86934730	97359885	1865	0.0158
65261a78-78b6-4276-be43-f7e7ef91829d	2	97524284	97560849	15	0.6952
65261a78-78b6-4276-be43-f7e7ef91829d	2	97562741	107824280	6567	-0.0069
65261a78-78b6-4276-be43-f7e7ef91829d	2	107830513	107903920	8	0.6399
65261a78-78b6-4276-be43-f7e7ef91829d	2	107909583	123389010	8982	-0.0067
65261a78-78b6-4276-be43-f7e7ef91829d	2	123389183	125883717	1608	-0.0494
65261a78-78b6-4276-be43-f7e7ef91829d	2	125883830	134496871	5087	-0.0057
65261a78-78b6-4276-be43-f7e7ef91829d	2	134498010	146104517	7142	-0.0614
65261a78-78b6-4276-be43-f7e7ef91829d	2	146106836	146109366	24	-1.6172
65261a78-78b6-4276-be43-f7e7ef91829d	2	146120238	171518947	15385	-0.0583
65261a78-78b6-4276-be43-f7e7ef91829d	2	171520275	171521535	3	-1.1374
65261a78-78b6-4276-be43-f7e7ef91829d	2	171524925	198041150	15832	-0.0572
65261a78-78b6-4276-be43-f7e7ef91829d	2	198041550	212375595	8873	-0.0177
65261a78-78b6-4276-be43-f7e7ef91829d	2	212375903	223244182	7072	-0.0517
65261a78-78b6-4276-be43-f7e7ef91829d	2	223246646	226001245	1813	0.2608
65261a78-78b6-4276-be43-f7e7ef91829d	2	226010628	226347708	232	0.7004
65261a78-78b6-4276-be43-f7e7ef91829d	2	226350063	227320988	649	0.2743
65261a78-78b6-4276-be43-f7e7ef91829d	2	227326486	227361683	26	0.0067
65261a78-78b6-4276-be43-f7e7ef91829d	2	227365993	227368837	4	-1.1163
65261a78-78b6-4276-be43-f7e7ef91829d	2	227373182	231675395	2616	-0.0538
65261a78-78b6-4276-be43-f7e7ef91829d	2	231675893	231696274	12	-1.0812
65261a78-78b6-4276-be43-f7e7ef91829d	2	231698107	242147305	6538	-0.0189
65261a78-78b6-4276-be43-f7e7ef91829d	3	20930	830984	666	-0.0585
65261a78-78b6-4276-be43-f7e7ef91829d	3	833289	845487	17	1.5205
65261a78-78b6-4276-be43-f7e7ef91829d	3	846253	1096723	203	-0.026
65261a78-78b6-4276-be43-f7e7ef91829d	3	1097580	1098069	2	1.6816
65261a78-78b6-4276-be43-f7e7ef91829d	3	1101740	7716420	5942	-0.0299
65261a78-78b6-4276-be43-f7e7ef91829d	3	7726985	8159541	375	1.4939
65261a78-78b6-4276-be43-f7e7ef91829d	3	8160839	8166718	11	0.1549
65261a78-78b6-4276-be43-f7e7ef91829d	3	8170230	8186943	14	0.7193
65261a78-78b6-4276-be43-f7e7ef91829d	3	8188134	8591906	343	0.0218
65261a78-78b6-4276-be43-f7e7ef91829d	3	8595770	8908521	267	0.0993
65261a78-78b6-4276-be43-f7e7ef91829d	3	8914447	8918634	6	0.5073
65261a78-78b6-4276-be43-f7e7ef91829d	3	8918744	9254167	314	0.0906
65261a78-78b6-4276-be43-f7e7ef91829d	3	9258146	11835242	1701	0.0342
65261a78-78b6-4276-be43-f7e7ef91829d	3	11837214	11980610	128	0.3775
65261a78-78b6-4276-be43-f7e7ef91829d	3	11984159	12734217	579	0.3102
65261a78-78b6-4276-be43-f7e7ef91829d	3	12736593	14411740	1156	0.4055
65261a78-78b6-4276-be43-f7e7ef91829d	3	14412778	21899861	4764	0.0762
65261a78-78b6-4276-be43-f7e7ef91829d	3	21901699	21902230	2	1.2664
65261a78-78b6-4276-be43-f7e7ef91829d	3	21903069	29196590	5282	0.0659
65261a78-78b6-4276-be43-f7e7ef91829d	3	29202387	31461468	1774	0.0205
65261a78-78b6-4276-be43-f7e7ef91829d	3	31461540	31462228	4	-0.8899
65261a78-78b6-4276-be43-f7e7ef91829d	3	31463464	36614145	3230	0.0323
65261a78-78b6-4276-be43-f7e7ef91829d	3	36616010	39276616	1747	0.0668
65261a78-78b6-4276-be43-f7e7ef91829d	3	39276797	39491191	123	-0.0138
65261a78-78b6-4276-be43-f7e7ef91829d	3	39491415	40945413	892	0.0511
65261a78-78b6-4276-be43-f7e7ef91829d	3	40949749	42191345	869	-0.0058
65261a78-78b6-4276-be43-f7e7ef91829d	3	42193248	42193266	2	-1.232
65261a78-78b6-4276-be43-f7e7ef91829d	3	42193527	52989195	5310	0.03
65261a78-78b6-4276-be43-f7e7ef91829d	3	52994359	53004886	34	-0.365
65261a78-78b6-4276-be43-f7e7ef91829d	3	53004928	57283680	3097	0.0063
65261a78-78b6-4276-be43-f7e7ef91829d	3	57283752	59810199	1557	0.2894
65261a78-78b6-4276-be43-f7e7ef91829d	3	59810815	60059181	328	0.5076
65261a78-78b6-4276-be43-f7e7ef91829d	3	60061212	61019591	1021	0.282
65261a78-78b6-4276-be43-f7e7ef91829d	3	61025737	61057116	31	0.0172
65261a78-78b6-4276-be43-f7e7ef91829d	3	61057188	61077966	40	0.3029
65261a78-78b6-4276-be43-f7e7ef91829d	3	61078759	61513159	318	-0.0056
65261a78-78b6-4276-be43-f7e7ef91829d	3	61513698	61834182	262	0.3003
65261a78-78b6-4276-be43-f7e7ef91829d	3	61834405	66072436	3644	-0.0019
65261a78-78b6-4276-be43-f7e7ef91829d	3	66075781	66902126	523	0.319
65261a78-78b6-4276-be43-f7e7ef91829d	3	66902263	67106068	138	0.0008
65261a78-78b6-4276-be43-f7e7ef91829d	3	67107246	68697013	1079	0.2958
65261a78-78b6-4276-be43-f7e7ef91829d	3	68697108	68698262	14	-0.9503
65261a78-78b6-4276-be43-f7e7ef91829d	3	68699607	69623864	724	0.2698
65261a78-78b6-4276-be43-f7e7ef91829d	3	69628810	69863444	242	-0.0257
65261a78-78b6-4276-be43-f7e7ef91829d	3	69863545	69899282	45	0.2744
65261a78-78b6-4276-be43-f7e7ef91829d	3	69900556	69908649	3	-0.1703
65261a78-78b6-4276-be43-f7e7ef91829d	3	69908706	69917782	15	0.3238
65261a78-78b6-4276-be43-f7e7ef91829d	3	69926168	72443164	1851	0.0001
65261a78-78b6-4276-be43-f7e7ef91829d	3	72444999	72474576	28	0.3025
65261a78-78b6-4276-be43-f7e7ef91829d	3	72480644	75272102	1916	-0.0177
65261a78-78b6-4276-be43-f7e7ef91829d	3	75273092	75782481	161	0.2347
65261a78-78b6-4276-be43-f7e7ef91829d	3	75793727	75845381	16	0.6663
65261a78-78b6-4276-be43-f7e7ef91829d	3	75852300	77469231	1023	0.2699
65261a78-78b6-4276-be43-f7e7ef91829d	3	77472155	77802326	214	0.5212
65261a78-78b6-4276-be43-f7e7ef91829d	3	77811523	79379673	855	-0.0253
65261a78-78b6-4276-be43-f7e7ef91829d	3	79387320	80014572	367	0.9199
65261a78-78b6-4276-be43-f7e7ef91829d	3	80021657	80412297	227	0.2829
65261a78-78b6-4276-be43-f7e7ef91829d	3	80417331	80417859	3	1.0737
65261a78-78b6-4276-be43-f7e7ef91829d	3	80420153	84650033	2223	0.2522
65261a78-78b6-4276-be43-f7e7ef91829d	3	84650533	84651245	10	-0.3618
65261a78-78b6-4276-be43-f7e7ef91829d	3	84652750	84980702	231	0.2226
65261a78-78b6-4276-be43-f7e7ef91829d	3	84980733	84980941	3	1.2718
65261a78-78b6-4276-be43-f7e7ef91829d	3	84984629	98366425	5269	0.267
65261a78-78b6-4276-be43-f7e7ef91829d	3	98371156	99225667	483	0.2161
65261a78-78b6-4276-be43-f7e7ef91829d	3	99225703	99230194	23	0.5112
65261a78-78b6-4276-be43-f7e7ef91829d	3	99230212	101555288	1342	0.2299
65261a78-78b6-4276-be43-f7e7ef91829d	3	101559226	105070667	2145	0.2795
65261a78-78b6-4276-be43-f7e7ef91829d	3	105077777	121866299	10322	0.2005
65261a78-78b6-4276-be43-f7e7ef91829d	3	121866785	121869079	2	-1.0069
65261a78-78b6-4276-be43-f7e7ef91829d	3	121873305	122515377	372	0.1865
65261a78-78b6-4276-be43-f7e7ef91829d	3	122515768	129327591	4208	0.244
65261a78-78b6-4276-be43-f7e7ef91829d	3	129330718	129414620	36	0.1721
65261a78-78b6-4276-be43-f7e7ef91829d	3	129415567	129418903	5	-0.6376
65261a78-78b6-4276-be43-f7e7ef91829d	3	129419066	130062033	297	0.2398
65261a78-78b6-4276-be43-f7e7ef91829d	3	130067097	130087393	33	-0.0965
65261a78-78b6-4276-be43-f7e7ef91829d	3	130088081	136300257	4027	0.2158
65261a78-78b6-4276-be43-f7e7ef91829d	3	136304109	136306584	2	-2.1707
65261a78-78b6-4276-be43-f7e7ef91829d	3	136319699	161715517	15512	0.2104
65261a78-78b6-4276-be43-f7e7ef91829d	3	161720047	162795304	733	0.3305
65261a78-78b6-4276-be43-f7e7ef91829d	3	162795361	162807070	9	-2.5667
65261a78-78b6-4276-be43-f7e7ef91829d	3	162810842	162822702	10	-0.2533
65261a78-78b6-4276-be43-f7e7ef91829d	3	162827928	162908207	48	-1.3254
65261a78-78b6-4276-be43-f7e7ef91829d	3	162908784	164326198	838	0.2955
65261a78-78b6-4276-be43-f7e7ef91829d	3	164327140	164684947	186	0.5013
65261a78-78b6-4276-be43-f7e7ef91829d	3	164694913	165363857	355	0.2768
65261a78-78b6-4276-be43-f7e7ef91829d	3	165364088	167884604	1379	0.2197
65261a78-78b6-4276-be43-f7e7ef91829d	3	167884889	169093086	739	0.3009
65261a78-78b6-4276-be43-f7e7ef91829d	3	169093677	169093892	2	1.3942
65261a78-78b6-4276-be43-f7e7ef91829d	3	169097121	169631156	412	0.2962
65261a78-78b6-4276-be43-f7e7ef91829d	3	169632074	169632816	2	-0.7799
65261a78-78b6-4276-be43-f7e7ef91829d	3	169634670	175441834	3818	0.2818
65261a78-78b6-4276-be43-f7e7ef91829d	3	175443714	176032059	348	0.3738
65261a78-78b6-4276-be43-f7e7ef91829d	3	176038415	179169846	1962	0.2983
65261a78-78b6-4276-be43-f7e7ef91829d	3	179170135	179170377	7	1.1274
65261a78-78b6-4276-be43-f7e7ef91829d	3	179174436	185211515	3362	0.2814
65261a78-78b6-4276-be43-f7e7ef91829d	3	185211997	186688156	1027	0.219
65261a78-78b6-4276-be43-f7e7ef91829d	3	186688334	186688349	2	-0.7364
65261a78-78b6-4276-be43-f7e7ef91829d	3	186695072	189639152	2230	0.2192
65261a78-78b6-4276-be43-f7e7ef91829d	3	189639209	191562314	1384	0.2852
65261a78-78b6-4276-be43-f7e7ef91829d	3	191566836	191566911	3	1.0569
65261a78-78b6-4276-be43-f7e7ef91829d	3	191567268	192375876	588	0.2801
65261a78-78b6-4276-be43-f7e7ef91829d	3	192375888	193156018	530	0.2162
65261a78-78b6-4276-be43-f7e7ef91829d	3	193156958	193165114	21	-0.4673
65261a78-78b6-4276-be43-f7e7ef91829d	3	193168646	195974457	1612	0.2511
65261a78-78b6-4276-be43-f7e7ef91829d	3	195982791	195991894	2	-1.1106
65261a78-78b6-4276-be43-f7e7ef91829d	3	195998433	196046906	28	0.2811
65261a78-78b6-4276-be43-f7e7ef91829d	3	196049719	196049993	4	1.609
65261a78-78b6-4276-be43-f7e7ef91829d	3	196050340	196570556	247	0.2718
65261a78-78b6-4276-be43-f7e7ef91829d	3	196578930	196579465	3	1.2849
65261a78-78b6-4276-be43-f7e7ef91829d	3	196579817	196935650	172	0.2939
65261a78-78b6-4276-be43-f7e7ef91829d	3	196936450	196936953	2	-1.0899
65261a78-78b6-4276-be43-f7e7ef91829d	3	196937058	198169247	623	0.2966
65261a78-78b6-4276-be43-f7e7ef91829d	4	68929	962259	339	0.2988
65261a78-78b6-4276-be43-f7e7ef91829d	4	970319	1859843	316	0.3924
65261a78-78b6-4276-be43-f7e7ef91829d	4	1860071	5097354	1714	0.3354
65261a78-78b6-4276-be43-f7e7ef91829d	4	5097494	8704538	2723	0.3763
65261a78-78b6-4276-be43-f7e7ef91829d	4	8705301	9866969	239	0.2377
65261a78-78b6-4276-be43-f7e7ef91829d	4	9869376	10222004	377	0.378
65261a78-78b6-4276-be43-f7e7ef91829d	4	10222224	10229173	20	0.8572
65261a78-78b6-4276-be43-f7e7ef91829d	4	10229188	10669287	416	0.3495
65261a78-78b6-4276-be43-f7e7ef91829d	4	10669699	32392452	15229	0.3041
65261a78-78b6-4276-be43-f7e7ef91829d	4	32398929	32398977	4	1.1389
65261a78-78b6-4276-be43-f7e7ef91829d	4	32399891	34785333	1345	0.2962
65261a78-78b6-4276-be43-f7e7ef91829d	4	34785368	34817589	33	-0.042
65261a78-78b6-4276-be43-f7e7ef91829d	4	34819718	44954398	6591	0.3041
65261a78-78b6-4276-be43-f7e7ef91829d	4	44957749	44958572	3	-1.3909
65261a78-78b6-4276-be43-f7e7ef91829d	4	44958782	46139481	681	0.2805
65261a78-78b6-4276-be43-f7e7ef91829d	4	46161468	46950454	387	0.0179
65261a78-78b6-4276-be43-f7e7ef91829d	4	46952951	49203901	1315	0.2908
65261a78-78b6-4276-be43-f7e7ef91829d	4	49204422	62802116	7025	-0.0128
65261a78-78b6-4276-be43-f7e7ef91829d	4	62804218	62813912	9	-0.7886
65261a78-78b6-4276-be43-f7e7ef91829d	4	62818784	63806949	541	0.0021
65261a78-78b6-4276-be43-f7e7ef91829d	4	63807836	63866325	54	0.1986
65261a78-78b6-4276-be43-f7e7ef91829d	4	63868700	68395346	2846	-0.024
65261a78-78b6-4276-be43-f7e7ef91829d	4	68416487	68422424	5	-1.1908
65261a78-78b6-4276-be43-f7e7ef91829d	4	68429081	68506285	12	-0.0971
65261a78-78b6-4276-be43-f7e7ef91829d	4	68509223	68623617	66	-1.5142
65261a78-78b6-4276-be43-f7e7ef91829d	4	68639397	68686026	7	-0.6044
65261a78-78b6-4276-be43-f7e7ef91829d	4	68725894	69257792	307	0.0352
65261a78-78b6-4276-be43-f7e7ef91829d	4	69261926	69366304	55	0.2304
65261a78-78b6-4276-be43-f7e7ef91829d	4	69366406	73062106	2232	0.0289
65261a78-78b6-4276-be43-f7e7ef91829d	4	73065809	73093740	11	1.1313
65261a78-78b6-4276-be43-f7e7ef91829d	4	73094615	73280867	71	1.443
65261a78-78b6-4276-be43-f7e7ef91829d	4	73291631	74025607	479	1.228
65261a78-78b6-4276-be43-f7e7ef91829d	4	74035220	74206025	95	1.417
65261a78-78b6-4276-be43-f7e7ef91829d	4	74207983	74224091	25	0.9765
65261a78-78b6-4276-be43-f7e7ef91829d	4	74224153	74404970	132	1.4327
65261a78-78b6-4276-be43-f7e7ef91829d	4	74407015	75387085	604	0.5915
65261a78-78b6-4276-be43-f7e7ef91829d	4	75389083	75803890	225	0.7021
65261a78-78b6-4276-be43-f7e7ef91829d	4	75811466	83807011	5084	0.0063
65261a78-78b6-4276-be43-f7e7ef91829d	4	83812419	83981369	139	0.1469
65261a78-78b6-4276-be43-f7e7ef91829d	4	83983083	87845856	2451	0.0013
65261a78-78b6-4276-be43-f7e7ef91829d	4	87848780	87849665	10	0.511
65261a78-78b6-4276-be43-f7e7ef91829d	4	87849692	88496912	392	-0.0014
65261a78-78b6-4276-be43-f7e7ef91829d	4	88498471	139718923	30405	-0.0251
65261a78-78b6-4276-be43-f7e7ef91829d	4	139720086	140856214	757	0.6185
65261a78-78b6-4276-be43-f7e7ef91829d	4	140856314	140911820	54	0.8198
65261a78-78b6-4276-be43-f7e7ef91829d	4	140912243	142202755	812	0.5942
65261a78-78b6-4276-be43-f7e7ef91829d	4	142203885	142720049	328	1.0431
65261a78-78b6-4276-be43-f7e7ef91829d	4	142721005	144648803	1106	-0.0239
65261a78-78b6-4276-be43-f7e7ef91829d	4	144650029	145311221	310	0.6861
65261a78-78b6-4276-be43-f7e7ef91829d	4	145311254	147699353	1385	0.8268
65261a78-78b6-4276-be43-f7e7ef91829d	4	147704498	148504489	534	0.5129
65261a78-78b6-4276-be43-f7e7ef91829d	4	148510464	149316160	442	1.4067
65261a78-78b6-4276-be43-f7e7ef91829d	4	149321519	149527247	90	0.2788
65261a78-78b6-4276-be43-f7e7ef91829d	4	149532603	149534380	3	-0.2496
65261a78-78b6-4276-be43-f7e7ef91829d	4	149534743	149627698	54	0.23
65261a78-78b6-4276-be43-f7e7ef91829d	4	149631055	149806725	97	1.5082
65261a78-78b6-4276-be43-f7e7ef91829d	4	149807471	150609245	452	1.3271
65261a78-78b6-4276-be43-f7e7ef91829d	4	150609544	151123586	266	1.1068
65261a78-78b6-4276-be43-f7e7ef91829d	4	151144532	151667977	234	0.4439
65261a78-78b6-4276-be43-f7e7ef91829d	4	151668287	151859808	136	0.6511
65261a78-78b6-4276-be43-f7e7ef91829d	4	151861487	151868634	11	0.4402
65261a78-78b6-4276-be43-f7e7ef91829d	4	151870381	151871739	13	-0.4959
65261a78-78b6-4276-be43-f7e7ef91829d	4	151873644	151873707	3	1.459
65261a78-78b6-4276-be43-f7e7ef91829d	4	151874236	151993462	132	0.5704
65261a78-78b6-4276-be43-f7e7ef91829d	4	151995904	152069134	52	0.3541
65261a78-78b6-4276-be43-f7e7ef91829d	4	152069741	152071589	4	-0.655
65261a78-78b6-4276-be43-f7e7ef91829d	4	152072978	152623195	270	0.2965
65261a78-78b6-4276-be43-f7e7ef91829d	4	152623224	152912572	156	0.511
65261a78-78b6-4276-be43-f7e7ef91829d	4	152916694	154881396	1332	0.3287
65261a78-78b6-4276-be43-f7e7ef91829d	4	154881853	154881926	3	-3.2289
65261a78-78b6-4276-be43-f7e7ef91829d	4	154882047	154898453	11	0.0363
65261a78-78b6-4276-be43-f7e7ef91829d	4	154898548	156047028	831	0.3154
65261a78-78b6-4276-be43-f7e7ef91829d	4	156047131	156047146	2	-1.1877
65261a78-78b6-4276-be43-f7e7ef91829d	4	156047321	156855897	552	0.3369
65261a78-78b6-4276-be43-f7e7ef91829d	4	156856222	157436251	293	0.1833
65261a78-78b6-4276-be43-f7e7ef91829d	4	157436482	157438182	3	0.7916
65261a78-78b6-4276-be43-f7e7ef91829d	4	157438615	157454836	10	0.1678
65261a78-78b6-4276-be43-f7e7ef91829d	4	157457068	157531904	70	0.8082
65261a78-78b6-4276-be43-f7e7ef91829d	4	157532307	160035677	1456	0.1974
65261a78-78b6-4276-be43-f7e7ef91829d	4	160038494	160959045	695	-0.0088
65261a78-78b6-4276-be43-f7e7ef91829d	4	160959151	160963767	18	-0.7853
65261a78-78b6-4276-be43-f7e7ef91829d	4	160963806	171455823	6668	-0.0252
65261a78-78b6-4276-be43-f7e7ef91829d	4	171456106	171456559	6	1.5574
65261a78-78b6-4276-be43-f7e7ef91829d	4	171456573	172066777	399	0.0058
65261a78-78b6-4276-be43-f7e7ef91829d	4	172067997	172068354	10	0.5395
65261a78-78b6-4276-be43-f7e7ef91829d	4	172068368	177931122	3531	-0.021
65261a78-78b6-4276-be43-f7e7ef91829d	4	177936415	188300104	7407	0.2919
65261a78-78b6-4276-be43-f7e7ef91829d	4	188300206	188300270	3	1.6314
65261a78-78b6-4276-be43-f7e7ef91829d	4	188300285	188583950	284	0.237
65261a78-78b6-4276-be43-f7e7ef91829d	4	188584300	188584766	3	-0.7406
65261a78-78b6-4276-be43-f7e7ef91829d	4	188585374	190106768	856	0.2494
65261a78-78b6-4276-be43-f7e7ef91829d	5	15532	626163	274	-0.0175
65261a78-78b6-4276-be43-f7e7ef91829d	5	637162	779766	60	-0.2097
65261a78-78b6-4276-be43-f7e7ef91829d	5	800724	1933841	612	-0.0214
65261a78-78b6-4276-be43-f7e7ef91829d	5	1934376	3024418	997	0.0671
65261a78-78b6-4276-be43-f7e7ef91829d	5	3024493	12819201	8251	0.0218
65261a78-78b6-4276-be43-f7e7ef91829d	5	12819263	12838421	11	0.6305
65261a78-78b6-4276-be43-f7e7ef91829d	5	12849089	20676092	5123	0.029
65261a78-78b6-4276-be43-f7e7ef91829d	5	20676521	20737631	22	0.5841
65261a78-78b6-4276-be43-f7e7ef91829d	5	20739562	24095070	1835	0.015
65261a78-78b6-4276-be43-f7e7ef91829d	5	24095582	24096411	2	-0.9879
65261a78-78b6-4276-be43-f7e7ef91829d	5	24096746	24233348	84	-0.0066
65261a78-78b6-4276-be43-f7e7ef91829d	5	24235742	24367150	74	0.3153
65261a78-78b6-4276-be43-f7e7ef91829d	5	24370240	26789022	1505	0.0185
65261a78-78b6-4276-be43-f7e7ef91829d	5	26789248	26797735	5	0.7909
65261a78-78b6-4276-be43-f7e7ef91829d	5	26803775	26900675	79	0.0325
65261a78-78b6-4276-be43-f7e7ef91829d	5	26900794	26944373	28	0.3394
65261a78-78b6-4276-be43-f7e7ef91829d	5	26945259	28749458	995	0.032
65261a78-78b6-4276-be43-f7e7ef91829d	5	28750200	28751502	2	-1.5195
65261a78-78b6-4276-be43-f7e7ef91829d	5	28752387	40253800	7752	0.0138
65261a78-78b6-4276-be43-f7e7ef91829d	5	40255202	40448393	118	1.0571
65261a78-78b6-4276-be43-f7e7ef91829d	5	40452118	44417868	2150	-0.0032
65261a78-78b6-4276-be43-f7e7ef91829d	5	44422531	44718608	138	0.3248
65261a78-78b6-4276-be43-f7e7ef91829d	5	44719614	44770850	29	0.0158
65261a78-78b6-4276-be43-f7e7ef91829d	5	44773456	45491511	285	0.3433
65261a78-78b6-4276-be43-f7e7ef91829d	5	45499752	45503342	3	1.0254
65261a78-78b6-4276-be43-f7e7ef91829d	5	45506266	45589356	28	0.3876
65261a78-78b6-4276-be43-f7e7ef91829d	5	45593566	45832925	117	1.1001
65261a78-78b6-4276-be43-f7e7ef91829d	5	45840201	46271828	97	0.2718
65261a78-78b6-4276-be43-f7e7ef91829d	5	46272419	46273400	5	-2.3426
65261a78-78b6-4276-be43-f7e7ef91829d	5	46278110	55464542	3336	0.2826
65261a78-78b6-4276-be43-f7e7ef91829d	5	55467246	97575366	24597	-0.036
65261a78-78b6-4276-be43-f7e7ef91829d	5	97575825	97580979	2	-2.8316
65261a78-78b6-4276-be43-f7e7ef91829d	5	97582130	104361340	3919	-0.0298
65261a78-78b6-4276-be43-f7e7ef91829d	5	104369805	104370273	4	-1.0585
65261a78-78b6-4276-be43-f7e7ef91829d	5	104370762	104515520	83	-0.0115
65261a78-78b6-4276-be43-f7e7ef91829d	5	104524672	104524903	4	0.9174
65261a78-78b6-4276-be43-f7e7ef91829d	5	104525348	105497095	701	-0.0142
65261a78-78b6-4276-be43-f7e7ef91829d	5	105498076	131974116	17307	-0.0371
65261a78-78b6-4276-be43-f7e7ef91829d	5	131976158	142819602	6399	-0.008
65261a78-78b6-4276-be43-f7e7ef91829d	5	142819981	148813656	4044	-0.0363
65261a78-78b6-4276-be43-f7e7ef91829d	5	148817174	150797535	1335	0.0115
65261a78-78b6-4276-be43-f7e7ef91829d	5	150798146	150822643	10	-0.1601
65261a78-78b6-4276-be43-f7e7ef91829d	5	150825938	150839042	8	-0.8192
65261a78-78b6-4276-be43-f7e7ef91829d	5	150843825	168737255	12233	-0.0365
65261a78-78b6-4276-be43-f7e7ef91829d	5	168737739	168738394	5	0.9775
65261a78-78b6-4276-be43-f7e7ef91829d	5	168743570	171436505	2082	-0.0359
65261a78-78b6-4276-be43-f7e7ef91829d	5	171437017	175960856	3392	0.0107
65261a78-78b6-4276-be43-f7e7ef91829d	5	175966609	175999690	6	1.1164
65261a78-78b6-4276-be43-f7e7ef91829d	5	176004572	176050117	9	0.2599
65261a78-78b6-4276-be43-f7e7ef91829d	5	176050177	180951888	2519	0.0108
65261a78-78b6-4276-be43-f7e7ef91829d	5	180953203	181015441	21	0.3303
65261a78-78b6-4276-be43-f7e7ef91829d	5	181015920	181363319	166	-0.0944
65261a78-78b6-4276-be43-f7e7ef91829d	6	149661	254283	101	-0.0275
65261a78-78b6-4276-be43-f7e7ef91829d	6	257353	347350	57	0.4437
65261a78-78b6-4276-be43-f7e7ef91829d	6	348443	381149	44	0.1831
65261a78-78b6-4276-be43-f7e7ef91829d	6	382559	10348106	8026	-0.0182
65261a78-78b6-4276-be43-f7e7ef91829d	6	10354424	28447795	12824	-0.0412
65261a78-78b6-4276-be43-f7e7ef91829d	6	28449292	31053727	1107	-0.0029
65261a78-78b6-4276-be43-f7e7ef91829d	6	31054336	31054418	3	-0.9725
65261a78-78b6-4276-be43-f7e7ef91829d	6	31057702	31313046	175	0.0249
65261a78-78b6-4276-be43-f7e7ef91829d	6	31318499	31342147	12	0.5365
65261a78-78b6-4276-be43-f7e7ef91829d	6	31349570	32533522	514	-0.0194
65261a78-78b6-4276-be43-f7e7ef91829d	6	32540699	32550992	5	-1.3751
65261a78-78b6-4276-be43-f7e7ef91829d	6	32559507	32633540	29	0.1196
65261a78-78b6-4276-be43-f7e7ef91829d	6	32634330	32658841	13	-0.6579
65261a78-78b6-4276-be43-f7e7ef91829d	6	32682835	45070313	7863	0.0023
65261a78-78b6-4276-be43-f7e7ef91829d	6	45071694	52524077	4698	-0.0312
65261a78-78b6-4276-be43-f7e7ef91829d	6	52524330	53883759	984	-0.0032
65261a78-78b6-4276-be43-f7e7ef91829d	6	53884655	53888201	6	0.4345
65261a78-78b6-4276-be43-f7e7ef91829d	6	53890487	54066269	148	0.013
65261a78-78b6-4276-be43-f7e7ef91829d	6	54066286	54066477	4	0.7206
65261a78-78b6-4276-be43-f7e7ef91829d	6	54066582	54067057	4	2.2505
65261a78-78b6-4276-be43-f7e7ef91829d	6	54070550	70922353	8449	-0.0155
65261a78-78b6-4276-be43-f7e7ef91829d	6	70922679	70923127	2	1.4264
65261a78-78b6-4276-be43-f7e7ef91829d	6	70923400	76726815	3718	-0.0072
65261a78-78b6-4276-be43-f7e7ef91829d	6	76730151	76743040	21	0.4562
65261a78-78b6-4276-be43-f7e7ef91829d	6	76751356	78785057	1389	0.0128
65261a78-78b6-4276-be43-f7e7ef91829d	6	78787014	78787632	2	1.0183
65261a78-78b6-4276-be43-f7e7ef91829d	6	78793454	80575042	1133	-0.0159
65261a78-78b6-4276-be43-f7e7ef91829d	6	80575241	80579817	27	-1.1211
65261a78-78b6-4276-be43-f7e7ef91829d	6	80584624	102468083	13527	-0.0052
65261a78-78b6-4276-be43-f7e7ef91829d	6	102468769	102468846	2	1.7237
65261a78-78b6-4276-be43-f7e7ef91829d	6	102479729	103286954	484	-0.0111
65261a78-78b6-4276-be43-f7e7ef91829d	6	103290101	103314186	46	-1.1209
65261a78-78b6-4276-be43-f7e7ef91829d	6	103317795	170741917	44165	-0.0002
65261a78-78b6-4276-be43-f7e7ef91829d	7	43355	1212295	359	-0.0362
65261a78-78b6-4276-be43-f7e7ef91829d	7	1212639	3409514	1131	0.0518
65261a78-78b6-4276-be43-f7e7ef91829d	7	3410001	16130033	9504	0.0036
65261a78-78b6-4276-be43-f7e7ef91829d	7	16131935	16132634	2	-1.503
65261a78-78b6-4276-be43-f7e7ef91829d	7	16137216	18772599	2031	-0.0016
65261a78-78b6-4276-be43-f7e7ef91829d	7	18772791	19638846	950	0.3123
65261a78-78b6-4276-be43-f7e7ef91829d	7	19641896	22395161	2082	-0.0129
65261a78-78b6-4276-be43-f7e7ef91829d	7	22395853	22396868	2	-2.4381
65261a78-78b6-4276-be43-f7e7ef91829d	7	22399135	22802207	313	0.0013
65261a78-78b6-4276-be43-f7e7ef91829d	7	22802700	25477010	1990	-0.0357
65261a78-78b6-4276-be43-f7e7ef91829d	7	25477181	39050687	9676	-0.0007
65261a78-78b6-4276-be43-f7e7ef91829d	7	39051084	39051098	2	-1.1844
65261a78-78b6-4276-be43-f7e7ef91829d	7	39051688	54305455	10440	-0.0004
65261a78-78b6-4276-be43-f7e7ef91829d	7	54318812	54318824	6	1.6079
65261a78-78b6-4276-be43-f7e7ef91829d	7	54325795	56020308	1257	-0.0025
65261a78-78b6-4276-be43-f7e7ef91829d	7	56025154	56258965	114	0.2945
65261a78-78b6-4276-be43-f7e7ef91829d	7	56262859	56268946	4	-1.1973
65261a78-78b6-4276-be43-f7e7ef91829d	7	56271459	56693807	184	0.2788
65261a78-78b6-4276-be43-f7e7ef91829d	7	56694420	56701121	3	-2.3484
65261a78-78b6-4276-be43-f7e7ef91829d	7	56704473	57358504	212	0.2043
65261a78-78b6-4276-be43-f7e7ef91829d	7	57360266	57960277	267	-0.0123
65261a78-78b6-4276-be43-f7e7ef91829d	7	61083061	74510677	5719	0.2615
65261a78-78b6-4276-be43-f7e7ef91829d	7	74510784	90620383	9503	0.2057
65261a78-78b6-4276-be43-f7e7ef91829d	7	90622737	96891239	4023	0.1623
65261a78-78b6-4276-be43-f7e7ef91829d	7	96891699	104836052	3972	0.192
65261a78-78b6-4276-be43-f7e7ef91829d	7	104836079	109801155	3208	0.1678
65261a78-78b6-4276-be43-f7e7ef91829d	7	109801187	109813925	12	0.7465
65261a78-78b6-4276-be43-f7e7ef91829d	7	109814172	124218195	8649	0.1629
65261a78-78b6-4276-be43-f7e7ef91829d	7	124218552	124725705	325	0.2093
65261a78-78b6-4276-be43-f7e7ef91829d	7	124726274	124726468	3	1.1877
65261a78-78b6-4276-be43-f7e7ef91829d	7	124733278	126404920	1054	0.2103
65261a78-78b6-4276-be43-f7e7ef91829d	7	126405428	126406561	12	-0.619
65261a78-78b6-4276-be43-f7e7ef91829d	7	126406822	128522840	1397	0.2315
65261a78-78b6-4276-be43-f7e7ef91829d	7	128523281	128534838	3	-0.6734
65261a78-78b6-4276-be43-f7e7ef91829d	7	128535534	134093896	3297	0.2013
65261a78-78b6-4276-be43-f7e7ef91829d	7	134093899	140958483	4521	0.1642
65261a78-78b6-4276-be43-f7e7ef91829d	7	140958531	142040230	690	0.2128
65261a78-78b6-4276-be43-f7e7ef91829d	7	142040521	142049550	2	-0.6501
65261a78-78b6-4276-be43-f7e7ef91829d	7	142049835	142063324	15	0.2367
65261a78-78b6-4276-be43-f7e7ef91829d	7	142069843	142090383	31	-0.4123
65261a78-78b6-4276-be43-f7e7ef91829d	7	142090403	142250961	121	0.2109
65261a78-78b6-4276-be43-f7e7ef91829d	7	142251960	142259629	8	0.6897
65261a78-78b6-4276-be43-f7e7ef91829d	7	142259990	144012606	931	0.2119
65261a78-78b6-4276-be43-f7e7ef91829d	7	144013003	144014058	7	-0.4215
65261a78-78b6-4276-be43-f7e7ef91829d	7	144014076	144755851	409	0.2516
65261a78-78b6-4276-be43-f7e7ef91829d	7	144757464	149080811	2824	0.1689
65261a78-78b6-4276-be43-f7e7ef91829d	7	149082308	150231466	543	0.2127
65261a78-78b6-4276-be43-f7e7ef91829d	7	150236603	150236617	2	-0.9962
65261a78-78b6-4276-be43-f7e7ef91829d	7	150240296	152892027	1466	0.1906
65261a78-78b6-4276-be43-f7e7ef91829d	7	152892399	155307797	2016	0.2775
65261a78-78b6-4276-be43-f7e7ef91829d	7	155307927	155828461	315	0.4686
65261a78-78b6-4276-be43-f7e7ef91829d	7	155829806	156947685	775	0.2829
65261a78-78b6-4276-be43-f7e7ef91829d	7	156952786	158899320	1143	0.1968
65261a78-78b6-4276-be43-f7e7ef91829d	7	158899359	159334314	310	0.0941
65261a78-78b6-4276-be43-f7e7ef91829d	8	81254	643041	322	-1.1468
65261a78-78b6-4276-be43-f7e7ef91829d	8	644944	645908	10	0.0358
65261a78-78b6-4276-be43-f7e7ef91829d	8	656117	3178470	2017	-1.0732
65261a78-78b6-4276-be43-f7e7ef91829d	8	3184839	3270652	94	1.0309
65261a78-78b6-4276-be43-f7e7ef91829d	8	3271490	4360200	1743	-1.1062
65261a78-78b6-4276-be43-f7e7ef91829d	8	4362011	4494211	159	-0.4713
65261a78-78b6-4276-be43-f7e7ef91829d	8	4497229	4833794	460	0.968
65261a78-78b6-4276-be43-f7e7ef91829d	8	4833852	4887861	71	0.415
65261a78-78b6-4276-be43-f7e7ef91829d	8	4888593	5352963	569	0.2541
65261a78-78b6-4276-be43-f7e7ef91829d	8	5354095	6954600	2079	-1.1002
65261a78-78b6-4276-be43-f7e7ef91829d	8	6954676	8120649	203	-0.7916
65261a78-78b6-4276-be43-f7e7ef91829d	8	8132772	8565865	333	-1.0671
65261a78-78b6-4276-be43-f7e7ef91829d	8	8570384	8667205	103	-0.4518
65261a78-78b6-4276-be43-f7e7ef91829d	8	8667428	10015413	1138	-1.033
65261a78-78b6-4276-be43-f7e7ef91829d	8	10017412	10464371	434	0.7728
65261a78-78b6-4276-be43-f7e7ef91829d	8	10465974	12323772	1203	-1.0837
65261a78-78b6-4276-be43-f7e7ef91829d	8	12358500	12695342	71	-0.4065
65261a78-78b6-4276-be43-f7e7ef91829d	8	12697234	20696936	7322	-1.0344
65261a78-78b6-4276-be43-f7e7ef91829d	8	20697022	20698761	4	-2.8772
65261a78-78b6-4276-be43-f7e7ef91829d	8	20699036	23938806	2169	-1.0214
65261a78-78b6-4276-be43-f7e7ef91829d	8	23939039	23939562	2	-3.7425
65261a78-78b6-4276-be43-f7e7ef91829d	8	23939885	24873310	644	-1.0508
65261a78-78b6-4276-be43-f7e7ef91829d	8	24878512	24879410	4	-5.3997
65261a78-78b6-4276-be43-f7e7ef91829d	8	24882378	26080722	960	-1.0028
65261a78-78b6-4276-be43-f7e7ef91829d	8	26082832	33565552	5113	-0.4316
65261a78-78b6-4276-be43-f7e7ef91829d	8	33570759	33999146	202	1.9448
65261a78-78b6-4276-be43-f7e7ef91829d	8	34002629	35883694	1085	-0.4343
65261a78-78b6-4276-be43-f7e7ef91829d	8	35886500	36387452	251	0.0114
65261a78-78b6-4276-be43-f7e7ef91829d	8	36397626	36684060	141	-0.3815
65261a78-78b6-4276-be43-f7e7ef91829d	8	36686161	36695997	7	1.1184
65261a78-78b6-4276-be43-f7e7ef91829d	8	36696595	36880688	107	0.3585
65261a78-78b6-4276-be43-f7e7ef91829d	8	36886499	36946887	38	0.5912
65261a78-78b6-4276-be43-f7e7ef91829d	8	36947564	37019168	43	0.3537
65261a78-78b6-4276-be43-f7e7ef91829d	8	37021337	37066601	37	0.9511
65261a78-78b6-4276-be43-f7e7ef91829d	8	37067019	37292230	180	1.1864
65261a78-78b6-4276-be43-f7e7ef91829d	8	37297969	37350348	40	1.4195
65261a78-78b6-4276-be43-f7e7ef91829d	8	37351522	37550612	138	1.7807
65261a78-78b6-4276-be43-f7e7ef91829d	8	37552935	37603800	17	1.4583
65261a78-78b6-4276-be43-f7e7ef91829d	8	37606088	37708884	56	1.0331
65261a78-78b6-4276-be43-f7e7ef91829d	8	37712117	37867903	55	1.7416
65261a78-78b6-4276-be43-f7e7ef91829d	8	37877519	38135757	83	1.4145
65261a78-78b6-4276-be43-f7e7ef91829d	8	38138657	38369515	104	1.8338
65261a78-78b6-4276-be43-f7e7ef91829d	8	38372095	38531258	158	1.1252
65261a78-78b6-4276-be43-f7e7ef91829d	8	38542325	38592613	33	0.9109
65261a78-78b6-4276-be43-f7e7ef91829d	8	38596499	38624738	17	0.6299
65261a78-78b6-4276-be43-f7e7ef91829d	8	38628627	38740209	55	0.9831
65261a78-78b6-4276-be43-f7e7ef91829d	8	38745099	39242218	222	0.6052
65261a78-78b6-4276-be43-f7e7ef91829d	8	39245508	39372806	69	0.0969
65261a78-78b6-4276-be43-f7e7ef91829d	8	39373140	39529446	60	0.8102
65261a78-78b6-4276-be43-f7e7ef91829d	8	39530780	39609917	55	0.0126
65261a78-78b6-4276-be43-f7e7ef91829d	8	39611300	40914477	1019	0.5651
65261a78-78b6-4276-be43-f7e7ef91829d	8	40920333	40920952	2	-1.7189
65261a78-78b6-4276-be43-f7e7ef91829d	8	40926161	40963613	29	0.1399
65261a78-78b6-4276-be43-f7e7ef91829d	8	40963642	40979074	11	0.5275
65261a78-78b6-4276-be43-f7e7ef91829d	8	40979479	40988955	10	0.1288
65261a78-78b6-4276-be43-f7e7ef91829d	8	40992028	41012844	12	0.5838
65261a78-78b6-4276-be43-f7e7ef91829d	8	41015426	46000405	1452	0.0571
65261a78-78b6-4276-be43-f7e7ef91829d	8	46000692	51762067	3039	-0.3682
65261a78-78b6-4276-be43-f7e7ef91829d	8	51764803	52631082	576	0.3245
65261a78-78b6-4276-be43-f7e7ef91829d	8	52636024	57616361	3295	-0.371
65261a78-78b6-4276-be43-f7e7ef91829d	8	57616819	57881094	181	0.0151
65261a78-78b6-4276-be43-f7e7ef91829d	8	57881865	57883988	2	-0.8098
65261a78-78b6-4276-be43-f7e7ef91829d	8	57886448	58713497	592	0.0139
65261a78-78b6-4276-be43-f7e7ef91829d	8	58715364	59732215	649	0.5478
65261a78-78b6-4276-be43-f7e7ef91829d	8	59732487	59738691	6	-4.207
65261a78-78b6-4276-be43-f7e7ef91829d	8	59741517	62109719	1599	0.5424
65261a78-78b6-4276-be43-f7e7ef91829d	8	62113570	62113797	2	-0.5925
65261a78-78b6-4276-be43-f7e7ef91829d	8	62114020	63061339	648	0.581
65261a78-78b6-4276-be43-f7e7ef91829d	8	63067749	64095876	572	0.0172
65261a78-78b6-4276-be43-f7e7ef91829d	8	64098479	65155143	522	0.2815
65261a78-78b6-4276-be43-f7e7ef91829d	8	65157449	65624668	289	0.5145
65261a78-78b6-4276-be43-f7e7ef91829d	8	65624793	66426482	426	0.8688
65261a78-78b6-4276-be43-f7e7ef91829d	8	66431770	67338193	358	1.1767
65261a78-78b6-4276-be43-f7e7ef91829d	8	67342575	68083965	555	1.0804
65261a78-78b6-4276-be43-f7e7ef91829d	8	68084285	68420482	224	1.2009
65261a78-78b6-4276-be43-f7e7ef91829d	8	68421500	68940263	315	1.4
65261a78-78b6-4276-be43-f7e7ef91829d	8	68943272	69995354	707	1.1841
65261a78-78b6-4276-be43-f7e7ef91829d	8	69995766	70937035	478	1.0801
65261a78-78b6-4276-be43-f7e7ef91829d	8	70937640	71790877	607	0.7298
65261a78-78b6-4276-be43-f7e7ef91829d	8	71793572	73126419	985	1.185
65261a78-78b6-4276-be43-f7e7ef91829d	8	73127079	73594764	366	0.8736
65261a78-78b6-4276-be43-f7e7ef91829d	8	73603525	74306490	439	1.34
65261a78-78b6-4276-be43-f7e7ef91829d	8	74307787	74835435	311	0.8771
65261a78-78b6-4276-be43-f7e7ef91829d	8	74837999	74902220	47	0.7151
65261a78-78b6-4276-be43-f7e7ef91829d	8	74902466	78718355	2184	-0.4049
65261a78-78b6-4276-be43-f7e7ef91829d	8	78722903	78741833	9	0.9563
65261a78-78b6-4276-be43-f7e7ef91829d	8	78741910	79409397	462	0.7284
65261a78-78b6-4276-be43-f7e7ef91829d	8	79414096	79869733	297	0.8766
65261a78-78b6-4276-be43-f7e7ef91829d	8	79873432	80605224	383	1.098
65261a78-78b6-4276-be43-f7e7ef91829d	8	80607569	82560701	1124	0.715
65261a78-78b6-4276-be43-f7e7ef91829d	8	82566360	87624560	2777	-0.389
65261a78-78b6-4276-be43-f7e7ef91829d	8	87631193	111279265	14389	0.6947
65261a78-78b6-4276-be43-f7e7ef91829d	8	111282050	111283031	10	1.6495
65261a78-78b6-4276-be43-f7e7ef91829d	8	111288052	113944672	1436	0.7189
65261a78-78b6-4276-be43-f7e7ef91829d	8	113945148	114441068	276	0.8592
65261a78-78b6-4276-be43-f7e7ef91829d	8	114446734	114767025	225	1.5286
65261a78-78b6-4276-be43-f7e7ef91829d	8	114767590	114768491	2	2.8727
65261a78-78b6-4276-be43-f7e7ef91829d	8	114774539	117613649	1815	1.4705
65261a78-78b6-4276-be43-f7e7ef91829d	8	117622374	128744020	7915	0.8517
65261a78-78b6-4276-be43-f7e7ef91829d	8	128750889	128751839	2	-2.11
65261a78-78b6-4276-be43-f7e7ef91829d	8	128765208	133160540	3236	0.8572
65261a78-78b6-4276-be43-f7e7ef91829d	8	133160552	133161244	10	1.375
65261a78-78b6-4276-be43-f7e7ef91829d	8	133161292	138749763	4573	0.8566
65261a78-78b6-4276-be43-f7e7ef91829d	8	138750757	139001276	208	0.5664
65261a78-78b6-4276-be43-f7e7ef91829d	8	139002134	139017711	13	0.2831
65261a78-78b6-4276-be43-f7e7ef91829d	8	139018468	139293730	253	0.5366
65261a78-78b6-4276-be43-f7e7ef91829d	8	139295041	140984319	1131	0.9104
65261a78-78b6-4276-be43-f7e7ef91829d	8	140984704	142410372	879	0.8203
65261a78-78b6-4276-be43-f7e7ef91829d	8	142423108	143227622	308	0.9243
65261a78-78b6-4276-be43-f7e7ef91829d	8	143227655	143228447	8	0.0113
65261a78-78b6-4276-be43-f7e7ef91829d	8	143232207	144230285	306	0.9392
65261a78-78b6-4276-be43-f7e7ef91829d	8	144230585	144894927	221	0.7744
65261a78-78b6-4276-be43-f7e7ef91829d	8	144899319	145072769	105	0.9211
65261a78-78b6-4276-be43-f7e7ef91829d	9	46587	93270	8	-0.1077
65261a78-78b6-4276-be43-f7e7ef91829d	9	94152	672786	643	0.248
65261a78-78b6-4276-be43-f7e7ef91829d	9	672895	673512	5	-0.8455
65261a78-78b6-4276-be43-f7e7ef91829d	9	676055	1520634	939	0.2626
65261a78-78b6-4276-be43-f7e7ef91829d	9	1521163	3035385	1659	-0.0046
65261a78-78b6-4276-be43-f7e7ef91829d	9	3036131	3132236	86	0.3188
65261a78-78b6-4276-be43-f7e7ef91829d	9	3134738	3135164	4	1.0766
65261a78-78b6-4276-be43-f7e7ef91829d	9	3135193	4243983	1048	0.2813
65261a78-78b6-4276-be43-f7e7ef91829d	9	4244245	4280840	29	0.7762
65261a78-78b6-4276-be43-f7e7ef91829d	9	4281405	4581370	314	0.5291
65261a78-78b6-4276-be43-f7e7ef91829d	9	4582082	4981269	351	0.2898
65261a78-78b6-4276-be43-f7e7ef91829d	9	4987165	5024452	73	0.4505
65261a78-78b6-4276-be43-f7e7ef91829d	9	5024480	5607230	504	0.2583
65261a78-78b6-4276-be43-f7e7ef91829d	9	5607481	5737923	60	0.0281
65261a78-78b6-4276-be43-f7e7ef91829d	9	5738056	6784867	705	0.2831
65261a78-78b6-4276-be43-f7e7ef91829d	9	6788085	6956720	142	0.544
65261a78-78b6-4276-be43-f7e7ef91829d	9	6957024	7215560	327	0.2658
65261a78-78b6-4276-be43-f7e7ef91829d	9	7217946	7311324	108	0.5059
65261a78-78b6-4276-be43-f7e7ef91829d	9	7313822	8342969	1034	0.2626
65261a78-78b6-4276-be43-f7e7ef91829d	9	8343237	8387554	43	0.5631
65261a78-78b6-4276-be43-f7e7ef91829d	9	8393996	10329917	1839	0.2798
65261a78-78b6-4276-be43-f7e7ef91829d	9	10330209	12830448	1982	-0.0115
65261a78-78b6-4276-be43-f7e7ef91829d	9	12840929	13052571	152	0.3088
65261a78-78b6-4276-be43-f7e7ef91829d	9	13052852	13569434	370	0.0074
65261a78-78b6-4276-be43-f7e7ef91829d	9	13571609	13575892	3	-0.8798
65261a78-78b6-4276-be43-f7e7ef91829d	9	13575930	15527943	1705	-0.0318
65261a78-78b6-4276-be43-f7e7ef91829d	9	15528569	16540448	864	0.289
65261a78-78b6-4276-be43-f7e7ef91829d	9	16540696	17081685	503	0.5266
65261a78-78b6-4276-be43-f7e7ef91829d	9	17086815	18259825	1013	0.266
65261a78-78b6-4276-be43-f7e7ef91829d	9	18260421	18496848	187	0.5404
65261a78-78b6-4276-be43-f7e7ef91829d	9	18496877	18532690	39	0.2559
65261a78-78b6-4276-be43-f7e7ef91829d	9	18533045	22621296	3188	-0.0358
65261a78-78b6-4276-be43-f7e7ef91829d	9	22622677	24062633	1014	0.282
65261a78-78b6-4276-be43-f7e7ef91829d	9	24064959	26313816	1603	-0.0287
65261a78-78b6-4276-be43-f7e7ef91829d	9	26314390	27148500	580	0.2963
65261a78-78b6-4276-be43-f7e7ef91829d	9	27150764	29037965	1620	-0.0412
65261a78-78b6-4276-be43-f7e7ef91829d	9	29039634	29078002	22	0.3134
65261a78-78b6-4276-be43-f7e7ef91829d	9	29085587	29089612	6	0.0145
65261a78-78b6-4276-be43-f7e7ef91829d	9	29090448	32011301	2013	-0.4149
65261a78-78b6-4276-be43-f7e7ef91829d	9	32014297	33198440	934	0.0006
65261a78-78b6-4276-be43-f7e7ef91829d	9	33201280	33305033	82	0.3311
65261a78-78b6-4276-be43-f7e7ef91829d	9	33307676	34509748	652	0.0145
65261a78-78b6-4276-be43-f7e7ef91829d	9	34513625	35109575	322	-0.3846
65261a78-78b6-4276-be43-f7e7ef91829d	9	35113250	35261747	79	-0.0168
65261a78-78b6-4276-be43-f7e7ef91829d	9	35270678	35737200	216	-0.3779
65261a78-78b6-4276-be43-f7e7ef91829d	9	35738896	36039070	186	-0.0267
65261a78-78b6-4276-be43-f7e7ef91829d	9	36047660	36165050	74	-0.4124
65261a78-78b6-4276-be43-f7e7ef91829d	9	36167467	36471215	150	-0.0344
65261a78-78b6-4276-be43-f7e7ef91829d	9	36476956	37033162	446	0.3071
65261a78-78b6-4276-be43-f7e7ef91829d	9	37033364	37034620	2	-0.6204
65261a78-78b6-4276-be43-f7e7ef91829d	9	37034672	37725524	404	0.2886
65261a78-78b6-4276-be43-f7e7ef91829d	9	37727203	42585140	1001	0.002
65261a78-78b6-4276-be43-f7e7ef91829d	9	42697878	42727685	13	1.2119
65261a78-78b6-4276-be43-f7e7ef91829d	9	42729302	42794777	17	0.1437
65261a78-78b6-4276-be43-f7e7ef91829d	9	42798441	60863881	12	0.622
65261a78-78b6-4276-be43-f7e7ef91829d	9	60888834	63580418	80	0.0596
65261a78-78b6-4276-be43-f7e7ef91829d	9	63590317	63592813	7	2.0565
65261a78-78b6-4276-be43-f7e7ef91829d	9	63614182	67073081	101	0.047
65261a78-78b6-4276-be43-f7e7ef91829d	9	67073620	72397629	3103	-0.4175
65261a78-78b6-4276-be43-f7e7ef91829d	9	72400497	73927766	957	-0.0194
65261a78-78b6-4276-be43-f7e7ef91829d	9	73935433	75861270	1314	-0.4155
65261a78-78b6-4276-be43-f7e7ef91829d	9	75861322	75927578	66	-0.0399
65261a78-78b6-4276-be43-f7e7ef91829d	9	75928322	79448364	2677	-0.4146
65261a78-78b6-4276-be43-f7e7ef91829d	9	79454757	79552554	82	0.2845
65261a78-78b6-4276-be43-f7e7ef91829d	9	79553555	80623620	791	-0.0111
65261a78-78b6-4276-be43-f7e7ef91829d	9	80624393	80756283	94	-0.4174
65261a78-78b6-4276-be43-f7e7ef91829d	9	80756500	81770123	772	-0.011
65261a78-78b6-4276-be43-f7e7ef91829d	9	81772300	82656530	450	-0.4129
65261a78-78b6-4276-be43-f7e7ef91829d	9	82657204	84312332	1236	0.0038
65261a78-78b6-4276-be43-f7e7ef91829d	9	84312898	84421258	91	0.3183
65261a78-78b6-4276-be43-f7e7ef91829d	9	84423959	84612114	143	-0.01
65261a78-78b6-4276-be43-f7e7ef91829d	9	84614308	85156927	449	0.3097
65261a78-78b6-4276-be43-f7e7ef91829d	9	85161528	85517179	298	0.0484
65261a78-78b6-4276-be43-f7e7ef91829d	9	85519879	87745965	1574	-0.3941
65261a78-78b6-4276-be43-f7e7ef91829d	9	87748171	88486917	448	0.0253
65261a78-78b6-4276-be43-f7e7ef91829d	9	88486947	91072233	1950	-0.3948
65261a78-78b6-4276-be43-f7e7ef91829d	9	91072798	91128911	54	0.0087
65261a78-78b6-4276-be43-f7e7ef91829d	9	91135285	92513047	891	-0.3759
65261a78-78b6-4276-be43-f7e7ef91829d	9	92518605	93820229	772	0.0532
65261a78-78b6-4276-be43-f7e7ef91829d	9	93820349	95740639	1322	-0.3718
65261a78-78b6-4276-be43-f7e7ef91829d	9	95742623	96262126	371	0.0341
65261a78-78b6-4276-be43-f7e7ef91829d	9	96266955	96308884	35	0.3261
65261a78-78b6-4276-be43-f7e7ef91829d	9	96309961	96763205	224	0.0116
65261a78-78b6-4276-be43-f7e7ef91829d	9	96772474	108023891	7844	-0.4075
65261a78-78b6-4276-be43-f7e7ef91829d	9	108024815	108594574	534	-0.0143
65261a78-78b6-4276-be43-f7e7ef91829d	9	108597465	108721695	119	0.3321
65261a78-78b6-4276-be43-f7e7ef91829d	9	108722619	108781292	46	-0.3618
65261a78-78b6-4276-be43-f7e7ef91829d	9	108781425	108898228	124	0.0396
65261a78-78b6-4276-be43-f7e7ef91829d	9	108898645	108912480	19	0.3357
65261a78-78b6-4276-be43-f7e7ef91829d	9	108912612	109634597	539	0.0227
65261a78-78b6-4276-be43-f7e7ef91829d	9	109639325	109784028	143	-0.3953
65261a78-78b6-4276-be43-f7e7ef91829d	9	109784497	110141720	303	0.0078
65261a78-78b6-4276-be43-f7e7ef91829d	9	110145752	110262162	86	-0.4925
65261a78-78b6-4276-be43-f7e7ef91829d	9	110262509	110265889	2	-2.7039
65261a78-78b6-4276-be43-f7e7ef91829d	9	110270151	111585913	1037	-0.4104
65261a78-78b6-4276-be43-f7e7ef91829d	9	111586284	111586497	3	0.5196
65261a78-78b6-4276-be43-f7e7ef91829d	9	111588949	112337864	498	-0.4331
65261a78-78b6-4276-be43-f7e7ef91829d	9	112338511	112559462	136	0.0309
65261a78-78b6-4276-be43-f7e7ef91829d	9	112569398	112779326	132	-0.3623
65261a78-78b6-4276-be43-f7e7ef91829d	9	112779853	113327518	418	0.0282
65261a78-78b6-4276-be43-f7e7ef91829d	9	113328594	113391819	57	0.3193
65261a78-78b6-4276-be43-f7e7ef91829d	9	113397143	113729016	185	0.0573
65261a78-78b6-4276-be43-f7e7ef91829d	9	113730219	114973925	947	-0.4126
65261a78-78b6-4276-be43-f7e7ef91829d	9	114977232	116594784	1222	0.0055
65261a78-78b6-4276-be43-f7e7ef91829d	9	116595630	116790602	227	0.267
65261a78-78b6-4276-be43-f7e7ef91829d	9	116796481	118356329	1361	-0.0133
65261a78-78b6-4276-be43-f7e7ef91829d	9	118363665	123609807	3679	-0.3978
65261a78-78b6-4276-be43-f7e7ef91829d	9	123610445	125005925	835	0.0328
65261a78-78b6-4276-be43-f7e7ef91829d	9	125009099	125647117	337	0.3112
65261a78-78b6-4276-be43-f7e7ef91829d	9	125647302	129313998	2040	0.0447
65261a78-78b6-4276-be43-f7e7ef91829d	9	129316378	131164413	1167	-0.3589
65261a78-78b6-4276-be43-f7e7ef91829d	9	131166893	131892482	469	0.0489
65261a78-78b6-4276-be43-f7e7ef91829d	9	131893155	132235497	233	-0.3778
65261a78-78b6-4276-be43-f7e7ef91829d	9	132238745	132407324	89	-0.0231
65261a78-78b6-4276-be43-f7e7ef91829d	9	132407549	132522701	86	-0.3555
65261a78-78b6-4276-be43-f7e7ef91829d	9	132525473	132853826	214	0.0288
65261a78-78b6-4276-be43-f7e7ef91829d	9	132860263	133067827	223	0.4908
65261a78-78b6-4276-be43-f7e7ef91829d	9	133068050	133234843	73	0.0578
65261a78-78b6-4276-be43-f7e7ef91829d	9	133237183	133307013	48	0.4496
65261a78-78b6-4276-be43-f7e7ef91829d	9	133307114	133322603	18	0.1192
65261a78-78b6-4276-be43-f7e7ef91829d	9	133322857	133338901	14	0.397
65261a78-78b6-4276-be43-f7e7ef91829d	9	133345211	133425943	33	0.0398
65261a78-78b6-4276-be43-f7e7ef91829d	9	133433789	134090081	409	0.3858
65261a78-78b6-4276-be43-f7e7ef91829d	9	134096176	134482834	136	0.1034
65261a78-78b6-4276-be43-f7e7ef91829d	9	134483570	134699359	121	0.4109
65261a78-78b6-4276-be43-f7e7ef91829d	9	134702648	134879264	122	0.0841
65261a78-78b6-4276-be43-f7e7ef91829d	9	134880946	135201243	240	0.3718
65261a78-78b6-4276-be43-f7e7ef91829d	9	135201915	135248141	42	0.1008
65261a78-78b6-4276-be43-f7e7ef91829d	9	135248156	135319522	43	-0.1758
65261a78-78b6-4276-be43-f7e7ef91829d	9	135322259	135324566	3	0.6594
65261a78-78b6-4276-be43-f7e7ef91829d	9	135325951	135426913	77	-0.1578
65261a78-78b6-4276-be43-f7e7ef91829d	9	135427311	135697619	151	0.0887
65261a78-78b6-4276-be43-f7e7ef91829d	9	135698139	136444175	242	0.3869
65261a78-78b6-4276-be43-f7e7ef91829d	9	136447127	136811224	115	0.1146
65261a78-78b6-4276-be43-f7e7ef91829d	9	136817006	138124208	503	-0.3521
65261a78-78b6-4276-be43-f7e7ef91829d	9	138124242	138200944	18	0.0026
65261a78-78b6-4276-be43-f7e7ef91829d	10	45792	44391787	30573	0.0079
65261a78-78b6-4276-be43-f7e7ef91829d	10	44392481	44513279	136	-0.3709
65261a78-78b6-4276-be43-f7e7ef91829d	10	44513852	44762845	171	-0.0118
65261a78-78b6-4276-be43-f7e7ef91829d	10	44763045	44896272	101	-0.4745
65261a78-78b6-4276-be43-f7e7ef91829d	10	44896900	44920670	24	0.3721
65261a78-78b6-4276-be43-f7e7ef91829d	10	44923885	44931168	8	-0.3743
65261a78-78b6-4276-be43-f7e7ef91829d	10	44934705	44957820	28	0.0462
65261a78-78b6-4276-be43-f7e7ef91829d	10	44960515	46116171	464	0.2999
65261a78-78b6-4276-be43-f7e7ef91829d	10	46130381	46901552	235	-0.0559
65261a78-78b6-4276-be43-f7e7ef91829d	10	46967412	54368754	4911	-0.404
65261a78-78b6-4276-be43-f7e7ef91829d	10	54370707	54618138	196	1.5967
65261a78-78b6-4276-be43-f7e7ef91829d	10	54618213	54708677	60	1.2627
65261a78-78b6-4276-be43-f7e7ef91829d	10	54712504	54784769	67	-0.41
65261a78-78b6-4276-be43-f7e7ef91829d	10	54785044	54785635	3	-2.3602
65261a78-78b6-4276-be43-f7e7ef91829d	10	54797850	54804382	11	-0.4131
65261a78-78b6-4276-be43-f7e7ef91829d	10	54807612	54883223	52	-0.0111
65261a78-78b6-4276-be43-f7e7ef91829d	10	54886929	56231471	904	-0.397
65261a78-78b6-4276-be43-f7e7ef91829d	10	56235874	56333649	77	-0.0487
65261a78-78b6-4276-be43-f7e7ef91829d	10	56334325	65546518	6392	-0.4159
65261a78-78b6-4276-be43-f7e7ef91829d	10	65548165	65554672	27	-1.6645
65261a78-78b6-4276-be43-f7e7ef91829d	10	65554688	67114774	1194	-0.4308
65261a78-78b6-4276-be43-f7e7ef91829d	10	67115240	87956690	13692	-0.3927
65261a78-78b6-4276-be43-f7e7ef91829d	10	87956724	89178916	922	-0.454
65261a78-78b6-4276-be43-f7e7ef91829d	10	89183210	89188152	9	-1.9069
65261a78-78b6-4276-be43-f7e7ef91829d	10	89188211	124866961	24022	-0.3945
65261a78-78b6-4276-be43-f7e7ef91829d	10	124881753	125107179	158	1.1953
65261a78-78b6-4276-be43-f7e7ef91829d	10	125107660	125403172	179	0.9037
65261a78-78b6-4276-be43-f7e7ef91829d	10	125404278	125620304	159	1.243
65261a78-78b6-4276-be43-f7e7ef91829d	10	125620602	125633253	18	1.7081
65261a78-78b6-4276-be43-f7e7ef91829d	10	125634685	126175727	416	1.9733
65261a78-78b6-4276-be43-f7e7ef91829d	10	126177590	126301858	121	1.7102
65261a78-78b6-4276-be43-f7e7ef91829d	10	126307902	126417297	85	1.4072
65261a78-78b6-4276-be43-f7e7ef91829d	10	126417320	126736477	248	1.758
65261a78-78b6-4276-be43-f7e7ef91829d	10	126739120	126825774	57	1.4004
65261a78-78b6-4276-be43-f7e7ef91829d	10	126825784	126826569	2	-0.1459
65261a78-78b6-4276-be43-f7e7ef91829d	10	126826713	127071993	202	1.3207
65261a78-78b6-4276-be43-f7e7ef91829d	10	127073037	127082912	12	1.7402
65261a78-78b6-4276-be43-f7e7ef91829d	10	127091927	127384738	219	1.1585
65261a78-78b6-4276-be43-f7e7ef91829d	10	127384997	127418069	42	0.267
65261a78-78b6-4276-be43-f7e7ef91829d	10	127419304	127560017	125	-0.0787
65261a78-78b6-4276-be43-f7e7ef91829d	10	127560653	127596270	30	0.4144
65261a78-78b6-4276-be43-f7e7ef91829d	10	127597489	127894654	247	0.7543
65261a78-78b6-4276-be43-f7e7ef91829d	10	127899313	128171907	182	0.3489
65261a78-78b6-4276-be43-f7e7ef91829d	10	128175039	128232326	27	0.7657
65261a78-78b6-4276-be43-f7e7ef91829d	10	128235069	128658662	387	0.3493
65261a78-78b6-4276-be43-f7e7ef91829d	10	128658680	128980188	263	0.5755
65261a78-78b6-4276-be43-f7e7ef91829d	10	128986089	129510308	455	0.3479
65261a78-78b6-4276-be43-f7e7ef91829d	10	129513799	130334322	618	-0.3603
65261a78-78b6-4276-be43-f7e7ef91829d	10	130336278	130616775	236	-0.4699
65261a78-78b6-4276-be43-f7e7ef91829d	10	130620551	130621051	5	-1.6736
65261a78-78b6-4276-be43-f7e7ef91829d	10	130624533	131076437	439	-0.4991
65261a78-78b6-4276-be43-f7e7ef91829d	10	131077980	131081353	3	-1.7544
65261a78-78b6-4276-be43-f7e7ef91829d	10	131083103	132471899	907	-0.4077
65261a78-78b6-4276-be43-f7e7ef91829d	10	132473426	132473842	2	-1.8142
65261a78-78b6-4276-be43-f7e7ef91829d	10	132477040	132733532	115	-0.3187
65261a78-78b6-4276-be43-f7e7ef91829d	10	132734847	132735181	2	0.9308
65261a78-78b6-4276-be43-f7e7ef91829d	10	132740281	133532494	320	-0.3907
65261a78-78b6-4276-be43-f7e7ef91829d	10	133533423	133533455	2	-1.5322
65261a78-78b6-4276-be43-f7e7ef91829d	10	133533893	133654968	72	-0.4048
65261a78-78b6-4276-be43-f7e7ef91829d	11	198510	4949013	2420	-0.3671
65261a78-78b6-4276-be43-f7e7ef91829d	11	4949047	4969872	34	0.1465
65261a78-78b6-4276-be43-f7e7ef91829d	11	4971052	5766175	777	-0.4392
65261a78-78b6-4276-be43-f7e7ef91829d	11	5766850	5772353	10	-1.1143
65261a78-78b6-4276-be43-f7e7ef91829d	11	5773015	5787909	22	-2.09
65261a78-78b6-4276-be43-f7e7ef91829d	11	5788108	7574566	1328	-0.3903
65261a78-78b6-4276-be43-f7e7ef91829d	11	7576213	7580841	9	1.1393
65261a78-78b6-4276-be43-f7e7ef91829d	11	7582792	7592118	12	-0.302
65261a78-78b6-4276-be43-f7e7ef91829d	11	7597810	7624489	18	0.0422
65261a78-78b6-4276-be43-f7e7ef91829d	11	7625179	7625503	2	0.5639
65261a78-78b6-4276-be43-f7e7ef91829d	11	7625675	7705779	72	1.0629
65261a78-78b6-4276-be43-f7e7ef91829d	11	7706060	7791913	58	0.7416
65261a78-78b6-4276-be43-f7e7ef91829d	11	7792629	35052620	19676	-0.4043
65261a78-78b6-4276-be43-f7e7ef91829d	11	35055532	35379664	336	1.1669
65261a78-78b6-4276-be43-f7e7ef91829d	11	35384476	35682229	276	0.7223
65261a78-78b6-4276-be43-f7e7ef91829d	11	35687534	36033163	224	0.2903
65261a78-78b6-4276-be43-f7e7ef91829d	11	36033435	38848318	1931	-0.4024
65261a78-78b6-4276-be43-f7e7ef91829d	11	38857870	38874264	10	0.5351
65261a78-78b6-4276-be43-f7e7ef91829d	11	38876216	43721280	3300	-0.4011
65261a78-78b6-4276-be43-f7e7ef91829d	11	43732175	44360183	465	0.007
65261a78-78b6-4276-be43-f7e7ef91829d	11	44363163	46232007	1300	-0.3685
65261a78-78b6-4276-be43-f7e7ef91829d	11	46234605	46238956	2	-1.8251
65261a78-78b6-4276-be43-f7e7ef91829d	11	46240197	47372087	432	-0.3457
65261a78-78b6-4276-be43-f7e7ef91829d	11	47372754	47372766	2	-1.7776
65261a78-78b6-4276-be43-f7e7ef91829d	11	47374671	48330727	463	-0.3859
65261a78-78b6-4276-be43-f7e7ef91829d	11	48332579	49052503	256	-0.2552
65261a78-78b6-4276-be43-f7e7ef91829d	11	49055048	49699710	278	-0.3811
65261a78-78b6-4276-be43-f7e7ef91829d	11	49705845	58886419	2775	0.0124
65261a78-78b6-4276-be43-f7e7ef91829d	11	58887310	59042524	99	0.0363
65261a78-78b6-4276-be43-f7e7ef91829d	11	59043768	59082384	21	0.6694
65261a78-78b6-4276-be43-f7e7ef91829d	11	59086292	77671790	9341	0.0433
65261a78-78b6-4276-be43-f7e7ef91829d	11	77672393	89923071	8443	0.0031
65261a78-78b6-4276-be43-f7e7ef91829d	11	89962925	89966336	2	1.2638
65261a78-78b6-4276-be43-f7e7ef91829d	11	90043678	107910653	12876	-0.0048
65261a78-78b6-4276-be43-f7e7ef91829d	11	107913781	107914372	2	-3.4629
65261a78-78b6-4276-be43-f7e7ef91829d	11	107916987	109762666	1058	-0.0021
65261a78-78b6-4276-be43-f7e7ef91829d	11	109766922	109767051	2	0.9901
65261a78-78b6-4276-be43-f7e7ef91829d	11	109768123	113640934	2629	-0.0116
65261a78-78b6-4276-be43-f7e7ef91829d	11	113642664	113643255	4	-1.8736
65261a78-78b6-4276-be43-f7e7ef91829d	11	113645176	116169647	1814	-0.004
65261a78-78b6-4276-be43-f7e7ef91829d	11	116171849	120185955	2819	0.0364
65261a78-78b6-4276-be43-f7e7ef91829d	11	120186472	125617688	3955	0.0047
65261a78-78b6-4276-be43-f7e7ef91829d	11	125623214	125623417	3	-1.1388
65261a78-78b6-4276-be43-f7e7ef91829d	11	125627250	131534317	4489	0.0174
65261a78-78b6-4276-be43-f7e7ef91829d	11	131535835	131536249	5	0.8861
65261a78-78b6-4276-be43-f7e7ef91829d	11	131538285	132921257	1136	0.0238
65261a78-78b6-4276-be43-f7e7ef91829d	11	132923138	135074876	1623	-0.0457
65261a78-78b6-4276-be43-f7e7ef91829d	12	51460	1620182	913	-0.1866
65261a78-78b6-4276-be43-f7e7ef91829d	12	1620469	4279989	1978	0.4222
65261a78-78b6-4276-be43-f7e7ef91829d	12	4280012	4280040	2	-2.8964
65261a78-78b6-4276-be43-f7e7ef91829d	12	4280183	4436077	157	0.3475
65261a78-78b6-4276-be43-f7e7ef91829d	12	4438987	6906543	1870	0.4506
65261a78-78b6-4276-be43-f7e7ef91829d	12	6911804	6920703	6	-0.1681
65261a78-78b6-4276-be43-f7e7ef91829d	12	6920902	7259755	156	0.4533
65261a78-78b6-4276-be43-f7e7ef91829d	12	7262050	8415028	527	0.378
65261a78-78b6-4276-be43-f7e7ef91829d	12	8422427	8432076	6	-0.2319
65261a78-78b6-4276-be43-f7e7ef91829d	12	8442298	11050973	1611	0.3751
65261a78-78b6-4276-be43-f7e7ef91829d	12	11051557	11114232	24	0.7506
65261a78-78b6-4276-be43-f7e7ef91829d	12	11115108	12073806	806	0.3654
65261a78-78b6-4276-be43-f7e7ef91829d	12	12074161	16966242	3347	-0.1738
65261a78-78b6-4276-be43-f7e7ef91829d	12	16973101	24055544	4607	0.383
65261a78-78b6-4276-be43-f7e7ef91829d	12	24055811	24284172	157	0.5703
65261a78-78b6-4276-be43-f7e7ef91829d	12	24287085	25664945	1166	0.1314
65261a78-78b6-4276-be43-f7e7ef91829d	12	25665928	33232895	5524	0.2075
65261a78-78b6-4276-be43-f7e7ef91829d	12	33233822	33242483	6	-1.8862
65261a78-78b6-4276-be43-f7e7ef91829d	12	33246118	34097761	532	0.215
65261a78-78b6-4276-be43-f7e7ef91829d	12	34103774	34122471	11	-0.4354
65261a78-78b6-4276-be43-f7e7ef91829d	12	34122859	40424153	1707	0.2658
65261a78-78b6-4276-be43-f7e7ef91829d	12	40424193	40522928	72	0.3279
65261a78-78b6-4276-be43-f7e7ef91829d	12	40527686	45510655	3215	-0.0127
65261a78-78b6-4276-be43-f7e7ef91829d	12	45512057	45515754	3	1.087
65261a78-78b6-4276-be43-f7e7ef91829d	12	45519509	48905507	2022	0.0024
65261a78-78b6-4276-be43-f7e7ef91829d	12	48908922	49396484	184	0.276
65261a78-78b6-4276-be43-f7e7ef91829d	12	49397689	49917441	230	0.0037
65261a78-78b6-4276-be43-f7e7ef91829d	12	49917631	57832121	4433	0.0378
65261a78-78b6-4276-be43-f7e7ef91829d	12	57835065	62016658	2744	-0.0039
65261a78-78b6-4276-be43-f7e7ef91829d	12	62024308	62029532	9	0.7412
65261a78-78b6-4276-be43-f7e7ef91829d	12	62032159	62108935	52	-0.0286
65261a78-78b6-4276-be43-f7e7ef91829d	12	62115547	62132551	10	0.831
65261a78-78b6-4276-be43-f7e7ef91829d	12	62132762	62223453	66	1.0567
65261a78-78b6-4276-be43-f7e7ef91829d	12	62223849	62451814	104	1.7699
65261a78-78b6-4276-be43-f7e7ef91829d	12	62452892	62900677	342	1.1649
65261a78-78b6-4276-be43-f7e7ef91829d	12	62907063	63352301	331	1.5508
65261a78-78b6-4276-be43-f7e7ef91829d	12	63355123	64436786	551	0.8143
65261a78-78b6-4276-be43-f7e7ef91829d	12	64438989	64619482	73	1.3837
65261a78-78b6-4276-be43-f7e7ef91829d	12	64621634	64663497	64	1.1676
65261a78-78b6-4276-be43-f7e7ef91829d	12	64666584	64885776	111	0.9522
65261a78-78b6-4276-be43-f7e7ef91829d	12	64886565	64936549	40	1.1655
65261a78-78b6-4276-be43-f7e7ef91829d	12	64936986	65069173	92	1.3623
65261a78-78b6-4276-be43-f7e7ef91829d	12	65069235	65526913	221	2.032
65261a78-78b6-4276-be43-f7e7ef91829d	12	65526921	65989791	278	1.6205
65261a78-78b6-4276-be43-f7e7ef91829d	12	65990037	66248696	164	1.8038
65261a78-78b6-4276-be43-f7e7ef91829d	12	66254548	66761042	373	1.9911
65261a78-78b6-4276-be43-f7e7ef91829d	12	66761261	67116639	317	1.5705
65261a78-78b6-4276-be43-f7e7ef91829d	12	67116761	67180174	44	1.9303
65261a78-78b6-4276-be43-f7e7ef91829d	12	67183950	67279392	66	1.5197
65261a78-78b6-4276-be43-f7e7ef91829d	12	67279858	67873822	411	1.7581
65261a78-78b6-4276-be43-f7e7ef91829d	12	67874271	68706170	649	2.2342
65261a78-78b6-4276-be43-f7e7ef91829d	12	68708289	69317758	415	2.4814
65261a78-78b6-4276-be43-f7e7ef91829d	12	69321033	69677113	259	2.1652
65261a78-78b6-4276-be43-f7e7ef91829d	12	69677162	70945520	871	1.9671
65261a78-78b6-4276-be43-f7e7ef91829d	12	70946305	71251059	212	1.2107
65261a78-78b6-4276-be43-f7e7ef91829d	12	71253448	71272772	17	1.5723
65261a78-78b6-4276-be43-f7e7ef91829d	12	71272999	71406889	72	0.6575
65261a78-78b6-4276-be43-f7e7ef91829d	12	71414226	71504578	60	1.5405
65261a78-78b6-4276-be43-f7e7ef91829d	12	71505933	71946293	277	0.6787
65261a78-78b6-4276-be43-f7e7ef91829d	12	71949477	73649891	1014	-0.0114
65261a78-78b6-4276-be43-f7e7ef91829d	12	73652743	73758622	57	0.7769
65261a78-78b6-4276-be43-f7e7ef91829d	12	73761044	73877858	71	1.6257
65261a78-78b6-4276-be43-f7e7ef91829d	12	73880233	73959265	41	1.025
65261a78-78b6-4276-be43-f7e7ef91829d	12	73963363	97306690	14882	-0.0128
65261a78-78b6-4276-be43-f7e7ef91829d	12	97307660	117385464	13586	0.0111
65261a78-78b6-4276-be43-f7e7ef91829d	12	117386337	118350532	702	0.3144
65261a78-78b6-4276-be43-f7e7ef91829d	12	118353315	118357482	5	-0.7009
65261a78-78b6-4276-be43-f7e7ef91829d	12	118357855	121456103	1905	0.3
65261a78-78b6-4276-be43-f7e7ef91829d	12	121460241	123668415	862	0.0352
65261a78-78b6-4276-be43-f7e7ef91829d	12	123672215	123673404	6	0.7527
65261a78-78b6-4276-be43-f7e7ef91829d	12	123675474	126314999	1897	0.0481
65261a78-78b6-4276-be43-f7e7ef91829d	12	126316303	128551931	2029	-0.0293
65261a78-78b6-4276-be43-f7e7ef91829d	12	128558003	129392461	739	0.2691
65261a78-78b6-4276-be43-f7e7ef91829d	12	129392753	129393005	3	1.3064
65261a78-78b6-4276-be43-f7e7ef91829d	12	129394734	129455702	73	0.22
65261a78-78b6-4276-be43-f7e7ef91829d	12	129455753	129495348	37	0.4604
65261a78-78b6-4276-be43-f7e7ef91829d	12	129496121	130566000	928	-0.0786
65261a78-78b6-4276-be43-f7e7ef91829d	12	130566024	131635702	869	0.0364
65261a78-78b6-4276-be43-f7e7ef91829d	12	131636170	131657925	15	-0.4383
65261a78-78b6-4276-be43-f7e7ef91829d	12	131658450	132127961	201	0.0544
65261a78-78b6-4276-be43-f7e7ef91829d	12	132133262	133201603	357	-0.0466
65261a78-78b6-4276-be43-f7e7ef91829d	13	18452809	19777644	635	-0.3256
65261a78-78b6-4276-be43-f7e7ef91829d	13	19782801	31957984	8929	-0.4012
65261a78-78b6-4276-be43-f7e7ef91829d	13	31958485	31964286	18	-1.2302
65261a78-78b6-4276-be43-f7e7ef91829d	13	31965910	38478674	4614	-0.4043
65261a78-78b6-4276-be43-f7e7ef91829d	13	38483435	38483919	2	0.8618
65261a78-78b6-4276-be43-f7e7ef91829d	13	38490920	63532845	15581	-0.399
65261a78-78b6-4276-be43-f7e7ef91829d	13	63534155	63535303	2	-2.4403
65261a78-78b6-4276-be43-f7e7ef91829d	13	63540694	64267668	421	-0.4007
65261a78-78b6-4276-be43-f7e7ef91829d	13	64267692	64271695	2	-2.0442
65261a78-78b6-4276-be43-f7e7ef91829d	13	64273447	73161843	5729	-0.399
65261a78-78b6-4276-be43-f7e7ef91829d	13	73163614	81022841	5460	-0.4329
65261a78-78b6-4276-be43-f7e7ef91829d	13	81022957	82824486	1074	-0.3962
65261a78-78b6-4276-be43-f7e7ef91829d	13	82824566	82825367	3	-1.8017
65261a78-78b6-4276-be43-f7e7ef91829d	13	82825727	114342922	21647	-0.4119
65261a78-78b6-4276-be43-f7e7ef91829d	14	18239283	18415241	6	0.362
65261a78-78b6-4276-be43-f7e7ef91829d	14	18497148	21668597	1300	-0.3998
65261a78-78b6-4276-be43-f7e7ef91829d	14	21668616	22509792	730	-0.3006
65261a78-78b6-4276-be43-f7e7ef91829d	14	22514241	23906228	789	-0.3843
65261a78-78b6-4276-be43-f7e7ef91829d	14	23907120	23955933	43	0.3266
65261a78-78b6-4276-be43-f7e7ef91829d	14	23957397	23957515	3	-1.2355
65261a78-78b6-4276-be43-f7e7ef91829d	14	23975620	24658974	397	0.3268
65261a78-78b6-4276-be43-f7e7ef91829d	14	24668046	24867830	182	0.8355
65261a78-78b6-4276-be43-f7e7ef91829d	14	24868670	24891977	21	0.2489
65261a78-78b6-4276-be43-f7e7ef91829d	14	24893473	25327513	328	0.847
65261a78-78b6-4276-be43-f7e7ef91829d	14	25330683	25410264	22	-0.0146
65261a78-78b6-4276-be43-f7e7ef91829d	14	25413178	28563627	1979	-0.3975
65261a78-78b6-4276-be43-f7e7ef91829d	14	28564343	28564427	2	-1.7661
65261a78-78b6-4276-be43-f7e7ef91829d	14	28566081	29493640	508	-0.4337
65261a78-78b6-4276-be43-f7e7ef91829d	14	29495243	30373236	534	1.5474
65261a78-78b6-4276-be43-f7e7ef91829d	14	30373414	30846924	256	1.2123
65261a78-78b6-4276-be43-f7e7ef91829d	14	30847448	32394520	862	1.495
65261a78-78b6-4276-be43-f7e7ef91829d	14	32397046	32528982	104	1.977
65261a78-78b6-4276-be43-f7e7ef91829d	14	32531138	32660068	105	1.5048
65261a78-78b6-4276-be43-f7e7ef91829d	14	32661515	32677269	14	1.1404
65261a78-78b6-4276-be43-f7e7ef91829d	14	32678208	33569073	831	1.5612
65261a78-78b6-4276-be43-f7e7ef91829d	14	33570260	33573203	3	-1.4494
65261a78-78b6-4276-be43-f7e7ef91829d	14	33573490	34646882	764	1.5671
65261a78-78b6-4276-be43-f7e7ef91829d	14	34646917	34809441	75	1.2333
65261a78-78b6-4276-be43-f7e7ef91829d	14	34813037	35785693	463	1.609
65261a78-78b6-4276-be43-f7e7ef91829d	14	35787698	36022870	164	0.9063
65261a78-78b6-4276-be43-f7e7ef91829d	14	36025233	36673349	468	1.4957
65261a78-78b6-4276-be43-f7e7ef91829d	14	36676467	36954361	267	1.2555
65261a78-78b6-4276-be43-f7e7ef91829d	14	36954422	37039590	69	1.0597
65261a78-78b6-4276-be43-f7e7ef91829d	14	37042502	37050845	8	0.9013
65261a78-78b6-4276-be43-f7e7ef91829d	14	37053611	39786179	1555	0.0089
65261a78-78b6-4276-be43-f7e7ef91829d	14	39789608	42496163	1758	-0.4
65261a78-78b6-4276-be43-f7e7ef91829d	14	42496492	45761709	1800	-0.9696
65261a78-78b6-4276-be43-f7e7ef91829d	14	45761842	46274570	285	-0.3699
65261a78-78b6-4276-be43-f7e7ef91829d	14	46275002	47662262	871	-0.9905
65261a78-78b6-4276-be43-f7e7ef91829d	14	47667690	48384957	468	-0.3876
65261a78-78b6-4276-be43-f7e7ef91829d	14	48388081	48409319	16	0.793
65261a78-78b6-4276-be43-f7e7ef91829d	14	48412499	48429671	8	-0.2461
65261a78-78b6-4276-be43-f7e7ef91829d	14	48431275	48435928	6	0.9878
65261a78-78b6-4276-be43-f7e7ef91829d	14	48444296	48516062	41	-0.4001
65261a78-78b6-4276-be43-f7e7ef91829d	14	48518445	48595595	44	0.6317
65261a78-78b6-4276-be43-f7e7ef91829d	14	48598554	49716856	622	0.0138
65261a78-78b6-4276-be43-f7e7ef91829d	14	49719753	49861352	52	0.2425
65261a78-78b6-4276-be43-f7e7ef91829d	14	49871956	51819652	1301	0.0098
65261a78-78b6-4276-be43-f7e7ef91829d	14	51820459	62763370	7275	-0.4052
65261a78-78b6-4276-be43-f7e7ef91829d	14	62764065	78174208	9800	-0.3785
65261a78-78b6-4276-be43-f7e7ef91829d	14	78179394	86007089	5295	-0.4103
65261a78-78b6-4276-be43-f7e7ef91829d	14	86011212	105284934	12199	-1.011
65261a78-78b6-4276-be43-f7e7ef91829d	14	105289337	106340102	300	-0.7376
65261a78-78b6-4276-be43-f7e7ef91829d	14	106340305	106365807	10	-1.7476
65261a78-78b6-4276-be43-f7e7ef91829d	14	106369985	106388435	12	-0.6451
65261a78-78b6-4276-be43-f7e7ef91829d	14	106390205	106407604	9	-1.2109
65261a78-78b6-4276-be43-f7e7ef91829d	14	106407609	106487827	58	-0.5645
65261a78-78b6-4276-be43-f7e7ef91829d	14	106492557	106719325	119	-0.95
65261a78-78b6-4276-be43-f7e7ef91829d	14	106769689	106775945	5	-1.9687
65261a78-78b6-4276-be43-f7e7ef91829d	14	106776137	106877229	67	-0.8948
65261a78-78b6-4276-be43-f7e7ef91829d	15	19811075	20376311	95	0.2514
65261a78-78b6-4276-be43-f7e7ef91829d	15	20380735	22233262	89	0.5507
65261a78-78b6-4276-be43-f7e7ef91829d	15	22236614	22622986	36	0.2535
65261a78-78b6-4276-be43-f7e7ef91829d	15	22624663	27948191	3575	-0.1191
65261a78-78b6-4276-be43-f7e7ef91829d	15	27951891	27955262	3	-1.1313
65261a78-78b6-4276-be43-f7e7ef91829d	15	27955383	30231102	1042	-0.118
65261a78-78b6-4276-be43-f7e7ef91829d	15	30252720	30621384	27	0.3476
65261a78-78b6-4276-be43-f7e7ef91829d	15	30628421	33471271	1824	-0.1372
65261a78-78b6-4276-be43-f7e7ef91829d	15	33472411	33933279	457	-0.0386
65261a78-78b6-4276-be43-f7e7ef91829d	15	33934717	34453518	294	-0.1371
65261a78-78b6-4276-be43-f7e7ef91829d	15	34453577	34454261	2	-1.8958
65261a78-78b6-4276-be43-f7e7ef91829d	15	34455142	35632142	756	-0.1315
65261a78-78b6-4276-be43-f7e7ef91829d	15	35635036	37860117	1629	0.1049
65261a78-78b6-4276-be43-f7e7ef91829d	15	37863141	43952599	3463	-0.0736
65261a78-78b6-4276-be43-f7e7ef91829d	15	43955264	50090586	3655	-0.1324
65261a78-78b6-4276-be43-f7e7ef91829d	15	50093106	54163560	2704	-0.099
65261a78-78b6-4276-be43-f7e7ef91829d	15	54168874	62460142	5935	-0.1395
65261a78-78b6-4276-be43-f7e7ef91829d	15	62460767	76598900	8324	-0.0705
65261a78-78b6-4276-be43-f7e7ef91829d	15	76599170	76603434	21	0.5688
65261a78-78b6-4276-be43-f7e7ef91829d	15	76609838	76609900	3	0.051
65261a78-78b6-4276-be43-f7e7ef91829d	15	76609916	88355913	7504	-0.1141
65261a78-78b6-4276-be43-f7e7ef91829d	15	88356255	89219975	569	0.0934
65261a78-78b6-4276-be43-f7e7ef91829d	15	89220372	89915265	379	0.2508
65261a78-78b6-4276-be43-f7e7ef91829d	15	89916945	90193450	177	0.0747
65261a78-78b6-4276-be43-f7e7ef91829d	15	90194573	90235254	34	0.2498
65261a78-78b6-4276-be43-f7e7ef91829d	15	90236027	90277766	24	0.1237
65261a78-78b6-4276-be43-f7e7ef91829d	15	90283732	92641547	1938	-0.1043
65261a78-78b6-4276-be43-f7e7ef91829d	15	92642208	96209712	2815	-0.1461
65261a78-78b6-4276-be43-f7e7ef91829d	15	96210925	97622367	974	-0.1115
65261a78-78b6-4276-be43-f7e7ef91829d	15	97629769	98589061	767	0.3299
65261a78-78b6-4276-be43-f7e7ef91829d	15	98597342	98608172	7	0.4629
65261a78-78b6-4276-be43-f7e7ef91829d	15	98611432	98654662	21	0.703
65261a78-78b6-4276-be43-f7e7ef91829d	15	98655234	98690570	29	0.5059
65261a78-78b6-4276-be43-f7e7ef91829d	15	98693273	99629737	644	0.3338
65261a78-78b6-4276-be43-f7e7ef91829d	15	99631673	100510504	687	0.2175
65261a78-78b6-4276-be43-f7e7ef91829d	15	100510950	101928837	1039	-0.2058
65261a78-78b6-4276-be43-f7e7ef91829d	16	10777	618985	292	0.5156
65261a78-78b6-4276-be43-f7e7ef91829d	16	627854	2066979	453	0.6613
65261a78-78b6-4276-be43-f7e7ef91829d	16	2069067	2699084	164	0.4127
65261a78-78b6-4276-be43-f7e7ef91829d	16	2699529	5538082	1661	0.6295
65261a78-78b6-4276-be43-f7e7ef91829d	16	5538450	5558832	63	0.4428
65261a78-78b6-4276-be43-f7e7ef91829d	16	5559314	5779550	262	0.6264
65261a78-78b6-4276-be43-f7e7ef91829d	16	5780104	5782327	2	-0.8794
65261a78-78b6-4276-be43-f7e7ef91829d	16	5782945	6590693	951	0.6111
65261a78-78b6-4276-be43-f7e7ef91829d	16	6591013	7117885	688	0.5316
65261a78-78b6-4276-be43-f7e7ef91829d	16	7118375	7118504	2	1.9104
65261a78-78b6-4276-be43-f7e7ef91829d	16	7119429	7392292	340	0.5454
65261a78-78b6-4276-be43-f7e7ef91829d	16	7392410	14887120	6232	0.6183
65261a78-78b6-4276-be43-f7e7ef91829d	16	14895982	15022400	53	-0.1155
65261a78-78b6-4276-be43-f7e7ef91829d	16	15031584	16202055	581	0.5532
65261a78-78b6-4276-be43-f7e7ef91829d	16	16236633	16743769	44	0.2106
65261a78-78b6-4276-be43-f7e7ef91829d	16	16761504	18104860	971	0.554
65261a78-78b6-4276-be43-f7e7ef91829d	16	18134261	18148869	3	1.91
65261a78-78b6-4276-be43-f7e7ef91829d	16	18149179	18335528	10	0.6014
65261a78-78b6-4276-be43-f7e7ef91829d	16	18540265	18545889	3	1.8297
65261a78-78b6-4276-be43-f7e7ef91829d	16	18583078	21181876	1524	0.6083
65261a78-78b6-4276-be43-f7e7ef91829d	16	21182169	21731811	210	0.4965
65261a78-78b6-4276-be43-f7e7ef91829d	16	21735181	21775420	7	-0.067
65261a78-78b6-4276-be43-f7e7ef91829d	16	21776197	22566269	261	0.5411
65261a78-78b6-4276-be43-f7e7ef91829d	16	22566282	34209701	5289	0.5948
65261a78-78b6-4276-be43-f7e7ef91829d	16	35080991	35148716	43	0.0611
65261a78-78b6-4276-be43-f7e7ef91829d	16	35149660	35521195	225	-0.0554
65261a78-78b6-4276-be43-f7e7ef91829d	16	35522700	46463450	137	0.1272
65261a78-78b6-4276-be43-f7e7ef91829d	16	46469294	46750077	113	-0.3606
65261a78-78b6-4276-be43-f7e7ef91829d	16	46750271	53278584	4228	0.0392
65261a78-78b6-4276-be43-f7e7ef91829d	16	53280061	53294067	17	-0.3487
65261a78-78b6-4276-be43-f7e7ef91829d	16	53299657	55089541	1476	0.0557
65261a78-78b6-4276-be43-f7e7ef91829d	16	55090612	55211887	131	0.3682
65261a78-78b6-4276-be43-f7e7ef91829d	16	55212120	55762598	495	0.0489
65261a78-78b6-4276-be43-f7e7ef91829d	16	55762663	55782734	16	-0.4472
65261a78-78b6-4276-be43-f7e7ef91829d	16	55782793	57722357	1174	0.0698
65261a78-78b6-4276-be43-f7e7ef91829d	16	57722731	58830247	660	-0.342
65261a78-78b6-4276-be43-f7e7ef91829d	16	58830410	66235233	5134	-0.3839
65261a78-78b6-4276-be43-f7e7ef91829d	16	66235992	69933279	1739	-0.3145
65261a78-78b6-4276-be43-f7e7ef91829d	16	69934298	69943532	11	-0.8737
65261a78-78b6-4276-be43-f7e7ef91829d	16	69954483	70006481	5	0.1029
65261a78-78b6-4276-be43-f7e7ef91829d	16	70015893	70179141	46	-0.8889
65261a78-78b6-4276-be43-f7e7ef91829d	16	70200633	70247875	18	-0.1672
65261a78-78b6-4276-be43-f7e7ef91829d	16	70252647	86050276	13385	-1.0429
65261a78-78b6-4276-be43-f7e7ef91829d	16	86050420	86052386	4	-3.7719
65261a78-78b6-4276-be43-f7e7ef91829d	16	86052527	87125839	1177	-1.0334
65261a78-78b6-4276-be43-f7e7ef91829d	16	87126360	87127348	3	-4.3283
65261a78-78b6-4276-be43-f7e7ef91829d	16	87130713	87736452	403	-0.9897
65261a78-78b6-4276-be43-f7e7ef91829d	16	87740187	88459876	347	0.0865
65261a78-78b6-4276-be43-f7e7ef91829d	16	88469691	89294432	275	-0.0355
65261a78-78b6-4276-be43-f7e7ef91829d	16	89295205	89529698	140	-1.0008
65261a78-78b6-4276-be43-f7e7ef91829d	16	89531318	90096867	259	-0.0245
65261a78-78b6-4276-be43-f7e7ef91829d	17	150733	351669	117	-0.4527
65261a78-78b6-4276-be43-f7e7ef91829d	17	353102	354968	2	-2.0356
65261a78-78b6-4276-be43-f7e7ef91829d	17	355168	13421469	8132	-0.3676
65261a78-78b6-4276-be43-f7e7ef91829d	17	13421544	15870594	1816	-0.4256
65261a78-78b6-4276-be43-f7e7ef91829d	17	15870840	18414080	1324	-0.351
65261a78-78b6-4276-be43-f7e7ef91829d	17	18452078	18550123	25	0.3915
65261a78-78b6-4276-be43-f7e7ef91829d	17	18561272	18606845	10	0.0435
65261a78-78b6-4276-be43-f7e7ef91829d	17	18626375	19100750	161	-0.3579
65261a78-78b6-4276-be43-f7e7ef91829d	17	19126843	19190137	2	-1.9732
65261a78-78b6-4276-be43-f7e7ef91829d	17	19245973	21380227	982	-0.3436
65261a78-78b6-4276-be43-f7e7ef91829d	17	21381827	22227516	126	-0.9633
65261a78-78b6-4276-be43-f7e7ef91829d	17	22229296	22736323	196	-0.3254
65261a78-78b6-4276-be43-f7e7ef91829d	17	26943491	27049380	37	0.3232
65261a78-78b6-4276-be43-f7e7ef91829d	17	27055912	28991843	949	0.4691
65261a78-78b6-4276-be43-f7e7ef91829d	17	28992152	30364082	616	0.3287
65261a78-78b6-4276-be43-f7e7ef91829d	17	30366294	30891673	207	0.7315
65261a78-78b6-4276-be43-f7e7ef91829d	17	30896988	31846945	470	0.378
65261a78-78b6-4276-be43-f7e7ef91829d	17	31848205	32558547	331	0.3548
65261a78-78b6-4276-be43-f7e7ef91829d	17	32558950	33643646	921	0.0381
65261a78-78b6-4276-be43-f7e7ef91829d	17	33645988	34617146	922	-0.0543
65261a78-78b6-4276-be43-f7e7ef91829d	17	34620083	34691521	49	0.0904
65261a78-78b6-4276-be43-f7e7ef91829d	17	34691613	35232216	342	0.2541
65261a78-78b6-4276-be43-f7e7ef91829d	17	35235445	35235857	2	-0.9672
65261a78-78b6-4276-be43-f7e7ef91829d	17	35236690	35406653	88	0.2202
65261a78-78b6-4276-be43-f7e7ef91829d	17	35406748	36654519	618	0.3815
65261a78-78b6-4276-be43-f7e7ef91829d	17	36660668	36706680	42	1.3015
65261a78-78b6-4276-be43-f7e7ef91829d	17	36709448	36886034	155	0.0635
65261a78-78b6-4276-be43-f7e7ef91829d	17	36886113	41265456	2166	0.3178
65261a78-78b6-4276-be43-f7e7ef91829d	17	41266762	41276472	25	0.9015
65261a78-78b6-4276-be43-f7e7ef91829d	17	41276588	42319962	615	0.3378
65261a78-78b6-4276-be43-f7e7ef91829d	17	42321668	43322294	480	0.018
65261a78-78b6-4276-be43-f7e7ef91829d	17	43338154	45571174	1059	0.3155
65261a78-78b6-4276-be43-f7e7ef91829d	17	45577724	45581105	6	-0.2259
65261a78-78b6-4276-be43-f7e7ef91829d	17	45582060	45949749	232	0.2517
65261a78-78b6-4276-be43-f7e7ef91829d	17	45955402	46286804	229	0.1157
65261a78-78b6-4276-be43-f7e7ef91829d	17	46323701	46446360	4	0.967
65261a78-78b6-4276-be43-f7e7ef91829d	17	46569894	47225203	276	0.3181
65261a78-78b6-4276-be43-f7e7ef91829d	17	47225320	47753576	245	0.5545
65261a78-78b6-4276-be43-f7e7ef91829d	17	47753582	49859954	1103	0.3139
65261a78-78b6-4276-be43-f7e7ef91829d	17	49861110	49864510	3	-0.9445
65261a78-78b6-4276-be43-f7e7ef91829d	17	49865012	49901622	25	0.3305
65261a78-78b6-4276-be43-f7e7ef91829d	17	49903449	49953675	28	0.6603
65261a78-78b6-4276-be43-f7e7ef91829d	17	49954036	50179793	128	0.3214
65261a78-78b6-4276-be43-f7e7ef91829d	17	50179887	53614723	2250	0.5375
65261a78-78b6-4276-be43-f7e7ef91829d	17	53619928	53866390	162	0.2879
65261a78-78b6-4276-be43-f7e7ef91829d	17	53868605	60176880	4086	0.5552
65261a78-78b6-4276-be43-f7e7ef91829d	17	60181043	61285284	556	0.2758
65261a78-78b6-4276-be43-f7e7ef91829d	17	61285437	61534680	156	0.3689
65261a78-78b6-4276-be43-f7e7ef91829d	17	61536634	61550516	6	0.1336
65261a78-78b6-4276-be43-f7e7ef91829d	17	61555000	64816408	1503	0.5347
65261a78-78b6-4276-be43-f7e7ef91829d	17	64843932	68469002	2241	0.314
65261a78-78b6-4276-be43-f7e7ef91829d	17	68473049	79378329	7188	0.5555
65261a78-78b6-4276-be43-f7e7ef91829d	17	79379569	82214473	1188	0.3588
65261a78-78b6-4276-be43-f7e7ef91829d	17	82215270	82951281	360	0.5745
65261a78-78b6-4276-be43-f7e7ef91829d	17	82955029	83091923	65	0.4305
65261a78-78b6-4276-be43-f7e7ef91829d	18	48133	4978906	3530	-0.4451
65261a78-78b6-4276-be43-f7e7ef91829d	18	4979613	4980178	5	0.6734
65261a78-78b6-4276-be43-f7e7ef91829d	18	4985483	6613586	1152	-0.4743
65261a78-78b6-4276-be43-f7e7ef91829d	18	6615143	15098542	5646	-0.4101
65261a78-78b6-4276-be43-f7e7ef91829d	18	15099163	30816602	6048	0.067
65261a78-78b6-4276-be43-f7e7ef91829d	18	30818455	30818855	4	0.8432
65261a78-78b6-4276-be43-f7e7ef91829d	18	30819458	32058699	843	0.0605
65261a78-78b6-4276-be43-f7e7ef91829d	18	32069992	32099712	40	0.4728
65261a78-78b6-4276-be43-f7e7ef91829d	18	32099959	37778931	3633	0.0668
65261a78-78b6-4276-be43-f7e7ef91829d	18	37779620	37779907	2	1.0523
65261a78-78b6-4276-be43-f7e7ef91829d	18	37782789	40680470	1878	0.0545
65261a78-78b6-4276-be43-f7e7ef91829d	18	40680484	40680851	8	0.6472
65261a78-78b6-4276-be43-f7e7ef91829d	18	40680859	45196763	2936	0.0401
65261a78-78b6-4276-be43-f7e7ef91829d	18	45196803	48919256	2642	0.0801
65261a78-78b6-4276-be43-f7e7ef91829d	18	48920219	57038601	5425	0.049
65261a78-78b6-4276-be43-f7e7ef91829d	18	57043223	67149023	7238	0.077
65261a78-78b6-4276-be43-f7e7ef91829d	18	67152832	69076108	1489	0.0514
65261a78-78b6-4276-be43-f7e7ef91829d	18	69078869	69086056	37	-0.5238
65261a78-78b6-4276-be43-f7e7ef91829d	18	69086089	79359344	7747	0.0788
65261a78-78b6-4276-be43-f7e7ef91829d	18	79362321	80252853	424	0.0026
65261a78-78b6-4276-be43-f7e7ef91829d	18	80256253	80257174	4	-0.2709
65261a78-78b6-4276-be43-f7e7ef91829d	19	90910	8270055	2915	-0.3273
65261a78-78b6-4276-be43-f7e7ef91829d	19	8285313	8691978	167	-0.1424
65261a78-78b6-4276-be43-f7e7ef91829d	19	8692676	22749439	7164	-0.323
65261a78-78b6-4276-be43-f7e7ef91829d	19	22752598	29721754	2540	0.0354
65261a78-78b6-4276-be43-f7e7ef91829d	19	29724454	29726243	3	-0.9121
65261a78-78b6-4276-be43-f7e7ef91829d	19	29731673	33160549	2429	0.0386
65261a78-78b6-4276-be43-f7e7ef91829d	19	33161341	33161450	3	-1.2969
65261a78-78b6-4276-be43-f7e7ef91829d	19	33163599	40839253	4265	0.0467
65261a78-78b6-4276-be43-f7e7ef91829d	19	40845091	40869877	23	-0.9869
65261a78-78b6-4276-be43-f7e7ef91829d	19	40870114	42786621	895	0.047
65261a78-78b6-4276-be43-f7e7ef91829d	19	42790238	43037267	113	-0.9793
65261a78-78b6-4276-be43-f7e7ef91829d	19	43038679	43190778	65	0.0316
65261a78-78b6-4276-be43-f7e7ef91829d	19	43193181	43209582	8	0.7126
65261a78-78b6-4276-be43-f7e7ef91829d	19	43211877	44623056	939	0.0537
65261a78-78b6-4276-be43-f7e7ef91829d	19	44624135	46840714	918	0.1707
65261a78-78b6-4276-be43-f7e7ef91829d	19	46841269	47582599	290	0.0638
65261a78-78b6-4276-be43-f7e7ef91829d	19	47583390	50491079	1326	0.1544
65261a78-78b6-4276-be43-f7e7ef91829d	19	50491167	50526345	9	-0.1508
65261a78-78b6-4276-be43-f7e7ef91829d	19	50530624	54801157	2718	0.4435
65261a78-78b6-4276-be43-f7e7ef91829d	19	54801545	54802362	2	-1.1103
65261a78-78b6-4276-be43-f7e7ef91829d	19	54802832	55770704	463	0.476
65261a78-78b6-4276-be43-f7e7ef91829d	19	55771003	55771701	4	-0.4452
65261a78-78b6-4276-be43-f7e7ef91829d	19	55774927	58529234	1818	0.4573
65261a78-78b6-4276-be43-f7e7ef91829d	19	58530026	58586487	21	0.2205
65261a78-78b6-4276-be43-f7e7ef91829d	20	80664	84916	18	-0.3804
65261a78-78b6-4276-be43-f7e7ef91829d	20	88642	1580156	1174	-1.0004
65261a78-78b6-4276-be43-f7e7ef91829d	20	1580276	1617460	46	-0.0903
65261a78-78b6-4276-be43-f7e7ef91829d	20	1617690	4056980	1674	-0.964
65261a78-78b6-4276-be43-f7e7ef91829d	20	4057533	4129592	68	-1.4043
65261a78-78b6-4276-be43-f7e7ef91829d	20	4130288	5781088	1241	-1.0136
65261a78-78b6-4276-be43-f7e7ef91829d	20	5782370	5797760	13	-0.7577
65261a78-78b6-4276-be43-f7e7ef91829d	20	5799674	5845431	38	-0.4624
65261a78-78b6-4276-be43-f7e7ef91829d	20	5846415	5872839	23	-0.957
65261a78-78b6-4276-be43-f7e7ef91829d	20	5877173	5900562	27	-0.563
65261a78-78b6-4276-be43-f7e7ef91829d	20	5900762	6147576	192	-0.9965
65261a78-78b6-4276-be43-f7e7ef91829d	20	6151890	6198661	35	-0.4029
65261a78-78b6-4276-be43-f7e7ef91829d	20	6199442	6889192	558	-0.9821
65261a78-78b6-4276-be43-f7e7ef91829d	20	6889544	6928222	29	-0.5111
65261a78-78b6-4276-be43-f7e7ef91829d	20	6928845	7069503	120	-1.0279
65261a78-78b6-4276-be43-f7e7ef91829d	20	7071810	7241727	108	-0.4331
65261a78-78b6-4276-be43-f7e7ef91829d	20	7244890	8439171	938	-1.0131
65261a78-78b6-4276-be43-f7e7ef91829d	20	8442443	8459635	13	-0.457
65261a78-78b6-4276-be43-f7e7ef91829d	20	8459863	8477153	12	0.0363
65261a78-78b6-4276-be43-f7e7ef91829d	20	8477253	8507440	17	-0.8356
65261a78-78b6-4276-be43-f7e7ef91829d	20	8508513	10465893	1676	-0.0183
65261a78-78b6-4276-be43-f7e7ef91829d	20	10469958	11694546	954	0.5351
65261a78-78b6-4276-be43-f7e7ef91829d	20	11701517	12403996	488	0.3038
65261a78-78b6-4276-be43-f7e7ef91829d	20	12404147	13175247	701	-0.0132
65261a78-78b6-4276-be43-f7e7ef91829d	20	13182536	13650338	313	0.8462
65261a78-78b6-4276-be43-f7e7ef91829d	20	13650368	13784777	79	1.0179
65261a78-78b6-4276-be43-f7e7ef91829d	20	13785661	14027057	120	0.8809
65261a78-78b6-4276-be43-f7e7ef91829d	20	14040812	14322229	145	0.0073
65261a78-78b6-4276-be43-f7e7ef91829d	20	14323868	14386224	36	0.2186
65261a78-78b6-4276-be43-f7e7ef91829d	20	14391118	14701217	194	0.0377
65261a78-78b6-4276-be43-f7e7ef91829d	20	14705203	17406995	2556	-0.354
65261a78-78b6-4276-be43-f7e7ef91829d	20	17409120	17484568	81	0.3046
65261a78-78b6-4276-be43-f7e7ef91829d	20	17485267	17573822	66	-0.2649
65261a78-78b6-4276-be43-f7e7ef91829d	20	17574475	17588326	13	-1.0529
65261a78-78b6-4276-be43-f7e7ef91829d	20	17597418	17656576	42	0.0465
65261a78-78b6-4276-be43-f7e7ef91829d	20	17660571	17838991	164	-1.0278
65261a78-78b6-4276-be43-f7e7ef91829d	20	17843794	17913074	54	-0.3655
65261a78-78b6-4276-be43-f7e7ef91829d	20	17913493	17934902	18	-1.072
65261a78-78b6-4276-be43-f7e7ef91829d	20	17935931	17952867	16	-0.3658
65261a78-78b6-4276-be43-f7e7ef91829d	20	17956305	18050837	57	-1.0077
65261a78-78b6-4276-be43-f7e7ef91829d	20	18052563	19852793	1460	-0.3839
65261a78-78b6-4276-be43-f7e7ef91829d	20	19855573	20313429	410	-0.9812
65261a78-78b6-4276-be43-f7e7ef91829d	20	20314483	22057247	1064	-0.3694
65261a78-78b6-4276-be43-f7e7ef91829d	20	22059230	22374600	259	-0.8591
65261a78-78b6-4276-be43-f7e7ef91829d	20	22380403	25049140	2114	-0.3723
65261a78-78b6-4276-be43-f7e7ef91829d	20	25050668	34232531	2091	0.0101
65261a78-78b6-4276-be43-f7e7ef91829d	20	34244169	35252136	453	0.8579
65261a78-78b6-4276-be43-f7e7ef91829d	20	35255776	35918225	313	0.7177
65261a78-78b6-4276-be43-f7e7ef91829d	20	35918782	36943662	430	0.8685
65261a78-78b6-4276-be43-f7e7ef91829d	20	36944613	37094427	177	1.2836
65261a78-78b6-4276-be43-f7e7ef91829d	20	37097999	37661734	324	1.5102
65261a78-78b6-4276-be43-f7e7ef91829d	20	37669140	37695804	43	1.312
65261a78-78b6-4276-be43-f7e7ef91829d	20	37697005	37697413	3	0.3124
65261a78-78b6-4276-be43-f7e7ef91829d	20	37697445	37745772	25	1.462
65261a78-78b6-4276-be43-f7e7ef91829d	20	37746669	37986191	161	1.1349
65261a78-78b6-4276-be43-f7e7ef91829d	20	37986780	38329435	197	0.8944
65261a78-78b6-4276-be43-f7e7ef91829d	20	38331343	38512353	145	0.6964
65261a78-78b6-4276-be43-f7e7ef91829d	20	38513160	38897999	223	0.378
65261a78-78b6-4276-be43-f7e7ef91829d	20	38901210	39195630	172	-0.0077
65261a78-78b6-4276-be43-f7e7ef91829d	20	39198536	39573955	276	1.2616
65261a78-78b6-4276-be43-f7e7ef91829d	20	39575706	39970437	321	1.1108
65261a78-78b6-4276-be43-f7e7ef91829d	20	39973967	40416364	323	0.4691
65261a78-78b6-4276-be43-f7e7ef91829d	20	40418676	40800213	311	0.6821
65261a78-78b6-4276-be43-f7e7ef91829d	20	40800472	41237899	245	0.3697
65261a78-78b6-4276-be43-f7e7ef91829d	20	41240332	41247964	4	1.2482
65261a78-78b6-4276-be43-f7e7ef91829d	20	41254300	42053355	550	0.3801
65261a78-78b6-4276-be43-f7e7ef91829d	20	42055290	42061214	8	0.8408
65261a78-78b6-4276-be43-f7e7ef91829d	20	42062131	42378288	299	1.443
65261a78-78b6-4276-be43-f7e7ef91829d	20	42378989	42398477	17	1.1163
65261a78-78b6-4276-be43-f7e7ef91829d	20	42398888	42550218	134	1.3699
65261a78-78b6-4276-be43-f7e7ef91829d	20	42550476	42634781	100	1.1853
65261a78-78b6-4276-be43-f7e7ef91829d	20	42636668	42639483	6	0.4207
65261a78-78b6-4276-be43-f7e7ef91829d	20	42639694	42861526	250	1.2494
65261a78-78b6-4276-be43-f7e7ef91829d	20	42861932	43683215	557	1.5419
65261a78-78b6-4276-be43-f7e7ef91829d	20	43685628	43696620	8	0.8657
65261a78-78b6-4276-be43-f7e7ef91829d	20	43699582	43812761	68	1.4425
65261a78-78b6-4276-be43-f7e7ef91829d	20	43822149	44003043	138	0.8101
65261a78-78b6-4276-be43-f7e7ef91829d	20	44003061	45027808	658	1.093
65261a78-78b6-4276-be43-f7e7ef91829d	20	45032454	47102570	1492	0.2261
65261a78-78b6-4276-be43-f7e7ef91829d	20	47103140	47608081	302	0.1334
65261a78-78b6-4276-be43-f7e7ef91829d	20	47611121	48849144	949	0.2197
65261a78-78b6-4276-be43-f7e7ef91829d	20	48852277	48925063	63	0.4427
65261a78-78b6-4276-be43-f7e7ef91829d	20	48925852	49608219	405	0.1625
65261a78-78b6-4276-be43-f7e7ef91829d	20	49618223	49867086	160	1.2836
65261a78-78b6-4276-be43-f7e7ef91829d	20	49877834	49955136	41	1.6119
65261a78-78b6-4276-be43-f7e7ef91829d	20	49957579	50115885	58	1.2433
65261a78-78b6-4276-be43-f7e7ef91829d	20	50116773	50377732	164	1.0747
65261a78-78b6-4276-be43-f7e7ef91829d	20	50379182	50557587	197	1.7304
65261a78-78b6-4276-be43-f7e7ef91829d	20	50557971	50558065	4	0.3626
65261a78-78b6-4276-be43-f7e7ef91829d	20	50558183	50840732	162	1.7285
65261a78-78b6-4276-be43-f7e7ef91829d	20	50843836	51006045	114	0.8527
65261a78-78b6-4276-be43-f7e7ef91829d	20	51006224	51068878	37	1.3968
65261a78-78b6-4276-be43-f7e7ef91829d	20	51069424	51092037	16	1.7306
65261a78-78b6-4276-be43-f7e7ef91829d	20	51092837	51140869	49	1.3307
65261a78-78b6-4276-be43-f7e7ef91829d	20	51143362	51144380	6	1.0041
65261a78-78b6-4276-be43-f7e7ef91829d	20	51144597	51176644	36	1.2968
65261a78-78b6-4276-be43-f7e7ef91829d	20	51179246	51217029	24	0.9889
65261a78-78b6-4276-be43-f7e7ef91829d	20	51218611	51303370	69	1.1686
65261a78-78b6-4276-be43-f7e7ef91829d	20	51305688	51334994	27	0.9361
65261a78-78b6-4276-be43-f7e7ef91829d	20	51344680	51370626	17	1.6102
65261a78-78b6-4276-be43-f7e7ef91829d	20	51370767	51503795	103	1.9072
65261a78-78b6-4276-be43-f7e7ef91829d	20	51504981	52094863	434	2.153
65261a78-78b6-4276-be43-f7e7ef91829d	20	52096100	52118826	16	1.46
65261a78-78b6-4276-be43-f7e7ef91829d	20	52120996	52439907	201	1.1901
65261a78-78b6-4276-be43-f7e7ef91829d	20	52449138	52746469	231	0.868
65261a78-78b6-4276-be43-f7e7ef91829d	20	52747442	52869050	96	1.5823
65261a78-78b6-4276-be43-f7e7ef91829d	20	52869973	53166147	248	1.9432
65261a78-78b6-4276-be43-f7e7ef91829d	20	53167661	53561351	308	2.2764
65261a78-78b6-4276-be43-f7e7ef91829d	20	53562700	54037717	374	2.0201
65261a78-78b6-4276-be43-f7e7ef91829d	20	54037898	54038105	4	0.7154
65261a78-78b6-4276-be43-f7e7ef91829d	20	54041178	54065071	45	1.8786
65261a78-78b6-4276-be43-f7e7ef91829d	20	54065291	54069285	9	0.931
65261a78-78b6-4276-be43-f7e7ef91829d	20	54070192	54251559	172	1.9572
65261a78-78b6-4276-be43-f7e7ef91829d	20	54251574	54414468	124	1.6932
65261a78-78b6-4276-be43-f7e7ef91829d	20	54414645	54719462	244	1.8798
65261a78-78b6-4276-be43-f7e7ef91829d	20	54720578	55492803	620	1.6522
65261a78-78b6-4276-be43-f7e7ef91829d	20	55493641	55606804	72	1.4281
65261a78-78b6-4276-be43-f7e7ef91829d	20	55607106	56401897	685	-0.3929
65261a78-78b6-4276-be43-f7e7ef91829d	20	56408717	56547669	89	0.993
65261a78-78b6-4276-be43-f7e7ef91829d	20	56551410	56877676	251	0.4407
65261a78-78b6-4276-be43-f7e7ef91829d	20	56878125	56878632	2	1.2897
65261a78-78b6-4276-be43-f7e7ef91829d	20	56878723	56922490	52	0.4188
65261a78-78b6-4276-be43-f7e7ef91829d	20	56924954	57029753	112	0.744
65261a78-78b6-4276-be43-f7e7ef91829d	20	57029793	57038156	12	1.0614
65261a78-78b6-4276-be43-f7e7ef91829d	20	57038942	57053498	20	0.6866
65261a78-78b6-4276-be43-f7e7ef91829d	20	57058289	57461232	299	0.4821
65261a78-78b6-4276-be43-f7e7ef91829d	20	57462639	57785486	242	1.1437
65261a78-78b6-4276-be43-f7e7ef91829d	20	57786511	58148814	316	1.4658
65261a78-78b6-4276-be43-f7e7ef91829d	20	58150004	58295280	113	1.1886
65261a78-78b6-4276-be43-f7e7ef91829d	20	58296032	59573058	955	0.9868
65261a78-78b6-4276-be43-f7e7ef91829d	20	59580341	62275054	2208	-0.3561
65261a78-78b6-4276-be43-f7e7ef91829d	20	62280406	62479907	75	0.5523
65261a78-78b6-4276-be43-f7e7ef91829d	20	62483744	62876389	179	0.9526
65261a78-78b6-4276-be43-f7e7ef91829d	20	62883022	63138899	116	0.7706
65261a78-78b6-4276-be43-f7e7ef91829d	20	63141749	63798885	233	0.941
65261a78-78b6-4276-be43-f7e7ef91829d	20	63817967	64089652	85	0.5468
65261a78-78b6-4276-be43-f7e7ef91829d	20	64096137	64096562	5	1.4506
65261a78-78b6-4276-be43-f7e7ef91829d	20	64097714	64131065	15	0.4904
65261a78-78b6-4276-be43-f7e7ef91829d	20	64138679	64284715	102	-0.046
65261a78-78b6-4276-be43-f7e7ef91829d	20	64323342	64324800	5	-0.7543
65261a78-78b6-4276-be43-f7e7ef91829d	21	10354168	12992210	89	-0.2795
65261a78-78b6-4276-be43-f7e7ef91829d	21	12996806	13555978	164	-0.1181
65261a78-78b6-4276-be43-f7e7ef91829d	21	13556759	13850551	39	-0.2266
65261a78-78b6-4276-be43-f7e7ef91829d	21	13883107	13883478	2	-1.2998
65261a78-78b6-4276-be43-f7e7ef91829d	21	13913132	16740643	1927	-0.2571
65261a78-78b6-4276-be43-f7e7ef91829d	21	16740769	16741468	3	-1.6047
65261a78-78b6-4276-be43-f7e7ef91829d	21	16742039	20182141	2422	-0.2443
65261a78-78b6-4276-be43-f7e7ef91829d	21	20183001	20184251	4	-1.1048
65261a78-78b6-4276-be43-f7e7ef91829d	21	20185133	22278814	1653	-0.2348
65261a78-78b6-4276-be43-f7e7ef91829d	21	22283580	22292338	9	-5.1875
65261a78-78b6-4276-be43-f7e7ef91829d	21	22294679	31314321	6730	-0.2494
65261a78-78b6-4276-be43-f7e7ef91829d	21	31314514	45233089	9986	-0.2022
65261a78-78b6-4276-be43-f7e7ef91829d	21	45234802	45632382	219	-0.3225
65261a78-78b6-4276-be43-f7e7ef91829d	21	45632577	46307919	361	-0.1372
65261a78-78b6-4276-be43-f7e7ef91829d	21	46313849	46677045	251	-0.2837
65261a78-78b6-4276-be43-f7e7ef91829d	22	15294547	22027436	2978	-0.3871
65261a78-78b6-4276-be43-f7e7ef91829d	22	22027710	22027946	6	1.1193
65261a78-78b6-4276-be43-f7e7ef91829d	22	22032036	22132159	161	-0.3508
65261a78-78b6-4276-be43-f7e7ef91829d	22	22132342	22132397	2	-1.7212
65261a78-78b6-4276-be43-f7e7ef91829d	22	22133024	22148876	45	-0.328
65261a78-78b6-4276-be43-f7e7ef91829d	22	22148948	22149652	7	0.8709
65261a78-78b6-4276-be43-f7e7ef91829d	22	22150117	29472866	5511	-0.37
65261a78-78b6-4276-be43-f7e7ef91829d	22	29473201	29487265	15	0.1251
65261a78-78b6-4276-be43-f7e7ef91829d	22	29487415	36261862	4928	-0.3527
65261a78-78b6-4276-be43-f7e7ef91829d	22	36262488	36320876	51	-0.5857
65261a78-78b6-4276-be43-f7e7ef91829d	22	36323118	38894915	1479	-0.3276
65261a78-78b6-4276-be43-f7e7ef91829d	22	38899250	38900899	3	-2.0563
65261a78-78b6-4276-be43-f7e7ef91829d	22	38903109	48930387	6873	-0.3424
65261a78-78b6-4276-be43-f7e7ef91829d	22	48933821	50528485	1048	-0.4635
65261a78-78b6-4276-be43-f7e7ef91829d	22	50528603	50534687	6	-1.485
65261a78-78b6-4276-be43-f7e7ef91829d	22	50535325	50586408	35	-0.5086
65261a78-78b6-4276-be43-f7e7ef91829d	22	50587778	50796027	108	-0.3765
65261a78-78b6-4276-be43-f7e7ef91829d	X	251810	721424	73	-0.0766
65261a78-78b6-4276-be43-f7e7ef91829d	X	721514	722126	3	1.0424
65261a78-78b6-4276-be43-f7e7ef91829d	X	728811	55674826	32033	0.0137
65261a78-78b6-4276-be43-f7e7ef91829d	X	55676226	55681123	3	-1.4395
65261a78-78b6-4276-be43-f7e7ef91829d	X	55681253	90896009	14800	-0.0037
65261a78-78b6-4276-be43-f7e7ef91829d	X	90905097	90905576	2	-1.2361
65261a78-78b6-4276-be43-f7e7ef91829d	X	90908102	96986583	3199	-0.0002
65261a78-78b6-4276-be43-f7e7ef91829d	X	96989687	96989713	2	1.2619
65261a78-78b6-4276-be43-f7e7ef91829d	X	96990407	115720965	9963	-0.0002
65261a78-78b6-4276-be43-f7e7ef91829d	X	115891389	118023470	1360	0.443
65261a78-78b6-4276-be43-f7e7ef91829d	X	118023866	118912192	535	0.0127
65261a78-78b6-4276-be43-f7e7ef91829d	X	118912575	118912809	2	1.0037
65261a78-78b6-4276-be43-f7e7ef91829d	X	118916909	126328789	4354	-0.0004
65261a78-78b6-4276-be43-f7e7ef91829d	X	126330887	126330930	2	1.4109
65261a78-78b6-4276-be43-f7e7ef91829d	X	126332640	140030431	7639	0.0047
65261a78-78b6-4276-be43-f7e7ef91829d	X	140032291	140032564	2	-1.3124
65261a78-78b6-4276-be43-f7e7ef91829d	X	140033410	151124426	7333	0.0033
65261a78-78b6-4276-be43-f7e7ef91829d	X	151125462	151126987	2	1.4649
65261a78-78b6-4276-be43-f7e7ef91829d	X	151128083	153434224	1437	-0.002
65261a78-78b6-4276-be43-f7e7ef91829d	X	153434261	154065469	277	0.0974
65261a78-78b6-4276-be43-f7e7ef91829d	X	154069278	155952689	649	0.0079
65261a78-78b6-4276-be43-f7e7ef91829d	Y	2782397	3729101	258	-0.9174
65261a78-78b6-4276-be43-f7e7ef91829d	Y	3737725	3928868	40	-0.7542
65261a78-78b6-4276-be43-f7e7ef91829d	Y	3929736	3934361	3	0.597
65261a78-78b6-4276-be43-f7e7ef91829d	Y	3934623	6233339	481	-0.7772
65261a78-78b6-4276-be43-f7e7ef91829d	Y	6233355	56872112	5856	-0.9795
