GDC_Aliquot	Chromosome	Start	End	Num_Probes	Segment_Mean
05295d21-726a-49b8-b2f1-077f20fa6f15	1	62920	668210	21	-0.6645
05295d21-726a-49b8-b2f1-077f20fa6f15	1	771719	16877002	8683	0.0182
05295d21-726a-49b8-b2f1-077f20fa6f15	1	16883108	16898475	9	0.6342
05295d21-726a-49b8-b2f1-077f20fa6f15	1	16898730	16909775	11	0.0852
05295d21-726a-49b8-b2f1-077f20fa6f15	1	16912972	16935752	31	0.6128
05295d21-726a-49b8-b2f1-077f20fa6f15	1	16949746	25256352	5258	0.0153
05295d21-726a-49b8-b2f1-077f20fa6f15	1	25256800	25320455	26	0.4975
05295d21-726a-49b8-b2f1-077f20fa6f15	1	25336819	58368937	19079	0.0169
05295d21-726a-49b8-b2f1-077f20fa6f15	1	58369290	58372378	3	-2.693
05295d21-726a-49b8-b2f1-077f20fa6f15	1	58372499	61971271	2594	0.0256
05295d21-726a-49b8-b2f1-077f20fa6f15	1	61973559	61984863	37	-0.6484
05295d21-726a-49b8-b2f1-077f20fa6f15	1	61989000	103560608	27061	0.0163
05295d21-726a-49b8-b2f1-077f20fa6f15	1	103566616	103616762	27	0.5982
05295d21-726a-49b8-b2f1-077f20fa6f15	1	103620877	105470754	924	-0.0105
05295d21-726a-49b8-b2f1-077f20fa6f15	1	105476583	105479753	17	-1.4756
05295d21-726a-49b8-b2f1-077f20fa6f15	1	105481433	109684893	2636	0.0125
05295d21-726a-49b8-b2f1-077f20fa6f15	1	109690352	109697556	13	0.7459
05295d21-726a-49b8-b2f1-077f20fa6f15	1	109702376	110811880	814	0.0027
05295d21-726a-49b8-b2f1-077f20fa6f15	1	110817113	110817313	5	-0.8838
05295d21-726a-49b8-b2f1-077f20fa6f15	1	110817923	110831471	12	0.1023
05295d21-726a-49b8-b2f1-077f20fa6f15	1	110832944	110845562	41	-0.7011
05295d21-726a-49b8-b2f1-077f20fa6f15	1	110845604	112147704	1075	0.0086
05295d21-726a-49b8-b2f1-077f20fa6f15	1	112153343	112154768	25	0.5258
05295d21-726a-49b8-b2f1-077f20fa6f15	1	112163334	152583051	7603	0.0207
05295d21-726a-49b8-b2f1-077f20fa6f15	1	152583230	152614118	35	-1.5981
05295d21-726a-49b8-b2f1-077f20fa6f15	1	152618018	152787202	167	-0.0029
05295d21-726a-49b8-b2f1-077f20fa6f15	1	152789447	152796224	37	0.4594
05295d21-726a-49b8-b2f1-077f20fa6f15	1	152801429	248546369	65153	0.0165
05295d21-726a-49b8-b2f1-077f20fa6f15	1	248550567	248633912	35	-0.7393
05295d21-726a-49b8-b2f1-077f20fa6f15	1	248645563	248930189	141	-0.0059
05295d21-726a-49b8-b2f1-077f20fa6f15	2	12784	24376380	17923	0.0158
05295d21-726a-49b8-b2f1-077f20fa6f15	2	24378642	24388259	19	-0.5778
05295d21-726a-49b8-b2f1-077f20fa6f15	2	24388858	34476327	6139	0.0171
05295d21-726a-49b8-b2f1-077f20fa6f15	2	34476516	34511990	44	0.6684
05295d21-726a-49b8-b2f1-077f20fa6f15	2	34512096	35750907	872	-0.0037
05295d21-726a-49b8-b2f1-077f20fa6f15	2	35752724	35761842	5	-1.3972
05295d21-726a-49b8-b2f1-077f20fa6f15	2	35762850	39751193	2895	0.0148
05295d21-726a-49b8-b2f1-077f20fa6f15	2	39752441	39756730	5	-1.5179
05295d21-726a-49b8-b2f1-077f20fa6f15	2	39757014	41011095	1027	0.0108
05295d21-726a-49b8-b2f1-077f20fa6f15	2	41011303	41024138	25	-0.5737
05295d21-726a-49b8-b2f1-077f20fa6f15	2	41024584	41153465	92	0.0132
05295d21-726a-49b8-b2f1-077f20fa6f15	2	41154039	41154182	2	1.1955
05295d21-726a-49b8-b2f1-077f20fa6f15	2	41154236	41902071	671	-0.0054
05295d21-726a-49b8-b2f1-077f20fa6f15	2	41902455	41903600	2	-1.3211
05295d21-726a-49b8-b2f1-077f20fa6f15	2	41904071	52527743	7408	0.0104
05295d21-726a-49b8-b2f1-077f20fa6f15	2	52531615	52554404	33	0.6872
05295d21-726a-49b8-b2f1-077f20fa6f15	2	52560811	77749622	16303	0.0187
05295d21-726a-49b8-b2f1-077f20fa6f15	2	77750052	77750100	4	-1.3758
05295d21-726a-49b8-b2f1-077f20fa6f15	2	77759556	79861814	1511	0.0094
05295d21-726a-49b8-b2f1-077f20fa6f15	2	79862098	79862693	6	-3.1636
05295d21-726a-49b8-b2f1-077f20fa6f15	2	79864348	88499150	4605	0.0172
05295d21-726a-49b8-b2f1-077f20fa6f15	2	88504367	88504403	2	-1.9867
05295d21-726a-49b8-b2f1-077f20fa6f15	2	88504895	89044490	288	-0.0138
05295d21-726a-49b8-b2f1-077f20fa6f15	2	89055939	89055950	2	-2.3994
05295d21-726a-49b8-b2f1-077f20fa6f15	2	89058542	97188422	1105	0.0088
05295d21-726a-49b8-b2f1-077f20fa6f15	2	97192190	97211436	15	-0.7211
05295d21-726a-49b8-b2f1-077f20fa6f15	2	97310327	97534580	16	0.0422
05295d21-726a-49b8-b2f1-077f20fa6f15	2	97535071	97545726	6	0.8779
05295d21-726a-49b8-b2f1-077f20fa6f15	2	97550415	98058396	228	0.0174
05295d21-726a-49b8-b2f1-077f20fa6f15	2	98059645	98059813	2	-1.3589
05295d21-726a-49b8-b2f1-077f20fa6f15	2	98060867	106258266	5332	0.0162
05295d21-726a-49b8-b2f1-077f20fa6f15	2	106263639	106285475	25	0.4471
05295d21-726a-49b8-b2f1-077f20fa6f15	2	106292782	109704919	2096	0.0117
05295d21-726a-49b8-b2f1-077f20fa6f15	2	109743935	110044146	4	1.2674
05295d21-726a-49b8-b2f1-077f20fa6f15	2	110097158	110226104	64	0.0474
05295d21-726a-49b8-b2f1-077f20fa6f15	2	110342056	110411551	4	-1.0744
05295d21-726a-49b8-b2f1-077f20fa6f15	2	110631055	115821791	2972	0.0061
05295d21-726a-49b8-b2f1-077f20fa6f15	2	115824196	115824811	2	-1.5827
05295d21-726a-49b8-b2f1-077f20fa6f15	2	115825989	124891206	5857	0.0119
05295d21-726a-49b8-b2f1-077f20fa6f15	2	124894355	124900785	6	-1.078
05295d21-726a-49b8-b2f1-077f20fa6f15	2	124902115	130036283	3261	0.0105
05295d21-726a-49b8-b2f1-077f20fa6f15	2	130036310	130059766	3	-1.6089
05295d21-726a-49b8-b2f1-077f20fa6f15	2	130059787	131326276	360	0.0023
05295d21-726a-49b8-b2f1-077f20fa6f15	2	131335459	131341735	10	-1.0026
05295d21-726a-49b8-b2f1-077f20fa6f15	2	131349674	131956771	252	-0.0064
05295d21-726a-49b8-b2f1-077f20fa6f15	2	131962142	132116416	44	-0.3514
05295d21-726a-49b8-b2f1-077f20fa6f15	2	132119092	146106861	8874	0.015
05295d21-726a-49b8-b2f1-077f20fa6f15	2	146106875	146109366	22	0.6413
05295d21-726a-49b8-b2f1-077f20fa6f15	2	146120238	242147305	59053	0.0141
05295d21-726a-49b8-b2f1-077f20fa6f15	3	20930	2563163	2191	-0.029
05295d21-726a-49b8-b2f1-077f20fa6f15	3	2566822	14343394	9474	0.0152
05295d21-726a-49b8-b2f1-077f20fa6f15	3	14345465	14349620	7	-0.995
05295d21-726a-49b8-b2f1-077f20fa6f15	3	14352169	37945437	15960	0.0143
05295d21-726a-49b8-b2f1-077f20fa6f15	3	37945615	37945651	2	1.7081
05295d21-726a-49b8-b2f1-077f20fa6f15	3	37946283	46733893	5532	0.0083
05295d21-726a-49b8-b2f1-077f20fa6f15	3	46734326	46806126	46	-0.5983
05295d21-726a-49b8-b2f1-077f20fa6f15	3	46807689	68697013	14560	0.0125
05295d21-726a-49b8-b2f1-077f20fa6f15	3	68697108	68698262	14	1.0454
05295d21-726a-49b8-b2f1-077f20fa6f15	3	68699607	72295550	2762	0.0214
05295d21-726a-49b8-b2f1-077f20fa6f15	3	72298328	72303293	3	-1.467
05295d21-726a-49b8-b2f1-077f20fa6f15	3	72303755	75519398	2160	0.0149
05295d21-726a-49b8-b2f1-077f20fa6f15	3	75523398	75537654	6	-2.5135
05295d21-726a-49b8-b2f1-077f20fa6f15	3	75546030	150810915	42597	0.0081
05295d21-726a-49b8-b2f1-077f20fa6f15	3	150812165	150813232	4	-1.838
05295d21-726a-49b8-b2f1-077f20fa6f15	3	150816522	162794951	7410	0.0097
05295d21-726a-49b8-b2f1-077f20fa6f15	3	162795304	162898127	62	-1.4406
05295d21-726a-49b8-b2f1-077f20fa6f15	3	162906054	175227779	7517	0.0063
05295d21-726a-49b8-b2f1-077f20fa6f15	3	175228122	175228137	2	-1.9532
05295d21-726a-49b8-b2f1-077f20fa6f15	3	175228157	193162684	11654	0.0157
05295d21-726a-49b8-b2f1-077f20fa6f15	3	193162798	193165114	12	-1.5957
05295d21-726a-49b8-b2f1-077f20fa6f15	3	193168646	198169247	2693	0.0142
05295d21-726a-49b8-b2f1-077f20fa6f15	4	68929	9455251	5157	0.0194
05295d21-726a-49b8-b2f1-077f20fa6f15	4	9459504	9477699	6	1.5607
05295d21-726a-49b8-b2f1-077f20fa6f15	4	9484440	34777432	17545	0.0135
05295d21-726a-49b8-b2f1-077f20fa6f15	4	34784878	34823103	38	0.6849
05295d21-726a-49b8-b2f1-077f20fa6f15	4	34828250	68494770	19458	0.007
05295d21-726a-49b8-b2f1-077f20fa6f15	4	68501424	68725894	76	-0.3656
05295d21-726a-49b8-b2f1-077f20fa6f15	4	68726064	72686146	2323	0.0084
05295d21-726a-49b8-b2f1-077f20fa6f15	4	72686527	72689721	2	-1.3596
05295d21-726a-49b8-b2f1-077f20fa6f15	4	72693098	82356608	6126	0.0208
05295d21-726a-49b8-b2f1-077f20fa6f15	4	82357640	82358250	2	-1.8289
05295d21-726a-49b8-b2f1-077f20fa6f15	4	82363007	111375831	17365	0.0121
05295d21-726a-49b8-b2f1-077f20fa6f15	4	111376259	111388458	24	-0.6943
05295d21-726a-49b8-b2f1-077f20fa6f15	4	111388478	111753426	240	0.0115
05295d21-726a-49b8-b2f1-077f20fa6f15	4	111755632	111759439	13	-0.8594
05295d21-726a-49b8-b2f1-077f20fa6f15	4	111763595	114252544	1585	0.0062
05295d21-726a-49b8-b2f1-077f20fa6f15	4	114254167	114261019	23	0.5184
05295d21-726a-49b8-b2f1-077f20fa6f15	4	114263073	124720173	6225	0.0087
05295d21-726a-49b8-b2f1-077f20fa6f15	4	124723041	124724814	14	-0.5745
05295d21-726a-49b8-b2f1-077f20fa6f15	4	124724949	150958512	15370	0.0121
05295d21-726a-49b8-b2f1-077f20fa6f15	4	150958773	150964975	19	-0.7061
05295d21-726a-49b8-b2f1-077f20fa6f15	4	150964990	151868634	452	0.0393
05295d21-726a-49b8-b2f1-077f20fa6f15	4	151870381	151871739	13	-0.6921
05295d21-726a-49b8-b2f1-077f20fa6f15	4	151873644	151873707	3	1.3998
05295d21-726a-49b8-b2f1-077f20fa6f15	4	151874236	160958989	5865	0.0155
05295d21-726a-49b8-b2f1-077f20fa6f15	4	160959045	160963432	16	-0.9657
05295d21-726a-49b8-b2f1-077f20fa6f15	4	160963448	171448195	6669	0.0054
05295d21-726a-49b8-b2f1-077f20fa6f15	4	171453733	171456625	12	0.8908
05295d21-726a-49b8-b2f1-077f20fa6f15	4	171459220	172066777	397	-0.0071
05295d21-726a-49b8-b2f1-077f20fa6f15	4	172067997	172068382	12	0.7526
05295d21-726a-49b8-b2f1-077f20fa6f15	4	172074828	188300104	10928	0.0146
05295d21-726a-49b8-b2f1-077f20fa6f15	4	188300206	188300270	3	2.2781
05295d21-726a-49b8-b2f1-077f20fa6f15	4	188300285	190106768	1141	0.0207
05295d21-726a-49b8-b2f1-077f20fa6f15	5	15532	1891707	923	0.0755
05295d21-726a-49b8-b2f1-077f20fa6f15	5	1892645	11161513	8176	0.0127
05295d21-726a-49b8-b2f1-077f20fa6f15	5	11162524	11162659	3	-2.5547
05295d21-726a-49b8-b2f1-077f20fa6f15	5	11167165	15718383	3072	0.0131
05295d21-726a-49b8-b2f1-077f20fa6f15	5	15719113	15720488	11	-0.7605
05295d21-726a-49b8-b2f1-077f20fa6f15	5	15723237	17490644	1176	0.0122
05295d21-726a-49b8-b2f1-077f20fa6f15	5	17491103	17515692	15	-1.0071
05295d21-726a-49b8-b2f1-077f20fa6f15	5	17601444	104515520	49234	0.0108
05295d21-726a-49b8-b2f1-077f20fa6f15	5	104524672	104524903	4	-1.4261
05295d21-726a-49b8-b2f1-077f20fa6f15	5	104525348	121049613	11316	0.0092
05295d21-726a-49b8-b2f1-077f20fa6f15	5	121052745	121053478	5	-1.3436
05295d21-726a-49b8-b2f1-077f20fa6f15	5	121053618	156149576	22184	0.0153
05295d21-726a-49b8-b2f1-077f20fa6f15	5	156150331	156163274	9	-0.8608
05295d21-726a-49b8-b2f1-077f20fa6f15	5	156170444	177771448	14739	0.0195
05295d21-726a-49b8-b2f1-077f20fa6f15	5	177800550	177805604	3	2.047
05295d21-726a-49b8-b2f1-077f20fa6f15	5	177827964	180766184	1691	0.0455
05295d21-726a-49b8-b2f1-077f20fa6f15	5	180766199	180767609	4	-1.2116
05295d21-726a-49b8-b2f1-077f20fa6f15	5	180768522	180947523	101	0.0048
05295d21-726a-49b8-b2f1-077f20fa6f15	5	180951710	180991103	19	0.6561
05295d21-726a-49b8-b2f1-077f20fa6f15	5	181006225	181363319	169	0.0542
05295d21-726a-49b8-b2f1-077f20fa6f15	6	149661	9196445	7386	0.0224
05295d21-726a-49b8-b2f1-077f20fa6f15	6	9201267	9211994	4	-1.7111
05295d21-726a-49b8-b2f1-077f20fa6f15	6	9221510	19042587	7384	0.015
05295d21-726a-49b8-b2f1-077f20fa6f15	6	19044471	19044667	6	1.237
05295d21-726a-49b8-b2f1-077f20fa6f15	6	19050511	29869295	6870	0.0185
05295d21-726a-49b8-b2f1-077f20fa6f15	6	29869410	29881490	16	0.5378
05295d21-726a-49b8-b2f1-077f20fa6f15	6	29882419	29907031	8	-0.0485
05295d21-726a-49b8-b2f1-077f20fa6f15	6	29909182	29933799	12	-1.1563
05295d21-726a-49b8-b2f1-077f20fa6f15	6	29940692	30317344	185	-0.007
05295d21-726a-49b8-b2f1-077f20fa6f15	6	30317628	30338530	6	-0.6285
05295d21-726a-49b8-b2f1-077f20fa6f15	6	30341328	30375474	23	-0.0208
05295d21-726a-49b8-b2f1-077f20fa6f15	6	30379141	30380470	6	-0.7886
05295d21-726a-49b8-b2f1-077f20fa6f15	6	30381055	32619131	977	0.0132
05295d21-726a-49b8-b2f1-077f20fa6f15	6	32619680	32634330	7	-0.9692
05295d21-726a-49b8-b2f1-077f20fa6f15	6	32634492	33969942	810	0.0033
05295d21-726a-49b8-b2f1-077f20fa6f15	6	33970029	33974928	9	-0.9497
05295d21-726a-49b8-b2f1-077f20fa6f15	6	33976809	39101136	3184	0.0152
05295d21-726a-49b8-b2f1-077f20fa6f15	6	39101492	39104258	6	-0.9369
05295d21-726a-49b8-b2f1-077f20fa6f15	6	39115512	73882509	20087	0.0076
05295d21-726a-49b8-b2f1-077f20fa6f15	6	73882741	73887625	8	-2.6918
05295d21-726a-49b8-b2f1-077f20fa6f15	6	73891694	78253172	2766	0.0081
05295d21-726a-49b8-b2f1-077f20fa6f15	6	78259348	78336049	119	0.3147
05295d21-726a-49b8-b2f1-077f20fa6f15	6	78336185	92864624	9225	0.0087
05295d21-726a-49b8-b2f1-077f20fa6f15	6	92866148	92868912	31	-0.6312
05295d21-726a-49b8-b2f1-077f20fa6f15	6	92873205	103286954	6212	0.0007
05295d21-726a-49b8-b2f1-077f20fa6f15	6	103290101	103314186	46	0.5698
05295d21-726a-49b8-b2f1-077f20fa6f15	6	103317795	115047731	7312	0.0078
05295d21-726a-49b8-b2f1-077f20fa6f15	6	115057911	115086809	4	-1.4901
05295d21-726a-49b8-b2f1-077f20fa6f15	6	115087407	153636235	24932	0.0111
05295d21-726a-49b8-b2f1-077f20fa6f15	6	153639651	153640284	2	-2.4177
05295d21-726a-49b8-b2f1-077f20fa6f15	6	153640764	170741917	11920	0.0177
05295d21-726a-49b8-b2f1-077f20fa6f15	7	43355	108747579	66230	0.0106
05295d21-726a-49b8-b2f1-077f20fa6f15	7	108750306	108750620	3	-1.8972
05295d21-726a-49b8-b2f1-077f20fa6f15	7	108754459	109797618	672	0.0023
05295d21-726a-49b8-b2f1-077f20fa6f15	7	109797620	109813853	24	0.4032
05295d21-726a-49b8-b2f1-077f20fa6f15	7	109813925	110155658	206	0.024
05295d21-726a-49b8-b2f1-077f20fa6f15	7	110158535	110159025	6	-1.26
05295d21-726a-49b8-b2f1-077f20fa6f15	7	110159142	125290668	9053	0.0111
05295d21-726a-49b8-b2f1-077f20fa6f15	7	125293169	125293823	2	-2.1778
05295d21-726a-49b8-b2f1-077f20fa6f15	7	125295725	126404920	760	0.0139
05295d21-726a-49b8-b2f1-077f20fa6f15	7	126405428	126406561	12	-1.1409
05295d21-726a-49b8-b2f1-077f20fa6f15	7	126406822	159334314	20824	0.0209
05295d21-726a-49b8-b2f1-077f20fa6f15	8	81254	4209391	3846	0.0147
05295d21-726a-49b8-b2f1-077f20fa6f15	8	4210151	4210380	4	-1.9567
05295d21-726a-49b8-b2f1-077f20fa6f15	8	4210798	7167045	3864	0.0128
05295d21-726a-49b8-b2f1-077f20fa6f15	8	7172468	7358509	19	-0.5041
05295d21-726a-49b8-b2f1-077f20fa6f15	8	7359340	7873171	31	-0.0023
05295d21-726a-49b8-b2f1-077f20fa6f15	8	7886542	7890177	5	-0.9228
05295d21-726a-49b8-b2f1-077f20fa6f15	8	7919608	12581382	3295	0.0297
05295d21-726a-49b8-b2f1-077f20fa6f15	8	12585546	12624538	10	-0.5879
05295d21-726a-49b8-b2f1-077f20fa6f15	8	12649562	13434435	716	0.0286
05295d21-726a-49b8-b2f1-077f20fa6f15	8	13437126	13437846	3	-1.0068
05295d21-726a-49b8-b2f1-077f20fa6f15	8	13443773	14648733	1209	-0.0029
05295d21-726a-49b8-b2f1-077f20fa6f15	8	14648836	14657699	40	-0.63
05295d21-726a-49b8-b2f1-077f20fa6f15	8	14659710	16339682	1486	0.0064
05295d21-726a-49b8-b2f1-077f20fa6f15	8	16349445	16349614	8	-1.2273
05295d21-726a-49b8-b2f1-077f20fa6f15	8	16354575	23544795	5790	0.0142
05295d21-726a-49b8-b2f1-077f20fa6f15	8	23550227	23552812	7	-0.8028
05295d21-726a-49b8-b2f1-077f20fa6f15	8	23552922	25116961	1136	0.0256
05295d21-726a-49b8-b2f1-077f20fa6f15	8	25117007	25126818	25	0.8493
05295d21-726a-49b8-b2f1-077f20fa6f15	8	25133589	29958314	3470	0.0096
05295d21-726a-49b8-b2f1-077f20fa6f15	8	29958926	29961163	2	-2.0437
05295d21-726a-49b8-b2f1-077f20fa6f15	8	29961879	111282852	47612	0.0172
05295d21-726a-49b8-b2f1-077f20fa6f15	8	111282973	111283016	2	-2.5189
05295d21-726a-49b8-b2f1-077f20fa6f15	8	111283031	145072769	22915	0.0213
05295d21-726a-49b8-b2f1-077f20fa6f15	9	46587	8779366	8420	0.02
05295d21-726a-49b8-b2f1-077f20fa6f15	9	8780061	12672097	3371	-0.0281
05295d21-726a-49b8-b2f1-077f20fa6f15	9	12672174	15156134	2008	0.0148
05295d21-726a-49b8-b2f1-077f20fa6f15	9	15158905	15159423	4	-1.2846
05295d21-726a-49b8-b2f1-077f20fa6f15	9	15159851	41635766	17460	0.0093
05295d21-726a-49b8-b2f1-077f20fa6f15	9	41639988	61629689	135	0.3003
05295d21-726a-49b8-b2f1-077f20fa6f15	9	61633080	63580418	40	-0.1636
05295d21-726a-49b8-b2f1-077f20fa6f15	9	63590317	63590323	4	2.3828
05295d21-726a-49b8-b2f1-077f20fa6f15	9	63590325	64510407	61	-0.0471
05295d21-726a-49b8-b2f1-077f20fa6f15	9	64520620	64794598	10	0.6394
05295d21-726a-49b8-b2f1-077f20fa6f15	9	64800092	71641820	2612	0.0133
05295d21-726a-49b8-b2f1-077f20fa6f15	9	71641937	71643908	18	-3.5885
05295d21-726a-49b8-b2f1-077f20fa6f15	9	71647284	106512107	24237	0.0139
05295d21-726a-49b8-b2f1-077f20fa6f15	9	106514249	106514771	3	-1.3316
05295d21-726a-49b8-b2f1-077f20fa6f15	9	106514903	138177075	21093	0.0192
05295d21-726a-49b8-b2f1-077f20fa6f15	9	138177488	138200944	6	0.9819
05295d21-726a-49b8-b2f1-077f20fa6f15	10	45792	1877489	1322	0.0392
05295d21-726a-49b8-b2f1-077f20fa6f15	10	1878846	1879226	3	1.0718
05295d21-726a-49b8-b2f1-077f20fa6f15	10	1880102	4244878	2248	0.0265
05295d21-726a-49b8-b2f1-077f20fa6f15	10	4248622	4248824	4	1.1196
05295d21-726a-49b8-b2f1-077f20fa6f15	10	4251879	6369412	1822	0.0256
05295d21-726a-49b8-b2f1-077f20fa6f15	10	6369488	6369519	3	1.3174
05295d21-726a-49b8-b2f1-077f20fa6f15	10	6376792	14076085	6502	0.0186
05295d21-726a-49b8-b2f1-077f20fa6f15	10	14076225	14076231	2	-1.5628
05295d21-726a-49b8-b2f1-077f20fa6f15	10	14076354	24086334	7281	0.016
05295d21-726a-49b8-b2f1-077f20fa6f15	10	24088745	24089979	12	0.8156
05295d21-726a-49b8-b2f1-077f20fa6f15	10	24090022	43212314	10524	0.0172
05295d21-726a-49b8-b2f1-077f20fa6f15	10	43213304	43222878	3	-2.0089
05295d21-726a-49b8-b2f1-077f20fa6f15	10	43225707	45798061	1704	0.0145
05295d21-726a-49b8-b2f1-077f20fa6f15	10	45798171	45817039	2	-2.0118
05295d21-726a-49b8-b2f1-077f20fa6f15	10	45936113	54618476	5404	0.0022
05295d21-726a-49b8-b2f1-077f20fa6f15	10	54618650	54623886	2	-1.5148
05295d21-726a-49b8-b2f1-077f20fa6f15	10	54632329	56752165	1413	-0.0167
05295d21-726a-49b8-b2f1-077f20fa6f15	10	56752192	56767077	45	-0.5669
05295d21-726a-49b8-b2f1-077f20fa6f15	10	56772992	65548272	6116	0.0159
05295d21-726a-49b8-b2f1-077f20fa6f15	10	65548833	65554688	23	0.477
05295d21-726a-49b8-b2f1-077f20fa6f15	10	65563037	105296521	25662	0.0141
05295d21-726a-49b8-b2f1-077f20fa6f15	10	105297280	105299412	3	-2.2535
05295d21-726a-49b8-b2f1-077f20fa6f15	10	105302718	133654968	20553	0.0151
05295d21-726a-49b8-b2f1-077f20fa6f15	11	198510	4572287	2013	0.01
05295d21-726a-49b8-b2f1-077f20fa6f15	11	4572359	4574920	3	-1.5311
05295d21-726a-49b8-b2f1-077f20fa6f15	11	4575219	5769582	1222	0.0195
05295d21-726a-49b8-b2f1-077f20fa6f15	11	5769733	5788231	27	0.5044
05295d21-726a-49b8-b2f1-077f20fa6f15	11	5791130	30756638	18181	0.0114
05295d21-726a-49b8-b2f1-077f20fa6f15	11	30759384	30759515	2	1.9531
05295d21-726a-49b8-b2f1-077f20fa6f15	11	30766059	54924229	12784	0.0137
05295d21-726a-49b8-b2f1-077f20fa6f15	11	54933825	54934156	3	-1.9319
05295d21-726a-49b8-b2f1-077f20fa6f15	11	54940988	107367930	32647	0.0157
05295d21-726a-49b8-b2f1-077f20fa6f15	11	107367945	107368402	6	-2.2486
05295d21-726a-49b8-b2f1-077f20fa6f15	11	107381636	135074876	19924	0.0166
05295d21-726a-49b8-b2f1-077f20fa6f15	12	51460	8406040	5598	0.021
05295d21-726a-49b8-b2f1-077f20fa6f15	12	8406196	8406526	4	1.3354
05295d21-726a-49b8-b2f1-077f20fa6f15	12	8406920	9477960	569	0.0212
05295d21-726a-49b8-b2f1-077f20fa6f15	12	9481274	9575696	24	1.1127
05295d21-726a-49b8-b2f1-077f20fa6f15	12	9582373	10775580	856	0.0222
05295d21-726a-49b8-b2f1-077f20fa6f15	12	10777663	10777665	2	-2.7049
05295d21-726a-49b8-b2f1-077f20fa6f15	12	10777796	11351008	318	0.0117
05295d21-726a-49b8-b2f1-077f20fa6f15	12	11351041	11390472	33	-0.6706
05295d21-726a-49b8-b2f1-077f20fa6f15	12	11399258	27493059	11191	0.0065
05295d21-726a-49b8-b2f1-077f20fa6f15	12	27494808	27498429	28	-0.8095
05295d21-726a-49b8-b2f1-077f20fa6f15	12	27504228	33233822	4225	0.0167
05295d21-726a-49b8-b2f1-077f20fa6f15	12	33235894	33242207	4	-2.7219
05295d21-726a-49b8-b2f1-077f20fa6f15	12	33242483	34047018	503	-0.0054
05295d21-726a-49b8-b2f1-077f20fa6f15	12	34047080	34063370	12	-0.68
05295d21-726a-49b8-b2f1-077f20fa6f15	12	34064565	95411630	35948	0.0115
05295d21-726a-49b8-b2f1-077f20fa6f15	12	95413044	95413226	4	-1.2591
05295d21-726a-49b8-b2f1-077f20fa6f15	12	95413585	95890476	327	0.0088
05295d21-726a-49b8-b2f1-077f20fa6f15	12	95894619	95894807	2	-1.3337
05295d21-726a-49b8-b2f1-077f20fa6f15	12	95895082	99397874	2430	0.0243
05295d21-726a-49b8-b2f1-077f20fa6f15	12	99397993	99409410	38	-0.3692
05295d21-726a-49b8-b2f1-077f20fa6f15	12	99409449	108448086	6210	0.021
05295d21-726a-49b8-b2f1-077f20fa6f15	12	108451400	108451797	4	-1.1068
05295d21-726a-49b8-b2f1-077f20fa6f15	12	108453050	133201603	16496	0.0233
05295d21-726a-49b8-b2f1-077f20fa6f15	13	18452809	31957984	9568	0.023
05295d21-726a-49b8-b2f1-077f20fa6f15	13	31958485	31964286	18	-0.9688
05295d21-726a-49b8-b2f1-077f20fa6f15	13	31965910	37496998	3896	0.0123
05295d21-726a-49b8-b2f1-077f20fa6f15	13	37497899	37510620	16	0.564
05295d21-726a-49b8-b2f1-077f20fa6f15	13	37514193	57184255	12533	0.0158
05295d21-726a-49b8-b2f1-077f20fa6f15	13	57184492	57204246	30	-0.7046
05295d21-726a-49b8-b2f1-077f20fa6f15	13	57215580	71902850	8992	0.0027
05295d21-726a-49b8-b2f1-077f20fa6f15	13	71903417	71906418	4	1.2804
05295d21-726a-49b8-b2f1-077f20fa6f15	13	71906467	97401690	16639	0.0096
05295d21-726a-49b8-b2f1-077f20fa6f15	13	97402338	97402863	2	-2.6407
05295d21-726a-49b8-b2f1-077f20fa6f15	13	97405911	112008589	11264	0.0141
05295d21-726a-49b8-b2f1-077f20fa6f15	13	112009428	112010668	2	-1.5653
05295d21-726a-49b8-b2f1-077f20fa6f15	13	112012090	114342922	1178	0.0288
05295d21-726a-49b8-b2f1-077f20fa6f15	14	18239283	18976793	27	-0.1654
05295d21-726a-49b8-b2f1-077f20fa6f15	14	19011729	19735726	43	0.4242
05295d21-726a-49b8-b2f1-077f20fa6f15	14	19735739	57667080	24136	0.0131
05295d21-726a-49b8-b2f1-077f20fa6f15	14	57672241	57686237	13	-0.6753
05295d21-726a-49b8-b2f1-077f20fa6f15	14	57686521	106258891	30851	0.0137
05295d21-726a-49b8-b2f1-077f20fa6f15	14	106260759	106266923	7	-0.9523
05295d21-726a-49b8-b2f1-077f20fa6f15	14	106271566	106321086	27	-0.0261
05295d21-726a-49b8-b2f1-077f20fa6f15	14	106340102	106346129	7	-1.7268
05295d21-726a-49b8-b2f1-077f20fa6f15	14	106360014	106877229	274	0.0077
05295d21-726a-49b8-b2f1-077f20fa6f15	15	19811075	20026653	47	-0.0551
05295d21-726a-49b8-b2f1-077f20fa6f15	15	20041119	20538669	87	0.2989
05295d21-726a-49b8-b2f1-077f20fa6f15	15	20614765	21417107	41	-0.1616
05295d21-726a-49b8-b2f1-077f20fa6f15	15	21975606	22385639	32	0.6968
05295d21-726a-49b8-b2f1-077f20fa6f15	15	22395047	26315045	2356	0.0171
05295d21-726a-49b8-b2f1-077f20fa6f15	15	26317005	26318009	2	-3.6887
05295d21-726a-49b8-b2f1-077f20fa6f15	15	26318441	27326584	737	0.0191
05295d21-726a-49b8-b2f1-077f20fa6f15	15	27326696	27327182	3	-2.9421
05295d21-726a-49b8-b2f1-077f20fa6f15	15	27328880	28359467	681	0.0409
05295d21-726a-49b8-b2f1-077f20fa6f15	15	28414778	28460135	2	-1.9674
05295d21-726a-49b8-b2f1-077f20fa6f15	15	28460858	28683597	4	-0.6353
05295d21-726a-49b8-b2f1-077f20fa6f15	15	28684558	30231102	846	0.0492
05295d21-726a-49b8-b2f1-077f20fa6f15	15	30252720	30281107	6	0.8378
05295d21-726a-49b8-b2f1-077f20fa6f15	15	30281121	30595753	19	-0.5643
05295d21-726a-49b8-b2f1-077f20fa6f15	15	30608675	32220019	1056	0.0262
05295d21-726a-49b8-b2f1-077f20fa6f15	15	32239115	32382193	14	-1.0336
05295d21-726a-49b8-b2f1-077f20fa6f15	15	32484010	76599170	27969	0.0152
05295d21-726a-49b8-b2f1-077f20fa6f15	15	76599286	76599884	9	-2.6099
05295d21-726a-49b8-b2f1-077f20fa6f15	15	76602723	76603434	11	-0.9602
05295d21-726a-49b8-b2f1-077f20fa6f15	15	76609838	91508884	9531	0.0175
05295d21-726a-49b8-b2f1-077f20fa6f15	15	91510909	91511962	3	-1.3431
05295d21-726a-49b8-b2f1-077f20fa6f15	15	91515499	93878429	2104	0.017
05295d21-726a-49b8-b2f1-077f20fa6f15	15	93880259	93881294	2	-2.493
05295d21-726a-49b8-b2f1-077f20fa6f15	15	93882072	101864933	5958	0.0184
05295d21-726a-49b8-b2f1-077f20fa6f15	15	101880399	101928837	12	-0.7725
05295d21-726a-49b8-b2f1-077f20fa6f15	16	10777	7873421	5493	0.0176
05295d21-726a-49b8-b2f1-077f20fa6f15	16	7873901	7874237	3	1.4896
05295d21-726a-49b8-b2f1-077f20fa6f15	16	7879570	10228180	2238	0.0106
05295d21-726a-49b8-b2f1-077f20fa6f15	16	10231277	10231388	2	-2.1625
05295d21-726a-49b8-b2f1-077f20fa6f15	16	10232100	78338543	33486	0.022
05295d21-726a-49b8-b2f1-077f20fa6f15	16	78338714	78350841	14	0.7436
05295d21-726a-49b8-b2f1-077f20fa6f15	16	78350868	80966235	3065	0.0233
05295d21-726a-49b8-b2f1-077f20fa6f15	16	80966674	80971505	6	-0.9933
05295d21-726a-49b8-b2f1-077f20fa6f15	16	80972861	83760390	3043	0.0208
05295d21-726a-49b8-b2f1-077f20fa6f15	16	83760392	83760401	2	-1.6959
05295d21-726a-49b8-b2f1-077f20fa6f15	16	83760419	90096867	4495	0.0322
05295d21-726a-49b8-b2f1-077f20fa6f15	17	150733	18414080	11390	0.0273
05295d21-726a-49b8-b2f1-077f20fa6f15	17	18452078	18550123	25	0.9222
05295d21-726a-49b8-b2f1-077f20fa6f15	17	18561272	36103020	6832	0.0234
05295d21-726a-49b8-b2f1-077f20fa6f15	17	36103057	36208249	42	0.462
05295d21-726a-49b8-b2f1-077f20fa6f15	17	36460442	37811450	937	0.0284
05295d21-726a-49b8-b2f1-077f20fa6f15	17	37814095	37876720	38	0.5724
05295d21-726a-49b8-b2f1-077f20fa6f15	17	37883228	37884738	5	1.1385
05295d21-726a-49b8-b2f1-077f20fa6f15	17	38254377	41258395	1540	0.0114
05295d21-726a-49b8-b2f1-077f20fa6f15	17	41262120	41274198	26	0.4649
05295d21-726a-49b8-b2f1-077f20fa6f15	17	41274279	46099684	2509	0.0254
05295d21-726a-49b8-b2f1-077f20fa6f15	17	46099741	46286804	115	-0.2951
05295d21-726a-49b8-b2f1-077f20fa6f15	17	46323701	69294922	13335	0.0196
05295d21-726a-49b8-b2f1-077f20fa6f15	17	69298377	69299135	2	-1.6503
05295d21-726a-49b8-b2f1-077f20fa6f15	17	69299918	77858748	5711	0.0221
05295d21-726a-49b8-b2f1-077f20fa6f15	17	77864587	77872544	4	-1.1221
05295d21-726a-49b8-b2f1-077f20fa6f15	17	77873894	80017429	1175	0.0096
05295d21-726a-49b8-b2f1-077f20fa6f15	17	80019297	80022981	3	-1.3809
05295d21-726a-49b8-b2f1-077f20fa6f15	17	80030294	81418592	715	0.0244
05295d21-726a-49b8-b2f1-077f20fa6f15	17	81418623	81418840	5	1.4785
05295d21-726a-49b8-b2f1-077f20fa6f15	17	81418872	83091923	620	0.014
05295d21-726a-49b8-b2f1-077f20fa6f15	18	48133	298100	119	-0.0881
05295d21-726a-49b8-b2f1-077f20fa6f15	18	298508	300783	9	-0.9884
05295d21-726a-49b8-b2f1-077f20fa6f15	18	302052	9723766	6903	0.0162
05295d21-726a-49b8-b2f1-077f20fa6f15	18	9723902	9724552	2	-1.7839
05295d21-726a-49b8-b2f1-077f20fa6f15	18	9725790	71421456	37126	0.0094
05295d21-726a-49b8-b2f1-077f20fa6f15	18	71424091	71425059	2	-2.2366
05295d21-726a-49b8-b2f1-077f20fa6f15	18	71425397	80257174	6563	0.0106
05295d21-726a-49b8-b2f1-077f20fa6f15	19	90910	21528153	9538	0.0175
05295d21-726a-49b8-b2f1-077f20fa6f15	19	21534501	21538872	2	-1.7748
05295d21-726a-49b8-b2f1-077f20fa6f15	19	21539503	54819199	17265	0.0155
05295d21-726a-49b8-b2f1-077f20fa6f15	19	54822372	54856748	17	-0.5167
05295d21-726a-49b8-b2f1-077f20fa6f15	19	54856908	58586487	2279	0.0369
05295d21-726a-49b8-b2f1-077f20fa6f15	20	80664	80671	7	0.4044
05295d21-726a-49b8-b2f1-077f20fa6f15	20	80907	275466	150	0.0164
05295d21-726a-49b8-b2f1-077f20fa6f15	20	276086	276391	4	0.5828
05295d21-726a-49b8-b2f1-077f20fa6f15	20	276679	286684	3	-1.6008
05295d21-726a-49b8-b2f1-077f20fa6f15	20	288365	1586808	1042	0.0289
05295d21-726a-49b8-b2f1-077f20fa6f15	20	1587007	1613247	38	-0.469
05295d21-726a-49b8-b2f1-077f20fa6f15	20	1617300	33042918	19712	0.0174
05295d21-726a-49b8-b2f1-077f20fa6f15	20	33046622	33047747	3	-2.9868
05295d21-726a-49b8-b2f1-077f20fa6f15	20	33047780	61973114	20435	0.0222
05295d21-726a-49b8-b2f1-077f20fa6f15	20	61983972	61984028	3	1.1612
05295d21-726a-49b8-b2f1-077f20fa6f15	20	61992694	64022101	824	0.0505
05295d21-726a-49b8-b2f1-077f20fa6f15	20	64025577	64025685	2	-1.1424
05295d21-726a-49b8-b2f1-077f20fa6f15	20	64026595	64284715	145	0.0832
05295d21-726a-49b8-b2f1-077f20fa6f15	20	64323342	64324800	5	-0.9552
05295d21-726a-49b8-b2f1-077f20fa6f15	21	10354168	46677045	23858	0.0139
05295d21-726a-49b8-b2f1-077f20fa6f15	22	15294547	22398127	3457	0.0531
05295d21-726a-49b8-b2f1-077f20fa6f15	22	22398345	22398545	4	-1.4926
05295d21-726a-49b8-b2f1-077f20fa6f15	22	22402989	45898709	16163	0.0171
05295d21-726a-49b8-b2f1-077f20fa6f15	22	45899787	45900650	2	-2.9438
05295d21-726a-49b8-b2f1-077f20fa6f15	22	45904889	49024350	2539	-0.0007
05295d21-726a-49b8-b2f1-077f20fa6f15	22	49025419	50796027	1104	0.085
05295d21-726a-49b8-b2f1-077f20fa6f15	X	251810	8423678	4383	0.0292
05295d21-726a-49b8-b2f1-077f20fa6f15	X	8425347	8425863	3	-1.6869
05295d21-726a-49b8-b2f1-077f20fa6f15	X	8426212	24577297	10560	0.0232
05295d21-726a-49b8-b2f1-077f20fa6f15	X	24577524	24577630	3	1.3327
05295d21-726a-49b8-b2f1-077f20fa6f15	X	24579832	28980815	2726	0.0202
05295d21-726a-49b8-b2f1-077f20fa6f15	X	28981685	28981795	2	-1.7955
05295d21-726a-49b8-b2f1-077f20fa6f15	X	28983971	31503540	1669	0.0219
05295d21-726a-49b8-b2f1-077f20fa6f15	X	31504097	31507107	2	-1.9477
05295d21-726a-49b8-b2f1-077f20fa6f15	X	31508522	89021636	26923	0.0145
05295d21-726a-49b8-b2f1-077f20fa6f15	X	89022931	89227688	122	-0.885
05295d21-726a-49b8-b2f1-077f20fa6f15	X	89236483	91716219	861	-0.0259
05295d21-726a-49b8-b2f1-077f20fa6f15	X	91716565	91716741	3	-1.5236
05295d21-726a-49b8-b2f1-077f20fa6f15	X	91716772	106279016	7667	0.0158
05295d21-726a-49b8-b2f1-077f20fa6f15	X	106281627	106314563	16	-0.8487
05295d21-726a-49b8-b2f1-077f20fa6f15	X	106316029	141585301	19852	0.0183
05295d21-726a-49b8-b2f1-077f20fa6f15	X	141585605	141585618	2	-2.8514
05295d21-726a-49b8-b2f1-077f20fa6f15	X	141595849	151708283	6877	0.0116
05295d21-726a-49b8-b2f1-077f20fa6f15	X	151709072	151710185	5	-0.8927
05295d21-726a-49b8-b2f1-077f20fa6f15	X	151710911	155952689	1954	0.0289
05295d21-726a-49b8-b2f1-077f20fa6f15	Y	2782397	7207968	1064	-2.3815
05295d21-726a-49b8-b2f1-077f20fa6f15	Y	7208686	21814634	5229	-2.6499
05295d21-726a-49b8-b2f1-077f20fa6f15	Y	21818876	21844833	10	-5.0512
05295d21-726a-49b8-b2f1-077f20fa6f15	Y	21844857	26317011	146	-2.83
05295d21-726a-49b8-b2f1-077f20fa6f15	Y	26317379	56872112	167	-2.1981
