GDC_Aliquot	Chromosome	Start	End	Num_Probes	Segment_Mean
2615ad42-feb6-48e4-a63c-968c85ecc4b0	1	62920	259422	15	0.4994
2615ad42-feb6-48e4-a63c-968c85ecc4b0	1	259926	16686246	8662	0.0155
2615ad42-feb6-48e4-a63c-968c85ecc4b0	1	16689764	16935752	76	0.312
2615ad42-feb6-48e4-a63c-968c85ecc4b0	1	16949746	30258675	7672	0.0159
2615ad42-feb6-48e4-a63c-968c85ecc4b0	1	30258730	30258851	2	-1.3478
2615ad42-feb6-48e4-a63c-968c85ecc4b0	1	30259533	34626073	2566	0.0167
2615ad42-feb6-48e4-a63c-968c85ecc4b0	1	34637053	34638890	20	-0.8196
2615ad42-feb6-48e4-a63c-968c85ecc4b0	1	34648667	72303253	23767	0.0148
2615ad42-feb6-48e4-a63c-968c85ecc4b0	1	72305460	72345393	42	-0.5089
2615ad42-feb6-48e4-a63c-968c85ecc4b0	1	72345450	89009572	10937	0.0151
2615ad42-feb6-48e4-a63c-968c85ecc4b0	1	89012275	89012522	2	-2.4255
2615ad42-feb6-48e4-a63c-968c85ecc4b0	1	89015841	105476583	10012	0.0128
2615ad42-feb6-48e4-a63c-968c85ecc4b0	1	105476614	105479231	12	0.6781
2615ad42-feb6-48e4-a63c-968c85ecc4b0	1	105479468	112147704	4604	0.0181
2615ad42-feb6-48e4-a63c-968c85ecc4b0	1	112153343	112154619	23	-1.3886
2615ad42-feb6-48e4-a63c-968c85ecc4b0	1	112154754	121593930	5155	0.016
2615ad42-feb6-48e4-a63c-968c85ecc4b0	1	121597150	145664420	151	0.1741
2615ad42-feb6-48e4-a63c-968c85ecc4b0	1	145670653	152583051	2294	0.0162
2615ad42-feb6-48e4-a63c-968c85ecc4b0	1	152583230	152614118	35	-1.5925
2615ad42-feb6-48e4-a63c-968c85ecc4b0	1	152618018	152789447	167	-0.0179
2615ad42-feb6-48e4-a63c-968c85ecc4b0	1	152789463	152796224	36	0.557
2615ad42-feb6-48e4-a63c-968c85ecc4b0	1	152801429	158989785	3679	0.0105
2615ad42-feb6-48e4-a63c-968c85ecc4b0	1	158992249	158993006	2	-1.2721
2615ad42-feb6-48e4-a63c-968c85ecc4b0	1	158997074	196762956	25784	0.0146
2615ad42-feb6-48e4-a63c-968c85ecc4b0	1	196769493	196846661	57	-0.544
2615ad42-feb6-48e4-a63c-968c85ecc4b0	1	196847600	220695102	16281	0.0119
2615ad42-feb6-48e4-a63c-968c85ecc4b0	1	220695166	220705910	2	-1.6073
2615ad42-feb6-48e4-a63c-968c85ecc4b0	1	220706275	229675422	5544	0.0152
2615ad42-feb6-48e4-a63c-968c85ecc4b0	1	229681109	229684449	3	-2.9353
2615ad42-feb6-48e4-a63c-968c85ecc4b0	1	229684709	248930189	13977	0.013
2615ad42-feb6-48e4-a63c-968c85ecc4b0	2	12784	4158097	2985	0.011
2615ad42-feb6-48e4-a63c-968c85ecc4b0	2	4166274	4176429	42	-0.4674
2615ad42-feb6-48e4-a63c-968c85ecc4b0	2	4182472	52514599	34097	0.0206
2615ad42-feb6-48e4-a63c-968c85ecc4b0	2	52516787	52554404	41	-0.4207
2615ad42-feb6-48e4-a63c-968c85ecc4b0	2	52560811	86710564	21911	0.0194
2615ad42-feb6-48e4-a63c-968c85ecc4b0	2	86725947	86726731	2	-1.716
2615ad42-feb6-48e4-a63c-968c85ecc4b0	2	86743283	87074984	75	0.0371
2615ad42-feb6-48e4-a63c-968c85ecc4b0	2	87079825	87082140	2	-1.4186
2615ad42-feb6-48e4-a63c-968c85ecc4b0	2	87082711	97537802	1858	0.0372
2615ad42-feb6-48e4-a63c-968c85ecc4b0	2	97540809	97545247	3	-1.2531
2615ad42-feb6-48e4-a63c-968c85ecc4b0	2	97545726	171186229	44596	0.0203
2615ad42-feb6-48e4-a63c-968c85ecc4b0	2	171186685	171187244	2	-1.5575
2615ad42-feb6-48e4-a63c-968c85ecc4b0	2	171189792	179553606	5302	0.0166
2615ad42-feb6-48e4-a63c-968c85ecc4b0	2	179553661	179557179	26	-0.774
2615ad42-feb6-48e4-a63c-968c85ecc4b0	2	179557394	228892290	30322	0.0202
2615ad42-feb6-48e4-a63c-968c85ecc4b0	2	228894763	228895120	7	-0.7866
2615ad42-feb6-48e4-a63c-968c85ecc4b0	2	228895197	242147305	8201	0.0197
2615ad42-feb6-48e4-a63c-968c85ecc4b0	3	20930	6604856	5815	0.0095
2615ad42-feb6-48e4-a63c-968c85ecc4b0	3	6609441	6613391	24	-0.7047
2615ad42-feb6-48e4-a63c-968c85ecc4b0	3	6613561	52989195	29870	0.0136
2615ad42-feb6-48e4-a63c-968c85ecc4b0	3	52994359	53005439	41	-0.5976
2615ad42-feb6-48e4-a63c-968c85ecc4b0	3	53005473	75372019	16911	0.0139
2615ad42-feb6-48e4-a63c-968c85ecc4b0	3	75377956	75738966	104	0.1993
2615ad42-feb6-48e4-a63c-968c85ecc4b0	3	75747505	99225632	10931	0.0128
2615ad42-feb6-48e4-a63c-968c85ecc4b0	3	99225667	99226551	13	-1.4329
2615ad42-feb6-48e4-a63c-968c85ecc4b0	3	99226566	99230068	9	-3.6345
2615ad42-feb6-48e4-a63c-968c85ecc4b0	3	99230187	99230464	12	-1.7476
2615ad42-feb6-48e4-a63c-968c85ecc4b0	3	99230470	132273893	20181	0.0106
2615ad42-feb6-48e4-a63c-968c85ecc4b0	3	132273929	132276840	3	-2.4665
2615ad42-feb6-48e4-a63c-968c85ecc4b0	3	132281633	162790480	18817	0.0157
2615ad42-feb6-48e4-a63c-968c85ecc4b0	3	162794869	162898127	64	-1.4291
2615ad42-feb6-48e4-a63c-968c85ecc4b0	3	162906054	162908207	6	-0.5025
2615ad42-feb6-48e4-a63c-968c85ecc4b0	3	162908784	190538297	17326	0.0148
2615ad42-feb6-48e4-a63c-968c85ecc4b0	3	190542248	190542906	3	-1.5213
2615ad42-feb6-48e4-a63c-968c85ecc4b0	3	190543126	190627729	92	-0.02
2615ad42-feb6-48e4-a63c-968c85ecc4b0	3	190628429	190628736	2	-1.4023
2615ad42-feb6-48e4-a63c-968c85ecc4b0	3	190631691	193160113	1739	0.0213
2615ad42-feb6-48e4-a63c-968c85ecc4b0	3	193160173	193165114	19	-0.7609
2615ad42-feb6-48e4-a63c-968c85ecc4b0	3	193168646	194938217	1181	0.0251
2615ad42-feb6-48e4-a63c-968c85ecc4b0	3	194938369	194952897	5	-0.743
2615ad42-feb6-48e4-a63c-968c85ecc4b0	3	194953385	195558822	294	0.0236
2615ad42-feb6-48e4-a63c-968c85ecc4b0	3	195559056	195747892	45	0.3755
2615ad42-feb6-48e4-a63c-968c85ecc4b0	3	195751823	198169247	1164	0.0152
2615ad42-feb6-48e4-a63c-968c85ecc4b0	4	68929	10208766	5703	0.0189
2615ad42-feb6-48e4-a63c-968c85ecc4b0	4	10212536	10233644	36	1.1917
2615ad42-feb6-48e4-a63c-968c85ecc4b0	4	10234518	10389091	171	0.0166
2615ad42-feb6-48e4-a63c-968c85ecc4b0	4	10390730	10399044	15	-1.9783
2615ad42-feb6-48e4-a63c-968c85ecc4b0	4	10401094	68378716	36263	0.0138
2615ad42-feb6-48e4-a63c-968c85ecc4b0	4	68389352	68620261	87	-0.304
2615ad42-feb6-48e4-a63c-968c85ecc4b0	4	68623617	69257792	315	0.0382
2615ad42-feb6-48e4-a63c-968c85ecc4b0	4	69261926	69366081	54	-1.6935
2615ad42-feb6-48e4-a63c-968c85ecc4b0	4	69366304	137171266	40569	0.0122
2615ad42-feb6-48e4-a63c-968c85ecc4b0	4	137171362	137173818	14	-0.7735
2615ad42-feb6-48e4-a63c-968c85ecc4b0	4	137173967	150955199	8347	0.0167
2615ad42-feb6-48e4-a63c-968c85ecc4b0	4	150955254	150963148	22	-0.707
2615ad42-feb6-48e4-a63c-968c85ecc4b0	4	150963154	151091949	60	0.0593
2615ad42-feb6-48e4-a63c-968c85ecc4b0	4	151092830	151099625	2	-1.0641
2615ad42-feb6-48e4-a63c-968c85ecc4b0	4	151099962	151868241	392	0.0334
2615ad42-feb6-48e4-a63c-968c85ecc4b0	4	151868634	151871415	13	-1.0552
2615ad42-feb6-48e4-a63c-968c85ecc4b0	4	151871739	151873707	4	0.5876
2615ad42-feb6-48e4-a63c-968c85ecc4b0	4	151874236	155544346	2377	0.0104
2615ad42-feb6-48e4-a63c-968c85ecc4b0	4	155544482	155544897	2	-1.1668
2615ad42-feb6-48e4-a63c-968c85ecc4b0	4	155549403	157639971	1416	0.0104
2615ad42-feb6-48e4-a63c-968c85ecc4b0	4	157639988	157640195	2	-1.0691
2615ad42-feb6-48e4-a63c-968c85ecc4b0	4	157640336	160120152	1435	0.0066
2615ad42-feb6-48e4-a63c-968c85ecc4b0	4	160131622	160149637	39	-0.937
2615ad42-feb6-48e4-a63c-968c85ecc4b0	4	160162718	171448195	7276	0.0137
2615ad42-feb6-48e4-a63c-968c85ecc4b0	4	171453733	171456559	10	1.0915
2615ad42-feb6-48e4-a63c-968c85ecc4b0	4	171456573	172068222	403	0.0097
2615ad42-feb6-48e4-a63c-968c85ecc4b0	4	172068257	172068354	5	-1.644
2615ad42-feb6-48e4-a63c-968c85ecc4b0	4	172068368	184838776	8572	0.0161
2615ad42-feb6-48e4-a63c-968c85ecc4b0	4	184842139	184857596	11	-1.0262
2615ad42-feb6-48e4-a63c-968c85ecc4b0	4	184857825	188323737	2389	0.0131
2615ad42-feb6-48e4-a63c-968c85ecc4b0	4	188328503	188344900	20	-0.9634
2615ad42-feb6-48e4-a63c-968c85ecc4b0	4	188347504	190106768	1084	0.011
2615ad42-feb6-48e4-a63c-968c85ecc4b0	5	15532	717446	312	0.0134
2615ad42-feb6-48e4-a63c-968c85ecc4b0	5	717794	817735	27	-0.2952
2615ad42-feb6-48e4-a63c-968c85ecc4b0	5	817877	12800777	9845	0.0061
2615ad42-feb6-48e4-a63c-968c85ecc4b0	5	12815668	12819964	9	-1.301
2615ad42-feb6-48e4-a63c-968c85ecc4b0	5	12824299	17502763	3162	0.0066
2615ad42-feb6-48e4-a63c-968c85ecc4b0	5	17504068	17515692	8	-0.9007
2615ad42-feb6-48e4-a63c-968c85ecc4b0	5	17601444	27865373	6052	0.0128
2615ad42-feb6-48e4-a63c-968c85ecc4b0	5	27867731	27888498	15	-0.921
2615ad42-feb6-48e4-a63c-968c85ecc4b0	5	27892894	62277545	19170	0.012
2615ad42-feb6-48e4-a63c-968c85ecc4b0	5	62279164	62280446	3	-1.2519
2615ad42-feb6-48e4-a63c-968c85ecc4b0	5	62286365	124206635	37351	0.0154
2615ad42-feb6-48e4-a63c-968c85ecc4b0	5	124207082	124209608	2	-1.5882
2615ad42-feb6-48e4-a63c-968c85ecc4b0	5	124209659	150825938	16427	0.0133
2615ad42-feb6-48e4-a63c-968c85ecc4b0	5	150826533	150839042	7	-0.863
2615ad42-feb6-48e4-a63c-968c85ecc4b0	5	150843825	166249698	10376	0.0142
2615ad42-feb6-48e4-a63c-968c85ecc4b0	5	166250539	166251121	2	-1.2626
2615ad42-feb6-48e4-a63c-968c85ecc4b0	5	166251210	180951888	9871	0.0144
2615ad42-feb6-48e4-a63c-968c85ecc4b0	5	180953203	181015400	20	-0.3471
2615ad42-feb6-48e4-a63c-968c85ecc4b0	5	181015441	181363319	167	0.0042
2615ad42-feb6-48e4-a63c-968c85ecc4b0	6	149661	254283	101	0.0002
2615ad42-feb6-48e4-a63c-968c85ecc4b0	6	257353	381149	100	0.3804
2615ad42-feb6-48e4-a63c-968c85ecc4b0	6	382559	72153222	45697	0.0157
2615ad42-feb6-48e4-a63c-968c85ecc4b0	6	72156821	72157169	2	-1.9255
2615ad42-feb6-48e4-a63c-968c85ecc4b0	6	72158860	73878589	1082	0.0124
2615ad42-feb6-48e4-a63c-968c85ecc4b0	6	73880597	73885018	11	-0.4741
2615ad42-feb6-48e4-a63c-968c85ecc4b0	6	73885038	76305231	1474	0.0135
2615ad42-feb6-48e4-a63c-968c85ecc4b0	6	76307183	76307209	3	-1.0941
2615ad42-feb6-48e4-a63c-968c85ecc4b0	6	76307276	76726815	294	0.0384
2615ad42-feb6-48e4-a63c-968c85ecc4b0	6	76730151	76743040	21	-0.6502
2615ad42-feb6-48e4-a63c-968c85ecc4b0	6	76751356	78253172	977	0.0129
2615ad42-feb6-48e4-a63c-968c85ecc4b0	6	78259348	78325468	113	-0.458
2615ad42-feb6-48e4-a63c-968c85ecc4b0	6	78329517	170741917	59659	0.013
2615ad42-feb6-48e4-a63c-968c85ecc4b0	7	43355	15190357	10223	0.0189
2615ad42-feb6-48e4-a63c-968c85ecc4b0	7	15191067	15191106	2	-1.6604
2615ad42-feb6-48e4-a63c-968c85ecc4b0	7	15194883	110027491	56842	0.0159
2615ad42-feb6-48e4-a63c-968c85ecc4b0	7	110027515	110028132	2	-1.4198
2615ad42-feb6-48e4-a63c-968c85ecc4b0	7	110041099	126404869	9882	0.0192
2615ad42-feb6-48e4-a63c-968c85ecc4b0	7	126404920	126406827	19	0.7517
2615ad42-feb6-48e4-a63c-968c85ecc4b0	7	126412712	142062894	9917	0.0166
2615ad42-feb6-48e4-a63c-968c85ecc4b0	7	142063324	142092307	35	0.329
2615ad42-feb6-48e4-a63c-968c85ecc4b0	7	142099190	143802294	924	0.0108
2615ad42-feb6-48e4-a63c-968c85ecc4b0	7	143846758	143850179	9	-0.9569
2615ad42-feb6-48e4-a63c-968c85ecc4b0	7	143875073	150587526	4115	0.0139
2615ad42-feb6-48e4-a63c-968c85ecc4b0	7	150587627	150615073	14	-0.8209
2615ad42-feb6-48e4-a63c-968c85ecc4b0	7	150615561	159334314	5801	0.0152
2615ad42-feb6-48e4-a63c-968c85ecc4b0	8	81254	1418902	897	0.0029
2615ad42-feb6-48e4-a63c-968c85ecc4b0	8	1419196	1419436	2	-1.7468
2615ad42-feb6-48e4-a63c-968c85ecc4b0	8	1419522	7329124	6828	0.0111
2615ad42-feb6-48e4-a63c-968c85ecc4b0	8	7336299	7930163	48	0.461
2615ad42-feb6-48e4-a63c-968c85ecc4b0	8	7930192	8085660	8	-0.1264
2615ad42-feb6-48e4-a63c-968c85ecc4b0	8	8101440	8110806	4	0.864
2615ad42-feb6-48e4-a63c-968c85ecc4b0	8	8120447	11993647	3211	0.0109
2615ad42-feb6-48e4-a63c-968c85ecc4b0	8	11998246	12624470	75	0.2986
2615ad42-feb6-48e4-a63c-968c85ecc4b0	8	12624538	16552380	3650	0.0177
2615ad42-feb6-48e4-a63c-968c85ecc4b0	8	16555549	16555587	2	-1.3846
2615ad42-feb6-48e4-a63c-968c85ecc4b0	8	16557445	23147644	5351	0.0172
2615ad42-feb6-48e4-a63c-968c85ecc4b0	8	23148300	23148663	3	-1.0189
2615ad42-feb6-48e4-a63c-968c85ecc4b0	8	23149665	39378084	10427	0.012
2615ad42-feb6-48e4-a63c-968c85ecc4b0	8	39389156	39529446	58	0.3684
2615ad42-feb6-48e4-a63c-968c85ecc4b0	8	39530780	145072769	64906	0.0162
2615ad42-feb6-48e4-a63c-968c85ecc4b0	9	46587	41741113	31285	0.0162
2615ad42-feb6-48e4-a63c-968c85ecc4b0	9	42014203	42585140	39	-0.4892
2615ad42-feb6-48e4-a63c-968c85ecc4b0	9	42697878	42715632	9	1.0644
2615ad42-feb6-48e4-a63c-968c85ecc4b0	9	42719891	61580999	66	0.3622
2615ad42-feb6-48e4-a63c-968c85ecc4b0	9	61581625	61647899	9	1.0622
2615ad42-feb6-48e4-a63c-968c85ecc4b0	9	61665362	63580418	38	0.1333
2615ad42-feb6-48e4-a63c-968c85ecc4b0	9	63590317	63590323	4	0.9119
2615ad42-feb6-48e4-a63c-968c85ecc4b0	9	63590325	64493528	53	0.1276
2615ad42-feb6-48e4-a63c-968c85ecc4b0	9	64495298	64507211	7	-0.6857
2615ad42-feb6-48e4-a63c-968c85ecc4b0	9	64510407	88200773	14429	0.0187
2615ad42-feb6-48e4-a63c-968c85ecc4b0	9	88204848	88207198	5	-1.1887
2615ad42-feb6-48e4-a63c-968c85ecc4b0	9	88208131	103804216	10431	0.0089
2615ad42-feb6-48e4-a63c-968c85ecc4b0	9	103806415	103807009	2	-3.0628
2615ad42-feb6-48e4-a63c-968c85ecc4b0	9	103808421	110187430	5046	0.0136
2615ad42-feb6-48e4-a63c-968c85ecc4b0	9	110188025	110190820	6	0.6371
2615ad42-feb6-48e4-a63c-968c85ecc4b0	9	110194413	114318216	2957	0.0156
2615ad42-feb6-48e4-a63c-968c85ecc4b0	9	114320531	114326042	3	-0.9675
2615ad42-feb6-48e4-a63c-968c85ecc4b0	9	114330749	138200944	15097	0.0132
2615ad42-feb6-48e4-a63c-968c85ecc4b0	10	45792	15133459	12793	0.0162
2615ad42-feb6-48e4-a63c-968c85ecc4b0	10	15134814	15138452	4	-1.3302
2615ad42-feb6-48e4-a63c-968c85ecc4b0	10	15141989	24086334	6389	0.0164
2615ad42-feb6-48e4-a63c-968c85ecc4b0	10	24088745	24089979	12	0.8443
2615ad42-feb6-48e4-a63c-968c85ecc4b0	10	24090022	26934974	1982	0.0106
2615ad42-feb6-48e4-a63c-968c85ecc4b0	10	26936975	26938795	7	-0.9049
2615ad42-feb6-48e4-a63c-968c85ecc4b0	10	26938836	30957581	3022	0.024
2615ad42-feb6-48e4-a63c-968c85ecc4b0	10	30962405	30962850	11	-0.6669
2615ad42-feb6-48e4-a63c-968c85ecc4b0	10	30962893	37166217	4093	0.0146
2615ad42-feb6-48e4-a63c-968c85ecc4b0	10	37172220	37178686	2	1.3299
2615ad42-feb6-48e4-a63c-968c85ecc4b0	10	37190486	43029180	1198	0.0194
2615ad42-feb6-48e4-a63c-968c85ecc4b0	10	43029253	43030294	2	-1.3107
2615ad42-feb6-48e4-a63c-968c85ecc4b0	10	43030575	46225795	2000	0.0224
2615ad42-feb6-48e4-a63c-968c85ecc4b0	10	46226215	46231401	6	-0.8202
2615ad42-feb6-48e4-a63c-968c85ecc4b0	10	46232190	46553922	165	0.0057
2615ad42-feb6-48e4-a63c-968c85ecc4b0	10	46554143	46967412	28	0.376
2615ad42-feb6-48e4-a63c-968c85ecc4b0	10	47002596	51443026	2574	0.0147
2615ad42-feb6-48e4-a63c-968c85ecc4b0	10	51445316	51450517	6	-1.0917
2615ad42-feb6-48e4-a63c-968c85ecc4b0	10	51457463	52761416	1036	0.0159
2615ad42-feb6-48e4-a63c-968c85ecc4b0	10	52769604	52774554	13	-0.8926
2615ad42-feb6-48e4-a63c-968c85ecc4b0	10	52774701	64221614	8141	0.0105
2615ad42-feb6-48e4-a63c-968c85ecc4b0	10	64224676	64226595	4	-1.1472
2615ad42-feb6-48e4-a63c-968c85ecc4b0	10	64234668	65546518	901	-0.0025
2615ad42-feb6-48e4-a63c-968c85ecc4b0	10	65548165	65554688	28	-1.8025
2615ad42-feb6-48e4-a63c-968c85ecc4b0	10	65563037	119132174	35473	0.0154
2615ad42-feb6-48e4-a63c-968c85ecc4b0	10	119133095	119133610	3	-1.1545
2615ad42-feb6-48e4-a63c-968c85ecc4b0	10	119133907	122574497	2833	0.017
2615ad42-feb6-48e4-a63c-968c85ecc4b0	10	122584593	122591497	6	-1.0034
2615ad42-feb6-48e4-a63c-968c85ecc4b0	10	122597296	133654968	7892	0.0128
2615ad42-feb6-48e4-a63c-968c85ecc4b0	11	198510	4946420	2417	0.0204
2615ad42-feb6-48e4-a63c-968c85ecc4b0	11	4947280	4955042	30	0.5187
2615ad42-feb6-48e4-a63c-968c85ecc4b0	11	4955781	5500921	539	-0.0114
2615ad42-feb6-48e4-a63c-968c85ecc4b0	11	5500945	5501334	5	-0.7837
2615ad42-feb6-48e4-a63c-968c85ecc4b0	11	5502363	5762693	238	0.022
2615ad42-feb6-48e4-a63c-968c85ecc4b0	11	5766175	5788231	35	0.3327
2615ad42-feb6-48e4-a63c-968c85ecc4b0	11	5791130	18919323	9402	0.0156
2615ad42-feb6-48e4-a63c-968c85ecc4b0	11	18927525	18939855	39	0.5501
2615ad42-feb6-48e4-a63c-968c85ecc4b0	11	18940050	135074876	74093	0.0139
2615ad42-feb6-48e4-a63c-968c85ecc4b0	12	51460	1838027	1052	0.0019
2615ad42-feb6-48e4-a63c-968c85ecc4b0	12	1840885	1876073	37	-0.994
2615ad42-feb6-48e4-a63c-968c85ecc4b0	12	1877084	4279366	1797	0.0115
2615ad42-feb6-48e4-a63c-968c85ecc4b0	12	4279989	4280040	4	-1.2067
2615ad42-feb6-48e4-a63c-968c85ecc4b0	12	4280183	29726104	17352	0.015
2615ad42-feb6-48e4-a63c-968c85ecc4b0	12	29729384	29739685	6	-1.2995
2615ad42-feb6-48e4-a63c-968c85ecc4b0	12	29743995	30087238	258	0.0033
2615ad42-feb6-48e4-a63c-968c85ecc4b0	12	30087363	30090642	9	-0.5862
2615ad42-feb6-48e4-a63c-968c85ecc4b0	12	30090657	33141726	2254	0.0149
2615ad42-feb6-48e4-a63c-968c85ecc4b0	12	33148472	33154440	27	-0.5065
2615ad42-feb6-48e4-a63c-968c85ecc4b0	12	33155426	43026154	4120	0.0167
2615ad42-feb6-48e4-a63c-968c85ecc4b0	12	43026726	43026950	2	-1.7422
2615ad42-feb6-48e4-a63c-968c85ecc4b0	12	43033505	45506042	1458	0.0056
2615ad42-feb6-48e4-a63c-968c85ecc4b0	12	45510655	45515754	4	0.9902
2615ad42-feb6-48e4-a63c-968c85ecc4b0	12	45519509	81228103	22045	0.0153
2615ad42-feb6-48e4-a63c-968c85ecc4b0	12	81229087	81229274	2	-1.3721
2615ad42-feb6-48e4-a63c-968c85ecc4b0	12	81232422	99398036	11631	0.0117
2615ad42-feb6-48e4-a63c-968c85ecc4b0	12	99401515	99404956	31	-0.3761
2615ad42-feb6-48e4-a63c-968c85ecc4b0	12	99409315	133201603	22703	0.0158
2615ad42-feb6-48e4-a63c-968c85ecc4b0	13	18452809	23055048	2855	0.021
2615ad42-feb6-48e4-a63c-968c85ecc4b0	13	23055071	23059376	13	-1.8563
2615ad42-feb6-48e4-a63c-968c85ecc4b0	13	23064056	37496998	10614	0.0119
2615ad42-feb6-48e4-a63c-968c85ecc4b0	13	37497899	37510620	16	0.43
2615ad42-feb6-48e4-a63c-968c85ecc4b0	13	37514193	52505209	9899	0.0138
2615ad42-feb6-48e4-a63c-968c85ecc4b0	13	52513751	52520664	3	-1.1256
2615ad42-feb6-48e4-a63c-968c85ecc4b0	13	52523849	105923892	34803	0.0144
2615ad42-feb6-48e4-a63c-968c85ecc4b0	13	105924147	105924980	2	-1.6927
2615ad42-feb6-48e4-a63c-968c85ecc4b0	13	105925718	114342922	5935	0.0126
2615ad42-feb6-48e4-a63c-968c85ecc4b0	14	18239283	19289821	45	-0.0116
2615ad42-feb6-48e4-a63c-968c85ecc4b0	14	19294457	19298389	3	-1.0543
2615ad42-feb6-48e4-a63c-968c85ecc4b0	14	19326853	19689684	16	0.318
2615ad42-feb6-48e4-a63c-968c85ecc4b0	14	19732024	19955213	103	-0.4298
2615ad42-feb6-48e4-a63c-968c85ecc4b0	14	19956767	106877229	55209	0.0146
2615ad42-feb6-48e4-a63c-968c85ecc4b0	15	19811075	20670989	151	-0.0421
2615ad42-feb6-48e4-a63c-968c85ecc4b0	15	20981071	20982677	2	1.2541
2615ad42-feb6-48e4-a63c-968c85ecc4b0	15	20986779	30215235	4682	0.0173
2615ad42-feb6-48e4-a63c-968c85ecc4b0	15	30230885	30281121	9	-0.7979
2615ad42-feb6-48e4-a63c-968c85ecc4b0	15	30284526	32283641	1079	0.0191
2615ad42-feb6-48e4-a63c-968c85ecc4b0	15	32285940	32519403	14	0.4312
2615ad42-feb6-48e4-a63c-968c85ecc4b0	15	32520328	33981703	1253	0.0186
2615ad42-feb6-48e4-a63c-968c85ecc4b0	15	33983061	33985310	5	-1.1864
2615ad42-feb6-48e4-a63c-968c85ecc4b0	15	33987030	83871965	31144	0.016
2615ad42-feb6-48e4-a63c-968c85ecc4b0	15	83871986	83874798	6	-0.9599
2615ad42-feb6-48e4-a63c-968c85ecc4b0	15	83878525	101928837	13188	0.0162
2615ad42-feb6-48e4-a63c-968c85ecc4b0	16	10777	10031760	7477	0.0176
2615ad42-feb6-48e4-a63c-968c85ecc4b0	16	10032903	10033376	2	-1.746
2615ad42-feb6-48e4-a63c-968c85ecc4b0	16	10034098	14895982	3620	0.0079
2615ad42-feb6-48e4-a63c-968c85ecc4b0	16	14954911	15034129	55	0.3299
2615ad42-feb6-48e4-a63c-968c85ecc4b0	16	15036048	17031959	812	0.0211
2615ad42-feb6-48e4-a63c-968c85ecc4b0	16	17033209	17038241	7	-0.7676
2615ad42-feb6-48e4-a63c-968c85ecc4b0	16	17038317	55762682	14942	0.0161
2615ad42-feb6-48e4-a63c-968c85ecc4b0	16	55764310	55764867	3	2.3459
2615ad42-feb6-48e4-a63c-968c85ecc4b0	16	55770436	55775312	6	0.8111
2615ad42-feb6-48e4-a63c-968c85ecc4b0	16	55775554	55788532	9	0.2328
2615ad42-feb6-48e4-a63c-968c85ecc4b0	16	55808442	78337711	14270	0.0152
2615ad42-feb6-48e4-a63c-968c85ecc4b0	16	78338543	78347366	14	-2.0434
2615ad42-feb6-48e4-a63c-968c85ecc4b0	16	78349243	85062016	7288	0.0166
2615ad42-feb6-48e4-a63c-968c85ecc4b0	16	85065645	85093377	17	-0.4095
2615ad42-feb6-48e4-a63c-968c85ecc4b0	16	85093912	90096867	3313	0.0195
2615ad42-feb6-48e4-a63c-968c85ecc4b0	17	150733	46085732	23328	0.0122
2615ad42-feb6-48e4-a63c-968c85ecc4b0	17	46088437	46286804	124	0.2915
2615ad42-feb6-48e4-a63c-968c85ecc4b0	17	46323701	46569894	5	1.6233
2615ad42-feb6-48e4-a63c-968c85ecc4b0	17	46571001	56081683	5801	0.0143
2615ad42-feb6-48e4-a63c-968c85ecc4b0	17	56083553	56095230	26	-0.8405
2615ad42-feb6-48e4-a63c-968c85ecc4b0	17	56095462	76644031	12436	0.0142
2615ad42-feb6-48e4-a63c-968c85ecc4b0	17	76645768	76645999	3	-1.1226
2615ad42-feb6-48e4-a63c-968c85ecc4b0	17	76648812	83091923	3295	0.0111
2615ad42-feb6-48e4-a63c-968c85ecc4b0	18	48133	60597221	36481	0.0156
2615ad42-feb6-48e4-a63c-968c85ecc4b0	18	60598865	60645984	26	0.6031
2615ad42-feb6-48e4-a63c-968c85ecc4b0	18	60646262	80257174	14210	0.011
2615ad42-feb6-48e4-a63c-968c85ecc4b0	19	90910	21632117	9606	0.0142
2615ad42-feb6-48e4-a63c-968c85ecc4b0	19	21632838	21637309	3	-1.4844
2615ad42-feb6-48e4-a63c-968c85ecc4b0	19	21638735	53013829	16092	0.0145
2615ad42-feb6-48e4-a63c-968c85ecc4b0	19	53015494	53044108	21	0.4378
2615ad42-feb6-48e4-a63c-968c85ecc4b0	19	53048976	54215136	773	0.0336
2615ad42-feb6-48e4-a63c-968c85ecc4b0	19	54226329	54237443	16	0.8934
2615ad42-feb6-48e4-a63c-968c85ecc4b0	19	54249482	58586487	2588	0.0206
2615ad42-feb6-48e4-a63c-968c85ecc4b0	20	80664	1580934	1204	0.0111
2615ad42-feb6-48e4-a63c-968c85ecc4b0	20	1581021	1601446	34	0.8492
2615ad42-feb6-48e4-a63c-968c85ecc4b0	20	1601561	4057725	1701	0.0173
2615ad42-feb6-48e4-a63c-968c85ecc4b0	20	4058019	4058537	2	-1.4284
2615ad42-feb6-48e4-a63c-968c85ecc4b0	20	4060093	21867305	14037	0.0143
2615ad42-feb6-48e4-a63c-968c85ecc4b0	20	21868325	21868758	2	-1.3333
2615ad42-feb6-48e4-a63c-968c85ecc4b0	20	21870148	30193847	3024	0.0165
2615ad42-feb6-48e4-a63c-968c85ecc4b0	20	30206919	30271154	14	-0.5447
2615ad42-feb6-48e4-a63c-968c85ecc4b0	20	30293217	32979039	874	0.022
2615ad42-feb6-48e4-a63c-968c85ecc4b0	20	32983165	32983216	2	-1.1935
2615ad42-feb6-48e4-a63c-968c85ecc4b0	20	32984094	64324800	21461	0.0169
2615ad42-feb6-48e4-a63c-968c85ecc4b0	21	10354168	46677045	23859	0.0165
2615ad42-feb6-48e4-a63c-968c85ecc4b0	22	15294547	22119549	3120	0.0311
2615ad42-feb6-48e4-a63c-968c85ecc4b0	22	22119654	22120255	5	-0.7875
2615ad42-feb6-48e4-a63c-968c85ecc4b0	22	22127104	23929558	1256	0.0279
2615ad42-feb6-48e4-a63c-968c85ecc4b0	22	23940911	23990739	18	0.6245
2615ad42-feb6-48e4-a63c-968c85ecc4b0	22	23995113	42496576	12748	0.0121
2615ad42-feb6-48e4-a63c-968c85ecc4b0	22	42496590	42559425	27	0.414
2615ad42-feb6-48e4-a63c-968c85ecc4b0	22	42559782	50796027	6096	0.0173
2615ad42-feb6-48e4-a63c-968c85ecc4b0	X	251810	91766052	47297	0.0135
2615ad42-feb6-48e4-a63c-968c85ecc4b0	X	91768485	91770715	2	-1.4925
2615ad42-feb6-48e4-a63c-968c85ecc4b0	X	91775017	155952689	36337	0.0152
2615ad42-feb6-48e4-a63c-968c85ecc4b0	Y	2782397	6075631	717	-2.4148
2615ad42-feb6-48e4-a63c-968c85ecc4b0	Y	6076562	22804854	5717	-2.8109
2615ad42-feb6-48e4-a63c-968c85ecc4b0	Y	22913244	56872112	202	-2.3849
