GDC_Aliquot	Chromosome	Start	End	Num_Probes	Segment_Mean
10606551-e3b6-4477-b53e-ea30a142a983	1	62920	86341	11	0.6719
10606551-e3b6-4477-b53e-ea30a142a983	1	98588	3563585	851	-0.065
10606551-e3b6-4477-b53e-ea30a142a983	1	3577515	34626073	18121	0.0064
10606551-e3b6-4477-b53e-ea30a142a983	1	34637053	34638890	20	-0.7445
10606551-e3b6-4477-b53e-ea30a142a983	1	34648667	55257768	11502	0.0143
10606551-e3b6-4477-b53e-ea30a142a983	1	55258350	55258626	6	-2.3135
10606551-e3b6-4477-b53e-ea30a142a983	1	55263695	72284670	12241	0.0126
10606551-e3b6-4477-b53e-ea30a142a983	1	72290430	72297687	9	-1.0412
10606551-e3b6-4477-b53e-ea30a142a983	1	72302735	72345393	46	0.3405
10606551-e3b6-4477-b53e-ea30a142a983	1	72345450	105756923	21177	0.0175
10606551-e3b6-4477-b53e-ea30a142a983	1	105763866	105773232	8	-0.7419
10606551-e3b6-4477-b53e-ea30a142a983	1	105778334	106679096	562	0.0332
10606551-e3b6-4477-b53e-ea30a142a983	1	106679528	106680860	5	-0.8561
10606551-e3b6-4477-b53e-ea30a142a983	1	106682554	109684893	1857	0.0272
10606551-e3b6-4477-b53e-ea30a142a983	1	109690352	109697556	13	1.3174
10606551-e3b6-4477-b53e-ea30a142a983	1	109702376	110834943	837	0.0089
10606551-e3b6-4477-b53e-ea30a142a983	1	110834946	110845604	37	-0.6814
10606551-e3b6-4477-b53e-ea30a142a983	1	110849445	112147704	1075	0.0178
10606551-e3b6-4477-b53e-ea30a142a983	1	112153343	112154768	25	-0.4015
10606551-e3b6-4477-b53e-ea30a142a983	1	112163334	112395165	210	0.0216
10606551-e3b6-4477-b53e-ea30a142a983	1	112395518	112395875	2	-1.6209
10606551-e3b6-4477-b53e-ea30a142a983	1	112399578	143734438	5043	0.0111
10606551-e3b6-4477-b53e-ea30a142a983	1	143748012	143760271	21	0.46
10606551-e3b6-4477-b53e-ea30a142a983	1	143762042	152583051	2323	0.0224
10606551-e3b6-4477-b53e-ea30a142a983	1	152583230	152614118	35	1.2097
10606551-e3b6-4477-b53e-ea30a142a983	1	152618018	152784298	164	0.0374
10606551-e3b6-4477-b53e-ea30a142a983	1	152784330	152796224	40	0.449
10606551-e3b6-4477-b53e-ea30a142a983	1	152801429	158545295	3292	0.0417
10606551-e3b6-4477-b53e-ea30a142a983	1	158547206	158555761	18	-0.8006
10606551-e3b6-4477-b53e-ea30a142a983	1	158555845	179470495	14662	0.0449
10606551-e3b6-4477-b53e-ea30a142a983	1	179476998	179478146	2	-1.619
10606551-e3b6-4477-b53e-ea30a142a983	1	179478408	187746723	5516	0.0444
10606551-e3b6-4477-b53e-ea30a142a983	1	187748429	187752238	2	1.3108
10606551-e3b6-4477-b53e-ea30a142a983	1	187755479	196762956	5973	0.0539
10606551-e3b6-4477-b53e-ea30a142a983	1	196769493	196846661	57	-0.4275
10606551-e3b6-4477-b53e-ea30a142a983	1	196847600	199142235	1375	0.0644
10606551-e3b6-4477-b53e-ea30a142a983	1	199142298	199145110	9	-0.7293
10606551-e3b6-4477-b53e-ea30a142a983	1	199145262	231852378	22015	0.0481
10606551-e3b6-4477-b53e-ea30a142a983	1	231855385	231855945	2	-1.5817
10606551-e3b6-4477-b53e-ea30a142a983	1	231856747	242884254	8614	0.0451
10606551-e3b6-4477-b53e-ea30a142a983	1	242885438	243064845	65	-0.2075
10606551-e3b6-4477-b53e-ea30a142a983	1	243094761	248645808	3592	0.042
10606551-e3b6-4477-b53e-ea30a142a983	1	248646068	248661836	2	1.642
10606551-e3b6-4477-b53e-ea30a142a983	1	248661962	248930189	137	0.063
10606551-e3b6-4477-b53e-ea30a142a983	2	12784	27976597	19653	0.017
10606551-e3b6-4477-b53e-ea30a142a983	2	27978770	27982105	2	-1.6143
10606551-e3b6-4477-b53e-ea30a142a983	2	27982714	34466002	4431	0.0156
10606551-e3b6-4477-b53e-ea30a142a983	2	34474248	34511990	46	0.5217
10606551-e3b6-4477-b53e-ea30a142a983	2	34512096	46262993	8704	0.0172
10606551-e3b6-4477-b53e-ea30a142a983	2	46263662	46265133	2	-1.6909
10606551-e3b6-4477-b53e-ea30a142a983	2	46265543	52527330	4294	0.0238
10606551-e3b6-4477-b53e-ea30a142a983	2	52527342	52554404	39	0.5771
10606551-e3b6-4477-b53e-ea30a142a983	2	52560811	81583448	18944	0.012
10606551-e3b6-4477-b53e-ea30a142a983	2	81585057	81589170	10	-0.925
10606551-e3b6-4477-b53e-ea30a142a983	2	81590015	87256891	3084	-0.0015
10606551-e3b6-4477-b53e-ea30a142a983	2	87260822	87286164	10	-0.383
10606551-e3b6-4477-b53e-ea30a142a983	2	87287256	87295819	3	-1.6298
10606551-e3b6-4477-b53e-ea30a142a983	2	87299357	89920951	724	-0.0166
10606551-e3b6-4477-b53e-ea30a142a983	2	89928014	90224032	122	-0.8927
10606551-e3b6-4477-b53e-ea30a142a983	2	90228220	92060082	66	-0.1834
10606551-e3b6-4477-b53e-ea30a142a983	2	92068872	97065396	809	0.0262
10606551-e3b6-4477-b53e-ea30a142a983	2	97067046	97188422	47	-0.1264
10606551-e3b6-4477-b53e-ea30a142a983	2	97192190	97211436	15	-1.0625
10606551-e3b6-4477-b53e-ea30a142a983	2	97310327	97359885	13	-0.0545
10606551-e3b6-4477-b53e-ea30a142a983	2	97524284	97545247	8	0.6626
10606551-e3b6-4477-b53e-ea30a142a983	2	97545726	106265177	5572	0.0125
10606551-e3b6-4477-b53e-ea30a142a983	2	106266773	106268901	8	0.7862
10606551-e3b6-4477-b53e-ea30a142a983	2	106270799	113566886	3779	0.0091
10606551-e3b6-4477-b53e-ea30a142a983	2	113569606	113626776	8	-1.0047
10606551-e3b6-4477-b53e-ea30a142a983	2	113631886	117454069	2339	0.0221
10606551-e3b6-4477-b53e-ea30a142a983	2	117454777	117488744	19	-0.4349
10606551-e3b6-4477-b53e-ea30a142a983	2	117488844	122819680	3436	0.0037
10606551-e3b6-4477-b53e-ea30a142a983	2	122824272	125731502	1916	0.0586
10606551-e3b6-4477-b53e-ea30a142a983	2	125734020	128880504	1890	0.0114
10606551-e3b6-4477-b53e-ea30a142a983	2	128880904	128882723	14	0.4751
10606551-e3b6-4477-b53e-ea30a142a983	2	128882741	130036310	878	0.019
10606551-e3b6-4477-b53e-ea30a142a983	2	130037806	130159591	19	-0.4339
10606551-e3b6-4477-b53e-ea30a142a983	2	130162876	131946511	602	-0.0156
10606551-e3b6-4477-b53e-ea30a142a983	2	131951621	132317728	77	-0.2051
10606551-e3b6-4477-b53e-ea30a142a983	2	132321799	146106861	8844	0.0201
10606551-e3b6-4477-b53e-ea30a142a983	2	146106875	146123531	37	0.6277
10606551-e3b6-4477-b53e-ea30a142a983	2	146123869	184379336	23613	0.0187
10606551-e3b6-4477-b53e-ea30a142a983	2	184392326	184400102	15	-0.6385
10606551-e3b6-4477-b53e-ea30a142a983	2	184400238	185599200	650	0.0463
10606551-e3b6-4477-b53e-ea30a142a983	2	185600161	185986750	195	0.1805
10606551-e3b6-4477-b53e-ea30a142a983	2	185987062	199077270	7409	0.0199
10606551-e3b6-4477-b53e-ea30a142a983	2	199077608	199132883	26	-0.335
10606551-e3b6-4477-b53e-ea30a142a983	2	199132996	202428368	1868	0.0032
10606551-e3b6-4477-b53e-ea30a142a983	2	202431052	202448759	42	-0.6564
10606551-e3b6-4477-b53e-ea30a142a983	2	202448774	241576877	25052	0.0115
10606551-e3b6-4477-b53e-ea30a142a983	2	241578355	241978591	45	-0.2912
10606551-e3b6-4477-b53e-ea30a142a983	2	241978628	242147305	119	-0.035
10606551-e3b6-4477-b53e-ea30a142a983	3	20930	786934	640	0.0647
10606551-e3b6-4477-b53e-ea30a142a983	3	787207	793299	5	-1.9526
10606551-e3b6-4477-b53e-ea30a142a983	3	797883	3735411	2710	0.0599
10606551-e3b6-4477-b53e-ea30a142a983	3	3736417	4149135	387	-0.0615
10606551-e3b6-4477-b53e-ea30a142a983	3	4150955	4155331	4	-2.103
10606551-e3b6-4477-b53e-ea30a142a983	3	4160117	11740208	6024	0.0333
10606551-e3b6-4477-b53e-ea30a142a983	3	11740223	11742352	3	-1.7135
10606551-e3b6-4477-b53e-ea30a142a983	3	11745980	17499108	3963	0.0319
10606551-e3b6-4477-b53e-ea30a142a983	3	17501710	17502521	2	-2.0837
10606551-e3b6-4477-b53e-ea30a142a983	3	17504946	46751887	19432	0.0149
10606551-e3b6-4477-b53e-ea30a142a983	3	46760327	46808099	40	-0.7869
10606551-e3b6-4477-b53e-ea30a142a983	3	46817989	60340488	7814	0.0185
10606551-e3b6-4477-b53e-ea30a142a983	3	60340617	60341077	2	-1.2546
10606551-e3b6-4477-b53e-ea30a142a983	3	60345910	60776842	487	0.0664
10606551-e3b6-4477-b53e-ea30a142a983	3	60777727	60784837	3	-1.1941
10606551-e3b6-4477-b53e-ea30a142a983	3	60785699	62957496	1863	0.0177
10606551-e3b6-4477-b53e-ea30a142a983	3	62957717	62984915	21	-0.41
10606551-e3b6-4477-b53e-ea30a142a983	3	62985533	68682877	4371	0.0182
10606551-e3b6-4477-b53e-ea30a142a983	3	68697013	68697672	8	-1.0038
10606551-e3b6-4477-b53e-ea30a142a983	3	68697689	75458243	4914	0.0127
10606551-e3b6-4477-b53e-ea30a142a983	3	75458741	75519398	24	-0.3899
10606551-e3b6-4477-b53e-ea30a142a983	3	75523398	75537654	5	-1.9209
10606551-e3b6-4477-b53e-ea30a142a983	3	75546030	107314617	15776	0.0152
10606551-e3b6-4477-b53e-ea30a142a983	3	107316951	107317337	2	-1.8312
10606551-e3b6-4477-b53e-ea30a142a983	3	107320614	114936935	4695	0.0071
10606551-e3b6-4477-b53e-ea30a142a983	3	114941745	114950103	7	-2.5571
10606551-e3b6-4477-b53e-ea30a142a983	3	114950171	125993370	6877	0.0085
10606551-e3b6-4477-b53e-ea30a142a983	3	125993427	126003019	28	-0.7504
10606551-e3b6-4477-b53e-ea30a142a983	3	126003489	130068178	2341	0.002
10606551-e3b6-4477-b53e-ea30a142a983	3	130068356	130079892	20	0.6995
10606551-e3b6-4477-b53e-ea30a142a983	3	130079938	130125709	23	-0.1067
10606551-e3b6-4477-b53e-ea30a142a983	3	130129574	130137903	4	-1.4137
10606551-e3b6-4477-b53e-ea30a142a983	3	130141782	147179347	10647	0.0163
10606551-e3b6-4477-b53e-ea30a142a983	3	147179416	147267420	55	0.2672
10606551-e3b6-4477-b53e-ea30a142a983	3	147273967	162822702	9559	0.0104
10606551-e3b6-4477-b53e-ea30a142a983	3	162827928	162908815	50	-0.3684
10606551-e3b6-4477-b53e-ea30a142a983	3	162910826	162996729	70	0.1069
10606551-e3b6-4477-b53e-ea30a142a983	3	162999939	163001774	2	-3.6349
10606551-e3b6-4477-b53e-ea30a142a983	3	163008371	195656271	20596	0.0156
10606551-e3b6-4477-b53e-ea30a142a983	3	195663809	195730018	33	-0.4154
10606551-e3b6-4477-b53e-ea30a142a983	3	195733825	198169247	1176	-0.0198
10606551-e3b6-4477-b53e-ea30a142a983	4	68929	3876063	1567	0.0003
10606551-e3b6-4477-b53e-ea30a142a983	4	3877891	4182970	80	-0.328
10606551-e3b6-4477-b53e-ea30a142a983	4	4183221	9455251	3511	0.0125
10606551-e3b6-4477-b53e-ea30a142a983	4	9459504	9477560	5	1.2448
10606551-e3b6-4477-b53e-ea30a142a983	4	9477699	9657770	48	-0.2309
10606551-e3b6-4477-b53e-ea30a142a983	4	9662039	10208766	493	0.0226
10606551-e3b6-4477-b53e-ea30a142a983	4	10221792	10233644	35	-0.5951
10606551-e3b6-4477-b53e-ea30a142a983	4	10234518	25465555	11121	0.0186
10606551-e3b6-4477-b53e-ea30a142a983	4	25469542	25471145	3	-1.1678
10606551-e3b6-4477-b53e-ea30a142a983	4	25471249	29225148	2479	0.0129
10606551-e3b6-4477-b53e-ea30a142a983	4	29227997	29229022	3	-1.7554
10606551-e3b6-4477-b53e-ea30a142a983	4	29234815	34764075	3356	0.0175
10606551-e3b6-4477-b53e-ea30a142a983	4	34764149	34833940	56	0.4069
10606551-e3b6-4477-b53e-ea30a142a983	4	34837370	68506285	19449	0.0179
10606551-e3b6-4477-b53e-ea30a142a983	4	68509223	68620261	64	-1.6165
10606551-e3b6-4477-b53e-ea30a142a983	4	68623617	69523768	478	0.0371
10606551-e3b6-4477-b53e-ea30a142a983	4	69523998	69525061	3	1.1686
10606551-e3b6-4477-b53e-ea30a142a983	4	69526170	72550201	1751	0.0149
10606551-e3b6-4477-b53e-ea30a142a983	4	72553717	72589026	41	-0.3593
10606551-e3b6-4477-b53e-ea30a142a983	4	72589182	114252544	25417	0.0164
10606551-e3b6-4477-b53e-ea30a142a983	4	114254167	114261019	23	0.6621
10606551-e3b6-4477-b53e-ea30a142a983	4	114263073	137017561	13122	0.0208
10606551-e3b6-4477-b53e-ea30a142a983	4	137017653	137038045	37	0.3127
10606551-e3b6-4477-b53e-ea30a142a983	4	137038129	143996243	4570	0.0136
10606551-e3b6-4477-b53e-ea30a142a983	4	143996396	144091408	44	-0.6149
10606551-e3b6-4477-b53e-ea30a142a983	4	144098643	167367850	14236	0.015
10606551-e3b6-4477-b53e-ea30a142a983	4	167374423	167388182	13	-1.2604
10606551-e3b6-4477-b53e-ea30a142a983	4	167389376	167901873	347	0.0383
10606551-e3b6-4477-b53e-ea30a142a983	4	167904379	167904821	4	0.7937
10606551-e3b6-4477-b53e-ea30a142a983	4	167906799	169700072	1194	0.0226
10606551-e3b6-4477-b53e-ea30a142a983	4	169701019	169701846	2	-1.2133
10606551-e3b6-4477-b53e-ea30a142a983	4	169705401	170523301	500	-0.0057
10606551-e3b6-4477-b53e-ea30a142a983	4	170524787	170526557	2	-1.4932
10606551-e3b6-4477-b53e-ea30a142a983	4	170527083	171448195	580	0.0258
10606551-e3b6-4477-b53e-ea30a142a983	4	171453733	171456307	9	1.2518
10606551-e3b6-4477-b53e-ea30a142a983	4	171456559	175523752	2343	0.0352
10606551-e3b6-4477-b53e-ea30a142a983	4	175524728	175538531	8	-0.6611
10606551-e3b6-4477-b53e-ea30a142a983	4	175539049	178318447	1836	0.0203
10606551-e3b6-4477-b53e-ea30a142a983	4	178320828	178324622	2	-3.6124
10606551-e3b6-4477-b53e-ea30a142a983	4	178325820	184807685	4774	0.0251
10606551-e3b6-4477-b53e-ea30a142a983	4	184810786	184819061	7	-1.9308
10606551-e3b6-4477-b53e-ea30a142a983	4	184823247	190094046	3517	0.005
10606551-e3b6-4477-b53e-ea30a142a983	4	190095009	190106768	3	-1.1465
10606551-e3b6-4477-b53e-ea30a142a983	5	15532	620164	261	-0.0143
10606551-e3b6-4477-b53e-ea30a142a983	5	620371	698390	48	0.5662
10606551-e3b6-4477-b53e-ea30a142a983	5	717264	733497	13	-1.1398
10606551-e3b6-4477-b53e-ea30a142a983	5	741924	801456	14	-0.1118
10606551-e3b6-4477-b53e-ea30a142a983	5	801650	825538	16	0.5931
10606551-e3b6-4477-b53e-ea30a142a983	5	833513	1934883	599	-0.0029
10606551-e3b6-4477-b53e-ea30a142a983	5	1935894	12800777	9240	0.0679
10606551-e3b6-4477-b53e-ea30a142a983	5	12815668	12838421	14	0.7955
10606551-e3b6-4477-b53e-ea30a142a983	5	12849089	12998813	54	0.1616
10606551-e3b6-4477-b53e-ea30a142a983	5	13005102	13014395	3	1.2042
10606551-e3b6-4477-b53e-ea30a142a983	5	13014933	20397543	4835	0.0672
10606551-e3b6-4477-b53e-ea30a142a983	5	20398054	20564172	156	0.201
10606551-e3b6-4477-b53e-ea30a142a983	5	20564211	21370468	416	0.0529
10606551-e3b6-4477-b53e-ea30a142a983	5	21376735	21385957	4	-1.1589
10606551-e3b6-4477-b53e-ea30a142a983	5	21391431	46191782	14980	0.0644
10606551-e3b6-4477-b53e-ea30a142a983	5	46195781	46199333	4	-1.7943
10606551-e3b6-4477-b53e-ea30a142a983	5	46209197	46251204	13	0.1378
10606551-e3b6-4477-b53e-ea30a142a983	5	46270906	46273400	8	1.077
10606551-e3b6-4477-b53e-ea30a142a983	5	46278110	50603013	187	0.0856
10606551-e3b6-4477-b53e-ea30a142a983	5	50603263	50608982	3	-0.9316
10606551-e3b6-4477-b53e-ea30a142a983	5	50609430	55511248	3171	0.0643
10606551-e3b6-4477-b53e-ea30a142a983	5	55511292	58025819	1712	0.0029
10606551-e3b6-4477-b53e-ea30a142a983	5	58030200	58045317	36	-0.2897
10606551-e3b6-4477-b53e-ea30a142a983	5	58046293	59062104	789	0.0174
10606551-e3b6-4477-b53e-ea30a142a983	5	59062174	104515520	26037	0.055
10606551-e3b6-4477-b53e-ea30a142a983	5	104524672	104524903	4	-1.3995
10606551-e3b6-4477-b53e-ea30a142a983	5	104525348	126523222	15010	0.0429
10606551-e3b6-4477-b53e-ea30a142a983	5	126524594	150822643	14784	0.0134
10606551-e3b6-4477-b53e-ea30a142a983	5	150825938	150839042	8	-3.0357
10606551-e3b6-4477-b53e-ea30a142a983	5	150843825	177771448	18451	0.0123
10606551-e3b6-4477-b53e-ea30a142a983	5	177800550	177805604	3	1.9788
10606551-e3b6-4477-b53e-ea30a142a983	5	177827964	179676602	1066	0.0033
10606551-e3b6-4477-b53e-ea30a142a983	5	179676725	179678327	12	-0.5537
10606551-e3b6-4477-b53e-ea30a142a983	5	179681196	180947484	714	-0.0117
10606551-e3b6-4477-b53e-ea30a142a983	5	180947523	180980230	13	-0.6745
10606551-e3b6-4477-b53e-ea30a142a983	5	180987294	181363319	177	-0.0287
10606551-e3b6-4477-b53e-ea30a142a983	6	149661	31318528	22331	0.0139
10606551-e3b6-4477-b53e-ea30a142a983	6	31318754	31342147	10	-1.407
10606551-e3b6-4477-b53e-ea30a142a983	6	31349570	31385862	61	-0.0721
10606551-e3b6-4477-b53e-ea30a142a983	6	31385912	31394533	3	-1.7134
10606551-e3b6-4477-b53e-ea30a142a983	6	31395153	32627306	482	-0.0712
10606551-e3b6-4477-b53e-ea30a142a983	6	32627455	32634330	3	1.3253
10606551-e3b6-4477-b53e-ea30a142a983	6	32634492	45800692	8275	0.0201
10606551-e3b6-4477-b53e-ea30a142a983	6	45801198	45801702	4	-1.0084
10606551-e3b6-4477-b53e-ea30a142a983	6	45802515	45921400	94	0.0437
10606551-e3b6-4477-b53e-ea30a142a983	6	45921601	45922904	3	-0.9172
10606551-e3b6-4477-b53e-ea30a142a983	6	45922970	48964092	2022	0.0238
10606551-e3b6-4477-b53e-ea30a142a983	6	48965433	48967563	4	-0.988
10606551-e3b6-4477-b53e-ea30a142a983	6	48978926	54066477	3307	0.0113
10606551-e3b6-4477-b53e-ea30a142a983	6	54066582	54067057	4	1.8404
10606551-e3b6-4477-b53e-ea30a142a983	6	54070550	66966521	5895	0.0222
10606551-e3b6-4477-b53e-ea30a142a983	6	66966549	66978211	20	0.423
10606551-e3b6-4477-b53e-ea30a142a983	6	66978264	73882085	4473	0.0179
10606551-e3b6-4477-b53e-ea30a142a983	6	73882142	73887573	9	0.7106
10606551-e3b6-4477-b53e-ea30a142a983	6	73887625	76726815	1771	0.0203
10606551-e3b6-4477-b53e-ea30a142a983	6	76730151	76743040	21	-0.5626
10606551-e3b6-4477-b53e-ea30a142a983	6	76751356	78166180	904	0.0286
10606551-e3b6-4477-b53e-ea30a142a983	6	78166217	78222733	41	0.223
10606551-e3b6-4477-b53e-ea30a142a983	6	78224032	78253172	31	0.0113
10606551-e3b6-4477-b53e-ea30a142a983	6	78259348	78263007	13	0.545
10606551-e3b6-4477-b53e-ea30a142a983	6	78263059	78269681	9	0.9507
10606551-e3b6-4477-b53e-ea30a142a983	6	78269717	78304284	39	0.3917
10606551-e3b6-4477-b53e-ea30a142a983	6	78304299	78309523	9	-0.0923
10606551-e3b6-4477-b53e-ea30a142a983	6	78309991	78317798	36	0.4311
10606551-e3b6-4477-b53e-ea30a142a983	6	78318053	93856729	9960	0.0218
10606551-e3b6-4477-b53e-ea30a142a983	6	93857265	94857362	675	0.119
10606551-e3b6-4477-b53e-ea30a142a983	6	94860752	103282678	4837	0.0193
10606551-e3b6-4477-b53e-ea30a142a983	6	103286299	103314186	51	0.7694
10606551-e3b6-4477-b53e-ea30a142a983	6	103317795	170585052	44148	0.0123
10606551-e3b6-4477-b53e-ea30a142a983	6	170587556	170741917	16	-0.9036
10606551-e3b6-4477-b53e-ea30a142a983	7	43355	48458560	34155	0.0099
10606551-e3b6-4477-b53e-ea30a142a983	7	48460860	48461325	3	-1.9593
10606551-e3b6-4477-b53e-ea30a142a983	7	48461955	49602783	803	-0.0052
10606551-e3b6-4477-b53e-ea30a142a983	7	49605372	49610018	3	-2.335
10606551-e3b6-4477-b53e-ea30a142a983	7	49611833	54305455	3502	0.0089
10606551-e3b6-4477-b53e-ea30a142a983	7	54318812	54318821	5	1.5788
10606551-e3b6-4477-b53e-ea30a142a983	7	54318824	56997653	1617	0.0027
10606551-e3b6-4477-b53e-ea30a142a983	7	56999885	57061965	7	-1.254
10606551-e3b6-4477-b53e-ea30a142a983	7	57074459	62905324	540	-0.067
10606551-e3b6-4477-b53e-ea30a142a983	7	62909455	62909456	2	-1.482
10606551-e3b6-4477-b53e-ea30a142a983	7	62924899	65796311	1095	-0.0193
10606551-e3b6-4477-b53e-ea30a142a983	7	65799537	65811213	7	0.8033
10606551-e3b6-4477-b53e-ea30a142a983	7	65811405	67164253	465	0.0104
10606551-e3b6-4477-b53e-ea30a142a983	7	67164342	67179517	7	-1.5973
10606551-e3b6-4477-b53e-ea30a142a983	7	67180245	76514576	4533	0.0088
10606551-e3b6-4477-b53e-ea30a142a983	7	76524031	76531980	4	-1.6433
10606551-e3b6-4477-b53e-ea30a142a983	7	76531991	76812555	86	0.0122
10606551-e3b6-4477-b53e-ea30a142a983	7	76812620	76818417	4	-0.8026
10606551-e3b6-4477-b53e-ea30a142a983	7	76819258	88563524	7522	0.0143
10606551-e3b6-4477-b53e-ea30a142a983	7	88566274	88566450	2	1.621
10606551-e3b6-4477-b53e-ea30a142a983	7	88567140	88663789	80	-0.0479
10606551-e3b6-4477-b53e-ea30a142a983	7	88663941	89938502	823	0.0892
10606551-e3b6-4477-b53e-ea30a142a983	7	89941310	101313284	6550	0.0083
10606551-e3b6-4477-b53e-ea30a142a983	7	101317674	101320594	4	-1.7965
10606551-e3b6-4477-b53e-ea30a142a983	7	101322320	101461736	57	-0.1049
10606551-e3b6-4477-b53e-ea30a142a983	7	101466409	101466876	2	-2.0623
10606551-e3b6-4477-b53e-ea30a142a983	7	101468596	109793728	5030	0.0082
10606551-e3b6-4477-b53e-ea30a142a983	7	109793741	109819293	47	0.3319
10606551-e3b6-4477-b53e-ea30a142a983	7	109819717	110155658	195	0.0129
10606551-e3b6-4477-b53e-ea30a142a983	7	110158535	110159025	7	-0.9025
10606551-e3b6-4477-b53e-ea30a142a983	7	110159142	111142940	672	0.0101
10606551-e3b6-4477-b53e-ea30a142a983	7	111147727	111696693	348	0.0989
10606551-e3b6-4477-b53e-ea30a142a983	7	111700642	124996344	7866	0.0106
10606551-e3b6-4477-b53e-ea30a142a983	7	124997052	124997463	2	-1.7196
10606551-e3b6-4477-b53e-ea30a142a983	7	124999447	132881125	4906	0.0203
10606551-e3b6-4477-b53e-ea30a142a983	7	132883495	132884833	2	-1.2806
10606551-e3b6-4477-b53e-ea30a142a983	7	132884839	134100587	730	0.0146
10606551-e3b6-4477-b53e-ea30a142a983	7	134100624	134105690	19	0.4712
10606551-e3b6-4477-b53e-ea30a142a983	7	134110881	135886540	1269	0.0022
10606551-e3b6-4477-b53e-ea30a142a983	7	135887005	135888034	2	-1.7367
10606551-e3b6-4477-b53e-ea30a142a983	7	135888492	143848268	4891	0.0101
10606551-e3b6-4477-b53e-ea30a142a983	7	143848601	143875073	7	0.6964
10606551-e3b6-4477-b53e-ea30a142a983	7	143875193	144255817	274	-0.0077
10606551-e3b6-4477-b53e-ea30a142a983	7	144264193	144336758	6	-1.1543
10606551-e3b6-4477-b53e-ea30a142a983	7	144343967	159209715	9557	0.0124
10606551-e3b6-4477-b53e-ea30a142a983	7	159214650	159324140	65	0.5274
10606551-e3b6-4477-b53e-ea30a142a983	7	159324146	159324709	9	0.1391
10606551-e3b6-4477-b53e-ea30a142a983	7	159324804	159334314	16	-1.1394
10606551-e3b6-4477-b53e-ea30a142a983	8	81254	627101	312	-0.0102
10606551-e3b6-4477-b53e-ea30a142a983	8	627249	656452	23	-0.3993
10606551-e3b6-4477-b53e-ea30a142a983	8	656593	2179870	1227	0.0102
10606551-e3b6-4477-b53e-ea30a142a983	8	2181344	2185178	6	-0.9497
10606551-e3b6-4477-b53e-ea30a142a983	8	2193931	7131404	6144	0.0292
10606551-e3b6-4477-b53e-ea30a142a983	8	7137595	8085660	72	-0.6156
10606551-e3b6-4477-b53e-ea30a142a983	8	8101440	11987815	3217	0.004
10606551-e3b6-4477-b53e-ea30a142a983	8	11987997	12693259	89	-0.4332
10606551-e3b6-4477-b53e-ea30a142a983	8	12693626	16339682	3444	0.0217
10606551-e3b6-4477-b53e-ea30a142a983	8	16349445	16349614	8	-1.3959
10606551-e3b6-4477-b53e-ea30a142a983	8	16354575	16404738	49	0.086
10606551-e3b6-4477-b53e-ea30a142a983	8	16404755	16416900	23	-0.6516
10606551-e3b6-4477-b53e-ea30a142a983	8	16416915	23544795	5716	0.0163
10606551-e3b6-4477-b53e-ea30a142a983	8	23550227	23550392	6	-0.9102
10606551-e3b6-4477-b53e-ea30a142a983	8	23552812	25117007	1140	0.01
10606551-e3b6-4477-b53e-ea30a142a983	8	25117062	25121022	9	0.7967
10606551-e3b6-4477-b53e-ea30a142a983	8	25121770	39373140	9029	0.0124
10606551-e3b6-4477-b53e-ea30a142a983	8	39378084	39529446	59	0.6074
10606551-e3b6-4477-b53e-ea30a142a983	8	39530780	56073619	8507	0.0138
10606551-e3b6-4477-b53e-ea30a142a983	8	56078823	56082863	6	-1.1779
10606551-e3b6-4477-b53e-ea30a142a983	8	56085921	67635434	7017	0.0052
10606551-e3b6-4477-b53e-ea30a142a983	8	67635897	67636165	6	-1.1275
10606551-e3b6-4477-b53e-ea30a142a983	8	67636256	74396083	4547	0.0062
10606551-e3b6-4477-b53e-ea30a142a983	8	74406948	74415359	5	-3.3775
10606551-e3b6-4477-b53e-ea30a142a983	8	74416300	84345754	5781	0.0088
10606551-e3b6-4477-b53e-ea30a142a983	8	84350648	84356431	19	-0.7853
10606551-e3b6-4477-b53e-ea30a142a983	8	84358447	106840278	13456	0.0117
10606551-e3b6-4477-b53e-ea30a142a983	8	106846291	106850042	14	-0.4765
10606551-e3b6-4477-b53e-ea30a142a983	8	106850111	111282050	2636	0.0183
10606551-e3b6-4477-b53e-ea30a142a983	8	111282065	111282973	7	0.5974
10606551-e3b6-4477-b53e-ea30a142a983	8	111283016	114228527	1602	0.0184
10606551-e3b6-4477-b53e-ea30a142a983	8	114228877	114763202	332	0.1125
10606551-e3b6-4477-b53e-ea30a142a983	8	114765834	140993377	19171	0.0117
10606551-e3b6-4477-b53e-ea30a142a983	8	140993499	142166317	749	-0.0545
10606551-e3b6-4477-b53e-ea30a142a983	8	142166381	143611680	539	0.0119
10606551-e3b6-4477-b53e-ea30a142a983	8	143616499	143734812	52	-0.3349
10606551-e3b6-4477-b53e-ea30a142a983	8	143737288	145072769	462	-0.0609
10606551-e3b6-4477-b53e-ea30a142a983	9	46587	592306	478	-0.0372
10606551-e3b6-4477-b53e-ea30a142a983	9	592552	592567	2	-1.8572
10606551-e3b6-4477-b53e-ea30a142a983	9	592718	602903	28	0.0684
10606551-e3b6-4477-b53e-ea30a142a983	9	606699	606893	3	-1.8317
10606551-e3b6-4477-b53e-ea30a142a983	9	606961	641751	60	-0.0014
10606551-e3b6-4477-b53e-ea30a142a983	9	646036	646656	5	-0.9256
10606551-e3b6-4477-b53e-ea30a142a983	9	648732	671347	74	-0.0827
10606551-e3b6-4477-b53e-ea30a142a983	9	672786	676175	9	-1.0266
10606551-e3b6-4477-b53e-ea30a142a983	9	676278	4007769	3365	0.005
10606551-e3b6-4477-b53e-ea30a142a983	9	4008586	4011092	12	0.5007
10606551-e3b6-4477-b53e-ea30a142a983	9	4011107	4017471	20	0.0064
10606551-e3b6-4477-b53e-ea30a142a983	9	4017550	4022022	31	0.3457
10606551-e3b6-4477-b53e-ea30a142a983	9	4022111	8903357	4452	0.0111
10606551-e3b6-4477-b53e-ea30a142a983	9	8903431	12609706	3194	0.0651
10606551-e3b6-4477-b53e-ea30a142a983	9	12610410	38989381	19376	0.0169
10606551-e3b6-4477-b53e-ea30a142a983	9	38996106	39011605	4	-1.2978
10606551-e3b6-4477-b53e-ea30a142a983	9	39014965	39138124	16	0.0589
10606551-e3b6-4477-b53e-ea30a142a983	9	39140235	39242280	8	-0.9159
10606551-e3b6-4477-b53e-ea30a142a983	9	39249764	40746210	48	0.1725
10606551-e3b6-4477-b53e-ea30a142a983	9	40753470	41644133	78	-0.2873
10606551-e3b6-4477-b53e-ea30a142a983	9	41644133	42073850	17	0.1822
10606551-e3b6-4477-b53e-ea30a142a983	9	42080170	42302534	26	-0.6665
10606551-e3b6-4477-b53e-ea30a142a983	9	42302678	42574420	7	-1.4294
10606551-e3b6-4477-b53e-ea30a142a983	9	42585140	64480578	179	0.0118
10606551-e3b6-4477-b53e-ea30a142a983	9	64493528	64794598	19	-0.7756
10606551-e3b6-4477-b53e-ea30a142a983	9	64800092	127237979	42125	0.0142
10606551-e3b6-4477-b53e-ea30a142a983	9	127238771	127240343	3	-2.0516
10606551-e3b6-4477-b53e-ea30a142a983	9	127240351	138200944	5840	0.0083
10606551-e3b6-4477-b53e-ea30a142a983	10	45792	24086334	19192	0.0071
10606551-e3b6-4477-b53e-ea30a142a983	10	24088745	24088753	7	1.3124
10606551-e3b6-4477-b53e-ea30a142a983	10	24088989	25306444	816	-0.0051
10606551-e3b6-4477-b53e-ea30a142a983	10	25308379	25311279	2	-1.9875
10606551-e3b6-4477-b53e-ea30a142a983	10	25312104	25348019	24	-0.0235
10606551-e3b6-4477-b53e-ea30a142a983	10	25348641	25350434	4	-1.4995
10606551-e3b6-4477-b53e-ea30a142a983	10	25352008	26390852	780	0.0159
10606551-e3b6-4477-b53e-ea30a142a983	10	26397226	26398822	2	-0.9272
10606551-e3b6-4477-b53e-ea30a142a983	10	26398860	26400838	4	-2.2267
10606551-e3b6-4477-b53e-ea30a142a983	10	26402720	30957581	3385	0.0094
10606551-e3b6-4477-b53e-ea30a142a983	10	30962405	30962893	12	-0.6191
10606551-e3b6-4477-b53e-ea30a142a983	10	30962956	55912145	13491	0.014
10606551-e3b6-4477-b53e-ea30a142a983	10	55913971	55920745	5	-1.5138
10606551-e3b6-4477-b53e-ea30a142a983	10	55924837	57088302	825	0.0304
10606551-e3b6-4477-b53e-ea30a142a983	10	57089688	57158352	56	0.2474
10606551-e3b6-4477-b53e-ea30a142a983	10	57158939	65548951	5814	0.0106
10606551-e3b6-4477-b53e-ea30a142a983	10	65548979	65566389	26	0.5444
10606551-e3b6-4477-b53e-ea30a142a983	10	65566426	66579404	790	0.0398
10606551-e3b6-4477-b53e-ea30a142a983	10	66579862	66580254	2	-1.2831
10606551-e3b6-4477-b53e-ea30a142a983	10	66580696	76493093	5986	0.0168
10606551-e3b6-4477-b53e-ea30a142a983	10	76497303	76497852	2	1.6571
10606551-e3b6-4477-b53e-ea30a142a983	10	76501509	78042492	1197	0.018
10606551-e3b6-4477-b53e-ea30a142a983	10	78043832	78044504	3	-1.1333
10606551-e3b6-4477-b53e-ea30a142a983	10	78044799	80126289	1414	-0.0022
10606551-e3b6-4477-b53e-ea30a142a983	10	80130047	80130060	2	-1.27
10606551-e3b6-4477-b53e-ea30a142a983	10	80130414	87269486	5038	0.0189
10606551-e3b6-4477-b53e-ea30a142a983	10	87278584	87286741	2	1.7953
10606551-e3b6-4477-b53e-ea30a142a983	10	87310039	108945690	13986	0.0143
10606551-e3b6-4477-b53e-ea30a142a983	10	108947193	108948002	3	-1.0285
10606551-e3b6-4477-b53e-ea30a142a983	10	108948067	120999597	8452	0.0101
10606551-e3b6-4477-b53e-ea30a142a983	10	121001578	121017985	20	-0.5092
10606551-e3b6-4477-b53e-ea30a142a983	10	121030029	122564250	1403	0.0135
10606551-e3b6-4477-b53e-ea30a142a983	10	122574497	122598210	9	0.6836
10606551-e3b6-4477-b53e-ea30a142a983	10	122623497	133654968	7894	0.0112
10606551-e3b6-4477-b53e-ea30a142a983	11	198510	458784	106	-0.1962
10606551-e3b6-4477-b53e-ea30a142a983	11	460431	4946021	2308	-0.0063
10606551-e3b6-4477-b53e-ea30a142a983	11	4946166	4955042	32	0.8486
10606551-e3b6-4477-b53e-ea30a142a983	11	4955781	5186788	189	0.0324
10606551-e3b6-4477-b53e-ea30a142a983	11	5186944	5188140	5	0.8417
10606551-e3b6-4477-b53e-ea30a142a983	11	5188362	5757293	581	0.0056
10606551-e3b6-4477-b53e-ea30a142a983	11	5761695	5787146	39	0.244
10606551-e3b6-4477-b53e-ea30a142a983	11	5787818	5850293	71	-0.0178
10606551-e3b6-4477-b53e-ea30a142a983	11	5851007	5862087	7	-2.2015
10606551-e3b6-4477-b53e-ea30a142a983	11	5864481	7791493	1420	0.0169
10606551-e3b6-4477-b53e-ea30a142a983	11	7791913	7810711	6	-1.072
10606551-e3b6-4477-b53e-ea30a142a983	11	7815462	15171639	5396	0.0113
10606551-e3b6-4477-b53e-ea30a142a983	11	15174253	15174270	2	-1.144
10606551-e3b6-4477-b53e-ea30a142a983	11	15174895	18919323	2503	0.0243
10606551-e3b6-4477-b53e-ea30a142a983	11	18927525	18939855	38	-1.1244
10606551-e3b6-4477-b53e-ea30a142a983	11	18940050	21400737	2275	0.0165
10606551-e3b6-4477-b53e-ea30a142a983	11	21401600	21402727	3	-1.2045
10606551-e3b6-4477-b53e-ea30a142a983	11	21404217	36269852	10533	0.0147
10606551-e3b6-4477-b53e-ea30a142a983	11	36270515	36271269	2	-1.5277
10606551-e3b6-4477-b53e-ea30a142a983	11	36271767	64873564	14144	0.0149
10606551-e3b6-4477-b53e-ea30a142a983	11	64880577	65925379	413	-0.1559
10606551-e3b6-4477-b53e-ea30a142a983	11	65925596	67546364	610	0.0179
10606551-e3b6-4477-b53e-ea30a142a983	11	67550364	68003149	144	-0.2366
10606551-e3b6-4477-b53e-ea30a142a983	11	68007631	71684623	2018	0.0052
10606551-e3b6-4477-b53e-ea30a142a983	11	71685209	71713405	9	-1.1359
10606551-e3b6-4477-b53e-ea30a142a983	11	71714949	89741663	11524	0.0195
10606551-e3b6-4477-b53e-ea30a142a983	11	89754781	89796439	5	-1.9507
10606551-e3b6-4477-b53e-ea30a142a983	11	89802300	89962925	13	0.0662
10606551-e3b6-4477-b53e-ea30a142a983	11	89966336	90098873	8	0.634
10606551-e3b6-4477-b53e-ea30a142a983	11	90098900	90833345	541	0.005
10606551-e3b6-4477-b53e-ea30a142a983	11	90835019	90837870	4	-3.1595
10606551-e3b6-4477-b53e-ea30a142a983	11	90838996	92126026	908	0.0163
10606551-e3b6-4477-b53e-ea30a142a983	11	92126039	92129047	4	-0.9458
10606551-e3b6-4477-b53e-ea30a142a983	11	92129310	105049353	9546	0.0154
10606551-e3b6-4477-b53e-ea30a142a983	11	105053135	105060506	9	-0.9735
10606551-e3b6-4477-b53e-ea30a142a983	11	105061029	105081555	23	-0.0133
10606551-e3b6-4477-b53e-ea30a142a983	11	105087439	105089212	5	0.6477
10606551-e3b6-4477-b53e-ea30a142a983	11	105089725	107350629	1418	0.0069
10606551-e3b6-4477-b53e-ea30a142a983	11	107353032	107353673	6	-0.7613
10606551-e3b6-4477-b53e-ea30a142a983	11	107356630	107359993	13	-0.0354
10606551-e3b6-4477-b53e-ea30a142a983	11	107367930	107368402	7	-2.2353
10606551-e3b6-4477-b53e-ea30a142a983	11	107381636	135074876	19919	0.0178
10606551-e3b6-4477-b53e-ea30a142a983	12	51460	133201603	84816	0.0169
10606551-e3b6-4477-b53e-ea30a142a983	13	18452809	23064782	2873	0.008
10606551-e3b6-4477-b53e-ea30a142a983	13	23065741	23065761	2	-1.4848
10606551-e3b6-4477-b53e-ea30a142a983	13	23066724	31957984	6686	0.0152
10606551-e3b6-4477-b53e-ea30a142a983	13	31958485	31964286	18	-1.1271
10606551-e3b6-4477-b53e-ea30a142a983	13	31965910	37496998	3897	0.0088
10606551-e3b6-4477-b53e-ea30a142a983	13	37497899	37510620	16	0.7738
10606551-e3b6-4477-b53e-ea30a142a983	13	37514193	57176962	12527	0.0125
10606551-e3b6-4477-b53e-ea30a142a983	13	57184136	57204246	34	-2.1405
10606551-e3b6-4477-b53e-ea30a142a983	13	57215580	71902850	8989	0.0256
10606551-e3b6-4477-b53e-ea30a142a983	13	71903417	71906467	5	0.9532
10606551-e3b6-4477-b53e-ea30a142a983	13	71912345	105169695	22555	0.0157
10606551-e3b6-4477-b53e-ea30a142a983	13	105170603	105532089	281	0.1257
10606551-e3b6-4477-b53e-ea30a142a983	13	105532531	114342922	6251	0.0109
10606551-e3b6-4477-b53e-ea30a142a983	14	18239283	18661510	19	0.0706
10606551-e3b6-4477-b53e-ea30a142a983	14	18662134	19957350	150	-0.4129
10606551-e3b6-4477-b53e-ea30a142a983	14	19957701	21926088	1352	0.0319
10606551-e3b6-4477-b53e-ea30a142a983	14	21926208	22508264	509	0.1363
10606551-e3b6-4477-b53e-ea30a142a983	14	22508844	26314697	2475	0.0161
10606551-e3b6-4477-b53e-ea30a142a983	14	26314707	26314712	6	1.0613
10606551-e3b6-4477-b53e-ea30a142a983	14	26315707	45356853	11683	0.0276
10606551-e3b6-4477-b53e-ea30a142a983	14	45356894	45546515	93	-0.9084
10606551-e3b6-4477-b53e-ea30a142a983	14	45554744	62186513	10740	0.0181
10606551-e3b6-4477-b53e-ea30a142a983	14	62188784	62194014	5	-0.9397
10606551-e3b6-4477-b53e-ea30a142a983	14	62197620	68938540	4201	0.0171
10606551-e3b6-4477-b53e-ea30a142a983	14	68938736	68940108	2	-1.2285
10606551-e3b6-4477-b53e-ea30a142a983	14	68950351	82505225	8865	0.0208
10606551-e3b6-4477-b53e-ea30a142a983	14	82507884	82509914	3	-1.2398
10606551-e3b6-4477-b53e-ea30a142a983	14	82510144	106423925	15049	0.0177
10606551-e3b6-4477-b53e-ea30a142a983	14	106425447	106462183	47	-1.92
10606551-e3b6-4477-b53e-ea30a142a983	14	106462724	106877229	195	-0.0318
10606551-e3b6-4477-b53e-ea30a142a983	15	19811075	20206773	59	-0.1232
10606551-e3b6-4477-b53e-ea30a142a983	15	20207225	22299523	146	-0.7945
10606551-e3b6-4477-b53e-ea30a142a983	15	22385639	30077828	4619	0.001
10606551-e3b6-4477-b53e-ea30a142a983	15	30094208	30156392	4	-1.8577
10606551-e3b6-4477-b53e-ea30a142a983	15	30157841	32363170	1100	0.0025
10606551-e3b6-4477-b53e-ea30a142a983	15	32381666	32617778	16	-0.5021
10606551-e3b6-4477-b53e-ea30a142a983	15	32621877	37815207	3833	0.0142
10606551-e3b6-4477-b53e-ea30a142a983	15	37816448	37817575	2	-3.4042
10606551-e3b6-4477-b53e-ea30a142a983	15	37819527	45067896	3977	0.0128
10606551-e3b6-4477-b53e-ea30a142a983	15	45075326	45083628	5	-2.0499
10606551-e3b6-4477-b53e-ea30a142a983	15	45085759	76586021	20140	0.0098
10606551-e3b6-4477-b53e-ea30a142a983	15	76598900	76603432	20	0.842
10606551-e3b6-4477-b53e-ea30a142a983	15	76603433	82882631	3898	0.0285
10606551-e3b6-4477-b53e-ea30a142a983	15	82889131	82889319	3	-1.1272
10606551-e3b6-4477-b53e-ea30a142a983	15	82890669	85798542	1453	0.0196
10606551-e3b6-4477-b53e-ea30a142a983	15	85798557	85802314	20	-0.3845
10606551-e3b6-4477-b53e-ea30a142a983	15	85802740	90321966	3344	0.0489
10606551-e3b6-4477-b53e-ea30a142a983	15	90323620	90365549	31	-0.2745
10606551-e3b6-4477-b53e-ea30a142a983	15	90365702	99986373	7360	0.0421
10606551-e3b6-4477-b53e-ea30a142a983	15	99986552	100010138	24	-0.5311
10606551-e3b6-4477-b53e-ea30a142a983	15	100010660	101880399	1465	0.0072
10606551-e3b6-4477-b53e-ea30a142a983	15	101880604	101928837	11	-0.7881
10606551-e3b6-4477-b53e-ea30a142a983	16	10777	7023282	4399	-0.0119
10606551-e3b6-4477-b53e-ea30a142a983	16	7023653	7028112	8	-0.8541
10606551-e3b6-4477-b53e-ea30a142a983	16	7028147	15902668	7105	0.0119
10606551-e3b6-4477-b53e-ea30a142a983	16	15902699	16614737	265	-0.1724
10606551-e3b6-4477-b53e-ea30a142a983	16	16620150	19387382	1391	-0.0151
10606551-e3b6-4477-b53e-ea30a142a983	16	19389465	19398857	7	-0.9
10606551-e3b6-4477-b53e-ea30a142a983	16	19399095	19933041	289	-0.0125
10606551-e3b6-4477-b53e-ea30a142a983	16	19934328	19954510	27	-1.0698
10606551-e3b6-4477-b53e-ea30a142a983	16	19954553	20046578	70	0.0403
10606551-e3b6-4477-b53e-ea30a142a983	16	20047451	20047761	3	-0.9814
10606551-e3b6-4477-b53e-ea30a142a983	16	20048355	20465821	312	0.0002
10606551-e3b6-4477-b53e-ea30a142a983	16	20467276	20467360	3	-1.0666
10606551-e3b6-4477-b53e-ea30a142a983	16	20467384	20476785	10	-0.0074
10606551-e3b6-4477-b53e-ea30a142a983	16	20476786	20477047	2	-1.8667
10606551-e3b6-4477-b53e-ea30a142a983	16	20488266	22417324	876	-0.0338
10606551-e3b6-4477-b53e-ea30a142a983	16	22420049	28211069	4006	0.0131
10606551-e3b6-4477-b53e-ea30a142a983	16	28219611	35309352	1435	-0.0336
10606551-e3b6-4477-b53e-ea30a142a983	16	35310671	35315345	3	-1.1401
10606551-e3b6-4477-b53e-ea30a142a983	16	35323357	51642390	3388	-0.0214
10606551-e3b6-4477-b53e-ea30a142a983	16	51643252	51644352	2	-1.4229
10606551-e3b6-4477-b53e-ea30a142a983	16	51644649	53421751	1299	-0.021
10606551-e3b6-4477-b53e-ea30a142a983	16	53421830	53435551	4	-0.7717
10606551-e3b6-4477-b53e-ea30a142a983	16	53435895	54813470	1217	-0.022
10606551-e3b6-4477-b53e-ea30a142a983	16	54813583	54814002	2	-1.2983
10606551-e3b6-4477-b53e-ea30a142a983	16	54816302	55762682	803	-0.0201
10606551-e3b6-4477-b53e-ea30a142a983	16	55764310	55764867	3	2.04
10606551-e3b6-4477-b53e-ea30a142a983	16	55770436	55775554	7	0.4187
10606551-e3b6-4477-b53e-ea30a142a983	16	55776109	60528968	2948	-0.0147
10606551-e3b6-4477-b53e-ea30a142a983	16	60531198	60537315	6	-1.0768
10606551-e3b6-4477-b53e-ea30a142a983	16	60540490	78337711	11335	-0.0196
10606551-e3b6-4477-b53e-ea30a142a983	16	78338543	78343631	12	0.8386
10606551-e3b6-4477-b53e-ea30a142a983	16	78345778	83760390	6127	-0.0285
10606551-e3b6-4477-b53e-ea30a142a983	16	83760392	83760401	2	-1.8001
10606551-e3b6-4477-b53e-ea30a142a983	16	83760419	84886473	1019	-0.0827
10606551-e3b6-4477-b53e-ea30a142a983	16	84892020	88994845	2943	-0.0246
10606551-e3b6-4477-b53e-ea30a142a983	16	88997611	90096867	532	-0.1163
10606551-e3b6-4477-b53e-ea30a142a983	17	150733	18461528	11393	0.0027
10606551-e3b6-4477-b53e-ea30a142a983	17	18462631	18509244	12	0.5744
10606551-e3b6-4477-b53e-ea30a142a983	17	18523147	36109139	6839	0.0107
10606551-e3b6-4477-b53e-ea30a142a983	17	36109315	36157718	36	1.0307
10606551-e3b6-4477-b53e-ea30a142a983	17	36200725	41265456	2525	0.0132
10606551-e3b6-4477-b53e-ea30a142a983	17	41266762	41274279	24	1.0982
10606551-e3b6-4477-b53e-ea30a142a983	17	41276472	43361222	1106	0.003
10606551-e3b6-4477-b53e-ea30a142a983	17	43362318	43362553	2	-1.9737
10606551-e3b6-4477-b53e-ea30a142a983	17	43366336	46131308	1425	0.0018
10606551-e3b6-4477-b53e-ea30a142a983	17	46135062	46664059	98	-0.4598
10606551-e3b6-4477-b53e-ea30a142a983	17	46687628	73742947	16740	0.0169
10606551-e3b6-4477-b53e-ea30a142a983	17	73745262	73751455	18	-1.05
10606551-e3b6-4477-b53e-ea30a142a983	17	73751471	76698206	1549	-0.0356
10606551-e3b6-4477-b53e-ea30a142a983	17	76698637	76705635	4	-1.4045
10606551-e3b6-4477-b53e-ea30a142a983	17	76705685	81418592	2630	-0.0117
10606551-e3b6-4477-b53e-ea30a142a983	17	81418623	81418840	5	1.3468
10606551-e3b6-4477-b53e-ea30a142a983	17	81418872	83091923	620	-0.0128
10606551-e3b6-4477-b53e-ea30a142a983	18	48133	832108	579	-0.0086
10606551-e3b6-4477-b53e-ea30a142a983	18	832354	833416	2	-1.3192
10606551-e3b6-4477-b53e-ea30a142a983	18	834320	14185311	9477	0.0177
10606551-e3b6-4477-b53e-ea30a142a983	18	14191102	15402409	343	-0.0896
10606551-e3b6-4477-b53e-ea30a142a983	18	20949392	36048764	9244	0.0136
10606551-e3b6-4477-b53e-ea30a142a983	18	36049476	36053320	2	-2.3544
10606551-e3b6-4477-b53e-ea30a142a983	18	36055605	40678763	3138	0.0136
10606551-e3b6-4477-b53e-ea30a142a983	18	40680456	40685425	19	0.472
10606551-e3b6-4477-b53e-ea30a142a983	18	40688060	42351574	1132	0.0153
10606551-e3b6-4477-b53e-ea30a142a983	18	42357227	42357824	10	-0.6949
10606551-e3b6-4477-b53e-ea30a142a983	18	42360438	50104730	5194	0.0126
10606551-e3b6-4477-b53e-ea30a142a983	18	50106120	50106781	2	-1.7304
10606551-e3b6-4477-b53e-ea30a142a983	18	50108221	59985406	6869	0.0147
10606551-e3b6-4477-b53e-ea30a142a983	18	59985517	59997792	43	0.5029
10606551-e3b6-4477-b53e-ea30a142a983	18	60001293	64488502	3189	0.0219
10606551-e3b6-4477-b53e-ea30a142a983	18	64493028	64510272	6	0.755
10606551-e3b6-4477-b53e-ea30a142a983	18	64510347	65532245	668	0.0222
10606551-e3b6-4477-b53e-ea30a142a983	18	65532281	66111198	448	0.1439
10606551-e3b6-4477-b53e-ea30a142a983	18	66113214	71382253	3775	0.0136
10606551-e3b6-4477-b53e-ea30a142a983	18	71387796	73225921	1440	0.1014
10606551-e3b6-4477-b53e-ea30a142a983	18	73226559	80257174	5155	-0.0035
10606551-e3b6-4477-b53e-ea30a142a983	19	90910	50829011	24206	0.0003
10606551-e3b6-4477-b53e-ea30a142a983	19	50829130	50835951	6	-1.0156
10606551-e3b6-4477-b53e-ea30a142a983	19	50842312	51628560	548	-0.0073
10606551-e3b6-4477-b53e-ea30a142a983	19	51639099	51652217	13	-0.8471
10606551-e3b6-4477-b53e-ea30a142a983	19	51652635	52809234	784	-0.0191
10606551-e3b6-4477-b53e-ea30a142a983	19	52813087	52815906	3	-1.1864
10606551-e3b6-4477-b53e-ea30a142a983	19	52824137	53422400	458	-0.01
10606551-e3b6-4477-b53e-ea30a142a983	19	53425511	53888428	319	-0.1695
10606551-e3b6-4477-b53e-ea30a142a983	19	53894400	54993840	563	-0.0171
10606551-e3b6-4477-b53e-ea30a142a983	19	54997337	55005440	7	-0.8261
10606551-e3b6-4477-b53e-ea30a142a983	19	55008237	55770704	356	-0.0152
10606551-e3b6-4477-b53e-ea30a142a983	19	55771003	55771701	4	1.4247
10606551-e3b6-4477-b53e-ea30a142a983	19	55774927	55796481	22	-0.1535
10606551-e3b6-4477-b53e-ea30a142a983	19	55797784	58353716	1707	0.0064
10606551-e3b6-4477-b53e-ea30a142a983	19	58354028	58586487	109	-0.2019
10606551-e3b6-4477-b53e-ea30a142a983	20	80664	64324800	42355	0.0041
10606551-e3b6-4477-b53e-ea30a142a983	21	10354168	10427776	12	-0.3935
10606551-e3b6-4477-b53e-ea30a142a983	21	10448914	13028693	85	0.1136
10606551-e3b6-4477-b53e-ea30a142a983	21	13080541	13189617	17	-0.6272
10606551-e3b6-4477-b53e-ea30a142a983	21	13197963	13583316	155	-0.0188
10606551-e3b6-4477-b53e-ea30a142a983	21	13612103	13647365	3	-1.6585
10606551-e3b6-4477-b53e-ea30a142a983	21	13677975	17449150	2370	0.003
10606551-e3b6-4477-b53e-ea30a142a983	21	17449580	17449646	2	-1.8211
10606551-e3b6-4477-b53e-ea30a142a983	21	17449856	17571369	99	-0.0731
10606551-e3b6-4477-b53e-ea30a142a983	21	17573251	46268308	20830	0.0108
10606551-e3b6-4477-b53e-ea30a142a983	21	46269820	46677045	278	-0.1192
10606551-e3b6-4477-b53e-ea30a142a983	22	15294547	23971817	4386	-0.0388
10606551-e3b6-4477-b53e-ea30a142a983	22	23981995	23990431	5	0.9799
10606551-e3b6-4477-b53e-ea30a142a983	22	23990739	44734521	14396	0.0058
10606551-e3b6-4477-b53e-ea30a142a983	22	44734586	44740755	5	-1.1629
10606551-e3b6-4477-b53e-ea30a142a983	22	44741026	48929017	3266	0.0129
10606551-e3b6-4477-b53e-ea30a142a983	22	48929644	48957301	26	-0.0434
10606551-e3b6-4477-b53e-ea30a142a983	22	48958206	48963508	5	-1.3338
10606551-e3b6-4477-b53e-ea30a142a983	22	48964612	48985051	28	-0.1149
10606551-e3b6-4477-b53e-ea30a142a983	22	48992901	48993751	2	-2.0975
10606551-e3b6-4477-b53e-ea30a142a983	22	48999055	50796027	1135	-0.0747
10606551-e3b6-4477-b53e-ea30a142a983	X	251810	9964098	5562	0.031
10606551-e3b6-4477-b53e-ea30a142a983	X	9964118	10076184	79	-0.2927
10606551-e3b6-4477-b53e-ea30a142a983	X	10076254	10196687	100	-0.0177
10606551-e3b6-4477-b53e-ea30a142a983	X	10196969	10197012	2	-1.4197
10606551-e3b6-4477-b53e-ea30a142a983	X	10197064	22257415	7428	0.0195
10606551-e3b6-4477-b53e-ea30a142a983	X	22260432	22269556	18	-0.4619
10606551-e3b6-4477-b53e-ea30a142a983	X	22270549	22629060	330	0.0291
10606551-e3b6-4477-b53e-ea30a142a983	X	22629126	22635261	6	-0.7638
10606551-e3b6-4477-b53e-ea30a142a983	X	22635850	32625471	6678	0.0212
10606551-e3b6-4477-b53e-ea30a142a983	X	32626599	32627233	2	-1.5763
10606551-e3b6-4477-b53e-ea30a142a983	X	32633248	48111680	8842	0.0217
10606551-e3b6-4477-b53e-ea30a142a983	X	48116469	48120275	4	-1.305
10606551-e3b6-4477-b53e-ea30a142a983	X	48121492	53736910	2224	0.0132
10606551-e3b6-4477-b53e-ea30a142a983	X	53736933	53761327	10	-0.5546
10606551-e3b6-4477-b53e-ea30a142a983	X	53762555	55664298	805	0.0215
10606551-e3b6-4477-b53e-ea30a142a983	X	55674500	55676882	4	-1.1789
10606551-e3b6-4477-b53e-ea30a142a983	X	55681123	81499339	9700	0.0146
10606551-e3b6-4477-b53e-ea30a142a983	X	81499755	81515071	8	-0.9261
10606551-e3b6-4477-b53e-ea30a142a983	X	81527420	84678464	1600	0.0151
10606551-e3b6-4477-b53e-ea30a142a983	X	84678546	84680172	3	-1.0383
10606551-e3b6-4477-b53e-ea30a142a983	X	84680995	87764542	2043	0.0145
10606551-e3b6-4477-b53e-ea30a142a983	X	87770623	87773977	4	-1.3094
10606551-e3b6-4477-b53e-ea30a142a983	X	87775498	91712745	1800	0.0248
10606551-e3b6-4477-b53e-ea30a142a983	X	91715507	91716772	7	-1.0981
10606551-e3b6-4477-b53e-ea30a142a983	X	91716890	94247347	1217	0.0128
10606551-e3b6-4477-b53e-ea30a142a983	X	94247361	94309259	40	-0.2689
10606551-e3b6-4477-b53e-ea30a142a983	X	94309455	107534906	7023	0.0185
10606551-e3b6-4477-b53e-ea30a142a983	X	107535745	107578006	26	-0.3468
10606551-e3b6-4477-b53e-ea30a142a983	X	107580877	111112563	1937	0.03
10606551-e3b6-4477-b53e-ea30a142a983	X	111113377	111139363	28	-0.5202
10606551-e3b6-4477-b53e-ea30a142a983	X	111140029	155952689	26108	0.0174
10606551-e3b6-4477-b53e-ea30a142a983	Y	2782397	3117554	150	-2.8735
10606551-e3b6-4477-b53e-ea30a142a983	Y	3137227	6195105	613	-2.3829
10606551-e3b6-4477-b53e-ea30a142a983	Y	6195308	9354290	1470	-2.9204
10606551-e3b6-4477-b53e-ea30a142a983	Y	9367540	9550385	16	-5.7958
10606551-e3b6-4477-b53e-ea30a142a983	Y	9550653	16731279	2614	-2.7631
10606551-e3b6-4477-b53e-ea30a142a983	Y	16738883	20104703	885	-2.2752
10606551-e3b6-4477-b53e-ea30a142a983	Y	20110760	20125525	3	-4.6523
10606551-e3b6-4477-b53e-ea30a142a983	Y	20304197	20752415	153	-2.2601
10606551-e3b6-4477-b53e-ea30a142a983	Y	20752492	20772223	11	-3.4795
10606551-e3b6-4477-b53e-ea30a142a983	Y	20772651	21464316	306	-2.2777
10606551-e3b6-4477-b53e-ea30a142a983	Y	21469249	21469743	3	-6.8393
10606551-e3b6-4477-b53e-ea30a142a983	Y	21470778	56872112	415	-2.2988
