GDC_Aliquot	Chromosome	Start	End	Num_Probes	Segment_Mean
04ec86c1-d0b2-4a4f-9c6c-0875aa1023c1	1	3301765	235401609	121831	0.0087
04ec86c1-d0b2-4a4f-9c6c-0875aa1023c1	1	235401814	235404472	3	-2.41
04ec86c1-d0b2-4a4f-9c6c-0875aa1023c1	1	235405262	247650984	7780	0.0145
04ec86c1-d0b2-4a4f-9c6c-0875aa1023c1	2	480597	241537572	132043	0.0116
04ec86c1-d0b2-4a4f-9c6c-0875aa1023c1	3	2170634	108252174	59060	0.0118
04ec86c1-d0b2-4a4f-9c6c-0875aa1023c1	3	108253295	108268035	3	-1.9056
04ec86c1-d0b2-4a4f-9c6c-0875aa1023c1	3	108269768	130174126	12447	0.0126
04ec86c1-d0b2-4a4f-9c6c-0875aa1023c1	3	130176612	130202376	2	-1.6998
04ec86c1-d0b2-4a4f-9c6c-0875aa1023c1	3	130210782	146360193	9127	0.0072
04ec86c1-d0b2-4a4f-9c6c-0875aa1023c1	3	146372323	146406204	20	-0.977
04ec86c1-d0b2-4a4f-9c6c-0875aa1023c1	3	146417669	197812401	26408	0.0107
04ec86c1-d0b2-4a4f-9c6c-0875aa1023c1	4	1059384	5549568	2165	0.0126
04ec86c1-d0b2-4a4f-9c6c-0875aa1023c1	4	5549650	5553281	3	-1.8337
04ec86c1-d0b2-4a4f-9c6c-0875aa1023c1	4	5553792	187842528	101198	0.0097
04ec86c1-d0b2-4a4f-9c6c-0875aa1023c1	5	914118	180934240	101007	0.0082
04ec86c1-d0b2-4a4f-9c6c-0875aa1023c1	6	1011760	170596889	97040	0.0095
04ec86c1-d0b2-4a4f-9c6c-0875aa1023c1	7	664936	158592540	81831	0.0073
04ec86c1-d0b2-4a4f-9c6c-0875aa1023c1	8	667625	144182542	82125	0.0103
04ec86c1-d0b2-4a4f-9c6c-0875aa1023c1	9	789794	97343500	43115	0.0136
04ec86c1-d0b2-4a4f-9c6c-0875aa1023c1	9	97347588	97352644	8	-0.9579
04ec86c1-d0b2-4a4f-9c6c-0875aa1023c1	9	97352877	98330034	583	0.0174
04ec86c1-d0b2-4a4f-9c6c-0875aa1023c1	9	98330137	98330355	2	-1.6908
04ec86c1-d0b2-4a4f-9c6c-0875aa1023c1	9	98330636	138044505	24677	0.0133
04ec86c1-d0b2-4a4f-9c6c-0875aa1023c1	10	366509	133411599	81188	0.0095
04ec86c1-d0b2-4a4f-9c6c-0875aa1023c1	11	456012	134272740	77483	0.0104
04ec86c1-d0b2-4a4f-9c6c-0875aa1023c1	12	780472	132605822	74262	0.0111
04ec86c1-d0b2-4a4f-9c6c-0875aa1023c1	13	18874255	114226675	56929	0.0094
04ec86c1-d0b2-4a4f-9c6c-0875aa1023c1	14	20033191	105533894	49715	0.0092
04ec86c1-d0b2-4a4f-9c6c-0875aa1023c1	15	23437561	101344124	44742	0.0072
04ec86c1-d0b2-4a4f-9c6c-0875aa1023c1	16	603333	89317317	41155	0.0093
04ec86c1-d0b2-4a4f-9c6c-0875aa1023c1	17	1074619	82959812	37241	0.0112
04ec86c1-d0b2-4a4f-9c6c-0875aa1023c1	18	326691	79349796	42904	0.0111
04ec86c1-d0b2-4a4f-9c6c-0875aa1023c1	19	283868	58370362	24127	0.0088
04ec86c1-d0b2-4a4f-9c6c-0875aa1023c1	20	472817	63588502	37511	0.0079
04ec86c1-d0b2-4a4f-9c6c-0875aa1023c1	21	13974127	46262057	20579	0.0135
04ec86c1-d0b2-4a4f-9c6c-0875aa1023c1	22	16934932	48940621	17070	0.011
04ec86c1-d0b2-4a4f-9c6c-0875aa1023c1	X	3236359	155677414	63941	0.0119
