GDC_Aliquot	Chromosome	Start	End	Num_Probes	Segment_Mean
514e30c9-fe93-4d52-a31f-9e771c71d300	1	62920	3847232	1031	0.2419
514e30c9-fe93-4d52-a31f-9e771c71d300	1	3849676	6601603	2033	0.164
514e30c9-fe93-4d52-a31f-9e771c71d300	1	6605539	7970796	894	-0.4356
514e30c9-fe93-4d52-a31f-9e771c71d300	1	7972271	10890669	1526	0.3577
514e30c9-fe93-4d52-a31f-9e771c71d300	1	10891118	12797904	1006	-0.2408
514e30c9-fe93-4d52-a31f-9e771c71d300	1	12799143	13339386	40	0.0539
514e30c9-fe93-4d52-a31f-9e771c71d300	1	13362275	15163114	1374	-0.2337
514e30c9-fe93-4d52-a31f-9e771c71d300	1	15163129	15163694	10	0.2413
514e30c9-fe93-4d52-a31f-9e771c71d300	1	15163790	15823420	419	-0.2227
514e30c9-fe93-4d52-a31f-9e771c71d300	1	15827002	15828471	9	0.4102
514e30c9-fe93-4d52-a31f-9e771c71d300	1	15828515	16489035	290	-0.197
514e30c9-fe93-4d52-a31f-9e771c71d300	1	16489595	16721984	51	0.1398
514e30c9-fe93-4d52-a31f-9e771c71d300	1	16766762	16863509	15	-0.3617
514e30c9-fe93-4d52-a31f-9e771c71d300	1	16864367	16935752	54	0.1877
514e30c9-fe93-4d52-a31f-9e771c71d300	1	16949746	25256850	5259	-0.2341
514e30c9-fe93-4d52-a31f-9e771c71d300	1	25266637	25336853	26	-1.0337
514e30c9-fe93-4d52-a31f-9e771c71d300	1	25346663	27984449	1115	-0.2682
514e30c9-fe93-4d52-a31f-9e771c71d300	1	27984676	37436534	5355	0.085
514e30c9-fe93-4d52-a31f-9e771c71d300	1	37436730	37436802	2	1.3798
514e30c9-fe93-4d52-a31f-9e771c71d300	1	37437511	61023534	14499	0.0877
514e30c9-fe93-4d52-a31f-9e771c71d300	1	61028184	61091124	23	0.6424
514e30c9-fe93-4d52-a31f-9e771c71d300	1	61093141	62352546	996	0.0923
514e30c9-fe93-4d52-a31f-9e771c71d300	1	62353675	62581387	103	0.5771
514e30c9-fe93-4d52-a31f-9e771c71d300	1	62583411	62583991	5	-0.2422
514e30c9-fe93-4d52-a31f-9e771c71d300	1	62584148	62794313	109	0.5872
514e30c9-fe93-4d52-a31f-9e771c71d300	1	62795981	72303233	6525	0.0695
514e30c9-fe93-4d52-a31f-9e771c71d300	1	72303253	72313397	9	-1.9441
514e30c9-fe93-4d52-a31f-9e771c71d300	1	72313408	72345465	36	-0.9211
514e30c9-fe93-4d52-a31f-9e771c71d300	1	72346221	76057316	2285	0.0349
514e30c9-fe93-4d52-a31f-9e771c71d300	1	76061152	90387862	9505	0.0724
514e30c9-fe93-4d52-a31f-9e771c71d300	1	90387950	103560435	8207	0.043
514e30c9-fe93-4d52-a31f-9e771c71d300	1	103560608	103616762	28	0.5441
514e30c9-fe93-4d52-a31f-9e771c71d300	1	103620877	103717410	5	-1.1936
514e30c9-fe93-4d52-a31f-9e771c71d300	1	103717617	104256007	260	0.0354
514e30c9-fe93-4d52-a31f-9e771c71d300	1	104256083	104256231	2	-1.2402
514e30c9-fe93-4d52-a31f-9e771c71d300	1	104259599	104711636	246	0.0309
514e30c9-fe93-4d52-a31f-9e771c71d300	1	104712299	104719660	6	-0.6124
514e30c9-fe93-4d52-a31f-9e771c71d300	1	104719666	105470754	405	-0.0082
514e30c9-fe93-4d52-a31f-9e771c71d300	1	105476583	105479753	17	-1.5944
514e30c9-fe93-4d52-a31f-9e771c71d300	1	105481433	108951525	2289	0.0269
514e30c9-fe93-4d52-a31f-9e771c71d300	1	108954232	108955523	14	-1.1057
514e30c9-fe93-4d52-a31f-9e771c71d300	1	108961034	109679105	329	-0.0146
514e30c9-fe93-4d52-a31f-9e771c71d300	1	109684695	109697556	15	0.969
514e30c9-fe93-4d52-a31f-9e771c71d300	1	109702376	112147704	1946	0.02
514e30c9-fe93-4d52-a31f-9e771c71d300	1	112153343	112189307	80	0.2902
514e30c9-fe93-4d52-a31f-9e771c71d300	1	112189595	121555193	5090	0.0186
514e30c9-fe93-4d52-a31f-9e771c71d300	1	121556564	144932423	160	0.3494
514e30c9-fe93-4d52-a31f-9e771c71d300	1	145642976	146004021	147	0.6888
514e30c9-fe93-4d52-a31f-9e771c71d300	1	146005291	147732310	505	0.2504
514e30c9-fe93-4d52-a31f-9e771c71d300	1	147733603	147733635	2	-1.1568
514e30c9-fe93-4d52-a31f-9e771c71d300	1	147735678	152582700	1643	0.2136
514e30c9-fe93-4d52-a31f-9e771c71d300	1	152583051	152614118	36	1.5349
514e30c9-fe93-4d52-a31f-9e771c71d300	1	152618018	152785214	166	0.2359
514e30c9-fe93-4d52-a31f-9e771c71d300	1	152787202	152796224	38	0.6254
514e30c9-fe93-4d52-a31f-9e771c71d300	1	152801429	155691436	1556	0.2028
514e30c9-fe93-4d52-a31f-9e771c71d300	1	155692180	155693566	2	-2.0772
514e30c9-fe93-4d52-a31f-9e771c71d300	1	155697170	166221004	7414	0.188
514e30c9-fe93-4d52-a31f-9e771c71d300	1	166222929	166225133	2	1.5723
514e30c9-fe93-4d52-a31f-9e771c71d300	1	166226465	168868607	1961	0.1852
514e30c9-fe93-4d52-a31f-9e771c71d300	1	168871779	168991993	138	0.3176
514e30c9-fe93-4d52-a31f-9e771c71d300	1	168992169	189207099	13351	0.1718
514e30c9-fe93-4d52-a31f-9e771c71d300	1	189208110	189289682	44	0.5164
514e30c9-fe93-4d52-a31f-9e771c71d300	1	189289778	193186662	2599	0.1575
514e30c9-fe93-4d52-a31f-9e771c71d300	1	193187149	193187218	4	1.2025
514e30c9-fe93-4d52-a31f-9e771c71d300	1	193190593	194479104	942	0.1503
514e30c9-fe93-4d52-a31f-9e771c71d300	1	194482281	194485888	2	3.018
514e30c9-fe93-4d52-a31f-9e771c71d300	1	194487886	196745743	1450	0.1416
514e30c9-fe93-4d52-a31f-9e771c71d300	1	196758720	196832525	56	-1.4876
514e30c9-fe93-4d52-a31f-9e771c71d300	1	196832720	199142393	1382	0.1449
514e30c9-fe93-4d52-a31f-9e771c71d300	1	199142562	199145262	8	-0.5347
514e30c9-fe93-4d52-a31f-9e771c71d300	1	199145619	208287573	6051	0.146
514e30c9-fe93-4d52-a31f-9e771c71d300	1	208287588	220532548	8764	0.1763
514e30c9-fe93-4d52-a31f-9e771c71d300	1	220539755	227337629	4306	0.7111
514e30c9-fe93-4d52-a31f-9e771c71d300	1	227340548	248930189	15301	0.2601
514e30c9-fe93-4d52-a31f-9e771c71d300	2	12784	3200081	2250	0.2455
514e30c9-fe93-4d52-a31f-9e771c71d300	2	3200432	3201202	4	-0.6654
514e30c9-fe93-4d52-a31f-9e771c71d300	2	3204763	6157919	2431	0.2463
514e30c9-fe93-4d52-a31f-9e771c71d300	2	6158002	6167718	34	-0.5262
514e30c9-fe93-4d52-a31f-9e771c71d300	2	6167743	30267576	16599	0.2587
514e30c9-fe93-4d52-a31f-9e771c71d300	2	30270970	30599578	198	-0.2846
514e30c9-fe93-4d52-a31f-9e771c71d300	2	30601653	34178697	2346	0.3097
514e30c9-fe93-4d52-a31f-9e771c71d300	2	34179005	34180737	4	-0.5066
514e30c9-fe93-4d52-a31f-9e771c71d300	2	34180751	34466002	217	0.3036
514e30c9-fe93-4d52-a31f-9e771c71d300	2	34474248	34512096	47	0.9676
514e30c9-fe93-4d52-a31f-9e771c71d300	2	34512489	35742970	870	0.2711
514e30c9-fe93-4d52-a31f-9e771c71d300	2	35750907	35762881	8	1.0183
514e30c9-fe93-4d52-a31f-9e771c71d300	2	35772407	35784548	15	0.2517
514e30c9-fe93-4d52-a31f-9e771c71d300	2	35784875	35785159	2	-0.8435
514e30c9-fe93-4d52-a31f-9e771c71d300	2	35785199	36785286	920	0.3078
514e30c9-fe93-4d52-a31f-9e771c71d300	2	36786409	37908785	779	0.6284
514e30c9-fe93-4d52-a31f-9e771c71d300	2	37910399	38178883	219	0.4743
514e30c9-fe93-4d52-a31f-9e771c71d300	2	38180342	38214766	47	0.5964
514e30c9-fe93-4d52-a31f-9e771c71d300	2	38214841	38241991	16	0.065
514e30c9-fe93-4d52-a31f-9e771c71d300	2	38242766	41011095	1927	0.1383
514e30c9-fe93-4d52-a31f-9e771c71d300	2	41011303	41018747	22	-0.3763
514e30c9-fe93-4d52-a31f-9e771c71d300	2	41024093	43196963	1626	0.1542
514e30c9-fe93-4d52-a31f-9e771c71d300	2	43197311	45276030	1452	0.0099
514e30c9-fe93-4d52-a31f-9e771c71d300	2	45276153	45307549	22	0.2655
514e30c9-fe93-4d52-a31f-9e771c71d300	2	45312292	45537515	159	0.4819
514e30c9-fe93-4d52-a31f-9e771c71d300	2	45541795	49352528	2670	0.4235
514e30c9-fe93-4d52-a31f-9e771c71d300	2	49355949	52527330	2246	0.5137
514e30c9-fe93-4d52-a31f-9e771c71d300	2	52527342	52554404	39	1.1673
514e30c9-fe93-4d52-a31f-9e771c71d300	2	52560811	53844227	1037	0.4987
514e30c9-fe93-4d52-a31f-9e771c71d300	2	53845218	55252438	1053	0.8002
514e30c9-fe93-4d52-a31f-9e771c71d300	2	55252886	63908935	5152	0.516
514e30c9-fe93-4d52-a31f-9e771c71d300	2	63912621	66346854	1743	0.4398
514e30c9-fe93-4d52-a31f-9e771c71d300	2	66351403	66356623	2	-1.0628
514e30c9-fe93-4d52-a31f-9e771c71d300	2	66359802	66441268	39	0.4579
514e30c9-fe93-4d52-a31f-9e771c71d300	2	66449235	68563244	1528	0.0822
514e30c9-fe93-4d52-a31f-9e771c71d300	2	68564802	68596173	19	0.5611
514e30c9-fe93-4d52-a31f-9e771c71d300	2	68601353	71115321	1684	0.0567
514e30c9-fe93-4d52-a31f-9e771c71d300	2	71119433	71120262	7	-1.0104
514e30c9-fe93-4d52-a31f-9e771c71d300	2	71122913	83256077	7644	0.0698
514e30c9-fe93-4d52-a31f-9e771c71d300	2	83256330	86710564	2013	0.2263
514e30c9-fe93-4d52-a31f-9e771c71d300	2	86725947	86726731	2	-1.806
514e30c9-fe93-4d52-a31f-9e771c71d300	2	86743283	94696525	1059	0.2251
514e30c9-fe93-4d52-a31f-9e771c71d300	2	94703406	97210040	851	-0.0382
514e30c9-fe93-4d52-a31f-9e771c71d300	2	97210463	97210536	2	-1.7932
514e30c9-fe93-4d52-a31f-9e771c71d300	2	97211069	97537802	21	0.0568
514e30c9-fe93-4d52-a31f-9e771c71d300	2	97540809	97545726	4	1.0637
514e30c9-fe93-4d52-a31f-9e771c71d300	2	97550415	99633814	1075	-0.0205
514e30c9-fe93-4d52-a31f-9e771c71d300	2	99636421	103393397	2491	0.46
514e30c9-fe93-4d52-a31f-9e771c71d300	2	103395359	106258266	1997	-0.0301
514e30c9-fe93-4d52-a31f-9e771c71d300	2	106263639	106270952	14	0.467
514e30c9-fe93-4d52-a31f-9e771c71d300	2	106271414	113604438	3781	-0.0235
514e30c9-fe93-4d52-a31f-9e771c71d300	2	113604837	113604839	2	-2.1615
514e30c9-fe93-4d52-a31f-9e771c71d300	2	113623244	114981284	848	-0.0159
514e30c9-fe93-4d52-a31f-9e771c71d300	2	114984934	114986344	4	-1.1341
514e30c9-fe93-4d52-a31f-9e771c71d300	2	114990840	120569353	3469	-0.0241
514e30c9-fe93-4d52-a31f-9e771c71d300	2	120569544	121224374	478	0.1348
514e30c9-fe93-4d52-a31f-9e771c71d300	2	121224644	137020457	9616	-0.0278
514e30c9-fe93-4d52-a31f-9e771c71d300	2	137022091	138242978	784	0.2484
514e30c9-fe93-4d52-a31f-9e771c71d300	2	138245298	138883972	353	0.481
514e30c9-fe93-4d52-a31f-9e771c71d300	2	138885543	146107526	4489	0.2439
514e30c9-fe93-4d52-a31f-9e771c71d300	2	146107615	146109366	17	0.8733
514e30c9-fe93-4d52-a31f-9e771c71d300	2	146120238	148691616	1298	0.2418
514e30c9-fe93-4d52-a31f-9e771c71d300	2	148694114	158600676	6148	-0.031
514e30c9-fe93-4d52-a31f-9e771c71d300	2	158602156	158898697	220	0.1464
514e30c9-fe93-4d52-a31f-9e771c71d300	2	158902035	161030255	1376	-0.0212
514e30c9-fe93-4d52-a31f-9e771c71d300	2	161033481	161156662	93	0.1991
514e30c9-fe93-4d52-a31f-9e771c71d300	2	161157015	179196928	11139	-0.0231
514e30c9-fe93-4d52-a31f-9e771c71d300	2	179202465	179214417	3	-2.0237
514e30c9-fe93-4d52-a31f-9e771c71d300	2	179218864	179554927	229	0.0136
514e30c9-fe93-4d52-a31f-9e771c71d300	2	179555026	179556770	11	-0.655
514e30c9-fe93-4d52-a31f-9e771c71d300	2	179556785	189829844	6098	-0.0323
514e30c9-fe93-4d52-a31f-9e771c71d300	2	189834527	189853851	15	0.4333
514e30c9-fe93-4d52-a31f-9e771c71d300	2	189867106	201357198	6594	-0.0316
514e30c9-fe93-4d52-a31f-9e771c71d300	2	201375749	205375710	2383	-0.822
514e30c9-fe93-4d52-a31f-9e771c71d300	2	205381503	205405882	22	-0.074
514e30c9-fe93-4d52-a31f-9e771c71d300	2	205408818	205409238	3	-1.4125
514e30c9-fe93-4d52-a31f-9e771c71d300	2	205413257	205747861	238	-0.0384
514e30c9-fe93-4d52-a31f-9e771c71d300	2	205748657	207067647	789	-0.4079
514e30c9-fe93-4d52-a31f-9e771c71d300	2	207069433	207072075	5	-1.1771
514e30c9-fe93-4d52-a31f-9e771c71d300	2	207073256	207256098	143	-0.4294
514e30c9-fe93-4d52-a31f-9e771c71d300	2	207256748	212117384	3048	0.0836
514e30c9-fe93-4d52-a31f-9e771c71d300	2	212122508	212130219	12	0.731
514e30c9-fe93-4d52-a31f-9e771c71d300	2	212137431	213506008	962	0.0826
514e30c9-fe93-4d52-a31f-9e771c71d300	2	213509309	213510693	2	-1.5021
514e30c9-fe93-4d52-a31f-9e771c71d300	2	213514935	214265822	428	0.0893
514e30c9-fe93-4d52-a31f-9e771c71d300	2	214266148	214269803	3	-1.5675
514e30c9-fe93-4d52-a31f-9e771c71d300	2	214270476	237257504	14998	0.0889
514e30c9-fe93-4d52-a31f-9e771c71d300	2	237258646	237259857	2	-2.0819
514e30c9-fe93-4d52-a31f-9e771c71d300	2	237259929	237590353	236	0.0828
514e30c9-fe93-4d52-a31f-9e771c71d300	2	237591750	237629993	34	0.4581
514e30c9-fe93-4d52-a31f-9e771c71d300	2	237630463	241568740	2354	0.0551
514e30c9-fe93-4d52-a31f-9e771c71d300	2	241568992	242147305	170	0.457
514e30c9-fe93-4d52-a31f-9e771c71d300	3	20930	490328	448	0.2254
514e30c9-fe93-4d52-a31f-9e771c71d300	3	491575	870350	253	0.3765
514e30c9-fe93-4d52-a31f-9e771c71d300	3	870549	10508163	8219	0.2659
514e30c9-fe93-4d52-a31f-9e771c71d300	3	10508398	12695970	1624	-0.3007
514e30c9-fe93-4d52-a31f-9e771c71d300	3	12698969	22047455	6081	-0.361
514e30c9-fe93-4d52-a31f-9e771c71d300	3	22047692	22061812	3	-2.5287
514e30c9-fe93-4d52-a31f-9e771c71d300	3	22062358	37730063	10845	-0.3426
514e30c9-fe93-4d52-a31f-9e771c71d300	3	37730503	37788093	52	0.0486
514e30c9-fe93-4d52-a31f-9e771c71d300	3	37788445	46380554	5384	-0.3417
514e30c9-fe93-4d52-a31f-9e771c71d300	3	46380801	46380896	4	-2.7981
514e30c9-fe93-4d52-a31f-9e771c71d300	3	46381266	52994359	2782	-0.3263
514e30c9-fe93-4d52-a31f-9e771c71d300	3	52997720	53004928	34	0.0452
514e30c9-fe93-4d52-a31f-9e771c71d300	3	53005084	64299608	8665	-0.3196
514e30c9-fe93-4d52-a31f-9e771c71d300	3	64300669	64391626	97	0.3396
514e30c9-fe93-4d52-a31f-9e771c71d300	3	64392870	64631394	222	-0.3247
514e30c9-fe93-4d52-a31f-9e771c71d300	3	64631693	64631695	2	-2.6905
514e30c9-fe93-4d52-a31f-9e771c71d300	3	64634695	68682877	3044	-0.3122
514e30c9-fe93-4d52-a31f-9e771c71d300	3	68697013	68698262	15	0.4759
514e30c9-fe93-4d52-a31f-9e771c71d300	3	68699607	75519398	4925	-0.3099
514e30c9-fe93-4d52-a31f-9e771c71d300	3	75523398	75546030	7	0.4799
514e30c9-fe93-4d52-a31f-9e771c71d300	3	75547095	75690212	27	-0.2209
514e30c9-fe93-4d52-a31f-9e771c71d300	3	75701270	78097263	1412	-0.3801
514e30c9-fe93-4d52-a31f-9e771c71d300	3	78100733	78316968	103	-0.3044
514e30c9-fe93-4d52-a31f-9e771c71d300	3	78317156	82502007	2359	0.2709
514e30c9-fe93-4d52-a31f-9e771c71d300	3	82504905	82505007	2	1.4579
514e30c9-fe93-4d52-a31f-9e771c71d300	3	82509326	89211176	3623	0.2486
514e30c9-fe93-4d52-a31f-9e771c71d300	3	89211498	89211511	2	-2.1595
514e30c9-fe93-4d52-a31f-9e771c71d300	3	89211843	108379115	9000	0.244
514e30c9-fe93-4d52-a31f-9e771c71d300	3	108381426	108453470	54	0.5935
514e30c9-fe93-4d52-a31f-9e771c71d300	3	108453541	110249864	991	0.2487
514e30c9-fe93-4d52-a31f-9e771c71d300	3	110249952	113937597	2318	-0.0211
514e30c9-fe93-4d52-a31f-9e771c71d300	3	113938259	113955178	10	0.5249
514e30c9-fe93-4d52-a31f-9e771c71d300	3	113955736	118403969	2985	-0.0184
514e30c9-fe93-4d52-a31f-9e771c71d300	3	118404427	118821399	266	0.2577
514e30c9-fe93-4d52-a31f-9e771c71d300	3	118821618	125727821	4100	0.004
514e30c9-fe93-4d52-a31f-9e771c71d300	3	125730683	125747704	10	-1.294
514e30c9-fe93-4d52-a31f-9e771c71d300	3	125750578	130041779	2456	-0.0144
514e30c9-fe93-4d52-a31f-9e771c71d300	3	130044016	130087393	39	0.4998
514e30c9-fe93-4d52-a31f-9e771c71d300	3	130088081	137608133	4656	-0.003
514e30c9-fe93-4d52-a31f-9e771c71d300	3	137610872	137668615	34	0.323
514e30c9-fe93-4d52-a31f-9e771c71d300	3	137669089	148669069	6825	0.0028
514e30c9-fe93-4d52-a31f-9e771c71d300	3	148674182	148684266	8	0.5691
514e30c9-fe93-4d52-a31f-9e771c71d300	3	148684315	149502730	588	0.1375
514e30c9-fe93-4d52-a31f-9e771c71d300	3	149507236	154736651	3269	0.3575
514e30c9-fe93-4d52-a31f-9e771c71d300	3	154738415	161388295	3946	0.233
514e30c9-fe93-4d52-a31f-9e771c71d300	3	161391432	161452823	46	1.1837
514e30c9-fe93-4d52-a31f-9e771c71d300	3	161456355	162795361	900	0.2317
514e30c9-fe93-4d52-a31f-9e771c71d300	3	162795671	162875836	44	0.7122
514e30c9-fe93-4d52-a31f-9e771c71d300	3	162875975	162996729	94	0.2063
514e30c9-fe93-4d52-a31f-9e771c71d300	3	162999939	163001774	2	-1.9871
514e30c9-fe93-4d52-a31f-9e771c71d300	3	163008371	177535711	8936	0.2194
514e30c9-fe93-4d52-a31f-9e771c71d300	3	177538135	179168374	1009	3.1449
514e30c9-fe93-4d52-a31f-9e771c71d300	3	179168417	179210387	56	3.618
514e30c9-fe93-4d52-a31f-9e771c71d300	3	179211755	179211769	2	0.2544
514e30c9-fe93-4d52-a31f-9e771c71d300	3	179213661	179250872	85	3.4003
514e30c9-fe93-4d52-a31f-9e771c71d300	3	179255237	182896705	1982	0.1105
514e30c9-fe93-4d52-a31f-9e771c71d300	3	182902174	184708070	976	0.4909
514e30c9-fe93-4d52-a31f-9e771c71d300	3	184716469	186709267	1326	0.117
514e30c9-fe93-4d52-a31f-9e771c71d300	3	186709551	186709585	2	-1.7582
514e30c9-fe93-4d52-a31f-9e771c71d300	3	186709623	187304637	464	0.1268
514e30c9-fe93-4d52-a31f-9e771c71d300	3	187318966	188550824	978	0.3694
514e30c9-fe93-4d52-a31f-9e771c71d300	3	188551109	188720421	112	0.1107
514e30c9-fe93-4d52-a31f-9e771c71d300	3	188722308	189505913	541	0.4652
514e30c9-fe93-4d52-a31f-9e771c71d300	3	189506581	189646245	124	0.3007
514e30c9-fe93-4d52-a31f-9e771c71d300	3	189646351	189653225	8	0.5521
514e30c9-fe93-4d52-a31f-9e771c71d300	3	189654562	190261936	445	0.2152
514e30c9-fe93-4d52-a31f-9e771c71d300	3	190265973	190267108	2	-1.0535
514e30c9-fe93-4d52-a31f-9e771c71d300	3	190267354	193142266	2018	0.2137
514e30c9-fe93-4d52-a31f-9e771c71d300	3	193145993	193146056	2	-1.1692
514e30c9-fe93-4d52-a31f-9e771c71d300	3	193148816	193156018	20	0.1797
514e30c9-fe93-4d52-a31f-9e771c71d300	3	193160113	193165114	20	1.0659
514e30c9-fe93-4d52-a31f-9e771c71d300	3	193168646	198111566	2676	0.2332
514e30c9-fe93-4d52-a31f-9e771c71d300	3	198118345	198125948	12	-0.2803
514e30c9-fe93-4d52-a31f-9e771c71d300	3	198142659	198169247	5	0.2577
514e30c9-fe93-4d52-a31f-9e771c71d300	4	68929	2688766	980	0.0775
514e30c9-fe93-4d52-a31f-9e771c71d300	4	2691590	2728941	29	0.3938
514e30c9-fe93-4d52-a31f-9e771c71d300	4	2732221	3597723	428	0.0682
514e30c9-fe93-4d52-a31f-9e771c71d300	4	3598142	3600457	2	-1.8434
514e30c9-fe93-4d52-a31f-9e771c71d300	4	3607663	4108503	183	0.0728
514e30c9-fe93-4d52-a31f-9e771c71d300	4	4112194	4117959	3	-1.4988
514e30c9-fe93-4d52-a31f-9e771c71d300	4	4121101	6333565	1793	0.068
514e30c9-fe93-4d52-a31f-9e771c71d300	4	6334400	7218920	631	0.5174
514e30c9-fe93-4d52-a31f-9e771c71d300	4	7220709	8722817	1047	0.0835
514e30c9-fe93-4d52-a31f-9e771c71d300	4	9370577	9459504	60	0.7981
514e30c9-fe93-4d52-a31f-9e771c71d300	4	9462813	10212536	545	0.0939
514e30c9-fe93-4d52-a31f-9e771c71d300	4	10221792	10232642	30	-0.8166
514e30c9-fe93-4d52-a31f-9e771c71d300	4	10232984	18261414	6207	0.0943
514e30c9-fe93-4d52-a31f-9e771c71d300	4	18263021	18263198	2	-2.3588
514e30c9-fe93-4d52-a31f-9e771c71d300	4	18269535	19801042	965	0.1155
514e30c9-fe93-4d52-a31f-9e771c71d300	4	19801121	33221258	8928	-0.6007
514e30c9-fe93-4d52-a31f-9e771c71d300	4	33221453	34777432	870	-0.3443
514e30c9-fe93-4d52-a31f-9e771c71d300	4	34784878	34828291	40	0.417
514e30c9-fe93-4d52-a31f-9e771c71d300	4	34828306	35912645	697	-0.3122
514e30c9-fe93-4d52-a31f-9e771c71d300	4	35913165	35913230	2	-2.0372
514e30c9-fe93-4d52-a31f-9e771c71d300	4	35913589	39937978	2736	-0.2906
514e30c9-fe93-4d52-a31f-9e771c71d300	4	39939100	39947513	5	-1.0466
514e30c9-fe93-4d52-a31f-9e771c71d300	4	39952550	41738358	1162	-1.6601
514e30c9-fe93-4d52-a31f-9e771c71d300	4	41739165	42203154	237	-0.2908
514e30c9-fe93-4d52-a31f-9e771c71d300	4	42203535	42209350	7	-0.1748
514e30c9-fe93-4d52-a31f-9e771c71d300	4	42210375	42217491	6	0.3514
514e30c9-fe93-4d52-a31f-9e771c71d300	4	42220262	42255224	37	-0.3323
514e30c9-fe93-4d52-a31f-9e771c71d300	4	42262345	42511919	160	0.6804
514e30c9-fe93-4d52-a31f-9e771c71d300	4	42512609	52883256	4505	0.2702
514e30c9-fe93-4d52-a31f-9e771c71d300	4	52885765	63280986	6681	0.4483
514e30c9-fe93-4d52-a31f-9e771c71d300	4	63281375	63286195	3	-1.1132
514e30c9-fe93-4d52-a31f-9e771c71d300	4	63288849	69523998	3752	0.4401
514e30c9-fe93-4d52-a31f-9e771c71d300	4	69524143	69525061	2	-2.331
514e30c9-fe93-4d52-a31f-9e771c71d300	4	69526170	76230321	4038	0.4514
514e30c9-fe93-4d52-a31f-9e771c71d300	4	76232604	89637483	8515	-0.3811
514e30c9-fe93-4d52-a31f-9e771c71d300	4	89639159	90090538	265	0.2258
514e30c9-fe93-4d52-a31f-9e771c71d300	4	90094491	104091108	8257	-0.3856
514e30c9-fe93-4d52-a31f-9e771c71d300	4	104098246	104103457	3	-1.9775
514e30c9-fe93-4d52-a31f-9e771c71d300	4	104108334	104782346	355	-0.3716
514e30c9-fe93-4d52-a31f-9e771c71d300	4	104784262	104912131	67	0.233
514e30c9-fe93-4d52-a31f-9e771c71d300	4	104914975	104946251	19	0.6341
514e30c9-fe93-4d52-a31f-9e771c71d300	4	104948826	111375831	3822	0.2371
514e30c9-fe93-4d52-a31f-9e771c71d300	4	111376259	111388439	23	-0.5085
514e30c9-fe93-4d52-a31f-9e771c71d300	4	111388458	114252544	1839	0.2298
514e30c9-fe93-4d52-a31f-9e771c71d300	4	114254167	114261019	23	-0.9503
514e30c9-fe93-4d52-a31f-9e771c71d300	4	114263073	137163263	13230	0.2454
514e30c9-fe93-4d52-a31f-9e771c71d300	4	137163828	137173967	22	-0.2241
514e30c9-fe93-4d52-a31f-9e771c71d300	4	137187209	140632346	2359	0.2567
514e30c9-fe93-4d52-a31f-9e771c71d300	4	140632729	140654773	14	0.6668
514e30c9-fe93-4d52-a31f-9e771c71d300	4	140655519	146345999	3340	0.2671
514e30c9-fe93-4d52-a31f-9e771c71d300	4	146348849	148366655	1238	0.4927
514e30c9-fe93-4d52-a31f-9e771c71d300	4	148370167	149153775	450	-0.3505
514e30c9-fe93-4d52-a31f-9e771c71d300	4	149156128	149157722	4	-1.8859
514e30c9-fe93-4d52-a31f-9e771c71d300	4	149162817	151913618	1498	-0.3365
514e30c9-fe93-4d52-a31f-9e771c71d300	4	151916105	151916302	2	-1.8887
514e30c9-fe93-4d52-a31f-9e771c71d300	4	151919740	153234595	797	-0.3765
514e30c9-fe93-4d52-a31f-9e771c71d300	4	153236997	153323801	59	0.2772
514e30c9-fe93-4d52-a31f-9e771c71d300	4	153327754	157871169	3025	-0.346
514e30c9-fe93-4d52-a31f-9e771c71d300	4	157873738	157875187	3	0.5495
514e30c9-fe93-4d52-a31f-9e771c71d300	4	157881335	158918868	560	-0.0376
514e30c9-fe93-4d52-a31f-9e771c71d300	4	158919325	160180071	778	0.4291
514e30c9-fe93-4d52-a31f-9e771c71d300	4	160182192	160182320	2	-0.8495
514e30c9-fe93-4d52-a31f-9e771c71d300	4	160182371	160644702	334	0.418
514e30c9-fe93-4d52-a31f-9e771c71d300	4	160646408	168055116	4748	-0.0497
514e30c9-fe93-4d52-a31f-9e771c71d300	4	168057164	168058341	11	-1.0146
514e30c9-fe93-4d52-a31f-9e771c71d300	4	168063303	168921891	660	-0.0396
514e30c9-fe93-4d52-a31f-9e771c71d300	4	168925080	171448195	1504	0.235
514e30c9-fe93-4d52-a31f-9e771c71d300	4	171453733	171456559	10	1.8385
514e30c9-fe93-4d52-a31f-9e771c71d300	4	171456573	171847178	245	0.2183
514e30c9-fe93-4d52-a31f-9e771c71d300	4	171849876	172026334	105	-0.3931
514e30c9-fe93-4d52-a31f-9e771c71d300	4	172026645	188300104	10981	-0.8594
514e30c9-fe93-4d52-a31f-9e771c71d300	4	188300206	188300285	4	1.6079
514e30c9-fe93-4d52-a31f-9e771c71d300	4	188301659	189089116	636	-0.8074
514e30c9-fe93-4d52-a31f-9e771c71d300	4	189090316	189090947	2	-3.0939
514e30c9-fe93-4d52-a31f-9e771c71d300	4	189092197	190106768	500	-0.8032
514e30c9-fe93-4d52-a31f-9e771c71d300	5	15532	155739	73	0.4554
514e30c9-fe93-4d52-a31f-9e771c71d300	5	157550	275772	59	0.685
514e30c9-fe93-4d52-a31f-9e771c71d300	5	276085	801650	205	0.4197
514e30c9-fe93-4d52-a31f-9e771c71d300	5	808932	822008	9	1.367
514e30c9-fe93-4d52-a31f-9e771c71d300	5	823484	11951405	9393	0.4686
514e30c9-fe93-4d52-a31f-9e771c71d300	5	11959182	12112902	83	1.0964
514e30c9-fe93-4d52-a31f-9e771c71d300	5	12112957	12819201	372	0.477
514e30c9-fe93-4d52-a31f-9e771c71d300	5	12819263	12826538	8	1.0944
514e30c9-fe93-4d52-a31f-9e771c71d300	5	12833745	13574396	397	0.4599
514e30c9-fe93-4d52-a31f-9e771c71d300	5	13574620	16423353	2047	0.3751
514e30c9-fe93-4d52-a31f-9e771c71d300	5	16426274	20472054	2537	-0.154
514e30c9-fe93-4d52-a31f-9e771c71d300	5	20472431	20472737	3	-2.3
514e30c9-fe93-4d52-a31f-9e771c71d300	5	20473134	32478953	7305	-0.1629
514e30c9-fe93-4d52-a31f-9e771c71d300	5	32480213	32515299	28	0.3953
514e30c9-fe93-4d52-a31f-9e771c71d300	5	32515729	40333830	5237	-0.1326
514e30c9-fe93-4d52-a31f-9e771c71d300	5	40335373	40351444	8	-1.4552
514e30c9-fe93-4d52-a31f-9e771c71d300	5	40357561	43378529	1734	-0.1346
514e30c9-fe93-4d52-a31f-9e771c71d300	5	43383296	43797497	170	0.1401
514e30c9-fe93-4d52-a31f-9e771c71d300	5	43797704	45922221	941	-0.1345
514e30c9-fe93-4d52-a31f-9e771c71d300	5	45930948	53725852	2201	-0.0086
514e30c9-fe93-4d52-a31f-9e771c71d300	5	53726827	58030200	2940	-0.3763
514e30c9-fe93-4d52-a31f-9e771c71d300	5	58030336	58037706	31	0.0201
514e30c9-fe93-4d52-a31f-9e771c71d300	5	58042530	58979773	709	-0.3664
514e30c9-fe93-4d52-a31f-9e771c71d300	5	58980363	58980627	3	-1.553
514e30c9-fe93-4d52-a31f-9e771c71d300	5	58982165	59458043	432	-0.3805
514e30c9-fe93-4d52-a31f-9e771c71d300	5	59458467	59459754	5	-1.6083
514e30c9-fe93-4d52-a31f-9e771c71d300	5	59460764	62128779	1583	-0.3589
514e30c9-fe93-4d52-a31f-9e771c71d300	5	62129268	62130775	2	-2.4949
514e30c9-fe93-4d52-a31f-9e771c71d300	5	62131511	91067088	16451	-0.3623
514e30c9-fe93-4d52-a31f-9e771c71d300	5	91073425	91256990	134	-0.1724
514e30c9-fe93-4d52-a31f-9e771c71d300	5	91260120	94426176	1566	-0.3514
514e30c9-fe93-4d52-a31f-9e771c71d300	5	94426530	94673951	122	-1.649
514e30c9-fe93-4d52-a31f-9e771c71d300	5	94677316	96233635	952	-0.3491
514e30c9-fe93-4d52-a31f-9e771c71d300	5	96237474	96454604	123	-1.5237
514e30c9-fe93-4d52-a31f-9e771c71d300	5	96455705	118050922	14108	-0.3437
514e30c9-fe93-4d52-a31f-9e771c71d300	5	118052727	118053390	11	-1.3564
514e30c9-fe93-4d52-a31f-9e771c71d300	5	118068645	120769297	1749	-0.3493
514e30c9-fe93-4d52-a31f-9e771c71d300	5	120772195	136021788	9504	-0.6075
514e30c9-fe93-4d52-a31f-9e771c71d300	5	136024084	140158886	2262	0.0629
514e30c9-fe93-4d52-a31f-9e771c71d300	5	140159505	140159650	2	-1.2677
514e30c9-fe93-4d52-a31f-9e771c71d300	5	140159929	141218244	452	0.0473
514e30c9-fe93-4d52-a31f-9e771c71d300	5	141220937	141238394	8	-0.6994
514e30c9-fe93-4d52-a31f-9e771c71d300	5	141238799	147322304	4039	0.0598
514e30c9-fe93-4d52-a31f-9e771c71d300	5	147322873	147322979	2	-2.0101
514e30c9-fe93-4d52-a31f-9e771c71d300	5	147323730	150822643	2372	0.0733
514e30c9-fe93-4d52-a31f-9e771c71d300	5	150825938	150839042	8	-1.8552
514e30c9-fe93-4d52-a31f-9e771c71d300	5	150843825	156068249	3653	0.0623
514e30c9-fe93-4d52-a31f-9e771c71d300	5	156073982	156075169	2	-2.1256
514e30c9-fe93-4d52-a31f-9e771c71d300	5	156077395	166411869	6863	0.0452
514e30c9-fe93-4d52-a31f-9e771c71d300	5	166412657	166422950	34	-1.7681
514e30c9-fe93-4d52-a31f-9e771c71d300	5	166423045	180947523	9697	0.0527
514e30c9-fe93-4d52-a31f-9e771c71d300	5	180951710	180990207	15	-1.6764
514e30c9-fe93-4d52-a31f-9e771c71d300	5	180990614	181363319	172	0.055
514e30c9-fe93-4d52-a31f-9e771c71d300	6	149661	267622	108	0.3268
514e30c9-fe93-4d52-a31f-9e771c71d300	6	267693	376937	90	0.0092
514e30c9-fe93-4d52-a31f-9e771c71d300	6	378703	3266326	2349	0.4014
514e30c9-fe93-4d52-a31f-9e771c71d300	6	3266412	6944700	3163	0.451
514e30c9-fe93-4d52-a31f-9e771c71d300	6	6946684	7250727	213	0.7294
514e30c9-fe93-4d52-a31f-9e771c71d300	6	7250804	7373016	61	0.3764
514e30c9-fe93-4d52-a31f-9e771c71d300	6	7374239	7450269	38	0.5909
514e30c9-fe93-4d52-a31f-9e771c71d300	6	7450581	7502562	51	0.3962
514e30c9-fe93-4d52-a31f-9e771c71d300	6	7502757	7503451	7	-0.1093
514e30c9-fe93-4d52-a31f-9e771c71d300	6	7503552	8540786	837	0.4542
514e30c9-fe93-4d52-a31f-9e771c71d300	6	8541997	8542010	2	-1.5555
514e30c9-fe93-4d52-a31f-9e771c71d300	6	8545199	8548535	8	0.482
514e30c9-fe93-4d52-a31f-9e771c71d300	6	8550397	8550938	4	-0.684
514e30c9-fe93-4d52-a31f-9e771c71d300	6	8551317	10815112	1604	0.4525
514e30c9-fe93-4d52-a31f-9e771c71d300	6	10816673	10816918	2	-0.9598
514e30c9-fe93-4d52-a31f-9e771c71d300	6	10817272	16147118	4078	0.4317
514e30c9-fe93-4d52-a31f-9e771c71d300	6	16150042	16341046	105	0.8043
514e30c9-fe93-4d52-a31f-9e771c71d300	6	16345984	20771542	3333	0.4576
514e30c9-fe93-4d52-a31f-9e771c71d300	6	20774179	20774528	2	-1.2338
514e30c9-fe93-4d52-a31f-9e771c71d300	6	20775941	24641100	2816	0.4558
514e30c9-fe93-4d52-a31f-9e771c71d300	6	24641415	26340557	1143	0.6064
514e30c9-fe93-4d52-a31f-9e771c71d300	6	26340651	26348804	6	-0.229
514e30c9-fe93-4d52-a31f-9e771c71d300	6	26352835	26670022	212	0.434
514e30c9-fe93-4d52-a31f-9e771c71d300	6	26671100	26747504	6	0.175
514e30c9-fe93-4d52-a31f-9e771c71d300	6	26749330	26759781	3	1.4403
514e30c9-fe93-4d52-a31f-9e771c71d300	6	26831719	29875657	1425	0.4276
514e30c9-fe93-4d52-a31f-9e771c71d300	6	29876257	29881490	7	-0.2388
514e30c9-fe93-4d52-a31f-9e771c71d300	6	29882419	29931900	16	0.4586
514e30c9-fe93-4d52-a31f-9e771c71d300	6	29933787	29933799	4	-0.5634
514e30c9-fe93-4d52-a31f-9e771c71d300	6	29940692	31313046	643	0.4142
514e30c9-fe93-4d52-a31f-9e771c71d300	6	31318499	31328176	8	-0.8906
514e30c9-fe93-4d52-a31f-9e771c71d300	6	31328210	32463328	498	0.4277
514e30c9-fe93-4d52-a31f-9e771c71d300	6	32463370	32533522	21	0.9743
514e30c9-fe93-4d52-a31f-9e771c71d300	6	32540699	32550992	5	-0.5314
514e30c9-fe93-4d52-a31f-9e771c71d300	6	32559507	32656527	37	0.4291
514e30c9-fe93-4d52-a31f-9e771c71d300	6	32656814	32658841	5	1.3049
514e30c9-fe93-4d52-a31f-9e771c71d300	6	32682835	32718419	36	0.4
514e30c9-fe93-4d52-a31f-9e771c71d300	6	32720838	32723053	11	1.0787
514e30c9-fe93-4d52-a31f-9e771c71d300	6	32732907	33836547	638	0.4115
514e30c9-fe93-4d52-a31f-9e771c71d300	6	33838230	35201767	766	-0.0334
514e30c9-fe93-4d52-a31f-9e771c71d300	6	35201931	37347736	1306	-0.0726
514e30c9-fe93-4d52-a31f-9e771c71d300	6	37348202	40937434	2687	-0.0159
514e30c9-fe93-4d52-a31f-9e771c71d300	6	40939385	43655405	1511	-0.0629
514e30c9-fe93-4d52-a31f-9e771c71d300	6	43660765	54066269	6745	-0.0189
514e30c9-fe93-4d52-a31f-9e771c71d300	6	54066286	54067057	8	0.8176
514e30c9-fe93-4d52-a31f-9e771c71d300	6	54070550	60351931	2219	-0.0187
514e30c9-fe93-4d52-a31f-9e771c71d300	6	60352984	63271694	1309	0.2193
514e30c9-fe93-4d52-a31f-9e771c71d300	6	63271728	65683455	1395	-0.0283
514e30c9-fe93-4d52-a31f-9e771c71d300	6	65684197	65693959	24	-1.0231
514e30c9-fe93-4d52-a31f-9e771c71d300	6	65697234	72944935	4871	-0.0154
514e30c9-fe93-4d52-a31f-9e771c71d300	6	72947102	73025832	47	0.5295
514e30c9-fe93-4d52-a31f-9e771c71d300	6	73030591	73880906	517	-0.0106
514e30c9-fe93-4d52-a31f-9e771c71d300	6	73882085	73887625	11	0.7158
514e30c9-fe93-4d52-a31f-9e771c71d300	6	73891694	74861642	650	-0.0094
514e30c9-fe93-4d52-a31f-9e771c71d300	6	74865955	74991951	82	0.4598
514e30c9-fe93-4d52-a31f-9e771c71d300	6	74999049	75774490	417	-0.0015
514e30c9-fe93-4d52-a31f-9e771c71d300	6	75779110	75826616	25	0.4921
514e30c9-fe93-4d52-a31f-9e771c71d300	6	75828686	76726442	595	0.0041
514e30c9-fe93-4d52-a31f-9e771c71d300	6	76726815	76743040	22	0.3284
514e30c9-fe93-4d52-a31f-9e771c71d300	6	76751356	78252909	974	-0.0075
514e30c9-fe93-4d52-a31f-9e771c71d300	6	78253157	78322875	111	0.369
514e30c9-fe93-4d52-a31f-9e771c71d300	6	78325223	82967374	3003	0.005
514e30c9-fe93-4d52-a31f-9e771c71d300	6	82971354	85337426	1512	-0.3624
514e30c9-fe93-4d52-a31f-9e771c71d300	6	85340152	85340348	2	-1.5881
514e30c9-fe93-4d52-a31f-9e771c71d300	6	85341566	85992372	303	-0.357
514e30c9-fe93-4d52-a31f-9e771c71d300	6	85996191	85996204	2	-2.2645
514e30c9-fe93-4d52-a31f-9e771c71d300	6	85998530	87708826	1003	-0.3579
514e30c9-fe93-4d52-a31f-9e771c71d300	6	87709934	92864624	3412	0.0052
514e30c9-fe93-4d52-a31f-9e771c71d300	6	92866148	92874566	35	-0.4703
514e30c9-fe93-4d52-a31f-9e771c71d300	6	92874882	99964318	4270	-0.0012
514e30c9-fe93-4d52-a31f-9e771c71d300	6	99975777	100516483	331	-0.3616
514e30c9-fe93-4d52-a31f-9e771c71d300	6	100519312	100628617	40	-0.1159
514e30c9-fe93-4d52-a31f-9e771c71d300	6	100632551	102250055	962	-0.3399
514e30c9-fe93-4d52-a31f-9e771c71d300	6	102250820	102257352	6	-1.3656
514e30c9-fe93-4d52-a31f-9e771c71d300	6	102258588	102586906	165	-0.3508
514e30c9-fe93-4d52-a31f-9e771c71d300	6	102588183	102589281	2	-2.2503
514e30c9-fe93-4d52-a31f-9e771c71d300	6	102595299	104820300	1436	-0.3737
514e30c9-fe93-4d52-a31f-9e771c71d300	6	104821253	105639586	482	0.2926
514e30c9-fe93-4d52-a31f-9e771c71d300	6	105641952	113946804	5263	-0.3536
514e30c9-fe93-4d52-a31f-9e771c71d300	6	113949764	114272539	198	0.0463
514e30c9-fe93-4d52-a31f-9e771c71d300	6	114274957	117412810	1737	-0.1537
514e30c9-fe93-4d52-a31f-9e771c71d300	6	117413583	117414092	2	-1.8403
514e30c9-fe93-4d52-a31f-9e771c71d300	6	117414163	130928536	8372	-0.1342
514e30c9-fe93-4d52-a31f-9e771c71d300	6	130928747	137062020	4198	0.3915
514e30c9-fe93-4d52-a31f-9e771c71d300	6	137067431	137366093	230	0.9084
514e30c9-fe93-4d52-a31f-9e771c71d300	6	137373479	143503967	3736	0.9421
514e30c9-fe93-4d52-a31f-9e771c71d300	6	143504163	150685675	4849	1.0024
514e30c9-fe93-4d52-a31f-9e771c71d300	6	150685979	150772825	73	1.2691
514e30c9-fe93-4d52-a31f-9e771c71d300	6	150775215	150798462	12	1.004
514e30c9-fe93-4d52-a31f-9e771c71d300	6	150799974	157626421	4750	0.8602
514e30c9-fe93-4d52-a31f-9e771c71d300	6	157637513	157673479	40	1.2672
514e30c9-fe93-4d52-a31f-9e771c71d300	6	157674251	159738015	1388	0.8415
514e30c9-fe93-4d52-a31f-9e771c71d300	6	159738189	161676701	1435	0.5295
514e30c9-fe93-4d52-a31f-9e771c71d300	6	161678173	162880579	985	0.7101
514e30c9-fe93-4d52-a31f-9e771c71d300	6	162880877	163060615	99	0.8147
514e30c9-fe93-4d52-a31f-9e771c71d300	6	163062046	163467545	347	0.3951
514e30c9-fe93-4d52-a31f-9e771c71d300	6	163469430	165914474	1900	0.1002
514e30c9-fe93-4d52-a31f-9e771c71d300	6	165917330	165917519	2	-1.2178
514e30c9-fe93-4d52-a31f-9e771c71d300	6	165921909	167652277	1155	0.0993
514e30c9-fe93-4d52-a31f-9e771c71d300	6	167657717	170741917	1952	0.2444
514e30c9-fe93-4d52-a31f-9e771c71d300	7	43355	2668555	894	0.4422
514e30c9-fe93-4d52-a31f-9e771c71d300	7	2669619	3309993	486	0.23
514e30c9-fe93-4d52-a31f-9e771c71d300	7	3310395	3310542	2	-0.7441
514e30c9-fe93-4d52-a31f-9e771c71d300	7	3310714	3349458	43	0.2558
514e30c9-fe93-4d52-a31f-9e771c71d300	7	3355447	3355694	5	-1.36
514e30c9-fe93-4d52-a31f-9e771c71d300	7	3359128	13063277	7036	0.2409
514e30c9-fe93-4d52-a31f-9e771c71d300	7	13068443	13091032	24	-0.4244
514e30c9-fe93-4d52-a31f-9e771c71d300	7	13091133	20167734	5850	0.2497
514e30c9-fe93-4d52-a31f-9e771c71d300	7	20168042	20248295	57	0.7064
514e30c9-fe93-4d52-a31f-9e771c71d300	7	20261644	22395161	1661	0.2572
514e30c9-fe93-4d52-a31f-9e771c71d300	7	22395853	22396868	2	1.4113
514e30c9-fe93-4d52-a31f-9e771c71d300	7	22399135	23518642	781	0.261
514e30c9-fe93-4d52-a31f-9e771c71d300	7	23521155	38254500	10517	-0.3667
514e30c9-fe93-4d52-a31f-9e771c71d300	7	38255395	38347190	118	-0.1497
514e30c9-fe93-4d52-a31f-9e771c71d300	7	38347211	40126398	1184	-0.3767
514e30c9-fe93-4d52-a31f-9e771c71d300	7	40135967	40180618	26	0.141
514e30c9-fe93-4d52-a31f-9e771c71d300	7	40187738	46583556	4066	0.2555
514e30c9-fe93-4d52-a31f-9e771c71d300	7	46584245	46584278	2	-2.6865
514e30c9-fe93-4d52-a31f-9e771c71d300	7	46586471	54305455	5712	0.2524
514e30c9-fe93-4d52-a31f-9e771c71d300	7	54318812	54318824	6	1.1962
514e30c9-fe93-4d52-a31f-9e771c71d300	7	54325795	57822636	2023	0.2382
514e30c9-fe93-4d52-a31f-9e771c71d300	7	57847011	62316452	35	0.593
514e30c9-fe93-4d52-a31f-9e771c71d300	7	62316913	66631041	1492	0.2345
514e30c9-fe93-4d52-a31f-9e771c71d300	7	66636188	66671562	15	0.8382
514e30c9-fe93-4d52-a31f-9e771c71d300	7	66673298	70741224	2427	0.2457
514e30c9-fe93-4d52-a31f-9e771c71d300	7	70741875	72824604	1290	0.0107
514e30c9-fe93-4d52-a31f-9e771c71d300	7	72837511	74177252	340	0.3227
514e30c9-fe93-4d52-a31f-9e771c71d300	7	74177818	74840595	200	0.5767
514e30c9-fe93-4d52-a31f-9e771c71d300	7	74870728	75453095	24	0.3146
514e30c9-fe93-4d52-a31f-9e771c71d300	7	75455754	75462627	2	-1.0289
514e30c9-fe93-4d52-a31f-9e771c71d300	7	75466500	88231309	7843	0.3398
514e30c9-fe93-4d52-a31f-9e771c71d300	7	88235085	88238419	2	-1.5091
514e30c9-fe93-4d52-a31f-9e771c71d300	7	88242448	95280350	4512	0.3478
514e30c9-fe93-4d52-a31f-9e771c71d300	7	95280587	95838309	401	0.5658
514e30c9-fe93-4d52-a31f-9e771c71d300	7	95838674	97766197	1222	0.347
514e30c9-fe93-4d52-a31f-9e771c71d300	7	97772620	97773163	8	-0.8708
514e30c9-fe93-4d52-a31f-9e771c71d300	7	97774928	104168883	2901	0.336
514e30c9-fe93-4d52-a31f-9e771c71d300	7	104169163	104250334	55	0.7055
514e30c9-fe93-4d52-a31f-9e771c71d300	7	104252091	108406179	2749	0.3367
514e30c9-fe93-4d52-a31f-9e771c71d300	7	108420381	108481225	59	0.711
514e30c9-fe93-4d52-a31f-9e771c71d300	7	108487136	109801187	862	0.3233
514e30c9-fe93-4d52-a31f-9e771c71d300	7	109801572	109813853	10	1.03
514e30c9-fe93-4d52-a31f-9e771c71d300	7	109813925	110155658	206	0.3147
514e30c9-fe93-4d52-a31f-9e771c71d300	7	110158535	110159025	7	-1.4264
514e30c9-fe93-4d52-a31f-9e771c71d300	7	110159142	110235672	57	0.3298
514e30c9-fe93-4d52-a31f-9e771c71d300	7	110239168	110239648	3	-0.7256
514e30c9-fe93-4d52-a31f-9e771c71d300	7	110242679	110603551	278	0.3505
514e30c9-fe93-4d52-a31f-9e771c71d300	7	110603753	111314026	452	0.2107
514e30c9-fe93-4d52-a31f-9e771c71d300	7	111316204	116285432	2876	0.3387
514e30c9-fe93-4d52-a31f-9e771c71d300	7	116285536	116289551	11	-0.1834
514e30c9-fe93-4d52-a31f-9e771c71d300	7	116289599	119507968	1972	0.3296
514e30c9-fe93-4d52-a31f-9e771c71d300	7	119508031	119509749	2	-1.3717
514e30c9-fe93-4d52-a31f-9e771c71d300	7	119509763	124533679	2995	0.3291
514e30c9-fe93-4d52-a31f-9e771c71d300	7	124535791	124536323	4	-1.012
514e30c9-fe93-4d52-a31f-9e771c71d300	7	124537650	130241779	3370	0.3334
514e30c9-fe93-4d52-a31f-9e771c71d300	7	130241833	130312419	36	0.228
514e30c9-fe93-4d52-a31f-9e771c71d300	7	130312882	132412602	1380	0.1039
514e30c9-fe93-4d52-a31f-9e771c71d300	7	132413483	132434895	26	0.9639
514e30c9-fe93-4d52-a31f-9e771c71d300	7	132436592	134100424	1066	0.1096
514e30c9-fe93-4d52-a31f-9e771c71d300	7	134100442	134110881	24	-1.626
514e30c9-fe93-4d52-a31f-9e771c71d300	7	134110912	140187022	3941	0.1138
514e30c9-fe93-4d52-a31f-9e771c71d300	7	140193139	140769832	343	0.3843
514e30c9-fe93-4d52-a31f-9e771c71d300	7	140770022	142023178	883	-0.2837
514e30c9-fe93-4d52-a31f-9e771c71d300	7	142024465	142070569	38	0.4249
514e30c9-fe93-4d52-a31f-9e771c71d300	7	142070709	142092108	28	0.8573
514e30c9-fe93-4d52-a31f-9e771c71d300	7	142092307	142581256	346	0.4643
514e30c9-fe93-4d52-a31f-9e771c71d300	7	142618972	142785841	101	0.2899
514e30c9-fe93-4d52-a31f-9e771c71d300	7	142801993	153054516	5988	0.0748
514e30c9-fe93-4d52-a31f-9e771c71d300	7	153054554	156404624	2650	-0.0469
514e30c9-fe93-4d52-a31f-9e771c71d300	7	156404638	156457075	43	-0.5293
514e30c9-fe93-4d52-a31f-9e771c71d300	7	156457735	159334314	1731	-0.0284
514e30c9-fe93-4d52-a31f-9e771c71d300	8	81254	208062	4	0.1903
514e30c9-fe93-4d52-a31f-9e771c71d300	8	212672	643041	317	-0.8763
514e30c9-fe93-4d52-a31f-9e771c71d300	8	644944	645908	10	0.0496
514e30c9-fe93-4d52-a31f-9e771c71d300	8	656117	2844412	1702	-0.8719
514e30c9-fe93-4d52-a31f-9e771c71d300	8	2846011	2846377	7	-2.0474
514e30c9-fe93-4d52-a31f-9e771c71d300	8	2849649	4040699	1484	-0.8867
514e30c9-fe93-4d52-a31f-9e771c71d300	8	4040758	4040807	2	-3.1953
514e30c9-fe93-4d52-a31f-9e771c71d300	8	4040818	7357997	4177	-0.8558
514e30c9-fe93-4d52-a31f-9e771c71d300	8	7358220	7380497	15	-1.6802
514e30c9-fe93-4d52-a31f-9e771c71d300	8	7396819	7838739	20	-0.5875
514e30c9-fe93-4d52-a31f-9e771c71d300	8	7873171	8212781	27	0.2472
514e30c9-fe93-4d52-a31f-9e771c71d300	8	8214781	9538675	1266	-0.8132
514e30c9-fe93-4d52-a31f-9e771c71d300	8	9538949	9539139	2	-2.6277
514e30c9-fe93-4d52-a31f-9e771c71d300	8	9539828	12024888	1941	-0.8481
514e30c9-fe93-4d52-a31f-9e771c71d300	8	12025748	12720581	97	-0.4606
514e30c9-fe93-4d52-a31f-9e771c71d300	8	12727927	25118055	10349	-0.8372
514e30c9-fe93-4d52-a31f-9e771c71d300	8	25118687	25126818	21	0.0188
514e30c9-fe93-4d52-a31f-9e771c71d300	8	25133589	28448993	2579	-0.8227
514e30c9-fe93-4d52-a31f-9e771c71d300	8	28450394	28451077	2	-2.7387
514e30c9-fe93-4d52-a31f-9e771c71d300	8	28451602	30292609	1116	-0.83
514e30c9-fe93-4d52-a31f-9e771c71d300	8	30301534	32821348	1733	-0.1833
514e30c9-fe93-4d52-a31f-9e771c71d300	8	32825580	32830895	8	1.7076
514e30c9-fe93-4d52-a31f-9e771c71d300	8	32834588	39373140	3577	-0.2033
514e30c9-fe93-4d52-a31f-9e771c71d300	8	39378084	39529446	59	0.4718
514e30c9-fe93-4d52-a31f-9e771c71d300	8	39530780	40326278	590	-0.1822
514e30c9-fe93-4d52-a31f-9e771c71d300	8	40326280	40331963	31	-0.7863
514e30c9-fe93-4d52-a31f-9e771c71d300	8	40331978	43766749	1934	-0.1992
514e30c9-fe93-4d52-a31f-9e771c71d300	8	43769752	46000405	35	0.0279
514e30c9-fe93-4d52-a31f-9e771c71d300	8	46000692	46823555	285	0.2453
514e30c9-fe93-4d52-a31f-9e771c71d300	8	46824188	54453370	4528	0.3539
514e30c9-fe93-4d52-a31f-9e771c71d300	8	54453510	65793680	7224	0.2226
514e30c9-fe93-4d52-a31f-9e771c71d300	8	65798517	66308406	311	0.6921
514e30c9-fe93-4d52-a31f-9e771c71d300	8	66312544	71444041	3071	0.2046
514e30c9-fe93-4d52-a31f-9e771c71d300	8	71448195	74396083	2078	0.1257
514e30c9-fe93-4d52-a31f-9e771c71d300	8	74406948	74415359	5	-3.1529
514e30c9-fe93-4d52-a31f-9e771c71d300	8	74416300	74420588	3	-0.1741
514e30c9-fe93-4d52-a31f-9e771c71d300	8	74421279	74543310	63	0.4428
514e30c9-fe93-4d52-a31f-9e771c71d300	8	74544835	84345754	5717	0.0936
514e30c9-fe93-4d52-a31f-9e771c71d300	8	84350648	84358457	21	-0.3434
514e30c9-fe93-4d52-a31f-9e771c71d300	8	84358566	94545324	5836	0.0949
514e30c9-fe93-4d52-a31f-9e771c71d300	8	94545374	94545764	6	1.3862
514e30c9-fe93-4d52-a31f-9e771c71d300	8	94545887	111282065	10259	0.1074
514e30c9-fe93-4d52-a31f-9e771c71d300	8	111282237	111283031	8	1.3126
514e30c9-fe93-4d52-a31f-9e771c71d300	8	111288052	115408099	2358	0.0971
514e30c9-fe93-4d52-a31f-9e771c71d300	8	115408494	116219704	465	0.4273
514e30c9-fe93-4d52-a31f-9e771c71d300	8	116220039	120046539	2747	0.3822
514e30c9-fe93-4d52-a31f-9e771c71d300	8	120048236	121525692	948	0.4669
514e30c9-fe93-4d52-a31f-9e771c71d300	8	121526151	121526883	3	-0.6809
514e30c9-fe93-4d52-a31f-9e771c71d300	8	121526899	126593799	3490	0.4622
514e30c9-fe93-4d52-a31f-9e771c71d300	8	126593903	126812902	155	0.5941
514e30c9-fe93-4d52-a31f-9e771c71d300	8	126813136	126821912	5	0.1392
514e30c9-fe93-4d52-a31f-9e771c71d300	8	126824520	126839259	22	0.6554
514e30c9-fe93-4d52-a31f-9e771c71d300	8	126843691	126997405	148	0.5057
514e30c9-fe93-4d52-a31f-9e771c71d300	8	126998029	127240888	164	1.0652
514e30c9-fe93-4d52-a31f-9e771c71d300	8	127241507	132190597	3582	0.4702
514e30c9-fe93-4d52-a31f-9e771c71d300	8	132190676	132195828	2	-1.271
514e30c9-fe93-4d52-a31f-9e771c71d300	8	132196131	137570369	4390	0.4462
514e30c9-fe93-4d52-a31f-9e771c71d300	8	137574445	139242601	1428	0.7444
514e30c9-fe93-4d52-a31f-9e771c71d300	8	139246009	139246954	5	-1.871
514e30c9-fe93-4d52-a31f-9e771c71d300	8	139247177	140754747	1074	0.7463
514e30c9-fe93-4d52-a31f-9e771c71d300	8	140759068	140965990	98	-0.0371
514e30c9-fe93-4d52-a31f-9e771c71d300	8	140966662	143217284	1190	0.7492
514e30c9-fe93-4d52-a31f-9e771c71d300	8	143217495	143227843	9	0.0277
514e30c9-fe93-4d52-a31f-9e771c71d300	8	143228213	144788540	473	0.7551
514e30c9-fe93-4d52-a31f-9e771c71d300	8	144790364	144790412	2	2.1038
514e30c9-fe93-4d52-a31f-9e771c71d300	8	144791145	145072769	160	0.6867
514e30c9-fe93-4d52-a31f-9e771c71d300	9	46587	1223030	1200	0.4932
514e30c9-fe93-4d52-a31f-9e771c71d300	9	1229716	1245296	22	-0.6411
514e30c9-fe93-4d52-a31f-9e771c71d300	9	1247406	12398339	10374	0.511
514e30c9-fe93-4d52-a31f-9e771c71d300	9	12399535	15279579	2327	0.5571
514e30c9-fe93-4d52-a31f-9e771c71d300	9	15279723	15871245	389	0.507
514e30c9-fe93-4d52-a31f-9e771c71d300	9	15871733	19651400	3374	-0.2697
514e30c9-fe93-4d52-a31f-9e771c71d300	9	19652767	23361807	2735	-0.3898
514e30c9-fe93-4d52-a31f-9e771c71d300	9	23363117	23380447	11	0.2386
514e30c9-fe93-4d52-a31f-9e771c71d300	9	23380836	24134355	554	-0.4047
514e30c9-fe93-4d52-a31f-9e771c71d300	9	24138633	29091099	3775	0.1932
514e30c9-fe93-4d52-a31f-9e771c71d300	9	29094551	29097682	3	-3.0101
514e30c9-fe93-4d52-a31f-9e771c71d300	9	29101434	42014203	6515	0.2042
514e30c9-fe93-4d52-a31f-9e771c71d300	9	42037471	42211663	22	-0.3518
514e30c9-fe93-4d52-a31f-9e771c71d300	9	42230926	67073081	246	0.2665
514e30c9-fe93-4d52-a31f-9e771c71d300	9	67073620	83957660	11268	0.4438
514e30c9-fe93-4d52-a31f-9e771c71d300	9	83958925	84146708	113	0.1055
514e30c9-fe93-4d52-a31f-9e771c71d300	9	84149209	87907679	2853	0.4527
514e30c9-fe93-4d52-a31f-9e771c71d300	9	87939236	87939304	2	-1.3934
514e30c9-fe93-4d52-a31f-9e771c71d300	9	87943042	94936143	4608	0.444
514e30c9-fe93-4d52-a31f-9e771c71d300	9	94937381	94940309	2	-0.8945
514e30c9-fe93-4d52-a31f-9e771c71d300	9	94941863	96490800	1183	0.4463
514e30c9-fe93-4d52-a31f-9e771c71d300	9	96492297	98537063	1189	0.5471
514e30c9-fe93-4d52-a31f-9e771c71d300	9	98539373	111477454	9692	-0.3506
514e30c9-fe93-4d52-a31f-9e771c71d300	9	111477821	111638893	87	0.2654
514e30c9-fe93-4d52-a31f-9e771c71d300	9	111643194	113793381	1443	-0.3538
514e30c9-fe93-4d52-a31f-9e771c71d300	9	113797908	114340988	408	0.2656
514e30c9-fe93-4d52-a31f-9e771c71d300	9	114349312	122825085	6537	-0.346
514e30c9-fe93-4d52-a31f-9e771c71d300	9	122839823	127309965	2760	0.5345
514e30c9-fe93-4d52-a31f-9e771c71d300	9	127310902	135214559	4600	-0.3736
514e30c9-fe93-4d52-a31f-9e771c71d300	9	135214584	135215724	2	-2.3476
514e30c9-fe93-4d52-a31f-9e771c71d300	9	135224871	136532614	586	-0.3805
514e30c9-fe93-4d52-a31f-9e771c71d300	9	136536903	136537300	3	-1.8779
514e30c9-fe93-4d52-a31f-9e771c71d300	9	136539349	138137547	582	-0.3718
514e30c9-fe93-4d52-a31f-9e771c71d300	9	138138491	138200944	12	0.3278
514e30c9-fe93-4d52-a31f-9e771c71d300	10	45792	488279	256	0.3797
514e30c9-fe93-4d52-a31f-9e771c71d300	10	489348	491808	2	-1.1672
514e30c9-fe93-4d52-a31f-9e771c71d300	10	492871	3736314	2826	0.3461
514e30c9-fe93-4d52-a31f-9e771c71d300	10	3736633	4027335	303	-0.2407
514e30c9-fe93-4d52-a31f-9e771c71d300	10	4028672	4248622	190	0.319
514e30c9-fe93-4d52-a31f-9e771c71d300	10	4248646	4248732	2	2.2953
514e30c9-fe93-4d52-a31f-9e771c71d300	10	4248824	6652758	2119	0.336
514e30c9-fe93-4d52-a31f-9e771c71d300	10	6653523	6824080	177	0.6842
514e30c9-fe93-4d52-a31f-9e771c71d300	10	6833351	7392834	541	0.3436
514e30c9-fe93-4d52-a31f-9e771c71d300	10	7393686	24396856	13038	0.2286
514e30c9-fe93-4d52-a31f-9e771c71d300	10	24399135	24436153	42	0.7535
514e30c9-fe93-4d52-a31f-9e771c71d300	10	24440289	26934974	1692	0.2101
514e30c9-fe93-4d52-a31f-9e771c71d300	10	26936975	26941064	14	0.7554
514e30c9-fe93-4d52-a31f-9e771c71d300	10	26941746	41738275	7871	0.2255
514e30c9-fe93-4d52-a31f-9e771c71d300	10	41755254	53167767	6665	0.0249
514e30c9-fe93-4d52-a31f-9e771c71d300	10	53170094	53179393	10	-0.9014
514e30c9-fe93-4d52-a31f-9e771c71d300	10	53181641	58823786	4062	0.006
514e30c9-fe93-4d52-a31f-9e771c71d300	10	58825856	58857950	30	0.463
514e30c9-fe93-4d52-a31f-9e771c71d300	10	58866474	65546518	4577	0.0313
514e30c9-fe93-4d52-a31f-9e771c71d300	10	65548165	65554688	28	0.4467
514e30c9-fe93-4d52-a31f-9e771c71d300	10	65563037	70653677	3462	0.035
514e30c9-fe93-4d52-a31f-9e771c71d300	10	70656141	70664302	7	0.6554
514e30c9-fe93-4d52-a31f-9e771c71d300	10	70664556	76041963	2967	0.0374
514e30c9-fe93-4d52-a31f-9e771c71d300	10	76042773	77665455	1311	0.0801
514e30c9-fe93-4d52-a31f-9e771c71d300	10	77666205	86472327	6355	0.0259
514e30c9-fe93-4d52-a31f-9e771c71d300	10	86472826	105624665	11761	-0.109
514e30c9-fe93-4d52-a31f-9e771c71d300	10	105625513	109545244	2947	-0.1527
514e30c9-fe93-4d52-a31f-9e771c71d300	10	109547519	113444969	2699	-0.1174
514e30c9-fe93-4d52-a31f-9e771c71d300	10	113448998	113450166	4	-1.523
514e30c9-fe93-4d52-a31f-9e771c71d300	10	113450731	118615851	3643	-0.1227
514e30c9-fe93-4d52-a31f-9e771c71d300	10	118618315	118977744	229	0.1921
514e30c9-fe93-4d52-a31f-9e771c71d300	10	118982004	127549852	6501	-0.1822
514e30c9-fe93-4d52-a31f-9e771c71d300	10	127552377	133654968	4320	-0.8824
514e30c9-fe93-4d52-a31f-9e771c71d300	11	198510	4947280	2420	-0.3813
514e30c9-fe93-4d52-a31f-9e771c71d300	11	4949013	4954475	27	0.3688
514e30c9-fe93-4d52-a31f-9e771c71d300	11	4955027	5766175	786	-0.3606
514e30c9-fe93-4d52-a31f-9e771c71d300	11	5766850	5787909	32	-1.8368
514e30c9-fe93-4d52-a31f-9e771c71d300	11	5788108	7895707	1564	-0.3646
514e30c9-fe93-4d52-a31f-9e771c71d300	11	7896747	7896760	2	-2.2912
514e30c9-fe93-4d52-a31f-9e771c71d300	11	7897239	7913898	9	-0.1207
514e30c9-fe93-4d52-a31f-9e771c71d300	11	7914772	12457051	3501	-0.3571
514e30c9-fe93-4d52-a31f-9e771c71d300	11	12457520	12458395	2	-1.8644
514e30c9-fe93-4d52-a31f-9e771c71d300	11	12459450	15781050	2279	-0.3519
514e30c9-fe93-4d52-a31f-9e771c71d300	11	15781970	15911154	126	-0.1478
514e30c9-fe93-4d52-a31f-9e771c71d300	11	15911231	15926932	9	0.2116
514e30c9-fe93-4d52-a31f-9e771c71d300	11	15928397	16170552	143	0.4247
514e30c9-fe93-4d52-a31f-9e771c71d300	11	16170737	17379972	716	0.2239
514e30c9-fe93-4d52-a31f-9e771c71d300	11	17381616	17393410	15	0.6178
514e30c9-fe93-4d52-a31f-9e771c71d300	11	17393422	18919323	1037	0.2407
514e30c9-fe93-4d52-a31f-9e771c71d300	11	18927525	18939631	35	0.5471
514e30c9-fe93-4d52-a31f-9e771c71d300	11	18939734	21181419	2073	0.2651
514e30c9-fe93-4d52-a31f-9e771c71d300	11	21181611	32825937	8029	0.2238
514e30c9-fe93-4d52-a31f-9e771c71d300	11	32830552	33709651	490	0.633
514e30c9-fe93-4d52-a31f-9e771c71d300	11	33709719	55606556	11182	0.2352
514e30c9-fe93-4d52-a31f-9e771c71d300	11	55606572	55685058	56	-0.1497
514e30c9-fe93-4d52-a31f-9e771c71d300	11	55685501	56810402	748	0.2258
514e30c9-fe93-4d52-a31f-9e771c71d300	11	56813468	69053408	6042	-0.0165
514e30c9-fe93-4d52-a31f-9e771c71d300	11	69060158	73861902	2515	0.4347
514e30c9-fe93-4d52-a31f-9e771c71d300	11	73865703	80256460	3951	-0.3477
514e30c9-fe93-4d52-a31f-9e771c71d300	11	80256469	80256520	3	-1.3413
514e30c9-fe93-4d52-a31f-9e771c71d300	11	80256642	84063060	2807	-0.3379
514e30c9-fe93-4d52-a31f-9e771c71d300	11	84063372	84063387	2	-2.3823
514e30c9-fe93-4d52-a31f-9e771c71d300	11	84064390	89741663	3778	-0.3355
514e30c9-fe93-4d52-a31f-9e771c71d300	11	89754781	89810584	8	-1.1329
514e30c9-fe93-4d52-a31f-9e771c71d300	11	89813759	100966855	7983	-0.3407
514e30c9-fe93-4d52-a31f-9e771c71d300	11	100968179	102798914	1397	0.2719
514e30c9-fe93-4d52-a31f-9e771c71d300	11	102800116	128938542	18470	-0.3374
514e30c9-fe93-4d52-a31f-9e771c71d300	11	128941503	135063092	4554	-0.1447
514e30c9-fe93-4d52-a31f-9e771c71d300	11	135063619	135074876	8	-0.4163
514e30c9-fe93-4d52-a31f-9e771c71d300	12	51460	2710874	1719	-0.1996
514e30c9-fe93-4d52-a31f-9e771c71d300	12	2711910	2716775	2	-1.8487
514e30c9-fe93-4d52-a31f-9e771c71d300	12	2716897	5943743	2670	-0.2358
514e30c9-fe93-4d52-a31f-9e771c71d300	12	5947628	7611022	859	0.3899
514e30c9-fe93-4d52-a31f-9e771c71d300	12	7616207	7618088	2	-1.0775
514e30c9-fe93-4d52-a31f-9e771c71d300	12	7618852	8404097	343	0.3799
514e30c9-fe93-4d52-a31f-9e771c71d300	12	8405892	8406509	5	3.18
514e30c9-fe93-4d52-a31f-9e771c71d300	12	8406526	8442298	14	1.2866
514e30c9-fe93-4d52-a31f-9e771c71d300	12	8442935	9466572	548	0.4048
514e30c9-fe93-4d52-a31f-9e771c71d300	12	9467109	9575696	31	-0.3615
514e30c9-fe93-4d52-a31f-9e771c71d300	12	9582373	10268593	521	0.4008
514e30c9-fe93-4d52-a31f-9e771c71d300	12	10276808	11068125	515	-0.229
514e30c9-fe93-4d52-a31f-9e771c71d300	12	11070111	11088933	9	0.3989
514e30c9-fe93-4d52-a31f-9e771c71d300	12	11099275	14411723	2548	-0.2274
514e30c9-fe93-4d52-a31f-9e771c71d300	12	14420962	15117231	442	0.2173
514e30c9-fe93-4d52-a31f-9e771c71d300	12	15124179	15143876	12	0.3393
514e30c9-fe93-4d52-a31f-9e771c71d300	12	15144123	15162810	24	0.8626
514e30c9-fe93-4d52-a31f-9e771c71d300	12	15163317	16146908	559	0.6114
514e30c9-fe93-4d52-a31f-9e771c71d300	12	16147623	17435653	821	0.6901
514e30c9-fe93-4d52-a31f-9e771c71d300	12	17437510	17442690	6	-0.2776
514e30c9-fe93-4d52-a31f-9e771c71d300	12	17447616	20087371	1722	0.6856
514e30c9-fe93-4d52-a31f-9e771c71d300	12	20087391	20989696	531	0.9719
514e30c9-fe93-4d52-a31f-9e771c71d300	12	20989987	20991572	17	0.4209
514e30c9-fe93-4d52-a31f-9e771c71d300	12	20991608	21143872	107	0.9379
514e30c9-fe93-4d52-a31f-9e771c71d300	12	21147068	30656392	7021	0.6934
514e30c9-fe93-4d52-a31f-9e771c71d300	12	30656558	31728270	690	0.9467
514e30c9-fe93-4d52-a31f-9e771c71d300	12	31730539	33148600	1038	0.3152
514e30c9-fe93-4d52-a31f-9e771c71d300	12	33148627	33154144	22	0.68
514e30c9-fe93-4d52-a31f-9e771c71d300	12	33154440	34682902	788	0.3356
514e30c9-fe93-4d52-a31f-9e771c71d300	12	34701563	41043716	1951	0.1242
514e30c9-fe93-4d52-a31f-9e771c71d300	12	41049056	41365456	212	-0.3374
514e30c9-fe93-4d52-a31f-9e771c71d300	12	41365589	45776425	2810	0.1099
514e30c9-fe93-4d52-a31f-9e771c71d300	12	45780218	63545960	10461	-0.3551
514e30c9-fe93-4d52-a31f-9e771c71d300	12	63554371	63749408	61	-0.0799
514e30c9-fe93-4d52-a31f-9e771c71d300	12	63751525	66200354	1388	-0.3507
514e30c9-fe93-4d52-a31f-9e771c71d300	12	66203921	66856911	495	0.2417
514e30c9-fe93-4d52-a31f-9e771c71d300	12	66859661	74384820	4946	-0.3524
514e30c9-fe93-4d52-a31f-9e771c71d300	12	74388025	74388026	2	-1.916
514e30c9-fe93-4d52-a31f-9e771c71d300	12	74388424	79633226	3507	-0.3452
514e30c9-fe93-4d52-a31f-9e771c71d300	12	79639180	84398428	2961	0.2331
514e30c9-fe93-4d52-a31f-9e771c71d300	12	84401195	84401453	2	-1.2074
514e30c9-fe93-4d52-a31f-9e771c71d300	12	84406545	103647587	12345	0.2448
514e30c9-fe93-4d52-a31f-9e771c71d300	12	103650463	117721327	9772	-0.3496
514e30c9-fe93-4d52-a31f-9e771c71d300	12	117724932	117732104	6	-1.7675
514e30c9-fe93-4d52-a31f-9e771c71d300	12	117732591	118609944	537	-0.3547
514e30c9-fe93-4d52-a31f-9e771c71d300	12	118610142	118610234	2	-3.7891
514e30c9-fe93-4d52-a31f-9e771c71d300	12	118610673	124706185	3253	-0.3701
514e30c9-fe93-4d52-a31f-9e771c71d300	12	124708822	130381223	4934	-0.0427
514e30c9-fe93-4d52-a31f-9e771c71d300	12	130381488	130383103	3	-1.331
514e30c9-fe93-4d52-a31f-9e771c71d300	12	130383782	130480173	77	-0.1642
514e30c9-fe93-4d52-a31f-9e771c71d300	12	130483301	130487165	2	1.7164
514e30c9-fe93-4d52-a31f-9e771c71d300	12	130488644	133201603	1492	-0.031
514e30c9-fe93-4d52-a31f-9e771c71d300	13	18452809	21321896	1572	0.2303
514e30c9-fe93-4d52-a31f-9e771c71d300	13	21322180	21322360	2	1.6285
514e30c9-fe93-4d52-a31f-9e771c71d300	13	21322617	37497899	11911	0.2432
514e30c9-fe93-4d52-a31f-9e771c71d300	13	37498087	37514193	16	-0.1752
514e30c9-fe93-4d52-a31f-9e771c71d300	13	37514237	38478674	700	0.2331
514e30c9-fe93-4d52-a31f-9e771c71d300	13	38483435	38490920	3	1.1375
514e30c9-fe93-4d52-a31f-9e771c71d300	13	38491096	39171855	495	0.2475
514e30c9-fe93-4d52-a31f-9e771c71d300	13	39173626	39176999	3	-1.033
514e30c9-fe93-4d52-a31f-9e771c71d300	13	39180574	41157438	1398	0.2267
514e30c9-fe93-4d52-a31f-9e771c71d300	13	41160426	45934593	3250	-0.3439
514e30c9-fe93-4d52-a31f-9e771c71d300	13	45936198	45936379	2	-1.9245
514e30c9-fe93-4d52-a31f-9e771c71d300	13	45937351	47718710	1254	-0.3478
514e30c9-fe93-4d52-a31f-9e771c71d300	13	47718744	47718939	4	-1.3824
514e30c9-fe93-4d52-a31f-9e771c71d300	13	47720976	48356789	413	-0.3239
514e30c9-fe93-4d52-a31f-9e771c71d300	13	48361287	48409562	58	0.1832
514e30c9-fe93-4d52-a31f-9e771c71d300	13	48409564	57184136	4946	-0.3429
514e30c9-fe93-4d52-a31f-9e771c71d300	13	57184155	57204246	33	-1.5598
514e30c9-fe93-4d52-a31f-9e771c71d300	13	57215580	57229296	12	-0.3161
514e30c9-fe93-4d52-a31f-9e771c71d300	13	57232451	57253945	12	0.2596
514e30c9-fe93-4d52-a31f-9e771c71d300	13	57253958	64538298	4306	-0.3497
514e30c9-fe93-4d52-a31f-9e771c71d300	13	64539514	64539767	4	-1.4203
514e30c9-fe93-4d52-a31f-9e771c71d300	13	64550568	71902850	4653	-0.3629
514e30c9-fe93-4d52-a31f-9e771c71d300	13	71903417	71906418	4	0.7225
514e30c9-fe93-4d52-a31f-9e771c71d300	13	71906467	82590399	7274	-0.3521
514e30c9-fe93-4d52-a31f-9e771c71d300	13	82594832	82596543	2	-2.0654
514e30c9-fe93-4d52-a31f-9e771c71d300	13	82598520	88607674	3620	-0.3514
514e30c9-fe93-4d52-a31f-9e771c71d300	13	88610082	88611267	3	-1.7647
514e30c9-fe93-4d52-a31f-9e771c71d300	13	88617708	114342922	18181	-0.3606
514e30c9-fe93-4d52-a31f-9e771c71d300	14	18239283	18625765	13	0.0752
514e30c9-fe93-4d52-a31f-9e771c71d300	14	18639714	18693043	12	-0.6476
514e30c9-fe93-4d52-a31f-9e771c71d300	14	18950560	21917348	1472	0.2487
514e30c9-fe93-4d52-a31f-9e771c71d300	14	21917531	22530451	547	0.4844
514e30c9-fe93-4d52-a31f-9e771c71d300	14	22530591	28155445	3544	0.2121
514e30c9-fe93-4d52-a31f-9e771c71d300	14	28156965	28160025	5	-0.6583
514e30c9-fe93-4d52-a31f-9e771c71d300	14	28167283	32904918	2757	0.2253
514e30c9-fe93-4d52-a31f-9e771c71d300	14	32905336	32950374	24	0.6347
514e30c9-fe93-4d52-a31f-9e771c71d300	14	32952541	33643181	693	0.2549
514e30c9-fe93-4d52-a31f-9e771c71d300	14	33645573	35040397	905	-0.3292
514e30c9-fe93-4d52-a31f-9e771c71d300	14	35040442	35040568	3	-1.6037
514e30c9-fe93-4d52-a31f-9e771c71d300	14	35041591	41139155	3784	-0.3508
514e30c9-fe93-4d52-a31f-9e771c71d300	14	41141293	41188146	15	0.1524
514e30c9-fe93-4d52-a31f-9e771c71d300	14	41200899	45446831	2464	-0.3586
514e30c9-fe93-4d52-a31f-9e771c71d300	14	45450130	45465700	11	0.3156
514e30c9-fe93-4d52-a31f-9e771c71d300	14	45467388	49454587	2414	-0.3576
514e30c9-fe93-4d52-a31f-9e771c71d300	14	49457724	49945257	210	0.2109
514e30c9-fe93-4d52-a31f-9e771c71d300	14	49947325	64152193	9376	-0.3508
514e30c9-fe93-4d52-a31f-9e771c71d300	14	64153132	64168445	13	0.2764
514e30c9-fe93-4d52-a31f-9e771c71d300	14	64169845	68292885	2435	-0.3425
514e30c9-fe93-4d52-a31f-9e771c71d300	14	68297130	68312227	15	0.3314
514e30c9-fe93-4d52-a31f-9e771c71d300	14	68314180	69591379	898	-0.3567
514e30c9-fe93-4d52-a31f-9e771c71d300	14	69591575	71079232	958	-0.582
514e30c9-fe93-4d52-a31f-9e771c71d300	14	71085635	71138726	27	-0.3346
514e30c9-fe93-4d52-a31f-9e771c71d300	14	71138799	71185370	44	-0.1145
514e30c9-fe93-4d52-a31f-9e771c71d300	14	71185410	71216695	22	-0.4438
514e30c9-fe93-4d52-a31f-9e771c71d300	14	71218842	71251953	28	-0.1
514e30c9-fe93-4d52-a31f-9e771c71d300	14	71256520	72938542	1231	-0.3505
514e30c9-fe93-4d52-a31f-9e771c71d300	14	72946774	73534419	298	-0.2584
514e30c9-fe93-4d52-a31f-9e771c71d300	14	73540003	73554275	8	-1.7189
514e30c9-fe93-4d52-a31f-9e771c71d300	14	73563196	74826712	712	-0.3506
514e30c9-fe93-4d52-a31f-9e771c71d300	14	74827517	78669591	2640	0.2259
514e30c9-fe93-4d52-a31f-9e771c71d300	14	78670921	78671248	3	-0.9866
514e30c9-fe93-4d52-a31f-9e771c71d300	14	78672508	79558347	613	0.2147
514e30c9-fe93-4d52-a31f-9e771c71d300	14	79560458	79831237	211	-1.6596
514e30c9-fe93-4d52-a31f-9e771c71d300	14	79833404	106877229	16975	0.2161
514e30c9-fe93-4d52-a31f-9e771c71d300	15	19811075	20001686	45	-0.2755
514e30c9-fe93-4d52-a31f-9e771c71d300	15	20011702	21997003	132	-1.0972
514e30c9-fe93-4d52-a31f-9e771c71d300	15	21999319	22247820	10	-0.2905
514e30c9-fe93-4d52-a31f-9e771c71d300	15	22248362	22299523	19	-0.8978
514e30c9-fe93-4d52-a31f-9e771c71d300	15	22385639	27673477	3366	-0.3818
514e30c9-fe93-4d52-a31f-9e771c71d300	15	27674351	27678978	8	-2.3283
514e30c9-fe93-4d52-a31f-9e771c71d300	15	27680690	27681353	3	-7.598
514e30c9-fe93-4d52-a31f-9e771c71d300	15	27682157	27682660	2	-3.2348
514e30c9-fe93-4d52-a31f-9e771c71d300	15	27683648	27927438	191	-0.4413
514e30c9-fe93-4d52-a31f-9e771c71d300	15	27932591	34453518	3665	-0.3822
514e30c9-fe93-4d52-a31f-9e771c71d300	15	34453577	34454261	2	-2.3396
514e30c9-fe93-4d52-a31f-9e771c71d300	15	34455142	37815207	2330	-0.3865
514e30c9-fe93-4d52-a31f-9e771c71d300	15	37816448	37817575	2	-2.6692
514e30c9-fe93-4d52-a31f-9e771c71d300	15	37819527	51628650	8038	-0.3944
514e30c9-fe93-4d52-a31f-9e771c71d300	15	51634253	52410203	473	-0.2508
514e30c9-fe93-4d52-a31f-9e771c71d300	15	52412181	53080729	464	-0.4038
514e30c9-fe93-4d52-a31f-9e771c71d300	15	53081036	62768589	7097	-0.4319
514e30c9-fe93-4d52-a31f-9e771c71d300	15	62768726	62769930	3	-1.9232
514e30c9-fe93-4d52-a31f-9e771c71d300	15	62770141	64572559	1094	-0.4467
514e30c9-fe93-4d52-a31f-9e771c71d300	15	64574941	70169671	3484	-0.3442
514e30c9-fe93-4d52-a31f-9e771c71d300	15	70170326	70178924	3	-1.7982
514e30c9-fe93-4d52-a31f-9e771c71d300	15	70178938	76586021	3465	-0.34
514e30c9-fe93-4d52-a31f-9e771c71d300	15	76598900	76603434	22	0.3646
514e30c9-fe93-4d52-a31f-9e771c71d300	15	76609838	83092661	3996	-0.3207
514e30c9-fe93-4d52-a31f-9e771c71d300	15	83098303	83874498	415	-0.1373
514e30c9-fe93-4d52-a31f-9e771c71d300	15	83874650	83874673	2	-4.3574
514e30c9-fe93-4d52-a31f-9e771c71d300	15	83874798	86823481	1863	-0.153
514e30c9-fe93-4d52-a31f-9e771c71d300	15	86824149	86825997	2	-2.0029
514e30c9-fe93-4d52-a31f-9e771c71d300	15	86828283	96305131	7259	-0.1715
514e30c9-fe93-4d52-a31f-9e771c71d300	15	96307793	101900719	4062	0.127
514e30c9-fe93-4d52-a31f-9e771c71d300	15	101905038	101928837	3	-0.8832
514e30c9-fe93-4d52-a31f-9e771c71d300	16	10777	111939	63	0.1611
514e30c9-fe93-4d52-a31f-9e771c71d300	16	113110	13708875	10397	-0.0021
514e30c9-fe93-4d52-a31f-9e771c71d300	16	13710764	14965488	678	0.2566
514e30c9-fe93-4d52-a31f-9e771c71d300	16	14965876	14993314	15	-0.2267
514e30c9-fe93-4d52-a31f-9e771c71d300	16	14993315	20489224	2741	0.2514
514e30c9-fe93-4d52-a31f-9e771c71d300	16	20501459	20521320	21	-0.6778
514e30c9-fe93-4d52-a31f-9e771c71d300	16	20522124	21608949	505	0.2289
514e30c9-fe93-4d52-a31f-9e771c71d300	16	21608963	21609085	2	-1.137
514e30c9-fe93-4d52-a31f-9e771c71d300	16	21609226	32169655	5547	0.2289
514e30c9-fe93-4d52-a31f-9e771c71d300	16	32197425	34165318	90	-0.1861
514e30c9-fe93-4d52-a31f-9e771c71d300	16	34176391	35187223	68	0.3115
514e30c9-fe93-4d52-a31f-9e771c71d300	16	35187330	35497041	192	0.1319
514e30c9-fe93-4d52-a31f-9e771c71d300	16	35499505	53516345	4747	0.259
514e30c9-fe93-4d52-a31f-9e771c71d300	16	53516986	56038233	2058	-0.3159
514e30c9-fe93-4d52-a31f-9e771c71d300	16	56040531	69717366	8407	-0.3584
514e30c9-fe93-4d52-a31f-9e771c71d300	16	69728775	70475964	288	-0.3073
514e30c9-fe93-4d52-a31f-9e771c71d300	16	70477057	72836049	1078	0.2594
514e30c9-fe93-4d52-a31f-9e771c71d300	16	72836447	72905989	41	0.6817
514e30c9-fe93-4d52-a31f-9e771c71d300	16	72906147	74373481	1083	0.2504
514e30c9-fe93-4d52-a31f-9e771c71d300	16	74418138	75381968	570	-0.3603
514e30c9-fe93-4d52-a31f-9e771c71d300	16	75390256	77339906	1562	0.2429
514e30c9-fe93-4d52-a31f-9e771c71d300	16	77341285	77387686	41	0.7018
514e30c9-fe93-4d52-a31f-9e771c71d300	16	77388699	78337711	1034	0.2544
514e30c9-fe93-4d52-a31f-9e771c71d300	16	78338543	78351104	17	1.0859
514e30c9-fe93-4d52-a31f-9e771c71d300	16	78351540	79131048	1070	0.2506
514e30c9-fe93-4d52-a31f-9e771c71d300	16	79133473	83164783	4248	0.4782
514e30c9-fe93-4d52-a31f-9e771c71d300	16	83166499	88342874	4566	0.8052
514e30c9-fe93-4d52-a31f-9e771c71d300	16	88343034	90064327	713	0.6559
514e30c9-fe93-4d52-a31f-9e771c71d300	16	90066378	90096867	17	0.4913
514e30c9-fe93-4d52-a31f-9e771c71d300	17	150733	1462771	644	0.1829
514e30c9-fe93-4d52-a31f-9e771c71d300	17	1473375	13571022	7720	-0.3733
514e30c9-fe93-4d52-a31f-9e771c71d300	17	13571435	13572120	3	-1.9194
514e30c9-fe93-4d52-a31f-9e771c71d300	17	13575330	14521380	787	-0.3597
514e30c9-fe93-4d52-a31f-9e771c71d300	17	14521455	14521563	2	0.9423
514e30c9-fe93-4d52-a31f-9e771c71d300	17	14522708	15278209	650	-0.3438
514e30c9-fe93-4d52-a31f-9e771c71d300	17	15281595	15298922	14	0.1927
514e30c9-fe93-4d52-a31f-9e771c71d300	17	15301673	15608819	185	-0.2929
514e30c9-fe93-4d52-a31f-9e771c71d300	17	15609752	15623842	2	-2.5377
514e30c9-fe93-4d52-a31f-9e771c71d300	17	15639847	18414080	1384	-0.3669
514e30c9-fe93-4d52-a31f-9e771c71d300	17	18452078	18592992	30	0.2232
514e30c9-fe93-4d52-a31f-9e771c71d300	17	18593989	30774095	3233	-0.35
514e30c9-fe93-4d52-a31f-9e771c71d300	17	30776495	30777733	2	-2.1897
514e30c9-fe93-4d52-a31f-9e771c71d300	17	30779746	41265456	6153	-0.3596
514e30c9-fe93-4d52-a31f-9e771c71d300	17	41266762	41274279	24	0.7711
514e30c9-fe93-4d52-a31f-9e771c71d300	17	41276472	45577724	2155	-0.3518
514e30c9-fe93-4d52-a31f-9e771c71d300	17	45579014	45581105	5	-1.4571
514e30c9-fe93-4d52-a31f-9e771c71d300	17	45582060	46099618	346	-0.3365
514e30c9-fe93-4d52-a31f-9e771c71d300	17	46099684	46284997	115	-0.6847
514e30c9-fe93-4d52-a31f-9e771c71d300	17	46286804	53021785	3672	-0.3617
514e30c9-fe93-4d52-a31f-9e771c71d300	17	53023932	53024678	3	-1.8197
514e30c9-fe93-4d52-a31f-9e771c71d300	17	53026539	53640545	400	-0.3726
514e30c9-fe93-4d52-a31f-9e771c71d300	17	53649631	53649820	2	-2.2428
514e30c9-fe93-4d52-a31f-9e771c71d300	17	53651183	60637522	4459	-0.345
514e30c9-fe93-4d52-a31f-9e771c71d300	17	60640738	60651064	6	0.5362
514e30c9-fe93-4d52-a31f-9e771c71d300	17	60659066	60694840	13	1.1234
514e30c9-fe93-4d52-a31f-9e771c71d300	17	60695416	61709013	562	0.6303
514e30c9-fe93-4d52-a31f-9e771c71d300	17	61710576	63449621	774	0.185
514e30c9-fe93-4d52-a31f-9e771c71d300	17	63452423	63537240	45	0.5284
514e30c9-fe93-4d52-a31f-9e771c71d300	17	63540141	63552331	5	-0.5552
514e30c9-fe93-4d52-a31f-9e771c71d300	17	63553020	64483156	438	0.5577
514e30c9-fe93-4d52-a31f-9e771c71d300	17	64484067	76789516	7981	0.7277
514e30c9-fe93-4d52-a31f-9e771c71d300	17	76792055	76792592	2	-2.4637
514e30c9-fe93-4d52-a31f-9e771c71d300	17	76802292	78647879	1122	0.684
514e30c9-fe93-4d52-a31f-9e771c71d300	17	78648485	80912140	1296	0.7779
514e30c9-fe93-4d52-a31f-9e771c71d300	17	80912744	81139641	73	0.6446
514e30c9-fe93-4d52-a31f-9e771c71d300	17	81154966	81155301	5	-1.0015
514e30c9-fe93-4d52-a31f-9e771c71d300	17	81158113	81418592	90	0.783
514e30c9-fe93-4d52-a31f-9e771c71d300	17	81418623	81418840	5	2.1918
514e30c9-fe93-4d52-a31f-9e771c71d300	17	81418872	82681494	401	0.6745
514e30c9-fe93-4d52-a31f-9e771c71d300	17	82681535	82691356	10	0.2295
514e30c9-fe93-4d52-a31f-9e771c71d300	17	82695004	82695857	7	-1.1535
514e30c9-fe93-4d52-a31f-9e771c71d300	17	82696229	83091923	202	0.754
514e30c9-fe93-4d52-a31f-9e771c71d300	18	48133	2828856	1989	-0.1927
514e30c9-fe93-4d52-a31f-9e771c71d300	18	2830251	2834489	3	-2.4711
514e30c9-fe93-4d52-a31f-9e771c71d300	18	2839147	26585772	11725	-0.1855
514e30c9-fe93-4d52-a31f-9e771c71d300	18	26589973	28004172	980	0.4664
514e30c9-fe93-4d52-a31f-9e771c71d300	18	28009375	31615641	2263	-0.1983
514e30c9-fe93-4d52-a31f-9e771c71d300	18	31616067	40678426	5810	-0.3347
514e30c9-fe93-4d52-a31f-9e771c71d300	18	40678439	40685413	25	0.056
514e30c9-fe93-4d52-a31f-9e771c71d300	18	40685425	43747245	2011	-0.3543
514e30c9-fe93-4d52-a31f-9e771c71d300	18	43751106	43763849	12	-0.904
514e30c9-fe93-4d52-a31f-9e771c71d300	18	43764052	44394050	343	-0.3392
514e30c9-fe93-4d52-a31f-9e771c71d300	18	44394853	44396989	3	-1.474
514e30c9-fe93-4d52-a31f-9e771c71d300	18	44397278	44603261	134	-0.2915
514e30c9-fe93-4d52-a31f-9e771c71d300	18	44603961	44604773	3	-2.4619
514e30c9-fe93-4d52-a31f-9e771c71d300	18	44608135	47881851	2214	-0.3295
514e30c9-fe93-4d52-a31f-9e771c71d300	18	47883682	47884123	7	-1.3804
514e30c9-fe93-4d52-a31f-9e771c71d300	18	47884281	49590023	1179	-0.3153
514e30c9-fe93-4d52-a31f-9e771c71d300	18	49590038	49590067	2	-1.7395
514e30c9-fe93-4d52-a31f-9e771c71d300	18	49590284	50633193	835	-0.3317
514e30c9-fe93-4d52-a31f-9e771c71d300	18	50634137	71282852	14522	-0.5311
514e30c9-fe93-4d52-a31f-9e771c71d300	18	71286635	80257174	6651	-0.5683
514e30c9-fe93-4d52-a31f-9e771c71d300	19	90910	1884553	410	-0.4107
514e30c9-fe93-4d52-a31f-9e771c71d300	19	1907480	13450682	4974	-0.0544
514e30c9-fe93-4d52-a31f-9e771c71d300	19	13451636	14694024	507	0.3587
514e30c9-fe93-4d52-a31f-9e771c71d300	19	14695847	15174537	390	0.8202
514e30c9-fe93-4d52-a31f-9e771c71d300	19	15179601	15183190	15	0.0168
514e30c9-fe93-4d52-a31f-9e771c71d300	19	15185496	15191581	19	-0.2428
514e30c9-fe93-4d52-a31f-9e771c71d300	19	15197257	17140321	1126	0.6725
514e30c9-fe93-4d52-a31f-9e771c71d300	19	17142636	20411869	1481	0.9105
514e30c9-fe93-4d52-a31f-9e771c71d300	19	20413400	20533583	68	0.0801
514e30c9-fe93-4d52-a31f-9e771c71d300	19	20538075	21569207	573	0.9368
514e30c9-fe93-4d52-a31f-9e771c71d300	19	21569247	21572522	4	1.8077
514e30c9-fe93-4d52-a31f-9e771c71d300	19	21578785	21632117	39	0.8982
514e30c9-fe93-4d52-a31f-9e771c71d300	19	21632838	21637067	2	2.4987
514e30c9-fe93-4d52-a31f-9e771c71d300	19	21637309	21939580	179	0.9283
514e30c9-fe93-4d52-a31f-9e771c71d300	19	21946485	24322835	1363	0.6877
514e30c9-fe93-4d52-a31f-9e771c71d300	19	24324322	27550604	43	0.3799
514e30c9-fe93-4d52-a31f-9e771c71d300	19	27550922	29603679	1544	0.2145
514e30c9-fe93-4d52-a31f-9e771c71d300	19	29604909	35392381	4006	0.4433
514e30c9-fe93-4d52-a31f-9e771c71d300	19	35392720	42783304	3668	0.3957
514e30c9-fe93-4d52-a31f-9e771c71d300	19	42783310	43193181	183	0.4535
514e30c9-fe93-4d52-a31f-9e771c71d300	19	43198881	43252085	22	-0.6404
514e30c9-fe93-4d52-a31f-9e771c71d300	19	43262507	56084351	6926	0.4055
514e30c9-fe93-4d52-a31f-9e771c71d300	19	56091005	58025926	1261	-0.0631
514e30c9-fe93-4d52-a31f-9e771c71d300	19	58029178	58030429	3	-1.4046
514e30c9-fe93-4d52-a31f-9e771c71d300	19	58033742	58586487	301	-0.0878
514e30c9-fe93-4d52-a31f-9e771c71d300	20	80664	1571811	1182	0.2282
514e30c9-fe93-4d52-a31f-9e771c71d300	20	1576544	1580353	21	-0.4385
514e30c9-fe93-4d52-a31f-9e771c71d300	20	1580934	1613247	41	1.3555
514e30c9-fe93-4d52-a31f-9e771c71d300	20	1617300	15331123	10399	0.24
514e30c9-fe93-4d52-a31f-9e771c71d300	20	15331136	15337332	14	-0.868
514e30c9-fe93-4d52-a31f-9e771c71d300	20	15341445	15419645	73	0.2215
514e30c9-fe93-4d52-a31f-9e771c71d300	20	15421435	15553642	132	0.0864
514e30c9-fe93-4d52-a31f-9e771c71d300	20	15553645	20972669	4600	0.2579
514e30c9-fe93-4d52-a31f-9e771c71d300	20	20974625	24662124	2730	0.2221
514e30c9-fe93-4d52-a31f-9e771c71d300	20	24662294	32792395	1588	0.2604
514e30c9-fe93-4d52-a31f-9e771c71d300	20	32794980	42213050	5633	-0.3405
514e30c9-fe93-4d52-a31f-9e771c71d300	20	42216428	42221309	11	-2.0222
514e30c9-fe93-4d52-a31f-9e771c71d300	20	42228420	43933425	1351	-0.3605
514e30c9-fe93-4d52-a31f-9e771c71d300	20	43934931	43935007	2	-2.232
514e30c9-fe93-4d52-a31f-9e771c71d300	20	43936106	44694228	511	-0.3713
514e30c9-fe93-4d52-a31f-9e771c71d300	20	44699932	44700888	2	-2.8525
514e30c9-fe93-4d52-a31f-9e771c71d300	20	44706422	46852421	1433	-0.3531
514e30c9-fe93-4d52-a31f-9e771c71d300	20	46853844	46854562	2	-2.1347
514e30c9-fe93-4d52-a31f-9e771c71d300	20	46854845	54733981	5798	-0.3279
514e30c9-fe93-4d52-a31f-9e771c71d300	20	54734861	64324800	6849	0.2739
514e30c9-fe93-4d52-a31f-9e771c71d300	21	10354168	13413312	207	0.6369
514e30c9-fe93-4d52-a31f-9e771c71d300	21	13413878	26065184	8949	0.7961
514e30c9-fe93-4d52-a31f-9e771c71d300	21	26068349	28216743	1705	0.6576
514e30c9-fe93-4d52-a31f-9e771c71d300	21	28216949	34836726	4565	-0.3486
514e30c9-fe93-4d52-a31f-9e771c71d300	21	34837803	34842647	4	0.8717
514e30c9-fe93-4d52-a31f-9e771c71d300	21	34842874	35350264	421	0.5551
514e30c9-fe93-4d52-a31f-9e771c71d300	21	35350992	42148517	5591	0.6531
514e30c9-fe93-4d52-a31f-9e771c71d300	21	42149079	44275497	1050	0.2263
514e30c9-fe93-4d52-a31f-9e771c71d300	21	44275765	44715273	232	0.5015
514e30c9-fe93-4d52-a31f-9e771c71d300	21	44715290	46677045	1137	0.3762
514e30c9-fe93-4d52-a31f-9e771c71d300	22	15294547	23946180	4384	-0.0136
514e30c9-fe93-4d52-a31f-9e771c71d300	22	23946247	23951669	3	-1.0996
514e30c9-fe93-4d52-a31f-9e771c71d300	22	23959448	24685371	363	-0.0186
514e30c9-fe93-4d52-a31f-9e771c71d300	22	24686148	24686567	3	-1.2475
514e30c9-fe93-4d52-a31f-9e771c71d300	22	24691707	29139822	3789	-0.0266
514e30c9-fe93-4d52-a31f-9e771c71d300	22	29139873	29273659	60	0.0455
514e30c9-fe93-4d52-a31f-9e771c71d300	22	29274584	29330433	22	0.5535
514e30c9-fe93-4d52-a31f-9e771c71d300	22	29336949	29920650	329	0.0772
514e30c9-fe93-4d52-a31f-9e771c71d300	22	29927101	29946252	10	-0.3844
514e30c9-fe93-4d52-a31f-9e771c71d300	22	29946451	30344484	241	0.0758
514e30c9-fe93-4d52-a31f-9e771c71d300	22	30344940	30982461	373	-0.0763
514e30c9-fe93-4d52-a31f-9e771c71d300	22	30982609	36083429	3949	-0.0181
514e30c9-fe93-4d52-a31f-9e771c71d300	22	36084065	38967614	1705	-0.0582
514e30c9-fe93-4d52-a31f-9e771c71d300	22	38967679	38979302	23	-0.4688
514e30c9-fe93-4d52-a31f-9e771c71d300	22	38993700	50796027	8016	-0.047
514e30c9-fe93-4d52-a31f-9e771c71d300	X	251810	14100774	8583	-0.0777
514e30c9-fe93-4d52-a31f-9e771c71d300	X	14110320	14221191	64	0.1959
514e30c9-fe93-4d52-a31f-9e771c71d300	X	14223465	21975994	4293	-0.0694
514e30c9-fe93-4d52-a31f-9e771c71d300	X	21979056	30636828	5832	0.0624
514e30c9-fe93-4d52-a31f-9e771c71d300	X	30636900	31509212	583	0.5747
514e30c9-fe93-4d52-a31f-9e771c71d300	X	31509271	54271471	12124	0.0529
514e30c9-fe93-4d52-a31f-9e771c71d300	X	54271821	62704358	1937	0.3356
514e30c9-fe93-4d52-a31f-9e771c71d300	X	62713294	68375572	2430	0.0659
514e30c9-fe93-4d52-a31f-9e771c71d300	X	68381547	69714730	705	0.5591
514e30c9-fe93-4d52-a31f-9e771c71d300	X	69715490	70232507	279	0.0929
514e30c9-fe93-4d52-a31f-9e771c71d300	X	70236582	75861977	2309	-0.3029
514e30c9-fe93-4d52-a31f-9e771c71d300	X	75866789	108573174	16927	0.002
514e30c9-fe93-4d52-a31f-9e771c71d300	X	108574297	108595952	12	0.5872
514e30c9-fe93-4d52-a31f-9e771c71d300	X	108605486	110165096	870	-0.0048
514e30c9-fe93-4d52-a31f-9e771c71d300	X	110166642	110872228	420	0.5057
514e30c9-fe93-4d52-a31f-9e771c71d300	X	110872652	114761553	2169	-0.007
514e30c9-fe93-4d52-a31f-9e771c71d300	X	114761787	114762069	2	-1.2855
514e30c9-fe93-4d52-a31f-9e771c71d300	X	114762466	120238681	3141	0.0042
514e30c9-fe93-4d52-a31f-9e771c71d300	X	120238792	120305947	31	0.4896
514e30c9-fe93-4d52-a31f-9e771c71d300	X	120312663	121625468	770	-0.0071
514e30c9-fe93-4d52-a31f-9e771c71d300	X	121626426	121629402	2	1.3897
514e30c9-fe93-4d52-a31f-9e771c71d300	X	121629577	136256153	8140	-0.0122
514e30c9-fe93-4d52-a31f-9e771c71d300	X	136257278	136417500	87	0.2932
514e30c9-fe93-4d52-a31f-9e771c71d300	X	136417793	137314718	520	0.0112
514e30c9-fe93-4d52-a31f-9e771c71d300	X	137317258	137327506	11	0.4896
514e30c9-fe93-4d52-a31f-9e771c71d300	X	137327520	140410704	1907	-0.0142
514e30c9-fe93-4d52-a31f-9e771c71d300	X	140410975	140419029	8	-1.0197
514e30c9-fe93-4d52-a31f-9e771c71d300	X	140422569	151124426	7118	-0.0141
514e30c9-fe93-4d52-a31f-9e771c71d300	X	151125462	151126987	2	-1.6379
514e30c9-fe93-4d52-a31f-9e771c71d300	X	151128083	155952689	2363	-0.0173
514e30c9-fe93-4d52-a31f-9e771c71d300	Y	2782397	7207968	1061	-2.2777
514e30c9-fe93-4d52-a31f-9e771c71d300	Y	7208686	13483169	2188	-2.5429
514e30c9-fe93-4d52-a31f-9e771c71d300	Y	13489006	14021618	219	-2.0278
514e30c9-fe93-4d52-a31f-9e771c71d300	Y	14059401	14833056	440	-2.5944
514e30c9-fe93-4d52-a31f-9e771c71d300	Y	14834756	14842230	8	-5.3442
514e30c9-fe93-4d52-a31f-9e771c71d300	Y	14842456	21814634	2374	-2.5134
514e30c9-fe93-4d52-a31f-9e771c71d300	Y	21818876	21848641	14	-4.3704
514e30c9-fe93-4d52-a31f-9e771c71d300	Y	21849246	26317011	142	-2.7606
514e30c9-fe93-4d52-a31f-9e771c71d300	Y	26317379	56872112	167	-2.0182
