GDC_Aliquot	Chromosome	Start	End	Num_Probes	Segment_Mean
9c408a51-3452-4a10-b15d-649ddba37653	1	3301765	21477964	10230	0.009
9c408a51-3452-4a10-b15d-649ddba37653	1	21478555	21483259	3	1.4094
9c408a51-3452-4a10-b15d-649ddba37653	1	21484015	50403437	15095	0.0115
9c408a51-3452-4a10-b15d-649ddba37653	1	50403915	50407667	5	-1.1546
9c408a51-3452-4a10-b15d-649ddba37653	1	50410279	247650984	104433	0.0142
9c408a51-3452-4a10-b15d-649ddba37653	2	480597	162891351	86726	0.013
9c408a51-3452-4a10-b15d-649ddba37653	2	162891501	162891944	3	-1.202
9c408a51-3452-4a10-b15d-649ddba37653	2	162904164	241537572	45516	0.014
9c408a51-3452-4a10-b15d-649ddba37653	3	2170634	3341337	623	0.0142
9c408a51-3452-4a10-b15d-649ddba37653	3	3341411	3341522	2	-1.1922
9c408a51-3452-4a10-b15d-649ddba37653	3	3343525	25696742	13541	0.014
9c408a51-3452-4a10-b15d-649ddba37653	3	25702977	25703869	2	-1.5134
9c408a51-3452-4a10-b15d-649ddba37653	3	25704534	142945189	64720	0.0133
9c408a51-3452-4a10-b15d-649ddba37653	3	142945436	142945670	2	-1.2627
9c408a51-3452-4a10-b15d-649ddba37653	3	142945977	186575925	22219	0.0165
9c408a51-3452-4a10-b15d-649ddba37653	3	186576031	186576101	2	-1.318
9c408a51-3452-4a10-b15d-649ddba37653	3	186576159	197812401	6076	0.0127
9c408a51-3452-4a10-b15d-649ddba37653	4	1059384	69860681	38281	0.0151
9c408a51-3452-4a10-b15d-649ddba37653	4	69873279	69873993	2	-2.3006
9c408a51-3452-4a10-b15d-649ddba37653	4	69875737	126124936	32249	0.0141
9c408a51-3452-4a10-b15d-649ddba37653	4	126124953	126125055	3	-1.1694
9c408a51-3452-4a10-b15d-649ddba37653	4	126125263	129254594	1443	0.013
9c408a51-3452-4a10-b15d-649ddba37653	4	129255330	129257175	2	-1.1553
9c408a51-3452-4a10-b15d-649ddba37653	4	129258419	187842528	31538	0.0147
9c408a51-3452-4a10-b15d-649ddba37653	5	913983	75016013	39713	0.0139
9c408a51-3452-4a10-b15d-649ddba37653	5	75017931	75048640	10	-0.5041
9c408a51-3452-4a10-b15d-649ddba37653	5	75049544	180934240	61412	0.0141
9c408a51-3452-4a10-b15d-649ddba37653	6	1011760	78541947	43606	0.0118
9c408a51-3452-4a10-b15d-649ddba37653	6	78542738	78549863	4	-0.9022
9c408a51-3452-4a10-b15d-649ddba37653	6	78552724	78636741	61	-0.0259
9c408a51-3452-4a10-b15d-649ddba37653	6	78640995	78643000	2	-1.3791
9c408a51-3452-4a10-b15d-649ddba37653	6	78643288	147874207	39935	0.0143
9c408a51-3452-4a10-b15d-649ddba37653	6	147874433	147874763	2	-1.5618
9c408a51-3452-4a10-b15d-649ddba37653	6	147874880	170596889	13574	0.0168
9c408a51-3452-4a10-b15d-649ddba37653	7	664936	108532679	55167	0.0148
9c408a51-3452-4a10-b15d-649ddba37653	7	108535897	108536531	2	-1.4073
9c408a51-3452-4a10-b15d-649ddba37653	7	108539074	124688121	8634	0.0116
9c408a51-3452-4a10-b15d-649ddba37653	7	124692766	124703344	5	-0.9865
9c408a51-3452-4a10-b15d-649ddba37653	7	124704619	158592540	18140	0.012
9c408a51-3452-4a10-b15d-649ddba37653	8	667625	144182542	82255	0.0144
9c408a51-3452-4a10-b15d-649ddba37653	9	789794	138044505	68500	0.0127
9c408a51-3452-4a10-b15d-649ddba37653	10	366509	133411599	81310	0.0152
9c408a51-3452-4a10-b15d-649ddba37653	11	456012	134272740	77588	0.0125
9c408a51-3452-4a10-b15d-649ddba37653	12	780472	5330629	2777	0.0112
9c408a51-3452-4a10-b15d-649ddba37653	12	5330833	5335081	7	-0.9405
9c408a51-3452-4a10-b15d-649ddba37653	12	5336512	126314787	69095	0.0129
9c408a51-3452-4a10-b15d-649ddba37653	12	126314984	126314999	2	-1.3612
9c408a51-3452-4a10-b15d-649ddba37653	12	126316303	132605822	2475	0.0058
9c408a51-3452-4a10-b15d-649ddba37653	13	18874255	104299231	50872	0.0164
9c408a51-3452-4a10-b15d-649ddba37653	13	104299794	104301091	2	-1.3412
9c408a51-3452-4a10-b15d-649ddba37653	13	104307819	107038430	1586	0.0058
9c408a51-3452-4a10-b15d-649ddba37653	13	107046798	107047870	2	-1.3366
9c408a51-3452-4a10-b15d-649ddba37653	13	107051049	111571776	3463	0.0198
9c408a51-3452-4a10-b15d-649ddba37653	13	111574099	111574160	2	-1.0868
9c408a51-3452-4a10-b15d-649ddba37653	13	111574465	114226675	1087	0.0169
9c408a51-3452-4a10-b15d-649ddba37653	14	20033191	31033825	5520	0.0114
9c408a51-3452-4a10-b15d-649ddba37653	14	31037299	31043935	6	-1.1123
9c408a51-3452-4a10-b15d-649ddba37653	14	31049578	57015029	14654	0.0138
9c408a51-3452-4a10-b15d-649ddba37653	14	57016086	57016628	2	-1.7117
9c408a51-3452-4a10-b15d-649ddba37653	14	57020880	105533894	29613	0.0123
9c408a51-3452-4a10-b15d-649ddba37653	15	23437561	66859671	24579	0.0152
9c408a51-3452-4a10-b15d-649ddba37653	15	66861215	66861574	3	-1.1685
9c408a51-3452-4a10-b15d-649ddba37653	15	66861690	101344124	20214	0.0172
9c408a51-3452-4a10-b15d-649ddba37653	16	603333	89317317	41218	0.0125
9c408a51-3452-4a10-b15d-649ddba37653	17	1074619	82959812	37291	0.0107
9c408a51-3452-4a10-b15d-649ddba37653	18	326691	3245673	1167	0.0121
9c408a51-3452-4a10-b15d-649ddba37653	18	3250328	3250531	2	-1.4734
9c408a51-3452-4a10-b15d-649ddba37653	18	3250624	79349796	41804	0.0136
9c408a51-3452-4a10-b15d-649ddba37653	19	283868	58370362	24162	0.0146
9c408a51-3452-4a10-b15d-649ddba37653	20	472817	44080691	24472	0.0112
9c408a51-3452-4a10-b15d-649ddba37653	20	44082938	44083393	2	-1.8135
9c408a51-3452-4a10-b15d-649ddba37653	20	44083654	63588502	13094	0.0148
9c408a51-3452-4a10-b15d-649ddba37653	21	13974127	46262057	20604	0.0125
9c408a51-3452-4a10-b15d-649ddba37653	22	16934932	48940621	17091	0.0104
9c408a51-3452-4a10-b15d-649ddba37653	X	3236359	155677414	63992	0.0153
