GDC_Aliquot	Chromosome	Start	End	Num_Probes	Segment_Mean
ffbdf887-0c9a-40c0-971a-61eb2bb70e2a	1	62920	86341	11	-0.5787
ffbdf887-0c9a-40c0-971a-61eb2bb70e2a	1	98588	8683544	4290	0.0587
ffbdf887-0c9a-40c0-971a-61eb2bb70e2a	1	8691209	8858736	127	0.3388
ffbdf887-0c9a-40c0-971a-61eb2bb70e2a	1	8859335	15823420	3894	0.0813
ffbdf887-0c9a-40c0-971a-61eb2bb70e2a	1	15827002	15827430	6	0.8418
ffbdf887-0c9a-40c0-971a-61eb2bb70e2a	1	15827706	16525019	300	0.0984
ffbdf887-0c9a-40c0-971a-61eb2bb70e2a	1	16542868	16679281	33	-0.1404
ffbdf887-0c9a-40c0-971a-61eb2bb70e2a	1	16679483	16788139	23	0.269
ffbdf887-0c9a-40c0-971a-61eb2bb70e2a	1	16855942	16973488	69	-0.1281
ffbdf887-0c9a-40c0-971a-61eb2bb70e2a	1	16973678	18782597	1362	0.09
ffbdf887-0c9a-40c0-971a-61eb2bb70e2a	1	18786356	18786564	4	-1.2366
ffbdf887-0c9a-40c0-971a-61eb2bb70e2a	1	18786848	19694829	577	0.0922
ffbdf887-0c9a-40c0-971a-61eb2bb70e2a	1	19697027	19990256	221	0.283
ffbdf887-0c9a-40c0-971a-61eb2bb70e2a	1	19991376	24205144	2399	0.0699
ffbdf887-0c9a-40c0-971a-61eb2bb70e2a	1	24205654	25256850	682	0.1404
ffbdf887-0c9a-40c0-971a-61eb2bb70e2a	1	25266637	25320455	24	-0.475
ffbdf887-0c9a-40c0-971a-61eb2bb70e2a	1	25336819	50403437	13775	0.1173
ffbdf887-0c9a-40c0-971a-61eb2bb70e2a	1	50403915	50410279	5	-1.1774
ffbdf887-0c9a-40c0-971a-61eb2bb70e2a	1	50413104	56490564	3683	0.1134
ffbdf887-0c9a-40c0-971a-61eb2bb70e2a	1	56491652	61648509	3944	0.0831
ffbdf887-0c9a-40c0-971a-61eb2bb70e2a	1	61649279	61652515	2	-1.548
ffbdf887-0c9a-40c0-971a-61eb2bb70e2a	1	61654137	65938708	3149	0.1035
ffbdf887-0c9a-40c0-971a-61eb2bb70e2a	1	65939043	72284670	4118	0.3456
ffbdf887-0c9a-40c0-971a-61eb2bb70e2a	1	72290430	72297687	9	-2.3988
ffbdf887-0c9a-40c0-971a-61eb2bb70e2a	1	72302735	72345465	48	1.0598
ffbdf887-0c9a-40c0-971a-61eb2bb70e2a	1	72346221	95689620	15180	0.34
ffbdf887-0c9a-40c0-971a-61eb2bb70e2a	1	95690160	95690510	2	-1.1722
ffbdf887-0c9a-40c0-971a-61eb2bb70e2a	1	95690660	103616762	4826	0.329
ffbdf887-0c9a-40c0-971a-61eb2bb70e2a	1	103620877	103717410	5	-0.7629
ffbdf887-0c9a-40c0-971a-61eb2bb70e2a	1	103717617	104599389	455	0.3336
ffbdf887-0c9a-40c0-971a-61eb2bb70e2a	1	104601557	105470754	463	0.0611
ffbdf887-0c9a-40c0-971a-61eb2bb70e2a	1	105476583	105481433	18	0.5148
ffbdf887-0c9a-40c0-971a-61eb2bb70e2a	1	105481448	108223733	1952	0.0992
ffbdf887-0c9a-40c0-971a-61eb2bb70e2a	1	108226680	108274557	2	1.316
ffbdf887-0c9a-40c0-971a-61eb2bb70e2a	1	108310648	109684893	676	0.1118
ffbdf887-0c9a-40c0-971a-61eb2bb70e2a	1	109690352	109697556	13	-1.2356
ffbdf887-0c9a-40c0-971a-61eb2bb70e2a	1	109702376	112147704	1949	0.1231
ffbdf887-0c9a-40c0-971a-61eb2bb70e2a	1	112153343	112154619	23	-0.6818
ffbdf887-0c9a-40c0-971a-61eb2bb70e2a	1	112154754	143494500	5160	0.1106
ffbdf887-0c9a-40c0-971a-61eb2bb70e2a	1	143541857	143710845	88	-0.2459
ffbdf887-0c9a-40c0-971a-61eb2bb70e2a	1	143713743	143734438	7	-0.0291
ffbdf887-0c9a-40c0-971a-61eb2bb70e2a	1	143748012	143754798	19	0.4855
ffbdf887-0c9a-40c0-971a-61eb2bb70e2a	1	143759680	145664420	31	-0.1926
ffbdf887-0c9a-40c0-971a-61eb2bb70e2a	1	145670653	146044884	159	0.4385
ffbdf887-0c9a-40c0-971a-61eb2bb70e2a	1	146062439	146788785	7	-0.4438
ffbdf887-0c9a-40c0-971a-61eb2bb70e2a	1	147004967	150593647	1007	0.3798
ffbdf887-0c9a-40c0-971a-61eb2bb70e2a	1	150597511	150677688	39	0.6294
ffbdf887-0c9a-40c0-971a-61eb2bb70e2a	1	150679702	152583230	1077	0.3898
ffbdf887-0c9a-40c0-971a-61eb2bb70e2a	1	152583291	152613762	30	1.1939
ffbdf887-0c9a-40c0-971a-61eb2bb70e2a	1	152613802	152787202	171	0.3789
ffbdf887-0c9a-40c0-971a-61eb2bb70e2a	1	152789447	152806050	41	-0.1286
ffbdf887-0c9a-40c0-971a-61eb2bb70e2a	1	152806082	154406451	911	0.4077
ffbdf887-0c9a-40c0-971a-61eb2bb70e2a	1	154408308	155673356	630	0.6104
ffbdf887-0c9a-40c0-971a-61eb2bb70e2a	1	155675026	155787247	51	0.822
ffbdf887-0c9a-40c0-971a-61eb2bb70e2a	1	155787886	156686516	415	0.6251
ffbdf887-0c9a-40c0-971a-61eb2bb70e2a	1	156695468	156730859	15	0.2983
ffbdf887-0c9a-40c0-971a-61eb2bb70e2a	1	156730976	174826800	12756	0.1348
ffbdf887-0c9a-40c0-971a-61eb2bb70e2a	1	174827128	174832716	19	-0.4977
ffbdf887-0c9a-40c0-971a-61eb2bb70e2a	1	174832734	196761905	14620	0.1195
ffbdf887-0c9a-40c0-971a-61eb2bb70e2a	1	196762480	196846661	59	0.5041
ffbdf887-0c9a-40c0-971a-61eb2bb70e2a	1	196847600	222120354	17314	0.1368
ffbdf887-0c9a-40c0-971a-61eb2bb70e2a	1	222121553	222122246	2	-2.2512
ffbdf887-0c9a-40c0-971a-61eb2bb70e2a	1	222122913	235448925	8871	0.1461
ffbdf887-0c9a-40c0-971a-61eb2bb70e2a	1	235453109	246067427	7872	0.1071
ffbdf887-0c9a-40c0-971a-61eb2bb70e2a	1	246067578	248546369	1532	0.1413
ffbdf887-0c9a-40c0-971a-61eb2bb70e2a	1	248550567	248645563	36	-0.5005
ffbdf887-0c9a-40c0-971a-61eb2bb70e2a	1	248645808	248930189	140	0.1011
ffbdf887-0c9a-40c0-971a-61eb2bb70e2a	2	12784	7846167	6154	0.091
ffbdf887-0c9a-40c0-971a-61eb2bb70e2a	2	7850083	47755433	27690	0.118
ffbdf887-0c9a-40c0-971a-61eb2bb70e2a	2	47756869	52527330	3220	0.0928
ffbdf887-0c9a-40c0-971a-61eb2bb70e2a	2	52527342	52554404	39	0.6787
ffbdf887-0c9a-40c0-971a-61eb2bb70e2a	2	52560811	88836661	22556	0.1073
ffbdf887-0c9a-40c0-971a-61eb2bb70e2a	2	88836672	89248581	166	-0.0586
ffbdf887-0c9a-40c0-971a-61eb2bb70e2a	2	89249362	97210040	1069	0.1133
ffbdf887-0c9a-40c0-971a-61eb2bb70e2a	2	97210463	97211069	3	1.1905
ffbdf887-0c9a-40c0-971a-61eb2bb70e2a	2	97211264	97359885	15	0.0504
ffbdf887-0c9a-40c0-971a-61eb2bb70e2a	2	97524284	97545247	8	-0.5484
ffbdf887-0c9a-40c0-971a-61eb2bb70e2a	2	97545726	106258266	5568	0.1031
ffbdf887-0c9a-40c0-971a-61eb2bb70e2a	2	106263639	106268901	12	-1.656
ffbdf887-0c9a-40c0-971a-61eb2bb70e2a	2	106270799	111385836	2599	0.0967
ffbdf887-0c9a-40c0-971a-61eb2bb70e2a	2	111391957	111395273	3	-1.1088
ffbdf887-0c9a-40c0-971a-61eb2bb70e2a	2	111395532	130031187	11655	0.11
ffbdf887-0c9a-40c0-971a-61eb2bb70e2a	2	130031201	130117303	16	-0.3507
ffbdf887-0c9a-40c0-971a-61eb2bb70e2a	2	130136424	146104517	9509	0.0936
ffbdf887-0c9a-40c0-971a-61eb2bb70e2a	2	146106836	146109366	24	-1.4529
ffbdf887-0c9a-40c0-971a-61eb2bb70e2a	2	146120238	183641887	23047	0.0987
ffbdf887-0c9a-40c0-971a-61eb2bb70e2a	2	183644235	183702325	39	-0.2563
ffbdf887-0c9a-40c0-971a-61eb2bb70e2a	2	183704342	201987493	10409	0.1018
ffbdf887-0c9a-40c0-971a-61eb2bb70e2a	2	201987581	202225870	153	0.2704
ffbdf887-0c9a-40c0-971a-61eb2bb70e2a	2	202231186	209207214	4344	0.0967
ffbdf887-0c9a-40c0-971a-61eb2bb70e2a	2	209208058	210912038	992	0.3653
ffbdf887-0c9a-40c0-971a-61eb2bb70e2a	2	210913477	242147305	19978	0.1076
ffbdf887-0c9a-40c0-971a-61eb2bb70e2a	3	20930	6609441	5798	-0.165
ffbdf887-0c9a-40c0-971a-61eb2bb70e2a	3	6609524	6611645	22	-1.0069
ffbdf887-0c9a-40c0-971a-61eb2bb70e2a	3	6613391	16197556	7036	-0.1562
ffbdf887-0c9a-40c0-971a-61eb2bb70e2a	3	16199049	16199877	8	-1.0855
ffbdf887-0c9a-40c0-971a-61eb2bb70e2a	3	16202089	41326183	16995	-0.1537
ffbdf887-0c9a-40c0-971a-61eb2bb70e2a	3	41326742	41746611	256	-0.6311
ffbdf887-0c9a-40c0-971a-61eb2bb70e2a	3	41747000	44135055	1373	-0.1535
ffbdf887-0c9a-40c0-971a-61eb2bb70e2a	3	44135946	44144907	2	-1.7025
ffbdf887-0c9a-40c0-971a-61eb2bb70e2a	3	44145270	48790443	2448	-0.1503
ffbdf887-0c9a-40c0-971a-61eb2bb70e2a	3	48793822	49329308	184	0.1025
ffbdf887-0c9a-40c0-971a-61eb2bb70e2a	3	49333573	52467714	1234	-0.1492
ffbdf887-0c9a-40c0-971a-61eb2bb70e2a	3	52471162	52562382	43	0.2902
ffbdf887-0c9a-40c0-971a-61eb2bb70e2a	3	52570963	89360887	24922	-0.1583
ffbdf887-0c9a-40c0-971a-61eb2bb70e2a	3	89360979	89368137	20	-0.757
ffbdf887-0c9a-40c0-971a-61eb2bb70e2a	3	89370214	91390926	385	-0.1643
ffbdf887-0c9a-40c0-971a-61eb2bb70e2a	3	91462299	99198462	2824	0.1338
ffbdf887-0c9a-40c0-971a-61eb2bb70e2a	3	99200290	99230464	51	0.4679
ffbdf887-0c9a-40c0-971a-61eb2bb70e2a	3	99230470	108412100	5544	0.1323
ffbdf887-0c9a-40c0-971a-61eb2bb70e2a	3	108420157	118152844	6168	-0.2561
ffbdf887-0c9a-40c0-971a-61eb2bb70e2a	3	118153037	118153755	4	-1.4179
ffbdf887-0c9a-40c0-971a-61eb2bb70e2a	3	118158563	130044016	6953	-0.2549
ffbdf887-0c9a-40c0-971a-61eb2bb70e2a	3	130044855	130137637	58	0.1813
ffbdf887-0c9a-40c0-971a-61eb2bb70e2a	3	130137903	132270503	1412	-0.2531
ffbdf887-0c9a-40c0-971a-61eb2bb70e2a	3	132273893	132276840	4	-1.3676
ffbdf887-0c9a-40c0-971a-61eb2bb70e2a	3	132281633	136064785	2482	-0.2492
ffbdf887-0c9a-40c0-971a-61eb2bb70e2a	3	136071406	136300257	95	0.139
ffbdf887-0c9a-40c0-971a-61eb2bb70e2a	3	136304109	136306584	2	-2.2313
ffbdf887-0c9a-40c0-971a-61eb2bb70e2a	3	136319699	143566923	4330	0.1436
ffbdf887-0c9a-40c0-971a-61eb2bb70e2a	3	143566958	143567132	4	1.0932
ffbdf887-0c9a-40c0-971a-61eb2bb70e2a	3	143567959	162524271	11721	0.1388
ffbdf887-0c9a-40c0-971a-61eb2bb70e2a	3	162524753	162524890	2	-1.2714
ffbdf887-0c9a-40c0-971a-61eb2bb70e2a	3	162525390	162795361	161	0.127
ffbdf887-0c9a-40c0-971a-61eb2bb70e2a	3	162795671	162846267	27	0.709
ffbdf887-0c9a-40c0-971a-61eb2bb70e2a	3	162849883	169012392	3476	0.1284
ffbdf887-0c9a-40c0-971a-61eb2bb70e2a	3	169015614	169020840	2	-1.2408
ffbdf887-0c9a-40c0-971a-61eb2bb70e2a	3	169022039	187878789	11898	0.1411
ffbdf887-0c9a-40c0-971a-61eb2bb70e2a	3	187878816	187878834	2	-1.3658
ffbdf887-0c9a-40c0-971a-61eb2bb70e2a	3	187878880	193160113	3800	0.1429
ffbdf887-0c9a-40c0-971a-61eb2bb70e2a	3	193160173	193165114	19	-0.834
ffbdf887-0c9a-40c0-971a-61eb2bb70e2a	3	193168646	195559056	1482	0.1538
ffbdf887-0c9a-40c0-971a-61eb2bb70e2a	3	195656271	195747892	44	0.5888
ffbdf887-0c9a-40c0-971a-61eb2bb70e2a	3	195751823	198125948	1159	0.1567
ffbdf887-0c9a-40c0-971a-61eb2bb70e2a	3	198142659	198169247	5	-0.3013
ffbdf887-0c9a-40c0-971a-61eb2bb70e2a	4	68929	5455793	2668	-0.215
ffbdf887-0c9a-40c0-971a-61eb2bb70e2a	4	5457172	10034078	2795	-0.1674
ffbdf887-0c9a-40c0-971a-61eb2bb70e2a	4	10037996	10208766	214	-0.2446
ffbdf887-0c9a-40c0-971a-61eb2bb70e2a	4	10212536	10232984	32	-0.9797
ffbdf887-0c9a-40c0-971a-61eb2bb70e2a	4	10233383	13473992	2634	-0.174
ffbdf887-0c9a-40c0-971a-61eb2bb70e2a	4	13477145	15824515	1780	-0.2229
ffbdf887-0c9a-40c0-971a-61eb2bb70e2a	4	15833742	15834449	3	-1.7104
ffbdf887-0c9a-40c0-971a-61eb2bb70e2a	4	15834614	36012171	13324	-0.2046
ffbdf887-0c9a-40c0-971a-61eb2bb70e2a	4	36013359	36013896	4	-1.6403
ffbdf887-0c9a-40c0-971a-61eb2bb70e2a	4	36015896	68478894	18621	-0.1984
ffbdf887-0c9a-40c0-971a-61eb2bb70e2a	4	68494770	68686026	76	-1.2878
ffbdf887-0c9a-40c0-971a-61eb2bb70e2a	4	68725894	69255175	303	-0.1271
ffbdf887-0c9a-40c0-971a-61eb2bb70e2a	4	69255532	104062402	21179	-0.1893
ffbdf887-0c9a-40c0-971a-61eb2bb70e2a	4	104065545	107130343	1696	-0.143
ffbdf887-0c9a-40c0-971a-61eb2bb70e2a	4	107144594	107155376	38	-0.6471
ffbdf887-0c9a-40c0-971a-61eb2bb70e2a	4	107156277	108598506	872	-0.1667
ffbdf887-0c9a-40c0-971a-61eb2bb70e2a	4	108599109	108609169	2	-1.4592
ffbdf887-0c9a-40c0-971a-61eb2bb70e2a	4	108610168	114252544	3524	-0.1787
ffbdf887-0c9a-40c0-971a-61eb2bb70e2a	4	114254167	114261019	23	0.3007
ffbdf887-0c9a-40c0-971a-61eb2bb70e2a	4	114263073	137171085	13198	-0.1931
ffbdf887-0c9a-40c0-971a-61eb2bb70e2a	4	137171266	137187209	17	-1.1107
ffbdf887-0c9a-40c0-971a-61eb2bb70e2a	4	137187333	140341925	2175	-0.1929
ffbdf887-0c9a-40c0-971a-61eb2bb70e2a	4	140343413	140344483	4	-1.1916
ffbdf887-0c9a-40c0-971a-61eb2bb70e2a	4	140344958	142450632	1341	-0.2045
ffbdf887-0c9a-40c0-971a-61eb2bb70e2a	4	142452757	147225187	2665	-0.1403
ffbdf887-0c9a-40c0-971a-61eb2bb70e2a	4	147225225	151870485	2614	-0.1955
ffbdf887-0c9a-40c0-971a-61eb2bb70e2a	4	151870502	151871739	11	-0.8557
ffbdf887-0c9a-40c0-971a-61eb2bb70e2a	4	151873644	165631462	8915	-0.1846
ffbdf887-0c9a-40c0-971a-61eb2bb70e2a	4	165631546	165632204	2	-1.8092
ffbdf887-0c9a-40c0-971a-61eb2bb70e2a	4	165632243	170346931	2916	-0.1989
ffbdf887-0c9a-40c0-971a-61eb2bb70e2a	4	170346943	170352007	6	-1.3419
ffbdf887-0c9a-40c0-971a-61eb2bb70e2a	4	170352863	172066777	1089	-0.2141
ffbdf887-0c9a-40c0-971a-61eb2bb70e2a	4	172067997	172068382	12	0.3409
ffbdf887-0c9a-40c0-971a-61eb2bb70e2a	4	172074828	180861463	5637	-0.2115
ffbdf887-0c9a-40c0-971a-61eb2bb70e2a	4	180861539	180862831	4	-1.6911
ffbdf887-0c9a-40c0-971a-61eb2bb70e2a	4	180864601	190106768	6400	-0.2188
ffbdf887-0c9a-40c0-971a-61eb2bb70e2a	5	15532	685633	306	-0.2897
ffbdf887-0c9a-40c0-971a-61eb2bb70e2a	5	698256	779766	28	0.3717
ffbdf887-0c9a-40c0-971a-61eb2bb70e2a	5	800724	12800777	9805	-0.2448
ffbdf887-0c9a-40c0-971a-61eb2bb70e2a	5	12815668	12838421	14	-1.3378
ffbdf887-0c9a-40c0-971a-61eb2bb70e2a	5	12849089	16257016	2313	-0.181
ffbdf887-0c9a-40c0-971a-61eb2bb70e2a	5	16257060	16257371	2	-2.8828
ffbdf887-0c9a-40c0-971a-61eb2bb70e2a	5	16257589	22161784	3558	-0.1767
ffbdf887-0c9a-40c0-971a-61eb2bb70e2a	5	22161979	33692291	7207	-0.2193
ffbdf887-0c9a-40c0-971a-61eb2bb70e2a	5	33693347	33694604	2	-3.4739
ffbdf887-0c9a-40c0-971a-61eb2bb70e2a	5	33702336	40883889	4722	-0.2145
ffbdf887-0c9a-40c0-971a-61eb2bb70e2a	5	40888617	51219502	3135	-0.1763
ffbdf887-0c9a-40c0-971a-61eb2bb70e2a	5	51221766	61866325	7129	-0.2149
ffbdf887-0c9a-40c0-971a-61eb2bb70e2a	5	61867992	61868038	2	-2.2288
ffbdf887-0c9a-40c0-971a-61eb2bb70e2a	5	61869072	173927283	70090	-0.2094
ffbdf887-0c9a-40c0-971a-61eb2bb70e2a	5	173931902	178161018	2357	0.0089
ffbdf887-0c9a-40c0-971a-61eb2bb70e2a	5	178170941	181363319	1884	-0.2116
ffbdf887-0c9a-40c0-971a-61eb2bb70e2a	6	149661	294837	124	-0.1748
ffbdf887-0c9a-40c0-971a-61eb2bb70e2a	6	302306	381149	76	-0.5273
ffbdf887-0c9a-40c0-971a-61eb2bb70e2a	6	382559	36657634	24888	-0.1822
ffbdf887-0c9a-40c0-971a-61eb2bb70e2a	6	36657785	38725585	1408	0.3953
ffbdf887-0c9a-40c0-971a-61eb2bb70e2a	6	38725664	39382268	554	0.7679
ffbdf887-0c9a-40c0-971a-61eb2bb70e2a	6	39386599	40486669	836	0.5871
ffbdf887-0c9a-40c0-971a-61eb2bb70e2a	6	40487096	44742422	2604	0.6355
ffbdf887-0c9a-40c0-971a-61eb2bb70e2a	6	44742567	58432750	8251	0.5707
ffbdf887-0c9a-40c0-971a-61eb2bb70e2a	6	60351931	60561559	26	-0.0115
ffbdf887-0c9a-40c0-971a-61eb2bb70e2a	6	60585656	76726815	9900	-0.1694
ffbdf887-0c9a-40c0-971a-61eb2bb70e2a	6	76730151	76743040	21	-0.8382
ffbdf887-0c9a-40c0-971a-61eb2bb70e2a	6	76751356	78259348	975	-0.1758
ffbdf887-0c9a-40c0-971a-61eb2bb70e2a	6	78259388	78332056	116	0.0511
ffbdf887-0c9a-40c0-971a-61eb2bb70e2a	6	78332092	110484622	19983	-0.171
ffbdf887-0c9a-40c0-971a-61eb2bb70e2a	6	110484988	118305402	4674	0.1288
ffbdf887-0c9a-40c0-971a-61eb2bb70e2a	6	118306203	118352381	27	-0.1774
ffbdf887-0c9a-40c0-971a-61eb2bb70e2a	6	118361128	152336256	22044	0.1404
ffbdf887-0c9a-40c0-971a-61eb2bb70e2a	6	152336373	152337007	2	-1.3013
ffbdf887-0c9a-40c0-971a-61eb2bb70e2a	6	152337081	170741917	12848	0.1318
ffbdf887-0c9a-40c0-971a-61eb2bb70e2a	7	43355	54299223	38377	-0.2096
ffbdf887-0c9a-40c0-971a-61eb2bb70e2a	7	54305455	54318824	7	-1.469
ffbdf887-0c9a-40c0-971a-61eb2bb70e2a	7	54325795	57960264	2035	-0.2048
ffbdf887-0c9a-40c0-971a-61eb2bb70e2a	7	57960277	63369248	291	0.0664
ffbdf887-0c9a-40c0-971a-61eb2bb70e2a	7	63369505	63523944	12	-0.4244
ffbdf887-0c9a-40c0-971a-61eb2bb70e2a	7	63566223	97756658	19460	0.1376
ffbdf887-0c9a-40c0-971a-61eb2bb70e2a	7	97766148	97773163	16	-0.5316
ffbdf887-0c9a-40c0-971a-61eb2bb70e2a	7	97774928	109797700	6611	0.143
ffbdf887-0c9a-40c0-971a-61eb2bb70e2a	7	109797715	109801155	10	-0.4369
ffbdf887-0c9a-40c0-971a-61eb2bb70e2a	7	109801187	112791360	1943	0.1445
ffbdf887-0c9a-40c0-971a-61eb2bb70e2a	7	112794358	112836701	19	0.6886
ffbdf887-0c9a-40c0-971a-61eb2bb70e2a	7	112842428	134100424	12773	0.1328
ffbdf887-0c9a-40c0-971a-61eb2bb70e2a	7	134100442	134110951	26	0.6914
ffbdf887-0c9a-40c0-971a-61eb2bb70e2a	7	134111088	144176859	6423	0.1435
ffbdf887-0c9a-40c0-971a-61eb2bb70e2a	7	144199159	144264193	9	-0.8986
ffbdf887-0c9a-40c0-971a-61eb2bb70e2a	7	144295437	153450553	5553	0.1405
ffbdf887-0c9a-40c0-971a-61eb2bb70e2a	7	153450560	153450627	2	-1.7977
ffbdf887-0c9a-40c0-971a-61eb2bb70e2a	7	153450630	153685338	211	0.1444
ffbdf887-0c9a-40c0-971a-61eb2bb70e2a	7	153698387	153702303	6	-0.7431
ffbdf887-0c9a-40c0-971a-61eb2bb70e2a	7	153702335	155173682	1206	0.1378
ffbdf887-0c9a-40c0-971a-61eb2bb70e2a	7	155174804	155175417	13	-0.2637
ffbdf887-0c9a-40c0-971a-61eb2bb70e2a	7	155176820	156592980	1020	0.1569
ffbdf887-0c9a-40c0-971a-61eb2bb70e2a	7	156599096	156601485	4	-0.8223
ffbdf887-0c9a-40c0-971a-61eb2bb70e2a	7	156602214	159325469	1613	0.1463
ffbdf887-0c9a-40c0-971a-61eb2bb70e2a	7	159325552	159334314	10	-0.0735
ffbdf887-0c9a-40c0-971a-61eb2bb70e2a	8	81254	645875	329	0.0066
ffbdf887-0c9a-40c0-971a-61eb2bb70e2a	8	645892	645908	2	1.7723
ffbdf887-0c9a-40c0-971a-61eb2bb70e2a	8	656117	7329110	7380	0.031
ffbdf887-0c9a-40c0-971a-61eb2bb70e2a	8	7329124	7930192	50	0.3862
ffbdf887-0c9a-40c0-971a-61eb2bb70e2a	8	7941868	8214781	19	-0.3509
ffbdf887-0c9a-40c0-971a-61eb2bb70e2a	8	8234503	8895785	647	0.0495
ffbdf887-0c9a-40c0-971a-61eb2bb70e2a	8	8902628	12385014	2591	0.3448
ffbdf887-0c9a-40c0-971a-61eb2bb70e2a	8	12385020	15289294	2546	0.2979
ffbdf887-0c9a-40c0-971a-61eb2bb70e2a	8	15290111	17061577	1537	0.3393
ffbdf887-0c9a-40c0-971a-61eb2bb70e2a	8	17061615	17062159	2	-1.441
ffbdf887-0c9a-40c0-971a-61eb2bb70e2a	8	17067188	25116928	6327	0.3468
ffbdf887-0c9a-40c0-971a-61eb2bb70e2a	8	25116961	25126818	26	-0.459
ffbdf887-0c9a-40c0-971a-61eb2bb70e2a	8	25133589	55513638	17199	0.3368
ffbdf887-0c9a-40c0-971a-61eb2bb70e2a	8	55513681	72751673	10792	0.31
ffbdf887-0c9a-40c0-971a-61eb2bb70e2a	8	72754034	73038955	208	0.6853
ffbdf887-0c9a-40c0-971a-61eb2bb70e2a	8	73040879	78262264	3181	0.3196
ffbdf887-0c9a-40c0-971a-61eb2bb70e2a	8	78266379	78273089	5	-1.4093
ffbdf887-0c9a-40c0-971a-61eb2bb70e2a	8	78276379	86777104	4803	0.302
ffbdf887-0c9a-40c0-971a-61eb2bb70e2a	8	86777129	86777398	2	-1.2191
ffbdf887-0c9a-40c0-971a-61eb2bb70e2a	8	86777618	88926914	1170	0.2867
ffbdf887-0c9a-40c0-971a-61eb2bb70e2a	8	88929660	108955421	12377	0.3244
ffbdf887-0c9a-40c0-971a-61eb2bb70e2a	8	108956382	111279265	1272	0.2785
ffbdf887-0c9a-40c0-971a-61eb2bb70e2a	8	111282050	111283031	10	-0.9259
ffbdf887-0c9a-40c0-971a-61eb2bb70e2a	8	111288052	143616987	22376	0.3187
ffbdf887-0c9a-40c0-971a-61eb2bb70e2a	8	143622987	143625638	9	-1.1078
ffbdf887-0c9a-40c0-971a-61eb2bb70e2a	8	143636819	145072769	502	0.3481
ffbdf887-0c9a-40c0-971a-61eb2bb70e2a	9	46587	149481	13	-0.0986
ffbdf887-0c9a-40c0-971a-61eb2bb70e2a	9	149727	602903	494	0.2403
ffbdf887-0c9a-40c0-971a-61eb2bb70e2a	9	606699	606961	4	-1.01
ffbdf887-0c9a-40c0-971a-61eb2bb70e2a	9	607307	5097281	4752	0.2231
ffbdf887-0c9a-40c0-971a-61eb2bb70e2a	9	5100291	5106800	8	-0.478
ffbdf887-0c9a-40c0-971a-61eb2bb70e2a	9	5108574	7953199	2403	0.2576
ffbdf887-0c9a-40c0-971a-61eb2bb70e2a	9	7953730	11071226	2852	0.1954
ffbdf887-0c9a-40c0-971a-61eb2bb70e2a	9	11071890	15191601	3284	0.2456
ffbdf887-0c9a-40c0-971a-61eb2bb70e2a	9	15194572	17829544	2294	0.1992
ffbdf887-0c9a-40c0-971a-61eb2bb70e2a	9	17829951	23363117	4289	0.2461
ffbdf887-0c9a-40c0-971a-61eb2bb70e2a	9	23363935	23372401	6	0.9926
ffbdf887-0c9a-40c0-971a-61eb2bb70e2a	9	23373486	27236646	2801	0.2478
ffbdf887-0c9a-40c0-971a-61eb2bb70e2a	9	27248179	27248646	5	-0.656
ffbdf887-0c9a-40c0-971a-61eb2bb70e2a	9	27248729	29019025	1483	0.2436
ffbdf887-0c9a-40c0-971a-61eb2bb70e2a	9	29019457	32391786	2376	0.1991
ffbdf887-0c9a-40c0-971a-61eb2bb70e2a	9	32392326	38771834	4001	0.2501
ffbdf887-0c9a-40c0-971a-61eb2bb70e2a	9	38787496	41451846	143	-0.0123
ffbdf887-0c9a-40c0-971a-61eb2bb70e2a	9	41473331	41666811	27	0.5852
ffbdf887-0c9a-40c0-971a-61eb2bb70e2a	9	41703463	61629689	126	0.0599
ffbdf887-0c9a-40c0-971a-61eb2bb70e2a	9	61633080	117188265	35254	-0.1968
ffbdf887-0c9a-40c0-971a-61eb2bb70e2a	9	117188561	117188883	2	-2.5385
ffbdf887-0c9a-40c0-971a-61eb2bb70e2a	9	117189204	138200944	12714	-0.1958
ffbdf887-0c9a-40c0-971a-61eb2bb70e2a	10	45792	179021	66	0.2841
ffbdf887-0c9a-40c0-971a-61eb2bb70e2a	10	181709	3792336	3094	0.4005
ffbdf887-0c9a-40c0-971a-61eb2bb70e2a	10	3793518	3821172	42	1.0441
ffbdf887-0c9a-40c0-971a-61eb2bb70e2a	10	3825592	3901087	65	1.527
ffbdf887-0c9a-40c0-971a-61eb2bb70e2a	10	3904418	4244878	303	0.9576
ffbdf887-0c9a-40c0-971a-61eb2bb70e2a	10	4248622	4248824	4	-0.2323
ffbdf887-0c9a-40c0-971a-61eb2bb70e2a	10	4251879	5143390	843	0.9519
ffbdf887-0c9a-40c0-971a-61eb2bb70e2a	10	5146970	6267570	863	1.0251
ffbdf887-0c9a-40c0-971a-61eb2bb70e2a	10	6268213	11156635	4270	0.9363
ffbdf887-0c9a-40c0-971a-61eb2bb70e2a	10	11156718	13918053	2169	1.0016
ffbdf887-0c9a-40c0-971a-61eb2bb70e2a	10	13918479	15877145	1638	0.9591
ffbdf887-0c9a-40c0-971a-61eb2bb70e2a	10	15880845	15889073	20	0.5476
ffbdf887-0c9a-40c0-971a-61eb2bb70e2a	10	15892922	18396478	1855	0.9376
ffbdf887-0c9a-40c0-971a-61eb2bb70e2a	10	18396962	20019188	1271	0.5854
ffbdf887-0c9a-40c0-971a-61eb2bb70e2a	10	20019727	20026718	15	0.1869
ffbdf887-0c9a-40c0-971a-61eb2bb70e2a	10	20027294	20630297	524	0.5933
ffbdf887-0c9a-40c0-971a-61eb2bb70e2a	10	20636011	24590460	2544	0.799
ffbdf887-0c9a-40c0-971a-61eb2bb70e2a	10	24590826	26937875	1586	0.5942
ffbdf887-0c9a-40c0-971a-61eb2bb70e2a	10	26938239	26941064	10	1.1614
ffbdf887-0c9a-40c0-971a-61eb2bb70e2a	10	26941746	28581826	1100	0.6159
ffbdf887-0c9a-40c0-971a-61eb2bb70e2a	10	28585331	28811269	168	0.8303
ffbdf887-0c9a-40c0-971a-61eb2bb70e2a	10	28813553	28885221	57	0.6869
ffbdf887-0c9a-40c0-971a-61eb2bb70e2a	10	28886426	30228683	1162	1.1293
ffbdf887-0c9a-40c0-971a-61eb2bb70e2a	10	30230757	30912176	507	0.9944
ffbdf887-0c9a-40c0-971a-61eb2bb70e2a	10	30918076	31479394	386	0.9318
ffbdf887-0c9a-40c0-971a-61eb2bb70e2a	10	31483837	32259555	489	0.6226
ffbdf887-0c9a-40c0-971a-61eb2bb70e2a	10	32266383	32425410	102	0.9568
ffbdf887-0c9a-40c0-971a-61eb2bb70e2a	10	32426173	32435051	4	-0.501
ffbdf887-0c9a-40c0-971a-61eb2bb70e2a	10	32435600	32545315	47	0.7911
ffbdf887-0c9a-40c0-971a-61eb2bb70e2a	10	32546380	32546797	2	-0.433
ffbdf887-0c9a-40c0-971a-61eb2bb70e2a	10	32555588	35033202	1728	0.9627
ffbdf887-0c9a-40c0-971a-61eb2bb70e2a	10	35038907	36198081	735	0.7876
ffbdf887-0c9a-40c0-971a-61eb2bb70e2a	10	36198121	36808902	435	0.9427
ffbdf887-0c9a-40c0-971a-61eb2bb70e2a	10	36808968	37165469	190	1.0608
ffbdf887-0c9a-40c0-971a-61eb2bb70e2a	10	37165778	37375663	108	0.7665
ffbdf887-0c9a-40c0-971a-61eb2bb70e2a	10	37376882	37582435	111	0.3464
ffbdf887-0c9a-40c0-971a-61eb2bb70e2a	10	37587421	38393663	451	0.7411
ffbdf887-0c9a-40c0-971a-61eb2bb70e2a	10	38394675	38783075	65	0.5513
ffbdf887-0c9a-40c0-971a-61eb2bb70e2a	10	38783090	46222715	2462	-0.1986
ffbdf887-0c9a-40c0-971a-61eb2bb70e2a	10	46223605	46225568	2	-2.2854
ffbdf887-0c9a-40c0-971a-61eb2bb70e2a	10	46225606	46306204	96	-0.1538
ffbdf887-0c9a-40c0-971a-61eb2bb70e2a	10	46306446	46333369	40	-0.5419
ffbdf887-0c9a-40c0-971a-61eb2bb70e2a	10	46370859	46553826	36	-0.2112
ffbdf887-0c9a-40c0-971a-61eb2bb70e2a	10	46553922	46804606	24	0.3031
ffbdf887-0c9a-40c0-971a-61eb2bb70e2a	10	46810571	77259782	20052	-0.2017
ffbdf887-0c9a-40c0-971a-61eb2bb70e2a	10	77261867	78303693	799	0.4975
ffbdf887-0c9a-40c0-971a-61eb2bb70e2a	10	78305912	79117333	746	1.4289
ffbdf887-0c9a-40c0-971a-61eb2bb70e2a	10	79117529	79425207	249	1.5774
ffbdf887-0c9a-40c0-971a-61eb2bb70e2a	10	79425258	80156847	246	1.0419
ffbdf887-0c9a-40c0-971a-61eb2bb70e2a	10	80157952	80544966	252	1.3162
ffbdf887-0c9a-40c0-971a-61eb2bb70e2a	10	80545871	80574655	19	0.5747
ffbdf887-0c9a-40c0-971a-61eb2bb70e2a	10	80575453	80759279	181	0.7363
ffbdf887-0c9a-40c0-971a-61eb2bb70e2a	10	80759311	80928889	118	0.5969
ffbdf887-0c9a-40c0-971a-61eb2bb70e2a	10	80930570	81083753	96	1.3977
ffbdf887-0c9a-40c0-971a-61eb2bb70e2a	10	81094648	81134713	34	0.7905
ffbdf887-0c9a-40c0-971a-61eb2bb70e2a	10	81137106	82091203	656	0.642
ffbdf887-0c9a-40c0-971a-61eb2bb70e2a	10	82091254	82164215	59	0.376
ffbdf887-0c9a-40c0-971a-61eb2bb70e2a	10	82164444	83511768	1063	0.6529
ffbdf887-0c9a-40c0-971a-61eb2bb70e2a	10	83513483	93202957	6419	0.1432
ffbdf887-0c9a-40c0-971a-61eb2bb70e2a	10	93203627	93244182	19	-0.352
ffbdf887-0c9a-40c0-971a-61eb2bb70e2a	10	93246900	93827929	460	1.2569
ffbdf887-0c9a-40c0-971a-61eb2bb70e2a	10	93829274	94234859	257	0.9969
ffbdf887-0c9a-40c0-971a-61eb2bb70e2a	10	94238422	94849811	270	0.6252
ffbdf887-0c9a-40c0-971a-61eb2bb70e2a	10	94851356	95105544	144	0.1392
ffbdf887-0c9a-40c0-971a-61eb2bb70e2a	10	95109306	95109949	6	-0.808
ffbdf887-0c9a-40c0-971a-61eb2bb70e2a	10	95115957	99799080	3074	0.1412
ffbdf887-0c9a-40c0-971a-61eb2bb70e2a	10	99799658	133654968	23587	-0.2232
ffbdf887-0c9a-40c0-971a-61eb2bb70e2a	11	198510	4949137	2423	0.1329
ffbdf887-0c9a-40c0-971a-61eb2bb70e2a	11	4950775	4961931	27	0.6801
ffbdf887-0c9a-40c0-971a-61eb2bb70e2a	11	4965777	5766175	778	0.1118
ffbdf887-0c9a-40c0-971a-61eb2bb70e2a	11	5766850	5788108	33	-0.3159
ffbdf887-0c9a-40c0-971a-61eb2bb70e2a	11	5788231	18768273	9260	0.121
ffbdf887-0c9a-40c0-971a-61eb2bb70e2a	11	18771189	18779647	10	-0.4124
ffbdf887-0c9a-40c0-971a-61eb2bb70e2a	11	18780793	18927778	128	0.1258
ffbdf887-0c9a-40c0-971a-61eb2bb70e2a	11	18927796	18949158	45	-0.1528
ffbdf887-0c9a-40c0-971a-61eb2bb70e2a	11	18949201	21985482	2707	0.1205
ffbdf887-0c9a-40c0-971a-61eb2bb70e2a	11	21992668	33060455	7476	0.0895
ffbdf887-0c9a-40c0-971a-61eb2bb70e2a	11	33061600	33541427	245	0.3646
ffbdf887-0c9a-40c0-971a-61eb2bb70e2a	11	33551621	37778774	3413	0.1311
ffbdf887-0c9a-40c0-971a-61eb2bb70e2a	11	37779482	43361868	3716	0.0914
ffbdf887-0c9a-40c0-971a-61eb2bb70e2a	11	43362345	48576870	2984	0.1358
ffbdf887-0c9a-40c0-971a-61eb2bb70e2a	11	48579882	48581124	2	-1.8805
ffbdf887-0c9a-40c0-971a-61eb2bb70e2a	11	48584766	55595864	1176	0.0906
ffbdf887-0c9a-40c0-971a-61eb2bb70e2a	11	55606556	55685058	57	-0.3236
ffbdf887-0c9a-40c0-971a-61eb2bb70e2a	11	55685501	77339207	11238	0.1065
ffbdf887-0c9a-40c0-971a-61eb2bb70e2a	11	77345281	93997532	11441	0.0764
ffbdf887-0c9a-40c0-971a-61eb2bb70e2a	11	94000085	107359993	9616	0.0932
ffbdf887-0c9a-40c0-971a-61eb2bb70e2a	11	107367930	107368402	7	-1.7903
ffbdf887-0c9a-40c0-971a-61eb2bb70e2a	11	107381636	107523277	128	0.0481
ffbdf887-0c9a-40c0-971a-61eb2bb70e2a	11	107526861	116985473	6405	0.0937
ffbdf887-0c9a-40c0-971a-61eb2bb70e2a	11	116985926	126796437	6952	0.1265
ffbdf887-0c9a-40c0-971a-61eb2bb70e2a	11	126796524	131801256	3878	0.0927
ffbdf887-0c9a-40c0-971a-61eb2bb70e2a	11	131802301	135074876	2526	0.0441
ffbdf887-0c9a-40c0-971a-61eb2bb70e2a	12	51460	71531	5	-0.4082
ffbdf887-0c9a-40c0-971a-61eb2bb70e2a	12	81888	756804	412	0.2697
ffbdf887-0c9a-40c0-971a-61eb2bb70e2a	12	759943	764863	18	-0.376
ffbdf887-0c9a-40c0-971a-61eb2bb70e2a	12	766188	2126723	827	0.2659
ffbdf887-0c9a-40c0-971a-61eb2bb70e2a	12	2136696	2148754	41	-0.5359
ffbdf887-0c9a-40c0-971a-61eb2bb70e2a	12	2148857	11358644	6067	0.2388
ffbdf887-0c9a-40c0-971a-61eb2bb70e2a	12	11359558	11373355	19	0.8287
ffbdf887-0c9a-40c0-971a-61eb2bb70e2a	12	11383179	30086334	13087	0.2348
ffbdf887-0c9a-40c0-971a-61eb2bb70e2a	12	30086381	30090521	15	-0.3789
ffbdf887-0c9a-40c0-971a-61eb2bb70e2a	12	30090606	33137723	2252	0.2291
ffbdf887-0c9a-40c0-971a-61eb2bb70e2a	12	33140973	33155999	43	-0.0721
ffbdf887-0c9a-40c0-971a-61eb2bb70e2a	12	33156051	34682902	778	0.2177
ffbdf887-0c9a-40c0-971a-61eb2bb70e2a	12	34701563	60095741	13216	-0.1796
ffbdf887-0c9a-40c0-971a-61eb2bb70e2a	12	60096559	60096584	2	-2.0006
ffbdf887-0c9a-40c0-971a-61eb2bb70e2a	12	60096753	70478078	6692	-0.2011
ffbdf887-0c9a-40c0-971a-61eb2bb70e2a	12	70478895	70484247	9	-1.7875
ffbdf887-0c9a-40c0-971a-61eb2bb70e2a	12	70485605	108069364	24369	-0.1891
ffbdf887-0c9a-40c0-971a-61eb2bb70e2a	12	108070346	108092446	27	-0.579
ffbdf887-0c9a-40c0-971a-61eb2bb70e2a	12	108092663	113779475	3264	-0.1796
ffbdf887-0c9a-40c0-971a-61eb2bb70e2a	12	113780351	115256463	1249	-0.2485
ffbdf887-0c9a-40c0-971a-61eb2bb70e2a	12	115257559	115789929	541	-0.1855
ffbdf887-0c9a-40c0-971a-61eb2bb70e2a	12	115789952	115794411	15	-0.743
ffbdf887-0c9a-40c0-971a-61eb2bb70e2a	12	115794455	125272436	5571	-0.1938
ffbdf887-0c9a-40c0-971a-61eb2bb70e2a	12	125275705	131094208	5081	-0.2447
ffbdf887-0c9a-40c0-971a-61eb2bb70e2a	12	131094674	133201603	1043	-0.1953
ffbdf887-0c9a-40c0-971a-61eb2bb70e2a	13	18452809	37496998	13462	0.1122
ffbdf887-0c9a-40c0-971a-61eb2bb70e2a	13	37497899	37510620	16	-1.4936
ffbdf887-0c9a-40c0-971a-61eb2bb70e2a	13	37514193	48957415	8011	0.1126
ffbdf887-0c9a-40c0-971a-61eb2bb70e2a	13	48959579	48962368	2	-2.8409
ffbdf887-0c9a-40c0-971a-61eb2bb70e2a	13	48963569	69197066	11835	0.112
ffbdf887-0c9a-40c0-971a-61eb2bb70e2a	13	69197724	69198175	4	-1.2808
ffbdf887-0c9a-40c0-971a-61eb2bb70e2a	13	69200183	71902850	1665	0.0914
ffbdf887-0c9a-40c0-971a-61eb2bb70e2a	13	71903417	71906418	4	-1.4722
ffbdf887-0c9a-40c0-971a-61eb2bb70e2a	13	71906467	92400788	13277	0.1031
ffbdf887-0c9a-40c0-971a-61eb2bb70e2a	13	92402709	99990007	5122	0.1291
ffbdf887-0c9a-40c0-971a-61eb2bb70e2a	13	99993506	110342758	8283	0.1031
ffbdf887-0c9a-40c0-971a-61eb2bb70e2a	13	110342863	113847833	2160	0.1581
ffbdf887-0c9a-40c0-971a-61eb2bb70e2a	13	113850161	114342922	189	0.1
ffbdf887-0c9a-40c0-971a-61eb2bb70e2a	14	18239283	19110634	33	-0.27
ffbdf887-0c9a-40c0-971a-61eb2bb70e2a	14	19134873	19956767	135	0.3766
ffbdf887-0c9a-40c0-971a-61eb2bb70e2a	14	19957350	22134592	1523	-0.2178
ffbdf887-0c9a-40c0-971a-61eb2bb70e2a	14	22137197	22509405	336	-0.3182
ffbdf887-0c9a-40c0-971a-61eb2bb70e2a	14	22509533	69997659	29766	-0.2059
ffbdf887-0c9a-40c0-971a-61eb2bb70e2a	14	69997986	69998049	2	-1.8094
ffbdf887-0c9a-40c0-971a-61eb2bb70e2a	14	69998985	73529070	2339	-0.202
ffbdf887-0c9a-40c0-971a-61eb2bb70e2a	14	73534419	73563211	11	0.8701
ffbdf887-0c9a-40c0-971a-61eb2bb70e2a	14	73564027	94597856	13821	-0.2109
ffbdf887-0c9a-40c0-971a-61eb2bb70e2a	14	94600185	94600215	2	-1.8569
ffbdf887-0c9a-40c0-971a-61eb2bb70e2a	14	94605001	105632998	6773	-0.219
ffbdf887-0c9a-40c0-971a-61eb2bb70e2a	14	105636696	106425447	259	-0.3446
ffbdf887-0c9a-40c0-971a-61eb2bb70e2a	14	106426436	106462724	47	0.1218
ffbdf887-0c9a-40c0-971a-61eb2bb70e2a	14	106475361	106877229	194	-0.2578
ffbdf887-0c9a-40c0-971a-61eb2bb70e2a	15	19811075	20041902	49	-0.072
ffbdf887-0c9a-40c0-971a-61eb2bb70e2a	15	20056983	20207225	11	-0.5839
ffbdf887-0c9a-40c0-971a-61eb2bb70e2a	15	20210984	20376309	34	-1.0799
ffbdf887-0c9a-40c0-971a-61eb2bb70e2a	15	20376311	20384907	14	-1.9066
ffbdf887-0c9a-40c0-971a-61eb2bb70e2a	15	20385137	22455811	102	-0.9197
ffbdf887-0c9a-40c0-971a-61eb2bb70e2a	15	22483983	26336669	2361	-0.2083
ffbdf887-0c9a-40c0-971a-61eb2bb70e2a	15	26336736	26341930	5	-1.8192
ffbdf887-0c9a-40c0-971a-61eb2bb70e2a	15	26344132	27163961	583	-0.2316
ffbdf887-0c9a-40c0-971a-61eb2bb70e2a	15	27164571	27164655	2	-1.9989
ffbdf887-0c9a-40c0-971a-61eb2bb70e2a	15	27165523	83871965	35090	-0.2047
ffbdf887-0c9a-40c0-971a-61eb2bb70e2a	15	83871986	83874798	6	-1.9071
ffbdf887-0c9a-40c0-971a-61eb2bb70e2a	15	83878525	101385562	12775	-0.2146
ffbdf887-0c9a-40c0-971a-61eb2bb70e2a	15	101386547	101390109	13	-0.8586
ffbdf887-0c9a-40c0-971a-61eb2bb70e2a	15	101390402	101928837	367	-0.2328
ffbdf887-0c9a-40c0-971a-61eb2bb70e2a	16	10777	36671	7	-0.3492
ffbdf887-0c9a-40c0-971a-61eb2bb70e2a	16	37800	262636	128	0.1305
ffbdf887-0c9a-40c0-971a-61eb2bb70e2a	16	263271	4170114	1554	-0.2119
ffbdf887-0c9a-40c0-971a-61eb2bb70e2a	16	4170189	4175819	11	0.2286
ffbdf887-0c9a-40c0-971a-61eb2bb70e2a	16	4176987	4642112	231	0.4387
ffbdf887-0c9a-40c0-971a-61eb2bb70e2a	16	4646625	4859313	110	0.1763
ffbdf887-0c9a-40c0-971a-61eb2bb70e2a	16	4866347	21368130	12300	-0.2265
ffbdf887-0c9a-40c0-971a-61eb2bb70e2a	16	21401082	21580019	22	-0.7437
ffbdf887-0c9a-40c0-971a-61eb2bb70e2a	16	21582134	22614298	377	-0.1821
ffbdf887-0c9a-40c0-971a-61eb2bb70e2a	16	22614450	22693199	53	-0.742
ffbdf887-0c9a-40c0-971a-61eb2bb70e2a	16	22699421	49777720	7504	-0.2225
ffbdf887-0c9a-40c0-971a-61eb2bb70e2a	16	49779052	49780264	2	-2.6964
ffbdf887-0c9a-40c0-971a-61eb2bb70e2a	16	49780344	55762682	4557	-0.2187
ffbdf887-0c9a-40c0-971a-61eb2bb70e2a	16	55764310	55764867	3	2.303
ffbdf887-0c9a-40c0-971a-61eb2bb70e2a	16	55770436	78337711	14258	-0.2105
ffbdf887-0c9a-40c0-971a-61eb2bb70e2a	16	78338543	78350841	15	0.9161
ffbdf887-0c9a-40c0-971a-61eb2bb70e2a	16	78350868	78842030	660	-0.2447
ffbdf887-0c9a-40c0-971a-61eb2bb70e2a	16	78843404	78843521	2	-1.973
ffbdf887-0c9a-40c0-971a-61eb2bb70e2a	16	78843721	80970410	2399	-0.2254
ffbdf887-0c9a-40c0-971a-61eb2bb70e2a	16	80971482	80971505	2	-1.8663
ffbdf887-0c9a-40c0-971a-61eb2bb70e2a	16	80972861	88076816	6677	-0.2254
ffbdf887-0c9a-40c0-971a-61eb2bb70e2a	16	88080057	88089992	11	-1.093
ffbdf887-0c9a-40c0-971a-61eb2bb70e2a	16	88094079	90096867	827	-0.2187
ffbdf887-0c9a-40c0-971a-61eb2bb70e2a	17	150733	46085732	23278	-0.1961
ffbdf887-0c9a-40c0-971a-61eb2bb70e2a	17	46088437	46284643	122	0.1829
ffbdf887-0c9a-40c0-971a-61eb2bb70e2a	17	46284997	67337270	12158	-0.1938
ffbdf887-0c9a-40c0-971a-61eb2bb70e2a	17	67344354	67360820	16	0.1402
ffbdf887-0c9a-40c0-971a-61eb2bb70e2a	17	67367697	69546606	1288	0.4291
ffbdf887-0c9a-40c0-971a-61eb2bb70e2a	17	69548013	83091923	8083	0.1558
ffbdf887-0c9a-40c0-971a-61eb2bb70e2a	18	48133	14440585	10126	0.4055
ffbdf887-0c9a-40c0-971a-61eb2bb70e2a	18	14446237	14455935	5	-0.6138
ffbdf887-0c9a-40c0-971a-61eb2bb70e2a	18	14461445	15401764	264	0.3798
ffbdf887-0c9a-40c0-971a-61eb2bb70e2a	18	15402409	26785899	3455	0.07
ffbdf887-0c9a-40c0-971a-61eb2bb70e2a	18	26785951	26786181	3	-1.2819
ffbdf887-0c9a-40c0-971a-61eb2bb70e2a	18	26786415	39334364	8062	0.073
ffbdf887-0c9a-40c0-971a-61eb2bb70e2a	18	39334399	42471713	2076	0.3527
ffbdf887-0c9a-40c0-971a-61eb2bb70e2a	18	42476604	42477506	24	-0.3825
ffbdf887-0c9a-40c0-971a-61eb2bb70e2a	18	42477802	44359423	1113	0.3339
ffbdf887-0c9a-40c0-971a-61eb2bb70e2a	18	44365206	50226682	4078	0.3863
ffbdf887-0c9a-40c0-971a-61eb2bb70e2a	18	50227099	57937816	5218	0.3425
ffbdf887-0c9a-40c0-971a-61eb2bb70e2a	18	57937887	58058957	100	0.504
ffbdf887-0c9a-40c0-971a-61eb2bb70e2a	18	58061220	60439643	1813	0.3466
ffbdf887-0c9a-40c0-971a-61eb2bb70e2a	18	60441324	60448003	2	-0.7168
ffbdf887-0c9a-40c0-971a-61eb2bb70e2a	18	60448502	64139400	2604	0.3456
ffbdf887-0c9a-40c0-971a-61eb2bb70e2a	18	64142171	64142688	2	-1.7502
ffbdf887-0c9a-40c0-971a-61eb2bb70e2a	18	64142778	66054343	1303	0.3227
ffbdf887-0c9a-40c0-971a-61eb2bb70e2a	18	66060256	66065527	14	-0.1604
ffbdf887-0c9a-40c0-971a-61eb2bb70e2a	18	66065571	73408344	5409	0.3318
ffbdf887-0c9a-40c0-971a-61eb2bb70e2a	18	73408483	73797928	339	0.4406
ffbdf887-0c9a-40c0-971a-61eb2bb70e2a	18	73799180	76280031	2010	0.3529
ffbdf887-0c9a-40c0-971a-61eb2bb70e2a	18	76280605	80252853	2645	0.5774
ffbdf887-0c9a-40c0-971a-61eb2bb70e2a	18	80256253	80257174	4	-0.1006
ffbdf887-0c9a-40c0-971a-61eb2bb70e2a	19	90910	4063069	1082	-0.2025
ffbdf887-0c9a-40c0-971a-61eb2bb70e2a	19	4073730	4853488	216	0.2151
ffbdf887-0c9a-40c0-971a-61eb2bb70e2a	19	4857610	4890902	10	0.8696
ffbdf887-0c9a-40c0-971a-61eb2bb70e2a	19	4895084	15572417	5174	0.176
ffbdf887-0c9a-40c0-971a-61eb2bb70e2a	19	15572918	15591468	13	-0.3124
ffbdf887-0c9a-40c0-971a-61eb2bb70e2a	19	15591874	20411869	2419	0.1494
ffbdf887-0c9a-40c0-971a-61eb2bb70e2a	19	20413400	20533583	68	-0.5122
ffbdf887-0c9a-40c0-971a-61eb2bb70e2a	19	20538075	35294424	7652	0.1339
ffbdf887-0c9a-40c0-971a-61eb2bb70e2a	19	35297579	35298782	4	-0.7514
ffbdf887-0c9a-40c0-971a-61eb2bb70e2a	19	35302135	35358420	50	0.1986
ffbdf887-0c9a-40c0-971a-61eb2bb70e2a	19	35364451	35375899	24	-0.509
ffbdf887-0c9a-40c0-971a-61eb2bb70e2a	19	35376052	45944096	5298	0.1555
ffbdf887-0c9a-40c0-971a-61eb2bb70e2a	19	45946382	46963226	469	0.436
ffbdf887-0c9a-40c0-971a-61eb2bb70e2a	19	46967605	49060867	978	-0.2031
ffbdf887-0c9a-40c0-971a-61eb2bb70e2a	19	49067856	49141336	25	0.4356
ffbdf887-0c9a-40c0-971a-61eb2bb70e2a	19	49145794	54609802	3167	-0.2079
ffbdf887-0c9a-40c0-971a-61eb2bb70e2a	19	54611724	54716380	92	0.4362
ffbdf887-0c9a-40c0-971a-61eb2bb70e2a	19	54721301	54786431	13	-0.3198
ffbdf887-0c9a-40c0-971a-61eb2bb70e2a	19	54787128	54867244	43	0.0997
ffbdf887-0c9a-40c0-971a-61eb2bb70e2a	19	54868000	58586487	2268	-0.2138
ffbdf887-0c9a-40c0-971a-61eb2bb70e2a	20	80664	1580353	1202	0.1325
ffbdf887-0c9a-40c0-971a-61eb2bb70e2a	20	1580934	1613247	41	-0.775
ffbdf887-0c9a-40c0-971a-61eb2bb70e2a	20	1617300	9971063	6389	0.11
ffbdf887-0c9a-40c0-971a-61eb2bb70e2a	20	9974436	10527087	457	0.2794
ffbdf887-0c9a-40c0-971a-61eb2bb70e2a	20	10527337	24064831	10599	0.0977
ffbdf887-0c9a-40c0-971a-61eb2bb70e2a	20	24066199	26299965	1296	0.1307
ffbdf887-0c9a-40c0-971a-61eb2bb70e2a	20	26307899	30299021	27	-0.3823
ffbdf887-0c9a-40c0-971a-61eb2bb70e2a	20	30305015	57539439	17703	0.1366
ffbdf887-0c9a-40c0-971a-61eb2bb70e2a	20	57540627	57544076	2	-1.4288
ffbdf887-0c9a-40c0-971a-61eb2bb70e2a	20	57544613	63892554	4401	0.1355
ffbdf887-0c9a-40c0-971a-61eb2bb70e2a	20	63892747	63893316	2	-0.5473
ffbdf887-0c9a-40c0-971a-61eb2bb70e2a	20	63896898	64284715	191	0.0931
ffbdf887-0c9a-40c0-971a-61eb2bb70e2a	20	64323342	64324800	5	-0.6919
ffbdf887-0c9a-40c0-971a-61eb2bb70e2a	21	10354168	10642546	81	0.3459
ffbdf887-0c9a-40c0-971a-61eb2bb70e2a	21	10643703	13837084	203	0.1473
ffbdf887-0c9a-40c0-971a-61eb2bb70e2a	21	13839099	30801359	12405	0.1061
ffbdf887-0c9a-40c0-971a-61eb2bb70e2a	21	30801596	46677045	11147	0.1373
ffbdf887-0c9a-40c0-971a-61eb2bb70e2a	22	15294547	50292457	22989	-0.2224
ffbdf887-0c9a-40c0-971a-61eb2bb70e2a	22	50353189	50460996	41	-0.749
ffbdf887-0c9a-40c0-971a-61eb2bb70e2a	22	50463802	50796027	181	-0.1758
ffbdf887-0c9a-40c0-971a-61eb2bb70e2a	X	251810	128261533	67292	0.0204
ffbdf887-0c9a-40c0-971a-61eb2bb70e2a	X	128268059	128290820	15	-1.2237
ffbdf887-0c9a-40c0-971a-61eb2bb70e2a	X	128294211	155952689	16148	0.007
ffbdf887-0c9a-40c0-971a-61eb2bb70e2a	Y	2782397	3394523	204	-2.5226
ffbdf887-0c9a-40c0-971a-61eb2bb70e2a	Y	3394871	6075631	514	-2.1663
ffbdf887-0c9a-40c0-971a-61eb2bb70e2a	Y	6076562	9323688	1504	-2.7188
ffbdf887-0c9a-40c0-971a-61eb2bb70e2a	Y	9326090	9554275	30	-4.0095
ffbdf887-0c9a-40c0-971a-61eb2bb70e2a	Y	9554586	13478396	1012	-2.5735
ffbdf887-0c9a-40c0-971a-61eb2bb70e2a	Y	13478462	13482643	3	-7.6945
ffbdf887-0c9a-40c0-971a-61eb2bb70e2a	Y	13483009	25971733	3199	-2.6464
ffbdf887-0c9a-40c0-971a-61eb2bb70e2a	Y	26077669	56872112	172	-2.3186
