GDC_Aliquot	Chromosome	Start	End	Num_Probes	Segment_Mean
5beccc1e-4489-4216-a524-5349ec36c68b	1	62920	15827002	8330	0.0205
5beccc1e-4489-4216-a524-5349ec36c68b	1	15827041	15827706	6	-1.405
5beccc1e-4489-4216-a524-5349ec36c68b	1	15827744	34626073	10629	0.0221
5beccc1e-4489-4216-a524-5349ec36c68b	1	34637053	34638890	20	-0.6461
5beccc1e-4489-4216-a524-5349ec36c68b	1	34648667	109690352	47320	0.0169
5beccc1e-4489-4216-a524-5349ec36c68b	1	109690415	109697556	12	-0.8876
5beccc1e-4489-4216-a524-5349ec36c68b	1	109702376	112449193	2214	0.0163
5beccc1e-4489-4216-a524-5349ec36c68b	1	112449240	112449259	2	-2.406
5beccc1e-4489-4216-a524-5349ec36c68b	1	112452243	143541857	4911	0.0131
5beccc1e-4489-4216-a524-5349ec36c68b	1	143545399	143710242	83	-2.0515
5beccc1e-4489-4216-a524-5349ec36c68b	1	143710767	143942271	41	-0.7743
5beccc1e-4489-4216-a524-5349ec36c68b	1	144432083	152580015	2306	0.0144
5beccc1e-4489-4216-a524-5349ec36c68b	1	152580278	152618018	41	0.5812
5beccc1e-4489-4216-a524-5349ec36c68b	1	152618089	174827418	14969	0.0127
5beccc1e-4489-4216-a524-5349ec36c68b	1	174827561	174832782	18	-0.616
5beccc1e-4489-4216-a524-5349ec36c68b	1	174832869	248930189	50395	0.0169
5beccc1e-4489-4216-a524-5349ec36c68b	2	12784	4158097	2979	-0.0189
5beccc1e-4489-4216-a524-5349ec36c68b	2	4166274	4175577	36	-1.7584
5beccc1e-4489-4216-a524-5349ec36c68b	2	4175922	52527330	34025	-0.0106
5beccc1e-4489-4216-a524-5349ec36c68b	2	52527342	52554404	39	-1.661
5beccc1e-4489-4216-a524-5349ec36c68b	2	52560811	86881088	21901	-0.006
5beccc1e-4489-4216-a524-5349ec36c68b	2	86882149	87747102	144	0.4399
5beccc1e-4489-4216-a524-5349ec36c68b	2	87835245	88834118	470	-0.0117
5beccc1e-4489-4216-a524-5349ec36c68b	2	88836539	92078382	376	0.1487
5beccc1e-4489-4216-a524-5349ec36c68b	2	94662162	97115744	824	-0.0017
5beccc1e-4489-4216-a524-5349ec36c68b	2	97118174	97211436	44	0.4791
5beccc1e-4489-4216-a524-5349ec36c68b	2	97310327	128880504	18935	-0.0103
5beccc1e-4489-4216-a524-5349ec36c68b	2	128880904	128882741	15	-0.8806
5beccc1e-4489-4216-a524-5349ec36c68b	2	128882755	132571232	1768	0.0107
5beccc1e-4489-4216-a524-5349ec36c68b	2	132572969	132574131	3	-1.6748
5beccc1e-4489-4216-a524-5349ec36c68b	2	132574236	207490188	45500	-0.0087
5beccc1e-4489-4216-a524-5349ec36c68b	2	207490231	207495072	20	0.5743
5beccc1e-4489-4216-a524-5349ec36c68b	2	207495422	212316597	3031	-0.0117
5beccc1e-4489-4216-a524-5349ec36c68b	2	212321824	212327101	25	-0.8049
5beccc1e-4489-4216-a524-5349ec36c68b	2	212327402	242147305	18953	-0.01
5beccc1e-4489-4216-a524-5349ec36c68b	3	20930	65200174	45202	0.0148
5beccc1e-4489-4216-a524-5349ec36c68b	3	65202778	65224777	53	-0.639
5beccc1e-4489-4216-a524-5349ec36c68b	3	65230674	68697013	2417	0.0144
5beccc1e-4489-4216-a524-5349ec36c68b	3	68697108	68698262	14	-0.998
5beccc1e-4489-4216-a524-5349ec36c68b	3	68699607	75392127	4862	0.0141
5beccc1e-4489-4216-a524-5349ec36c68b	3	75400463	75481836	38	-0.7277
5beccc1e-4489-4216-a524-5349ec36c68b	3	75481943	75589590	29	-0.0889
5beccc1e-4489-4216-a524-5349ec36c68b	3	75590356	75793727	43	0.5066
5beccc1e-4489-4216-a524-5349ec36c68b	3	75794356	189642965	66564	0.019
5beccc1e-4489-4216-a524-5349ec36c68b	3	189645889	189646849	11	-0.8027
5beccc1e-4489-4216-a524-5349ec36c68b	3	189653199	195559056	3989	0.0141
5beccc1e-4489-4216-a524-5349ec36c68b	3	195656271	195737223	37	0.7135
5beccc1e-4489-4216-a524-5349ec36c68b	3	195737253	198169247	1168	0.0302
5beccc1e-4489-4216-a524-5349ec36c68b	4	68929	3877891	1565	0.0164
5beccc1e-4489-4216-a524-5349ec36c68b	4	3884081	4180275	78	0.346
5beccc1e-4489-4216-a524-5349ec36c68b	4	4182970	6419679	1867	0.0109
5beccc1e-4489-4216-a524-5349ec36c68b	4	6420624	6421471	6	-1.6174
5beccc1e-4489-4216-a524-5349ec36c68b	4	6421825	9447575	1628	0.0248
5beccc1e-4489-4216-a524-5349ec36c68b	4	9449621	9572447	32	0.5367
5beccc1e-4489-4216-a524-5349ec36c68b	4	9575821	9858139	135	-0.0282
5beccc1e-4489-4216-a524-5349ec36c68b	4	9858273	9858352	3	-1.3222
5beccc1e-4489-4216-a524-5349ec36c68b	4	9862603	10208766	378	0.0473
5beccc1e-4489-4216-a524-5349ec36c68b	4	10221792	10229874	28	1.8332
5beccc1e-4489-4216-a524-5349ec36c68b	4	10232590	10234518	8	0.6984
5beccc1e-4489-4216-a524-5349ec36c68b	4	10236812	10389091	168	0.0185
5beccc1e-4489-4216-a524-5349ec36c68b	4	10390730	10399044	16	-0.5784
5beccc1e-4489-4216-a524-5349ec36c68b	4	10401094	34785333	16749	0.0146
5beccc1e-4489-4216-a524-5349ec36c68b	4	34785368	34822561	35	0.7031
5beccc1e-4489-4216-a524-5349ec36c68b	4	34823103	161016700	75117	0.0171
5beccc1e-4489-4216-a524-5349ec36c68b	4	161017676	161081425	48	0.6342
5beccc1e-4489-4216-a524-5349ec36c68b	4	161082067	172068073	6955	0.0204
5beccc1e-4489-4216-a524-5349ec36c68b	4	172068149	172068354	7	-1.649
5beccc1e-4489-4216-a524-5349ec36c68b	4	172068368	185028807	8694	0.018
5beccc1e-4489-4216-a524-5349ec36c68b	4	185030816	185032315	2	-2.7379
5beccc1e-4489-4216-a524-5349ec36c68b	4	185035885	189864410	3295	0.0119
5beccc1e-4489-4216-a524-5349ec36c68b	4	189870388	190106768	59	0.4025
5beccc1e-4489-4216-a524-5349ec36c68b	5	15532	1671163	764	0.036
5beccc1e-4489-4216-a524-5349ec36c68b	5	1673490	1674823	4	-1.5666
5beccc1e-4489-4216-a524-5349ec36c68b	5	1674857	7169363	4925	0.0185
5beccc1e-4489-4216-a524-5349ec36c68b	5	7177225	7189812	26	-1.0494
5beccc1e-4489-4216-a524-5349ec36c68b	5	7202522	12800777	4433	0.0203
5beccc1e-4489-4216-a524-5349ec36c68b	5	12815668	12838421	14	-0.9345
5beccc1e-4489-4216-a524-5349ec36c68b	5	12849089	15719113	1968	0.0034
5beccc1e-4489-4216-a524-5349ec36c68b	5	15719241	15720488	10	-5.1225
5beccc1e-4489-4216-a524-5349ec36c68b	5	15723237	46271006	18434	0.0184
5beccc1e-4489-4216-a524-5349ec36c68b	5	46271828	46273400	6	-1.8997
5beccc1e-4489-4216-a524-5349ec36c68b	5	46278110	181363319	81995	0.0137
5beccc1e-4489-4216-a524-5349ec36c68b	6	149661	294725	123	0.0294
5beccc1e-4489-4216-a524-5349ec36c68b	6	294837	381149	76	-0.2905
5beccc1e-4489-4216-a524-5349ec36c68b	6	382559	29873174	21410	0.018
5beccc1e-4489-4216-a524-5349ec36c68b	6	29873244	29913249	19	0.5222
5beccc1e-4489-4216-a524-5349ec36c68b	6	29913481	31313046	648	0.0614
5beccc1e-4489-4216-a524-5349ec36c68b	6	31318499	31342147	12	1.1214
5beccc1e-4489-4216-a524-5349ec36c68b	6	31349570	32463515	493	0.0577
5beccc1e-4489-4216-a524-5349ec36c68b	6	32463775	32593518	32	1.0855
5beccc1e-4489-4216-a524-5349ec36c68b	6	32602269	32641650	28	0.2163
5beccc1e-4489-4216-a524-5349ec36c68b	6	32656527	32658841	6	1.4459
5beccc1e-4489-4216-a524-5349ec36c68b	6	32682835	54066353	13676	0.0172
5beccc1e-4489-4216-a524-5349ec36c68b	6	54066432	54067057	6	-1.0128
5beccc1e-4489-4216-a524-5349ec36c68b	6	54070550	65689879	4925	0.0285
5beccc1e-4489-4216-a524-5349ec36c68b	6	65690336	65693944	15	-0.7267
5beccc1e-4489-4216-a524-5349ec36c68b	6	65693959	72153222	4343	0.032
5beccc1e-4489-4216-a524-5349ec36c68b	6	72156821	72157169	2	-1.7179
5beccc1e-4489-4216-a524-5349ec36c68b	6	72158860	73882142	1086	0.017
5beccc1e-4489-4216-a524-5349ec36c68b	6	73882509	73893903	13	0.6209
5beccc1e-4489-4216-a524-5349ec36c68b	6	73894003	78261995	2758	0.0203
5beccc1e-4489-4216-a524-5349ec36c68b	6	78262064	78325468	108	0.6581
5beccc1e-4489-4216-a524-5349ec36c68b	6	78329517	103286954	15435	0.015
5beccc1e-4489-4216-a524-5349ec36c68b	6	103290101	103314186	46	-0.9138
5beccc1e-4489-4216-a524-5349ec36c68b	6	103317795	162538711	38404	0.0164
5beccc1e-4489-4216-a524-5349ec36c68b	6	162539169	162541228	2	-2.1813
5beccc1e-4489-4216-a524-5349ec36c68b	6	162541328	170741917	5657	0.0234
5beccc1e-4489-4216-a524-5349ec36c68b	7	43355	10754365	6568	0.0302
5beccc1e-4489-4216-a524-5349ec36c68b	7	10755366	10760434	8	-1.2784
5beccc1e-4489-4216-a524-5349ec36c68b	7	10761715	57453274	33661	0.0156
5beccc1e-4489-4216-a524-5349ec36c68b	7	57453327	63005615	348	0.1833
5beccc1e-4489-4216-a524-5349ec36c68b	7	63005790	97777749	19630	0.019
5beccc1e-4489-4216-a524-5349ec36c68b	7	97788295	97788298	2	-1.8986
5beccc1e-4489-4216-a524-5349ec36c68b	7	97791337	134053360	21285	0.0219
5beccc1e-4489-4216-a524-5349ec36c68b	7	134054837	134121491	73	0.4374
5beccc1e-4489-4216-a524-5349ec36c68b	7	134124039	135886540	1250	0.0246
5beccc1e-4489-4216-a524-5349ec36c68b	7	135887005	135888034	2	1.4543
5beccc1e-4489-4216-a524-5349ec36c68b	7	135888492	142070732	3930	0.0224
5beccc1e-4489-4216-a524-5349ec36c68b	7	142070827	142099190	28	0.4888
5beccc1e-4489-4216-a524-5349ec36c68b	7	142099360	159334314	10842	0.0266
5beccc1e-4489-4216-a524-5349ec36c68b	8	81254	208062	4	0.719
5beccc1e-4489-4216-a524-5349ec36c68b	8	212672	644973	320	0.0424
5beccc1e-4489-4216-a524-5349ec36c68b	8	645220	645875	6	1.0621
5beccc1e-4489-4216-a524-5349ec36c68b	8	645892	645908	2	3.5873
5beccc1e-4489-4216-a524-5349ec36c68b	8	656117	6415923	6613	0.0113
5beccc1e-4489-4216-a524-5349ec36c68b	8	6416121	6418232	2	-2.2919
5beccc1e-4489-4216-a524-5349ec36c68b	8	6421387	12374907	4059	0.0163
5beccc1e-4489-4216-a524-5349ec36c68b	8	12376131	12728752	84	0.3402
5beccc1e-4489-4216-a524-5349ec36c68b	8	12728922	15543669	2675	0.0165
5beccc1e-4489-4216-a524-5349ec36c68b	8	15545551	15555938	9	-1.1266
5beccc1e-4489-4216-a524-5349ec36c68b	8	15565761	18994154	3106	0.0204
5beccc1e-4489-4216-a524-5349ec36c68b	8	18994251	19001036	21	-1.0442
5beccc1e-4489-4216-a524-5349ec36c68b	8	19001217	25122039	4536	0.0138
5beccc1e-4489-4216-a524-5349ec36c68b	8	25122389	25126554	8	-1.305
5beccc1e-4489-4216-a524-5349ec36c68b	8	25126626	26214831	870	-0.0008
5beccc1e-4489-4216-a524-5349ec36c68b	8	26217330	26218055	2	-2.0434
5beccc1e-4489-4216-a524-5349ec36c68b	8	26219344	40914477	9257	0.0153
5beccc1e-4489-4216-a524-5349ec36c68b	8	40920333	40920952	2	-1.666
5beccc1e-4489-4216-a524-5349ec36c68b	8	40926161	50118212	3500	0.0252
5beccc1e-4489-4216-a524-5349ec36c68b	8	50119451	50119827	8	-1.6059
5beccc1e-4489-4216-a524-5349ec36c68b	8	50126018	57461716	4783	0.0116
5beccc1e-4489-4216-a524-5349ec36c68b	8	57461738	57478724	14	0.64
5beccc1e-4489-4216-a524-5349ec36c68b	8	57479052	84339430	16430	0.0141
5beccc1e-4489-4216-a524-5349ec36c68b	8	84339806	84358457	25	-0.5506
5beccc1e-4489-4216-a524-5349ec36c68b	8	84358566	111282852	16075	0.0191
5beccc1e-4489-4216-a524-5349ec36c68b	8	111282973	111283031	3	-2.4991
5beccc1e-4489-4216-a524-5349ec36c68b	8	111288052	145072769	22864	0.021
5beccc1e-4489-4216-a524-5349ec36c68b	9	46587	23361807	20369	0.0126
5beccc1e-4489-4216-a524-5349ec36c68b	9	23363117	23373486	8	-1.7587
5beccc1e-4489-4216-a524-5349ec36c68b	9	23378490	39547492	10719	0.0244
5beccc1e-4489-4216-a524-5349ec36c68b	9	39588611	61405110	199	0.2639
5beccc1e-4489-4216-a524-5349ec36c68b	9	61520021	61665362	31	0.7898
5beccc1e-4489-4216-a524-5349ec36c68b	9	61668104	68412579	186	0.2444
5beccc1e-4489-4216-a524-5349ec36c68b	9	68420536	77153394	6464	0.0147
5beccc1e-4489-4216-a524-5349ec36c68b	9	77153789	77171212	32	0.4872
5beccc1e-4489-4216-a524-5349ec36c68b	9	77171226	103485917	18010	0.0132
5beccc1e-4489-4216-a524-5349ec36c68b	9	103491176	103493403	2	-2.1209
5beccc1e-4489-4216-a524-5349ec36c68b	9	103493574	110219535	5285	-0.001
5beccc1e-4489-4216-a524-5349ec36c68b	9	110219729	110220784	2	-1.6534
5beccc1e-4489-4216-a524-5349ec36c68b	9	110221127	116099821	4303	0.0073
5beccc1e-4489-4216-a524-5349ec36c68b	9	116100416	116103702	7	-1.1533
5beccc1e-4489-4216-a524-5349ec36c68b	9	116105389	119229646	2604	0.0072
5beccc1e-4489-4216-a524-5349ec36c68b	9	119230271	119230408	2	-2.0955
5beccc1e-4489-4216-a524-5349ec36c68b	9	119231230	138200944	11076	0.0187
5beccc1e-4489-4216-a524-5349ec36c68b	10	45792	711056	386	0.0313
5beccc1e-4489-4216-a524-5349ec36c68b	10	713336	720927	5	-1.4818
5beccc1e-4489-4216-a524-5349ec36c68b	10	720969	65548951	43925	0.0165
5beccc1e-4489-4216-a524-5349ec36c68b	10	65548979	65554688	21	-0.5607
5beccc1e-4489-4216-a524-5349ec36c68b	10	65563037	122693422	38287	0.0114
5beccc1e-4489-4216-a524-5349ec36c68b	10	122695830	122696008	2	-2.4296
5beccc1e-4489-4216-a524-5349ec36c68b	10	122696068	133654968	7841	0.0101
5beccc1e-4489-4216-a524-5349ec36c68b	11	198510	4217824	1733	0.0387
5beccc1e-4489-4216-a524-5349ec36c68b	11	4228783	4306942	24	-0.5473
5beccc1e-4489-4216-a524-5349ec36c68b	11	4314648	4946000	654	0.0159
5beccc1e-4489-4216-a524-5349ec36c68b	11	4946021	4955027	32	0.7457
5beccc1e-4489-4216-a524-5349ec36c68b	11	4955042	5766862	784	0.0313
5beccc1e-4489-4216-a524-5349ec36c68b	11	5768371	5788108	31	0.7364
5beccc1e-4489-4216-a524-5349ec36c68b	11	5788231	86174642	48608	0.0175
5beccc1e-4489-4216-a524-5349ec36c68b	11	86174680	86187779	19	-0.9439
5beccc1e-4489-4216-a524-5349ec36c68b	11	86188770	105087726	13420	0.0174
5beccc1e-4489-4216-a524-5349ec36c68b	11	105087844	105089212	2	-1.7802
5beccc1e-4489-4216-a524-5349ec36c68b	11	105089725	107359993	1437	0.0238
5beccc1e-4489-4216-a524-5349ec36c68b	11	107367930	107368402	7	-0.7882
5beccc1e-4489-4216-a524-5349ec36c68b	11	107381636	118635643	7726	0.0138
5beccc1e-4489-4216-a524-5349ec36c68b	11	118635839	118636033	2	-2.1576
5beccc1e-4489-4216-a524-5349ec36c68b	11	118640495	135074876	12158	0.011
5beccc1e-4489-4216-a524-5349ec36c68b	12	51460	8194209	5532	0.0155
5beccc1e-4489-4216-a524-5349ec36c68b	12	8204911	8444196	83	0.39
5beccc1e-4489-4216-a524-5349ec36c68b	12	8447767	9477960	553	0.0129
5beccc1e-4489-4216-a524-5349ec36c68b	12	9481274	9575696	24	-1.387
5beccc1e-4489-4216-a524-5349ec36c68b	12	9582373	11062773	1031	0.0257
5beccc1e-4489-4216-a524-5349ec36c68b	12	11064250	11088689	11	0.9078
5beccc1e-4489-4216-a524-5349ec36c68b	12	11088933	11351157	132	-0.0364
5beccc1e-4489-4216-a524-5349ec36c68b	12	11358643	11390472	31	-0.7767
5beccc1e-4489-4216-a524-5349ec36c68b	12	11399258	33141710	15331	0.0152
5beccc1e-4489-4216-a524-5349ec36c68b	12	33141726	33154440	28	-0.7163
5beccc1e-4489-4216-a524-5349ec36c68b	12	33155426	33838217	462	0.0056
5beccc1e-4489-4216-a524-5349ec36c68b	12	33841874	38207094	515	0.1334
5beccc1e-4489-4216-a524-5349ec36c68b	12	38213562	90089573	31783	0.0148
5beccc1e-4489-4216-a524-5349ec36c68b	12	90097892	90099780	8	-1.2914
5beccc1e-4489-4216-a524-5349ec36c68b	12	90099836	125505078	23184	0.0069
5beccc1e-4489-4216-a524-5349ec36c68b	12	125505327	125516076	10	-0.9325
5beccc1e-4489-4216-a524-5349ec36c68b	12	125516321	133201603	5940	0.0175
5beccc1e-4489-4216-a524-5349ec36c68b	13	18452809	18713520	52	0.3465
5beccc1e-4489-4216-a524-5349ec36c68b	13	18718335	37502130	13402	0.019
5beccc1e-4489-4216-a524-5349ec36c68b	13	37502150	37510620	11	0.9605
5beccc1e-4489-4216-a524-5349ec36c68b	13	37514193	114342922	50537	0.0184
5beccc1e-4489-4216-a524-5349ec36c68b	14	18239283	19957350	169	0.3909
5beccc1e-4489-4216-a524-5349ec36c68b	14	19957701	20263706	209	0.0103
5beccc1e-4489-4216-a524-5349ec36c68b	14	20264387	20279036	3	-1.4789
5beccc1e-4489-4216-a524-5349ec36c68b	14	20286644	38549821	11753	0.0158
5beccc1e-4489-4216-a524-5349ec36c68b	14	38552318	38555791	2	-1.8725
5beccc1e-4489-4216-a524-5349ec36c68b	14	38556626	41160039	1597	0.0161
5beccc1e-4489-4216-a524-5349ec36c68b	14	41164182	41184774	6	-0.954
5beccc1e-4489-4216-a524-5349ec36c68b	14	41188046	51066558	5784	0.0218
5beccc1e-4489-4216-a524-5349ec36c68b	14	51067512	51070845	2	-1.6123
5beccc1e-4489-4216-a524-5349ec36c68b	14	51073267	63340314	8232	0.0069
5beccc1e-4489-4216-a524-5349ec36c68b	14	63341771	63385459	27	-0.4274
5beccc1e-4489-4216-a524-5349ec36c68b	14	63386472	73534419	6377	0.0088
5beccc1e-4489-4216-a524-5349ec36c68b	14	73540003	73550817	6	-1.2752
5beccc1e-4489-4216-a524-5349ec36c68b	14	73550834	105612687	20612	0.0179
5beccc1e-4489-4216-a524-5349ec36c68b	14	105613310	106150166	149	0.1876
5beccc1e-4489-4216-a524-5349ec36c68b	14	106154301	106834164	335	0.0578
5beccc1e-4489-4216-a524-5349ec36c68b	14	106838630	106877229	21	0.5523
5beccc1e-4489-4216-a524-5349ec36c68b	15	19811075	20235285	63	0.3009
5beccc1e-4489-4216-a524-5349ec36c68b	15	20240885	20538669	71	0.7522
5beccc1e-4489-4216-a524-5349ec36c68b	15	20614765	21997003	43	0.3738
5beccc1e-4489-4216-a524-5349ec36c68b	15	21999319	22003073	2	3.0026
5beccc1e-4489-4216-a524-5349ec36c68b	15	22005276	22413894	30	0.7603
5beccc1e-4489-4216-a524-5349ec36c68b	15	22455811	24429740	989	0.0266
5beccc1e-4489-4216-a524-5349ec36c68b	15	24429986	24461771	21	-0.5844
5beccc1e-4489-4216-a524-5349ec36c68b	15	24462170	25176460	470	0.0243
5beccc1e-4489-4216-a524-5349ec36c68b	15	25180191	25185096	6	-1.1768
5beccc1e-4489-4216-a524-5349ec36c68b	15	25188158	34434988	5718	0.0218
5beccc1e-4489-4216-a524-5349ec36c68b	15	34435421	34520918	57	-0.9027
5beccc1e-4489-4216-a524-5349ec36c68b	15	34522159	38944046	3078	0.0005
5beccc1e-4489-4216-a524-5349ec36c68b	15	38944169	38944967	3	-1.2498
5beccc1e-4489-4216-a524-5349ec36c68b	15	38946618	39761429	685	0.0167
5beccc1e-4489-4216-a524-5349ec36c68b	15	39765891	39766292	2	-2.2441
5beccc1e-4489-4216-a524-5349ec36c68b	15	39766674	84542603	27207	0.0116
5beccc1e-4489-4216-a524-5349ec36c68b	15	84546390	85183483	371	-1.0188
5beccc1e-4489-4216-a524-5349ec36c68b	15	85236347	101928837	12586	0.013
5beccc1e-4489-4216-a524-5349ec36c68b	16	10777	22547676	14743	0.0192
5beccc1e-4489-4216-a524-5349ec36c68b	16	22547736	22693199	69	-0.4123
5beccc1e-4489-4216-a524-5349ec36c68b	16	22699421	31960199	5093	0.0185
5beccc1e-4489-4216-a524-5349ec36c68b	16	31963848	35089050	124	0.2318
5beccc1e-4489-4216-a524-5349ec36c68b	16	35092010	35214946	90	0.0666
5beccc1e-4489-4216-a524-5349ec36c68b	16	35215237	35505200	166	0.5249
5beccc1e-4489-4216-a524-5349ec36c68b	16	35505641	55762682	6591	0.0099
5beccc1e-4489-4216-a524-5349ec36c68b	16	55764310	55764867	3	2.8784
5beccc1e-4489-4216-a524-5349ec36c68b	16	55770436	78337711	14271	0.0188
5beccc1e-4489-4216-a524-5349ec36c68b	16	78338543	78345778	13	-2.0072
5beccc1e-4489-4216-a524-5349ec36c68b	16	78349243	90096867	10597	0.0264
5beccc1e-4489-4216-a524-5349ec36c68b	17	150733	41266825	20767	0.0248
5beccc1e-4489-4216-a524-5349ec36c68b	17	41266838	41274279	20	1.1006
5beccc1e-4489-4216-a524-5349ec36c68b	17	41276472	46076156	2490	0.0254
5beccc1e-4489-4216-a524-5349ec36c68b	17	46078715	46130967	40	-0.4129
5beccc1e-4489-4216-a524-5349ec36c68b	17	46131308	83091923	21620	0.0192
5beccc1e-4489-4216-a524-5349ec36c68b	18	48133	14770149	10209	0.0067
5beccc1e-4489-4216-a524-5349ec36c68b	18	14770212	15402409	177	0.2051
5beccc1e-4489-4216-a524-5349ec36c68b	18	20949392	66054343	29831	0.0115
5beccc1e-4489-4216-a524-5349ec36c68b	18	66060256	66065502	13	-1.1999
5beccc1e-4489-4216-a524-5349ec36c68b	18	66065527	66239612	146	0.0492
5beccc1e-4489-4216-a524-5349ec36c68b	18	66239629	66244639	12	-0.8264
5beccc1e-4489-4216-a524-5349ec36c68b	18	66244905	80257174	10233	0.0177
5beccc1e-4489-4216-a524-5349ec36c68b	19	90910	36267995	17132	0.0286
5beccc1e-4489-4216-a524-5349ec36c68b	19	36314803	36315613	2	-1.7666
5beccc1e-4489-4216-a524-5349ec36c68b	19	36316398	53013829	8541	0.0341
5beccc1e-4489-4216-a524-5349ec36c68b	19	53015494	53051455	26	0.6375
5beccc1e-4489-4216-a524-5349ec36c68b	19	53053571	55760777	1526	0.0789
5beccc1e-4489-4216-a524-5349ec36c68b	19	55761691	55771701	7	-0.8626
5beccc1e-4489-4216-a524-5349ec36c68b	19	55774927	57795567	1405	0.0256
5beccc1e-4489-4216-a524-5349ec36c68b	19	57795906	57797246	2	-1.7682
5beccc1e-4489-4216-a524-5349ec36c68b	19	57797273	58586487	428	0.0507
5beccc1e-4489-4216-a524-5349ec36c68b	20	80664	1601561	1239	0.0414
5beccc1e-4489-4216-a524-5349ec36c68b	20	1609611	1613247	5	-1.4735
5beccc1e-4489-4216-a524-5349ec36c68b	20	1617300	12390217	8215	0.0113
5beccc1e-4489-4216-a524-5349ec36c68b	20	12395521	12396374	2	-2.074
5beccc1e-4489-4216-a524-5349ec36c68b	20	12396763	14889257	1768	0.0151
5beccc1e-4489-4216-a524-5349ec36c68b	20	14895244	14943613	78	-1.1472
5beccc1e-4489-4216-a524-5349ec36c68b	20	14952250	64324800	30981	0.016
5beccc1e-4489-4216-a524-5349ec36c68b	21	10354168	10756733	86	0.9707
5beccc1e-4489-4216-a524-5349ec36c68b	21	10775586	46677045	23720	0.0205
5beccc1e-4489-4216-a524-5349ec36c68b	22	15294547	50796027	23233	0.0242
5beccc1e-4489-4216-a524-5349ec36c68b	X	251810	24577297	14921	0.0086
5beccc1e-4489-4216-a524-5349ec36c68b	X	24577524	24577630	3	-2.3909
5beccc1e-4489-4216-a524-5349ec36c68b	X	24579832	103999203	38718	0.0148
5beccc1e-4489-4216-a524-5349ec36c68b	X	104003417	104090208	66	0.6071
5beccc1e-4489-4216-a524-5349ec36c68b	X	104090368	155952689	29728	0.0121
5beccc1e-4489-4216-a524-5349ec36c68b	Y	2782397	6233384	782	-2.2704
5beccc1e-4489-4216-a524-5349ec36c68b	Y	6249869	7759870	550	-2.6798
5beccc1e-4489-4216-a524-5349ec36c68b	Y	7760443	9326090	890	-3.0312
5beccc1e-4489-4216-a524-5349ec36c68b	Y	9326723	9554275	29	-4.3225
5beccc1e-4489-4216-a524-5349ec36c68b	Y	9554586	9588003	22	-2.9611
5beccc1e-4489-4216-a524-5349ec36c68b	Y	9590178	25971733	4193	-2.7472
5beccc1e-4489-4216-a524-5349ec36c68b	Y	26077669	56872112	171	-2.2364
